# Arp 256 N      
# 
# An Atlas of Galaxy Spectral Energy Distributions from the Ultraviolet to the Mid-Infrared
# Brown et al. (2014)
# http://dx.doi.org/10.5072/03/529D3551F0117
# http://dx.doi.org/10.17909/t9-5bxk-dh29
# 
# The Spectral Energy Distributions of Active Galactic Nuclei
# Brown et al. (2019)
# http://dx.doi.org/10.17909/t9-3dbt-8734
# 
# Column 1: Observed wavelength (um)
# Column 2: f_nu (Jy)
# Column 3: f_lam (erg/s/cm2/A)
# Column 4: Source (0 = model, 1 = Optical Spectrun, 2 = Akari, 3 = Spitzer IRS)
# 
    0.010280 4.934125e-14 1.400700e-22 0 
    0.010471 6.655625e-14 1.821100e-22 0 
    0.010691 8.227133e-14 2.159400e-22 0 
    0.010889 1.045197e-13 2.644500e-22 0 
    0.011092 1.349707e-13 3.291100e-22 0 
    0.011298 2.139072e-13 5.027400e-22 0 
    0.011722 3.260032e-13 7.117700e-22 0 
    0.012134 4.658285e-13 9.491600e-22 0 
    0.012417 1.528456e-12 2.974000e-21 0 
    0.012853 2.158884e-12 3.920500e-21 0 
    0.013032 2.507472e-12 4.429300e-21 0 
    0.013152 2.736524e-12 4.746100e-21 0 
    0.013459 3.374785e-12 5.589100e-21 0 
    0.013552 3.946599e-12 6.446700e-21 0 
    0.013772 4.520800e-12 7.150600e-21 0 
    0.014060 6.014326e-12 9.127200e-21 0 
    0.014388 7.315204e-12 1.060100e-20 0 
    0.014689 1.503822e-11 2.090900e-20 0 
    0.015101 3.056575e-11 4.021100e-20 0 
    0.015524 3.812615e-11 4.746100e-20 0 
    0.015922 4.755681e-11 5.627800e-20 0 
    0.016331 5.918908e-11 6.657900e-20 0 
    0.016634 6.921676e-11 7.504800e-20 0 
    0.017061 8.555163e-11 8.817400e-20 0 
    0.017458 1.033210e-10 1.017000e-19 0 
    0.017783 1.194631e-10 1.133300e-19 0 
    0.018197 1.432913e-10 1.298200e-19 0 
    0.018493 1.630157e-10 1.430000e-19 0 
    0.018707 1.783355e-10 1.528800e-19 0 
    0.019099 2.104977e-10 1.731200e-19 0 
    0.019634 2.583709e-10 2.010700e-19 0 
    0.019907 2.905589e-10 2.199600e-19 0 
    0.020324 3.382452e-10 2.456600e-19 0 
    0.020749 3.937402e-10 2.743700e-19 0 
    0.021038 4.377584e-10 2.967200e-19 0 
    0.021577 5.048919e-10 3.253400e-19 0 
    0.022182 6.385874e-10 3.893500e-19 0 
    0.022594 7.281272e-10 4.279000e-19 0 
    0.022909 7.947559e-10 4.543000e-19 0 
    0.023335 9.062303e-10 4.992800e-19 0 
    0.023605 1.439553e-09 7.750700e-19 0 
    0.024044 2.577617e-09 1.337600e-18 0 
    0.024660 3.533557e-09 1.743200e-18 0 
    0.025293 3.786383e-09 1.775600e-18 0 
    0.025882 4.387477e-09 1.964900e-18 0 
    0.026424 4.038549e-09 1.735200e-18 0 
    0.026730 4.889036e-09 2.052800e-18 0 
    0.027102 5.410218e-09 2.209700e-18 0 
    0.027606 5.837365e-09 2.297900e-18 0 
    0.028119 6.269287e-09 2.378700e-18 0 
    0.028642 6.733276e-09 2.462300e-18 0 
    0.029174 7.231135e-09 2.548800e-18 0 
    0.029785 7.502596e-09 2.537100e-18 0 
    0.030409 8.264725e-09 2.681300e-18 0 
    0.030903 8.594640e-09 2.699900e-18 0 
    0.031623 9.489135e-09 2.846700e-18 0 
    0.032659 1.086983e-08 3.057300e-18 0 
    0.033729 1.211213e-08 3.194000e-18 0 
    0.034754 1.331161e-08 3.306300e-18 0 
    0.035727 1.449458e-08 3.406700e-18 0 
    0.036644 1.567565e-08 3.502200e-18 0 
    0.037584 1.699118e-08 3.608600e-18 0 
    0.038548 1.824844e-08 3.684200e-18 0 
    0.039537 1.902071e-08 3.650400e-18 0 
    0.040551 2.095164e-08 3.822400e-18 0 
    0.041591 2.250196e-08 3.902500e-18 0 
    0.042560 2.383560e-08 3.947700e-18 0 
    0.043351 2.484384e-08 3.965900e-18 0 
    0.044157 2.589519e-08 3.984200e-18 0 
    0.045290 2.768346e-08 4.048900e-18 0 
    0.046345 2.912211e-08 4.067600e-18 0 
    0.047206 3.028404e-08 4.077000e-18 0 
    0.048306 3.193198e-08 4.105300e-18 0 
    0.049317 3.358984e-08 4.143200e-18 0 
    0.050350 3.501173e-08 4.143200e-18 0 
    0.051404 3.708656e-08 4.210600e-18 0 
    0.052000 4.287733e-08 4.757100e-18 0 
    0.052602 7.766425e-08 8.420500e-18 0 
    0.053456 8.283448e-08 8.696400e-18 0 
    0.054450 8.958052e-08 9.064400e-18 0 
    0.055463 9.082932e-08 8.858100e-18 0 
    0.056494 1.211202e-07 1.138500e-17 0 
    0.057544 1.452893e-07 1.316300e-17 0 
    0.058614 1.683559e-07 1.470100e-17 0 
    0.059566 1.687362e-07 1.426700e-17 0 
    0.060674 2.104864e-07 1.715300e-17 0 
    0.061659 2.265765e-07 1.787900e-17 0 
    0.062661 2.711572e-07 2.071800e-17 0 
    0.063680 3.207888e-07 2.373200e-17 0 
    0.064714 3.590986e-07 2.572400e-17 0 
    0.065766 3.803840e-07 2.638400e-17 0 
    0.066834 4.458743e-07 2.994600e-17 0 
    0.067608 4.877698e-07 3.201400e-17 0 
    0.068391 5.323735e-07 3.414600e-17 0 
    0.069343 5.626370e-07 3.510300e-17 0 
    0.070307 5.823930e-07 3.534600e-17 0 
    0.071450 7.572228e-07 4.449800e-17 0 
    0.072444 7.572182e-07 4.328500e-17 0 
    0.073621 9.358804e-07 5.180100e-17 0 
    0.074645 1.009773e-06 5.436800e-17 0 
    0.075509 1.079486e-06 5.679900e-17 0 
    0.076560 1.253780e-06 6.417100e-17 0 
    0.077625 1.377903e-06 6.860200e-17 0 
    0.078524 1.507386e-06 7.334000e-17 0 
    0.079616 1.691294e-06 8.004600e-17 0 
    0.080724 1.884619e-06 8.676400e-17 0 
    0.081658 2.024036e-06 9.106300e-17 0 
    0.082604 2.173805e-06 9.557400e-17 0 
    0.083753 2.329280e-06 9.961900e-17 0 
    0.084723 2.619487e-06 1.094800e-16 0 
    0.085704 2.323915e-06 9.491600e-17 0 
    0.086896 2.945864e-06 1.170400e-16 0 
    0.087902 3.141959e-06 1.219900e-16 0 
    0.088920 3.461055e-06 1.313200e-16 0 
    0.089950 3.812481e-06 1.413600e-16 0 
    0.090991 4.238481e-06 1.535800e-16 0 
    0.092045 4.583787e-06 1.623100e-16 0 
    0.092897 4.744980e-06 1.649500e-16 0 
    0.093972 7.554695e-06 2.566500e-16 0 
    0.095060 5.410094e-05 1.796100e-15 0 
    0.096161 1.262454e-04 4.095800e-15 0 
    0.097051 2.583572e-04 8.228900e-15 0 
    0.098175 3.734532e-04 1.162400e-14 0 
    0.099083 4.520932e-04 1.381500e-14 0 
    0.100231 8.418426e-05 2.513900e-15 0 
    0.101158 4.458834e-04 1.307200e-14 0 
    0.102329 4.604895e-04 1.319300e-14 0 
    0.103276 6.341963e-04 1.783800e-14 0 
    0.104232 6.056490e-04 1.672400e-14 0 
    0.105196 2.495833e-04 6.766100e-15 0 
    0.106414 4.636776e-04 1.228400e-14 0 
    0.107399 8.535179e-04 2.219900e-14 0 
    0.108393 8.515707e-04 2.174400e-14 0 
    0.109396 7.148577e-04 1.792000e-14 0 
    0.110408 8.495972e-04 2.090900e-14 0 
    0.111429 7.099297e-04 1.715300e-14 0 
    0.112461 9.166891e-04 2.174400e-14 0 
    0.113501 8.794438e-04 2.048000e-14 0 
    0.114551 8.693718e-04 1.987600e-14 0 
    0.115611 7.965633e-04 1.787900e-14 0 
    0.116681 9.936285e-04 2.189500e-14 0 
    0.117490 9.209042e-04 2.001400e-14 0 
    0.118577 9.845166e-04 2.100600e-14 0 
    0.119674 1.033275e-03 2.164400e-14 0 
    0.120781 7.572171e-04 1.557200e-14 0 
    0.121619 1.047659e-03 2.124900e-14 0 
    0.122744 8.076428e-04 1.608200e-14 0 
    0.123880 6.056656e-04 1.184000e-14 0 
    0.124738 3.566305e-04 6.876100e-15 0 
    0.125893 7.874336e-04 1.490500e-14 0 
    0.126765 1.132944e-03 2.115100e-14 0 
    0.127938 1.233721e-03 2.261200e-14 0 
    0.128825 1.202869e-03 2.174400e-14 0 
    0.130017 1.102112e-03 1.955900e-14 0 
    0.130918 1.324999e-03 2.319200e-14 0 
    0.132130 1.377928e-03 2.367800e-14 0 
    0.133045 1.146079e-03 1.942400e-14 0 
    0.133968 1.178189e-03 1.969400e-14 0 
    0.135207 1.416528e-03 2.324600e-14 0 
    0.136144 1.365240e-03 2.209700e-14 0 
    0.137088 1.259578e-03 2.010700e-14 0 
    0.138038 1.442806e-03 2.271600e-14 0 
    0.139316 1.436198e-03 2.219900e-14 0 
    0.140281 1.334154e-03 2.033900e-14 0 
    0.141254 1.384251e-03 2.081300e-14 0 
    0.142233 1.416520e-03 2.100600e-14 0 
    0.143219 1.233709e-03 1.804400e-14 0 
    0.144212 1.309871e-03 1.889500e-14 0 
    0.145211 1.381078e-03 1.964900e-14 0 
    0.146555 1.416499e-03 1.978500e-14 0 
    0.147571 1.446151e-03 1.992200e-14 0 
    0.148252 1.510813e-03 2.062200e-14 0 
    0.148594 1.517791e-03 2.062200e-14 0 
    0.149624 1.503907e-03 2.015300e-14 0 
    0.150661 1.429642e-03 1.889500e-14 0 
    0.151356 1.442862e-03 1.889500e-14 0 
    0.152405 1.462932e-03 1.889500e-14 0 
    0.153462 1.490124e-03 1.898200e-14 0 
    0.154525 1.426311e-03 1.792000e-14 0 
    0.155239 1.300792e-03 1.619300e-14 0 
    0.155955 1.381082e-03 1.703500e-14 0 
    0.156675 1.390673e-03 1.699600e-14 0 
    0.157761 1.247994e-03 1.504300e-14 0 
    0.158855 1.325001e-03 1.575200e-14 0 
    0.159588 1.280038e-03 1.507800e-14 0 
    0.160694 1.343462e-03 1.560800e-14 0 
    0.161808 1.436248e-03 1.645700e-14 0 
    0.162930 1.490126e-03 1.684000e-14 0 
    0.163682 1.524810e-03 1.707400e-14 0 
    0.164816 1.521292e-03 1.680100e-14 0 
    0.165959 1.542466e-03 1.680100e-14 0 
    0.167109 1.507321e-03 1.619300e-14 0 
    0.167880 1.596700e-03 1.699600e-14 0 
    0.169044 1.622633e-03 1.703500e-14 0 
    0.169824 1.556697e-03 1.619300e-14 0 
    0.171002 1.679642e-03 1.723200e-14 0 
    0.171791 1.589328e-03 1.615600e-14 0 
    0.172187 1.706955e-03 1.727200e-14 0 
    0.172982 1.750781e-03 1.755300e-14 0 
    0.174181 1.691299e-03 1.672400e-14 0 
    0.174985 1.645199e-03 1.611900e-14 0 
    0.176198 1.589335e-03 1.535800e-14 0 
    0.177011 1.592964e-03 1.525200e-14 0 
    0.178238 1.695182e-03 1.600800e-14 0 
    0.179061 1.664275e-03 1.557200e-14 0 
    0.180302 1.762845e-03 1.626800e-14 0 
    0.181134 1.671973e-03 1.528800e-14 0 
    0.182390 1.703003e-03 1.535800e-14 0 
    0.183231 1.742694e-03 1.557200e-14 0 
    0.184502 1.837419e-03 1.619300e-14 0 
    0.185353 1.854408e-03 1.619300e-14 0 
    0.186638 1.734720e-03 1.494000e-14 0 
    0.187499 1.799746e-03 1.535800e-14 0 
    0.188365 1.754791e-03 1.483700e-14 0 
    0.189671 1.648978e-03 1.375100e-14 0 
    0.190546 1.648978e-03 1.362500e-14 0 
    0.191426 1.706996e-03 1.397500e-14 0 
    0.192753 1.845921e-03 1.490500e-14 0 
    0.193642 1.706999e-03 1.365700e-14 0 
    0.194536 1.633863e-03 1.295200e-14 0 
    0.195884 1.775021e-03 1.387800e-14 0 
    0.196789 1.706909e-03 1.322300e-14 0 
    0.197697 1.679705e-03 1.289300e-14 0 
    0.198610 1.766915e-03 1.343800e-14 0 
    0.199986 1.845875e-03 1.384600e-14 0 
    0.200909 1.730692e-03 1.286300e-14 0 
    0.201837 1.884548e-03 1.387800e-14 0 
    0.202768 1.959808e-03 1.430000e-14 0 
    0.203704 1.867289e-03 1.350000e-14 0 
    0.205116 1.846004e-03 1.316300e-14 0 
    0.206063 1.915176e-03 1.353100e-14 0 
    0.207014 1.888896e-03 1.322300e-14 0 
    0.207970 1.987119e-03 1.378300e-14 0 
    0.208930 1.880226e-03 1.292200e-14 0 
    0.209894 1.941819e-03 1.322300e-14 0 
    0.211349 1.893345e-03 1.271600e-14 0 
    0.212324 1.937452e-03 1.289300e-14 0 
    0.212814 2.047552e-03 1.356300e-14 0 
    0.213304 1.932932e-03 1.274500e-14 0 
    0.214289 2.023990e-03 1.322300e-14 0 
    0.215278 1.937360e-03 1.254100e-14 0 
    0.216272 1.996296e-03 1.280400e-14 0 
    0.217270 2.024047e-03 1.286300e-14 0 
    0.218273 2.066440e-03 1.301200e-14 0 
    0.219281 2.000942e-03 1.248400e-14 0 
    0.220293 2.000851e-03 1.236900e-14 0 
    0.221309 2.085469e-03 1.277400e-14 0 
    0.222331 2.061605e-03 1.251200e-14 0 
    0.223357 2.061719e-03 1.239800e-14 0 
    0.224388 2.042698e-03 1.217100e-14 0 
    0.225424 2.124277e-03 1.254100e-14 0 
    0.226464 2.095202e-03 1.225600e-14 0 
    0.227510 2.052143e-03 1.189400e-14 0 
    0.228560 2.010183e-03 1.154400e-14 0 
    0.229615 2.104880e-03 1.197700e-14 0 
    0.230675 2.076646e-03 1.170800e-14 0 
    0.231739 2.030151e-03 1.134100e-14 0 
    0.232809 2.083269e-03 1.153100e-14 0 
    0.233884 2.122974e-03 1.164300e-14 0 
    0.234963 2.168555e-03 1.178400e-14 0 
    0.235505 2.080957e-03 1.125600e-14 0 
    0.236592 2.110846e-03 1.131300e-14 0 
    0.237684 2.059007e-03 1.093400e-14 0 
    0.238781 1.733317e-03 9.120100e-15 0 
    0.239883 1.995621e-03 1.040400e-14 0 
    0.240991 1.978285e-03 1.021900e-14 0 
    0.242103 2.072586e-03 1.060800e-14 0 
    0.243220 1.998486e-03 1.013500e-14 0 
    0.243781 2.031487e-03 1.025500e-14 0 
    0.244906 1.963511e-03 9.821000e-15 0 
    0.246037 2.052312e-03 1.017100e-14 0 
    0.247172 2.006592e-03 9.853300e-15 0 
    0.248313 2.044911e-03 9.949400e-15 0 
    0.248886 2.107550e-03 1.020700e-14 0 
    0.250035 2.055888e-03 9.865500e-15 0 
    0.251189 2.143999e-03 1.019400e-14 0 
    0.252348 2.140056e-03 1.008200e-14 0 
    0.253513 2.136253e-03 9.971800e-15 0 
    0.254097 2.092948e-03 9.724800e-15 0 
    0.255270 2.147743e-03 9.887900e-15 0 
    0.256448 2.047392e-03 9.339500e-15 0 
    0.257040 2.204521e-03 1.001000e-14 0 
    0.258226 2.077481e-03 9.346700e-15 0 
    0.258821 2.146082e-03 9.611000e-15 0 
    0.259418 2.083335e-03 9.287100e-15 0 
    0.260615 2.103691e-03 9.291900e-15 0 
    0.261216 2.080153e-03 9.145700e-15 0 
    0.262422 2.184339e-03 9.515700e-15 0 
    0.263633 2.165439e-03 9.346900e-15 0 
    0.264241 2.242119e-03 9.633400e-15 0 
    0.265461 2.248472e-03 9.572100e-15 0 
    0.266686 2.249666e-03 9.489400e-15 0 
    0.267301 2.199035e-03 9.233200e-15 0 
    0.268534 2.200188e-03 9.153400e-15 0 
    0.269774 2.252649e-03 9.285700e-15 0 
    0.270396 2.295121e-03 9.417300e-15 0 
    0.271644 2.415678e-03 9.821100e-15 0 
    0.272898 2.456254e-03 9.894500e-15 0 
    0.273527 2.335563e-03 9.365100e-15 0 
    0.274789 2.407806e-03 9.566300e-15 0 
    0.276058 2.425828e-03 9.549500e-15 0 
    0.276694 2.354921e-03 9.227800e-15 0 
    0.277971 2.400018e-03 9.318300e-15 0 
    0.278612 2.340642e-03 9.046000e-15 0 
    0.279898 2.341930e-03 8.968000e-15 0 
    0.281190 2.425563e-03 9.203100e-15 0 
    0.281838 2.253875e-03 8.512400e-15 0 
    0.283139 2.297072e-03 8.596000e-15 0 
    0.283792 2.351223e-03 8.758200e-15 0 
    0.285102 2.429608e-03 8.967200e-15 0 
    0.286418 2.381128e-03 8.707700e-15 0 
    0.287078 2.137484e-03 7.780800e-15 0 
    0.288403 2.244651e-03 8.096000e-15 0 
    0.289068 2.456227e-03 8.818400e-15 0 
    0.290402 2.509085e-03 8.925600e-15 0 
    0.291072 2.435784e-03 8.625000e-15 0 
    0.292415 2.425991e-03 8.511600e-15 0 
    0.293089 2.387880e-03 8.339400e-15 0 
    0.294442 2.524995e-03 8.737400e-15 0 
    0.295121 2.525738e-03 8.699800e-15 0 
    0.296483 2.538849e-03 8.664800e-15 0 
    0.297167 2.545455e-03 8.647400e-15 0 
    0.299227 2.667749e-03 8.938500e-15 0 
    0.301301 2.633443e-03 8.702500e-15 0 
    0.303389 2.617633e-03 8.531600e-15 0 
    0.304789 2.649496e-03 8.556300e-15 0 
    0.306902 2.670254e-03 8.505000e-15 0 
    0.309030 2.697385e-03 8.473500e-15 0 
    0.311172 2.731099e-03 8.461700e-15 0 
    0.313329 2.746186e-03 8.391700e-15 0 
    0.315501 2.774138e-03 8.360800e-15 0 
    0.317687 2.789501e-03 8.291800e-15 0 
    0.319154 2.804084e-03 8.258700e-15 0 
    0.321366 2.800228e-03 8.134200e-15 0 
    0.323594 2.822297e-03 8.085800e-15 0 
    0.325837 2.851083e-03 8.056200e-15 0 
    0.327341 2.775133e-03 7.769700e-15 0 
    0.329610 2.855602e-03 7.885300e-15 0 
    0.331894 2.812589e-03 7.660000e-15 0 
    0.334195 2.927708e-03 7.864100e-15 0 
    0.335738 2.997826e-03 7.978600e-15 0 
    0.338065 3.007678e-03 7.895000e-15 0 
    0.340408 3.024483e-03 7.830200e-15 0 
    0.341193 3.046442e-03 7.850800e-15 0 
    0.341979 3.132808e-03 8.036300e-15 0 
    0.342768 3.141092e-03 8.020500e-15 0 
    0.343558 3.035431e-03 7.715100e-15 0 
    0.344350 3.064542e-03 7.753300e-15 0 
    0.345144 3.065547e-03 7.720200e-15 0 
    0.345939 3.080722e-03 7.722800e-15 0 
    0.346737 2.882672e-03 7.193100e-15 0 
    0.347536 2.964415e-03 7.363100e-15 0 
    0.348337 3.133895e-03 7.748300e-15 0 
    0.349140 3.178550e-03 7.822600e-15 0 
    0.349945 3.050516e-03 7.473000e-15 0 
    0.350752 3.122630e-03 7.614500e-15 0 
    0.351560 3.240893e-03 7.866600e-15 0 
    0.352371 3.197505e-03 7.725600e-15 0 
    0.353183 3.220741e-03 7.746000e-15 0 
    0.353997 3.020649e-03 7.231400e-15 0 
    0.354813 3.260232e-03 7.769100e-15 0 
    0.355631 3.050665e-03 7.236300e-15 0 
    0.356451 3.108457e-03 7.339500e-15 0 
    0.357273 3.031715e-03 7.125400e-15 0 
    0.358096 3.132127e-03 7.327600e-15 0 
    0.358922 3.125982e-03 7.279600e-15 0 
    0.359749 3.163268e-03 7.332600e-15 0 
    0.360579 3.149797e-03 7.267800e-15 0 
    0.361410 3.107644e-03 7.137600e-15 0 
    0.362243 3.123079e-03 7.140100e-15 0 
    0.363078 3.226520e-03 7.342700e-15 0 
    0.363915 3.356454e-03 7.603300e-15 0 
    0.364754 3.357624e-03 7.571000e-15 0 
    0.365595 3.289900e-03 7.384200e-15 0 
    0.366437 3.375432e-03 7.541400e-15 0 
    0.367282 3.100856e-03 6.896100e-15 0 
    0.368129 3.052339e-03 6.757000e-15 0 
    0.368978 2.983930e-03 6.575200e-15 0 
    0.369828 3.295631e-03 7.228700e-15 0 
    0.370681 3.199553e-03 6.985700e-15 0 
    0.371535 3.237733e-03 7.036600e-15 0 
    0.372392 3.337325e-03 7.219700e-15 0 
    0.373250 3.384904e-03 7.289000e-15 0 
    0.374111 3.449104e-03 7.393100e-15 0 
    0.374973 3.348549e-03 7.144600e-15 0 
    0.374981 2.752221e-03 5.872000e-15 1 
    0.375256 2.806719e-03 5.979500e-15 1 
    0.375531 3.663086e-03 7.792500e-15 1 
    0.375806 3.389947e-03 7.200900e-15 1 
    0.376081 2.657647e-03 5.637100e-15 1 
    0.376356 3.166070e-03 6.705700e-15 1 
    0.376631 2.430284e-03 5.139800e-15 1 
    0.376906 1.919916e-03 4.054500e-15 1 
    0.377181 2.224938e-03 4.691800e-15 1 
    0.377456 2.499689e-03 5.263500e-15 1 
    0.377731 3.500909e-03 7.361000e-15 1 
    0.378006 3.284912e-03 6.896800e-15 1 
    0.378281 2.310246e-03 4.843400e-15 1 
    0.378556 3.502413e-03 7.332100e-15 1 
    0.378831 3.420057e-03 7.149300e-15 1 
    0.379106 3.419898e-03 7.138600e-15 1 
    0.379381 3.894553e-03 8.117600e-15 1 
    0.379656 3.394562e-03 7.065200e-15 1 
    0.379931 3.416611e-03 7.100800e-15 1 
    0.380206 3.026003e-03 6.279900e-15 1 
    0.380481 3.743209e-03 7.757100e-15 1 
    0.380756 3.948640e-03 8.171000e-15 1 
    0.381031 3.247151e-03 6.709700e-15 1 
    0.381306 2.901973e-03 5.987800e-15 1 
    0.381581 3.172761e-03 6.537100e-15 1 
    0.381856 4.067482e-03 8.368500e-15 1 
    0.382131 5.048540e-03 1.037200e-14 1 
    0.382406 8.235918e-03 1.689600e-14 1 
    0.382681 1.290178e-02 2.643000e-14 1 
    0.382956 1.446461e-02 2.958900e-14 1 
    0.383231 1.399046e-02 2.857800e-14 1 
    0.383506 7.693590e-03 1.569300e-14 1 
    0.383781 4.997968e-03 1.018000e-14 1 
    0.384056 3.706650e-03 7.539000e-15 1 
    0.384331 2.618559e-03 5.318300e-15 1 
    0.384606 3.512008e-03 7.122700e-15 1 
    0.384881 3.301696e-03 6.686600e-15 1 
    0.385156 3.736320e-03 7.556000e-15 1 
    0.385431 2.907658e-03 5.871800e-15 1 
    0.385706 2.649777e-03 5.343400e-15 1 
    0.385981 4.368182e-03 8.796100e-15 1 
    0.386256 3.543549e-03 7.125400e-15 1 
    0.386531 3.824500e-03 7.679400e-15 1 
    0.386806 3.637734e-03 7.294000e-15 1 
    0.387081 4.339226e-03 8.688200e-15 1 
    0.387356 2.210358e-03 4.419400e-15 1 
    0.387631 3.347543e-03 6.683600e-15 1 
    0.387906 3.889577e-03 7.754800e-15 1 
    0.388181 4.511694e-03 8.982400e-15 1 
    0.388456 4.354667e-03 8.657500e-15 1 
    0.388731 3.598627e-03 7.144300e-15 1 
    0.389006 5.631333e-03 1.116400e-14 1 
    0.389281 4.116121e-03 8.148600e-15 1 
    0.389556 4.308343e-03 8.517100e-15 1 
    0.389831 4.442335e-03 8.769600e-15 1 
    0.390106 4.173154e-03 8.226600e-15 1 
    0.390381 3.536786e-03 6.962300e-15 1 
    0.390656 5.052174e-03 9.931400e-15 1 
    0.390931 4.416803e-03 8.670200e-15 1 
    0.391206 5.104465e-03 1.000600e-14 1 
    0.391481 4.414221e-03 8.640800e-15 1 
    0.391756 3.761106e-03 7.352000e-15 1 
    0.392031 3.548458e-03 6.926600e-15 1 
    0.392306 5.339956e-03 1.040900e-14 1 
    0.392581 4.928547e-03 9.593600e-15 1 
    0.392856 4.261830e-03 8.284200e-15 1 
    0.393131 3.663294e-03 7.110800e-15 1 
    0.393406 3.974914e-03 7.704900e-15 1 
    0.393681 3.460706e-03 6.698800e-15 1 
    0.393956 4.389559e-03 8.484900e-15 1 
    0.394231 2.370437e-03 4.575600e-15 1 
    0.394506 5.195096e-03 1.001400e-14 1 
    0.394781 4.048569e-03 7.793100e-15 1 
    0.395056 4.552696e-03 8.751300e-15 1 
    0.395331 3.643145e-03 6.993200e-15 1 
    0.395606 4.424058e-03 8.480400e-15 1 
    0.395881 4.111178e-03 7.869700e-15 1 
    0.396156 5.139614e-03 9.824700e-15 1 
    0.396431 4.884771e-03 9.324600e-15 1 
    0.396706 5.226341e-03 9.962800e-15 1 
    0.396981 4.907107e-03 9.341300e-15 1 
    0.397256 5.457150e-03 1.037400e-14 1 
    0.397531 4.483916e-03 8.512100e-15 1 
    0.397806 5.536627e-03 1.049600e-14 1 
    0.398081 3.423500e-03 6.481100e-15 1 
    0.398356 4.679747e-03 8.847100e-15 1 
    0.398631 4.416123e-03 8.337200e-15 1 
    0.398906 4.027002e-03 7.592100e-15 1 
    0.399181 4.571409e-03 8.606600e-15 1 
    0.399456 4.737328e-03 8.906700e-15 1 
    0.399731 4.145459e-03 7.783200e-15 1 
    0.400006 3.993186e-03 7.487000e-15 1 
    0.400281 4.980377e-03 9.325100e-15 1 
    0.400556 4.167348e-03 7.792100e-15 1 
    0.400831 4.989628e-03 9.316800e-15 1 
    0.401106 5.854642e-03 1.091700e-14 1 
    0.401381 5.711770e-03 1.063600e-14 1 
    0.401656 3.754522e-03 6.981800e-15 1 
    0.401931 5.034876e-03 9.349900e-15 1 
    0.402206 4.489432e-03 8.325600e-15 1 
    0.402481 3.893777e-03 7.211100e-15 1 
    0.402756 5.451959e-03 1.008300e-14 1 
    0.403031 5.140170e-03 9.493400e-15 1 
    0.403306 5.001556e-03 9.224800e-15 1 
    0.403581 4.770577e-03 8.786800e-15 1 
    0.403856 4.629639e-03 8.515600e-15 1 
    0.404131 5.051382e-03 9.278700e-15 1 
    0.404406 4.876071e-03 8.944500e-15 1 
    0.404681 5.174919e-03 9.479800e-15 1 
    0.404956 5.225029e-03 9.558600e-15 1 
    0.405231 5.348062e-03 9.770400e-15 1 
    0.405506 4.287591e-03 7.822400e-15 1 
    0.405781 5.150510e-03 9.384000e-15 1 
    0.406056 6.162170e-03 1.121200e-14 1 
    0.406331 5.181761e-03 9.415400e-15 1 
    0.406606 5.556689e-03 1.008300e-14 1 
    0.406881 4.503625e-03 8.161100e-15 1 
    0.407156 4.279453e-03 7.744400e-15 1 
    0.407431 3.824585e-03 6.911900e-15 1 
    0.407706 4.446829e-03 8.025600e-15 1 
    0.407981 4.409054e-03 7.946700e-15 1 
    0.408256 5.258254e-03 9.464500e-15 1 
    0.408531 4.819279e-03 8.662700e-15 1 
    0.408806 4.629957e-03 8.311200e-15 1 
    0.409081 5.153738e-03 9.239000e-15 1 
    0.409356 5.651657e-03 1.011800e-14 1 
    0.409631 5.514275e-03 9.858800e-15 1 
    0.409906 5.806312e-03 1.036700e-14 1 
    0.410181 5.848316e-03 1.042800e-14 1 
    0.410456 5.948260e-03 1.059200e-14 1 
    0.410731 5.060043e-03 8.998300e-15 1 
    0.411006 4.714723e-03 8.373000e-15 1 
    0.411281 5.463894e-03 9.690500e-15 1 
    0.411556 5.637815e-03 9.985600e-15 1 
    0.411831 5.774477e-03 1.021400e-14 1 
    0.412106 6.440572e-03 1.137700e-14 1 
    0.412381 6.538733e-03 1.153500e-14 1 
    0.412656 6.139341e-03 1.081600e-14 1 
    0.412931 5.215906e-03 9.176900e-15 1 
    0.413206 5.383236e-03 9.458700e-15 1 
    0.413481 5.683612e-03 9.973200e-15 1 
    0.413756 5.122411e-03 8.976500e-15 1 
    0.414031 5.180363e-03 9.066000e-15 1 
    0.414306 5.451987e-03 9.528700e-15 1 
    0.414581 5.645256e-03 9.853400e-15 1 
    0.414856 5.434748e-03 9.473400e-15 1 
    0.415131 5.328502e-03 9.275900e-15 1 
    0.415406 5.426792e-03 9.434500e-15 1 
    0.415681 5.093870e-03 8.844000e-15 1 
    0.415956 5.260481e-03 9.121200e-15 1 
    0.416231 5.361918e-03 9.284800e-15 1 
    0.416506 5.673689e-03 9.811700e-15 1 
    0.416781 5.619345e-03 9.704900e-15 1 
    0.417056 5.006334e-03 8.634800e-15 1 
    0.417331 5.685158e-03 9.792700e-15 1 
    0.417606 5.740727e-03 9.875400e-15 1 
    0.417881 5.486063e-03 9.424900e-15 1 
    0.418156 5.227332e-03 8.968600e-15 1 
    0.418431 5.401532e-03 9.255300e-15 1 
    0.418706 5.551750e-03 9.500200e-15 1 
    0.418981 5.574785e-03 9.527100e-15 1 
    0.419256 5.775752e-03 9.857600e-15 1 
    0.419531 5.759981e-03 9.817800e-15 1 
    0.419806 5.643816e-03 9.607200e-15 1 
    0.420081 5.071221e-03 8.621200e-15 1 
    0.420356 5.133818e-03 8.716200e-15 1 
    0.420631 5.226466e-03 8.861900e-15 1 
    0.420906 4.886951e-03 8.275400e-15 1 
    0.421181 5.381939e-03 9.101700e-15 1 
    0.421456 5.484888e-03 9.263700e-15 1 
    0.421731 5.680873e-03 9.582200e-15 1 
    0.422006 5.241636e-03 8.829800e-15 1 
    0.422281 4.916555e-03 8.271400e-15 1 
    0.422556 5.216145e-03 8.764000e-15 1 
    0.422831 5.620795e-03 9.431600e-15 1 
    0.423106 5.144699e-03 8.621500e-15 1 
    0.423381 5.727144e-03 9.585100e-15 1 
    0.423656 5.605238e-03 9.368900e-15 1 
    0.423931 5.439929e-03 9.080800e-15 1 
    0.424206 5.628379e-03 9.383200e-15 1 
    0.424481 5.249364e-03 8.740000e-15 1 
    0.424756 5.814260e-03 9.668000e-15 1 
    0.425031 5.956497e-03 9.891700e-15 1 
    0.425306 5.656581e-03 9.381500e-15 1 
    0.425581 6.132092e-03 1.015700e-14 1 
    0.425856 5.713658e-03 9.451700e-15 1 
    0.426131 5.954319e-03 9.837100e-15 1 
    0.426406 5.549150e-03 9.155900e-15 1 
    0.426681 5.687876e-03 9.372700e-15 1 
    0.426956 5.964333e-03 9.815600e-15 1 
    0.427231 5.123453e-03 8.420900e-15 1 
    0.427506 5.342237e-03 8.769200e-15 1 
    0.427781 5.653192e-03 9.267700e-15 1 
    0.428056 5.442600e-03 8.911000e-15 1 
    0.428331 5.705043e-03 9.328700e-15 1 
    0.428606 6.250804e-03 1.020800e-14 1 
    0.428881 5.699532e-03 9.295800e-15 1 
    0.429156 5.412899e-03 8.817000e-15 1 
    0.429431 5.645497e-03 9.184100e-15 1 
    0.429706 5.737421e-03 9.321700e-15 1 
    0.429981 6.348289e-03 1.030100e-14 1 
    0.430256 5.732741e-03 9.290300e-15 1 
    0.430531 6.150390e-03 9.954400e-15 1 
    0.430806 6.068113e-03 9.808700e-15 1 
    0.431081 5.665177e-03 9.145700e-15 1 
    0.431356 5.164689e-03 8.327100e-15 1 
    0.431631 5.927055e-03 9.544100e-15 1 
    0.431906 5.865216e-03 9.432500e-15 1 
    0.432181 6.758961e-03 1.085600e-14 1 
    0.432456 6.611717e-03 1.060600e-14 1 
    0.432731 6.092441e-03 9.760600e-15 1 
    0.433006 6.041251e-03 9.666300e-15 1 
    0.433281 5.984847e-03 9.563900e-15 1 
    0.433556 6.169891e-03 9.847100e-15 1 
    0.433831 4.951851e-03 7.893100e-15 1 
    0.434106 5.991705e-03 9.538500e-15 1 
    0.434381 6.175469e-03 9.818600e-15 1 
    0.434656 6.016973e-03 9.554500e-15 1 
    0.434931 5.163637e-03 8.189100e-15 1 
    0.435206 5.219161e-03 8.266700e-15 1 
    0.435481 5.410346e-03 8.558700e-15 1 
    0.435756 6.244692e-03 9.866100e-15 1 
    0.436031 6.279320e-03 9.908300e-15 1 
    0.436306 5.088846e-03 8.019700e-15 1 
    0.436581 5.574565e-03 8.774100e-15 1 
    0.436856 5.865755e-03 9.220800e-15 1 
    0.437131 5.921296e-03 9.296400e-15 1 
    0.437406 5.610513e-03 8.797400e-15 1 
    0.437681 5.767438e-03 9.032100e-15 1 
    0.437956 6.299339e-03 9.852700e-15 1 
    0.438231 5.687071e-03 8.883900e-15 1 
    0.438506 5.683698e-03 8.867500e-15 1 
    0.438781 5.953760e-03 9.277200e-15 1 
    0.439056 5.219895e-03 8.123500e-15 1 
    0.439331 5.828954e-03 9.060000e-15 1 
    0.439606 6.233969e-03 9.677400e-15 1 
    0.439881 6.052726e-03 9.384300e-15 1 
    0.440156 6.129913e-03 9.492100e-15 1 
    0.440431 5.182356e-03 8.014800e-15 1 
    0.440706 5.736793e-03 8.861200e-15 1 
    0.440981 6.705775e-03 1.034500e-14 1 
    0.441256 5.366446e-03 8.268500e-15 1 
    0.441531 5.863565e-03 9.023200e-15 1 
    0.441806 5.892603e-03 9.056600e-15 1 
    0.442081 4.952273e-03 7.601900e-15 1 
    0.442356 4.994246e-03 7.656800e-15 1 
    0.442631 6.453874e-03 9.882300e-15 1 
    0.442906 5.431502e-03 8.306500e-15 1 
    0.443181 6.842904e-03 1.045200e-14 1 
    0.443456 6.172355e-03 9.416100e-15 1 
    0.443731 5.965723e-03 9.089600e-15 1 
    0.444006 6.859861e-03 1.043900e-14 1 
    0.444281 5.975455e-03 9.081900e-15 1 
    0.444556 6.793203e-03 1.031200e-14 1 
    0.444831 5.299808e-03 8.035100e-15 1 
    0.445106 6.031414e-03 9.133000e-15 1 
    0.445381 6.910349e-03 1.045100e-14 1 
    0.445656 8.058903e-03 1.217300e-14 1 
    0.445931 7.632697e-03 1.151500e-14 1 
    0.446206 7.371338e-03 1.110700e-14 1 
    0.446481 6.480317e-03 9.752400e-15 1 
    0.446756 6.377662e-03 9.586100e-15 1 
    0.447031 5.202483e-03 7.810100e-15 1 
    0.447306 7.017566e-03 1.052200e-14 1 
    0.447581 6.635089e-03 9.936300e-15 1 
    0.447856 6.068330e-03 9.076400e-15 1 
    0.448131 5.708081e-03 8.527100e-15 1 
    0.448406 5.955566e-03 8.885900e-15 1 
    0.448681 6.918514e-03 1.031000e-14 1 
    0.448956 6.283680e-03 9.352500e-15 1 
    0.449231 6.359860e-03 9.454300e-15 1 
    0.449506 6.332627e-03 9.402300e-15 1 
    0.449781 6.940340e-03 1.029200e-14 1 
    0.450056 5.840743e-03 8.650800e-15 1 
    0.450331 5.783191e-03 8.555100e-15 1 
    0.450606 5.581458e-03 8.246600e-15 1 
    0.450881 5.635504e-03 8.316300e-15 1 
    0.451156 6.433683e-03 9.482600e-15 1 
    0.451431 6.450767e-03 9.496200e-15 1 
    0.451706 6.244253e-03 9.181000e-15 1 
    0.451981 5.607265e-03 8.234400e-15 1 
    0.452256 5.350172e-03 7.847300e-15 1 
    0.452531 6.211245e-03 9.099200e-15 1 
    0.452806 5.006093e-03 7.324800e-15 1 
    0.453081 5.088814e-03 7.436800e-15 1 
    0.453356 5.057998e-03 7.382800e-15 1 
    0.453631 7.122769e-03 1.038400e-14 1 
    0.453906 6.029487e-03 8.779500e-15 1 
    0.454181 6.243282e-03 9.079800e-15 1 
    0.454456 6.590450e-03 9.573100e-15 1 
    0.454731 6.210232e-03 9.009900e-15 1 
    0.455006 6.756715e-03 9.790900e-15 1 
    0.455281 6.170196e-03 8.930200e-15 1 
    0.455556 5.749101e-03 8.310700e-15 1 
    0.455831 6.958616e-03 1.004700e-14 1 
    0.456106 6.062905e-03 8.743200e-15 1 
    0.456381 6.649663e-03 9.577800e-15 1 
    0.456656 6.871358e-03 9.885200e-15 1 
    0.456931 6.885134e-03 9.893100e-15 1 
    0.457206 6.866667e-03 9.854700e-15 1 
    0.457481 6.715104e-03 9.625600e-15 1 
    0.457756 7.310172e-03 1.046600e-14 1 
    0.458031 6.917415e-03 9.891800e-15 1 
    0.458306 6.338440e-03 9.053000e-15 1 
    0.458581 6.566089e-03 9.366900e-15 1 
    0.458856 6.442022e-03 9.178900e-15 1 
    0.459131 6.748662e-03 9.604300e-15 1 
    0.459406 6.268230e-03 8.909900e-15 1 
    0.459681 6.892399e-03 9.785400e-15 1 
    0.459956 6.554608e-03 9.294700e-15 1 
    0.460231 6.501305e-03 9.208100e-15 1 
    0.460506 5.644060e-03 7.984400e-15 1 
    0.460781 6.560307e-03 9.269500e-15 1 
    0.461056 6.673506e-03 9.418200e-15 1 
    0.461331 6.608469e-03 9.315300e-15 1 
    0.461606 6.665572e-03 9.384600e-15 1 
    0.461881 7.079917e-03 9.956100e-15 1 
    0.462156 6.976288e-03 9.798700e-15 1 
    0.462431 6.158805e-03 8.640200e-15 1 
    0.462706 6.915186e-03 9.689800e-15 1 
    0.462981 7.004219e-03 9.802900e-15 1 
    0.463256 7.423942e-03 1.037800e-14 1 
    0.463531 7.131308e-03 9.957100e-15 1 
    0.463806 6.919636e-03 9.650100e-15 1 
    0.464081 6.616059e-03 9.215800e-15 1 
    0.464356 6.867129e-03 9.554200e-15 1 
    0.464631 6.723068e-03 9.342700e-15 1 
    0.464906 6.826562e-03 9.475300e-15 1 
    0.465181 6.837814e-03 9.479700e-15 1 
    0.465456 6.948376e-03 9.621600e-15 1 
    0.465731 6.504486e-03 8.996300e-15 1 
    0.466006 6.412348e-03 8.858400e-15 1 
    0.466281 6.855986e-03 9.460100e-15 1 
    0.466556 6.868937e-03 9.466800e-15 1 
    0.466831 6.594961e-03 9.078500e-15 1 
    0.467106 6.558368e-03 9.017500e-15 1 
    0.467381 6.182067e-03 8.490100e-15 1 
    0.467656 6.485248e-03 8.896000e-15 1 
    0.467931 6.712566e-03 9.197000e-15 1 
    0.468206 7.246433e-03 9.916800e-15 1 
    0.468481 7.473837e-03 1.021600e-14 1 
    0.468756 7.431343e-03 1.014600e-14 1 
    0.469031 7.049362e-03 9.613200e-15 1 
    0.469306 6.664782e-03 9.078100e-15 1 
    0.469581 6.816806e-03 9.274300e-15 1 
    0.469856 7.158736e-03 9.728100e-15 1 
    0.470131 6.905132e-03 9.372500e-15 1 
    0.470406 7.153599e-03 9.698400e-15 1 
    0.470681 7.201103e-03 9.751400e-15 1 
    0.470956 6.566302e-03 8.881400e-15 1 
    0.471231 7.030599e-03 9.498300e-15 1 
    0.471506 7.091200e-03 9.569000e-15 1 
    0.471781 7.315968e-03 9.860800e-15 1 
    0.472056 7.423067e-03 9.993500e-15 1 
    0.472331 7.270718e-03 9.777000e-15 1 
    0.472606 7.026794e-03 9.438000e-15 1 
    0.472881 7.471025e-03 1.002300e-14 1 
    0.473156 7.336660e-03 9.831300e-15 1 
    0.473431 7.180898e-03 9.611400e-15 1 
    0.473706 7.410648e-03 9.907400e-15 1 
    0.473981 7.421427e-03 9.910300e-15 1 
    0.474256 7.522033e-03 1.003300e-14 1 
    0.474531 6.989052e-03 9.311300e-15 1 
    0.474806 6.678682e-03 8.887500e-15 1 
    0.475081 6.996008e-03 9.299000e-15 1 
    0.475356 7.791216e-03 1.034400e-14 1 
    0.475631 7.809282e-03 1.035600e-14 1 
    0.475906 7.086688e-03 9.386900e-15 1 
    0.476181 7.021640e-03 9.290000e-15 1 
    0.476456 8.005898e-03 1.058000e-14 1 
    0.476731 7.624233e-03 1.006400e-14 1 
    0.477006 7.546569e-03 9.950000e-15 1 
    0.477281 7.159133e-03 9.428300e-15 1 
    0.477556 7.026292e-03 9.242700e-15 1 
    0.477831 7.412641e-03 9.739700e-15 1 
    0.478106 7.335913e-03 9.627800e-15 1 
    0.478381 6.456729e-03 8.464200e-15 1 
    0.478656 6.107045e-03 7.996600e-15 1 
    0.478931 6.463862e-03 8.454100e-15 1 
    0.479206 7.020887e-03 9.172100e-15 1 
    0.479481 7.262299e-03 9.476600e-15 1 
    0.479756 6.879810e-03 8.967200e-15 1 
    0.480031 7.105763e-03 9.251100e-15 1 
    0.480306 7.183499e-03 9.341600e-15 1 
    0.480581 7.125597e-03 9.255700e-15 1 
    0.480856 7.432262e-03 9.643000e-15 1 
    0.481131 7.757903e-03 1.005400e-14 1 
    0.481406 7.553099e-03 9.777400e-15 1 
    0.481681 6.762665e-03 8.744200e-15 1 
    0.481956 6.401448e-03 8.267700e-15 1 
    0.482231 7.163758e-03 9.241700e-15 1 
    0.482506 7.259080e-03 9.354000e-15 1 
    0.482781 6.555693e-03 8.438000e-15 1 
    0.483056 7.112454e-03 9.144200e-15 1 
    0.483331 7.439352e-03 9.553600e-15 1 
    0.483606 7.123903e-03 9.138100e-15 1 
    0.483881 6.906140e-03 8.848700e-15 1 
    0.484156 6.845701e-03 8.761300e-15 1 
    0.484431 6.792152e-03 8.682900e-15 1 
    0.484706 6.821480e-03 8.710500e-15 1 
    0.484981 6.978031e-03 8.900300e-15 1 
    0.485256 6.533209e-03 8.323500e-15 1 
    0.485531 6.120762e-03 7.789200e-15 1 
    0.485806 6.402411e-03 8.138400e-15 1 
    0.486081 6.289634e-03 7.986000e-15 1 
    0.486356 6.837172e-03 8.671400e-15 1 
    0.486631 6.949892e-03 8.804400e-15 1 
    0.486906 6.646862e-03 8.411000e-15 1 
    0.487181 6.705006e-03 8.475000e-15 1 
    0.487456 7.006980e-03 8.846700e-15 1 
    0.487731 7.391931e-03 9.322200e-15 1 
    0.488006 7.388838e-03 9.307800e-15 1 
    0.488281 7.177108e-03 9.030900e-15 1 
    0.488556 7.211768e-03 9.064300e-15 1 
    0.488831 7.455420e-03 9.360000e-15 1 
    0.489106 7.531032e-03 9.444300e-15 1 
    0.489381 7.190082e-03 9.006600e-15 1 
    0.489656 6.854345e-03 8.576400e-15 1 
    0.489931 7.141524e-03 8.925700e-15 1 
    0.490206 7.042689e-03 8.792300e-15 1 
    0.490481 7.210894e-03 8.992200e-15 1 
    0.490756 7.641257e-03 9.518200e-15 1 
    0.491031 7.218957e-03 8.982100e-15 1 
    0.491306 7.445737e-03 9.253900e-15 1 
    0.491581 7.697741e-03 9.556400e-15 1 
    0.491856 6.813823e-03 8.449600e-15 1 
    0.492131 7.027308e-03 8.704600e-15 1 
    0.492406 7.417772e-03 9.178000e-15 1 
    0.492681 7.358823e-03 9.094900e-15 1 
    0.492956 6.996213e-03 8.637100e-15 1 
    0.493231 7.148041e-03 8.814700e-15 1 
    0.493506 7.249861e-03 8.930300e-15 1 
    0.493781 7.916500e-03 9.740600e-15 1 
    0.494056 7.766091e-03 9.544900e-15 1 
    0.494331 7.247078e-03 8.897100e-15 1 
    0.494606 7.640443e-03 9.369600e-15 1 
    0.494881 7.920463e-03 9.702200e-15 1 
    0.495156 7.175259e-03 8.779600e-15 1 
    0.495431 7.555746e-03 9.234900e-15 1 
    0.495706 7.667831e-03 9.361500e-15 1 
    0.495981 7.578598e-03 9.242300e-15 1 
    0.496256 7.729349e-03 9.415700e-15 1 
    0.496531 7.204070e-03 8.766100e-15 1 
    0.496806 7.186465e-03 8.735000e-15 1 
    0.497081 6.926166e-03 8.409300e-15 1 
    0.497356 6.808254e-03 8.257000e-15 1 
    0.497631 7.011006e-03 8.493500e-15 1 
    0.497906 7.643243e-03 9.249200e-15 1 
    0.498181 7.015674e-03 8.480400e-15 1 
    0.498456 7.646555e-03 9.232800e-15 1 
    0.498731 8.098237e-03 9.767400e-15 1 
    0.499006 1.109741e-02 1.337000e-14 1 
    0.499281 1.444171e-02 1.738000e-14 1 
    0.499556 1.607391e-02 1.932300e-14 1 
    0.499831 1.225088e-02 1.471100e-14 1 
    0.500106 9.314782e-03 1.117300e-14 1 
    0.500381 7.774752e-03 9.315500e-15 1 
    0.500656 6.578561e-03 7.873600e-15 1 
    0.500931 6.833712e-03 8.170000e-15 1 
    0.501206 6.944798e-03 8.293700e-15 1 
    0.501481 6.992741e-03 8.341800e-15 1 
    0.501756 6.362288e-03 7.581400e-15 1 
    0.502031 6.483015e-03 7.716800e-15 1 
    0.502306 7.455043e-03 8.864100e-15 1 
    0.502581 6.968641e-03 8.276700e-15 1 
    0.502856 7.801281e-03 9.255500e-15 1 
    0.503131 7.284802e-03 8.633300e-15 1 
    0.503406 7.578115e-03 8.971100e-15 1 
    0.503681 7.601112e-03 8.988500e-15 1 
    0.503956 7.335887e-03 8.665400e-15 1 
    0.504231 7.744252e-03 9.137800e-15 1 
    0.504506 7.857397e-03 9.261200e-15 1 
    0.504781 7.888897e-03 9.288200e-15 1 
    0.505056 7.570055e-03 8.903100e-15 1 
    0.505331 7.320729e-03 8.600500e-15 1 
    0.505606 7.023638e-03 8.242500e-15 1 
    0.505881 7.117439e-03 8.343500e-15 1 
    0.506156 6.685978e-03 7.829200e-15 1 
    0.506431 7.448983e-03 8.713200e-15 1 
    0.506706 7.732740e-03 9.035300e-15 1 
    0.506981 8.317140e-03 9.707600e-15 1 
    0.507256 7.493428e-03 8.736700e-15 1 
    0.507531 7.186183e-03 8.369400e-15 1 
    0.507806 7.615671e-03 8.860000e-15 1 
    0.508081 7.720984e-03 8.972800e-15 1 
    0.508356 8.530636e-03 9.903000e-15 1 
    0.508631 7.541869e-03 8.745700e-15 1 
    0.508906 8.330349e-03 9.649600e-15 1 
    0.509181 9.349971e-03 1.081900e-14 1 
    0.509456 1.042161e-02 1.204600e-14 1 
    0.509731 1.087024e-02 1.255100e-14 1 
    0.510006 9.220762e-03 1.063500e-14 1 
    0.510281 7.998993e-03 9.215900e-15 1 
    0.510556 8.191213e-03 9.427200e-15 1 
    0.510831 7.274196e-03 8.362800e-15 1 
    0.511106 7.369280e-03 8.463000e-15 1 
    0.511381 7.232684e-03 8.297200e-15 1 
    0.511656 7.721290e-03 8.848200e-15 1 
    0.511931 8.167691e-03 9.349700e-15 1 
    0.512206 7.794217e-03 8.912600e-15 1 
    0.512481 6.997432e-03 7.992900e-15 1 
    0.512756 7.365318e-03 8.404100e-15 1 
    0.513031 6.762068e-03 7.707500e-15 1 
    0.513306 7.474838e-03 8.510800e-15 1 
    0.513581 8.278982e-03 9.416300e-15 1 
    0.513856 9.681760e-03 1.100000e-14 1 
    0.514131 1.400336e-02 1.589300e-14 1 
    0.514406 1.649160e-02 1.869700e-14 1 
    0.514681 1.580638e-02 1.790100e-14 1 
    0.514956 1.227959e-02 1.389200e-14 1 
    0.515231 9.823901e-03 1.110200e-14 1 
    0.515506 7.873270e-03 8.888100e-15 1 
    0.515781 7.855158e-03 8.858200e-15 1 
    0.516056 7.168902e-03 8.075700e-15 1 
    0.516331 7.273585e-03 8.184900e-15 1 
    0.516606 8.006809e-03 9.000400e-15 1 
    0.516881 7.622601e-03 8.559400e-15 1 
    0.517156 8.211527e-03 9.210900e-15 1 
    0.517431 8.156364e-03 9.139300e-15 1 
    0.517706 6.661714e-03 7.456600e-15 1 
    0.517981 7.321041e-03 8.185900e-15 1 
    0.518256 7.355587e-03 8.215800e-15 1 
    0.518531 8.177008e-03 9.123600e-15 1 
    0.518806 8.060973e-03 8.984600e-15 1 
    0.519081 9.033596e-03 1.005800e-14 1 
    0.519356 8.261940e-03 9.189100e-15 1 
    0.519631 7.502765e-03 8.335900e-15 1 
    0.519906 8.552544e-03 9.492200e-15 1 
    0.520181 8.237158e-03 9.132500e-15 1 
    0.520456 7.624033e-03 8.443800e-15 1 
    0.520731 8.009366e-03 8.861200e-15 1 
    0.521006 8.114192e-03 8.967700e-15 1 
    0.521281 7.511721e-03 8.293100e-15 1 
    0.521556 8.274053e-03 9.125100e-15 1 
    0.521831 7.906088e-03 8.710100e-15 1 
    0.522106 8.107875e-03 8.923000e-15 1 
    0.522381 8.889220e-03 9.772600e-15 1 
    0.522656 7.717761e-03 8.475800e-15 1 
    0.522931 7.739375e-03 8.490600e-15 1 
    0.523206 7.764216e-03 8.508900e-15 1 
    0.523481 8.440289e-03 9.240100e-15 1 
    0.523756 8.366588e-03 9.149800e-15 1 
    0.524031 7.561619e-03 8.260800e-15 1 
    0.524306 7.588434e-03 8.281400e-15 1 
    0.524581 8.818403e-03 9.613600e-15 1 
    0.524856 9.103124e-03 9.913600e-15 1 
    0.525131 7.578507e-03 8.244600e-15 1 
    0.525406 7.504827e-03 8.155900e-15 1 
    0.525681 7.902510e-03 8.579100e-15 1 
    0.525956 7.197352e-03 7.805400e-15 1 
    0.526231 7.486322e-03 8.110300e-15 1 
    0.526506 7.152443e-03 7.740500e-15 1 
    0.526781 7.025793e-03 7.595500e-15 1 
    0.527056 7.423422e-03 8.017000e-15 1 
    0.527331 7.326799e-03 7.904400e-15 1 
    0.527606 7.991483e-03 8.612500e-15 1 
    0.527881 7.982633e-03 8.594000e-15 1 
    0.528156 7.783321e-03 8.370700e-15 1 
    0.528431 8.036973e-03 8.634500e-15 1 
    0.528706 7.591756e-03 8.147700e-15 1 
    0.528981 7.386899e-03 7.919600e-15 1 
    0.529256 7.425393e-03 7.952600e-15 1 
    0.529531 8.128698e-03 8.696800e-15 1 
    0.529806 7.709833e-03 8.240100e-15 1 
    0.530081 7.733949e-03 8.257300e-15 1 
    0.530356 7.597493e-03 8.103200e-15 1 
    0.530631 7.414939e-03 7.900300e-15 1 
    0.530906 7.372549e-03 7.847000e-15 1 
    0.531181 7.156065e-03 7.608700e-15 1 
    0.531456 6.565163e-03 6.973200e-15 1 
    0.531731 6.908417e-03 7.330200e-15 1 
    0.532006 7.018210e-03 7.439000e-15 1 
    0.532281 7.118209e-03 7.537200e-15 1 
    0.532556 7.114221e-03 7.525200e-15 1 
    0.532831 7.585478e-03 8.015400e-15 1 
    0.533106 6.958402e-03 7.345200e-15 1 
    0.533381 6.283837e-03 6.626300e-15 1 
    0.533656 8.756304e-03 9.224000e-15 1 
    0.533931 8.190700e-03 8.619300e-15 1 
    0.534206 8.561757e-03 9.000500e-15 1 
    0.534481 9.469577e-03 9.944600e-15 1 
    0.534756 7.910431e-03 8.298700e-15 1 
    0.535031 8.013512e-03 8.398200e-15 1 
    0.535306 8.444703e-03 8.841000e-15 1 
    0.535581 8.046058e-03 8.415000e-15 1 
    0.535856 7.855047e-03 8.206800e-15 1 
    0.536131 8.110786e-03 8.465300e-15 1 
    0.536406 8.301050e-03 8.655000e-15 1 
    0.536681 7.960188e-03 8.291100e-15 1 
    0.536956 7.914528e-03 8.235100e-15 1 
    0.537231 7.319812e-03 7.608500e-15 1 
    0.537506 8.289773e-03 8.607900e-15 1 
    0.537781 7.762643e-03 8.052300e-15 1 
    0.538056 7.840451e-03 8.124700e-15 1 
    0.538331 8.566979e-03 8.868500e-15 1 
    0.538606 8.434650e-03 8.722600e-15 1 
    0.538881 7.704120e-03 7.959000e-15 1 
    0.539156 7.297752e-03 7.531500e-15 1 
    0.539431 8.420741e-03 8.681600e-15 1 
    0.539706 8.377578e-03 8.628300e-15 1 
    0.539981 7.737159e-03 7.960600e-15 1 
    0.540256 8.234226e-03 8.463400e-15 1 
    0.540531 7.042167e-03 7.230800e-15 1 
    0.540806 6.359785e-03 6.523500e-15 1 
    0.541081 7.275301e-03 7.455000e-15 1 
    0.541356 8.028650e-03 8.218600e-15 1 
    0.541631 8.172930e-03 8.357800e-15 1 
    0.541906 7.249930e-03 7.406400e-15 1 
    0.542181 7.384183e-03 7.535900e-15 1 
    0.542456 8.128597e-03 8.287200e-15 1 
    0.542731 8.784179e-03 8.946500e-15 1 
    0.543006 8.938151e-03 9.094100e-15 1 
    0.543281 8.956554e-03 9.103600e-15 1 
    0.543556 8.246786e-03 8.373700e-15 1 
    0.543831 8.446485e-03 8.567800e-15 1 
    0.544106 8.330884e-03 8.442000e-15 1 
    0.544381 8.293472e-03 8.395600e-15 1 
    0.544656 8.124655e-03 8.216400e-15 1 
    0.544931 8.650246e-03 8.739100e-15 1 
    0.545206 8.086081e-03 8.160900e-15 1 
    0.545481 7.722501e-03 7.786100e-15 1 
    0.545756 9.135544e-03 9.201500e-15 1 
    0.546031 8.141578e-03 8.192100e-15 1 
    0.546306 7.843273e-03 7.884000e-15 1 
    0.546581 8.379462e-03 8.414500e-15 1 
    0.546856 8.728715e-03 8.756400e-15 1 
    0.547131 8.574050e-03 8.592600e-15 1 
    0.547406 8.459713e-03 8.469500e-15 1 
    0.547681 8.319338e-03 8.320600e-15 1 
    0.547956 8.186874e-03 8.179900e-15 1 
    0.548231 9.195749e-03 9.178700e-15 1 
    0.548506 8.410309e-03 8.386300e-15 1 
    0.548781 7.602297e-03 7.573000e-15 1 
    0.549056 7.395377e-03 7.359500e-15 1 
    0.549331 7.247881e-03 7.205500e-15 1 
    0.549606 7.411007e-03 7.360300e-15 1 
    0.549881 7.928119e-03 7.866000e-15 1 
    0.550156 8.509109e-03 8.434000e-15 1 
    0.550431 9.161538e-03 9.071600e-15 1 
    0.550706 8.728820e-03 8.634500e-15 1 
    0.550981 8.625115e-03 8.523400e-15 1 
    0.551256 8.450688e-03 8.342700e-15 1 
    0.551531 8.046948e-03 7.936200e-15 1 
    0.551806 7.555916e-03 7.444500e-15 1 
    0.552081 8.810461e-03 8.671900e-15 1 
    0.552356 9.466758e-03 9.308600e-15 1 
    0.552631 8.405552e-03 8.256900e-15 1 
    0.552906 8.221224e-03 8.067800e-15 1 
    0.553181 9.286972e-03 9.104600e-15 1 
    0.553456 9.231168e-03 9.040900e-15 1 
    0.553731 8.132021e-03 7.956500e-15 1 
    0.554006 8.121378e-03 7.938200e-15 1 
    0.554281 8.747687e-03 8.541900e-15 1 
    0.554556 7.606403e-03 7.420100e-15 1 
    0.554831 7.578855e-03 7.385900e-15 1 
    0.555106 8.757518e-03 8.526100e-15 1 
    0.555381 8.847524e-03 8.605200e-15 1 
    0.555656 8.634706e-03 8.389900e-15 1 
    0.555931 7.960646e-03 7.727300e-15 1 
    0.556206 9.015415e-03 8.742500e-15 1 
    0.556481 7.993540e-03 7.743900e-15 1 
    0.556756 8.553926e-03 8.278600e-15 1 
    0.557031 8.212378e-03 7.940200e-15 1 
    0.557306 8.345967e-03 8.061400e-15 1 
    0.557581 8.164352e-03 7.878200e-15 1 
    0.557856 8.360166e-03 8.059200e-15 1 
    0.558131 7.726907e-03 7.441400e-15 1 
    0.558406 8.320636e-03 8.005300e-15 1 
    0.558681 7.722687e-03 7.422700e-15 1 
    0.558956 8.633324e-03 8.289800e-15 1 
    0.559231 8.796315e-03 8.438000e-15 1 
    0.559506 8.991753e-03 8.617000e-15 1 
    0.559781 7.813711e-03 7.480700e-15 1 
    0.560056 8.748262e-03 8.367200e-15 1 
    0.560331 8.810545e-03 8.418500e-15 1 
    0.560606 8.472441e-03 8.087500e-15 1 
    0.560881 9.004752e-03 8.587200e-15 1 
    0.561156 8.945568e-03 8.522400e-15 1 
    0.561431 9.181810e-03 8.738900e-15 1 
    0.561706 8.835854e-03 8.401400e-15 1 
    0.561981 7.779975e-03 7.390200e-15 1 
    0.562256 7.499173e-03 7.116500e-15 1 
    0.562531 8.214706e-03 7.787900e-15 1 
    0.562806 8.539597e-03 8.088000e-15 1 
    0.563081 8.290068e-03 7.844000e-15 1 
    0.563356 9.190612e-03 8.687600e-15 1 
    0.563631 9.276359e-03 8.760100e-15 1 
    0.563906 8.409881e-03 7.934100e-15 1 
    0.564181 8.073897e-03 7.609700e-15 1 
    0.564456 7.756999e-03 7.303900e-15 1 
    0.564731 8.650841e-03 8.137600e-15 1 
    0.565006 8.781321e-03 8.252300e-15 1 
    0.565281 8.349329e-03 7.838700e-15 1 
    0.565556 8.557256e-03 8.026100e-15 1 
    0.565831 8.851700e-03 8.294200e-15 1 
    0.566106 7.923022e-03 7.416800e-15 1 
    0.566381 8.621163e-03 8.062500e-15 1 
    0.566656 8.313789e-03 7.767500e-15 1 
    0.566931 8.177975e-03 7.633200e-15 1 
    0.567206 8.938635e-03 8.335100e-15 1 
    0.567481 9.184644e-03 8.556200e-15 1 
    0.567756 8.810385e-03 8.199600e-15 1 
    0.568031 8.570690e-03 7.968800e-15 1 
    0.568306 9.606040e-03 8.922800e-15 1 
    0.568581 8.423390e-03 7.816700e-15 1 
    0.568856 7.593315e-03 7.039600e-15 1 
    0.569131 8.006949e-03 7.415900e-15 1 
    0.569406 8.772183e-03 8.116800e-15 1 
    0.569681 8.562787e-03 7.915400e-15 1 
    0.569956 8.210905e-03 7.582800e-15 1 
    0.570231 8.838809e-03 8.154800e-15 1 
    0.570506 1.057811e-02 9.750100e-15 1 
    0.570781 9.047432e-03 8.331200e-15 1 
    0.571056 8.127513e-03 7.476900e-15 1 
    0.571331 8.698635e-03 7.994600e-15 1 
    0.571606 8.495723e-03 7.800600e-15 1 
    0.571881 8.738828e-03 8.016100e-15 1 
    0.572156 7.657009e-03 7.017000e-15 1 
    0.572431 8.327371e-03 7.624000e-15 1 
    0.572706 8.647295e-03 7.909300e-15 1 
    0.572981 8.564988e-03 7.826500e-15 1 
    0.573256 8.584495e-03 7.836800e-15 1 
    0.573531 9.294686e-03 8.477000e-15 1 
    0.573806 8.466969e-03 7.714700e-15 1 
    0.574081 7.596456e-03 6.914900e-15 1 
    0.574356 8.542367e-03 7.768500e-15 1 
    0.574631 9.125649e-03 8.291000e-15 1 
    0.574906 7.562337e-03 6.864100e-15 1 
    0.575181 8.889377e-03 8.060900e-15 1 
    0.575456 9.185318e-03 8.321300e-15 1 
    0.575731 9.574622e-03 8.665700e-15 1 
    0.576006 9.255195e-03 8.368600e-15 1 
    0.576281 9.183223e-03 8.295600e-15 1 
    0.576556 8.993870e-03 8.116800e-15 1 
    0.576831 8.718740e-03 7.861000e-15 1 
    0.577106 8.718174e-03 7.853000e-15 1 
    0.577381 8.973956e-03 8.075700e-15 1 
    0.577656 9.151685e-03 8.227800e-15 1 
    0.577931 9.087921e-03 8.162700e-15 1 
    0.578206 9.088883e-03 8.155800e-15 1 
    0.578481 8.893735e-03 7.973100e-15 1 
    0.578756 9.349362e-03 8.373600e-15 1 
    0.579031 8.703676e-03 7.787900e-15 1 
    0.579306 9.461890e-03 8.458300e-15 1 
    0.579581 8.562116e-03 7.646700e-15 1 
    0.579856 8.924072e-03 7.962400e-15 1 
    0.580131 9.008487e-03 8.030100e-15 1 
    0.580406 8.100066e-03 7.213500e-15 1 
    0.580681 9.625213e-03 8.563600e-15 1 
    0.580956 9.110517e-03 8.098000e-15 1 
    0.581231 7.848004e-03 6.969200e-15 1 
    0.581506 8.299084e-03 7.362800e-15 1 
    0.581781 1.079547e-02 9.568500e-15 1 
    0.582056 9.346290e-03 8.276200e-15 1 
    0.582331 8.333275e-03 7.372200e-15 1 
    0.582606 9.534129e-03 8.426600e-15 1 
    0.582881 9.094888e-03 8.030800e-15 1 
    0.583156 9.828617e-03 8.670500e-15 1 
    0.583431 8.391337e-03 7.395600e-15 1 
    0.583706 9.216732e-03 8.115400e-15 1 
    0.583981 8.180151e-03 7.195900e-15 1 
    0.584256 1.024839e-02 9.006800e-15 1 
    0.584531 1.039437e-02 9.126500e-15 1 
    0.584806 1.057686e-02 9.278000e-15 1 
    0.585081 9.231337e-03 8.090100e-15 1 
    0.585356 9.835415e-03 8.611400e-15 1 
    0.585631 9.025661e-03 7.895000e-15 1 
    0.585906 9.193195e-03 8.034000e-15 1 
    0.586181 8.524918e-03 7.443000e-15 1 
    0.586456 1.003979e-02 8.757400e-15 1 
    0.586731 8.909619e-03 7.764300e-15 1 
    0.587006 7.945810e-03 6.917900e-15 1 
    0.587281 1.066796e-02 9.279200e-15 1 
    0.587556 8.457940e-03 7.350000e-15 1 
    0.587831 1.106897e-02 9.610000e-15 1 
    0.588106 9.280233e-03 8.049500e-15 1 
    0.588381 1.297875e-02 1.124700e-14 1 
    0.588656 1.435615e-02 1.242900e-14 1 
    0.588931 1.304695e-02 1.128500e-14 1 
    0.589206 9.986280e-03 8.629600e-15 1 
    0.589481 8.806848e-03 7.603300e-15 1 
    0.589756 8.616119e-03 7.431700e-15 1 
    0.590031 6.280268e-03 5.411900e-15 1 
    0.590306 1.070194e-02 9.213600e-15 1 
    0.590581 5.709974e-03 4.911300e-15 1 
    0.590856 1.070653e-02 9.200400e-15 1 
    0.591131 9.431507e-03 8.097200e-15 1 
    0.591406 8.911096e-03 7.643300e-15 1 
    0.591681 9.619324e-03 8.243100e-15 1 
    0.591956 1.003591e-02 8.592100e-15 1 
    0.592231 8.201179e-03 7.014800e-15 1 
    0.592506 1.076664e-02 9.200600e-15 1 
    0.592781 1.031070e-02 8.802800e-15 1 
    0.593056 9.004384e-03 7.680400e-15 1 
    0.593331 9.954917e-03 8.483300e-15 1 
    0.593606 9.338342e-03 7.950500e-15 1 
    0.593881 8.371208e-03 7.120500e-15 1 
    0.594156 1.071749e-02 9.107800e-15 1 
    0.594431 8.818747e-03 7.487300e-15 1 
    0.594706 8.291798e-03 7.033400e-15 1 
    0.594981 8.355519e-03 7.080900e-15 1 
    0.595256 1.027603e-02 8.700400e-15 1 
    0.595531 8.787223e-03 7.433000e-15 1 
    0.595806 9.931646e-03 8.393300e-15 1 
    0.596081 8.796828e-03 7.427400e-15 1 
    0.596356 9.127987e-03 7.699900e-15 1 
    0.596631 8.554280e-03 7.209300e-15 1 
    0.596906 7.611925e-03 6.409200e-15 1 
    0.597181 9.475293e-03 7.970800e-15 1 
    0.597456 1.063341e-02 8.936800e-15 1 
    0.597731 9.264451e-03 7.779100e-15 1 
    0.598006 8.759687e-03 7.348500e-15 1 
    0.598281 9.212902e-03 7.721600e-15 1 
    0.598556 8.870509e-03 7.427800e-15 1 
    0.598831 9.941309e-03 8.316800e-15 1 
    0.599106 8.941256e-03 7.473300e-15 1 
    0.599381 9.974308e-03 8.329100e-15 1 
    0.599656 1.068933e-02 8.918000e-15 1 
    0.599931 9.683692e-03 8.071600e-15 1 
    0.600206 9.034281e-03 7.523400e-15 1 
    0.600481 9.551095e-03 7.946500e-15 1 
    0.600756 8.201269e-03 6.817200e-15 1 
    0.601031 1.040631e-02 8.642200e-15 1 
    0.601306 9.018373e-03 7.482700e-15 1 
    0.601581 9.647401e-03 7.997300e-15 1 
    0.601856 9.621329e-03 7.968400e-15 1 
    0.602131 8.572772e-03 7.093500e-15 1 
    0.602406 9.519530e-03 7.869700e-15 1 
    0.602681 1.026399e-02 8.477400e-15 1 
    0.602956 9.742693e-03 8.039500e-15 1 
    0.603231 1.016823e-02 8.383000e-15 1 
    0.603506 1.102250e-02 9.079000e-15 1 
    0.603781 1.226837e-02 1.009600e-14 1 
    0.604056 1.103445e-02 9.072300e-15 1 
    0.604331 9.552102e-03 7.846400e-15 1 
    0.604606 8.968974e-03 7.360700e-15 1 
    0.604881 8.616864e-03 7.065300e-15 1 
    0.605156 9.374706e-03 7.679700e-15 1 
    0.605431 8.975141e-03 7.345700e-15 1 
    0.605706 8.283166e-03 6.773200e-15 1 
    0.605981 8.060937e-03 6.585500e-15 1 
    0.606256 6.915752e-03 5.644800e-15 1 
    0.606531 7.975022e-03 6.503500e-15 1 
    0.606806 9.894634e-03 8.061600e-15 1 
    0.607081 9.474370e-03 7.712200e-15 1 
    0.607356 8.920902e-03 7.255100e-15 1 
    0.607631 9.142267e-03 7.428400e-15 1 
    0.607906 9.887056e-03 8.026300e-15 1 
    0.608181 9.503310e-03 7.707800e-15 1 
    0.608456 9.309766e-03 7.544000e-15 1 
    0.608731 9.450595e-03 7.651200e-15 1 
    0.609006 8.549717e-03 6.915600e-15 1 
    0.609281 8.145011e-03 6.582300e-15 1 
    0.609556 9.054138e-03 7.310400e-15 1 
    0.609831 9.788990e-03 7.896600e-15 1 
    0.610106 9.578206e-03 7.719600e-15 1 
    0.610381 9.579142e-03 7.713400e-15 1 
    0.610656 9.853032e-03 7.926800e-15 1 
    0.610931 9.518530e-03 7.650800e-15 1 
    0.611206 9.493979e-03 7.624200e-15 1 
    0.611481 9.643238e-03 7.737100e-15 1 
    0.611756 8.627355e-03 6.915800e-15 1 
    0.612031 8.745739e-03 7.004400e-15 1 
    0.612306 9.635660e-03 7.710200e-15 1 
    0.612581 9.833820e-03 7.861700e-15 1 
    0.612856 8.618971e-03 6.884300e-15 1 
    0.613131 8.840362e-03 7.054800e-15 1 
    0.613406 8.939851e-03 7.127800e-15 1 
    0.613681 9.345061e-03 7.444200e-15 1 
    0.613956 1.057159e-02 8.413700e-15 1 
    0.614231 9.885357e-03 7.860500e-15 1 
    0.614506 7.845258e-03 6.232700e-15 1 
    0.614781 9.685744e-03 7.688000e-15 1 
    0.615056 1.175599e-02 9.322900e-15 1 
    0.615331 1.025500e-02 8.125300e-15 1 
    0.615606 8.878148e-03 7.028100e-15 1 
    0.615881 9.314069e-03 7.366600e-15 1 
    0.616156 9.391738e-03 7.421400e-15 1 
    0.616431 1.016529e-02 8.025500e-15 1 
    0.616706 1.075690e-02 8.485000e-15 1 
    0.616981 1.145232e-02 9.025500e-15 1 
    0.617256 9.884031e-03 7.782600e-15 1 
    0.617531 9.495479e-03 7.470000e-15 1 
    0.617806 1.048258e-02 8.239200e-15 1 
    0.618081 9.077148e-03 7.128200e-15 1 
    0.618356 1.067688e-02 8.377000e-15 1 
    0.618631 1.089687e-02 8.542000e-15 1 
    0.618906 1.003717e-02 7.861100e-15 1 
    0.619181 1.059970e-02 8.294300e-15 1 
    0.619456 8.388884e-03 6.558500e-15 1 
    0.619731 8.952974e-03 6.993300e-15 1 
    0.620006 9.328543e-03 7.280200e-15 1 
    0.620281 1.121529e-02 8.744900e-15 1 
    0.620556 1.006021e-02 7.837300e-15 1 
    0.620831 9.717875e-03 7.563900e-15 1 
    0.621106 1.087365e-02 8.456000e-15 1 
    0.621381 9.152326e-03 7.111100e-15 1 
    0.621656 9.563116e-03 7.423700e-15 1 
    0.621931 8.140813e-03 6.314000e-15 1 
    0.622206 9.589336e-03 7.430900e-15 1 
    0.622481 9.624034e-03 7.451200e-15 1 
    0.622756 1.054134e-02 8.154200e-15 1 
    0.623031 1.155083e-02 8.927200e-15 1 
    0.623306 1.029177e-02 7.947100e-15 1 
    0.623581 1.184797e-02 9.140700e-15 1 
    0.623856 9.869888e-03 7.607900e-15 1 
    0.624131 1.173215e-02 9.035400e-15 1 
    0.624406 9.204354e-03 7.082400e-15 1 
    0.624681 1.129913e-02 8.686600e-15 1 
    0.624956 8.689662e-03 6.674600e-15 1 
    0.625231 1.174865e-02 9.016300e-15 1 
    0.625506 1.000889e-02 7.674400e-15 1 
    0.625781 1.098169e-02 8.412900e-15 1 
    0.626056 8.119294e-03 6.214600e-15 1 
    0.626331 9.879576e-03 7.555300e-15 1 
    0.626606 1.213269e-02 9.270200e-15 1 
    0.626881 8.041153e-03 6.138600e-15 1 
    0.627156 1.046742e-02 7.983800e-15 1 
    0.627431 9.295329e-03 7.083600e-15 1 
    0.627706 1.050312e-02 7.997000e-15 1 
    0.627981 1.036392e-02 7.884100e-15 1 
    0.628256 1.069929e-02 8.132100e-15 1 
    0.628531 6.768149e-03 5.139700e-15 1 
    0.628806 1.054550e-02 8.001200e-15 1 
    0.629081 8.728242e-03 6.616600e-15 1 
    0.629356 1.183725e-02 8.965600e-15 1 
    0.629631 1.709561e-02 1.293700e-14 1 
    0.629906 1.515441e-02 1.145800e-14 1 
    0.630181 1.033777e-02 7.809400e-15 1 
    0.630456 6.601526e-03 4.982600e-15 1 
    0.630731 6.048612e-03 4.561300e-15 1 
    0.631006 1.061531e-02 7.998100e-15 1 
    0.631281 9.072741e-03 6.829900e-15 1 
    0.631556 9.534555e-03 7.171300e-15 1 
    0.631831 1.018279e-02 7.652200e-15 1 
    0.632106 1.013492e-02 7.609600e-15 1 
    0.632381 1.085238e-02 8.141200e-15 1 
    0.632656 1.033201e-02 7.744100e-15 1 
    0.632931 9.219848e-03 6.904500e-15 1 
    0.633206 1.026004e-02 7.676800e-15 1 
    0.633481 8.941860e-03 6.684700e-15 1 
    0.633756 9.808882e-03 7.326500e-15 1 
    0.634031 9.665173e-03 7.212900e-15 1 
    0.634306 1.027641e-02 7.662400e-15 1 
    0.634581 1.010357e-02 7.527000e-15 1 
    0.634856 1.086427e-02 8.086700e-15 1 
    0.635131 1.012687e-02 7.531300e-15 1 
    0.635406 1.096654e-02 8.148700e-15 1 
    0.635681 1.024989e-02 7.609600e-15 1 
    0.635956 1.045437e-02 7.754700e-15 1 
    0.636231 1.055611e-02 7.823400e-15 1 
    0.636506 1.009163e-02 7.472700e-15 1 
    0.636781 9.558617e-03 7.071900e-15 1 
    0.637056 1.090939e-02 8.064300e-15 1 
    0.637331 1.030601e-02 7.611700e-15 1 
    0.637606 1.002382e-02 7.396900e-15 1 
    0.637881 1.082672e-02 7.982500e-15 1 
    0.638156 1.017320e-02 7.494200e-15 1 
    0.638431 1.031390e-02 7.591300e-15 1 
    0.638706 1.054770e-02 7.756700e-15 1 
    0.638981 1.054032e-02 7.744600e-15 1 
    0.639256 1.092412e-02 8.019700e-15 1 
    0.639531 1.012193e-02 7.424400e-15 1 
    0.639806 1.056264e-02 7.741000e-15 1 
    0.640081 1.063563e-02 7.787800e-15 1 
    0.640356 9.401896e-03 6.878500e-15 1 
    0.640631 9.306413e-03 6.802800e-15 1 
    0.640906 9.470358e-03 6.916700e-15 1 
    0.641181 9.378175e-03 6.843500e-15 1 
    0.641456 8.687826e-03 6.334300e-15 1 
    0.641731 1.028943e-02 7.495600e-15 1 
    0.642006 9.136060e-03 6.649700e-15 1 
    0.642281 9.105249e-03 6.621600e-15 1 
    0.642556 8.696041e-03 6.318600e-15 1 
    0.642831 9.422509e-03 6.840600e-15 1 
    0.643106 1.062597e-02 7.707700e-15 1 
    0.643381 9.313078e-03 6.749600e-15 1 
    0.643656 8.697668e-03 6.298200e-15 1 
    0.643931 8.621482e-03 6.237700e-15 1 
    0.644206 9.384150e-03 6.783700e-15 1 
    0.644481 1.049784e-02 7.582300e-15 1 
    0.644756 1.029368e-02 7.428500e-15 1 
    0.645031 8.736811e-03 6.299600e-15 1 
    0.645306 7.734999e-03 5.572500e-15 1 
    0.645581 8.564861e-03 6.165100e-15 1 
    0.645856 1.004129e-02 7.221700e-15 1 
    0.646131 1.106586e-02 7.951800e-15 1 
    0.646406 9.387349e-03 6.739900e-15 1 
    0.646681 9.274619e-03 6.653300e-15 1 
    0.646956 1.266204e-02 9.075600e-15 1 
    0.647231 1.486704e-02 1.064700e-14 1 
    0.647506 1.188096e-02 8.501300e-15 1 
    0.647781 1.093195e-02 7.815600e-15 1 
    0.648056 7.665133e-03 5.475400e-15 1 
    0.648331 9.435217e-03 6.734100e-15 1 
    0.648606 8.506206e-03 6.065900e-15 1 
    0.648881 1.072434e-02 7.641200e-15 1 
    0.649156 8.560532e-03 6.094300e-15 1 
    0.649431 1.314276e-02 9.348500e-15 1 
    0.649706 1.345853e-02 9.565000e-15 1 
    0.649981 1.108561e-02 7.871900e-15 1 
    0.650256 1.065891e-02 7.562500e-15 1 
    0.650531 1.002778e-02 7.108700e-15 1 
    0.650806 1.019580e-02 7.221700e-15 1 
    0.651081 1.192279e-02 8.437800e-15 1 
    0.651356 1.189680e-02 8.412300e-15 1 
    0.651631 1.111026e-02 7.849500e-15 1 
    0.651906 1.046899e-02 7.390200e-15 1 
    0.652181 1.140096e-02 8.041300e-15 1 
    0.652456 1.013603e-02 7.143100e-15 1 
    0.652731 1.221848e-02 8.603400e-15 1 
    0.653006 1.179398e-02 8.297500e-15 1 
    0.653281 1.224734e-02 8.609200e-15 1 
    0.653556 1.012311e-02 7.110000e-15 1 
    0.653831 1.180470e-02 8.284100e-15 1 
    0.654106 8.887255e-03 6.231500e-15 1 
    0.654381 1.151697e-02 8.068600e-15 1 
    0.654656 8.732205e-03 6.112500e-15 1 
    0.654931 1.089766e-02 7.621900e-15 1 
    0.655206 1.100784e-02 7.692500e-15 1 
    0.655481 8.211573e-03 5.733600e-15 1 
    0.655756 9.976226e-03 6.959900e-15 1 
    0.656031 1.056403e-02 7.363800e-15 1 
    0.656306 1.141885e-02 7.953000e-15 1 
    0.656581 1.089415e-02 7.581200e-15 1 
    0.656856 1.094757e-02 7.612000e-15 1 
    0.657131 1.031347e-02 7.165100e-15 1 
    0.657406 9.428065e-03 6.544500e-15 1 
    0.657681 8.451915e-03 5.862000e-15 1 
    0.657956 9.710661e-03 6.729400e-15 1 
    0.658231 9.711126e-03 6.724100e-15 1 
    0.658506 9.149163e-03 6.329700e-15 1 
    0.658781 1.069531e-02 7.393200e-15 1 
    0.659056 1.134853e-02 7.838200e-15 1 
    0.659331 1.069782e-02 7.382600e-15 1 
    0.659606 8.800509e-03 6.068200e-15 1 
    0.659881 8.200116e-03 5.649500e-15 1 
    0.660156 9.720797e-03 6.691600e-15 1 
    0.660431 1.095468e-02 7.534700e-15 1 
    0.660706 1.080854e-02 7.428000e-15 1 
    0.660981 1.041021e-02 7.148300e-15 1 
    0.661256 1.010813e-02 6.935100e-15 1 
    0.661531 9.960744e-03 6.828300e-15 1 
    0.661806 1.108356e-02 7.591700e-15 1 
    0.662081 1.031090e-02 7.056600e-15 1 
    0.662356 1.012555e-02 6.924000e-15 1 
    0.662631 1.061944e-02 7.255700e-15 1 
    0.662906 9.500202e-03 6.485600e-15 1 
    0.663181 8.775803e-03 5.986100e-15 1 
    0.663456 9.969352e-03 6.794600e-15 1 
    0.663731 9.353374e-03 6.369500e-15 1 
    0.664006 8.923162e-03 6.071500e-15 1 
    0.664281 1.053869e-02 7.164800e-15 1 
    0.664556 1.138416e-02 7.733200e-15 1 
    0.664831 9.877232e-03 6.704000e-15 1 
    0.665106 9.226870e-03 6.257400e-15 1 
    0.665381 9.555778e-03 6.475100e-15 1 
    0.665656 9.898513e-03 6.701800e-15 1 
    0.665931 9.875502e-03 6.680700e-15 1 
    0.666206 1.052929e-02 7.117100e-15 1 
    0.666481 1.046676e-02 7.069000e-15 1 
    0.666756 9.408151e-03 6.348800e-15 1 
    0.667031 9.057151e-03 6.106900e-15 1 
    0.667306 1.100300e-02 7.412800e-15 1 
    0.667581 1.261171e-02 8.489600e-15 1 
    0.667856 1.095692e-02 7.369600e-15 1 
    0.668131 1.066194e-02 7.165300e-15 1 
    0.668406 8.392064e-03 5.635200e-15 1 
    0.668681 1.107969e-02 7.433800e-15 1 
    0.668956 1.078346e-02 7.229100e-15 1 
    0.669231 1.027474e-02 6.882400e-15 1 
    0.669506 1.086709e-02 7.273200e-15 1 
    0.669781 1.274521e-02 8.523200e-15 1 
    0.670056 1.010882e-02 6.754600e-15 1 
    0.670331 1.224836e-02 8.177500e-15 1 
    0.670606 1.005152e-02 6.705300e-15 1 
    0.670881 1.152253e-02 7.680300e-15 1 
    0.671156 6.285284e-03 4.186000e-15 1 
    0.671431 1.129799e-02 7.518300e-15 1 
    0.671706 1.055196e-02 7.016100e-15 1 
    0.671981 1.209740e-02 8.037100e-15 1 
    0.672256 1.533242e-02 1.017800e-14 1 
    0.672531 1.622393e-02 1.076100e-14 1 
    0.672806 1.611347e-02 1.067900e-14 1 
    0.673081 1.586539e-02 1.050600e-14 1 
    0.673356 1.804414e-02 1.193900e-14 1 
    0.673631 2.655816e-02 1.755800e-14 1 
    0.673906 5.482944e-02 3.621900e-14 1 
    0.674181 7.601242e-02 5.017100e-14 1 
    0.674456 6.968322e-02 4.595600e-14 1 
    0.674731 4.295548e-02 2.830600e-14 1 
    0.675006 1.985041e-02 1.307000e-14 1 
    0.675281 1.571999e-02 1.034200e-14 1 
    0.675556 1.165371e-02 7.660600e-15 1 
    0.675831 1.883018e-02 1.236800e-14 1 
    0.676106 2.579372e-02 1.692800e-14 1 
    0.676381 3.181699e-02 2.086400e-14 1 
    0.676656 2.567087e-02 1.682000e-14 1 
    0.676931 1.696083e-02 1.110400e-14 1 
    0.677206 1.182979e-02 7.738500e-15 1 
    0.677481 1.118918e-02 7.313500e-15 1 
    0.677756 1.188898e-02 7.764600e-15 1 
    0.678031 1.133960e-02 7.399800e-15 1 
    0.678306 1.172470e-02 7.644900e-15 1 
    0.678581 1.152055e-02 7.505700e-15 1 
    0.678856 1.119808e-02 7.289700e-15 1 
    0.679131 9.576442e-03 6.229000e-15 1 
    0.679406 9.294165e-03 6.040500e-15 1 
    0.679681 1.073517e-02 6.971400e-15 1 
    0.679956 1.183637e-02 7.680300e-15 1 
    0.680231 1.166826e-02 7.565100e-15 1 
    0.680506 1.096732e-02 7.104900e-15 1 
    0.680781 1.081815e-02 7.002600e-15 1 
    0.681056 1.223587e-02 7.913900e-15 1 
    0.681331 1.064980e-02 6.882500e-15 1 
    0.681606 1.001881e-02 6.469500e-15 1 
    0.681881 1.130880e-02 7.296600e-15 1 
    0.682156 1.153648e-02 7.437500e-15 1 
    0.682431 1.344340e-02 8.659900e-15 1 
    0.682706 1.173453e-02 7.553000e-15 1 
    0.682981 1.058513e-02 6.807700e-15 1 
    0.683912 1.095733e-02 7.027900e-15 0 
    0.685488 1.075509e-02 6.866500e-15 0 
    0.687068 1.082754e-02 6.881000e-15 0 
    0.688652 1.077572e-02 6.816600e-15 0 
    0.690240 1.084818e-02 6.830900e-15 0 
    0.691831 1.087113e-02 6.813900e-15 0 
    0.693426 1.079405e-02 6.734500e-15 0 
    0.695024 1.106880e-02 6.874200e-15 0 
    0.696626 1.109206e-02 6.857000e-15 0 
    0.698233 1.103896e-02 6.792800e-15 0 
    0.699842 1.106214e-02 6.775800e-15 0 
    0.701455 1.113648e-02 6.790000e-15 0 
    0.703072 1.113417e-02 6.757400e-15 0 
    0.704693 1.102998e-02 6.663400e-15 0 
    0.706318 1.105313e-02 6.646700e-15 0 
    0.707946 1.077453e-02 6.449400e-15 0 
    0.709578 1.104866e-02 6.583100e-15 0 
    0.711214 1.109730e-02 6.581700e-15 0 
    0.712853 1.135347e-02 6.702700e-15 0 
    0.714496 1.140348e-02 6.701300e-15 0 
    0.716143 1.145372e-02 6.699900e-15 0 
    0.717794 1.116499e-02 6.501000e-15 0 
    0.719449 1.150192e-02 6.666400e-15 0 
    0.721108 1.147304e-02 6.619100e-15 0 
    0.722770 1.147061e-02 6.587300e-15 0 
    0.724436 1.178963e-02 6.739400e-15 0 
    0.726106 1.130855e-02 6.434700e-15 0 
    0.727780 1.162294e-02 6.583200e-15 0 
    0.729457 1.125177e-02 6.343700e-15 0 
    0.731139 1.114638e-02 6.255400e-15 0 
    0.732825 1.119534e-02 6.254000e-15 0 
    0.734514 1.134879e-02 6.310600e-15 0 
    0.736207 1.137244e-02 6.294700e-15 0 
    0.737904 1.108570e-02 6.107800e-15 0 
    0.739605 1.078113e-02 5.912700e-15 0 
    0.741310 1.097927e-02 5.993700e-15 0 
    0.743019 1.160061e-02 6.303800e-15 0 
    0.744732 1.143897e-02 6.187400e-15 0 
    0.746449 1.181123e-02 6.359400e-15 0 
    0.748170 1.153979e-02 6.184700e-15 0 
    0.749894 1.130062e-02 6.028700e-15 0 
    0.751623 1.169533e-02 6.210600e-15 0 
    0.753356 1.185545e-02 6.266700e-15 0 
    0.755092 1.224104e-02 6.440800e-15 0 
    0.756833 1.218223e-02 6.380400e-15 0 
    0.758578 1.237734e-02 6.452800e-15 0 
    0.760326 1.223308e-02 6.348300e-15 0 
    0.762079 1.211823e-02 6.259800e-15 0 
    0.763836 1.262829e-02 6.493300e-15 0 
    0.765597 1.219677e-02 6.242600e-15 0 
    0.767361 1.211014e-02 6.169800e-15 0 
    0.769130 1.259078e-02 6.385200e-15 0 
    0.770904 1.241518e-02 6.267200e-15 0 
    0.772681 1.267229e-02 6.367600e-15 0 
    0.774462 1.264040e-02 6.322400e-15 0 
    0.776247 1.287248e-02 6.408900e-15 0 
    0.778037 1.283990e-02 6.363300e-15 0 
    0.779830 1.286651e-02 6.347200e-15 0 
    0.781628 1.271636e-02 6.244300e-15 0 
    0.783430 1.236711e-02 6.044900e-15 0 
    0.785236 1.265213e-02 6.155800e-15 0 
    0.787046 1.244706e-02 6.028200e-15 0 
    0.788860 1.247297e-02 6.013000e-15 0 
    0.790679 1.252764e-02 6.011600e-15 0 
    0.792501 1.249584e-02 5.968800e-15 0 
    0.794328 1.246434e-02 5.926400e-15 0 
    0.796159 1.249018e-02 5.911400e-15 0 
    0.797995 1.260283e-02 5.937300e-15 0 
    0.799834 1.245563e-02 5.841000e-15 0 
    0.801678 1.259689e-02 5.880100e-15 0 
    0.803526 1.294665e-02 6.015600e-15 0 
    0.805378 1.250414e-02 5.783300e-15 0 
    0.807235 1.282209e-02 5.903100e-15 0 
    0.809096 1.299737e-02 5.956300e-15 0 
    0.810961 1.305407e-02 5.954800e-15 0 
    0.812831 1.293155e-02 5.871800e-15 0 
    0.814704 1.275094e-02 5.763200e-15 0 
    0.816582 1.254418e-02 5.643700e-15 0 
    0.818465 1.277426e-02 5.720800e-15 0 
    0.820352 1.294876e-02 5.772300e-15 0 
    0.822243 1.273877e-02 5.652600e-15 0 
    0.824138 1.324401e-02 5.849800e-15 0 
    0.826038 1.342501e-02 5.902500e-15 0 
    0.827942 1.336016e-02 5.847000e-15 0 
    0.829851 1.299281e-02 5.660100e-15 0 
    0.831764 1.317039e-02 5.711100e-15 0 
    0.833681 1.335048e-02 5.762600e-15 0 
    0.835603 1.350172e-02 5.801100e-15 0 
    0.837529 1.328252e-02 5.680700e-15 0 
    0.839460 1.245005e-02 5.300200e-15 0 
    0.841395 1.288437e-02 5.459900e-15 0 
    0.843335 1.285163e-02 5.421000e-15 0 
    0.845279 1.323891e-02 5.558700e-15 0 
    0.847227 1.376393e-02 5.752600e-15 0 
    0.849180 1.329336e-02 5.530400e-15 0 
    0.851138 1.319850e-02 5.465700e-15 0 
    0.853100 1.328683e-02 5.477000e-15 0 
    0.855067 1.368693e-02 5.616000e-15 0 
    0.857038 1.324941e-02 5.411500e-15 0 
    0.859014 1.377496e-02 5.600300e-15 0 
    0.860994 1.367669e-02 5.534800e-15 0 
    0.862979 1.357921e-02 5.470100e-15 0 
    0.864968 1.357554e-02 5.443500e-15 0 
    0.866962 1.414655e-02 5.646400e-15 0 
    0.868960 1.369434e-02 5.440800e-15 0 
    0.870964 1.310469e-02 5.182600e-15 0 
    0.872971 1.407076e-02 5.539100e-15 0 
    0.874984 1.400251e-02 5.486900e-15 0 
    0.877001 1.387050e-02 5.410200e-15 0 
    0.879023 1.244455e-02 4.831700e-15 0 
    0.881049 1.415358e-02 5.470000e-15 0 
    0.883080 1.398782e-02 5.381100e-15 0 
    0.885116 1.388813e-02 5.318200e-15 0 
    0.887156 1.417522e-02 5.403200e-15 0 
    0.889201 1.391278e-02 5.278800e-15 0 
    0.891251 1.214210e-02 4.585800e-15 0 
    0.893305 1.355765e-02 5.096900e-15 0 
    0.895365 1.406278e-02 5.262500e-15 0 
    0.897429 1.425467e-02 5.309800e-15 0 
    0.899498 1.360928e-02 5.046100e-15 0 
    0.901571 1.408391e-02 5.198100e-15 0 
    0.903650 1.450796e-02 5.330000e-15 0 
    0.905733 1.289703e-02 4.716400e-15 0 
    0.907820 1.430125e-02 5.205900e-15 0 
    0.909913 1.419892e-02 5.144900e-15 0 
    0.912011 1.321729e-02 4.767200e-15 0 
    0.914113 1.419132e-02 5.095000e-15 0 
    0.916220 1.435167e-02 5.128900e-15 0 
    0.918333 1.418350e-02 5.045500e-15 0 
    0.920450 1.427805e-02 5.055800e-15 0 
    0.922571 1.369451e-02 4.826900e-15 0 
    0.924698 1.292490e-02 4.534700e-15 0 
    0.926830 1.283252e-02 4.481600e-15 0 
    0.928966 1.507277e-02 5.239800e-15 0 
    0.931108 1.531344e-02 5.299000e-15 0 
    0.933254 1.499508e-02 5.165000e-15 0 
    0.935406 1.481932e-02 5.081000e-15 0 
    0.937562 1.366821e-02 4.664800e-15 0 
    0.939723 1.424260e-02 4.838500e-15 0 
    0.941890 1.473893e-02 4.984100e-15 0 
    0.944061 1.487112e-02 5.005700e-15 0 
    0.946237 1.496990e-02 5.015800e-15 0 
    0.948418 1.449089e-02 4.833000e-15 0 
    0.950605 1.445358e-02 4.798400e-15 0 
    0.952796 1.530585e-02 5.058000e-15 0 
    0.954993 1.421461e-02 4.675800e-15 0 
    0.957194 1.522667e-02 4.985700e-15 0 
    0.959401 1.529267e-02 4.984300e-15 0 
    0.961612 1.528834e-02 4.960000e-15 0 
    0.963829 1.528397e-02 4.935800e-15 0 
    0.966051 1.510441e-02 4.855400e-15 0 
    0.968278 1.538102e-02 4.921600e-15 0 
    0.970510 1.530571e-02 4.875000e-15 0 
    0.972747 1.551418e-02 4.918700e-15 0 
    0.974990 1.550976e-02 4.894700e-15 0 
    0.977237 1.536296e-02 4.826100e-15 0 
    0.979490 1.528805e-02 4.780500e-15 0 
    0.981748 1.469679e-02 4.574500e-15 0 
    0.984011 1.534946e-02 4.755700e-15 0 
    0.986279 1.566640e-02 4.831600e-15 0 
    0.988553 1.558986e-02 4.785900e-15 0 
    0.990832 1.551358e-02 4.740600e-15 0 
    0.993116 1.550892e-02 4.717400e-15 0 
    0.995405 1.568387e-02 4.748700e-15 0 
    0.997700 1.560729e-02 4.703800e-15 0 
    1.000000 1.560233e-02 4.680700e-15 0 
    1.002305 1.556183e-02 4.647100e-15 0 
    1.004615 1.566493e-02 4.656400e-15 0 
    1.006931 1.573250e-02 4.655000e-15 0 
    1.009253 1.572773e-02 4.632200e-15 0 
    1.011580 1.579557e-02 4.630800e-15 0 
    1.013912 1.575471e-02 4.597600e-15 0 
    1.016249 1.574962e-02 4.575000e-15 0 
    1.018591 1.574483e-02 4.552600e-15 0 
    1.020939 1.584912e-02 4.561700e-15 0 
    1.023294 1.588078e-02 4.549800e-15 0 
    1.025652 1.583939e-02 4.517100e-15 0 
    1.030386 1.572088e-02 4.442200e-15 0 
    1.035142 1.556703e-02 4.358400e-15 0 
    1.039921 1.595622e-02 4.426400e-15 0 
    1.044720 1.590956e-02 4.373000e-15 0 
    1.049542 1.600976e-02 4.360200e-15 0 
    1.054386 1.611045e-02 4.347400e-15 0 
    1.059254 1.613725e-02 4.314700e-15 0 
    1.078947 1.615187e-02 4.162400e-15 0 
    1.099006 1.604058e-02 3.984200e-15 0 
    1.119437 1.585681e-02 3.796100e-15 0 
    1.140250 1.604063e-02 3.701200e-15 0 
    1.161449 1.611472e-02 3.583800e-15 0 
    1.180321 1.637657e-02 3.526500e-15 0 
    1.202264 1.645198e-02 3.414600e-15 0 
    1.221799 1.641425e-02 3.298700e-15 0 
    1.241652 1.649002e-02 3.208800e-15 0 
    1.264737 1.675805e-02 3.143000e-15 0 
    1.285287 1.683515e-02 3.057300e-15 0 
    1.303166 1.683524e-02 2.974000e-15 0 
    1.324342 1.691268e-02 2.892900e-15 0 
    1.345861 1.710873e-02 2.833600e-15 0 
    1.367729 1.714792e-02 2.750000e-15 0 
    1.386756 1.730719e-02 2.699900e-15 0 
    1.406047 1.742697e-02 2.644500e-15 0 
    1.428895 1.746709e-02 2.566500e-15 0 
    1.448771 1.742678e-02 2.490800e-15 0 
    1.468926 1.750721e-02 2.434100e-15 0 
    1.489361 1.791489e-02 2.422900e-15 0 
    1.510080 1.795617e-02 2.362300e-15 0 
    1.531087 1.841703e-02 2.356900e-15 0 
    1.552387 1.875951e-02 2.335300e-15 0 
    1.570363 1.924087e-02 2.340700e-15 0 
    1.592209 1.964387e-02 2.324600e-15 0 
    1.614359 1.973381e-02 2.271600e-15 0 
    1.633051 1.955338e-02 2.199600e-15 0 
    1.655770 2.010122e-02 2.199600e-15 0 
    1.674943 2.042730e-02 2.184400e-15 0 
    1.694338 2.038063e-02 2.129800e-15 0 
    1.713958 2.052244e-02 2.095800e-15 0 
    1.737800 2.052156e-02 2.038600e-15 0 
    1.757923 2.047423e-02 1.987600e-15 0 
    1.778279 2.010153e-02 1.907000e-15 0 
    1.798871 2.005526e-02 1.859300e-15 0 
    1.819702 1.982484e-02 1.796100e-15 0 
    1.840771 1.964391e-02 1.739200e-15 0 
    1.857805 1.915204e-02 1.664700e-15 0 
    1.879318 1.910841e-02 1.623100e-15 0 
    1.901077 1.897640e-02 1.575200e-15 0 
    1.923091 1.858755e-02 1.507800e-15 0 
    1.940886 1.845974e-02 1.470100e-15 0 
    1.963361 1.850169e-02 1.439900e-15 0 
    1.981527 1.820564e-02 1.391000e-15 0 
    2.004472 1.787434e-02 1.334600e-15 0 
    2.023020 1.775101e-02 1.301200e-15 0 
    2.046444 1.766889e-02 1.265700e-15 0 
    2.065380 1.762911e-02 1.239800e-15 0 
    2.084490 1.734708e-02 1.197700e-15 0 
    2.103778 1.738634e-02 1.178500e-15 0 
    2.128139 1.726748e-02 1.143800e-15 0 
    2.147829 1.714869e-02 1.115200e-15 0 
    2.167704 1.710884e-02 1.092300e-15 0 
    2.187762 1.699137e-02 1.065000e-15 0 
    2.208004 1.691235e-02 1.040700e-15 0 
    2.228435 1.660439e-02 1.003100e-15 0 
    2.249056 1.664250e-02 9.870500e-16 0 
    2.269865 1.648990e-02 9.601500e-16 0 
    2.290868 1.633866e-02 9.339800e-16 0 
    2.312064 1.622633e-02 9.106300e-16 0 
    2.333458 1.611456e-02 8.878500e-16 0 
    2.355050 1.486694e-02 8.041600e-16 0 
    2.371374 1.496990e-02 7.986200e-16 0 
    2.393317 1.352755e-02 7.085000e-16 0 
    2.415460 1.306819e-02 6.719500e-16 0 
    2.432205 1.343438e-02 6.813000e-16 0 
    2.454708 1.262462e-02 6.285500e-16 0 
    2.477422 1.250888e-02 6.114200e-16 0 
    2.494594 1.262460e-02 6.086100e-16 0 
    2.517677 1.208430e-02 5.719300e-16 0 
    2.535128 1.219606e-02 5.693000e-16 0 
    2.558586 1.099571e-02 5.039000e-16 0 
    2.576320 1.107189e-02 5.004300e-16 0 
    2.600159 1.130365e-02 5.015800e-16 0 
    2.618184 1.130371e-02 4.947000e-16 0 
    2.642408 1.159368e-02 4.981300e-16 0 
    2.660726 1.146094e-02 4.856700e-16 0 
    2.679168 1.156701e-02 4.834400e-16 0 
    2.703959 1.151374e-02 4.724300e-16 0 
    2.722701 1.156691e-02 4.681000e-16 0 
    2.741575 1.148731e-02 4.585000e-16 0 
    2.760578 1.148732e-02 4.522100e-16 0 
    2.786122 1.154047e-02 4.460100e-16 0 
    2.805433 1.146096e-02 4.368600e-16 0 
    2.824881 1.143447e-02 4.298700e-16 0 
    2.844461 1.135593e-02 4.210600e-16 0 
    2.864177 1.135585e-02 4.152800e-16 0 
    2.884032 1.130367e-02 4.077000e-16 0 
    2.904021 1.127762e-02 4.011800e-16 0 
    2.930893 1.125164e-02 3.929500e-16 0 
    2.951208 1.117416e-02 3.848900e-16 0 
    2.971666 1.117420e-02 3.796100e-16 0 
    2.992263 1.112281e-02 3.726800e-16 0 
    3.013007 1.104637e-02 3.650400e-16 0 
    3.033890 1.099568e-02 3.583800e-16 0 
    3.047896 1.092001e-02 3.526500e-16 0 
    3.069022 1.084460e-02 3.454100e-16 0 
    3.090294 1.081974e-02 3.398900e-16 0 
    3.111717 1.074531e-02 3.329200e-16 0 
    3.133284 1.074522e-02 3.283500e-16 0 
    3.155005 1.072052e-02 3.231000e-16 0 
    3.176873 1.069606e-02 3.179400e-16 0 
    3.191539 1.062222e-02 3.128500e-16 0 
    3.213660 1.062229e-02 3.085600e-16 0 
    3.235938 1.059800e-02 3.036300e-16 0 
    3.258367 1.059784e-02 2.994600e-16 0 
    3.273406 1.059803e-02 2.967200e-16 0 
    3.296098 1.067124e-02 2.946700e-16 0 
    3.318944 1.084465e-02 2.953500e-16 0 
    3.341952 1.127772e-02 3.029300e-16 0 
    3.357376 1.247995e-02 3.321500e-16 0 
    3.380647 1.589361e-02 4.172000e-16 0 
    3.404082 1.589341e-02 4.114700e-16 0 
    3.419794 1.233744e-02 3.164800e-16 0 
    3.443501 1.104624e-02 2.794700e-16 0 
    3.459394 1.045233e-02 2.620200e-16 0 
    3.483372 1.016779e-02 2.513900e-16 0 
    3.499453 9.958996e-03 2.439700e-16 0 
    3.523708 9.867820e-03 2.384200e-16 0 
    3.548136 9.777245e-03 2.329900e-16 0 
    3.564512 9.643238e-03 2.276900e-16 0 
    3.589218 9.598740e-03 2.235300e-16 0 
    3.605788 9.489078e-03 2.189500e-16 0 
    3.622430 9.380480e-03 2.144600e-16 0 
    3.647538 9.358852e-03 2.110300e-16 0 
    3.664377 9.251656e-03 2.067000e-16 0 
    3.689775 9.209260e-03 2.029300e-16 0 
    3.706805 9.145613e-03 1.996800e-16 0 
    3.732502 9.103817e-03 1.960400e-16 0 
    3.749729 8.999636e-03 1.920200e-16 0 
    3.767040 8.937706e-03 1.889500e-16 0 
    3.793150 8.875949e-03 1.850700e-16 0 
    3.810657 8.794466e-03 1.816900e-16 0 
    3.828249 8.734182e-03 1.787900e-16 0 
    3.854783 8.654086e-03 1.747200e-16 0 
    3.872575 8.634179e-03 1.727200e-16 0 
    3.890453 8.574837e-03 1.699600e-16 0 
    3.917418 8.554975e-03 1.672400e-16 0 
    3.935499 8.496284e-03 1.645700e-16 0 
    3.953667 8.437354e-03 1.619300e-16 0 
    3.971915 8.360285e-03 1.589800e-16 0 
    3.999450 8.341172e-03 1.564400e-16 0 
    4.017909 8.283816e-03 1.539400e-16 0 
    4.036454 8.226315e-03 1.514700e-16 0 
    4.055084 8.151145e-03 1.487100e-16 0 
    4.073804 8.094916e-03 1.463300e-16 0 
    4.102040 8.057761e-03 1.436600e-16 0 
    4.120973 8.020797e-03 1.416900e-16 0 
    4.139998 7.965336e-03 1.394200e-16 0 
    4.159106 7.892574e-03 1.368800e-16 0 
    4.178302 7.874234e-03 1.353100e-16 0 
    4.197591 7.838449e-03 1.334600e-16 0 
    4.226686 7.820051e-03 1.313200e-16 0 
    4.246193 7.784219e-03 1.295200e-16 0 
    4.265796 7.748290e-03 1.277400e-16 0 
    4.285485 7.695095e-03 1.257000e-16 0 
    4.305264 7.660021e-03 1.239800e-16 0 
    4.325140 7.606823e-03 1.219900e-16 0 
    4.345102 7.607346e-03 1.208800e-16 0 
    4.365157 7.554512e-03 1.189400e-16 0 
    4.385309 7.519937e-03 1.173100e-16 0 
    4.405549 7.315200e-03 1.130700e-16 0 
    4.425883 7.132151e-03 1.092300e-16 0 
    4.446310 7.198138e-03 1.092300e-16 0 
    4.466837 7.018006e-03 1.055200e-16 0 
    4.487454 6.937951e-03 1.033600e-16 0 
    4.508165 6.905942e-03 1.019400e-16 0 
    4.528977 6.748669e-03 9.870500e-17 0 
    4.549880 6.748659e-03 9.780000e-17 0 
    4.570880 6.717639e-03 9.645800e-17 0 
    4.591982 6.595091e-03 9.383000e-17 0 
    4.613176 6.656111e-03 9.383000e-17 0 
    4.634468 6.595053e-03 9.211700e-17 0 
    4.655863 6.534622e-03 9.043600e-17 0 
    4.677352 6.564745e-03 9.002000e-17 0 
    4.698940 6.564762e-03 8.919500e-17 0 
    4.720628 6.459781e-03 8.696400e-17 0 
    4.731515 6.504610e-03 8.716500e-17 0 
    4.753353 6.474717e-03 8.596900e-17 0 
    4.775292 6.459828e-03 8.498500e-17 0 
    4.797337 6.489613e-03 8.459400e-17 0 
    4.819479 6.489574e-03 8.381800e-17 0 
    4.841723 6.459755e-03 8.266800e-17 0 
    4.864070 6.519523e-03 8.266800e-17 0 
    4.875287 6.459782e-03 8.153400e-17 0 
    4.897789 6.474692e-03 8.097300e-17 0 
    4.920395 6.474718e-03 8.023100e-17 0 
    4.943104 6.444948e-03 7.913000e-17 0 
    4.965924 6.519552e-03 7.931200e-17 0 
    4.977371 6.474660e-03 7.840400e-17 0 
    5.000344 6.460389e-03 7.751400e-17 0 
    5.023429 6.514794e-03 7.745000e-17 0 
    5.046614 6.554440e-03 7.720700e-17 0 
    5.069906 6.609427e-03 7.714100e-17 0 
    5.081593 6.599048e-03 7.666600e-17 0 
    5.105052 6.685137e-03 7.695400e-17 0 
    5.128614 6.710165e-03 7.653400e-17 0 
    5.152285 6.781895e-03 7.664300e-17 0 
    5.164162 6.802353e-03 7.652100e-17 0 
    5.188002 6.827620e-03 7.610100e-17 0 
    5.211947 6.900479e-03 7.620800e-17 0 
    5.223961 6.937241e-03 7.626200e-17 0 
    5.236003 6.974105e-03 7.631500e-17 0 
    5.248072 6.994999e-03 7.619200e-17 0 
    5.260175 7.016048e-03 7.607000e-17 0 
    5.272300 7.053248e-03 7.612200e-17 0 
    5.284453 7.074353e-03 7.599900e-17 0 
    5.296634 7.111960e-03 7.605200e-17 0 
    5.308843 7.182645e-03 7.645500e-17 0 
    5.321080 7.220704e-03 7.650700e-17 0 
    5.333352 7.242291e-03 7.638300e-17 0 
    5.345646 7.280672e-03 7.643500e-17 0 
    5.357968 7.319251e-03 7.648700e-17 0 
    5.370318 7.341014e-03 7.636200e-17 0 
    5.382697 7.396916e-03 7.659000e-17 0 
    5.395105 7.436005e-03 7.664100e-17 0 
    5.407541 7.509802e-03 7.704600e-17 0 
    5.420011 7.566902e-03 7.727500e-17 0 
    5.432505 7.589433e-03 7.714900e-17 0 
    5.445027 7.611909e-03 7.702200e-17 0 
    5.457579 7.669780e-03 7.725100e-17 0 
    5.470159 7.728021e-03 7.748000e-17 0 
    5.482768 7.786735e-03 7.771000e-17 0 
    5.495406 7.845826e-03 7.794000e-17 0 
    5.508079 7.887213e-03 7.799100e-17 0 
    5.520776 7.946985e-03 7.822100e-17 0 
    5.533502 8.025715e-03 7.863300e-17 0 
    5.546257 8.086648e-03 7.886600e-17 0 
    5.559041 8.147868e-03 7.909800e-17 0 
    5.571855 8.209690e-03 7.933200e-17 0 
    5.584705 8.252903e-03 7.938300e-17 0 
    5.597578 8.353763e-03 7.998400e-17 0 
    5.610481 8.417083e-03 8.022000e-17 0 
    5.623413 8.480806e-03 8.045600e-17 0 
    5.636376 8.564640e-03 8.087800e-17 0 
    5.649368 8.649381e-03 8.130300e-17 0 
    5.662390 8.734937e-03 8.173000e-17 0 
    5.675448 8.841625e-03 8.234800e-17 0 
    5.688531 8.970236e-03 8.316200e-17 0 
    5.701643 9.038078e-03 8.340600e-17 0 
    5.714786 9.127366e-03 8.384300e-17 0 
    5.727959 9.260048e-03 8.467100e-17 0 
    5.741162 9.373103e-03 8.531100e-17 0 
    5.754402 9.487467e-03 8.595500e-17 0 
    5.767667 9.625402e-03 8.680400e-17 0 
    5.780962 9.720403e-03 8.725800e-17 0 
    5.794287 9.861622e-03 8.811900e-17 0 
    5.807643 1.002800e-02 8.919400e-17 0 
    5.821030 1.017368e-02 9.007400e-17 0 
    5.834448 1.032151e-02 9.096300e-17 0 
    5.847904 1.049559e-02 9.207200e-17 0 
    5.861383 1.069714e-02 9.340900e-17 0 
    5.874894 1.090252e-02 9.476500e-17 0 
    5.888436 1.108633e-02 9.592000e-17 0 
    5.902009 1.132525e-02 9.753700e-17 0 
    5.915614 1.156930e-02 9.918100e-17 0 
    5.929250 1.181828e-02 1.008500e-16 0 
    5.942924 1.207299e-02 1.025500e-16 0 
    5.956623 1.239009e-02 1.047600e-16 0 
    5.970353 1.268610e-02 1.067700e-16 0 
    5.984115 1.301919e-02 1.090700e-16 0 
    5.997909 1.339226e-02 1.116800e-16 0 
    6.011735 1.377573e-02 1.143500e-16 0 
    6.025599 1.420242e-02 1.173500e-16 0 
    6.039488 1.467527e-02 1.207000e-16 0 
    6.053410 1.516564e-02 1.241600e-16 0 
    6.079422 1.932606e-02 1.568700e-16 3 
    6.110407 1.525717e-02 1.225900e-16 3 
    6.141393 1.953726e-02 1.554000e-16 3 
    6.172378 2.341265e-02 1.843600e-16 3 
    6.203363 2.762346e-02 2.153500e-16 3 
    6.234349 2.735985e-02 2.111800e-16 3 
    6.265334 3.192300e-02 2.439700e-16 3 
    6.296319 3.728352e-02 2.821400e-16 3 
    6.327305 5.896324e-02 4.418400e-16 3 
    6.358290 8.246069e-02 6.119100e-16 3 
    6.389276 9.526012e-02 7.000500e-16 3 
    6.420261 8.463789e-02 6.160000e-16 3 
    6.451246 6.782995e-02 4.889400e-16 3 
    6.482232 5.774437e-02 4.122700e-16 3 
    6.513217 4.937214e-02 3.491500e-16 3 
    6.544202 4.433122e-02 3.105400e-16 3 
    6.575188 3.562552e-02 2.472100e-16 3 
    6.606173 3.112658e-02 2.139700e-16 3 
    6.637158 3.053088e-02 2.079200e-16 3 
    6.668145 2.816953e-02 1.900600e-16 3 
    6.699129 2.484315e-02 1.660700e-16 3 
    6.730114 2.847057e-02 1.885700e-16 3 
    6.761100 2.426418e-02 1.592400e-16 3 
    6.792085 3.210201e-02 2.087600e-16 3 
    6.823071 3.509418e-02 2.261500e-16 3 
    6.854056 3.114491e-02 1.988900e-16 3 
    6.885041 2.772963e-02 1.754900e-16 3 
    6.916027 3.055472e-02 1.916400e-16 3 
    6.947012 2.700845e-02 1.678900e-16 3 
    6.977998 2.908725e-02 1.792100e-16 3 
    7.008983 2.771025e-02 1.692200e-16 3 
    7.039968 3.343065e-02 2.023600e-16 3 
    7.070954 2.847575e-02 1.708600e-16 3 
    7.101939 3.001034e-02 1.785000e-16 3 
    7.132924 3.889330e-02 2.293300e-16 3 
    7.163910 5.549919e-02 3.244200e-16 3 
    7.194895 4.737844e-02 2.745700e-16 3 
    7.225881 4.284976e-02 2.462000e-16 3 
    7.256866 3.822215e-02 2.177400e-16 3 
    7.287851 3.696649e-02 2.088000e-16 3 
    7.318838 3.688334e-02 2.065700e-16 3 
    7.349822 3.521556e-02 1.955700e-16 3 
    7.380807 3.796817e-02 2.090900e-16 3 
    7.411793 4.590708e-02 2.507000e-16 3 
    7.442778 4.957478e-02 2.684800e-16 3 
    7.473763 5.449236e-02 2.926700e-16 3 
    7.504748 5.496765e-02 2.927900e-16 3 
    7.533706 5.545511e-02 2.931200e-16 3 
    7.535734 5.791357e-02 3.059500e-16 3 
    7.566720 6.721194e-02 3.521700e-16 3 
    7.595799 7.172595e-02 3.729500e-16 3 
    7.597705 7.675131e-02 3.988800e-16 3 
    7.657894 8.821131e-02 4.512600e-16 3 
    7.719988 1.076483e-01 5.418700e-16 3 
    7.782082 1.268648e-01 6.284500e-16 3 
    7.844176 1.254763e-01 6.117700e-16 3 
    7.906271 1.188944e-01 5.706100e-16 3 
    7.968365 1.172242e-01 5.538600e-16 3 
    8.030459 1.127792e-01 5.246500e-16 3 
    8.092554 1.025019e-01 4.695500e-16 3 
    8.154648 8.892372e-02 4.011700e-16 3 
    8.216741 7.732473e-02 3.435900e-16 3 
    8.278836 6.922223e-02 3.029900e-16 3 
    8.340930 6.055469e-02 2.611200e-16 3 
    8.403025 5.631449e-02 2.392600e-16 3 
    8.465119 5.428350e-02 2.272600e-16 3 
    8.527213 5.758414e-02 2.375800e-16 3 
    8.589307 5.861273e-02 2.383400e-16 3 
    8.651402 6.246461e-02 2.503700e-16 3 
    8.713495 6.818318e-02 2.694100e-16 3 
    8.775590 7.241085e-02 2.820800e-16 3 
    8.837684 7.407706e-02 2.845300e-16 3 
    8.899778 6.999703e-02 2.651200e-16 3 
    8.961872 5.808391e-02 2.169600e-16 3 
    9.023966 4.741240e-02 1.746700e-16 3 
    9.086060 3.834474e-02 1.393400e-16 3 
    9.148155 3.326069e-02 1.192300e-16 3 
    9.210249 3.168069e-02 1.120400e-16 3 
    9.272344 2.900842e-02 1.012200e-16 3 
    9.334438 2.462023e-02 8.476900e-17 3 
    9.396532 2.286159e-02 7.767700e-17 3 
    9.458626 2.390879e-02 8.017200e-17 3 
    9.520720 2.352003e-02 7.784300e-17 3 
    9.582815 2.320369e-02 7.580400e-17 3 
    9.644909 2.223652e-02 7.171200e-17 3 
    9.707002 2.068227e-02 6.584900e-17 3 
    9.769098 2.328589e-02 7.319900e-17 3 
    9.831192 2.348233e-02 7.288700e-17 3 
    9.893286 2.315446e-02 7.097000e-17 3 
    9.955380 2.487981e-02 7.531000e-17 3 
   10.017470 2.252015e-02 6.732500e-17 3 
   10.079570 2.066464e-02 6.101900e-17 3 
   10.141659 2.050277e-02 5.980200e-17 3 
   10.203760 2.021912e-02 5.825900e-17 3 
   10.265850 2.173129e-02 6.186100e-17 3 
   10.327949 2.304353e-02 6.481000e-17 3 
   10.390041 2.367732e-02 6.579900e-17 3 
   10.452130 2.037275e-02 5.594500e-17 3 
   10.514230 2.010924e-02 5.457100e-17 3 
   10.576320 1.979971e-02 5.310200e-17 3 
   10.638420 2.365303e-02 6.269800e-17 3 
   10.700510 2.438106e-02 6.388000e-17 3 
   10.762600 2.802902e-02 7.259300e-17 3 
   10.824700 3.198463e-02 8.189000e-17 3 
   10.886791 2.874282e-02 7.275300e-17 3 
   10.948890 2.810145e-02 7.032500e-17 3 
   11.010980 2.849179e-02 7.050000e-17 3 
   11.073080 2.963272e-02 7.250300e-17 3 
   11.135170 2.995399e-02 7.247400e-17 3 
   11.197260 3.498273e-02 8.370500e-17 3 
   11.259360 4.235070e-02 1.002200e-16 3 
   11.321450 4.933892e-02 1.154800e-16 3 
   11.383550 5.497869e-02 1.272800e-16 3 
   11.445640 7.802083e-02 1.786700e-16 3 
   11.507740 1.214807e-01 2.752000e-16 3 
   11.569830 1.284708e-01 2.879200e-16 3 
   11.631920 1.069739e-01 2.371900e-16 3 
   11.694020 8.217314e-02 1.802700e-16 3 
   11.756110 6.568477e-02 1.425800e-16 3 
   11.818209 5.499277e-02 1.181200e-16 3 
   11.880299 5.032165e-02 1.069600e-16 3 
   11.942400 4.479913e-02 9.423400e-17 3 
   12.004490 3.573200e-02 7.438600e-17 3 
   12.066580 4.240377e-02 8.736900e-17 3 
   12.128680 4.107511e-02 8.376700e-17 3 
   12.190770 4.402072e-02 8.886200e-17 3 
   12.252870 4.616084e-02 9.224000e-17 3 
   12.314959 4.647718e-02 9.193800e-17 3 
   12.377051 4.604984e-02 9.018100e-17 3 
   12.439150 4.551455e-02 8.824500e-17 3 
   12.501240 4.153376e-02 7.972900e-17 3 
   12.563340 4.588757e-02 8.721800e-17 3 
   12.625430 4.890809e-02 9.204700e-17 3 
   12.687530 4.844817e-02 9.029100e-17 3 
   12.749620 4.858324e-02 8.966300e-17 3 
   12.811710 5.263475e-02 9.620100e-17 3 
   12.873810 5.555989e-02 1.005700e-16 3 
   12.935900 5.902551e-02 1.058200e-16 3 
   12.998000 6.305140e-02 1.119600e-16 3 
   13.060090 7.490119e-02 1.317400e-16 3 
   13.122180 1.111038e-01 1.935700e-16 3 
   13.184280 1.119898e-01 1.932800e-16 3 
   13.246370 5.635920e-02 9.635900e-17 3 
   13.308470 3.812054e-02 6.456900e-17 3 
   13.370559 3.480330e-02 5.840400e-17 3 
   13.432659 3.575226e-02 5.944300e-17 3 
   13.494750 3.291243e-02 5.421900e-17 3 
   13.556841 3.141058e-02 5.127200e-17 3 
   13.618941 3.302206e-02 5.341200e-17 3 
   13.681030 3.529039e-02 5.656400e-17 3 
   13.743130 3.660623e-02 5.814400e-17 3 
   13.805220 3.710990e-02 5.841500e-17 3 
   13.867320 3.484971e-02 5.436700e-17 3 
   13.929409 3.139639e-02 4.854400e-17 3 
   13.991500 3.374546e-02 5.171400e-17 3 
   14.053600 3.086587e-02 4.688400e-17 3 
   14.115691 3.248019e-02 4.890300e-17 3 
   14.177789 3.572679e-02 5.332100e-17 3 
   14.239880 3.071285e-02 4.543900e-17 3 
   14.301980 3.213086e-02 4.712500e-17 3 
   14.364070 3.023234e-02 4.395800e-17 3 
   14.426159 3.231734e-02 4.658600e-17 3 
   14.488261 2.732535e-02 3.905300e-17 3 
   14.541691 2.653762e-02 3.764900e-17 3 
   14.633380 3.855729e-02 5.401800e-17 3 
   14.725080 3.184697e-02 4.406300e-17 3 
   14.816770 3.068098e-02 4.192600e-17 3 
   14.908459 3.202131e-02 4.322100e-17 3 
   15.000150 3.370792e-02 4.494300e-17 3 
   15.091850 2.349385e-02 3.094500e-17 3 
   15.183541 2.449794e-02 3.187900e-17 3 
   15.275230 2.601192e-02 3.344400e-17 3 
   15.366930 2.783018e-02 3.535600e-17 3 
   15.458620 3.193581e-02 4.009200e-17 3 
   15.550309 2.639782e-02 3.275000e-17 3 
   15.642000 3.069739e-02 3.763900e-17 3 
   15.733700 2.926116e-02 3.546100e-17 3 
   15.825391 3.125946e-02 3.744500e-17 3 
   15.917080 4.323223e-02 5.119200e-17 3 
   16.008780 5.172179e-02 6.054500e-17 3 
   16.100470 3.535831e-02 4.092000e-17 3 
   16.192159 3.044766e-02 3.483900e-17 3 
   16.283859 2.588355e-02 2.928400e-17 3 
   16.375550 3.729997e-02 4.172900e-17 3 
   16.467239 3.361513e-02 3.718900e-17 3 
   16.558930 3.487709e-02 3.815900e-17 3 
   16.650631 2.936748e-02 3.177800e-17 3 
   16.742319 4.079469e-02 4.366100e-17 3 
   16.834009 5.235139e-02 5.542100e-17 3 
   16.925700 5.690530e-02 5.959100e-17 3 
   17.017400 5.544816e-02 5.744100e-17 3 
   17.109091 4.727541e-02 4.845100e-17 3 
   17.200781 5.357459e-02 5.432300e-17 3 
   17.292481 4.748395e-02 4.763800e-17 3 
   17.384170 5.021813e-02 4.985100e-17 3 
   17.475861 6.271201e-02 6.160200e-17 3 
   17.567561 6.368151e-02 6.190300e-17 3 
   17.659250 5.402786e-02 5.197500e-17 3 
   17.750941 4.859934e-02 4.627100e-17 3 
   17.842630 4.848190e-02 4.568600e-17 3 
   17.934330 4.934711e-02 4.602700e-17 3 
   18.026020 4.350370e-02 4.016500e-17 3 
   18.117709 2.982602e-02 2.725900e-17 3 
   18.209409 4.000765e-02 3.619700e-17 3 
   18.301100 4.558847e-02 4.083400e-17 3 
   18.392789 3.931435e-02 3.486400e-17 3 
   18.484489 4.450107e-02 3.907300e-17 3 
   18.576180 3.037690e-02 2.640900e-17 3 
   18.667870 5.002565e-02 4.306500e-17 3 
   18.759559 4.198301e-02 3.578900e-17 3 
   18.851259 3.908122e-02 3.299200e-17 3 
   18.942950 3.132872e-02 2.619200e-17 3 
   19.034639 3.510736e-02 2.906900e-17 3 
   19.126341 6.128408e-02 5.025800e-17 3 
   19.218031 9.983556e-02 8.109400e-17 3 
   19.309719 7.671081e-02 6.172000e-17 3 
   19.401409 4.637303e-02 3.695900e-17 3 
   19.493111 3.889869e-02 3.071100e-17 3 
   19.584800 4.445128e-02 3.476700e-17 3 
   19.676491 2.503146e-02 1.939600e-17 3 
   19.768191 4.625549e-02 3.551000e-17 3 
   19.859880 4.729428e-02 3.597300e-17 3 
   19.951570 4.033992e-02 3.040200e-17 3 
   20.043261 4.330540e-02 3.233900e-17 3 
   20.134961 6.046654e-02 4.474400e-17 3 
   20.226650 4.197544e-02 3.078000e-17 3 
   20.318341 3.422677e-02 2.487200e-17 3 
   20.410041 5.341952e-02 3.847100e-17 3 
   20.555241 6.396922e-02 4.542000e-17 3 
   20.730739 7.835592e-02 5.469700e-17 3 
   20.906339 6.053343e-02 4.154900e-17 3 
   21.082041 7.419244e-02 5.007900e-17 3 
   21.257830 7.885272e-02 5.234800e-17 3 
   21.433709 7.853357e-02 5.128400e-17 3 
   21.609689 8.881778e-02 5.705900e-17 3 
   21.785761 8.053658e-02 5.090600e-17 3 
   21.961930 1.003544e-01 6.241900e-17 3 
   22.138200 9.201625e-02 5.632500e-17 3 
   22.314559 8.517920e-02 5.131900e-17 3 
   22.491020 9.615627e-02 5.702700e-17 3 
   22.667570 1.062046e-01 6.200900e-17 3 
   22.844219 9.962624e-02 5.727200e-17 3 
   23.020969 9.352823e-02 5.294400e-17 3 
   23.197809 1.098861e-01 6.125900e-17 3 
   23.374750 1.116999e-01 6.133100e-17 3 
   23.551791 1.185310e-01 6.410700e-17 3 
   23.728920 1.187929e-01 6.329300e-17 3 
   23.906161 1.150077e-01 6.037100e-17 3 
   24.083481 1.232511e-01 6.374900e-17 3 
   24.260909 1.368927e-01 6.977300e-17 3 
   24.438441 1.249879e-01 6.278300e-17 3 
   24.616061 1.273708e-01 6.306000e-17 3 
   24.793780 1.226287e-01 5.984500e-17 3 
   24.971600 1.359884e-01 6.542300e-17 3 
   25.149509 1.357614e-01 6.439300e-17 3 
   25.327530 1.291734e-01 6.041000e-17 3 
   25.505641 1.276420e-01 5.886300e-17 3 
   25.683861 1.392544e-01 6.333000e-17 3 
   25.862169 1.462088e-01 6.557900e-17 3 
   26.040581 1.477244e-01 6.535400e-17 3 
   26.219091 1.536843e-01 6.706800e-17 3 
   26.397700 1.376930e-01 5.927900e-17 3 
   26.576409 1.563784e-01 6.642100e-17 3 
   26.755222 1.617636e-01 6.779300e-17 3 
   26.934131 1.521094e-01 6.290300e-17 3 
   27.113141 1.520380e-01 6.204600e-17 3 
   27.292250 1.730698e-01 6.970500e-17 3 
   27.471459 1.645834e-01 6.542500e-17 3 
   27.650781 1.614865e-01 6.336400e-17 3 
   27.830191 1.643117e-01 6.364400e-17 3 
   28.009700 1.710331e-01 6.540100e-17 3 
   28.189319 1.816171e-01 6.856600e-17 3 
   28.369041 1.761418e-01 6.565900e-17 3 
   28.548850 1.673026e-01 6.158100e-17 3 
   28.728769 1.778062e-01 6.463000e-17 3 
   28.908791 1.797184e-01 6.451400e-17 3 
   29.088922 1.800048e-01 6.381900e-17 3 
   29.269150 1.799577e-01 6.301900e-17 3 
   29.449472 1.770621e-01 6.124800e-17 3 
   29.629909 1.981404e-01 6.770700e-17 3 
   29.810441 2.062200e-01 6.961700e-17 3 
   29.991078 1.901558e-01 6.342300e-17 3 
   30.171819 2.059125e-01 6.785800e-17 3 
   30.352659 2.086309e-01 6.793700e-17 3 
   30.533609 1.993882e-01 6.416000e-17 3 
   30.714659 2.084735e-01 6.629500e-17 3 
   30.895809 2.191776e-01 6.888400e-17 3 
   31.077069 2.016751e-01 6.264600e-17 3 
   31.258441 2.235647e-01 6.864200e-17 3 
   31.439909 2.118452e-01 6.429500e-17 3 
   31.621481 2.164389e-01 6.493700e-17 3 
   31.803150 2.436526e-01 7.226900e-17 3 
   31.984941 2.470019e-01 7.243200e-17 3 
   32.166822 2.210577e-01 6.409300e-17 3 
   32.348819 2.473485e-01 7.091100e-17 3 
   32.530909 2.432340e-01 6.895300e-17 3 
   32.713119 2.535823e-01 7.108800e-17 3 
   32.895431 2.478752e-01 6.872000e-17 3 
   33.077838 2.742288e-01 7.519000e-17 3 
   33.260359 2.780969e-01 7.541600e-17 3 
   33.442991 2.552303e-01 6.846100e-17 3 
   33.625728 2.904478e-01 7.706300e-17 3 
   33.808572 2.477000e-01 6.501200e-17 3 
   33.991519 2.800322e-01 7.270900e-17 3 
   34.174569 3.500511e-01 8.991800e-17 3 
   34.357731 4.826875e-01 1.226700e-16 3 
   34.541013 3.623508e-01 9.111300e-17 3 
   34.724381 3.176916e-01 7.904200e-17 3 
   34.907872 3.011304e-01 7.413600e-17 3 
