# CGCG 436-030   
# 
# An Atlas of Galaxy Spectral Energy Distributions from the Ultraviolet to the Mid-Infrared
# Brown et al. (2014)
# http://dx.doi.org/10.5072/03/529D3551F0117
# http://dx.doi.org/10.17909/t9-5bxk-dh29
# 
# The Spectral Energy Distributions of Active Galactic Nuclei
# Brown et al. (2019)
# http://dx.doi.org/10.17909/t9-3dbt-8734
# 
# Column 1: Observed wavelength (um)
# Column 2: f_nu (Jy)
# Column 3: f_lam (erg/s/cm2/A)
# Column 4: Source (0 = model, 1 = Optical Spectrun, 2 = Akari, 3 = Spitzer IRS)
# 
    0.010520 3.562812e-20 9.657900e-29 0 
    0.010715 5.786486e-20 1.512000e-28 0 
    0.010940 9.596630e-20 2.405500e-28 0 
    0.011143 1.606010e-19 3.880300e-28 0 
    0.011350 3.036647e-19 7.071700e-28 0 
    0.011749 7.190452e-19 1.562700e-27 0 
    0.012162 1.552705e-18 3.149200e-27 0 
    0.012474 8.842268e-18 1.704800e-26 0 
    0.012882 1.709464e-17 3.090400e-26 0 
    0.013092 2.278026e-17 3.987200e-26 0 
    0.013213 2.681310e-17 4.607500e-26 0 
    0.013521 3.998157e-17 6.560900e-26 0 
    0.013614 5.231867e-17 8.468500e-26 0 
    0.013804 6.689590e-17 1.053200e-25 0 
    0.014125 1.134512e-16 1.705900e-25 0 
    0.014421 1.615613e-16 2.330600e-25 0 
    0.014757 5.804925e-16 7.996900e-25 0 
    0.015171 1.849867e-15 2.411200e-24 0 
    0.015560 2.763727e-15 3.424500e-24 0 
    0.015996 4.118858e-15 4.829200e-24 0 
    0.016406 6.082406e-15 6.779400e-24 0 
    0.016711 7.990489e-15 8.584000e-24 0 
    0.017100 1.150536e-14 1.180400e-23 0 
    0.017539 1.615089e-14 1.575100e-23 0 
    0.017824 2.073595e-14 1.958100e-23 0 
    0.018239 2.844696e-14 2.565400e-23 0 
    0.018578 3.584761e-14 3.115900e-23 0 
    0.018750 4.141641e-14 3.534200e-23 0 
    0.019187 5.552179e-14 4.524500e-23 0 
    0.019679 7.863762e-14 6.091800e-23 0 
    0.019999 9.707429e-14 7.281300e-23 0 
    0.020417 1.257106e-13 9.047100e-23 0 
    0.020845 1.628124e-13 1.124100e-22 0 
    0.021135 1.959770e-13 1.316200e-22 0 
    0.021677 2.525045e-13 1.612100e-22 0 
    0.022284 3.708931e-13 2.240700e-22 0 
    0.022699 4.640637e-13 2.702000e-22 0 
    0.023014 5.395309e-13 3.056000e-22 0 
    0.023388 6.673930e-13 3.660300e-22 0 
    0.023714 1.058912e-12 5.649000e-22 0 
    0.024155 1.841257e-12 9.467200e-22 0 
    0.024774 2.897724e-12 1.416400e-21 0 
    0.025351 3.420307e-12 1.596600e-21 0 
    0.026002 4.570688e-12 2.028100e-21 0 
    0.026485 4.593597e-12 1.964600e-21 0 
    0.026792 5.897059e-12 2.464600e-21 0 
    0.027227 7.094084e-12 2.870900e-21 0 
    0.027733 8.356480e-12 3.259500e-21 0 
    0.028249 9.753229e-12 3.666600e-21 0 
    0.028774 1.133068e-11 4.105600e-21 0 
    0.029309 1.322314e-11 4.618000e-21 0 
    0.029923 1.500697e-11 5.028100e-21 0 
    0.030549 1.799725e-11 5.785400e-21 0 
    0.031046 2.015419e-11 6.273000e-21 0 
    0.031769 2.455384e-11 7.298500e-21 0 
    0.032810 3.201320e-11 8.921500e-21 0 
    0.033806 4.032721e-11 1.058600e-20 0 
    0.034834 4.986701e-11 1.232900e-20 0 
    0.035892 6.080902e-11 1.416100e-20 0 
    0.036813 7.300897e-11 1.616200e-20 0 
    0.037757 8.886184e-11 1.870000e-20 0 
    0.038637 1.035568e-10 2.081100e-20 0 
    0.039719 1.181043e-10 2.245900e-20 0 
    0.040738 1.460435e-10 2.640000e-20 0 
    0.041783 1.752395e-10 3.011300e-20 0 
    0.042658 1.986511e-10 3.275000e-20 0 
    0.043551 2.190234e-10 3.464300e-20 0 
    0.044361 2.426943e-10 3.699800e-20 0 
    0.045499 2.864410e-10 4.151000e-20 0 
    0.046559 3.237015e-10 4.479800e-20 0 
    0.047424 3.528437e-10 4.706600e-20 0 
    0.048417 3.970069e-10 5.080700e-20 0 
    0.049545 4.557900e-10 5.570400e-20 0 
    0.050582 4.919047e-10 5.767800e-20 0 
    0.051523 5.677965e-10 6.416700e-20 0 
    0.052240 6.440118e-10 7.079600e-20 0 
    0.052845 1.402162e-09 1.506300e-19 0 
    0.053580 1.593877e-09 1.665600e-19 0 
    0.054702 1.863810e-09 1.868600e-19 0 
    0.055719 1.983947e-09 1.917100e-19 0 
    0.056754 3.152194e-09 2.935900e-19 0 
    0.057810 4.146526e-09 3.722200e-19 0 
    0.058749 5.247347e-09 4.561000e-19 0 
    0.059841 5.456525e-09 4.571300e-19 0 
    0.060813 7.675411e-09 6.226300e-19 0 
    0.061944 8.994962e-09 7.032700e-19 0 
    0.062951 1.177938e-08 8.917400e-19 0 
    0.063973 1.459401e-08 1.069800e-18 0 
    0.065013 1.746750e-08 1.239800e-18 0 
    0.066069 1.889075e-08 1.298300e-18 0 
    0.066988 2.379664e-08 1.590900e-18 0 
    0.067920 2.790788e-08 1.814900e-18 0 
    0.068549 3.087064e-08 1.970900e-18 0 
    0.069663 3.306951e-08 2.044300e-18 0 
    0.070632 3.544599e-08 2.131500e-18 0 
    0.071614 5.101213e-08 2.984000e-18 0 
    0.072778 5.289928e-08 2.996200e-18 0 
    0.073790 6.784063e-08 3.737800e-18 0 
    0.074817 7.577076e-08 4.060900e-18 0 
    0.075858 8.384598e-08 4.371200e-18 0 
    0.076913 1.033773e-07 5.242600e-18 0 
    0.077804 1.182201e-07 5.858800e-18 0 
    0.078886 1.347612e-07 6.496600e-18 0 
    0.079983 1.568208e-07 7.354100e-18 0 
    0.080910 1.797147e-07 8.235700e-18 0 
    0.082035 1.992295e-07 8.881300e-18 0 
    0.082985 2.200240e-07 9.585000e-18 0 
    0.084140 2.416483e-07 1.024000e-17 0 
    0.085114 2.826279e-07 1.170400e-17 0 
    0.086099 2.372716e-07 9.602200e-18 0 
    0.087096 3.290430e-07 1.301300e-17 0 
    0.088105 3.558067e-07 1.375100e-17 0 
    0.089125 4.056626e-07 1.532100e-17 0 
    0.090157 4.603048e-07 1.698900e-17 0 
    0.091201 5.320229e-07 1.918900e-17 0 
    0.092257 5.898936e-07 2.079200e-17 0 
    0.093325 6.089431e-07 2.097500e-17 0 
    0.094406 1.072411e-06 3.609800e-17 0 
    0.095280 8.944827e-06 2.955900e-16 0 
    0.096383 2.095474e-05 6.767100e-16 0 
    0.097499 4.314798e-05 1.361700e-15 0 
    0.098401 6.623328e-05 2.052100e-15 0 
    0.099541 7.323306e-05 2.217300e-15 0 
    0.100462 1.046604e-05 3.111000e-16 0 
    0.101625 5.920148e-05 1.719700e-15 0 
    0.102565 7.068807e-05 2.015900e-15 0 
    0.103753 1.185300e-04 3.303300e-15 0 
    0.104713 1.212781e-04 3.318200e-15 0 
    0.105682 5.391496e-05 1.448200e-15 0 
    0.106660 8.310427e-05 2.191500e-15 0 
    0.107647 1.834477e-04 4.749300e-15 0 
    0.108893 1.869918e-04 4.730900e-15 0 
    0.109901 1.427727e-04 3.546200e-15 0 
    0.110918 1.829960e-04 4.462300e-15 0 
    0.111944 1.400223e-04 3.352100e-15 0 
    0.112980 2.079377e-04 4.887100e-15 0 
    0.114025 2.063673e-04 4.761700e-15 0 
    0.115080 1.996709e-04 4.523100e-15 0 
    0.116145 1.819530e-04 4.046500e-15 0 
    0.116950 2.536182e-04 5.562900e-15 0 
    0.118032 2.332235e-04 5.022200e-15 0 
    0.119124 2.620186e-04 5.539300e-15 0 
    0.120226 2.778789e-04 5.767400e-15 0 
    0.121060 1.857734e-04 3.802800e-15 0 
    0.122180 2.847457e-04 5.722400e-15 0 
    0.123311 1.810937e-04 3.572900e-15 0 
    0.124165 1.227292e-04 2.388200e-15 0 
    0.125314 9.601180e-05 1.834200e-15 0 
    0.126183 2.105439e-04 3.967000e-15 0 
    0.127350 3.512770e-04 6.497900e-15 0 
    0.128529 3.998815e-04 7.261900e-15 0 
    0.129420 3.827045e-04 6.854600e-15 0 
    0.130317 3.249209e-04 5.739800e-15 0 
    0.131522 4.580981e-04 7.944800e-15 0 
    0.132434 4.963879e-04 8.490700e-15 0 
    0.133660 3.731997e-04 6.267000e-15 0 
    0.134586 3.756174e-04 6.221100e-15 0 
    0.135519 5.111335e-04 8.349400e-15 0 
    0.136773 4.972157e-04 7.973800e-15 0 
    0.137721 4.308055e-04 6.814000e-15 0 
    0.138676 5.571743e-04 8.691800e-15 0 
    0.139637 5.478621e-04 8.429300e-15 0 
    0.140605 4.845372e-04 7.352700e-15 0 
    0.141906 5.298664e-04 7.893800e-15 0 
    0.142889 5.467200e-04 8.033200e-15 0 
    0.143880 4.823232e-04 6.989700e-15 0 
    0.144877 5.115453e-04 7.311500e-15 0 
    0.145881 5.265056e-04 7.422100e-15 0 
    0.146893 5.609157e-04 7.798600e-15 0 
    0.147911 5.641083e-04 7.735400e-15 0 
    0.148594 6.104653e-04 8.294300e-15 0 
    0.149279 6.308589e-04 8.492900e-15 0 
    0.149969 6.154730e-04 8.209700e-15 0 
    0.151008 5.683067e-04 7.476600e-15 0 
    0.152055 5.793437e-04 7.517200e-15 0 
    0.153109 6.056960e-04 7.751300e-15 0 
    0.154170 6.317479e-04 7.973800e-15 0 
    0.155239 5.995145e-04 7.463100e-15 0 
    0.155955 5.259624e-04 6.487500e-15 0 
    0.156315 5.794613e-04 7.114500e-15 0 
    0.157398 5.613322e-04 6.797400e-15 0 
    0.158125 4.823178e-04 5.787000e-15 0 
    0.159221 5.577883e-04 6.600700e-15 0 
    0.160325 5.315951e-04 6.204400e-15 0 
    0.161436 5.478318e-04 6.306200e-15 0 
    0.162555 5.952299e-04 6.757800e-15 0 
    0.163305 6.422314e-04 7.224600e-15 0 
    0.164437 6.647667e-04 7.375500e-15 0 
    0.165577 6.646764e-04 7.273300e-15 0 
    0.166725 6.815787e-04 7.355900e-15 0 
    0.167494 6.448080e-04 6.895300e-15 0 
    0.168655 7.051394e-04 7.437000e-15 0 
    0.169824 7.262344e-04 7.554400e-15 0 
    0.170608 6.728588e-04 6.935000e-15 0 
    0.171791 7.545076e-04 7.669800e-15 0 
    0.172584 6.644590e-04 6.692500e-15 0 
    0.172982 7.609560e-04 7.629200e-15 0 
    0.173780 8.149534e-04 8.095700e-15 0 
    0.174985 7.704847e-04 7.548900e-15 0 
    0.175792 7.421417e-04 7.204600e-15 0 
    0.177011 6.999142e-04 6.701400e-15 0 
    0.177828 7.042502e-04 6.681100e-15 0 
    0.179061 7.677341e-04 7.183400e-15 0 
    0.179887 7.565504e-04 7.013900e-15 0 
    0.181134 8.264938e-04 7.557200e-15 0 
    0.181970 7.565125e-04 6.853900e-15 0 
    0.183231 7.836862e-04 7.002700e-15 0 
    0.184077 8.103441e-04 7.174500e-15 0 
    0.184927 8.813963e-04 7.732000e-15 0 
    0.186209 8.899953e-04 7.700300e-15 0 
    0.187068 8.106462e-04 6.949500e-15 0 
    0.188365 8.471415e-04 7.162700e-15 0 
    0.189234 8.153466e-04 6.830700e-15 0 
    0.190108 7.493967e-04 6.220600e-15 0 
    0.191426 7.511269e-04 6.149400e-15 0 
    0.192309 7.834549e-04 6.355300e-15 0 
    0.193197 8.796153e-04 7.069900e-15 0 
    0.194536 8.038246e-04 6.372100e-15 0 
    0.195434 7.715661e-04 6.060300e-15 0 
    0.196336 8.366934e-04 6.511600e-15 0 
    0.197697 8.022272e-04 6.157700e-15 0 
    0.198610 7.987670e-04 6.074900e-15 0 
    0.199526 8.443170e-04 6.362500e-15 0 
    0.200447 8.741209e-04 6.526700e-15 0 
    0.201837 8.186880e-04 6.028900e-15 0 
    0.202768 9.185609e-04 6.702400e-15 0 
    0.203704 9.573524e-04 6.921400e-15 0 
    0.204645 9.015835e-04 6.458400e-15 0 
    0.205589 8.788402e-04 6.237800e-15 0 
    0.206538 9.220940e-04 6.484800e-15 0 
    0.207970 8.872040e-04 6.153800e-15 0 
    0.208930 9.523938e-04 6.545400e-15 0 
    0.209894 8.903761e-04 6.063100e-15 0 
    0.210863 9.382031e-04 6.330200e-15 0 
    0.211836 8.994644e-04 6.013200e-15 0 
    0.212814 9.091625e-04 6.022300e-15 0 
    0.213796 9.823415e-04 6.447400e-15 0 
    0.214289 9.174005e-04 5.993500e-15 0 
    0.214783 9.634921e-04 6.265700e-15 0 
    0.216272 9.112896e-04 5.844900e-15 0 
    0.217270 9.292865e-04 5.905700e-15 0 
    0.218273 9.431905e-04 5.939100e-15 0 
    0.219281 9.660909e-04 6.027500e-15 0 
    0.220293 8.982395e-04 5.552800e-15 0 
    0.221309 9.219885e-04 5.647400e-15 0 
    0.222331 9.683219e-04 5.876800e-15 0 
    0.223357 9.446526e-04 5.680600e-15 0 
    0.224388 9.386073e-04 5.592500e-15 0 
    0.225424 9.154837e-04 5.404700e-15 0 
    0.226464 9.677656e-04 5.661000e-15 0 
    0.227510 9.459115e-04 5.482400e-15 0 
    0.228560 9.054877e-04 5.200000e-15 0 
    0.229615 8.727070e-04 4.965800e-15 0 
    0.230675 9.326462e-04 5.258200e-15 0 
    0.231739 8.963740e-04 5.007400e-15 0 
    0.232809 8.726386e-04 4.830100e-15 0 
    0.233346 9.078326e-04 5.001800e-15 0 
    0.234423 9.426284e-04 5.145900e-15 0 
    0.235505 9.765116e-04 5.282000e-15 0 
    0.236592 9.354484e-04 5.013500e-15 0 
    0.237684 9.383602e-04 4.983000e-15 0 
    0.238781 9.051348e-04 4.762500e-15 0 
    0.239883 6.999251e-04 3.649000e-15 0 
    0.240991 8.677621e-04 4.482500e-15 0 
    0.241546 8.601530e-04 4.422800e-15 0 
    0.242661 9.266632e-04 4.721100e-15 0 
    0.243781 8.735297e-04 4.409600e-15 0 
    0.244906 9.049425e-04 4.526300e-15 0 
    0.246037 8.629353e-04 4.276600e-15 0 
    0.247172 9.361229e-04 4.596800e-15 0 
    0.247742 8.984846e-04 4.391700e-15 0 
    0.248886 9.329629e-04 4.518400e-15 0 
    0.250035 9.845257e-04 4.724400e-15 0 
    0.251189 9.540733e-04 4.536300e-15 0 
    0.252348 1.023160e-03 4.820200e-15 0 
    0.252930 1.011870e-03 4.745100e-15 0 
    0.254097 1.022068e-03 4.749000e-15 0 
    0.255270 9.996404e-04 4.602200e-15 0 
    0.256448 1.054880e-03 4.812000e-15 0 
    0.257040 9.985972e-04 4.534300e-15 0 
    0.258226 1.106010e-03 4.976000e-15 0 
    0.259418 1.021220e-03 4.552400e-15 0 
    0.260615 1.024440e-03 4.524900e-15 0 
    0.261216 1.041543e-03 4.579300e-15 0 
    0.262422 1.025772e-03 4.468600e-15 0 
    0.263633 1.097535e-03 4.737400e-15 0 
    0.264241 1.090454e-03 4.685200e-15 0 
    0.265461 1.164063e-03 4.955600e-15 0 
    0.266686 1.165064e-03 4.914400e-15 0 
    0.267301 1.165585e-03 4.894000e-15 0 
    0.268534 1.140019e-03 4.742800e-15 0 
    0.269774 1.146302e-03 4.725200e-15 0 
    0.270396 1.189833e-03 4.882100e-15 0 
    0.271644 1.213017e-03 4.931600e-15 0 
    0.272898 1.300900e-03 5.240400e-15 0 
    0.273527 1.307477e-03 5.242700e-15 0 
    0.274789 1.232584e-03 4.897100e-15 0 
    0.276058 1.297797e-03 5.108900e-15 0 
    0.276694 1.289442e-03 5.052700e-15 0 
    0.277971 1.269949e-03 4.930700e-15 0 
    0.279254 1.303690e-03 5.015300e-15 0 
    0.279898 1.271662e-03 4.869600e-15 0 
    0.281190 1.293470e-03 4.907700e-15 0 
    0.281838 1.358166e-03 5.129500e-15 0 
    0.283139 1.234075e-03 4.618100e-15 0 
    0.283792 1.248955e-03 4.652300e-15 0 
    0.285102 1.294001e-03 4.775900e-15 0 
    0.286418 1.362496e-03 4.982600e-15 0 
    0.287078 1.347493e-03 4.905100e-15 0 
    0.288403 1.147971e-03 4.140500e-15 0 
    0.289068 1.236303e-03 4.438600e-15 0 
    0.290402 1.414242e-03 5.030900e-15 0 
    0.291072 1.441193e-03 5.103200e-15 0 
    0.292415 1.390365e-03 4.878100e-15 0 
    0.293089 1.381434e-03 4.824500e-15 0 
    0.294442 1.392281e-03 4.817800e-15 0 
    0.295121 1.461942e-03 5.035600e-15 0 
    0.296483 1.453257e-03 4.959800e-15 0 
    0.297852 1.478242e-03 4.998800e-15 0 
    0.298538 1.462005e-03 4.921200e-15 0 
    0.299916 1.553669e-03 5.181800e-15 0 
    0.301995 1.541600e-03 5.071000e-15 0 
    0.304089 1.550940e-03 5.031700e-15 0 
    0.306196 1.589320e-03 5.085500e-15 0 
    0.308319 1.613781e-03 5.092900e-15 0 
    0.310456 1.649947e-03 5.135600e-15 0 
    0.312608 1.675344e-03 5.143100e-15 0 
    0.314775 1.685539e-03 5.103400e-15 0 
    0.316228 1.694969e-03 5.084900e-15 0 
    0.318420 1.725038e-03 5.104100e-15 0 
    0.320627 1.727582e-03 5.041500e-15 0 
    0.322849 1.746155e-03 5.025800e-15 0 
    0.325087 1.777212e-03 5.045000e-15 0 
    0.326588 1.778977e-03 5.003700e-15 0 
    0.328852 1.753189e-03 4.863500e-15 0 
    0.331131 1.813354e-03 4.961400e-15 0 
    0.333426 1.811933e-03 4.889500e-15 0 
    0.334966 1.847522e-03 4.939800e-15 0 
    0.337287 1.884742e-03 4.970200e-15 0 
    0.339625 1.905117e-03 4.955000e-15 0 
    0.341193 1.924728e-03 4.960100e-15 0 
    0.342768 1.958008e-03 4.999600e-15 0 
    0.343558 1.959018e-03 4.979200e-15 0 
    0.344350 1.902251e-03 4.812700e-15 0 
    0.345144 1.979212e-03 4.984400e-15 0 
    0.345939 1.913025e-03 4.795600e-15 0 
    0.346737 1.940657e-03 4.842500e-15 0 
    0.347536 1.906210e-03 4.734700e-15 0 
    0.348337 1.920427e-03 4.748100e-15 0 
    0.349140 1.998123e-03 4.917500e-15 0 
    0.349945 2.036372e-03 4.988600e-15 0 
    0.350752 2.084897e-03 5.084000e-15 0 
    0.351560 1.973844e-03 4.791100e-15 0 
    0.352371 2.039581e-03 4.927900e-15 0 
    0.353183 2.073815e-03 4.987600e-15 0 
    0.353997 2.108615e-03 5.048000e-15 0 
    0.354813 2.104877e-03 5.015900e-15 0 
    0.355631 2.048616e-03 4.859400e-15 0 
    0.356451 2.006997e-03 4.738800e-15 0 
    0.357273 2.006436e-03 4.715700e-15 0 
    0.358096 2.062111e-03 4.824300e-15 0 
    0.358922 2.056820e-03 4.789800e-15 0 
    0.359749 2.089691e-03 4.844000e-15 0 
    0.360579 2.108489e-03 4.865100e-15 0 
    0.361410 2.069412e-03 4.753000e-15 0 
    0.362243 2.068858e-03 4.729900e-15 0 
    0.363078 2.111627e-03 4.805500e-15 0 
    0.363915 2.106188e-03 4.771100e-15 0 
    0.364754 2.154672e-03 4.858500e-15 0 
    0.365595 2.184044e-03 4.902100e-15 0 
    0.366437 2.203650e-03 4.923400e-15 0 
    0.367282 2.213240e-03 4.922100e-15 0 
    0.368129 2.162250e-03 4.786600e-15 0 
    0.368978 2.088279e-03 4.601600e-15 0 
    0.369828 2.078125e-03 4.558200e-15 0 
    0.370681 2.106455e-03 4.599100e-15 0 
    0.371535 2.174885e-03 4.726700e-15 0 
    0.372392 2.174251e-03 4.703600e-15 0 
    0.373250 2.219158e-03 4.778700e-15 0 
    0.374111 2.296541e-03 4.922600e-15 0 
    0.374973 2.248785e-03 4.798100e-15 0 
    0.375054 2.165264e-03 4.617900e-15 1 
    0.375329 2.561943e-03 5.455900e-15 1 
    0.375604 2.079119e-03 4.421200e-15 1 
    0.375879 1.837694e-03 3.902100e-15 1 
    0.376154 1.872126e-03 3.969400e-15 1 
    0.376429 1.715547e-03 3.632100e-15 1 
    0.376704 2.584438e-03 5.463700e-15 1 
    0.376979 2.089490e-03 4.410900e-15 1 
    0.377254 2.846317e-03 5.999800e-15 1 
    0.377529 2.938645e-03 6.185400e-15 1 
    0.377804 1.848858e-03 3.885900e-15 1 
    0.378079 2.384540e-03 5.004500e-15 1 
    0.378354 2.107337e-03 4.416300e-15 1 
    0.378629 2.212091e-03 4.629100e-15 1 
    0.378904 1.771345e-03 3.701400e-15 1 
    0.379179 1.979566e-03 4.130500e-15 1 
    0.379454 2.143750e-03 4.466600e-15 1 
    0.379729 2.454568e-03 5.106800e-15 1 
    0.380004 2.731335e-03 5.674400e-15 1 
    0.380279 1.872727e-03 3.885000e-15 1 
    0.380554 1.751180e-03 3.627600e-15 1 
    0.380829 1.504984e-03 3.113100e-15 1 
    0.381104 2.068028e-03 4.271600e-15 1 
    0.381379 2.324436e-03 4.794300e-15 1 
    0.381654 2.040596e-03 4.202800e-15 1 
    0.381929 1.679933e-03 3.455000e-15 1 
    0.382204 2.255230e-03 4.631500e-15 1 
    0.382479 2.055621e-03 4.215500e-15 1 
    0.382754 2.892606e-03 5.923400e-15 1 
    0.383029 2.003391e-03 4.096600e-15 1 
    0.383304 2.223762e-03 4.540700e-15 1 
    0.383579 2.758937e-03 5.625400e-15 1 
    0.383854 3.824262e-03 7.786400e-15 1 
    0.384129 4.730961e-03 9.618700e-15 1 
    0.384404 7.367635e-03 1.495800e-14 1 
    0.384679 8.841681e-03 1.792500e-14 1 
    0.384954 8.511515e-03 1.723100e-14 1 
    0.385229 5.958810e-03 1.204600e-14 1 
    0.385504 4.012808e-03 8.100500e-15 1 
    0.385779 3.210909e-03 6.472500e-15 1 
    0.386054 2.839516e-03 5.715700e-15 1 
    0.386329 2.593171e-03 5.212400e-15 1 
    0.386604 2.847812e-03 5.716100e-15 1 
    0.386879 2.504318e-03 5.019500e-15 1 
    0.387154 1.985270e-03 3.973500e-15 1 
    0.387429 2.617065e-03 5.230600e-15 1 
    0.387704 2.441206e-03 4.872200e-15 1 
    0.387979 2.635891e-03 5.253300e-15 1 
    0.388254 2.599984e-03 5.174400e-15 1 
    0.388529 2.475457e-03 4.919600e-15 1 
    0.388804 2.944663e-03 5.843800e-15 1 
    0.389079 2.606907e-03 5.166200e-15 1 
    0.389354 2.933393e-03 5.805000e-15 1 
    0.389629 3.545642e-03 7.006700e-15 1 
    0.389904 3.306192e-03 6.524300e-15 1 
    0.390179 3.177343e-03 6.261200e-15 1 
    0.390454 3.918280e-03 7.710400e-15 1 
    0.390729 3.628182e-03 7.129500e-15 1 
    0.391004 3.750911e-03 7.360300e-15 1 
    0.391279 3.566345e-03 6.988300e-15 1 
    0.391554 3.264680e-03 6.388200e-15 1 
    0.391829 2.845268e-03 5.559700e-15 1 
    0.392104 2.851519e-03 5.564100e-15 1 
    0.392379 2.868555e-03 5.589500e-15 1 
    0.392654 3.299237e-03 6.419700e-15 1 
    0.392929 3.064551e-03 5.954700e-15 1 
    0.393204 3.388316e-03 6.574600e-15 1 
    0.393479 3.334379e-03 6.460900e-15 1 
    0.393754 3.131956e-03 6.060200e-15 1 
    0.394029 3.345259e-03 6.463900e-15 1 
    0.394304 3.658238e-03 7.058800e-15 1 
    0.394579 3.549168e-03 6.838800e-15 1 
    0.394854 3.490506e-03 6.716400e-15 1 
    0.395129 2.826834e-03 5.431800e-15 1 
    0.395404 2.897738e-03 5.560300e-15 1 
    0.395679 2.763526e-03 5.295400e-15 1 
    0.395954 2.317411e-03 4.434400e-15 1 
    0.396229 2.392170e-03 4.571100e-15 1 
    0.396504 3.176695e-03 6.061800e-15 1 
    0.396779 3.455877e-03 6.585400e-15 1 
    0.397054 3.215783e-03 6.119400e-15 1 
    0.397329 3.244130e-03 6.164800e-15 1 
    0.397604 3.617971e-03 6.865700e-15 1 
    0.397879 3.799121e-03 7.199500e-15 1 
    0.398154 3.584974e-03 6.784300e-15 1 
    0.398429 4.049814e-03 7.653400e-15 1 
    0.398704 4.034210e-03 7.613400e-15 1 
    0.398979 4.121652e-03 7.767700e-15 1 
    0.399254 3.902948e-03 7.345400e-15 1 
    0.399529 3.795366e-03 7.133100e-15 1 
    0.399804 3.614695e-03 6.784200e-15 1 
    0.400079 3.330702e-03 6.242600e-15 1 
    0.400354 3.963539e-03 7.418500e-15 1 
    0.400629 3.629468e-03 6.783900e-15 1 
    0.400904 3.635470e-03 6.785800e-15 1 
    0.401179 2.827153e-03 5.269800e-15 1 
    0.401454 2.952925e-03 5.496700e-15 1 
    0.401729 3.097646e-03 5.758200e-15 1 
    0.402004 3.269152e-03 6.068700e-15 1 
    0.402279 3.277457e-03 6.075800e-15 1 
    0.402554 3.717691e-03 6.882500e-15 1 
    0.402829 4.072358e-03 7.528800e-15 1 
    0.403104 4.316134e-03 7.968600e-15 1 
    0.403379 3.652564e-03 6.734300e-15 1 
    0.403654 3.911292e-03 7.201500e-15 1 
    0.403929 4.836511e-03 8.892900e-15 1 
    0.404204 4.007951e-03 7.359400e-15 1 
    0.404479 4.248559e-03 7.790600e-15 1 
    0.404754 4.038197e-03 7.394800e-15 1 
    0.405029 4.646291e-03 8.496800e-15 1 
    0.405304 4.069604e-03 7.432100e-15 1 
    0.405579 3.422853e-03 6.242500e-15 1 
    0.405854 3.765661e-03 6.858400e-15 1 
    0.406129 3.853401e-03 7.008700e-15 1 
    0.406404 3.793492e-03 6.890400e-15 1 
    0.406679 3.971403e-03 7.203800e-15 1 
    0.406954 3.929962e-03 7.119000e-15 1 
    0.407229 4.355337e-03 7.878900e-15 1 
    0.407504 4.210217e-03 7.606100e-15 1 
    0.407779 3.888323e-03 7.015100e-15 1 
    0.408054 3.613225e-03 6.510000e-15 1 
    0.408329 3.752039e-03 6.751000e-15 1 
    0.408604 3.452564e-03 6.203800e-15 1 
    0.408879 3.671541e-03 6.588400e-15 1 
    0.409154 3.139439e-03 5.626000e-15 1 
    0.409429 3.387789e-03 6.062900e-15 1 
    0.409704 2.532744e-03 4.526600e-15 1 
    0.409979 2.962123e-03 5.286900e-15 1 
    0.410254 3.109945e-03 5.543300e-15 1 
    0.410529 3.545170e-03 6.310600e-15 1 
    0.410804 3.848795e-03 6.841900e-15 1 
    0.411079 3.800719e-03 6.747400e-15 1 
    0.411354 3.726953e-03 6.607600e-15 1 
    0.411629 4.240084e-03 7.507300e-15 1 
    0.411904 4.304568e-03 7.611300e-15 1 
    0.412179 4.536104e-03 8.010000e-15 1 
    0.412454 3.982696e-03 7.023400e-15 1 
    0.412729 4.620614e-03 8.137500e-15 1 
    0.413004 4.475931e-03 7.872200e-15 1 
    0.413279 3.846633e-03 6.756400e-15 1 
    0.413554 4.010524e-03 7.034900e-15 1 
    0.413829 4.111705e-03 7.202800e-15 1 
    0.414104 4.055724e-03 7.095300e-15 1 
    0.414379 4.648933e-03 8.122300e-15 1 
    0.414654 4.612579e-03 8.048100e-15 1 
    0.414929 4.430866e-03 7.720800e-15 1 
    0.415204 4.756763e-03 8.277700e-15 1 
    0.415479 4.892245e-03 8.502200e-15 1 
    0.415754 4.458183e-03 7.737600e-15 1 
    0.416029 4.423640e-03 7.667500e-15 1 
    0.416304 4.550864e-03 7.877600e-15 1 
    0.416579 4.471324e-03 7.729700e-15 1 
    0.416854 4.686851e-03 8.091600e-15 1 
    0.417129 4.340461e-03 7.483700e-15 1 
    0.417404 4.670769e-03 8.042600e-15 1 
    0.417679 4.259628e-03 7.325000e-15 1 
    0.417954 4.046649e-03 6.949600e-15 1 
    0.418229 4.262166e-03 7.310100e-15 1 
    0.418504 4.392476e-03 7.523700e-15 1 
    0.418779 4.992541e-03 8.540300e-15 1 
    0.419054 4.347894e-03 7.427800e-15 1 
    0.419329 4.390704e-03 7.491100e-15 1 
    0.419604 4.597475e-03 7.833600e-15 1 
    0.419879 4.866423e-03 8.281000e-15 1 
    0.420154 4.558224e-03 7.746400e-15 1 
    0.420429 4.843887e-03 8.221100e-15 1 
    0.420704 4.342908e-03 7.361200e-15 1 
    0.420979 4.431705e-03 7.501900e-15 1 
    0.421254 4.577095e-03 7.737900e-15 1 
    0.421529 4.596992e-03 7.761400e-15 1 
    0.421804 4.629561e-03 7.806200e-15 1 
    0.422079 4.037310e-03 6.798700e-15 1 
    0.422354 4.599782e-03 7.735800e-15 1 
    0.422629 4.034681e-03 6.776600e-15 1 
    0.422904 4.061037e-03 6.812000e-15 1 
    0.423179 3.855782e-03 6.459300e-15 1 
    0.423454 3.515258e-03 5.881200e-15 1 
    0.423729 3.890887e-03 6.501200e-15 1 
    0.424004 3.428872e-03 5.721800e-15 1 
    0.424279 4.211756e-03 7.019100e-15 1 
    0.424554 4.387370e-03 7.302300e-15 1 
    0.424829 4.336987e-03 7.209100e-15 1 
    0.425104 4.625541e-03 7.678800e-15 1 
    0.425379 4.771459e-03 7.910800e-15 1 
    0.425654 4.727988e-03 7.828600e-15 1 
    0.425929 4.359173e-03 7.208600e-15 1 
    0.426204 4.053819e-03 6.695000e-15 1 
    0.426479 4.460835e-03 7.357700e-15 1 
    0.426754 4.979497e-03 8.202600e-15 1 
    0.427029 4.872249e-03 8.015600e-15 1 
    0.427304 4.439097e-03 7.293600e-15 1 
    0.427579 4.632694e-03 7.601900e-15 1 
    0.427854 4.312078e-03 7.066700e-15 1 
    0.428129 4.193899e-03 6.864200e-15 1 
    0.428404 4.240461e-03 6.931500e-15 1 
    0.428679 4.424465e-03 7.223000e-15 1 
    0.428954 4.505033e-03 7.345100e-15 1 
    0.429229 4.867003e-03 7.925100e-15 1 
    0.429504 4.985463e-03 8.107600e-15 1 
    0.429779 4.776662e-03 7.758100e-15 1 
    0.430054 4.446359e-03 7.212400e-15 1 
    0.430329 4.231556e-03 6.855200e-15 1 
    0.430604 4.636175e-03 7.501100e-15 1 
    0.430879 4.426923e-03 7.153400e-15 1 
    0.431154 4.502533e-03 7.266300e-15 1 
    0.431429 4.671516e-03 7.529400e-15 1 
    0.431704 4.751399e-03 7.648400e-15 1 
    0.431979 4.462679e-03 7.174500e-15 1 
    0.432254 4.674077e-03 7.504800e-15 1 
    0.432529 4.638994e-03 7.439000e-15 1 
    0.432804 4.921066e-03 7.881300e-15 1 
    0.433079 4.853799e-03 7.763700e-15 1 
    0.433354 4.883189e-03 7.800800e-15 1 
    0.433629 4.647639e-03 7.415100e-15 1 
    0.433904 4.682404e-03 7.461100e-15 1 
    0.434179 5.090876e-03 8.101700e-15 1 
    0.434454 4.752480e-03 7.553600e-15 1 
    0.434729 4.172317e-03 6.623100e-15 1 
    0.435004 4.560659e-03 7.230400e-15 1 
    0.435279 4.656171e-03 7.372500e-15 1 
    0.435554 4.841330e-03 7.656000e-15 1 
    0.435829 4.752282e-03 7.505700e-15 1 
    0.436104 4.532783e-03 7.150000e-15 1 
    0.436379 4.813287e-03 7.582900e-15 1 
    0.436654 4.993879e-03 7.857500e-15 1 
    0.436929 4.756192e-03 7.474100e-15 1 
    0.437204 4.772312e-03 7.490000e-15 1 
    0.437479 4.613468e-03 7.231600e-15 1 
    0.437754 4.839196e-03 7.575900e-15 1 
    0.438029 5.024484e-03 7.856100e-15 1 
    0.438304 5.063646e-03 7.907400e-15 1 
    0.438579 5.127836e-03 7.997600e-15 1 
    0.438854 4.804934e-03 7.484600e-15 1 
    0.439129 4.518493e-03 7.029600e-15 1 
    0.439404 4.758741e-03 7.394100e-15 1 
    0.439679 4.692656e-03 7.282300e-15 1 
    0.439954 4.637622e-03 7.187900e-15 1 
    0.440229 4.862934e-03 7.527700e-15 1 
    0.440504 4.803683e-03 7.426700e-15 1 
    0.440779 4.872049e-03 7.523000e-15 1 
    0.441054 4.808099e-03 7.415000e-15 1 
    0.441329 5.011790e-03 7.719500e-15 1 
    0.441604 4.948613e-03 7.612700e-15 1 
    0.441879 4.978860e-03 7.649700e-15 1 
    0.442154 5.266840e-03 8.082100e-15 1 
    0.442429 4.922295e-03 7.544000e-15 1 
    0.442704 4.643843e-03 7.108400e-15 1 
    0.442979 4.390721e-03 6.712600e-15 1 
    0.443254 4.969551e-03 7.588100e-15 1 
    0.443529 4.786739e-03 7.299900e-15 1 
    0.443804 4.605825e-03 7.015300e-15 1 
    0.444079 4.372586e-03 6.651800e-15 1 
    0.444354 4.248674e-03 6.455300e-15 1 
    0.444629 4.576704e-03 6.945100e-15 1 
    0.444904 4.467034e-03 6.770300e-15 1 
    0.445179 4.641675e-03 7.026300e-15 1 
    0.445454 4.800137e-03 7.257200e-15 1 
    0.445729 5.052620e-03 7.629500e-15 1 
    0.446004 5.014828e-03 7.563100e-15 1 
    0.446279 4.801468e-03 7.232400e-15 1 
    0.446554 4.532733e-03 6.819200e-15 1 
    0.446829 4.204692e-03 6.317900e-15 1 
    0.447104 4.490598e-03 6.739200e-15 1 
    0.447379 4.525679e-03 6.783500e-15 1 
    0.447654 4.480144e-03 6.707000e-15 1 
    0.447929 4.961770e-03 7.418900e-15 1 
    0.448204 4.841305e-03 7.229900e-15 1 
    0.448479 4.869909e-03 7.263700e-15 1 
    0.448754 4.936029e-03 7.353300e-15 1 
    0.449029 4.504953e-03 6.702900e-15 1 
    0.449304 4.271118e-03 6.347200e-15 1 
    0.449579 4.826184e-03 7.163300e-15 1 
    0.449854 5.057462e-03 7.497400e-15 1 
    0.450129 5.323333e-03 7.881900e-15 1 
    0.450404 5.130290e-03 7.586800e-15 1 
    0.450679 4.947391e-03 7.307400e-15 1 
    0.450954 5.384757e-03 7.943700e-15 1 
    0.451229 5.109262e-03 7.528100e-15 1 
    0.451504 5.274431e-03 7.762000e-15 1 
    0.451779 5.255753e-03 7.725100e-15 1 
    0.452054 4.765644e-03 6.996200e-15 1 
    0.452329 4.467065e-03 6.549900e-15 1 
    0.452604 4.892646e-03 7.165200e-15 1 
    0.452879 5.168026e-03 7.559300e-15 1 
    0.453154 4.976965e-03 7.271000e-15 1 
    0.453429 4.897889e-03 7.146800e-15 1 
    0.453704 4.723785e-03 6.884400e-15 1 
    0.453979 4.827340e-03 7.026800e-15 1 
    0.454254 5.140027e-03 7.472900e-15 1 
    0.454529 5.066575e-03 7.357200e-15 1 
    0.454804 5.171373e-03 7.500300e-15 1 
    0.455079 5.113775e-03 7.407800e-15 1 
    0.455354 5.120441e-03 7.408500e-15 1 
    0.455629 4.657387e-03 6.730400e-15 1 
    0.455904 5.265633e-03 7.600200e-15 1 
    0.456179 5.173071e-03 7.457600e-15 1 
    0.456454 4.900815e-03 7.056600e-15 1 
    0.456729 5.243822e-03 7.541400e-15 1 
    0.457004 5.472357e-03 7.860600e-15 1 
    0.457279 5.314589e-03 7.624800e-15 1 
    0.457554 5.397049e-03 7.733800e-15 1 
    0.457829 5.917916e-03 8.470000e-15 1 
    0.458104 5.412621e-03 7.737500e-15 1 
    0.458379 5.080422e-03 7.253900e-15 1 
    0.458654 5.346318e-03 7.624400e-15 1 
    0.458929 5.166757e-03 7.359500e-15 1 
    0.459204 5.198818e-03 7.396300e-15 1 
    0.459479 5.213140e-03 7.407800e-15 1 
    0.459754 5.302381e-03 7.525600e-15 1 
    0.460029 5.063098e-03 7.177400e-15 1 
    0.460304 4.791661e-03 6.784500e-15 1 
    0.460579 5.210835e-03 7.369200e-15 1 
    0.460854 5.406933e-03 7.637400e-15 1 
    0.461129 4.923607e-03 6.946400e-15 1 
    0.461404 5.179419e-03 7.298600e-15 1 
    0.461679 5.365064e-03 7.551200e-15 1 
    0.461954 5.461799e-03 7.678200e-15 1 
    0.462229 5.284132e-03 7.419600e-15 1 
    0.462504 5.311527e-03 7.449200e-15 1 
    0.462779 5.503668e-03 7.709500e-15 1 
    0.463054 6.030749e-03 8.437800e-15 1 
    0.463329 5.458009e-03 7.627400e-15 1 
    0.463604 5.183578e-03 7.235300e-15 1 
    0.463879 5.223298e-03 7.282100e-15 1 
    0.464154 5.161414e-03 7.187300e-15 1 
    0.464429 5.677002e-03 7.895900e-15 1 
    0.464704 6.002901e-03 8.339300e-15 1 
    0.464979 5.741120e-03 7.966200e-15 1 
    0.465254 5.805059e-03 8.045400e-15 1 
    0.465529 5.763740e-03 7.978700e-15 1 
    0.465804 5.907968e-03 8.168700e-15 1 
    0.466079 5.544859e-03 7.657600e-15 1 
    0.466354 5.231917e-03 7.216900e-15 1 
    0.466629 5.552074e-03 7.649500e-15 1 
    0.466904 5.946150e-03 8.182800e-15 1 
    0.467179 5.896483e-03 8.104900e-15 1 
    0.467454 5.237107e-03 7.190100e-15 1 
    0.467729 5.447310e-03 7.469900e-15 1 
    0.468004 5.357346e-03 7.337900e-15 1 
    0.468279 5.580590e-03 7.634700e-15 1 
    0.468554 5.621175e-03 7.681200e-15 1 
    0.468829 5.711813e-03 7.795900e-15 1 
    0.469104 5.416888e-03 7.384700e-15 1 
    0.469379 5.542799e-03 7.547500e-15 1 
    0.469654 5.097118e-03 6.932500e-15 1 
    0.469929 5.409016e-03 7.348100e-15 1 
    0.470204 5.965426e-03 8.094500e-15 1 
    0.470479 5.353657e-03 7.255900e-15 1 
    0.470754 5.052176e-03 6.839300e-15 1 
    0.471029 5.189870e-03 7.017500e-15 1 
    0.471304 5.178087e-03 6.993400e-15 1 
    0.471579 5.905184e-03 7.966100e-15 1 
    0.471854 5.397241e-03 7.272400e-15 1 
    0.472129 5.431471e-03 7.310000e-15 1 
    0.472404 5.211511e-03 7.005800e-15 1 
    0.472679 5.647897e-03 7.583600e-15 1 
    0.472954 5.672664e-03 7.608000e-15 1 
    0.473229 5.523770e-03 7.399700e-15 1 
    0.473504 5.367119e-03 7.181500e-15 1 
    0.473779 5.630818e-03 7.525600e-15 1 
    0.474054 6.103366e-03 8.147700e-15 1 
    0.474329 5.807240e-03 7.743400e-15 1 
    0.474604 5.817130e-03 7.747600e-15 1 
    0.474879 5.642187e-03 7.505900e-15 1 
    0.475154 5.846123e-03 7.768200e-15 1 
    0.475429 6.250031e-03 8.295300e-15 1 
    0.475704 5.479717e-03 7.264500e-15 1 
    0.475979 6.129020e-03 8.115900e-15 1 
    0.476254 6.124688e-03 8.100800e-15 1 
    0.476529 5.730210e-03 7.570300e-15 1 
    0.476804 6.156423e-03 8.124000e-15 1 
    0.477079 5.896243e-03 7.771700e-15 1 
    0.477354 5.906004e-03 7.775600e-15 1 
    0.477629 6.173564e-03 8.118500e-15 1 
    0.477904 5.515292e-03 7.244500e-15 1 
    0.478179 5.696258e-03 7.473600e-15 1 
    0.478454 5.992316e-03 7.853000e-15 1 
    0.478729 5.927932e-03 7.759700e-15 1 
    0.479004 5.688167e-03 7.437300e-15 1 
    0.479279 5.784286e-03 7.554300e-15 1 
    0.479554 5.732513e-03 7.478100e-15 1 
    0.479829 5.413076e-03 7.053300e-15 1 
    0.480104 5.848549e-03 7.612000e-15 1 
    0.480379 5.825637e-03 7.573500e-15 1 
    0.480654 5.945667e-03 7.720700e-15 1 
    0.480929 5.985547e-03 7.763600e-15 1 
    0.481204 5.755048e-03 7.456100e-15 1 
    0.481479 5.960453e-03 7.713400e-15 1 
    0.481754 5.657428e-03 7.312900e-15 1 
    0.482029 5.517662e-03 7.124100e-15 1 
    0.482304 5.763943e-03 7.433600e-15 1 
    0.482579 5.514890e-03 7.104300e-15 1 
    0.482854 6.120990e-03 7.876100e-15 1 
    0.483129 5.819469e-03 7.479600e-15 1 
    0.483404 6.042794e-03 7.757800e-15 1 
    0.483679 5.737199e-03 7.357100e-15 1 
    0.483954 5.729906e-03 7.339400e-15 1 
    0.484229 5.696949e-03 7.288900e-15 1 
    0.484504 5.664220e-03 7.238800e-15 1 
    0.484779 5.752592e-03 7.343400e-15 1 
    0.485054 5.811195e-03 7.409800e-15 1 
    0.485329 5.632412e-03 7.173700e-15 1 
    0.485604 5.514918e-03 7.016100e-15 1 
    0.485879 6.064225e-03 7.706200e-15 1 
    0.486154 5.455411e-03 6.924700e-15 1 
    0.486429 6.156754e-03 7.806100e-15 1 
    0.486704 5.997900e-03 7.596100e-15 1 
    0.486979 5.502163e-03 6.960400e-15 1 
    0.487254 5.734320e-03 7.245900e-15 1 
    0.487529 5.881741e-03 7.423800e-15 1 
    0.487804 5.927959e-03 7.473700e-15 1 
    0.488079 5.670298e-03 7.140800e-15 1 
    0.488354 5.200584e-03 6.541900e-15 1 
    0.488629 5.650295e-03 7.099600e-15 1 
    0.488904 6.052087e-03 7.595900e-15 1 
    0.489179 5.116470e-03 6.414400e-15 1 
    0.489454 5.718981e-03 7.161700e-15 1 
    0.489729 5.854200e-03 7.322800e-15 1 
    0.490004 5.329187e-03 6.658600e-15 1 
    0.490279 5.670331e-03 7.076900e-15 1 
    0.490554 5.542736e-03 6.909900e-15 1 
    0.490829 6.091006e-03 7.584900e-15 1 
    0.491104 5.867423e-03 7.298300e-15 1 
    0.491379 5.489280e-03 6.820300e-15 1 
    0.491654 5.725789e-03 7.106200e-15 1 
    0.491929 5.263776e-03 6.525500e-15 1 
    0.492204 5.995649e-03 7.424500e-15 1 
    0.492479 5.980765e-03 7.397800e-15 1 
    0.492754 5.857950e-03 7.237800e-15 1 
    0.493029 5.727151e-03 7.068300e-15 1 
    0.493304 5.704584e-03 7.032600e-15 1 
    0.493579 5.875633e-03 7.235400e-15 1 
    0.493854 5.897872e-03 7.254700e-15 1 
    0.494129 6.068520e-03 7.456300e-15 1 
    0.494404 5.947519e-03 7.299500e-15 1 
    0.494679 5.905440e-03 7.239800e-15 1 
    0.494954 6.225827e-03 7.624100e-15 1 
    0.495229 6.583293e-03 8.052900e-15 1 
    0.495504 5.740274e-03 7.013900e-15 1 
    0.495779 5.910103e-03 7.213400e-15 1 
    0.496054 5.786244e-03 7.054400e-15 1 
    0.496329 5.687063e-03 6.925800e-15 1 
    0.496604 5.879808e-03 7.152600e-15 1 
    0.496879 5.905990e-03 7.176500e-15 1 
    0.497154 6.184408e-03 7.506500e-15 1 
    0.497429 6.607933e-03 8.011700e-15 1 
    0.497704 5.930077e-03 7.181900e-15 1 
    0.497979 5.644178e-03 6.828100e-15 1 
    0.498254 5.398267e-03 6.523400e-15 1 
    0.498529 5.048911e-03 6.094500e-15 1 
    0.498804 6.104026e-03 7.360000e-15 1 
    0.499079 5.971191e-03 7.191900e-15 1 
    0.499354 5.091900e-03 6.126100e-15 1 
    0.499629 5.541934e-03 6.660200e-15 1 
    0.499904 5.626089e-03 6.753900e-15 1 
    0.500179 5.409121e-03 6.486300e-15 1 
    0.500454 5.464827e-03 6.545900e-15 1 
    0.500729 5.409991e-03 6.473100e-15 1 
    0.501004 6.350175e-03 7.589700e-15 1 
    0.501279 7.542439e-03 9.004800e-15 1 
    0.501554 8.836338e-03 1.053800e-14 1 
    0.501829 8.769642e-03 1.044700e-14 1 
    0.502104 7.997972e-03 9.517300e-15 1 
    0.502379 6.226582e-03 7.401300e-15 1 
    0.502654 5.739953e-03 6.815400e-15 1 
    0.502929 4.931777e-03 5.849400e-15 1 
    0.503204 5.508254e-03 6.526000e-15 1 
    0.503479 5.487407e-03 6.494200e-15 1 
    0.503754 5.332006e-03 6.303400e-15 1 
    0.504029 5.118165e-03 6.044000e-15 1 
    0.504304 5.521427e-03 6.513100e-15 1 
    0.504579 5.698202e-03 6.714300e-15 1 
    0.504854 5.888097e-03 6.930500e-15 1 
    0.505129 5.740825e-03 6.749800e-15 1 
    0.505404 5.881179e-03 6.907300e-15 1 
    0.505679 5.762283e-03 6.760300e-15 1 
    0.505954 6.135641e-03 7.190500e-15 1 
    0.506229 5.717249e-03 6.692900e-15 1 
    0.506504 5.918010e-03 6.920400e-15 1 
    0.506779 6.285534e-03 7.342200e-15 1 
    0.507054 5.885105e-03 6.867000e-15 1 
    0.507329 5.287156e-03 6.162600e-15 1 
    0.507604 5.974748e-03 6.956500e-15 1 
    0.507879 5.422782e-03 6.307000e-15 1 
    0.508154 5.703230e-03 6.626000e-15 1 
    0.508429 5.954549e-03 6.910500e-15 1 
    0.508704 6.650036e-03 7.709300e-15 1 
    0.508979 6.139281e-03 7.109500e-15 1 
    0.509254 6.268239e-03 7.251000e-15 1 
    0.509529 6.090507e-03 7.037800e-15 1 
    0.509804 6.077331e-03 7.015000e-15 1 
    0.510079 5.855971e-03 6.752200e-15 1 
    0.510354 6.668936e-03 7.681300e-15 1 
    0.510629 6.094844e-03 7.012500e-15 1 
    0.510904 5.860660e-03 6.735800e-15 1 
    0.511179 6.383308e-03 7.328600e-15 1 
    0.511454 7.116687e-03 8.161800e-15 1 
    0.511729 7.404015e-03 8.482200e-15 1 
    0.512004 6.844425e-03 7.832700e-15 1 
    0.512279 7.018859e-03 8.023700e-15 1 
    0.512554 6.566126e-03 7.498100e-15 1 
    0.512829 5.925596e-03 6.759400e-15 1 
    0.513104 6.521779e-03 7.431500e-15 1 
    0.513379 6.534393e-03 7.437900e-15 1 
    0.513654 6.257503e-03 7.115100e-15 1 
    0.513929 6.171851e-03 7.010200e-15 1 
    0.514204 5.974425e-03 6.778700e-15 1 
    0.514479 5.922320e-03 6.712400e-15 1 
    0.514754 5.844480e-03 6.617100e-15 1 
    0.515029 6.151968e-03 6.957800e-15 1 
    0.515304 6.281926e-03 7.097200e-15 1 
    0.515579 5.824597e-03 6.573500e-15 1 
    0.515854 6.154928e-03 6.938900e-15 1 
    0.516129 8.003218e-03 9.013000e-15 1 
    0.516404 9.877572e-03 1.111200e-14 1 
    0.516679 1.047184e-02 1.176800e-14 1 
    0.516954 9.871008e-03 1.108100e-14 1 
    0.517229 8.120925e-03 9.106700e-15 1 
    0.517504 6.747929e-03 7.559000e-15 1 
    0.517779 6.409439e-03 7.172200e-15 1 
    0.518054 6.153952e-03 6.879000e-15 1 
    0.518329 5.796357e-03 6.472400e-15 1 
    0.518604 5.612989e-03 6.261000e-15 1 
    0.518879 6.310519e-03 7.031600e-15 1 
    0.519154 6.452240e-03 7.181900e-15 1 
    0.519429 6.088633e-03 6.770000e-15 1 
    0.519704 5.762238e-03 6.400300e-15 1 
    0.519979 6.304678e-03 6.995400e-15 1 
    0.520254 5.840032e-03 6.473000e-15 1 
    0.520529 5.810261e-03 6.433200e-15 1 
    0.520804 6.230581e-03 6.891300e-15 1 
    0.521079 6.171273e-03 6.818500e-15 1 
    0.521354 6.076403e-03 6.706600e-15 1 
    0.521629 6.182493e-03 6.816500e-15 1 
    0.521904 5.838456e-03 6.430400e-15 1 
    0.522179 6.481751e-03 7.131400e-15 1 
    0.522454 5.851313e-03 6.431000e-15 1 
    0.522729 5.852739e-03 6.425800e-15 1 
    0.523004 6.104349e-03 6.695000e-15 1 
    0.523279 5.668732e-03 6.210700e-15 1 
    0.523554 5.738194e-03 6.280200e-15 1 
    0.523829 6.401861e-03 6.999200e-15 1 
    0.524104 5.975314e-03 6.526000e-15 1 
    0.524379 5.579942e-03 6.087800e-15 1 
    0.524654 6.059614e-03 6.604200e-15 1 
    0.524929 6.408661e-03 6.977300e-15 1 
    0.525204 6.270654e-03 6.819900e-15 1 
    0.525479 7.030960e-03 7.638800e-15 1 
    0.525754 6.679716e-03 7.249600e-15 1 
    0.526029 6.560988e-03 7.113300e-15 1 
    0.526304 5.890780e-03 6.380000e-15 1 
    0.526579 6.065804e-03 6.562700e-15 1 
    0.526854 5.914201e-03 6.392000e-15 1 
    0.527129 6.201854e-03 6.695900e-15 1 
    0.527404 6.161133e-03 6.645000e-15 1 
    0.527679 6.023325e-03 6.489600e-15 1 
    0.527954 6.256031e-03 6.733300e-15 1 
    0.528229 6.231950e-03 6.700400e-15 1 
    0.528504 6.178574e-03 6.636100e-15 1 
    0.528779 5.903907e-03 6.334500e-15 1 
    0.529054 6.313569e-03 6.767000e-15 1 
    0.529329 5.970271e-03 6.392400e-15 1 
    0.529604 5.776494e-03 6.178500e-15 1 
    0.529879 5.868223e-03 6.270100e-15 1 
    0.530154 6.057944e-03 6.466100e-15 1 
    0.530429 6.247580e-03 6.661600e-15 1 
    0.530704 6.052307e-03 6.446700e-15 1 
    0.530979 6.837295e-03 7.275300e-15 1 
    0.531254 6.030332e-03 6.410000e-15 1 
    0.531529 6.516489e-03 6.919600e-15 1 
    0.531804 6.012564e-03 6.377900e-15 1 
    0.532079 6.085219e-03 6.448300e-15 1 
    0.532354 6.028313e-03 6.381400e-15 1 
    0.532629 6.538099e-03 6.913900e-15 1 
    0.532904 5.934943e-03 6.269600e-15 1 
    0.533179 5.929225e-03 6.257100e-15 1 
    0.533454 6.119082e-03 6.450800e-15 1 
    0.533729 6.409974e-03 6.750500e-15 1 
    0.534004 5.876488e-03 6.182300e-15 1 
    0.534279 6.215096e-03 6.531800e-15 1 
    0.534554 5.875264e-03 6.168300e-15 1 
    0.534829 5.431843e-03 5.696900e-15 1 
    0.535104 5.522759e-03 5.786300e-15 1 
    0.535379 6.108482e-03 6.393400e-15 1 
    0.535654 6.544286e-03 6.842500e-15 1 
    0.535929 6.350049e-03 6.632600e-15 1 
    0.536204 6.655870e-03 6.944900e-15 1 
    0.536479 6.428806e-03 6.701100e-15 1 
    0.536754 6.491387e-03 6.759400e-15 1 
    0.537029 6.142154e-03 6.389200e-15 1 
    0.537304 6.221101e-03 6.464700e-15 1 
    0.537579 6.478604e-03 6.725400e-15 1 
    0.537854 6.310023e-03 6.543700e-15 1 
    0.538129 5.562983e-03 5.763100e-15 1 
    0.538404 6.445650e-03 6.670700e-15 1 
    0.538679 6.108765e-03 6.315600e-15 1 
    0.538954 6.086441e-03 6.286100e-15 1 
    0.539229 6.428685e-03 6.632800e-15 1 
    0.539504 6.235088e-03 6.426500e-15 1 
    0.539779 6.702962e-03 6.901700e-15 1 
    0.540054 6.438746e-03 6.622900e-15 1 
    0.540329 5.951122e-03 6.115100e-15 1 
    0.540604 6.611535e-03 6.786800e-15 1 
    0.540879 6.568335e-03 6.735600e-15 1 
    0.541154 6.905445e-03 7.074100e-15 1 
    0.541429 5.699528e-03 5.832800e-15 1 
    0.541704 5.746792e-03 5.875200e-15 1 
    0.541979 6.177378e-03 6.309000e-15 1 
    0.542254 6.258041e-03 6.384900e-15 1 
    0.542529 6.611021e-03 6.738200e-15 1 
    0.542804 6.279090e-03 6.393400e-15 1 
    0.543079 6.468412e-03 6.579500e-15 1 
    0.543354 6.262593e-03 6.363700e-15 1 
    0.543629 6.074276e-03 6.166100e-15 1 
    0.543904 6.232481e-03 6.320300e-15 1 
    0.544179 6.515963e-03 6.601100e-15 1 
    0.544454 6.486287e-03 6.564400e-15 1 
    0.544729 6.414406e-03 6.485100e-15 1 
    0.545004 6.001676e-03 6.061700e-15 1 
    0.545279 6.498923e-03 6.557300e-15 1 
    0.545554 6.507562e-03 6.559400e-15 1 
    0.545829 6.417000e-03 6.461600e-15 1 
    0.546104 6.908985e-03 6.950000e-15 1 
    0.546379 6.670056e-03 6.702900e-15 1 
    0.546654 6.513013e-03 6.538500e-15 1 
    0.546929 6.026001e-03 6.043500e-15 1 
    0.547204 6.823262e-03 6.836200e-15 1 
    0.547479 6.651481e-03 6.657400e-15 1 
    0.547754 6.723972e-03 6.723200e-15 1 
    0.548029 6.748245e-03 6.740700e-15 1 
    0.548304 6.449171e-03 6.435500e-15 1 
    0.548579 6.380307e-03 6.360400e-15 1 
    0.548854 6.596569e-03 6.569400e-15 1 
    0.549129 6.908745e-03 6.873400e-15 1 
    0.549404 6.178159e-03 6.140400e-15 1 
    0.549679 6.134189e-03 6.090600e-15 1 
    0.549954 6.139118e-03 6.089400e-15 1 
    0.550229 6.832304e-03 6.770200e-15 1 
    0.550504 6.258382e-03 6.195300e-15 1 
    0.550779 6.470616e-03 6.399000e-15 1 
    0.551054 7.035713e-03 6.950900e-15 1 
    0.551329 6.668659e-03 6.581700e-15 1 
    0.551604 6.292140e-03 6.203900e-15 1 
    0.551879 6.244405e-03 6.150700e-15 1 
    0.552154 7.032123e-03 6.919700e-15 1 
    0.552429 6.619510e-03 6.507200e-15 1 
    0.552704 6.449839e-03 6.334100e-15 1 
    0.552979 7.371374e-03 7.231900e-15 1 
    0.553254 7.127509e-03 6.985700e-15 1 
    0.553529 6.509144e-03 6.373300e-15 1 
    0.553804 6.492100e-03 6.350300e-15 1 
    0.554079 6.695031e-03 6.542300e-15 1 
    0.554354 6.349196e-03 6.198200e-15 1 
    0.554629 6.900997e-03 6.730200e-15 1 
    0.554904 7.223767e-03 7.038000e-15 1 
    0.555179 6.434068e-03 6.262400e-15 1 
    0.555454 7.265450e-03 7.064600e-15 1 
    0.555729 6.595680e-03 6.407000e-15 1 
    0.556004 6.630857e-03 6.434800e-15 1 
    0.556279 7.398656e-03 7.172800e-15 1 
    0.556554 7.032308e-03 6.810900e-15 1 
    0.556829 6.205718e-03 6.004400e-15 1 
    0.557104 6.401896e-03 6.188100e-15 1 
    0.557379 6.184949e-03 5.972500e-15 1 
    0.557654 6.687582e-03 6.451500e-15 1 
    0.557929 6.299885e-03 6.071500e-15 1 
    0.558204 6.999284e-03 6.738900e-15 1 
    0.558479 5.662731e-03 5.446700e-15 1 
    0.558754 6.093429e-03 5.855200e-15 1 
    0.559029 6.459236e-03 6.200600e-15 1 
    0.559304 6.916785e-03 6.633300e-15 1 
    0.559579 7.183798e-03 6.882600e-15 1 
    0.559854 6.335387e-03 6.063800e-15 1 
    0.560129 7.085710e-03 6.775300e-15 1 
    0.560404 6.587568e-03 6.292800e-15 1 
    0.560679 6.894879e-03 6.579900e-15 1 
    0.560954 6.785741e-03 6.469400e-15 1 
    0.561229 6.389434e-03 6.085600e-15 1 
    0.561504 6.823961e-03 6.493100e-15 1 
    0.561779 6.643288e-03 6.315000e-15 1 
    0.562054 6.638000e-03 6.303800e-15 1 
    0.562329 7.130624e-03 6.765000e-15 1 
    0.562604 6.657012e-03 6.309500e-15 1 
    0.562879 6.840948e-03 6.477500e-15 1 
    0.563154 6.814863e-03 6.446500e-15 1 
    0.563429 6.713586e-03 6.344500e-15 1 
    0.563704 5.951792e-03 5.619100e-15 1 
    0.563979 6.694150e-03 6.313800e-15 1 
    0.564254 6.920788e-03 6.521200e-15 1 
    0.564529 6.413909e-03 6.037700e-15 1 
    0.564804 6.953534e-03 6.539300e-15 1 
    0.565079 6.731890e-03 6.324700e-15 1 
    0.565354 6.595678e-03 6.190700e-15 1 
    0.565629 7.221173e-03 6.771200e-15 1 
    0.565904 6.466221e-03 6.057400e-15 1 
    0.566179 6.903765e-03 6.461000e-15 1 
    0.566454 6.930902e-03 6.480100e-15 1 
    0.566729 6.861085e-03 6.408600e-15 1 
    0.567004 6.903216e-03 6.441700e-15 1 
    0.567279 7.030270e-03 6.553900e-15 1 
    0.567554 6.960316e-03 6.482400e-15 1 
    0.567829 6.715460e-03 6.248300e-15 1 
    0.568104 6.146840e-03 5.713700e-15 1 
    0.568379 7.020087e-03 6.519100e-15 1 
    0.568654 7.723845e-03 7.165700e-15 1 
    0.568929 7.522112e-03 6.971800e-15 1 
    0.569204 6.369166e-03 5.897500e-15 1 
    0.569479 6.854106e-03 6.340400e-15 1 
    0.569754 6.771782e-03 6.258200e-15 1 
    0.570029 6.692538e-03 6.179000e-15 1 
    0.570304 6.372774e-03 5.878100e-15 1 
    0.570579 6.924670e-03 6.381000e-15 1 
    0.570854 7.043447e-03 6.484200e-15 1 
    0.571129 7.834066e-03 7.205100e-15 1 
    0.571404 6.602534e-03 6.066600e-15 1 
    0.571679 7.367106e-03 6.762600e-15 1 
    0.571954 6.697469e-03 6.142000e-15 1 
    0.572229 6.930286e-03 6.349400e-15 1 
    0.572504 7.192274e-03 6.583100e-15 1 
    0.572779 7.389251e-03 6.756900e-15 1 
    0.573054 7.463121e-03 6.817900e-15 1 
    0.573329 7.093369e-03 6.473900e-15 1 
    0.573604 6.405940e-03 5.840900e-15 1 
    0.573879 7.686289e-03 7.001600e-15 1 
    0.574154 7.028637e-03 6.396400e-15 1 
    0.574429 6.865548e-03 6.242000e-15 1 
    0.574704 7.387368e-03 6.710000e-15 1 
    0.574979 6.842887e-03 6.209500e-15 1 
    0.575254 7.340735e-03 6.654900e-15 1 
    0.575529 6.962642e-03 6.306100e-15 1 
    0.575804 7.008972e-03 6.342000e-15 1 
    0.576079 7.575971e-03 6.848500e-15 1 
    0.576354 7.394636e-03 6.678200e-15 1 
    0.576629 6.952485e-03 6.272900e-15 1 
    0.576904 6.704290e-03 6.043200e-15 1 
    0.577179 6.653273e-03 5.991500e-15 1 
    0.577454 7.290952e-03 6.559500e-15 1 
    0.577729 6.835626e-03 6.144000e-15 1 
    0.578004 6.521632e-03 5.856200e-15 1 
    0.578279 7.239122e-03 6.494300e-15 1 
    0.578554 7.292983e-03 6.536400e-15 1 
    0.578829 6.471021e-03 5.794200e-15 1 
    0.579104 6.923090e-03 6.193100e-15 1 
    0.579379 7.338973e-03 6.558900e-15 1 
    0.579654 6.845079e-03 6.111700e-15 1 
    0.579929 7.193386e-03 6.416600e-15 1 
    0.580204 7.332059e-03 6.534100e-15 1 
    0.580479 7.236015e-03 6.442400e-15 1 
    0.580754 6.904811e-03 6.141700e-15 1 
    0.581029 7.591717e-03 6.746300e-15 1 
    0.581304 7.760541e-03 6.889800e-15 1 
    0.581579 7.335735e-03 6.506500e-15 1 
    0.581854 7.060094e-03 6.256100e-15 1 
    0.582129 6.785051e-03 6.006700e-15 1 
    0.582404 6.739228e-03 5.960500e-15 1 
    0.582679 7.050252e-03 6.229700e-15 1 
    0.582954 6.991547e-03 6.172000e-15 1 
    0.583229 6.565919e-03 5.790800e-15 1 
    0.583504 6.903624e-03 6.082900e-15 1 
    0.583779 7.131992e-03 6.278200e-15 1 
    0.584054 7.178737e-03 6.313400e-15 1 
    0.584329 7.000552e-03 6.150900e-15 1 
    0.584604 7.071280e-03 6.207200e-15 1 
    0.584879 7.164140e-03 6.282800e-15 1 
    0.585154 7.193135e-03 6.302300e-15 1 
    0.585429 7.395708e-03 6.473700e-15 1 
    0.585704 7.166984e-03 6.267600e-15 1 
    0.585979 7.109047e-03 6.211100e-15 1 
    0.586254 7.022923e-03 6.130100e-15 1 
    0.586529 6.903489e-03 6.020200e-15 1 
    0.586804 6.813090e-03 5.935800e-15 1 
    0.587079 7.300625e-03 6.354600e-15 1 
    0.587354 7.736512e-03 6.727700e-15 1 
    0.587629 7.746061e-03 6.729700e-15 1 
    0.587904 6.977140e-03 6.056000e-15 1 
    0.588179 6.798468e-03 5.895400e-15 1 
    0.588454 6.874775e-03 5.956000e-15 1 
    0.588729 6.343738e-03 5.490800e-15 1 
    0.589004 6.539897e-03 5.655300e-15 1 
    0.589279 7.149756e-03 6.176900e-15 1 
    0.589554 7.301833e-03 6.302400e-15 1 
    0.589829 7.480276e-03 6.450400e-15 1 
    0.590104 7.613890e-03 6.559500e-15 1 
    0.590379 6.583711e-03 5.666700e-15 1 
    0.590654 7.377948e-03 6.344400e-15 1 
    0.590929 8.664162e-03 7.443500e-15 1 
    0.591204 7.890346e-03 6.772400e-15 1 
    0.591479 7.161493e-03 6.141100e-15 1 
    0.591754 7.559180e-03 6.476100e-15 1 
    0.592029 6.960547e-03 5.957700e-15 1 
    0.592304 7.346957e-03 6.282600e-15 1 
    0.592579 7.476449e-03 6.387400e-15 1 
    0.592854 7.067945e-03 6.032800e-15 1 
    0.593129 7.790773e-03 6.643600e-15 1 
    0.593404 7.461599e-03 6.357000e-15 1 
    0.593679 7.059551e-03 6.008900e-15 1 
    0.593954 7.523650e-03 6.398000e-15 1 
    0.594229 6.886315e-03 5.850600e-15 1 
    0.594504 6.871013e-03 5.832200e-15 1 
    0.594779 7.851395e-03 6.658200e-15 1 
    0.595054 8.196695e-03 6.944600e-15 1 
    0.595329 8.142722e-03 6.892500e-15 1 
    0.595604 7.431298e-03 6.284500e-15 1 
    0.595879 7.984381e-03 6.746000e-15 1 
    0.596154 7.258326e-03 6.126900e-15 1 
    0.596429 6.758231e-03 5.699500e-15 1 
    0.596704 6.951037e-03 5.856700e-15 1 
    0.596979 7.915287e-03 6.663000e-15 1 
    0.597254 6.987757e-03 5.876800e-15 1 
    0.597529 7.544155e-03 6.338900e-15 1 
    0.597804 6.821590e-03 5.726500e-15 1 
    0.598079 7.367516e-03 6.179100e-15 1 
    0.598354 7.178094e-03 6.014700e-15 1 
    0.598629 7.886713e-03 6.602400e-15 1 
    0.598904 7.960677e-03 6.658200e-15 1 
    0.599179 7.331096e-03 6.126000e-15 1 
    0.599454 8.460182e-03 7.063000e-15 1 
    0.599729 7.153334e-03 5.966500e-15 1 
    0.600004 7.675902e-03 6.396500e-15 1 
    0.600279 6.969478e-03 5.802500e-15 1 
    0.600554 6.940038e-03 5.772700e-15 1 
    0.600829 8.073905e-03 6.709700e-15 1 
    0.601104 7.858118e-03 6.524400e-15 1 
    0.601379 7.384307e-03 6.125400e-15 1 
    0.601654 7.760772e-03 6.431800e-15 1 
    0.601929 7.506998e-03 6.215800e-15 1 
    0.602204 7.502376e-03 6.206300e-15 1 
    0.602479 7.360528e-03 6.083400e-15 1 
    0.602754 7.526501e-03 6.214900e-15 1 
    0.603029 7.129847e-03 5.882000e-15 1 
    0.603304 6.685142e-03 5.510100e-15 1 
    0.603579 7.363871e-03 6.064000e-15 1 
    0.603854 6.531912e-03 5.374000e-15 1 
    0.604129 6.918650e-03 5.687000e-15 1 
    0.604404 7.635589e-03 6.270600e-15 1 
    0.604679 7.683246e-03 6.304000e-15 1 
    0.604954 7.320363e-03 6.000800e-15 1 
    0.605229 7.065358e-03 5.786500e-15 1 
    0.605504 8.119868e-03 6.644100e-15 1 
    0.605779 8.226571e-03 6.725300e-15 1 
    0.606054 8.334315e-03 6.807200e-15 1 
    0.606329 8.571897e-03 6.994900e-15 1 
    0.606604 8.647013e-03 7.049800e-15 1 
    0.606879 6.735632e-03 5.486500e-15 1 
    0.607154 6.988970e-03 5.687700e-15 1 
    0.607429 6.951764e-03 5.652300e-15 1 
    0.607704 7.768313e-03 6.310500e-15 1 
    0.607979 7.447969e-03 6.044800e-15 1 
    0.608254 6.717969e-03 5.447400e-15 1 
    0.608529 6.573453e-03 5.325400e-15 1 
    0.608804 7.033432e-03 5.692900e-15 1 
    0.609079 7.420410e-03 6.000700e-15 1 
    0.609354 8.179762e-03 6.608800e-15 1 
    0.609629 7.743400e-03 6.250600e-15 1 
    0.609904 7.367121e-03 5.941500e-15 1 
    0.610179 7.871929e-03 6.342900e-15 1 
    0.610454 7.146263e-03 5.753000e-15 1 
    0.610729 7.938220e-03 6.384800e-15 1 
    0.611004 7.299641e-03 5.865900e-15 1 
    0.611279 7.293135e-03 5.855400e-15 1 
    0.611554 8.157651e-03 6.543600e-15 1 
    0.611829 7.786786e-03 6.240500e-15 1 
    0.612104 7.202931e-03 5.767400e-15 1 
    0.612379 6.868897e-03 5.495000e-15 1 
    0.612654 6.734939e-03 5.383000e-15 1 
    0.612929 7.709745e-03 6.156600e-15 1 
    0.613204 8.221032e-03 6.559000e-15 1 
    0.613479 7.535033e-03 6.006300e-15 1 
    0.613754 7.039029e-03 5.605900e-15 1 
    0.614029 6.928082e-03 5.512600e-15 1 
    0.614304 7.249141e-03 5.762900e-15 1 
    0.614579 7.642153e-03 6.069900e-15 1 
    0.614854 7.720444e-03 6.126600e-15 1 
    0.615129 7.326896e-03 5.809100e-15 1 
    0.615404 7.738176e-03 6.129700e-15 1 
    0.615679 8.054154e-03 6.374300e-15 1 
    0.615954 7.192399e-03 5.687200e-15 1 
    0.616229 6.805541e-03 5.376500e-15 1 
    0.616504 7.285573e-03 5.750600e-15 1 
    0.616779 7.690497e-03 6.064800e-15 1 
    0.617054 8.833150e-03 6.959700e-15 1 
    0.617329 7.988643e-03 6.288700e-15 1 
    0.617604 7.686291e-03 6.045300e-15 1 
    0.617879 7.638162e-03 6.002100e-15 1 
    0.618154 7.584588e-03 5.954700e-15 1 
    0.618429 7.116712e-03 5.582400e-15 1 
    0.618704 7.683326e-03 6.021500e-15 1 
    0.618979 7.734729e-03 6.056400e-15 1 
    0.619254 7.784681e-03 6.090100e-15 1 
    0.619529 7.987983e-03 6.243600e-15 1 
    0.619804 7.831041e-03 6.115500e-15 1 
    0.620079 7.520140e-03 5.867500e-15 1 
    0.620354 7.801843e-03 6.081900e-15 1 
    0.620629 7.500874e-03 5.842100e-15 1 
    0.620904 8.165608e-03 6.354200e-15 1 
    0.621179 8.077149e-03 6.279800e-15 1 
    0.621454 7.523919e-03 5.844500e-15 1 
    0.621729 7.665612e-03 5.949300e-15 1 
    0.622004 8.297608e-03 6.434100e-15 1 
    0.622279 8.151087e-03 6.314900e-15 1 
    0.622554 7.506265e-03 5.810200e-15 1 
    0.622829 7.895254e-03 6.105900e-15 1 
    0.623104 7.868579e-03 6.079900e-15 1 
    0.623379 7.913349e-03 6.109100e-15 1 
    0.623654 7.967654e-03 6.145600e-15 1 
    0.623929 7.185597e-03 5.537500e-15 1 
    0.624204 7.379215e-03 5.681700e-15 1 
    0.624479 7.341001e-03 5.647300e-15 1 
    0.624754 8.201092e-03 6.303400e-15 1 
    0.625029 8.150496e-03 6.259000e-15 1 
    0.625304 8.015344e-03 6.149800e-15 1 
    0.625579 8.020830e-03 6.148600e-15 1 
    0.625854 8.468799e-03 6.486300e-15 1 
    0.626129 8.075843e-03 6.179900e-15 1 
    0.626404 8.392266e-03 6.416400e-15 1 
    0.626679 7.792088e-03 5.952300e-15 1 
    0.626954 7.451453e-03 5.687100e-15 1 
    0.627229 8.015462e-03 6.112200e-15 1 
    0.627504 7.842544e-03 5.975100e-15 1 
    0.627779 7.831553e-03 5.961500e-15 1 
    0.628054 8.108484e-03 6.166900e-15 1 
    0.628329 7.776718e-03 5.909400e-15 1 
    0.628604 7.543412e-03 5.727100e-15 1 
    0.628879 7.643612e-03 5.798100e-15 1 
    0.629154 7.739361e-03 5.865600e-15 1 
    0.629429 8.278463e-03 6.268700e-15 1 
    0.629704 8.471802e-03 6.409500e-15 1 
    0.629979 7.683472e-03 5.808000e-15 1 
    0.630254 7.158701e-03 5.406600e-15 1 
    0.630529 7.709484e-03 5.817500e-15 1 
    0.630804 7.111116e-03 5.361300e-15 1 
    0.631079 8.778595e-03 6.612700e-15 1 
    0.631354 7.698978e-03 5.794400e-15 1 
    0.631629 8.592963e-03 6.461600e-15 1 
    0.631904 8.288193e-03 6.227000e-15 1 
    0.632179 7.574572e-03 5.685900e-15 1 
    0.632454 7.362365e-03 5.521800e-15 1 
    0.632729 8.160653e-03 6.115200e-15 1 
    0.633004 7.363421e-03 5.513000e-15 1 
    0.633279 8.637916e-03 6.461600e-15 1 
    0.633554 7.498513e-03 5.604400e-15 1 
    0.633829 8.162939e-03 6.095700e-15 1 
    0.634104 8.298290e-03 6.191400e-15 1 
    0.634379 7.818809e-03 5.828600e-15 1 
    0.634654 7.770005e-03 5.787200e-15 1 
    0.634929 7.818397e-03 5.818200e-15 1 
    0.635204 7.391291e-03 5.495600e-15 1 
    0.635479 7.717529e-03 5.733200e-15 1 
    0.635754 8.056852e-03 5.980100e-15 1 
    0.636029 7.202439e-03 5.341300e-15 1 
    0.636304 8.057168e-03 5.970000e-15 1 
    0.636579 6.735375e-03 4.986300e-15 1 
    0.636854 7.479898e-03 5.532700e-15 1 
    0.637129 7.509090e-03 5.549500e-15 1 
    0.637404 7.936891e-03 5.860600e-15 1 
    0.637679 7.907144e-03 5.833600e-15 1 
    0.637954 7.798924e-03 5.748800e-15 1 
    0.638229 8.042990e-03 5.923600e-15 1 
    0.638504 7.697953e-03 5.664600e-15 1 
    0.638779 7.494717e-03 5.510300e-15 1 
    0.639054 7.852932e-03 5.768700e-15 1 
    0.639329 6.986347e-03 5.127700e-15 1 
    0.639604 7.363406e-03 5.399800e-15 1 
    0.639879 7.571732e-03 5.547800e-15 1 
    0.640154 8.163159e-03 5.976000e-15 1 
    0.640429 7.484542e-03 5.474500e-15 1 
    0.640704 8.057325e-03 5.888400e-15 1 
    0.640979 8.135595e-03 5.940500e-15 1 
    0.641254 7.437221e-03 5.425900e-15 1 
    0.641529 7.269238e-03 5.298800e-15 1 
    0.641804 7.974486e-03 5.807900e-15 1 
    0.642079 8.163269e-03 5.940300e-15 1 
    0.642354 7.188505e-03 5.226500e-15 1 
    0.642629 6.655457e-03 4.834800e-15 1 
    0.642904 7.350995e-03 5.335500e-15 1 
    0.643179 7.331637e-03 5.316900e-15 1 
    0.643454 8.329932e-03 6.035700e-15 1 
    0.643729 8.134555e-03 5.889100e-15 1 
    0.644004 8.051508e-03 5.824000e-15 1 
    0.644279 8.204915e-03 5.929900e-15 1 
    0.644554 8.322569e-03 6.009800e-15 1 
    0.644829 8.108187e-03 5.850000e-15 1 
    0.645104 7.786199e-03 5.612900e-15 1 
    0.645379 8.001513e-03 5.763200e-15 1 
    0.645654 7.960533e-03 5.728800e-15 1 
    0.645929 8.028368e-03 5.772700e-15 1 
    0.646204 7.440712e-03 5.345600e-15 1 
    0.646479 7.674960e-03 5.509200e-15 1 
    0.646754 8.097272e-03 5.807400e-15 1 
    0.647029 8.174213e-03 5.857600e-15 1 
    0.647304 7.920404e-03 5.670900e-15 1 
    0.647579 7.386582e-03 5.284200e-15 1 
    0.647854 7.243578e-03 5.177500e-15 1 
    0.648129 7.102144e-03 5.072100e-15 1 
    0.648404 7.350478e-03 5.245000e-15 1 
    0.648679 7.720834e-03 5.504600e-15 1 
    0.648954 8.468871e-03 6.032800e-15 1 
    0.649229 9.457579e-03 6.731400e-15 1 
    0.649504 9.216276e-03 6.554100e-15 1 
    0.649779 9.334702e-03 6.632700e-15 1 
    0.650054 1.064215e-02 7.555300e-15 1 
    0.650329 1.010614e-02 7.168700e-15 1 
    0.650604 8.602291e-03 6.096800e-15 1 
    0.650879 8.133531e-03 5.759700e-15 1 
    0.651154 8.016032e-03 5.671700e-15 1 
    0.651429 7.794074e-03 5.510000e-15 1 
    0.651704 7.930195e-03 5.601500e-15 1 
    0.651979 8.165297e-03 5.762700e-15 1 
    0.652254 8.126239e-03 5.730300e-15 1 
    0.652529 7.772446e-03 5.476200e-15 1 
    0.652804 7.778714e-03 5.476000e-15 1 
    0.653079 8.354804e-03 5.876600e-15 1 
    0.653354 7.489318e-03 5.263400e-15 1 
    0.653629 7.983806e-03 5.606200e-15 1 
    0.653904 8.444198e-03 5.924500e-15 1 
    0.654179 7.650180e-03 5.362900e-15 1 
    0.654454 7.440459e-03 5.211500e-15 1 
    0.654729 8.217748e-03 5.751100e-15 1 
    0.655004 7.261337e-03 5.077500e-15 1 
    0.655279 8.145397e-03 5.690900e-15 1 
    0.655554 6.715577e-03 4.688000e-15 1 
    0.655829 8.223736e-03 5.736000e-15 1 
    0.656104 6.905639e-03 4.812600e-15 1 
    0.656379 9.061575e-03 6.309800e-15 1 
    0.656654 8.199737e-03 5.704900e-15 1 
    0.656929 7.898333e-03 5.490600e-15 1 
    0.657204 7.981684e-03 5.543900e-15 1 
    0.657479 9.186641e-03 6.375500e-15 1 
    0.657754 7.621680e-03 5.285000e-15 1 
    0.658029 8.248980e-03 5.715200e-15 1 
    0.658304 7.717927e-03 5.342800e-15 1 
    0.658579 7.758496e-03 5.366400e-15 1 
    0.658854 8.440274e-03 5.833100e-15 1 
    0.659129 6.707345e-03 4.631600e-15 1 
    0.659404 7.062678e-03 4.872900e-15 1 
    0.659679 7.877563e-03 5.430600e-15 1 
    0.659954 7.418540e-03 5.109900e-15 1 
    0.660229 7.978465e-03 5.491000e-15 1 
    0.660504 8.386623e-03 5.767100e-15 1 
    0.660779 7.859466e-03 5.400100e-15 1 
    0.661054 7.315690e-03 5.022300e-15 1 
    0.661329 7.410707e-03 5.083300e-15 1 
    0.661604 6.917433e-03 4.741000e-15 1 
    0.661879 7.590824e-03 5.198200e-15 1 
    0.662154 7.545104e-03 5.162600e-15 1 
    0.662429 7.980091e-03 5.455700e-15 1 
    0.662704 8.585317e-03 5.864600e-15 1 
    0.662979 8.540577e-03 5.829200e-15 1 
    0.663254 7.200672e-03 4.910600e-15 1 
    0.663529 9.197696e-03 6.267300e-15 1 
    0.663804 8.494136e-03 5.783100e-15 1 
    0.664079 8.523813e-03 5.798500e-15 1 
    0.664354 8.156742e-03 5.544200e-15 1 
    0.664629 7.954705e-03 5.402400e-15 1 
    0.664904 8.270167e-03 5.612000e-15 1 
    0.665179 8.507091e-03 5.768000e-15 1 
    0.665454 7.743161e-03 5.245700e-15 1 
    0.665729 8.520721e-03 5.767700e-15 1 
    0.666004 8.731358e-03 5.905400e-15 1 
    0.666279 8.042343e-03 5.434900e-15 1 
    0.666554 8.053573e-03 5.438000e-15 1 
    0.666829 8.307897e-03 5.605100e-15 1 
    0.667104 9.018932e-03 6.079800e-15 1 
    0.667379 8.514314e-03 5.734900e-15 1 
    0.667654 9.327270e-03 6.277300e-15 1 
    0.667929 9.242606e-03 6.215200e-15 1 
    0.668204 8.808633e-03 5.918500e-15 1 
    0.668479 8.948604e-03 6.007600e-15 1 
    0.668754 9.314350e-03 6.248000e-15 1 
    0.669029 8.549455e-03 5.730200e-15 1 
    0.669304 7.915443e-03 5.300900e-15 1 
    0.669579 7.957217e-03 5.324500e-15 1 
    0.669854 9.001309e-03 6.018200e-15 1 
    0.670129 8.001431e-03 5.345300e-15 1 
    0.670404 7.552266e-03 5.041100e-15 1 
    0.670679 8.395260e-03 5.599200e-15 1 
    0.670954 7.063163e-03 4.706900e-15 1 
    0.671229 7.991076e-03 5.320900e-15 1 
    0.671504 8.463122e-03 5.630600e-15 1 
    0.671779 8.276303e-03 5.501800e-15 1 
    0.672054 9.118946e-03 6.057000e-15 1 
    0.672329 9.202653e-03 6.107600e-15 1 
    0.672604 8.488309e-03 5.628900e-15 1 
    0.672879 7.868020e-03 5.213300e-15 1 
    0.673154 8.306442e-03 5.499300e-15 1 
    0.673429 8.218145e-03 5.436400e-15 1 
    0.673704 8.970427e-03 5.929200e-15 1 
    0.673979 8.783787e-03 5.801100e-15 1 
    0.674254 8.597441e-03 5.673400e-15 1 
    0.674529 9.181989e-03 6.054200e-15 1 
    0.674804 1.057013e-02 6.963800e-15 1 
    0.675079 1.101473e-02 7.250800e-15 1 
    0.675354 1.264257e-02 8.315600e-15 1 
    0.675629 1.439842e-02 9.462800e-15 1 
    0.675904 1.508993e-02 9.909200e-15 1 
    0.676179 1.530766e-02 1.004400e-14 1 
    0.676454 2.134352e-02 1.399300e-14 1 
    0.676729 3.579279e-02 2.344700e-14 1 
    0.677004 5.054054e-02 3.308100e-14 1 
    0.677279 4.923300e-02 3.219900e-14 1 
    0.677554 3.708597e-02 2.423500e-14 1 
    0.677829 2.026950e-02 1.323500e-14 1 
    0.678104 1.400367e-02 9.136300e-15 1 
    0.678379 1.334406e-02 8.698900e-15 1 
    0.678654 1.575000e-02 1.025900e-14 1 
    0.678929 2.168898e-02 1.411600e-14 1 
    0.679204 2.565851e-02 1.668600e-14 1 
    0.679479 2.285682e-02 1.485200e-14 1 
    0.679754 1.657429e-02 1.076100e-14 1 
    0.680029 1.165856e-02 7.563300e-15 1 
    0.680304 9.550928e-03 6.191000e-15 1 
    0.680579 9.854011e-03 6.382300e-15 1 
    0.680854 8.171365e-03 5.288200e-15 1 
    0.681129 9.695658e-03 6.269600e-15 1 
    0.681404 8.363951e-03 5.404100e-15 1 
    0.681679 8.215653e-03 5.304000e-15 1 
    0.681954 8.441637e-03 5.445500e-15 1 
    0.682229 9.342705e-03 6.021900e-15 1 
    0.682504 9.619634e-03 6.195400e-15 1 
    0.682779 1.059876e-02 6.820500e-15 1 
    0.683912 8.458843e-03 5.425400e-15 0 
    0.685488 8.572899e-03 5.473300e-15 0 
    0.687068 8.530169e-03 5.421000e-15 0 
    0.688652 8.605587e-03 5.443800e-15 0 
    0.690240 8.503504e-03 5.354500e-15 0 
    0.691831 8.539240e-03 5.352300e-15 0 
    0.693426 8.264991e-03 5.156600e-15 0 
    0.695024 8.551905e-03 5.311100e-15 0 
    0.696626 8.392405e-03 5.188100e-15 0 
    0.698233 8.604080e-03 5.294500e-15 0 
    0.699842 8.760347e-03 5.365900e-15 0 
    0.701455 8.537698e-03 5.205500e-15 0 
    0.703072 8.692775e-03 5.275700e-15 0 
    0.704693 8.749459e-03 5.285700e-15 0 
    0.706318 8.586146e-03 5.163200e-15 0 
    0.707946 8.562789e-03 5.125500e-15 0 
    0.709578 8.618425e-03 5.135100e-15 0 
    0.711214 8.734593e-03 5.180400e-15 0 
    0.712853 8.751012e-03 5.166300e-15 0 
    0.714496 8.707165e-03 5.116800e-15 0 
    0.716143 8.988569e-03 5.257900e-15 0 
    0.717794 8.881847e-03 5.171600e-15 0 
    0.719449 9.211160e-03 5.338700e-15 0 
    0.721108 9.228555e-03 5.324200e-15 0 
    0.722770 9.076987e-03 5.212700e-15 0 
    0.724436 9.031412e-03 5.162700e-15 0 
    0.726106 9.344623e-03 5.317200e-15 0 
    0.727780 9.514349e-03 5.388900e-15 0 
    0.729457 8.713260e-03 4.912500e-15 0 
    0.731139 9.098996e-03 5.106400e-15 0 
    0.732825 8.888067e-03 4.965100e-15 0 
    0.734514 8.925128e-03 4.962900e-15 0 
    0.736207 8.539221e-03 4.726500e-15 0 
    0.737904 8.674104e-03 4.779100e-15 0 
    0.739605 8.690253e-03 4.766000e-15 0 
    0.741310 8.606721e-03 4.698500e-15 0 
    0.743019 8.722636e-03 4.739900e-15 0 
    0.744732 9.066837e-03 4.904300e-15 0 
    0.746449 9.146582e-03 4.924700e-15 0 
    0.748170 9.398529e-03 5.037100e-15 0 
    0.749894 9.201585e-03 4.908900e-15 0 
    0.751623 9.239923e-03 4.906700e-15 0 
    0.753356 9.604380e-03 5.076800e-15 0 
    0.755092 9.688986e-03 5.098000e-15 0 
    0.756833 9.729134e-03 5.095600e-15 0 
    0.758578 9.928460e-03 5.176100e-15 0 
    0.760326 9.855567e-03 5.114500e-15 0 
    0.762079 9.987987e-03 5.159400e-15 0 
    0.763836 9.983335e-03 5.133300e-15 0 
    0.765597 9.864520e-03 5.048900e-15 0 
    0.767361 1.020641e-02 5.199900e-15 0 
    0.769130 1.027246e-02 5.209500e-15 0 
    0.770904 1.033891e-02 5.219100e-15 0 
    0.772681 1.040554e-02 5.228600e-15 0 
    0.774462 1.044877e-02 5.226200e-15 0 
    0.776247 1.061348e-02 5.284200e-15 0 
    0.778037 1.058420e-02 5.245400e-15 0 
    0.779830 1.053046e-02 5.194800e-15 0 
    0.781628 1.040496e-02 5.109300e-15 0 
    0.783430 1.035233e-02 5.060100e-15 0 
    0.785236 1.022891e-02 4.976800e-15 0 
    0.787046 1.034240e-02 5.008900e-15 0 
    0.788860 1.026629e-02 4.949200e-15 0 
    0.790679 1.009717e-02 4.845300e-15 0 
    0.792501 1.006923e-02 4.809700e-15 0 
    0.794328 1.001812e-02 4.763300e-15 0 
    0.796159 9.967170e-03 4.717300e-15 0 
    0.797995 1.017091e-02 4.791600e-15 0 
    0.799834 9.730786e-03 4.563200e-15 0 
    0.801678 1.006792e-02 4.699600e-15 0 
    0.803526 1.015592e-02 4.718900e-15 0 
    0.805378 1.022139e-02 4.727500e-15 0 
    0.807235 1.050251e-02 4.835200e-15 0 
    0.809096 1.040108e-02 4.766500e-15 0 
    0.810961 1.056483e-02 4.819300e-15 0 
    0.812831 1.048698e-02 4.761800e-15 0 
    0.814704 1.055439e-02 4.770400e-15 0 
    0.816582 1.033261e-02 4.648700e-15 0 
    0.818465 1.039907e-02 4.657100e-15 0 
    0.820352 1.020413e-02 4.548800e-15 0 
    0.822243 1.058183e-02 4.695500e-15 0 
    0.824138 1.082288e-02 4.780400e-15 0 
    0.826038 1.069339e-02 4.701500e-15 0 
    0.827942 1.098746e-02 4.808600e-15 0 
    0.829851 1.121172e-02 4.884200e-15 0 
    0.831764 1.123188e-02 4.870500e-15 0 
    0.833681 1.094547e-02 4.724500e-15 0 
    0.835603 1.071531e-02 4.603900e-15 0 
    0.837529 1.111175e-02 4.752300e-15 0 
    0.839460 1.100425e-02 4.684700e-15 0 
    0.841395 1.102389e-02 4.671500e-15 0 
    0.843335 1.086687e-02 4.583800e-15 0 
    0.845279 1.071221e-02 4.497800e-15 0 
    0.847227 1.128898e-02 4.718200e-15 0 
    0.849180 1.060291e-02 4.411100e-15 0 
    0.851138 1.161971e-02 4.811900e-15 0 
    0.853100 1.164035e-02 4.798300e-15 0 
    0.855067 1.129099e-02 4.632900e-15 0 
    0.857038 1.125912e-02 4.598600e-15 0 
    0.859014 1.097166e-02 4.460600e-15 0 
    0.860994 1.135120e-02 4.593700e-15 0 
    0.862979 1.155602e-02 4.655100e-15 0 
    0.864968 1.139138e-02 4.567700e-15 0 
    0.866962 1.138534e-02 4.544300e-15 0 
    0.868960 1.153729e-02 4.583800e-15 0 
    0.870964 1.088610e-02 4.305200e-15 0 
    0.872971 1.131458e-02 4.454100e-15 0 
    0.874984 1.162508e-02 4.555300e-15 0 
    0.877001 1.081834e-02 4.219700e-15 0 
    0.879023 1.111528e-02 4.315600e-15 0 
    0.881049 1.136814e-02 4.393500e-15 0 
    0.883080 1.157294e-02 4.452100e-15 0 
    0.885116 1.180891e-02 4.522000e-15 0 
    0.887156 1.129699e-02 4.306100e-15 0 
    0.889201 1.158054e-02 4.393900e-15 0 
    0.891251 1.203593e-02 4.545700e-15 0 
    0.893305 1.143499e-02 4.298900e-15 0 
    0.895365 1.098994e-02 4.112600e-15 0 
    0.897429 1.174215e-02 4.373900e-15 0 
    0.899498 1.209222e-02 4.483600e-15 0 
    0.901571 1.205752e-02 4.450200e-15 0 
    0.903650 1.124653e-02 4.131800e-15 0 
    0.905733 1.198863e-02 4.384200e-15 0 
    0.907820 1.243128e-02 4.525200e-15 0 
    0.909913 1.268434e-02 4.596100e-15 0 
    0.912011 1.247452e-02 4.499300e-15 0 
    0.914113 1.196109e-02 4.294300e-15 0 
    0.916220 1.160161e-02 4.146100e-15 0 
    0.918333 1.236723e-02 4.399400e-15 0 
    0.920450 1.253192e-02 4.437500e-15 0 
    0.922571 1.272819e-02 4.486300e-15 0 
    0.924698 1.254611e-02 4.401800e-15 0 
    0.926830 1.228161e-02 4.289200e-15 0 
    0.928966 1.188522e-02 4.131700e-15 0 
    0.931108 1.142223e-02 3.952500e-15 0 
    0.933254 1.316722e-02 4.535400e-15 0 
    0.935406 1.253823e-02 4.298900e-15 0 
    0.937562 1.273440e-02 4.346100e-15 0 
    0.939723 1.311343e-02 4.454900e-15 0 
    0.941890 1.334934e-02 4.514200e-15 0 
    0.944061 1.271162e-02 4.278800e-15 0 
    0.946237 1.270403e-02 4.256600e-15 0 
    0.948418 1.296205e-02 4.323100e-15 0 
    0.950605 1.231434e-02 4.088200e-15 0 
    0.952796 1.127603e-02 3.726300e-15 0 
    0.954993 1.284963e-02 4.226800e-15 0 
    0.957194 1.332368e-02 4.362600e-15 0 
    0.959401 1.268687e-02 4.135000e-15 0 
    0.961612 1.321578e-02 4.287600e-15 0 
    0.963829 1.326843e-02 4.284900e-15 0 
    0.966051 1.313867e-02 4.223500e-15 0 
    0.968278 1.331339e-02 4.260000e-15 0 
    0.970510 1.312240e-02 4.179600e-15 0 
    0.972747 1.351289e-02 4.284200e-15 0 
    0.974990 1.341146e-02 4.232500e-15 0 
    0.977237 1.365225e-02 4.288700e-15 0 
    0.979490 1.367530e-02 4.276200e-15 0 
    0.981748 1.341715e-02 4.176200e-15 0 
    0.984011 1.254242e-02 3.886000e-15 0 
    0.986279 1.336943e-02 4.123200e-15 0 
    0.988553 1.383051e-02 4.245800e-15 0 
    0.990832 1.378996e-02 4.213900e-15 0 
    0.993116 1.390851e-02 4.230600e-15 0 
    0.995405 1.386767e-02 4.198800e-15 0 
    0.997700 1.389055e-02 4.186400e-15 0 
    1.000000 1.407467e-02 4.222400e-15 0 
    1.002305 1.396884e-02 4.171400e-15 0 
    1.004615 1.386375e-02 4.121000e-15 0 
    1.006931 1.398283e-02 4.137300e-15 0 
    1.009253 1.390955e-02 4.096700e-15 0 
    1.011580 1.419172e-02 4.160600e-15 0 
    1.013912 1.411708e-02 4.119700e-15 0 
    1.016249 1.423835e-02 4.136000e-15 0 
    1.018591 1.422900e-02 4.114300e-15 0 
    1.020939 1.425229e-02 4.102100e-15 0 
    1.023294 1.437466e-02 4.118300e-15 0 
    1.025652 1.443152e-02 4.115600e-15 0 
    1.028017 1.448828e-02 4.112800e-15 0 
    1.030386 1.447869e-02 4.091200e-15 0 
    1.032761 1.433646e-02 4.032400e-15 0 
    1.039921 1.424143e-02 3.950700e-15 0 
    1.044720 1.489233e-02 4.093400e-15 0 
    1.049542 1.494053e-02 4.069000e-15 0 
    1.054386 1.516251e-02 4.091600e-15 0 
    1.059254 1.535221e-02 4.104800e-15 0 
    1.061696 1.537686e-02 4.092500e-15 0 
    1.083927 1.551805e-02 3.962400e-15 0 
    1.104079 1.548240e-02 3.810300e-15 0 
    1.124605 1.523501e-02 3.613800e-15 0 
    1.145513 1.506056e-02 3.443200e-15 0 
    1.164126 1.548259e-02 3.427400e-15 0 
    1.185768 1.617468e-02 3.451100e-15 0 
    1.207813 1.651327e-02 3.395900e-15 0 
    1.227440 1.643761e-02 3.273100e-15 0 
    1.247384 1.685942e-02 3.250600e-15 0 
    1.267652 1.725212e-02 3.220800e-15 0 
    1.288250 1.733163e-02 3.133000e-15 0 
    1.309182 1.753207e-02 3.068700e-15 0 
    1.330455 1.781734e-02 3.019700e-15 0 
    1.352073 1.819022e-02 2.985100e-15 0 
    1.370882 1.819054e-02 2.903800e-15 0 
    1.393157 1.844360e-02 2.850800e-15 0 
    1.412538 1.865704e-02 2.805200e-15 0 
    1.432188 1.852815e-02 2.709900e-15 0 
    1.455459 1.819036e-02 2.576100e-15 0 
    1.475707 1.831600e-02 2.523200e-15 0 
    1.496236 1.891646e-02 2.534900e-15 0 
    1.517051 1.896006e-02 2.471500e-15 0 
    1.538154 1.980825e-02 2.511700e-15 0 
    1.555965 2.041007e-02 2.529100e-15 0 
    1.577611 2.132286e-02 2.570200e-15 0 
    1.599558 2.197058e-02 2.576100e-15 0 
    1.618080 2.186968e-02 2.505900e-15 0 
    1.640590 2.151972e-02 2.398600e-15 0 
    1.659586 2.191996e-02 2.387600e-15 0 
    1.682673 2.253408e-02 2.387600e-15 0 
    1.702158 2.284747e-02 2.365700e-15 0 
    1.721869 2.348740e-02 2.376600e-15 0 
    1.741808 2.392429e-02 2.365700e-15 0 
    1.761975 2.436870e-02 2.354800e-15 0 
    1.782379 2.420143e-02 2.285400e-15 0 
    1.803018 2.420167e-02 2.233400e-15 0 
    1.823896 2.392378e-02 2.157500e-15 0 
    1.845014 2.370486e-02 2.089100e-15 0 
    1.866379 2.316557e-02 1.995100e-15 0 
    1.887991 2.316575e-02 1.949700e-15 0 
    1.909854 2.300626e-02 1.892200e-15 0 
    1.927524 2.243080e-02 1.811200e-15 0 
    1.949844 2.248185e-02 1.774000e-15 0 
    1.967887 2.269073e-02 1.757800e-15 0 
    1.990672 2.263801e-02 1.713800e-15 0 
    2.009093 2.227585e-02 1.655600e-15 0 
    2.032357 2.212282e-02 1.606800e-15 0 
    2.051161 2.197032e-02 1.566600e-15 0 
    2.074913 2.217355e-02 1.545100e-15 0 
    2.094113 2.197040e-02 1.503000e-15 0 
    2.113488 2.217335e-02 1.489200e-15 0 
    2.133045 2.212304e-02 1.458700e-15 0 
    2.157745 2.227675e-02 1.435400e-15 0 
    2.177709 2.237946e-02 1.415700e-15 0 
    2.197860 2.237851e-02 1.389800e-15 0 
    2.218197 2.243046e-02 1.367600e-15 0 
    2.238721 2.217419e-02 1.327300e-15 0 
    2.259436 2.232779e-02 1.312100e-15 0 
    2.280341 2.222461e-02 1.282200e-15 0 
    2.301442 2.210286e-02 1.251900e-15 0 
    2.322738 2.180704e-02 1.212600e-15 0 
    2.338837 2.138649e-02 1.172900e-15 0 
    2.360479 1.949965e-02 1.049900e-15 0 
    2.382319 1.953488e-02 1.032600e-15 0 
    2.404363 1.743499e-02 9.047799e-16 0 
    2.421028 1.642592e-02 8.407200e-16 0 
    2.443431 1.678327e-02 8.433300e-16 0 
    2.466040 1.570550e-02 7.747700e-16 0 
    2.483133 1.519907e-02 7.395000e-16 0 
    2.506110 1.515945e-02 7.241100e-16 0 
    2.529297 1.433389e-02 6.721800e-16 0 
    2.546831 1.414975e-02 6.544400e-16 0 
    2.547250 1.310349e-02 6.058500e-16 2 
    2.556930 1.299972e-02 5.965100e-16 2 
    2.566610 1.236076e-02 5.629200e-16 2 
    2.576280 1.251426e-02 5.656400e-16 2 
    2.585960 1.258930e-02 5.647800e-16 2 
    2.595640 1.267003e-02 5.641700e-16 2 
    2.605310 1.313205e-02 5.804100e-16 2 
    2.614990 1.328976e-02 5.830400e-16 2 
    2.624660 1.396735e-02 6.082600e-16 2 
    2.634340 1.358918e-02 5.874500e-16 2 
    2.644020 1.470057e-02 6.308500e-16 2 
    2.653690 1.414564e-02 6.026200e-16 2 
    2.663370 1.406129e-02 5.946800e-16 2 
    2.673050 1.425919e-02 5.986900e-16 2 
    2.682720 1.527584e-02 6.367600e-16 2 
    2.692400 1.555204e-02 6.436200e-16 2 
    2.702070 1.523513e-02 6.260000e-16 2 
    2.711750 1.452162e-02 5.924300e-16 2 
    2.721430 1.377451e-02 5.579600e-16 2 
    2.731100 1.250436e-02 5.029300e-16 2 
    2.740780 1.267679e-02 5.062700e-16 2 
    2.750460 1.379861e-02 5.472000e-16 2 
    2.760130 1.294936e-02 5.099300e-16 2 
    2.769810 1.354235e-02 5.295600e-16 2 
    2.779480 1.413485e-02 5.488900e-16 2 
    2.789160 1.379186e-02 5.318600e-16 2 
    2.798840 1.648274e-02 6.312400e-16 2 
    2.808510 1.436092e-02 5.462000e-16 2 
    2.818190 1.437511e-02 5.429900e-16 2 
    2.827870 1.358105e-02 5.094900e-16 2 
    2.837540 1.463787e-02 5.454000e-16 2 
    2.847220 1.395805e-02 5.165400e-16 2 
    2.856890 1.422714e-02 5.229400e-16 2 
    2.866570 1.398133e-02 5.104400e-16 2 
    2.876250 1.363139e-02 4.943200e-16 2 
    2.885920 1.139788e-02 4.105600e-16 2 
    2.895600 1.387970e-02 4.966200e-16 2 
    2.905280 1.306585e-02 4.643900e-16 2 
    2.914950 1.346452e-02 4.753900e-16 2 
    2.924630 1.311759e-02 4.600800e-16 2 
    2.934300 1.253116e-02 4.366200e-16 2 
    2.943980 1.197753e-02 4.145900e-16 2 
    2.953660 1.247169e-02 4.288700e-16 2 
    2.963330 1.191948e-02 4.072100e-16 2 
    2.973010 1.247448e-02 4.234000e-16 2 
    2.982690 1.243129e-02 4.192000e-16 2 
    2.992360 1.226340e-02 4.108700e-16 2 
    3.002040 1.205838e-02 4.014000e-16 2 
    3.011710 1.175856e-02 3.889100e-16 2 
    3.021390 1.067491e-02 3.508100e-16 2 
    3.031070 1.193196e-02 3.896200e-16 2 
    3.040740 1.108207e-02 3.595700e-16 2 
    3.050420 1.180719e-02 3.806700e-16 2 
    3.060100 1.222186e-02 3.915500e-16 2 
    3.069770 1.254737e-02 3.994500e-16 2 
    3.079450 1.153640e-02 3.649600e-16 2 
    3.089120 1.222733e-02 3.844000e-16 2 
    3.098800 1.151699e-02 3.598100e-16 2 
    3.108480 1.146377e-02 3.559200e-16 2 
    3.118150 1.179804e-02 3.640300e-16 2 
    3.127830 1.170346e-02 3.588800e-16 2 
    3.137510 1.162113e-02 3.541600e-16 2 
    3.147180 1.192168e-02 3.610900e-16 2 
    3.156860 1.049362e-02 3.158900e-16 2 
    3.166530 1.108676e-02 3.317100e-16 2 
    3.176210 1.098953e-02 3.268000e-16 2 
    3.185890 1.272086e-02 3.759900e-16 2 
    3.195560 1.183865e-02 3.478000e-16 2 
    3.205240 1.222828e-02 3.570800e-16 2 
    3.214920 1.115051e-02 3.236500e-16 2 
    3.224590 1.112411e-02 3.209500e-16 2 
    3.234270 1.286363e-02 3.689200e-16 2 
    3.243940 1.305326e-02 3.721300e-16 2 
    3.253620 1.267114e-02 3.590900e-16 2 
    3.263300 1.314883e-02 3.704200e-16 2 
    3.272970 1.290122e-02 3.613000e-16 2 
    3.282650 1.374883e-02 3.827700e-16 2 
    3.292330 1.460650e-02 4.042600e-16 2 
    3.302000 1.374422e-02 3.781700e-16 2 
    3.311680 1.558918e-02 4.264300e-16 2 
    3.321350 1.691550e-02 4.600200e-16 2 
    3.331030 1.929516e-02 5.216900e-16 2 
    3.340710 1.963216e-02 5.277300e-16 2 
    3.350380 2.391421e-02 6.391300e-16 2 
    3.360060 2.764094e-02 7.344800e-16 2 
    3.369740 3.176754e-02 8.392900e-16 2 
    3.379410 3.497616e-02 9.187800e-16 2 
    3.389090 3.415686e-02 8.921400e-16 2 
    3.398760 3.216920e-02 8.354500e-16 2 
    3.408440 2.846937e-02 7.351700e-16 2 
    3.418120 2.502888e-02 6.426700e-16 2 
    3.427790 2.117225e-02 5.405800e-16 2 
    3.437470 1.936321e-02 4.916100e-16 2 
    3.447150 1.869567e-02 4.720000e-16 2 
    3.456820 1.938266e-02 4.866100e-16 2 
    3.466500 1.733999e-02 4.329000e-16 2 
    3.476170 1.912980e-02 4.749300e-16 2 
    3.485850 1.822997e-02 4.500800e-16 2 
    3.495530 1.951372e-02 4.791100e-16 2 
    3.505200 1.959685e-02 4.785000e-16 2 
    3.514880 1.988314e-02 4.828200e-16 2 
    3.524560 1.817912e-02 4.390200e-16 2 
    3.534230 1.715817e-02 4.121000e-16 2 
    3.543910 1.752232e-02 4.185500e-16 2 
    3.553580 1.845235e-02 4.383700e-16 2 
    3.563260 1.705437e-02 4.029600e-16 2 
    3.572940 1.722843e-02 4.048700e-16 2 
    3.582610 1.725336e-02 4.032700e-16 2 
    3.592290 1.760696e-02 4.093200e-16 2 
    3.601970 1.737546e-02 4.017700e-16 2 
    3.611640 1.739540e-02 4.000800e-16 2 
    3.621320 1.766363e-02 4.040800e-16 2 
    3.630990 1.780203e-02 4.050800e-16 2 
    3.640670 1.690741e-02 3.826800e-16 2 
    3.650350 1.566449e-02 3.526700e-16 2 
    3.660020 1.723140e-02 3.859000e-16 2 
    3.669700 1.741424e-02 3.879400e-16 2 
    3.679380 1.764387e-02 3.909900e-16 2 
    3.689050 1.870887e-02 4.124200e-16 2 
    3.698730 1.726720e-02 3.786500e-16 2 
    3.708400 1.642612e-02 3.583300e-16 2 
    3.718080 1.691703e-02 3.671200e-16 2 
    3.727760 1.628032e-02 3.514700e-16 2 
    3.737430 1.649713e-02 3.543100e-16 2 
    3.747110 1.706523e-02 3.646200e-16 2 
    3.756790 1.718785e-02 3.653500e-16 2 
    3.766460 1.663571e-02 3.518000e-16 2 
    3.776140 1.711013e-02 3.599800e-16 2 
    3.785810 1.643874e-02 3.440900e-16 2 
    3.795490 1.729794e-02 3.602300e-16 2 
    3.805170 1.756776e-02 3.639900e-16 2 
    3.814840 1.809472e-02 3.730100e-16 2 
    3.824520 1.808379e-02 3.709000e-16 2 
    3.834200 1.825973e-02 3.726200e-16 2 
    3.843870 2.023088e-02 4.107700e-16 2 
    3.853550 1.962110e-02 3.963900e-16 2 
    3.863220 1.897646e-02 3.814500e-16 2 
    3.872900 1.866270e-02 3.732700e-16 2 
    3.882580 1.823754e-02 3.629500e-16 2 
    3.892250 1.907790e-02 3.777900e-16 2 
    3.901930 1.862634e-02 3.670200e-16 2 
    3.911610 1.849089e-02 3.625500e-16 2 
    3.921280 1.830924e-02 3.572200e-16 2 
    3.930960 1.795523e-02 3.485900e-16 2 
    3.940630 1.902146e-02 3.674800e-16 2 
    3.950310 1.945365e-02 3.739900e-16 2 
    3.959990 1.869028e-02 3.575600e-16 2 
    3.969660 1.887675e-02 3.593700e-16 2 
    3.979340 1.808638e-02 3.426500e-16 2 
    3.989020 1.911118e-02 3.603100e-16 2 
    3.998690 1.945925e-02 3.651000e-16 2 
    4.008370 1.941700e-02 3.625500e-16 2 
    4.018040 1.849692e-02 3.437100e-16 2 
    4.027720 1.880137e-02 3.476900e-16 2 
    4.037400 2.050887e-02 3.774500e-16 2 
    4.047070 2.125692e-02 3.893500e-16 2 
    4.056750 2.047553e-02 3.732500e-16 2 
    4.066430 2.054194e-02 3.726800e-16 2 
    4.076100 2.110330e-02 3.810500e-16 2 
    4.085780 1.852600e-02 3.329300e-16 2 
    4.095450 1.943734e-02 3.476600e-16 2 
    4.105130 1.952146e-02 3.475200e-16 2 
    4.114810 2.048054e-02 3.628800e-16 2 
    4.124480 2.048222e-02 3.612100e-16 2 
    4.134160 2.060297e-02 3.616400e-16 2 
    4.143840 2.280478e-02 3.984200e-16 2 
    4.153510 2.583434e-02 4.492500e-16 2 
    4.163190 2.937279e-02 5.084100e-16 2 
    4.172860 2.871190e-02 4.946700e-16 2 
    4.182540 2.554013e-02 4.379900e-16 2 
    4.192220 2.478737e-02 4.231200e-16 2 
    4.201890 2.145189e-02 3.645000e-16 2 
    4.211570 2.077750e-02 3.514200e-16 2 
    4.221250 2.096578e-02 3.529800e-16 2 
    4.230920 2.126721e-02 3.564200e-16 2 
    4.240600 2.134845e-02 3.561500e-16 2 
    4.250270 2.279054e-02 3.784800e-16 2 
    4.259950 2.081904e-02 3.441700e-16 2 
    4.269630 2.259455e-02 3.718300e-16 2 
    4.279300 2.089080e-02 3.422400e-16 2 
    4.288980 2.198490e-02 3.585400e-16 2 
    4.298660 2.123547e-02 3.447600e-16 2 
    4.308330 2.120242e-02 3.426800e-16 2 
    4.318010 2.122198e-02 3.414600e-16 2 
    4.327680 2.352339e-02 3.768000e-16 2 
    4.337360 2.032962e-02 3.241900e-16 2 
    4.347040 2.075935e-02 3.295700e-16 2 
    4.356710 2.048927e-02 3.238400e-16 2 
    4.366390 2.001227e-02 3.149000e-16 2 
    4.376070 1.795056e-02 2.812100e-16 2 
    4.385740 1.762605e-02 2.749100e-16 2 
    4.395420 1.812189e-02 2.814000e-16 2 
    4.405090 1.855747e-02 2.869000e-16 2 
    4.414770 2.048939e-02 3.153800e-16 2 
    4.424450 2.304654e-02 3.531900e-16 2 
    4.434120 2.340757e-02 3.571600e-16 2 
    4.443800 2.425305e-02 3.684500e-16 2 
    4.453480 2.389009e-02 3.613600e-16 2 
    4.463150 2.366461e-02 3.564000e-16 2 
    4.472830 2.375337e-02 3.561900e-16 2 
    4.482500 2.466593e-02 3.682800e-16 2 
    4.492180 2.456338e-02 3.651700e-16 2 
    4.501860 2.454641e-02 3.633500e-16 2 
    4.511530 2.554686e-02 3.765400e-16 2 
    4.521210 2.538474e-02 3.725500e-16 2 
    4.530890 2.601704e-02 3.802000e-16 2 
    4.540560 2.450293e-02 3.565500e-16 2 
    4.550240 2.446534e-02 3.544900e-16 2 
    4.559910 2.522996e-02 3.640200e-16 2 
    4.569590 2.323794e-02 3.338600e-16 2 
    4.579270 2.521608e-02 3.607500e-16 2 
    4.588940 2.421783e-02 3.450100e-16 2 
    4.598620 2.458515e-02 3.487700e-16 2 
    4.608300 2.443959e-02 3.452500e-16 2 
    4.617970 2.390036e-02 3.362200e-16 2 
    4.627650 2.348456e-02 3.289900e-16 2 
    4.637320 2.306670e-02 3.217900e-16 2 
    4.647000 2.359571e-02 3.278000e-16 2 
    4.656680 2.224992e-02 3.078200e-16 2 
    4.666350 2.357342e-02 3.247800e-16 2 
    4.676030 2.358678e-02 3.236200e-16 2 
    4.685710 2.264163e-02 3.093700e-16 2 
    4.695380 2.338041e-02 3.181500e-16 2 
    4.705060 2.112590e-02 2.862900e-16 2 
    4.714730 2.142030e-02 2.890900e-16 2 
    4.724410 2.133871e-02 2.868100e-16 2 
    4.734090 2.291064e-02 3.066800e-16 2 
    4.743760 2.120257e-02 2.826600e-16 2 
    4.753440 2.368428e-02 3.144600e-16 2 
    4.763120 2.608890e-02 3.449800e-16 2 
    4.772790 2.799224e-02 3.686500e-16 2 
    4.782470 2.518133e-02 3.302900e-16 2 
    4.792140 2.611458e-02 3.411500e-16 2 
    4.801820 2.649919e-02 3.447800e-16 2 
    4.811500 2.614775e-02 3.388400e-16 2 
    4.821170 2.648075e-02 3.417800e-16 2 
    4.830850 2.666187e-02 3.427400e-16 2 
    4.840530 2.498263e-02 3.198700e-16 2 
    4.850200 2.847241e-02 3.631000e-16 2 
    4.859880 2.511269e-02 3.189800e-16 2 
    4.869550 2.670109e-02 3.378100e-16 2 
    4.879230 2.495835e-02 3.145100e-16 2 
    4.888910 2.738070e-02 3.436700e-16 2 
    4.898580 2.393770e-02 2.992700e-16 2 
    4.908260 2.638689e-02 3.285900e-16 2 
    4.917940 2.714813e-02 3.367400e-16 2 
    4.927610 2.746867e-02 3.393800e-16 2 
    4.937290 2.844045e-02 3.500100e-16 2 
    4.947060 2.680490e-02 3.285800e-16 2 
    4.996531 2.881997e-02 3.463200e-16 0 
    5.046496 3.091963e-02 3.642300e-16 0 
    5.096961 3.310852e-02 3.823300e-16 0 
    5.147930 3.538880e-02 4.006100e-16 0 
    5.199410 3.776361e-02 4.190700e-16 0 
    5.217250 3.860388e-02 4.254700e-16 3 
    5.247490 3.970988e-02 4.326300e-16 3 
    5.277730 4.196642e-02 4.519900e-16 3 
    5.307970 4.195565e-02 4.467400e-16 3 
    5.338210 4.257755e-02 4.482400e-16 3 
    5.368460 4.929243e-02 5.131000e-16 3 
    5.398700 5.664615e-02 5.830600e-16 3 
    5.428940 5.276326e-02 5.370600e-16 3 
    5.459180 5.218046e-02 5.252600e-16 3 
    5.489420 5.379373e-02 5.355500e-16 3 
    5.519670 5.471626e-02 5.387800e-16 3 
    5.549910 4.779983e-02 4.655600e-16 3 
    5.580150 4.937045e-02 4.756600e-16 3 
    5.610390 5.054597e-02 4.817500e-16 3 
    5.640630 5.248590e-02 4.948900e-16 3 
    5.670880 5.649994e-02 5.270700e-16 3 
    5.701120 5.627746e-02 5.194400e-16 3 
    5.731360 5.782101e-02 5.280700e-16 3 
    5.761600 6.039908e-02 5.458400e-16 3 
    5.791840 6.780533e-02 6.063900e-16 3 
    5.822090 7.166447e-02 6.342600e-16 3 
    5.852330 7.215171e-02 6.319900e-16 3 
    5.882570 7.406890e-02 6.421300e-16 3 
    5.912810 7.317522e-02 6.279100e-16 3 
    5.943050 7.026294e-02 5.968000e-16 3 
    5.973300 6.620244e-02 5.566300e-16 3 
    6.003540 6.598179e-02 5.492000e-16 3 
    6.033780 6.686419e-02 5.509800e-16 3 
    6.064020 6.729705e-02 5.490300e-16 3 
    6.094260 6.611912e-02 5.340800e-16 3 
    6.124510 6.550806e-02 5.239300e-16 3 
    6.154750 6.973252e-02 5.522500e-16 3 
    6.184990 8.115990e-02 6.364800e-16 3 
    6.215230 8.661155e-02 6.726400e-16 3 
    6.245470 8.695714e-02 6.688000e-16 3 
    6.275720 9.370793e-02 7.137900e-16 3 
    6.305960 1.070106e-01 8.073200e-16 3 
    6.336200 1.359258e-01 1.015700e-15 3 
    6.366440 1.956053e-01 1.447800e-15 3 
    6.396680 2.310067e-01 1.693700e-15 3 
    6.426930 2.293966e-01 1.666100e-15 3 
    6.457170 2.017623e-01 1.451700e-15 3 
    6.487410 1.762582e-01 1.256400e-15 3 
    6.517650 1.533519e-01 1.083000e-15 3 
    6.547890 1.403523e-01 9.820600e-16 3 
    6.578140 1.305528e-01 9.051100e-16 3 
    6.608380 1.232823e-01 8.469000e-16 3 
    6.638620 1.184753e-01 8.064800e-16 3 
    6.668860 1.119981e-01 7.554900e-16 3 
    6.699100 1.090534e-01 7.290000e-16 3 
    6.729350 1.087861e-01 7.206900e-16 3 
    6.759590 1.076490e-01 7.067900e-16 3 
    6.789830 1.137208e-01 7.400200e-16 3 
    6.820070 1.143795e-01 7.377200e-16 3 
    6.850310 1.172606e-01 7.496400e-16 3 
    6.880560 1.187861e-01 7.527300e-16 3 
    6.910800 1.164241e-01 7.313200e-16 3 
    6.941040 1.174805e-01 7.315400e-16 3 
    6.971280 1.146865e-01 7.079600e-16 3 
    7.001520 1.105479e-01 6.765300e-16 3 
    7.031770 1.099131e-01 6.668700e-16 3 
    7.062010 1.099062e-01 6.611300e-16 3 
    7.092250 1.198783e-01 7.149800e-16 3 
    7.122490 1.330644e-01 7.869000e-16 3 
    7.152730 1.401229e-01 8.216500e-16 3 
    7.182980 1.702710e-01 9.900400e-16 3 
    7.213220 1.827139e-01 1.053500e-15 3 
    7.243460 1.618821e-01 9.256100e-16 3 
    7.273700 1.572652e-01 8.917500e-16 3 
    7.303940 1.627420e-01 9.151800e-16 3 
    7.334190 1.631873e-01 9.101300e-16 3 
    7.364430 1.628943e-01 9.010500e-16 3 
    7.394670 1.667137e-01 9.146500e-16 3 
    7.424910 1.713712e-01 9.325600e-16 3 
    7.455150 1.721141e-01 9.290200e-16 3 
    7.485400 1.814851e-01 9.717000e-16 3 
    7.515640 1.871908e-01 9.942001e-16 3 
    7.545880 2.050231e-01 1.080200e-15 3 
    7.576120 2.139017e-01 1.118000e-15 3 
    7.636600 2.388886e-01 1.228900e-15 3 
    7.697090 2.834488e-01 1.435300e-15 3 
    7.757570 3.250517e-01 1.620400e-15 3 
    7.818050 3.720083e-01 1.825900e-15 3 
    7.878540 3.865599e-01 1.868300e-15 3 
    7.939020 3.760043e-01 1.789700e-15 3 
    7.999510 3.692134e-01 1.730900e-15 3 
    8.059990 3.612400e-01 1.668200e-15 3 
    8.120470 3.483718e-01 1.584900e-15 3 
    8.180959 3.201617e-01 1.435100e-15 3 
    8.241440 2.854281e-01 1.260700e-15 3 
    8.301920 2.551258e-01 1.110500e-15 3 
    8.362409 2.334726e-01 1.001600e-15 3 
    8.422890 2.187828e-01 9.251500e-16 3 
    8.483370 2.108578e-01 8.789700e-16 3 
    8.543860 2.070259e-01 8.508200e-16 3 
    8.604340 2.052019e-01 8.315100e-16 3 
    8.664830 1.988149e-01 7.944200e-16 3 
    8.725310 2.002373e-01 7.890500e-16 3 
    8.785791 2.026729e-01 7.876900e-16 3 
    8.846280 2.089688e-01 8.010900e-16 3 
    8.906760 1.985851e-01 7.509800e-16 3 
    8.967241 1.698986e-01 6.338600e-16 3 
    9.027730 1.427281e-01 5.253800e-16 3 
    9.088210 1.170957e-01 4.253100e-16 3 
    9.148690 9.708471e-02 3.479800e-16 3 
    9.209180 8.679634e-02 3.070300e-16 3 
    9.269660 8.609272e-02 3.005800e-16 3 
    9.330150 7.492540e-02 2.582100e-16 3 
    9.390630 6.333075e-02 2.154500e-16 3 
    9.451110 5.867362e-02 1.970600e-16 3 
    9.511599 5.845602e-02 1.938400e-16 3 
    9.572080 5.578723e-02 1.826600e-16 3 
    9.632560 5.175306e-02 1.673300e-16 3 
    9.693050 5.036313e-02 1.608100e-16 3 
    9.753530 5.011519e-02 1.580400e-16 3 
    9.814009 4.881875e-02 1.520600e-16 3 
    9.874500 4.993270e-02 1.536300e-16 3 
    9.934980 5.457005e-02 1.658600e-16 3 
    9.995470 5.231924e-02 1.571000e-16 3 
   10.055950 4.522519e-02 1.341700e-16 3 
   10.116430 4.331802e-02 1.269800e-16 3 
   10.176920 4.293655e-02 1.243700e-16 3 
   10.237400 4.308857e-02 1.233400e-16 3 
   10.297880 4.494950e-02 1.271600e-16 3 
   10.358370 4.779314e-02 1.336300e-16 3 
   10.418850 4.955781e-02 1.369600e-16 3 
   10.479330 4.939539e-02 1.349400e-16 3 
   10.539820 5.007468e-02 1.352300e-16 3 
   10.600300 5.099935e-02 1.361600e-16 3 
   10.660791 5.192402e-02 1.370600e-16 3 
   10.721270 5.537314e-02 1.445200e-16 3 
   10.781750 6.216843e-02 1.604400e-16 3 
   10.842241 7.125743e-02 1.818500e-16 3 
   10.902720 7.375444e-02 1.861400e-16 3 
   10.963200 7.217515e-02 1.801500e-16 3 
   11.023690 7.222847e-02 1.783100e-16 3 
   11.084170 7.380130e-02 1.802100e-16 3 
   11.144651 7.540793e-02 1.821400e-16 3 
   11.205140 7.798231e-02 1.863300e-16 3 
   11.265620 8.518904e-02 2.013700e-16 3 
   11.326110 1.019918e-01 2.385200e-16 3 
   11.386590 1.163865e-01 2.693000e-16 3 
   11.447070 1.379934e-01 3.159300e-16 3 
   11.507560 2.054293e-01 4.653900e-16 3 
   11.568040 2.990287e-01 6.703700e-16 3 
   11.628520 3.001038e-01 6.658000e-16 3 
   11.689009 2.656873e-01 5.833600e-16 3 
   11.749490 2.282205e-01 4.959500e-16 3 
   11.809970 2.035922e-01 4.379100e-16 3 
   11.870459 1.877315e-01 3.996900e-16 3 
   11.930940 1.815688e-01 3.826600e-16 3 
   11.991430 1.771259e-01 3.695400e-16 3 
   12.051910 1.785443e-01 3.687700e-16 3 
   12.112390 1.833581e-01 3.749400e-16 3 
   12.172880 1.893332e-01 3.833200e-16 3 
   12.233360 2.010018e-01 4.029300e-16 3 
   12.293841 2.120473e-01 4.209000e-16 3 
   12.354330 2.240855e-01 4.404500e-16 3 
   12.414810 2.343457e-01 4.561400e-16 3 
   12.475291 2.402505e-01 4.631100e-16 3 
   12.535780 2.495370e-01 4.763800e-16 3 
   12.596260 2.661248e-01 5.031800e-16 3 
   12.656750 2.843645e-01 5.325400e-16 3 
   12.717230 2.969055e-01 5.507500e-16 3 
   12.777710 3.074263e-01 5.648800e-16 3 
   12.838200 3.241942e-01 5.900900e-16 3 
   12.898680 3.470214e-01 6.257300e-16 3 
   12.959160 3.708671e-01 6.625000e-16 3 
   13.019651 3.919892e-01 6.937400e-16 3 
   13.080130 4.101878e-01 7.192500e-16 3 
   13.140609 4.916708e-01 8.542100e-16 3 
   13.201100 6.184227e-01 1.064600e-15 3 
   13.261580 5.733638e-01 9.780500e-16 3 
   13.322059 3.659404e-01 6.185700e-16 3 
   13.382550 3.400970e-01 5.697000e-16 3 
   13.443030 3.318832e-01 5.509500e-16 3 
   13.503520 3.354116e-01 5.518300e-16 3 
   13.564000 3.387846e-01 5.524200e-16 3 
   13.624480 3.357549e-01 5.426300e-16 3 
   13.684970 3.404909e-01 5.454300e-16 3 
   13.745450 3.423294e-01 5.435600e-16 3 
   13.805930 3.418985e-01 5.381300e-16 3 
   13.866420 3.439270e-01 5.366100e-16 3 
   13.926900 3.506964e-01 5.424300e-16 3 
   13.987380 3.580010e-01 5.489500e-16 3 
   14.047870 3.494412e-01 5.312200e-16 3 
   14.108350 3.485752e-01 5.253700e-16 3 
   14.168841 3.444171e-01 5.146800e-16 3 
   14.229320 3.438271e-01 5.094400e-16 3 
   14.289800 3.403579e-01 5.000400e-16 3 
   14.350291 3.254394e-01 4.741000e-16 3 
   14.410770 3.176594e-01 4.588900e-16 3 
   14.471250 3.125550e-01 4.477500e-16 3 
   14.577409 3.604015e-01 5.088000e-16 3 
   14.662091 3.662132e-01 5.110500e-16 3 
   14.746770 3.676864e-01 5.072300e-16 3 
   14.831450 3.680350e-01 5.019300e-16 3 
   14.916120 3.689933e-01 4.975400e-16 3 
   15.000800 3.631662e-01 4.841700e-16 3 
   15.085480 3.725501e-01 4.911200e-16 3 
   15.170150 3.769433e-01 4.913800e-16 3 
   15.254830 3.802091e-01 4.901500e-16 3 
   15.339509 3.747710e-01 4.778200e-16 3 
   15.424180 3.731386e-01 4.705300e-16 3 
   15.508859 3.719875e-01 4.639700e-16 3 
   15.593541 3.688552e-01 4.550800e-16 3 
   15.678211 3.618596e-01 4.416400e-16 3 
   15.762891 3.616297e-01 4.366300e-16 3 
   15.847570 3.680537e-01 4.396500e-16 3 
   15.932239 3.722678e-01 4.399700e-16 3 
   16.016920 4.572001e-01 5.346500e-16 3 
   16.101600 4.379705e-01 5.067900e-16 3 
   16.186280 3.776842e-01 4.324700e-16 3 
   16.270950 3.730858e-01 4.227700e-16 3 
   16.355631 3.720394e-01 4.172300e-16 3 
   16.440309 3.667931e-01 4.071200e-16 3 
   16.524981 3.661481e-01 4.022500e-16 3 
   16.609659 3.700021e-01 4.023500e-16 3 
   16.694339 3.752337e-01 4.039100e-16 3 
   16.779011 3.900107e-01 4.155900e-16 3 
   16.863689 4.196371e-01 4.426800e-16 3 
   16.948370 4.446971e-01 4.644400e-16 3 
   17.033039 4.387261e-01 4.536600e-16 3 
   17.117720 4.348362e-01 4.452000e-16 3 
   17.202400 4.366831e-01 4.427000e-16 3 
   17.287069 4.463416e-01 4.480700e-16 3 
   17.371750 4.557648e-01 4.530800e-16 3 
   17.456430 4.723268e-01 4.650000e-16 3 
   17.541109 5.043355e-01 4.917300e-16 3 
   17.625780 5.047011e-01 4.873700e-16 3 
   17.710461 4.879092e-01 4.666600e-16 3 
   17.795139 4.827905e-01 4.573800e-16 3 
   17.879811 4.824726e-01 4.527600e-16 3 
   17.964491 4.932497e-01 4.585200e-16 3 
   18.049170 4.874100e-01 4.488500e-16 3 
   18.133841 4.761328e-01 4.343800e-16 3 
   18.218519 4.804350e-01 4.342400e-16 3 
   18.303200 4.775638e-01 4.276600e-16 3 
   18.387870 4.868049e-01 4.319300e-16 3 
   18.472550 4.836666e-01 4.252200e-16 3 
   18.557230 4.718798e-01 4.110800e-16 3 
   18.641898 4.740178e-01 4.092000e-16 3 
   18.726580 4.728751e-01 4.045300e-16 3 
   18.811261 4.709216e-01 3.992400e-16 3 
   18.895941 4.784439e-01 4.019900e-16 3 
   18.980609 4.825490e-01 4.018300e-16 3 
   19.065291 4.844532e-01 3.998400e-16 3 
   19.149969 4.951105e-01 4.050300e-16 3 
   19.234641 5.443019e-01 4.413600e-16 3 
   19.319320 6.767642e-01 5.439700e-16 3 
   19.404000 5.656514e-01 4.507000e-16 3 
   19.488670 5.207931e-01 4.113600e-16 3 
   19.573352 5.541902e-01 4.339600e-16 3 
   19.658030 5.485747e-01 4.258700e-16 3 
   19.742700 5.637564e-01 4.339100e-16 3 
   19.827380 5.724686e-01 4.368600e-16 3 
   19.912059 5.863824e-01 4.436800e-16 3 
   19.996731 5.960851e-01 4.472100e-16 3 
   20.081409 6.051902e-01 4.502200e-16 3 
   20.166091 6.213123e-01 4.583400e-16 3 
   20.250770 6.293571e-01 4.604000e-16 3 
   20.335439 6.393864e-01 4.638500e-16 3 
   20.420120 6.644180e-01 4.780200e-16 3 
   20.589470 6.618337e-01 4.683600e-16 3 
   20.758830 7.018253e-01 4.885900e-16 3 
   20.928181 7.274994e-01 4.983000e-16 3 
   21.097530 7.550626e-01 5.089100e-16 3 
   21.266889 7.879030e-01 5.226200e-16 3 
   21.436239 8.131531e-01 5.308800e-16 3 
   21.605600 8.346264e-01 5.363900e-16 3 
   21.774950 8.584300e-01 5.431400e-16 3 
   21.944300 8.778217e-01 5.468700e-16 3 
   22.113661 9.044314e-01 5.548500e-16 3 
   22.283011 9.408962e-01 5.684800e-16 3 
   22.452359 9.645107e-01 5.739900e-16 3 
   22.621719 1.001804e+00 5.872900e-16 3 
   22.791070 1.017257e+00 5.875200e-16 3 
   22.960430 1.038301e+00 5.908600e-16 3 
   23.129780 1.062698e+00 5.959200e-16 3 
   23.299130 1.094077e+00 6.046300e-16 3 
   23.468491 1.122102e+00 6.112000e-16 3 
   23.637841 1.156086e+00 6.207200e-16 3 
   23.807191 1.185029e+00 6.272400e-16 3 
   23.976548 1.209709e+00 6.312900e-16 3 
   24.145900 1.238072e+00 6.370600e-16 3 
   24.315259 1.284826e+00 6.519400e-16 3 
   24.484609 1.318172e+00 6.596400e-16 3 
   24.653959 1.370406e+00 6.763900e-16 3 
   24.823320 1.407620e+00 6.853100e-16 3 
   24.992670 1.468847e+00 7.054600e-16 3 
   25.162020 1.519674e+00 7.200800e-16 3 
   25.331381 1.545569e+00 7.225900e-16 3 
   25.500731 1.579743e+00 7.287900e-16 3 
   25.670089 1.646615e+00 7.496500e-16 3 
   25.839439 1.692916e+00 7.606600e-16 3 
   26.008789 1.732993e+00 7.685600e-16 3 
   26.178150 1.752278e+00 7.670900e-16 3 
   26.347500 1.802860e+00 7.791200e-16 3 
   26.516850 1.864291e+00 7.954100e-16 3 
   26.686209 1.936227e+00 8.156500e-16 3 
   26.855559 1.977853e+00 8.227100e-16 3 
   27.024919 2.009791e+00 8.255500e-16 3 
   27.194269 2.060572e+00 8.359000e-16 3 
   27.363622 2.109079e+00 8.450200e-16 3 
   27.532981 2.132285e+00 8.438400e-16 3 
   27.702328 2.149055e+00 8.401100e-16 3 
   27.871678 2.214122e+00 8.550600e-16 3 
   28.041041 2.268056e+00 8.653400e-16 3 
   28.210391 2.320947e+00 8.749200e-16 3 
   28.379750 2.349972e+00 8.753200e-16 3 
   28.549100 2.399701e+00 8.832700e-16 3 
   28.718450 2.461602e+00 8.954000e-16 3 
   28.887809 2.513169e+00 9.034700e-16 3 
   29.057159 2.577226e+00 9.157300e-16 3 
   29.226509 2.613932e+00 9.180400e-16 3 
   29.395869 2.661567e+00 9.240300e-16 3 
   29.565219 2.710241e+00 9.301800e-16 3 
   29.734578 2.765783e+00 9.384600e-16 3 
   29.903931 2.819912e+00 9.460200e-16 3 
   30.073281 2.858333e+00 9.481400e-16 3 
   30.242641 2.907325e+00 9.536200e-16 3 
   30.411991 2.970590e+00 9.635500e-16 3 
   30.581341 3.022189e+00 9.694600e-16 3 
   30.750700 3.101145e+00 9.838600e-16 3 
   30.920050 3.144542e+00 9.867300e-16 3 
   31.089409 3.166680e+00 9.828800e-16 3 
   31.258759 3.205670e+00 9.842301e-16 3 
   31.428109 3.251034e+00 9.874300e-16 3 
   31.597469 3.364275e+00 1.010900e-15 3 
   31.766822 3.366797e+00 1.000900e-15 3 
   31.936172 3.407889e+00 1.002400e-15 3 
   32.105531 3.456499e+00 1.006000e-15 3 
   32.274878 3.556948e+00 1.024400e-15 3 
   32.444241 3.619640e+00 1.031600e-15 3 
   32.613591 3.660007e+00 1.032300e-15 3 
   32.782941 3.680562e+00 1.027400e-15 3 
   32.952300 3.713621e+00 1.026000e-15 3 
   33.121650 3.809667e+00 1.041800e-15 3 
   33.291000 3.936648e+00 1.065600e-15 3 
   33.460363 4.080181e+00 1.093300e-15 3 
   33.629713 4.018669e+00 1.066000e-15 3 
   33.799069 4.217275e+00 1.107500e-15 3 
   33.968419 4.453490e+00 1.157900e-15 3 
   34.137772 4.224918e+00 1.087600e-15 3 
   34.307128 4.352468e+00 1.109400e-15 3 
   34.476478 4.485484e+00 1.132100e-15 3 
   34.645828 4.610880e+00 1.152400e-15 3 
   34.815191 4.583344e+00 1.134400e-15 3 
   34.984538 4.580309e+00 1.122700e-15 3 
