# Haro 06        
# 
# An Atlas of Galaxy Spectral Energy Distributions from the Ultraviolet to the Mid-Infrared
# Brown et al. (2014)
# http://dx.doi.org/10.5072/03/529D3551F0117
# http://dx.doi.org/10.17909/t9-5bxk-dh29
# 
# The Spectral Energy Distributions of Active Galactic Nuclei
# Brown et al. (2019)
# http://dx.doi.org/10.17909/t9-3dbt-8734
# 
# Column 1: Observed wavelength (um)
# Column 2: f_nu (Jy)
# Column 3: f_lam (erg/s/cm2/A)
# Column 4: Source (0 = model, 1 = Optical Spectrun, 2 = Akari, 3 = Spitzer IRS)
# 
    0.010069 4.917499e-13 1.455100e-21 0 
    0.010280 6.772577e-13 1.922600e-21 0 
    0.010471 8.428533e-13 2.306200e-21 0 
    0.010666 1.075938e-12 2.837300e-21 0 
    0.010864 1.402037e-12 3.563700e-21 0 
    0.011066 2.088126e-12 5.115600e-21 0 
    0.011482 3.146406e-12 7.159800e-21 0 
    0.011885 4.433798e-12 9.416700e-21 0 
    0.012190 1.720991e-11 3.474500e-20 0 
    0.012589 2.279090e-11 4.314200e-20 0 
    0.012794 2.539759e-11 4.654800e-20 0 
    0.012882 2.727377e-11 4.930600e-20 0 
    0.013183 3.160862e-11 5.456300e-20 0 
    0.013274 3.773832e-11 6.425400e-20 0 
    0.013490 4.128582e-11 6.806100e-20 0 
    0.013804 5.454886e-11 8.588100e-20 0 
    0.014093 6.234251e-11 9.416700e-20 0 
    0.014388 1.658739e-10 2.403800e-19 0 
    0.014791 3.997360e-10 5.481500e-19 0 
    0.015205 4.589316e-10 5.955200e-19 0 
    0.015596 5.318663e-10 6.559900e-19 0 
    0.015996 6.205835e-10 7.276100e-19 0 
    0.016293 6.882983e-10 7.778500e-19 0 
    0.016711 8.031260e-10 8.627800e-19 0 
    0.017100 9.136253e-10 9.373400e-19 0 
    0.017418 1.006405e-09 9.951700e-19 0 
    0.017824 1.158210e-09 1.093700e-18 0 
    0.018113 1.272844e-09 1.163900e-18 0 
    0.018323 1.357589e-09 1.213100e-18 0 
    0.018707 1.537339e-09 1.317900e-18 0 
    0.019231 1.802065e-09 1.461800e-18 0 
    0.019543 1.998761e-09 1.570000e-18 0 
    0.019953 2.258415e-09 1.701800e-18 0 
    0.020324 2.563206e-09 1.861600e-18 0 
    0.020654 2.823441e-09 1.985600e-18 0 
    0.021135 3.167913e-09 2.127600e-18 0 
    0.021727 3.960762e-09 2.517100e-18 0 
    0.022131 4.516272e-09 2.766300e-18 0 
    0.022439 4.895280e-09 2.916700e-18 0 
    0.022856 5.607581e-09 3.220300e-18 0 
    0.023174 8.467957e-09 4.730400e-18 0 
    0.023550 1.418266e-08 7.671800e-18 0 
    0.024155 1.953438e-08 1.004400e-17 0 
    0.024774 2.136877e-08 1.044500e-17 0 
    0.025351 2.640958e-08 1.232800e-17 0 
    0.025882 2.677725e-08 1.199200e-17 0 
    0.026182 3.197387e-08 1.399300e-17 0 
    0.026607 4.362752e-08 1.848800e-17 0 
    0.027102 5.125958e-08 2.093600e-17 0 
    0.027606 5.967429e-08 2.349100e-17 0 
    0.028119 6.036301e-08 2.290300e-17 0 
    0.028576 7.994395e-08 2.937000e-17 0 
    0.029174 9.633285e-08 3.395500e-17 0 
    0.029785 1.044171e-07 3.531000e-17 0 
    0.030269 1.066044e-07 3.490600e-17 0 
    0.030974 1.373333e-07 4.294400e-17 0 
    0.031989 1.757034e-07 5.151100e-17 0 
    0.033037 2.279188e-07 6.264700e-17 0 
    0.034041 2.677808e-07 6.932600e-17 0 
    0.034995 3.103059e-07 7.601500e-17 0 
    0.035975 4.883882e-07 1.132100e-16 0 
    0.036813 8.487599e-07 1.878900e-16 0 
    0.037757 9.857487e-07 2.074400e-16 0 
    0.038726 9.371145e-07 1.874600e-16 0 
    0.039811 1.595059e-06 3.019200e-16 0 
    0.040738 2.263452e-06 4.091600e-16 0 
    0.041687 2.569056e-06 4.435000e-16 0 
    0.042462 2.616845e-06 4.354100e-16 0 
    0.043251 2.784648e-06 4.465800e-16 0 
    0.044361 3.713490e-06 5.661100e-16 0 
    0.045394 4.283263e-06 6.235900e-16 0 
    0.046345 4.234289e-06 5.914200e-16 0 
    0.047315 4.805911e-06 6.440200e-16 0 
    0.048306 5.967304e-06 7.671800e-16 0 
    0.049317 5.659408e-06 6.980700e-16 0 
    0.050350 7.616860e-06 9.013601e-16 0 
    0.050933 7.027089e-06 8.126400e-16 0 
    0.051523 1.142283e-05 1.290900e-15 0 
    0.052360 1.171564e-05 1.282000e-15 0 
    0.053333 1.182421e-05 1.247100e-15 0 
    0.054325 1.066074e-05 1.083700e-15 0 
    0.055335 1.121393e-05 1.098700e-15 0 
    0.056364 1.569601e-05 1.482200e-15 0 
    0.057412 1.882754e-05 1.713600e-15 0 
    0.058345 1.971451e-05 1.737400e-15 0 
    0.059429 2.151694e-05 1.827700e-15 0 
    0.060395 1.948889e-05 1.602900e-15 0 
    0.061376 1.998777e-05 1.591800e-15 0 
    0.062373 2.677756e-05 2.064900e-15 0 
    0.063387 2.677804e-05 1.999400e-15 0 
    0.064417 3.117280e-05 2.253700e-15 0 
    0.065464 3.175296e-05 2.222800e-15 0 
    0.066222 3.053375e-05 2.088800e-15 0 
    0.066988 3.554463e-05 2.376300e-15 0 
    0.067920 3.906396e-05 2.540400e-15 0 
    0.069024 3.562753e-05 2.243400e-15 0 
    0.069984 4.293214e-05 2.629700e-15 0 
    0.070958 3.679438e-05 2.192300e-15 0 
    0.072111 4.872743e-05 2.811200e-15 0 
    0.073114 5.149650e-05 2.890000e-15 0 
    0.073961 5.355354e-05 2.937000e-15 0 
    0.074989 5.417161e-05 2.890000e-15 0 
    0.076033 5.607587e-05 2.910000e-15 0 
    0.077090 5.257458e-05 2.654000e-15 0 
    0.077983 6.064321e-05 2.991600e-15 0 
    0.079068 5.818086e-05 2.791900e-15 0 
    0.079983 6.453150e-05 3.026200e-15 0 
    0.081096 6.867026e-05 3.132500e-15 0 
    0.082035 7.141152e-05 3.183400e-15 0 
    0.082985 7.495048e-05 3.265100e-15 0 
    0.084140 6.248638e-05 2.647900e-15 0 
    0.085114 7.866445e-05 3.257600e-15 0 
    0.086099 7.975687e-05 3.227700e-15 0 
    0.087096 8.526595e-05 3.372100e-15 0 
    0.088105 8.826211e-05 3.411100e-15 0 
    0.089125 9.115427e-05 3.442700e-15 0 
    0.090157 9.413908e-05 3.474500e-15 0 
    0.091201 9.501220e-05 3.426900e-15 0 
    0.092045 9.479354e-05 3.356600e-15 0 
    0.093111 2.300263e-04 7.959700e-15 0 
    0.094189 3.817436e-04 1.290900e-14 0 
    0.095060 5.479976e-04 1.819300e-14 0 
    0.096161 6.757354e-04 2.192300e-14 0 
    0.097051 7.529780e-04 2.398300e-14 0 
    0.098175 2.765526e-04 8.607900e-15 0 
    0.099083 6.394099e-04 1.953900e-14 0 
    0.100231 6.468113e-04 1.931500e-14 0 
    0.101158 8.487543e-04 2.488300e-14 0 
    0.102094 8.705097e-04 2.505500e-14 0 
    0.103276 5.633390e-04 1.584500e-14 0 
    0.104232 7.599221e-04 2.098400e-14 0 
    0.105196 1.134433e-03 3.075400e-14 0 
    0.106170 1.118865e-03 2.977800e-14 0 
    0.107152 9.501367e-04 2.482600e-14 0 
    0.108143 1.080883e-03 2.772700e-14 0 
    0.109144 9.392540e-04 2.365400e-14 0 
    0.110154 1.155512e-03 2.856900e-14 0 
    0.111173 1.126604e-03 2.734600e-14 0 
    0.112202 1.116292e-03 2.660100e-14 0 
    0.113240 1.008723e-03 2.359900e-14 0 
    0.114288 1.232463e-03 2.830700e-14 0 
    0.115345 1.174297e-03 2.647900e-14 0 
    0.116145 1.212765e-03 2.697100e-14 0 
    0.117220 1.235319e-03 2.697100e-14 0 
    0.118304 8.745532e-04 1.874600e-14 0 
    0.119399 1.221179e-03 2.569800e-14 0 
    0.120226 9.994661e-04 2.074400e-14 0 
    0.121339 8.429005e-04 1.717500e-14 0 
    0.122180 6.633982e-04 1.333200e-14 0 
    0.123311 1.018066e-03 2.008600e-14 0 
    0.124451 1.323660e-03 2.563900e-14 0 
    0.125314 1.408560e-03 2.690900e-14 0 
    0.126474 1.389224e-03 2.605500e-14 0 
    0.127350 1.302469e-03 2.409300e-14 0 
    0.128233 1.540884e-03 2.811200e-14 0 
    0.129420 1.609854e-03 2.883400e-14 0 
    0.130317 1.376490e-03 2.431600e-14 0 
    0.131522 1.392434e-03 2.414900e-14 0 
    0.132434 1.647299e-03 2.817700e-14 0 
    0.133352 1.598729e-03 2.697100e-14 0 
    0.134277 1.492069e-03 2.482600e-14 0 
    0.135519 1.689555e-03 2.759900e-14 0 
    0.136458 1.658740e-03 2.672400e-14 0 
    0.137404 1.540911e-03 2.448500e-14 0 
    0.138357 1.587756e-03 2.488300e-14 0 
    0.139316 1.602403e-03 2.476800e-14 0 
    0.140281 1.311524e-03 1.999400e-14 0 
    0.141579 1.329760e-03 1.990200e-14 0 
    0.142561 1.562346e-03 2.306200e-14 0 
    0.143549 1.565943e-03 2.279800e-14 0 
    0.144544 1.613494e-03 2.316800e-14 0 
    0.145211 1.674106e-03 2.381800e-14 0 
    0.145546 1.693491e-03 2.398300e-14 0 
    0.146555 1.662569e-03 2.322200e-14 0 
    0.147571 1.576814e-03 2.172200e-14 0 
    0.148594 1.602432e-03 2.177200e-14 0 
    0.149624 1.643529e-03 2.202400e-14 0 
    0.150661 1.662531e-03 2.197300e-14 0 
    0.151356 1.595052e-03 2.088800e-14 0 
    0.152055 1.468166e-03 1.905000e-14 0 
    0.152757 1.551602e-03 1.994800e-14 0 
    0.153462 1.530317e-03 1.949400e-14 0 
    0.154525 1.348230e-03 1.693900e-14 0 
    0.155597 1.345212e-03 1.666900e-14 0 
    0.156675 1.326686e-03 1.621400e-14 0 
    0.157398 1.428146e-03 1.729400e-14 0 
    0.158489 1.537352e-03 1.836100e-14 0 
    0.159588 1.606118e-03 1.891900e-14 0 
    0.160694 1.643520e-03 1.909400e-14 0 
    0.161436 1.613559e-03 1.857400e-14 0 
    0.162555 1.620944e-03 1.840300e-14 0 
    0.163682 1.587771e-03 1.777900e-14 0 
    0.164437 1.677983e-03 1.861700e-14 0 
    0.165577 1.709097e-03 1.870200e-14 0 
    0.166725 1.651155e-03 1.782000e-14 0 
    0.167494 1.753016e-03 1.874600e-14 0 
    0.168267 1.606147e-03 1.701800e-14 0 
    0.168655 1.814570e-03 1.913800e-14 0 
    0.169824 1.861154e-03 1.936000e-14 0 
    0.170608 1.777376e-03 1.831900e-14 0 
    0.171791 1.744955e-03 1.773800e-14 0 
    0.172584 1.670257e-03 1.682300e-14 0 
    0.173780 1.670233e-03 1.659200e-14 0 
    0.174582 1.773261e-03 1.745400e-14 0 
    0.175792 1.761049e-03 1.709600e-14 0 
    0.176604 1.839838e-03 1.769700e-14 0 
    0.177828 1.757068e-03 1.666900e-14 0 
    0.178649 1.769181e-03 1.663000e-14 0 
    0.179887 1.822909e-03 1.690000e-14 0 
    0.180717 1.904434e-03 1.749400e-14 0 
    0.181552 1.908889e-03 1.737400e-14 0 
    0.182810 1.802091e-03 1.617700e-14 0 
    0.183654 1.844066e-03 1.640200e-14 0 
    0.184927 1.810442e-03 1.588200e-14 0 
    0.185780 1.697409e-03 1.475400e-14 0 
    0.186638 1.717071e-03 1.478800e-14 0 
    0.187932 1.773339e-03 1.506300e-14 0 
    0.188799 1.878376e-03 1.580900e-14 0 
    0.189671 1.752946e-03 1.461800e-14 0 
    0.190985 1.705219e-03 1.402500e-14 0 
    0.191867 1.814633e-03 1.478800e-14 0 
    0.192753 1.756999e-03 1.418700e-14 0 
    0.193642 1.716998e-03 1.373700e-14 0 
    0.194984 1.806271e-03 1.425300e-14 0 
    0.195884 1.874017e-03 1.465200e-14 0 
    0.196789 1.752993e-03 1.358000e-14 0 
    0.198153 1.913234e-03 1.461800e-14 0 
    0.199067 1.975968e-03 1.495900e-14 0 
    0.199526 1.882644e-03 1.418700e-14 0 
    0.200909 1.856898e-03 1.380100e-14 0 
    0.201837 1.922163e-03 1.415500e-14 0 
    0.202768 1.887035e-03 1.376900e-14 0 
    0.203704 1.966878e-03 1.422000e-14 0 
    0.204645 1.869783e-03 1.339400e-14 0 
    0.206063 1.939945e-03 1.370600e-14 0 
    0.207014 1.789616e-03 1.252800e-14 0 
    0.207970 1.852607e-03 1.285000e-14 0 
    0.208930 2.026605e-03 1.392800e-14 0 
    0.209411 1.922076e-03 1.314900e-14 0 
    0.209894 1.989693e-03 1.354900e-14 0 
    0.210863 1.904507e-03 1.285000e-14 0 
    0.211836 1.939924e-03 1.296900e-14 0 
    0.212814 1.971465e-03 1.305900e-14 0 
    0.213796 1.998843e-03 1.311900e-14 0 
    0.214783 1.922156e-03 1.250000e-14 0 
    0.215774 1.935433e-03 1.247100e-14 0 
    0.216770 2.008006e-03 1.282000e-14 0 
    0.217771 1.971424e-03 1.247100e-14 0 
    0.218776 1.975942e-03 1.238500e-14 0 
    0.219786 1.944312e-03 1.207500e-14 0 
    0.220801 2.026665e-03 1.247100e-14 0 
    0.221820 1.998835e-03 1.218700e-14 0 
    0.222844 1.939863e-03 1.171900e-14 0 
    0.223872 1.908853e-03 1.142600e-14 0 
    0.224905 1.985017e-03 1.177300e-14 0 
    0.225944 1.944351e-03 1.142600e-14 0 
    0.226986 1.895690e-03 1.103800e-14 0 
    0.228034 1.944435e-03 1.121800e-14 0 
    0.229087 1.980453e-03 1.132100e-14 0 
    0.230144 2.008127e-03 1.137400e-14 0 
    0.231207 1.918382e-03 1.076600e-14 0 
    0.232274 1.945661e-03 1.081900e-14 0 
    0.232809 1.888691e-03 1.045400e-14 0 
    0.233884 1.615433e-03 8.859500e-15 0 
    0.234963 1.829893e-03 9.943700e-15 0 
    0.236048 1.813716e-03 9.765400e-15 0 
    0.237137 1.891148e-03 1.008900e-14 0 
    0.238232 1.814914e-03 9.593500e-15 0 
    0.239332 1.845021e-03 9.663200e-15 0 
    0.239883 1.762261e-03 9.187400e-15 0 
    0.240991 1.845928e-03 9.535300e-15 0 
    0.242103 1.804525e-03 9.236000e-15 0 
    0.243220 1.834446e-03 9.303100e-15 0 
    0.244343 1.899566e-03 9.545000e-15 0 
    0.244906 1.843853e-03 9.222500e-15 0 
    0.246037 1.913708e-03 9.484100e-15 0 
    0.247172 1.901164e-03 9.335600e-15 0 
    0.248313 1.906198e-03 9.274500e-15 0 
    0.248886 1.863138e-03 9.023300e-15 0 
    0.250035 1.898448e-03 9.110000e-15 0 
    0.251189 1.716124e-03 8.159600e-15 0 
    0.252348 1.944008e-03 9.158400e-15 0 
    0.252930 1.814568e-03 8.509300e-15 0 
    0.253513 1.882991e-03 8.789600e-15 0 
    0.254097 1.836215e-03 8.531900e-15 0 
    0.255270 1.853859e-03 8.534900e-15 0 
    0.256448 1.833281e-03 8.362800e-15 0 
    0.257040 1.898046e-03 8.618400e-15 0 
    0.258226 1.889997e-03 8.503200e-15 0 
    0.259418 1.957107e-03 8.724400e-15 0 
    0.260016 1.948472e-03 8.646000e-15 0 
    0.261216 1.940205e-03 8.530400e-15 0 
    0.262422 1.909887e-03 8.320100e-15 0 
    0.263027 1.892714e-03 8.207400e-15 0 
    0.264241 1.946441e-03 8.363000e-15 0 
    0.265461 1.969718e-03 8.385400e-15 0 
    0.266072 2.053436e-03 8.701700e-15 0 
    0.267301 2.068425e-03 8.684800e-15 0 
    0.268534 1.971501e-03 8.202000e-15 0 
    0.269154 2.017828e-03 8.356100e-15 0 
    0.270396 2.027865e-03 8.320700e-15 0 
    0.271019 1.968446e-03 8.039800e-15 0 
    0.272270 2.001165e-03 8.098500e-15 0 
    0.273527 1.965393e-03 7.880800e-15 0 
    0.274157 1.970273e-03 7.864100e-15 0 
    0.275423 2.026238e-03 8.013300e-15 0 
    0.276058 1.887012e-03 7.428400e-15 0 
    0.277332 1.909571e-03 7.448300e-15 0 
    0.278612 1.950319e-03 7.537500e-15 0 
    0.279254 2.009955e-03 7.732300e-15 0 
    0.280543 1.974037e-03 7.524500e-15 0 
    0.281190 1.747583e-03 6.630700e-15 0 
    0.282488 1.839085e-03 6.913900e-15 0 
    0.283139 2.021562e-03 7.565000e-15 0 
    0.284446 2.055210e-03 7.620400e-15 0 
    0.285102 1.990407e-03 7.346200e-15 0 
    0.286418 1.986621e-03 7.265000e-15 0 
    0.287740 1.973706e-03 7.151600e-15 0 
    0.288403 2.048189e-03 7.387400e-15 0 
    0.289734 2.039575e-03 7.288900e-15 0 
    0.290402 2.044661e-03 7.273500e-15 0 
    0.291743 2.036097e-03 7.176600e-15 0 
    0.293089 2.113340e-03 7.380600e-15 0 
    0.295121 2.085611e-03 7.183800e-15 0 
    0.297167 2.077274e-03 7.056900e-15 0 
    0.299227 2.097788e-03 7.028800e-15 0 
    0.301301 2.103910e-03 6.952600e-15 0 
    0.302691 2.109623e-03 6.907600e-15 0 
    0.304789 2.120668e-03 6.848500e-15 0 
    0.306902 2.121980e-03 6.758700e-15 0 
    0.309030 2.128239e-03 6.685600e-15 0 
    0.311172 2.139415e-03 6.628500e-15 0 
    0.313329 2.140773e-03 6.541700e-15 0 
    0.314775 2.126922e-03 6.439800e-15 0 
    0.316957 2.143050e-03 6.399600e-15 0 
    0.319154 2.144443e-03 6.315900e-15 0 
    0.321366 2.101806e-03 6.105400e-15 0 
    0.322849 2.131986e-03 6.136300e-15 0 
    0.325087 2.108946e-03 5.986700e-15 0 
    0.327341 2.154544e-03 6.032200e-15 0 
    0.328852 2.170443e-03 6.021000e-15 0 
    0.331131 2.176910e-03 5.956100e-15 0 
    0.333426 2.188402e-03 5.905400e-15 0 
    0.334195 2.239906e-03 6.016600e-15 0 
    0.334966 2.255938e-03 6.031800e-15 0 
    0.335738 2.282580e-03 6.075000e-15 0 
    0.336512 2.180330e-03 5.776200e-15 0 
    0.337287 2.288864e-03 6.035900e-15 0 
    0.338065 2.176309e-03 5.712700e-15 0 
    0.338844 2.166793e-03 5.661600e-15 0 
    0.339625 2.147419e-03 5.585200e-15 0 
    0.340408 2.187846e-03 5.664200e-15 0 
    0.341193 2.275712e-03 5.864600e-15 0 
    0.341979 2.260559e-03 5.798800e-15 0 
    0.342768 2.219815e-03 5.668100e-15 0 
    0.343558 2.199961e-03 5.591600e-15 0 
    0.344350 2.262132e-03 5.723200e-15 0 
    0.345144 2.262648e-03 5.698200e-15 0 
    0.345939 2.278868e-03 5.712700e-15 0 
    0.346737 2.191890e-03 5.469400e-15 0 
    0.347536 2.327657e-03 5.781500e-15 0 
    0.348337 2.213218e-03 5.472000e-15 0 
    0.349140 2.218801e-03 5.460600e-15 0 
    0.349945 2.209165e-03 5.411900e-15 0 
    0.350752 2.214772e-03 5.400700e-15 0 
    0.351560 2.256464e-03 5.477100e-15 0 
    0.352371 2.220904e-03 5.366000e-15 0 
    0.353183 2.206162e-03 5.305900e-15 0 
    0.353997 2.181422e-03 5.222300e-15 0 
    0.354813 2.248226e-03 5.357500e-15 0 
    0.355631 2.274793e-03 5.395900e-15 0 
    0.356451 2.301686e-03 5.434600e-15 0 
    0.357273 2.345033e-03 5.511500e-15 0 
    0.358096 2.329433e-03 5.449700e-15 0 
    0.358922 2.351572e-03 5.476200e-15 0 
    0.359749 2.267082e-03 5.255200e-15 0 
    0.360579 2.200758e-03 5.078000e-15 0 
    0.361410 2.131455e-03 4.895500e-15 0 
    0.362243 2.247886e-03 5.139200e-15 0 
    0.363078 2.243277e-03 5.105100e-15 0 
    0.363915 2.269788e-03 5.141700e-15 0 
    0.364754 2.286076e-03 5.154800e-15 0 
    0.365595 2.455863e-03 5.512200e-15 0 
    0.366437 2.356724e-03 5.265400e-15 0 
    0.367282 2.341076e-03 5.206400e-15 0 
    0.367343 2.323277e-03 5.165100e-15 1 
    0.367618 2.375048e-03 5.272300e-15 1 
    0.367893 2.135928e-03 4.734400e-15 1 
    0.368168 2.194878e-03 4.857800e-15 1 
    0.368443 2.645636e-03 5.846700e-15 1 
    0.368718 2.597698e-03 5.732200e-15 1 
    0.368993 2.305345e-03 5.079500e-15 1 
    0.369268 2.144152e-03 4.717300e-15 1 
    0.369543 2.089718e-03 4.590700e-15 1 
    0.369818 2.635195e-03 5.780400e-15 1 
    0.370093 1.797716e-03 3.937500e-15 1 
    0.370368 2.108706e-03 4.611800e-15 1 
    0.370643 2.359711e-03 5.153100e-15 1 
    0.370918 2.587149e-03 5.641400e-15 1 
    0.371193 2.183651e-03 4.754500e-15 1 
    0.371468 2.534756e-03 5.510800e-15 1 
    0.371743 2.722768e-03 5.910800e-15 1 
    0.372018 2.651002e-03 5.746500e-15 1 
    0.372293 2.223732e-03 4.813200e-15 1 
    0.372568 2.786595e-03 6.022600e-15 1 
    0.372843 2.248981e-03 4.853500e-15 1 
    0.373118 2.569761e-03 5.537600e-15 1 
    0.373393 2.546502e-03 5.479400e-15 1 
    0.373668 2.274443e-03 4.886800e-15 1 
    0.373943 2.581557e-03 5.538500e-15 1 
    0.374218 2.600946e-03 5.571900e-15 1 
    0.374493 3.564327e-03 7.624500e-15 1 
    0.374768 7.446715e-03 1.590600e-14 1 
    0.375043 1.556560e-02 3.319900e-14 1 
    0.375318 2.513007e-02 5.352000e-14 1 
    0.375593 2.649296e-02 5.634000e-14 1 
    0.375868 1.819786e-02 3.864300e-14 1 
    0.376143 9.021463e-03 1.912900e-14 1 
    0.376418 3.948820e-03 8.360800e-15 1 
    0.376693 3.216630e-03 6.800600e-15 1 
    0.376968 2.652387e-03 5.599500e-15 1 
    0.377243 2.681353e-03 5.652400e-15 1 
    0.377518 2.326019e-03 4.896200e-15 1 
    0.377793 2.345204e-03 4.929400e-15 1 
    0.378068 2.460919e-03 5.165100e-15 1 
    0.378343 2.787336e-03 5.841700e-15 1 
    0.378618 2.453367e-03 5.134300e-15 1 
    0.378893 3.102473e-03 6.483300e-15 1 
    0.379168 2.477800e-03 5.170400e-15 1 
    0.379443 2.411854e-03 5.025500e-15 1 
    0.379718 2.665658e-03 5.546300e-15 1 
    0.379993 2.797358e-03 5.811900e-15 1 
    0.380268 2.684279e-03 5.568900e-15 1 
    0.380543 3.028425e-03 6.273800e-15 1 
    0.380818 2.586473e-03 5.350500e-15 1 
    0.381093 2.975704e-03 6.146800e-15 1 
    0.381368 2.948003e-03 6.080800e-15 1 
    0.381643 3.074263e-03 6.332100e-15 1 
    0.381918 2.330670e-03 4.793600e-15 1 
    0.382193 2.929561e-03 6.016700e-15 1 
    0.382468 2.834307e-03 5.812700e-15 1 
    0.382743 2.756495e-03 5.645000e-15 1 
    0.383018 2.781534e-03 5.688100e-15 1 
    0.383293 2.903746e-03 5.929500e-15 1 
    0.383568 2.845729e-03 5.802700e-15 1 
    0.383843 3.241331e-03 6.599900e-15 1 
    0.384118 3.183368e-03 6.472600e-15 1 
    0.384393 3.022439e-03 6.136600e-15 1 
    0.384668 2.911447e-03 5.902800e-15 1 
    0.384943 3.142823e-03 6.362800e-15 1 
    0.385218 2.882483e-03 5.827400e-15 1 
    0.385493 2.759146e-03 5.570100e-15 1 
    0.385768 2.479538e-03 4.998500e-15 1 
    0.386043 2.876711e-03 5.790900e-15 1 
    0.386318 3.004731e-03 6.040000e-15 1 
    0.386593 2.680759e-03 5.381100e-15 1 
    0.386868 2.671902e-03 5.355700e-15 1 
    0.387143 2.757986e-03 5.520400e-15 1 
    0.387418 2.926507e-03 5.849400e-15 1 
    0.387693 3.106922e-03 6.201200e-15 1 
    0.387968 3.164766e-03 6.307700e-15 1 
    0.388243 3.216936e-03 6.402600e-15 1 
    0.388518 3.403485e-03 6.764300e-15 1 
    0.388793 3.551806e-03 7.049100e-15 1 
    0.389068 4.147897e-03 8.220500e-15 1 
    0.389343 4.973955e-03 9.843700e-15 1 
    0.389618 5.569116e-03 1.100600e-14 1 
    0.389893 5.336794e-03 1.053200e-14 1 
    0.390168 4.134139e-03 8.147100e-15 1 
    0.390443 3.381958e-03 6.655400e-15 1 
    0.390718 3.131831e-03 6.154500e-15 1 
    0.390993 3.190614e-03 6.261200e-15 1 
    0.391268 3.526749e-03 6.911100e-15 1 
    0.391543 3.690482e-03 7.221800e-15 1 
    0.391818 3.928407e-03 7.676600e-15 1 
    0.392093 3.720331e-03 7.259800e-15 1 
    0.392368 3.266670e-03 6.365600e-15 1 
    0.392643 2.970057e-03 5.779500e-15 1 
    0.392918 3.046728e-03 5.920400e-15 1 
    0.393193 3.193690e-03 6.197300e-15 1 
    0.393468 3.175143e-03 6.152700e-15 1 
    0.393743 3.251467e-03 6.291800e-15 1 
    0.394018 3.274071e-03 6.326700e-15 1 
    0.394293 3.382287e-03 6.526700e-15 1 
    0.394568 3.385035e-03 6.522900e-15 1 
    0.394843 3.086684e-03 5.939700e-15 1 
    0.395118 3.159573e-03 6.071500e-15 1 
    0.395393 3.188830e-03 6.119200e-15 1 
    0.395668 2.991000e-03 5.731600e-15 1 
    0.395943 2.814821e-03 5.386500e-15 1 
    0.396218 2.522756e-03 4.820900e-15 1 
    0.396493 2.629858e-03 5.018600e-15 1 
    0.396768 3.027437e-03 5.769300e-15 1 
    0.397043 3.218074e-03 6.124100e-15 1 
    0.397318 3.127028e-03 5.942600e-15 1 
    0.397593 3.177096e-03 6.029400e-15 1 
    0.397868 3.242648e-03 6.145300e-15 1 
    0.398143 3.257542e-03 6.165000e-15 1 
    0.398418 3.206962e-03 6.060900e-15 1 
    0.398693 2.938039e-03 5.545000e-15 1 
    0.398968 2.995523e-03 5.645700e-15 1 
    0.399243 3.414240e-03 6.426000e-15 1 
    0.399518 3.949079e-03 7.422400e-15 1 
    0.399793 4.342169e-03 8.150000e-15 1 
    0.400068 3.751515e-03 7.031700e-15 1 
    0.400343 3.160400e-03 5.915600e-15 1 
    0.400618 3.032442e-03 5.668300e-15 1 
    0.400893 3.046839e-03 5.687400e-15 1 
    0.401168 3.160188e-03 5.890900e-15 1 
    0.401443 3.236667e-03 6.025200e-15 1 
    0.401718 3.536692e-03 6.574700e-15 1 
    0.401993 3.333667e-03 6.188800e-15 1 
    0.402268 3.432678e-03 6.363900e-15 1 
    0.402543 3.544698e-03 6.562600e-15 1 
    0.402818 3.403128e-03 6.291900e-15 1 
    0.403093 3.374954e-03 6.231300e-15 1 
    0.403368 3.592543e-03 6.624000e-15 1 
    0.403643 3.527221e-03 6.494700e-15 1 
    0.403918 3.361429e-03 6.181000e-15 1 
    0.404193 3.415073e-03 6.271100e-15 1 
    0.404468 3.462692e-03 6.349900e-15 1 
    0.404743 3.607248e-03 6.606000e-15 1 
    0.405018 3.617838e-03 6.616400e-15 1 
    0.405293 3.861590e-03 7.052600e-15 1 
    0.405568 3.485226e-03 6.356600e-15 1 
    0.405843 3.590372e-03 6.539500e-15 1 
    0.406118 3.481876e-03 6.333300e-15 1 
    0.406393 3.679934e-03 6.684500e-15 1 
    0.406668 3.632106e-03 6.588700e-15 1 
    0.406943 3.609364e-03 6.538600e-15 1 
    0.407218 3.525803e-03 6.378600e-15 1 
    0.407493 3.718480e-03 6.718100e-15 1 
    0.407768 3.802925e-03 6.861400e-15 1 
    0.408043 3.847572e-03 6.932600e-15 1 
    0.408318 3.662862e-03 6.590900e-15 1 
    0.408593 3.591891e-03 6.454500e-15 1 
    0.408868 3.623253e-03 6.502100e-15 1 
    0.409143 3.732361e-03 6.688900e-15 1 
    0.409418 3.423366e-03 6.126900e-15 1 
    0.409693 3.796954e-03 6.786400e-15 1 
    0.409968 3.759922e-03 6.711200e-15 1 
    0.410243 3.514539e-03 6.264800e-15 1 
    0.410518 3.504871e-03 6.239200e-15 1 
    0.410793 3.586575e-03 6.376100e-15 1 
    0.411068 3.316622e-03 5.888300e-15 1 
    0.411343 3.392804e-03 6.015500e-15 1 
    0.411618 3.332676e-03 5.901000e-15 1 
    0.411893 3.498869e-03 6.187000e-15 1 
    0.412168 3.333321e-03 5.886400e-15 1 
    0.412443 3.759471e-03 6.630100e-15 1 
    0.412718 4.389960e-03 7.731700e-15 1 
    0.412993 5.186999e-03 9.123300e-15 1 
    0.413268 5.065019e-03 8.896900e-15 1 
    0.413543 4.184977e-03 7.341300e-15 1 
    0.413818 3.549403e-03 6.218100e-15 1 
    0.414093 3.201458e-03 5.601100e-15 1 
    0.414368 3.175607e-03 5.548500e-15 1 
    0.414643 3.299142e-03 5.756700e-15 1 
    0.414918 3.417029e-03 5.954500e-15 1 
    0.415193 3.132297e-03 5.451100e-15 1 
    0.415468 3.379718e-03 5.873900e-15 1 
    0.415743 3.544015e-03 6.151300e-15 1 
    0.416018 3.369635e-03 5.840900e-15 1 
    0.416293 3.450747e-03 5.973600e-15 1 
    0.416568 3.513498e-03 6.074200e-15 1 
    0.416843 3.564300e-03 6.153900e-15 1 
    0.417118 3.555607e-03 6.130800e-15 1 
    0.417393 3.770519e-03 6.492800e-15 1 
    0.417668 3.624709e-03 6.233500e-15 1 
    0.417943 3.348138e-03 5.750300e-15 1 
    0.418218 3.342868e-03 5.733700e-15 1 
    0.418493 3.572082e-03 6.118800e-15 1 
    0.418768 3.475182e-03 5.945000e-15 1 
    0.419043 3.674544e-03 6.277800e-15 1 
    0.419318 3.594209e-03 6.132500e-15 1 
    0.419593 3.630263e-03 6.185900e-15 1 
    0.419868 3.589659e-03 6.108700e-15 1 
    0.420143 3.712278e-03 6.309100e-15 1 
    0.420418 3.691746e-03 6.266000e-15 1 
    0.420693 3.456529e-03 5.859100e-15 1 
    0.420968 3.330916e-03 5.638800e-15 1 
    0.421243 3.463030e-03 5.854800e-15 1 
    0.421518 3.568178e-03 6.024700e-15 1 
    0.421793 3.663806e-03 6.178100e-15 1 
    0.422068 3.574704e-03 6.020000e-15 1 
    0.422343 3.527874e-03 5.933400e-15 1 
    0.422618 3.463765e-03 5.818000e-15 1 
    0.422893 3.439064e-03 5.769000e-15 1 
    0.423168 3.499110e-03 5.862100e-15 1 
    0.423443 3.723068e-03 6.229200e-15 1 
    0.423718 3.696845e-03 6.177300e-15 1 
    0.423993 3.363918e-03 5.613700e-15 1 
    0.424268 3.527826e-03 5.879600e-15 1 
    0.424543 3.798490e-03 6.322500e-15 1 
    0.424818 3.601045e-03 5.986100e-15 1 
    0.425093 3.491323e-03 5.796200e-15 1 
    0.425368 3.573343e-03 5.924700e-15 1 
    0.425643 3.583280e-03 5.933500e-15 1 
    0.425918 3.619537e-03 5.985800e-15 1 
    0.426193 3.499425e-03 5.779700e-15 1 
    0.426468 3.378328e-03 5.572500e-15 1 
    0.426743 3.669266e-03 6.044600e-15 1 
    0.427018 3.454818e-03 5.684000e-15 1 
    0.427293 3.324769e-03 5.463000e-15 1 
    0.427568 3.552145e-03 5.829100e-15 1 
    0.427843 3.577034e-03 5.862400e-15 1 
    0.428118 3.634359e-03 5.948700e-15 1 
    0.428393 3.329430e-03 5.442600e-15 1 
    0.428668 3.653320e-03 5.964400e-15 1 
    0.428943 3.521609e-03 5.742000e-15 1 
    0.429218 3.645014e-03 5.935600e-15 1 
    0.429493 3.523698e-03 5.730700e-15 1 
    0.429768 3.440417e-03 5.588100e-15 1 
    0.430043 3.690788e-03 5.987100e-15 1 
    0.430318 3.401577e-03 5.510900e-15 1 
    0.430593 3.479720e-03 5.630300e-15 1 
    0.430868 3.506320e-03 5.666100e-15 1 
    0.431143 3.436319e-03 5.545900e-15 1 
    0.431418 3.574029e-03 5.760800e-15 1 
    0.431693 3.589023e-03 5.777600e-15 1 
    0.431968 3.327946e-03 5.350500e-15 1 
    0.432243 3.329009e-03 5.345400e-15 1 
    0.432518 3.375774e-03 5.413600e-15 1 
    0.432793 3.304956e-03 5.293300e-15 1 
    0.433068 3.293154e-03 5.267700e-15 1 
    0.433343 3.421527e-03 5.466100e-15 1 
    0.433618 3.229573e-03 5.152900e-15 1 
    0.433893 3.165394e-03 5.044100e-15 1 
    0.434168 3.480247e-03 5.538800e-15 1 
    0.434443 3.301453e-03 5.247600e-15 1 
    0.434718 3.406423e-03 5.407600e-15 1 
    0.434993 3.459427e-03 5.484800e-15 1 
    0.435268 3.459255e-03 5.477600e-15 1 
    0.435543 3.359483e-03 5.312900e-15 1 
    0.435818 3.425710e-03 5.410800e-15 1 
    0.436093 3.300334e-03 5.206200e-15 1 
    0.436368 3.677271e-03 5.793500e-15 1 
    0.436643 4.984794e-03 7.843600e-15 1 
    0.436918 7.275735e-03 1.143400e-14 1 
    0.437193 8.074932e-03 1.267400e-14 1 
    0.437468 6.804773e-03 1.066700e-14 1 
    0.437743 4.782490e-03 7.487500e-15 1 
    0.438018 3.770428e-03 5.895600e-15 1 
    0.438293 3.412094e-03 5.328600e-15 1 
    0.438568 3.580509e-03 5.584600e-15 1 
    0.438843 3.498851e-03 5.450400e-15 1 
    0.439118 3.882653e-03 6.040700e-15 1 
    0.439393 3.918987e-03 6.089600e-15 1 
    0.439668 3.809391e-03 5.911900e-15 1 
    0.439943 3.766674e-03 5.838300e-15 1 
    0.440218 3.831072e-03 5.930700e-15 1 
    0.440493 3.748286e-03 5.795300e-15 1 
    0.440768 3.590488e-03 5.544400e-15 1 
    0.441043 3.674917e-03 5.667700e-15 1 
    0.441318 3.667231e-03 5.648800e-15 1 
    0.441593 3.817211e-03 5.872500e-15 1 
    0.441868 3.577517e-03 5.496900e-15 1 
    0.442143 3.441740e-03 5.281700e-15 1 
    0.442418 3.489345e-03 5.348100e-15 1 
    0.442693 3.504136e-03 5.364100e-15 1 
    0.442968 3.842458e-03 5.874700e-15 1 
    0.443243 3.663078e-03 5.593500e-15 1 
    0.443518 3.538191e-03 5.396100e-15 1 
    0.443793 3.648343e-03 5.557200e-15 1 
    0.444068 3.527252e-03 5.366100e-15 1 
    0.444343 3.427768e-03 5.208300e-15 1 
    0.444618 3.800827e-03 5.768000e-15 1 
    0.444893 3.756444e-03 5.693600e-15 1 
    0.445168 3.575664e-03 5.412900e-15 1 
    0.445443 3.562490e-03 5.386300e-15 1 
    0.445718 3.666222e-03 5.536300e-15 1 
    0.445993 3.590189e-03 5.414800e-15 1 
    0.446268 3.494044e-03 5.263300e-15 1 
    0.446543 3.519621e-03 5.295300e-15 1 
    0.446818 3.601154e-03 5.411300e-15 1 
    0.447093 3.593195e-03 5.392700e-15 1 
    0.447368 3.574067e-03 5.357400e-15 1 
    0.447643 3.758474e-03 5.626900e-15 1 
    0.447918 3.735607e-03 5.585800e-15 1 
    0.448193 3.594761e-03 5.368600e-15 1 
    0.448468 3.528378e-03 5.263000e-15 1 
    0.448743 3.494312e-03 5.205800e-15 1 
    0.449018 3.622927e-03 5.390800e-15 1 
    0.449293 3.526029e-03 5.240200e-15 1 
    0.449568 3.612741e-03 5.362500e-15 1 
    0.449843 3.817835e-03 5.660000e-15 1 
    0.450118 3.991613e-03 5.910400e-15 1 
    0.450393 4.025026e-03 5.952600e-15 1 
    0.450668 3.886079e-03 5.740100e-15 1 
    0.450943 3.681983e-03 5.432000e-15 1 
    0.451218 3.675617e-03 5.416000e-15 1 
    0.451493 3.750086e-03 5.519000e-15 1 
    0.451768 3.645601e-03 5.358700e-15 1 
    0.452043 3.758274e-03 5.517600e-15 1 
    0.452318 3.798106e-03 5.569300e-15 1 
    0.452593 3.824030e-03 5.600500e-15 1 
    0.452868 3.784994e-03 5.536600e-15 1 
    0.453143 3.811153e-03 5.568100e-15 1 
    0.453418 3.841341e-03 5.605400e-15 1 
    0.453693 3.918388e-03 5.710900e-15 1 
    0.453968 3.768438e-03 5.485700e-15 1 
    0.454243 3.595555e-03 5.227700e-15 1 
    0.454518 3.788523e-03 5.501600e-15 1 
    0.454793 3.920382e-03 5.686200e-15 1 
    0.455068 3.682764e-03 5.335100e-15 1 
    0.455343 3.558391e-03 5.148700e-15 1 
    0.455618 3.648701e-03 5.273000e-15 1 
    0.455893 3.742824e-03 5.402500e-15 1 
    0.456168 3.698093e-03 5.331500e-15 1 
    0.456443 3.670885e-03 5.285900e-15 1 
    0.456718 3.845799e-03 5.531100e-15 1 
    0.456993 3.779703e-03 5.429500e-15 1 
    0.457268 3.651061e-03 5.238400e-15 1 
    0.457543 3.659850e-03 5.244700e-15 1 
    0.457818 3.668233e-03 5.250400e-15 1 
    0.458093 3.658791e-03 5.230600e-15 1 
    0.458368 3.697642e-03 5.279800e-15 1 
    0.458643 3.674594e-03 5.240600e-15 1 
    0.458918 3.624946e-03 5.163600e-15 1 
    0.459193 3.763609e-03 5.354700e-15 1 
    0.459468 3.880429e-03 5.514300e-15 1 
    0.459743 3.812930e-03 5.411900e-15 1 
    0.460018 3.875475e-03 5.494100e-15 1 
    0.460293 3.808287e-03 5.392400e-15 1 
    0.460568 3.777838e-03 5.342900e-15 1 
    0.460843 3.791766e-03 5.356200e-15 1 
    0.461118 3.779283e-03 5.332200e-15 1 
    0.461393 3.650385e-03 5.144200e-15 1 
    0.461668 3.531899e-03 4.971300e-15 1 
    0.461943 3.649277e-03 5.130400e-15 1 
    0.462218 3.696281e-03 5.190300e-15 1 
    0.462493 3.849697e-03 5.399300e-15 1 
    0.462768 3.933728e-03 5.510600e-15 1 
    0.463043 3.764805e-03 5.267700e-15 1 
    0.463318 3.702518e-03 5.174400e-15 1 
    0.463593 3.783783e-03 5.281700e-15 1 
    0.463868 3.863441e-03 5.386500e-15 1 
    0.464143 3.929636e-03 5.472300e-15 1 
    0.464418 3.700276e-03 5.146800e-15 1 
    0.464693 3.742305e-03 5.199100e-15 1 
    0.464968 3.941600e-03 5.469500e-15 1 
    0.465243 3.940564e-03 5.461600e-15 1 
    0.465518 3.933377e-03 5.445200e-15 1 
    0.465793 3.982069e-03 5.506100e-15 1 
    0.466068 4.053097e-03 5.597700e-15 1 
    0.466343 3.886873e-03 5.361800e-15 1 
    0.466618 3.834267e-03 5.283000e-15 1 
    0.466893 4.058521e-03 5.585400e-15 1 
    0.467168 3.825779e-03 5.258900e-15 1 
    0.467443 3.670268e-03 5.039200e-15 1 
    0.467718 3.813864e-03 5.230200e-15 1 
    0.467993 3.806378e-03 5.213800e-15 1 
    0.468268 3.788121e-03 5.182700e-15 1 
    0.468543 3.904386e-03 5.335500e-15 1 
    0.468818 4.027731e-03 5.497600e-15 1 
    0.469093 4.054169e-03 5.527200e-15 1 
    0.469368 4.095936e-03 5.577600e-15 1 
    0.469643 4.086106e-03 5.557700e-15 1 
    0.469918 3.819648e-03 5.189200e-15 1 
    0.470193 3.848881e-03 5.222800e-15 1 
    0.470468 3.907244e-03 5.295800e-15 1 
    0.470743 3.756915e-03 5.086100e-15 1 
    0.471018 3.744889e-03 5.063900e-15 1 
    0.471293 3.840775e-03 5.187500e-15 1 
    0.471568 4.041469e-03 5.452200e-15 1 
    0.471843 4.041582e-03 5.446000e-15 1 
    0.472118 4.029727e-03 5.423700e-15 1 
    0.472393 3.850468e-03 5.176400e-15 1 
    0.472668 4.014843e-03 5.391100e-15 1 
    0.472943 4.054186e-03 5.437600e-15 1 
    0.473218 3.898714e-03 5.223000e-15 1 
    0.473493 3.944274e-03 5.277900e-15 1 
    0.473768 4.044400e-03 5.405600e-15 1 
    0.474043 4.008048e-03 5.350800e-15 1 
    0.474318 4.086268e-03 5.448900e-15 1 
    0.474593 4.135605e-03 5.508300e-15 1 
    0.474868 3.866266e-03 5.143600e-15 1 
    0.475143 3.968124e-03 5.273000e-15 1 
    0.475418 3.913878e-03 5.194900e-15 1 
    0.475693 3.871490e-03 5.132700e-15 1 
    0.475968 3.870304e-03 5.125200e-15 1 
    0.476243 3.870015e-03 5.118900e-15 1 
    0.476518 3.886899e-03 5.135300e-15 1 
    0.476793 3.777493e-03 4.985000e-15 1 
    0.477068 3.848537e-03 5.072900e-15 1 
    0.477343 3.947687e-03 5.197600e-15 1 
    0.477618 3.844413e-03 5.055800e-15 1 
    0.477893 3.800044e-03 4.991700e-15 1 
    0.478168 3.967289e-03 5.205400e-15 1 
    0.478443 4.187485e-03 5.488000e-15 1 
    0.478718 4.004915e-03 5.242700e-15 1 
    0.478993 3.835377e-03 5.015000e-15 1 
    0.479268 3.781975e-03 4.939500e-15 1 
    0.479543 3.767766e-03 4.915300e-15 1 
    0.479818 4.078518e-03 5.314600e-15 1 
    0.480093 3.866919e-03 5.033100e-15 1 
    0.480368 3.890349e-03 5.057800e-15 1 
    0.480643 3.834355e-03 4.979300e-15 1 
    0.480918 3.828490e-03 4.966000e-15 1 
    0.481193 3.802383e-03 4.926500e-15 1 
    0.481468 3.849770e-03 4.982200e-15 1 
    0.481743 3.862292e-03 4.992700e-15 1 
    0.482018 3.929125e-03 5.073300e-15 1 
    0.482293 3.863130e-03 4.982400e-15 1 
    0.482568 3.930800e-03 5.063900e-15 1 
    0.482843 3.924091e-03 5.049500e-15 1 
    0.483118 4.009397e-03 5.153400e-15 1 
    0.483393 3.928752e-03 5.044000e-15 1 
    0.483668 3.897119e-03 4.997700e-15 1 
    0.483943 4.018886e-03 5.148000e-15 1 
    0.484218 3.834162e-03 4.905800e-15 1 
    0.484493 4.016838e-03 5.133700e-15 1 
    0.484768 3.945494e-03 5.036800e-15 1 
    0.485043 3.878058e-03 4.945100e-15 1 
    0.485318 3.763041e-03 4.793000e-15 1 
    0.485593 3.906587e-03 4.970200e-15 1 
    0.485868 3.894252e-03 4.948900e-15 1 
    0.486143 3.849031e-03 4.885900e-15 1 
    0.486418 3.661897e-03 4.643100e-15 1 
    0.486693 3.742548e-03 4.740000e-15 1 
    0.486968 3.812465e-03 4.823100e-15 1 
    0.487243 3.867498e-03 4.887200e-15 1 
    0.487518 3.920588e-03 4.948700e-15 1 
    0.487793 3.783913e-03 4.770800e-15 1 
    0.488068 3.665581e-03 4.616400e-15 1 
    0.488343 3.853183e-03 4.847200e-15 1 
    0.488618 4.217874e-03 5.300000e-15 1 
    0.488893 5.947843e-03 7.465400e-15 1 
    0.489168 1.127353e-02 1.413400e-14 1 
    0.489443 1.738766e-02 2.177500e-14 1 
    0.489718 1.813547e-02 2.268600e-14 1 
    0.489993 1.314190e-02 1.642100e-14 1 
    0.490268 7.284673e-03 9.092100e-15 1 
    0.490543 4.514506e-03 5.628300e-15 1 
    0.490818 4.024113e-03 5.011300e-15 1 
    0.491093 3.805700e-03 4.734000e-15 1 
    0.491368 3.802398e-03 4.724600e-15 1 
    0.491643 3.764516e-03 4.672300e-15 1 
    0.491918 4.054269e-03 5.026300e-15 1 
    0.492193 3.792163e-03 4.696100e-15 1 
    0.492468 3.945716e-03 4.880800e-15 1 
    0.492743 3.953037e-03 4.884400e-15 1 
    0.493018 3.984026e-03 4.917200e-15 1 
    0.493293 3.934045e-03 4.850100e-15 1 
    0.493568 3.668270e-03 4.517400e-15 1 
    0.493843 3.915508e-03 4.816500e-15 1 
    0.494118 3.930776e-03 4.829900e-15 1 
    0.494393 3.892215e-03 4.777200e-15 1 
    0.494668 3.939450e-03 4.829800e-15 1 
    0.494943 3.979351e-03 4.873300e-15 1 
    0.495218 4.058083e-03 4.964200e-15 1 
    0.495493 3.930914e-03 4.803300e-15 1 
    0.495768 4.098235e-03 5.002200e-15 1 
    0.496043 3.950144e-03 4.816100e-15 1 
    0.496318 4.022841e-03 4.899300e-15 1 
    0.496593 4.098569e-03 4.986000e-15 1 
    0.496868 3.955641e-03 4.806800e-15 1 
    0.497143 3.788416e-03 4.598500e-15 1 
    0.497418 3.763082e-03 4.562700e-15 1 
    0.497693 4.031043e-03 4.882200e-15 1 
    0.497968 3.947882e-03 4.776200e-15 1 
    0.498243 4.349768e-03 5.256600e-15 1 
    0.498518 4.988463e-03 6.021800e-15 1 
    0.498793 7.799541e-03 9.404800e-15 1 
    0.499068 1.525298e-02 1.837200e-14 1 
    0.499343 2.138619e-02 2.573100e-14 1 
    0.499618 2.010425e-02 2.416200e-14 1 
    0.499893 1.293030e-02 1.552300e-14 1 
    0.500168 7.082758e-03 8.493600e-15 1 
    0.500443 4.811014e-03 5.763000e-15 1 
    0.500718 4.345704e-03 5.199900e-15 1 
    0.500993 4.065183e-03 4.858900e-15 1 
    0.501268 4.134893e-03 4.936800e-15 1 
    0.501543 4.068244e-03 4.851900e-15 1 
    0.501818 4.039717e-03 4.812600e-15 1 
    0.502093 4.208010e-03 5.007600e-15 1 
    0.502368 4.288669e-03 5.098000e-15 1 
    0.502643 4.173694e-03 4.955900e-15 1 
    0.502918 4.090243e-03 4.851500e-15 1 
    0.503193 5.321572e-03 6.305100e-15 1 
    0.503468 9.345809e-03 1.106100e-14 1 
    0.503743 2.420335e-02 2.861400e-14 1 
    0.504018 4.814540e-02 5.685700e-14 1 
    0.504293 5.824326e-02 6.870700e-14 1 
    0.504568 4.370273e-02 5.149800e-14 1 
    0.504843 2.066712e-02 2.432700e-14 1 
    0.505118 8.839896e-03 1.039400e-14 1 
    0.505393 5.398942e-03 6.341200e-15 1 
    0.505668 4.435631e-03 5.204100e-15 1 
    0.505943 3.991897e-03 4.678400e-15 1 
    0.506218 4.010588e-03 4.695200e-15 1 
    0.506493 4.098919e-03 4.793400e-15 1 
    0.506768 4.075978e-03 4.761400e-15 1 
    0.507043 3.956570e-03 4.616900e-15 1 
    0.507318 3.802150e-03 4.431900e-15 1 
    0.507593 3.930632e-03 4.576700e-15 1 
    0.507868 3.987253e-03 4.637600e-15 1 
    0.508143 3.878390e-03 4.506100e-15 1 
    0.508418 3.871216e-03 4.492900e-15 1 
    0.508693 3.908872e-03 4.531700e-15 1 
    0.508968 3.848855e-03 4.457300e-15 1 
    0.509243 4.139660e-03 4.788900e-15 1 
    0.509518 4.066856e-03 4.699600e-15 1 
    0.509793 3.978033e-03 4.592000e-15 1 
    0.510068 3.925002e-03 4.525900e-15 1 
    0.510343 4.023084e-03 4.634000e-15 1 
    0.510618 3.819271e-03 4.394500e-15 1 
    0.510893 3.853315e-03 4.428900e-15 1 
    0.511168 3.671686e-03 4.215600e-15 1 
    0.511443 3.819590e-03 4.380700e-15 1 
    0.511718 3.876332e-03 4.441000e-15 1 
    0.511993 3.951276e-03 4.522000e-15 1 
    0.512268 3.891667e-03 4.449000e-15 1 
    0.512543 3.908018e-03 4.462900e-15 1 
    0.512818 4.051330e-03 4.621600e-15 1 
    0.513093 4.060064e-03 4.626600e-15 1 
    0.513368 3.949775e-03 4.496100e-15 1 
    0.513643 4.063233e-03 4.620300e-15 1 
    0.513918 3.753292e-03 4.263300e-15 1 
    0.514193 4.027168e-03 4.569500e-15 1 
    0.514468 3.822205e-03 4.332300e-15 1 
    0.514743 3.855262e-03 4.365100e-15 1 
    0.515018 3.749571e-03 4.240900e-15 1 
    0.515293 4.085131e-03 4.615500e-15 1 
    0.515568 3.912906e-03 4.416200e-15 1 
    0.515843 3.951940e-03 4.455500e-15 1 
    0.516118 3.866208e-03 4.354200e-15 1 
    0.516393 3.361893e-03 3.782200e-15 1 
    0.516668 3.724161e-03 4.185300e-15 1 
    0.516943 3.915722e-03 4.395900e-15 1 
    0.517218 4.069787e-03 4.564000e-15 1 
    0.517493 3.938520e-03 4.412100e-15 1 
    0.517768 3.891861e-03 4.355200e-15 1 
    0.518043 3.812712e-03 4.262100e-15 1 
    0.518318 3.834672e-03 4.282100e-15 1 
    0.518593 3.938966e-03 4.393900e-15 1 
    0.518868 4.025886e-03 4.486100e-15 1 
    0.519143 3.927741e-03 4.372100e-15 1 
    0.519418 3.806269e-03 4.232400e-15 1 
    0.519693 3.963436e-03 4.402500e-15 1 
    0.519968 3.778826e-03 4.193000e-15 1 
    0.520243 3.724814e-03 4.128700e-15 1 
    0.520518 3.674565e-03 4.068700e-15 1 
    0.520793 3.766597e-03 4.166200e-15 1 
    0.521068 3.605587e-03 3.983900e-15 1 
    0.521343 3.887988e-03 4.291400e-15 1 
    0.521618 3.841664e-03 4.235800e-15 1 
    0.521893 3.758556e-03 4.139800e-15 1 
    0.522168 3.831047e-03 4.215200e-15 1 
    0.522443 3.810336e-03 4.188000e-15 1 
    0.522718 3.919544e-03 4.303500e-15 1 
    0.522993 3.883461e-03 4.259400e-15 1 
    0.523268 3.926336e-03 4.301900e-15 1 
    0.523543 4.077197e-03 4.462500e-15 1 
    0.523818 4.404342e-03 4.815500e-15 1 
    0.524093 4.074873e-03 4.450600e-15 1 
    0.524368 3.982730e-03 4.345400e-15 1 
    0.524643 4.201879e-03 4.579700e-15 1 
    0.524918 4.110122e-03 4.475000e-15 1 
    0.525193 4.162056e-03 4.526800e-15 1 
    0.525468 3.821546e-03 4.152100e-15 1 
    0.525743 3.658599e-03 3.970900e-15 1 
    0.526018 3.964485e-03 4.298400e-15 1 
    0.526293 3.786745e-03 4.101400e-15 1 
    0.526568 3.744768e-03 4.051700e-15 1 
    0.526843 3.911148e-03 4.227300e-15 1 
    0.527118 3.831784e-03 4.137200e-15 1 
    0.527393 4.031503e-03 4.348300e-15 1 
    0.527668 4.055756e-03 4.369900e-15 1 
    0.527943 3.971071e-03 4.274200e-15 1 
    0.528218 3.749394e-03 4.031400e-15 1 
    0.528493 3.900027e-03 4.189000e-15 1 
    0.528768 4.007817e-03 4.300300e-15 1 
    0.529043 3.941362e-03 4.224600e-15 1 
    0.529318 4.042122e-03 4.328100e-15 1 
    0.529593 4.163746e-03 4.453700e-15 1 
    0.529868 4.087493e-03 4.367600e-15 1 
    0.530143 3.821927e-03 4.079600e-15 1 
    0.530418 3.718326e-03 3.964900e-15 1 
    0.530693 3.958193e-03 4.216300e-15 1 
    0.530968 3.894446e-03 4.144100e-15 1 
    0.531243 3.948246e-03 4.197000e-15 1 
    0.531518 4.111671e-03 4.366200e-15 1 
    0.531793 4.110836e-03 4.360800e-15 1 
    0.532068 4.060451e-03 4.302900e-15 1 
    0.532343 4.097145e-03 4.337300e-15 1 
    0.532618 3.898263e-03 4.122500e-15 1 
    0.532893 4.156068e-03 4.390600e-15 1 
    0.533168 4.227162e-03 4.461100e-15 1 
    0.533443 3.971814e-03 4.187300e-15 1 
    0.533718 3.966035e-03 4.176900e-15 1 
    0.533993 4.244626e-03 4.465700e-15 1 
    0.534268 4.156230e-03 4.368200e-15 1 
    0.534543 4.136794e-03 4.343300e-15 1 
    0.534818 4.076218e-03 4.275300e-15 1 
    0.535093 4.246193e-03 4.449000e-15 1 
    0.535368 4.250654e-03 4.449100e-15 1 
    0.535643 4.070250e-03 4.255900e-15 1 
    0.535918 4.172559e-03 4.358400e-15 1 
    0.536193 4.199843e-03 4.382400e-15 1 
    0.536468 4.002502e-03 4.172200e-15 1 
    0.536743 3.787847e-03 3.944400e-15 1 
    0.537018 4.004176e-03 4.165400e-15 1 
    0.537293 4.100753e-03 4.261500e-15 1 
    0.537568 4.169298e-03 4.328300e-15 1 
    0.537843 4.161705e-03 4.316000e-15 1 
    0.538118 4.202447e-03 4.353800e-15 1 
    0.538393 4.038911e-03 4.180100e-15 1 
    0.538668 4.166550e-03 4.307800e-15 1 
    0.538943 4.072437e-03 4.206200e-15 1 
    0.539218 4.226430e-03 4.360800e-15 1 
    0.539493 4.143038e-03 4.270400e-15 1 
    0.539768 4.030432e-03 4.150100e-15 1 
    0.540043 4.130394e-03 4.248700e-15 1 
    0.540318 3.918856e-03 4.027000e-15 1 
    0.540593 3.844817e-03 3.946900e-15 1 
    0.540868 4.051654e-03 4.155000e-15 1 
    0.541143 4.117857e-03 4.218600e-15 1 
    0.541418 4.232848e-03 4.332000e-15 1 
    0.541693 4.024019e-03 4.114100e-15 1 
    0.541968 4.049157e-03 4.135600e-15 1 
    0.542243 4.006321e-03 4.087700e-15 1 
    0.542518 4.167555e-03 4.247900e-15 1 
    0.542793 4.050102e-03 4.124000e-15 1 
    0.543068 3.994829e-03 4.063600e-15 1 
    0.543343 4.044930e-03 4.110400e-15 1 
    0.543618 3.968053e-03 4.028200e-15 1 
    0.543893 3.999777e-03 4.056300e-15 1 
    0.544168 3.962662e-03 4.014600e-15 1 
    0.544443 3.976648e-03 4.024700e-15 1 
    0.544718 3.974534e-03 4.018500e-15 1 
    0.544993 4.000924e-03 4.041100e-15 1 
    0.545268 4.154611e-03 4.192100e-15 1 
    0.545543 4.216839e-03 4.250600e-15 1 
    0.545818 4.154358e-03 4.183400e-15 1 
    0.546093 4.105661e-03 4.130200e-15 1 
    0.546368 3.818543e-03 3.837500e-15 1 
    0.546643 4.053275e-03 4.069300e-15 1 
    0.546918 4.135524e-03 4.147700e-15 1 
    0.547193 4.035186e-03 4.043000e-15 1 
    0.547468 4.013667e-03 4.017400e-15 1 
    0.547743 3.979097e-03 3.978800e-15 1 
    0.548018 4.271305e-03 4.266700e-15 1 
    0.548293 4.199835e-03 4.191100e-15 1 
    0.548568 4.066224e-03 4.053700e-15 1 
    0.548843 4.116490e-03 4.099700e-15 1 
    0.549118 4.222132e-03 4.200700e-15 1 
    0.549393 4.148791e-03 4.123600e-15 1 
    0.549668 4.161003e-03 4.131600e-15 1 
    0.549943 4.234224e-03 4.200100e-15 1 
    0.550218 4.244211e-03 4.205800e-15 1 
    0.550493 4.381490e-03 4.337500e-15 1 
    0.550768 4.230557e-03 4.183900e-15 1 
    0.551043 4.179012e-03 4.128800e-15 1 
    0.551318 4.144379e-03 4.090500e-15 1 
    0.551593 4.162409e-03 4.104200e-15 1 
    0.551868 4.263410e-03 4.199600e-15 1 
    0.552143 4.203029e-03 4.136000e-15 1 
    0.552418 4.005706e-03 3.937900e-15 1 
    0.552693 4.155811e-03 4.081400e-15 1 
    0.552968 4.275938e-03 4.195200e-15 1 
    0.553243 4.257033e-03 4.172500e-15 1 
    0.553518 4.084075e-03 3.999000e-15 1 
    0.553793 3.958610e-03 3.872300e-15 1 
    0.554068 4.032843e-03 3.941000e-15 1 
    0.554343 4.150854e-03 4.052300e-15 1 
    0.554618 4.133852e-03 4.031700e-15 1 
    0.554893 4.189168e-03 4.081600e-15 1 
    0.555168 4.090583e-03 3.981600e-15 1 
    0.555443 4.384128e-03 4.263100e-15 1 
    0.555718 3.991016e-03 3.877000e-15 1 
    0.555993 4.304714e-03 4.177600e-15 1 
    0.556268 4.202425e-03 4.074300e-15 1 
    0.556543 4.017329e-03 3.891000e-15 1 
    0.556818 3.693788e-03 3.574100e-15 1 
    0.557093 4.067689e-03 3.932000e-15 1 
    0.557368 3.917515e-03 3.783100e-15 1 
    0.557643 4.019646e-03 3.877900e-15 1 
    0.557918 3.994042e-03 3.849400e-15 1 
    0.558193 4.083976e-03 3.932200e-15 1 
    0.558468 4.164828e-03 4.006100e-15 1 
    0.558743 4.193699e-03 4.029900e-15 1 
    0.559018 4.224599e-03 4.055600e-15 1 
    0.559293 4.479629e-03 4.296200e-15 1 
    0.559568 4.228637e-03 4.051500e-15 1 
    0.559843 4.174184e-03 3.995400e-15 1 
    0.560118 4.382839e-03 4.191000e-15 1 
    0.560393 4.176213e-03 3.989500e-15 1 
    0.560668 4.016642e-03 3.833300e-15 1 
    0.560943 4.281119e-03 4.081700e-15 1 
    0.561218 4.327628e-03 4.122000e-15 1 
    0.561493 4.115066e-03 3.915700e-15 1 
    0.561768 3.978348e-03 3.781900e-15 1 
    0.562043 4.186416e-03 3.975800e-15 1 
    0.562318 4.293806e-03 4.073800e-15 1 
    0.562593 4.112743e-03 3.898200e-15 1 
    0.562868 4.296191e-03 4.068100e-15 1 
    0.563143 4.317726e-03 4.084500e-15 1 
    0.563418 4.035402e-03 3.813700e-15 1 
    0.563693 4.146953e-03 3.915300e-15 1 
    0.563968 4.101913e-03 3.869000e-15 1 
    0.564243 4.003717e-03 3.772700e-15 1 
    0.564518 4.068489e-03 3.830000e-15 1 
    0.564793 4.241413e-03 3.988900e-15 1 
    0.565068 4.276091e-03 4.017600e-15 1 
    0.565343 4.463179e-03 4.189300e-15 1 
    0.565618 4.196653e-03 3.935300e-15 1 
    0.565893 4.072321e-03 3.815000e-15 1 
    0.566168 4.005652e-03 3.748900e-15 1 
    0.566443 4.285268e-03 4.006700e-15 1 
    0.566718 4.268555e-03 3.987200e-15 1 
    0.566993 4.300774e-03 4.013400e-15 1 
    0.567268 4.290680e-03 4.000100e-15 1 
    0.567543 4.045103e-03 3.767500e-15 1 
    0.567818 4.168748e-03 3.878900e-15 1 
    0.568093 3.863074e-03 3.591000e-15 1 
    0.568368 4.090360e-03 3.798600e-15 1 
    0.568643 4.274213e-03 3.965500e-15 1 
    0.568918 4.459925e-03 4.133800e-15 1 
    0.569193 4.253326e-03 3.938500e-15 1 
    0.569468 3.952169e-03 3.656100e-15 1 
    0.569743 4.016688e-03 3.712200e-15 1 
    0.570018 3.785541e-03 3.495200e-15 1 
    0.570293 4.118006e-03 3.798500e-15 1 
    0.570568 4.229410e-03 3.897500e-15 1 
    0.570843 4.313866e-03 3.971500e-15 1 
    0.571118 4.192555e-03 3.856100e-15 1 
    0.571393 4.127377e-03 3.792500e-15 1 
    0.571668 4.166973e-03 3.825200e-15 1 
    0.571943 4.434314e-03 4.066700e-15 1 
    0.572218 4.395904e-03 4.027600e-15 1 
    0.572493 4.136838e-03 3.786600e-15 1 
    0.572768 4.082091e-03 3.732900e-15 1 
    0.573043 4.549243e-03 4.156100e-15 1 
    0.573318 4.193472e-03 3.827400e-15 1 
    0.573593 4.228642e-03 3.855800e-15 1 
    0.573868 4.501976e-03 4.101100e-15 1 
    0.574143 3.977768e-03 3.620100e-15 1 
    0.574418 4.265232e-03 3.878000e-15 1 
    0.574693 4.082823e-03 3.708600e-15 1 
    0.574968 4.070092e-03 3.693500e-15 1 
    0.575243 4.431915e-03 4.018000e-15 1 
    0.575518 4.270433e-03 3.867900e-15 1 
    0.575793 4.108856e-03 3.718000e-15 1 
    0.576068 4.413331e-03 3.989700e-15 1 
    0.576343 4.383332e-03 3.958800e-15 1 
    0.576618 4.240224e-03 3.825900e-15 1 
    0.576893 4.334016e-03 3.906800e-15 1 
    0.577168 4.403663e-03 3.965800e-15 1 
    0.577443 4.315942e-03 3.883100e-15 1 
    0.577718 4.425855e-03 3.978200e-15 1 
    0.577993 4.237308e-03 3.805100e-15 1 
    0.578268 4.181819e-03 3.751700e-15 1 
    0.578543 4.263785e-03 3.821600e-15 1 
    0.578818 4.340876e-03 3.887000e-15 1 
    0.579093 4.231989e-03 3.785900e-15 1 
    0.579368 4.208261e-03 3.761100e-15 1 
    0.579643 4.380138e-03 3.911000e-15 1 
    0.579918 4.246298e-03 3.787900e-15 1 
    0.580193 4.330106e-03 3.859000e-15 1 
    0.580468 4.425411e-03 3.940200e-15 1 
    0.580743 4.076604e-03 3.626200e-15 1 
    0.581018 4.211222e-03 3.742400e-15 1 
    0.581293 4.385512e-03 3.893600e-15 1 
    0.581568 4.499133e-03 3.990700e-15 1 
    0.581843 4.423719e-03 3.920100e-15 1 
    0.582118 4.391983e-03 3.888300e-15 1 
    0.582393 4.374651e-03 3.869300e-15 1 
    0.582668 4.358075e-03 3.851000e-15 1 
    0.582943 4.447711e-03 3.926500e-15 1 
    0.583218 4.428665e-03 3.906000e-15 1 
    0.583493 4.309481e-03 3.797300e-15 1 
    0.583768 4.083741e-03 3.595000e-15 1 
    0.584043 3.956946e-03 3.480100e-15 1 
    0.584318 4.217654e-03 3.705900e-15 1 
    0.584593 4.172072e-03 3.662400e-15 1 
    0.584868 4.376337e-03 3.838100e-15 1 
    0.585143 4.473926e-03 3.920000e-15 1 
    0.585418 4.340933e-03 3.799900e-15 1 
    0.585693 4.362621e-03 3.815300e-15 1 
    0.585968 4.370610e-03 3.818700e-15 1 
    0.586243 4.338856e-03 3.787400e-15 1 
    0.586518 4.353477e-03 3.796600e-15 1 
    0.586793 4.491503e-03 3.913300e-15 1 
    0.587068 4.840593e-03 4.213500e-15 1 
    0.587343 4.440247e-03 3.861400e-15 1 
    0.587618 4.380987e-03 3.806300e-15 1 
    0.587893 4.338891e-03 3.766200e-15 1 
    0.588168 4.455843e-03 3.864100e-15 1 
    0.588443 4.211739e-03 3.649000e-15 1 
    0.588718 4.375338e-03 3.787200e-15 1 
    0.588993 4.309004e-03 3.726300e-15 1 
    0.589268 4.532250e-03 3.915700e-15 1 
    0.589543 4.387726e-03 3.787300e-15 1 
    0.589818 4.245708e-03 3.661300e-15 1 
    0.590093 4.012421e-03 3.456900e-15 1 
    0.590368 3.874773e-03 3.335200e-15 1 
    0.590643 4.292596e-03 3.691400e-15 1 
    0.590918 4.245031e-03 3.647100e-15 1 
    0.591193 5.278870e-03 4.531100e-15 1 
    0.591468 6.299585e-03 5.402200e-15 1 
    0.591743 6.678715e-03 5.722000e-15 1 
    0.592018 6.195646e-03 5.303200e-15 1 
    0.592293 4.973682e-03 4.253300e-15 1 
    0.592568 4.438136e-03 3.791800e-15 1 
    0.592843 4.133906e-03 3.528600e-15 1 
    0.593118 4.220413e-03 3.599100e-15 1 
    0.593393 4.038176e-03 3.440500e-15 1 
    0.593668 4.062948e-03 3.458400e-15 1 
    0.593943 3.782264e-03 3.216500e-15 1 
    0.594218 3.904054e-03 3.317000e-15 1 
    0.594493 3.949373e-03 3.352400e-15 1 
    0.594768 4.133203e-03 3.505200e-15 1 
    0.595043 4.275824e-03 3.622800e-15 1 
    0.595318 4.210432e-03 3.564100e-15 1 
    0.595593 4.194103e-03 3.547000e-15 1 
    0.595868 4.336569e-03 3.664100e-15 1 
    0.596143 4.002955e-03 3.379100e-15 1 
    0.596418 4.397816e-03 3.709000e-15 1 
    0.596693 4.208542e-03 3.546100e-15 1 
    0.596968 4.414841e-03 3.716500e-15 1 
    0.597243 4.412607e-03 3.711200e-15 1 
    0.597518 4.384182e-03 3.683900e-15 1 
    0.597793 4.180714e-03 3.509700e-15 1 
    0.598068 4.220926e-03 3.540200e-15 1 
    0.598343 4.381380e-03 3.671400e-15 1 
    0.598618 4.233710e-03 3.544400e-15 1 
    0.598893 4.353212e-03 3.641100e-15 1 
    0.599168 4.382820e-03 3.662500e-15 1 
    0.599443 4.552496e-03 3.800800e-15 1 
    0.599718 4.350947e-03 3.629200e-15 1 
    0.599993 4.135224e-03 3.446100e-15 1 
    0.600268 4.009059e-03 3.337900e-15 1 
    0.600543 4.238622e-03 3.525800e-15 1 
    0.600818 4.214107e-03 3.502200e-15 1 
    0.601093 4.223867e-03 3.507100e-15 1 
    0.601368 4.276314e-03 3.547400e-15 1 
    0.601643 4.478105e-03 3.711400e-15 1 
    0.601918 4.655140e-03 3.854600e-15 1 
    0.602193 4.361187e-03 3.607900e-15 1 
    0.602468 4.284955e-03 3.541600e-15 1 
    0.602743 4.149240e-03 3.426300e-15 1 
    0.603018 4.305145e-03 3.551800e-15 1 
    0.603293 4.457934e-03 3.674500e-15 1 
    0.603568 4.358660e-03 3.589400e-15 1 
    0.603843 4.442730e-03 3.655300e-15 1 
    0.604118 4.451643e-03 3.659300e-15 1 
    0.604393 4.477493e-03 3.677200e-15 1 
    0.604668 4.234651e-03 3.474600e-15 1 
    0.604943 4.140061e-03 3.393900e-15 1 
    0.605218 4.176914e-03 3.421000e-15 1 
    0.605493 4.210040e-03 3.445000e-15 1 
    0.605768 4.142554e-03 3.386700e-15 1 
    0.606043 4.005767e-03 3.271900e-15 1 
    0.606318 4.041631e-03 3.298200e-15 1 
    0.606593 4.250740e-03 3.465700e-15 1 
    0.606868 4.483179e-03 3.651900e-15 1 
    0.607143 4.622528e-03 3.762000e-15 1 
    0.607418 4.478396e-03 3.641400e-15 1 
    0.607693 4.213854e-03 3.423200e-15 1 
    0.607968 4.169987e-03 3.384500e-15 1 
    0.608243 4.334569e-03 3.514900e-15 1 
    0.608518 4.449084e-03 3.604500e-15 1 
    0.608793 4.464102e-03 3.613400e-15 1 
    0.609068 4.353755e-03 3.520900e-15 1 
    0.609343 4.307934e-03 3.480700e-15 1 
    0.609618 4.230930e-03 3.415400e-15 1 
    0.609893 4.200527e-03 3.387800e-15 1 
    0.610168 4.368503e-03 3.520100e-15 1 
    0.610443 4.402005e-03 3.543900e-15 1 
    0.610718 4.437301e-03 3.569100e-15 1 
    0.610993 4.370494e-03 3.512200e-15 1 
    0.611268 4.288116e-03 3.442900e-15 1 
    0.611543 4.360289e-03 3.497700e-15 1 
    0.611818 4.590302e-03 3.678900e-15 1 
    0.612093 4.712322e-03 3.773300e-15 1 
    0.612368 4.513185e-03 3.610600e-15 1 
    0.612643 4.362478e-03 3.486900e-15 1 
    0.612918 4.307540e-03 3.439900e-15 1 
    0.613193 4.233197e-03 3.377500e-15 1 
    0.613468 4.193967e-03 3.343200e-15 1 
    0.613743 4.201620e-03 3.346300e-15 1 
    0.614018 4.349407e-03 3.460900e-15 1 
    0.614293 4.435190e-03 3.526000e-15 1 
    0.614568 4.195549e-03 3.332500e-15 1 
    0.614843 4.192626e-03 3.327200e-15 1 
    0.615118 4.212647e-03 3.340100e-15 1 
    0.615393 4.325988e-03 3.426900e-15 1 
    0.615668 4.350324e-03 3.443100e-15 1 
    0.615943 4.360534e-03 3.448100e-15 1 
    0.616218 4.158997e-03 3.285800e-15 1 
    0.616493 4.198816e-03 3.314300e-15 1 
    0.616768 4.379450e-03 3.453800e-15 1 
    0.617043 4.500118e-03 3.545800e-15 1 
    0.617318 4.245757e-03 3.342400e-15 1 
    0.617593 4.345404e-03 3.417800e-15 1 
    0.617868 4.313898e-03 3.390000e-15 1 
    0.618143 4.276472e-03 3.357600e-15 1 
    0.618418 4.170772e-03 3.271700e-15 1 
    0.618693 4.145391e-03 3.248900e-15 1 
    0.618968 4.274358e-03 3.347000e-15 1 
    0.619243 4.260645e-03 3.333300e-15 1 
    0.619518 4.305881e-03 3.365700e-15 1 
    0.619793 4.524441e-03 3.533400e-15 1 
    0.620068 4.448356e-03 3.470900e-15 1 
    0.620343 4.535681e-03 3.535900e-15 1 
    0.620618 4.174951e-03 3.251800e-15 1 
    0.620893 4.290063e-03 3.338500e-15 1 
    0.621168 4.246790e-03 3.301900e-15 1 
    0.621443 4.164946e-03 3.235400e-15 1 
    0.621718 4.286268e-03 3.326700e-15 1 
    0.621993 4.097912e-03 3.177700e-15 1 
    0.622268 4.423056e-03 3.426800e-15 1 
    0.622543 4.421670e-03 3.422700e-15 1 
    0.622818 4.476263e-03 3.461900e-15 1 
    0.623093 4.255811e-03 3.288500e-15 1 
    0.623368 4.489742e-03 3.466200e-15 1 
    0.623643 4.360301e-03 3.363300e-15 1 
    0.623918 4.102296e-03 3.161500e-15 1 
    0.624193 4.126173e-03 3.177100e-15 1 
    0.624468 4.408761e-03 3.391700e-15 1 
    0.624743 4.391048e-03 3.375100e-15 1 
    0.625018 4.166777e-03 3.199900e-15 1 
    0.625293 4.296995e-03 3.297000e-15 1 
    0.625568 4.663152e-03 3.574800e-15 1 
    0.625843 4.219302e-03 3.231700e-15 1 
    0.626118 4.618302e-03 3.534200e-15 1 
    0.626393 4.032368e-03 3.083100e-15 1 
    0.626668 4.191555e-03 3.202000e-15 1 
    0.626943 3.933065e-03 3.001900e-15 1 
    0.627218 4.258581e-03 3.247500e-15 1 
    0.627493 4.433334e-03 3.377800e-15 1 
    0.627768 3.979811e-03 3.029600e-15 1 
    0.628043 4.394171e-03 3.342100e-15 1 
    0.628318 4.652392e-03 3.535400e-15 1 
    0.628593 4.286756e-03 3.254700e-15 1 
    0.628868 4.426024e-03 3.357500e-15 1 
    0.629143 4.447708e-03 3.371000e-15 1 
    0.629418 3.749061e-03 2.839000e-15 1 
    0.629693 4.239124e-03 3.207300e-15 1 
    0.629968 4.269152e-03 3.227200e-15 1 
    0.630243 4.560193e-03 3.444200e-15 1 
    0.630518 4.356253e-03 3.287300e-15 1 
    0.630793 4.747874e-03 3.579700e-15 1 
    0.631068 4.358015e-03 3.282900e-15 1 
    0.631343 4.315577e-03 3.248100e-15 1 
    0.631618 4.207767e-03 3.164200e-15 1 
    0.631893 3.893199e-03 2.925100e-15 1 
    0.632168 4.238144e-03 3.181500e-15 1 
    0.632443 4.319162e-03 3.239500e-15 1 
    0.632718 4.594745e-03 3.443200e-15 1 
    0.632993 4.611962e-03 3.453100e-15 1 
    0.633268 4.293811e-03 3.212100e-15 1 
    0.633543 4.540374e-03 3.393600e-15 1 
    0.633818 5.043527e-03 3.766400e-15 1 
    0.634093 5.555187e-03 4.144900e-15 1 
    0.634368 6.473775e-03 4.826100e-15 1 
    0.634643 6.177042e-03 4.600900e-15 1 
    0.634918 5.462691e-03 4.065300e-15 1 
    0.635193 4.901221e-03 3.644300e-15 1 
    0.635468 4.427747e-03 3.289400e-15 1 
    0.635743 4.607125e-03 3.419700e-15 1 
    0.636018 4.609628e-03 3.418600e-15 1 
    0.636293 4.492829e-03 3.329100e-15 1 
    0.636568 4.648806e-03 3.441700e-15 1 
    0.636843 4.487486e-03 3.319400e-15 1 
    0.637118 4.067718e-03 3.006300e-15 1 
    0.637393 4.520700e-03 3.338200e-15 1 
    0.637668 4.509828e-03 3.327300e-15 1 
    0.637943 4.353372e-03 3.209100e-15 1 
    0.638218 4.308790e-03 3.173500e-15 1 
    0.638493 4.388331e-03 3.229300e-15 1 
    0.638768 4.439579e-03 3.264200e-15 1 
    0.639043 4.495403e-03 3.302400e-15 1 
    0.639318 4.253082e-03 3.121700e-15 1 
    0.639593 4.307741e-03 3.159100e-15 1 
    0.639868 4.370268e-03 3.202200e-15 1 
    0.640143 4.707861e-03 3.446600e-15 1 
    0.640418 4.780673e-03 3.496900e-15 1 
    0.640693 5.042018e-03 3.684900e-15 1 
    0.640968 5.108111e-03 3.730000e-15 1 
    0.641243 4.931570e-03 3.598000e-15 1 
    0.641518 4.637430e-03 3.380500e-15 1 
    0.641793 4.673672e-03 3.404000e-15 1 
    0.642068 4.609520e-03 3.354400e-15 1 
    0.642343 4.429310e-03 3.220500e-15 1 
    0.642618 4.512804e-03 3.278400e-15 1 
    0.642893 4.585415e-03 3.328300e-15 1 
    0.643168 4.547834e-03 3.298200e-15 1 
    0.643443 4.340160e-03 3.144900e-15 1 
    0.643718 4.606031e-03 3.334700e-15 1 
    0.643993 4.519557e-03 3.269300e-15 1 
    0.644268 4.470425e-03 3.231000e-15 1 
    0.644543 4.280927e-03 3.091400e-15 1 
    0.644818 4.308419e-03 3.108600e-15 1 
    0.645093 4.490898e-03 3.237500e-15 1 
    0.645368 4.393240e-03 3.164400e-15 1 
    0.645643 4.605830e-03 3.314700e-15 1 
    0.645918 4.207564e-03 3.025500e-15 1 
    0.646193 4.618830e-03 3.318400e-15 1 
    0.646468 4.381204e-03 3.145000e-15 1 
    0.646743 4.609686e-03 3.306200e-15 1 
    0.647018 3.877931e-03 2.779000e-15 1 
    0.647293 4.335970e-03 3.104600e-15 1 
    0.647568 4.261237e-03 3.048500e-15 1 
    0.647843 4.502688e-03 3.218500e-15 1 
    0.648118 4.263438e-03 3.044900e-15 1 
    0.648393 4.471098e-03 3.190500e-15 1 
    0.648668 4.297466e-03 3.064000e-15 1 
    0.648943 4.271772e-03 3.043100e-15 1 
    0.649218 4.469979e-03 3.181600e-15 1 
    0.649493 4.294483e-03 3.054100e-15 1 
    0.649768 4.589297e-03 3.261000e-15 1 
    0.650043 4.446838e-03 3.157100e-15 1 
    0.650318 4.364327e-03 3.095900e-15 1 
    0.650593 4.384526e-03 3.107600e-15 1 
    0.650868 4.753119e-03 3.366000e-15 1 
    0.651143 4.682091e-03 3.312900e-15 1 
    0.651418 4.163819e-03 2.943700e-15 1 
    0.651693 4.519839e-03 3.192700e-15 1 
    0.651968 4.659675e-03 3.288700e-15 1 
    0.652243 4.434163e-03 3.126900e-15 1 
    0.652518 4.529019e-03 3.191100e-15 1 
    0.652793 4.613378e-03 3.247800e-15 1 
    0.653068 4.365490e-03 3.070700e-15 1 
    0.653343 4.519563e-03 3.176400e-15 1 
    0.653618 3.833414e-03 2.691900e-15 1 
    0.653893 4.122831e-03 2.892700e-15 1 
    0.654168 4.052552e-03 2.841000e-15 1 
    0.654443 4.574769e-03 3.204400e-15 1 
    0.654718 4.463163e-03 3.123600e-15 1 
    0.654993 4.738909e-03 3.313800e-15 1 
    0.655268 4.170102e-03 2.913600e-15 1 
    0.655543 4.113726e-03 2.871800e-15 1 
    0.655818 4.663114e-03 3.252600e-15 1 
    0.656093 4.951129e-03 3.450600e-15 1 
    0.656368 4.696501e-03 3.270400e-15 1 
    0.656643 4.415859e-03 3.072400e-15 1 
    0.656918 4.370650e-03 3.038400e-15 1 
    0.657193 4.543040e-03 3.155600e-15 1 
    0.657468 4.514135e-03 3.132900e-15 1 
    0.657743 4.521950e-03 3.135700e-15 1 
    0.658018 4.768349e-03 3.303800e-15 1 
    0.658293 4.531682e-03 3.137200e-15 1 
    0.658568 5.018190e-03 3.471100e-15 1 
    0.658843 5.227989e-03 3.613200e-15 1 
    0.659118 6.014484e-03 4.153300e-15 1 
    0.659393 6.926060e-03 4.778800e-15 1 
    0.659668 7.345388e-03 5.063900e-15 1 
    0.659943 9.737317e-03 6.707300e-15 1 
    0.660218 2.158371e-02 1.485500e-14 1 
    0.660493 5.028666e-02 3.458100e-14 1 
    0.660768 8.184336e-02 5.623500e-14 1 
    0.661043 8.441392e-02 5.795300e-14 1 
    0.661318 5.442861e-02 3.733600e-14 1 
    0.661593 2.124622e-02 1.456200e-14 1 
    0.661868 8.711884e-03 5.966100e-15 1 
    0.662143 6.169196e-03 4.221300e-15 1 
    0.662418 6.903896e-03 4.720100e-15 1 
    0.662693 9.070746e-03 6.196400e-15 1 
    0.662968 1.084561e-02 7.402700e-15 1 
    0.663243 9.747844e-03 6.647900e-15 1 
    0.663518 6.976592e-03 4.754000e-15 1 
    0.663793 4.937895e-03 3.362000e-15 1 
    0.664068 4.728550e-03 3.216800e-15 1 
    0.664343 4.514880e-03 3.068900e-15 1 
    0.664618 4.133736e-03 2.807500e-15 1 
    0.664893 4.219827e-03 2.863600e-15 1 
    0.665168 4.539817e-03 3.078200e-15 1 
    0.665443 4.765569e-03 3.228600e-15 1 
    0.665718 4.962882e-03 3.359500e-15 1 
    0.665993 4.580211e-03 3.097900e-15 1 
    0.666268 4.751054e-03 3.210800e-15 1 
    0.666543 4.624655e-03 3.122800e-15 1 
    0.666818 4.393846e-03 2.964500e-15 1 
    0.667093 4.337543e-03 2.924100e-15 1 
    0.667368 4.731867e-03 3.187300e-15 1 
    0.667643 4.478571e-03 3.014200e-15 1 
    0.667918 4.198383e-03 2.823300e-15 1 
    0.668193 4.457973e-03 2.995400e-15 1 
    0.668468 4.741073e-03 3.183000e-15 1 
    0.668743 4.258551e-03 2.856700e-15 1 
    0.669018 4.494948e-03 3.012800e-15 1 
    0.669293 4.379936e-03 2.933300e-15 1 
    0.669568 4.401918e-03 2.945600e-15 1 
    0.669843 4.439335e-03 2.968200e-15 1 
    0.670118 4.229230e-03 2.825400e-15 1 
    0.670393 4.628047e-03 3.089300e-15 1 
    0.670668 4.400500e-03 2.935000e-15 1 
    0.670943 4.268910e-03 2.844900e-15 1 
    0.671218 4.450071e-03 2.963200e-15 1 
    0.671493 4.436133e-03 2.951500e-15 1 
    0.671768 4.694586e-03 3.120900e-15 1 
    0.672043 4.837385e-03 3.213200e-15 1 
    0.672318 5.336448e-03 3.541800e-15 1 
    0.672593 5.089592e-03 3.375200e-15 1 
    0.672868 4.842629e-03 3.208800e-15 1 
    0.673143 4.938873e-03 3.269900e-15 1 
    0.673418 4.941096e-03 3.268700e-15 1 
    0.673693 4.898838e-03 3.238100e-15 1 
    0.673968 4.549142e-03 3.004500e-15 1 
    0.674243 4.638169e-03 3.060800e-15 1 
    0.674518 4.745991e-03 3.129400e-15 1 
    0.674793 4.823021e-03 3.177600e-15 1 
    0.675068 4.794445e-03 3.156200e-15 1 
    0.675343 5.026396e-03 3.306200e-15 1 
    0.675618 6.429691e-03 4.225800e-15 1 
    0.675893 9.293168e-03 6.102800e-15 1 
    0.676168 1.341739e-02 8.804000e-15 1 
    0.676443 1.443726e-02 9.465500e-15 1 
    0.676718 1.144212e-02 7.495700e-15 1 
    0.676993 8.001037e-03 5.237200e-15 1 
    0.677268 7.640738e-03 4.997300e-15 1 
    0.677543 1.002980e-02 6.554500e-15 1 
    0.677818 1.176680e-02 7.683400e-15 1 
    0.678093 1.052000e-02 6.863700e-15 1 
    0.678368 7.437634e-03 4.848700e-15 1 
    0.678643 5.342300e-03 3.479900e-15 1 
    0.678918 4.880630e-03 3.176600e-15 1 
    0.679193 4.598116e-03 2.990300e-15 1 
    0.679468 4.485190e-03 2.914500e-15 1 
    0.679743 4.377621e-03 2.842300e-15 1 
    0.680018 4.617925e-03 2.995900e-15 1 
    0.680293 4.739675e-03 3.072400e-15 1 
    0.680568 4.472706e-03 2.897000e-15 1 
    0.680843 4.711185e-03 3.049000e-15 1 
    0.681118 4.612465e-03 2.982700e-15 1 
    0.681393 4.876660e-03 3.151000e-15 1 
    0.681668 4.559355e-03 2.943600e-15 1 
    0.681943 4.326946e-03 2.791300e-15 1 
    0.682218 4.580677e-03 2.952600e-15 1 
    0.682493 4.233782e-03 2.726800e-15 1 
    0.682768 4.897760e-03 3.151900e-15 1 
    0.683912 4.591605e-03 2.945000e-15 0 
    0.685488 4.655238e-03 2.972100e-15 0 
    0.687068 4.687108e-03 2.978700e-15 0 
    0.688652 4.697521e-03 2.971600e-15 0 
    0.690240 4.686336e-03 2.950900e-15 0 
    0.691831 4.568844e-03 2.863700e-15 0 
    0.693426 4.642667e-03 2.896600e-15 0 
    0.695024 4.652979e-03 2.889700e-15 0 
    0.696626 4.663453e-03 2.882900e-15 0 
    0.698233 4.673781e-03 2.876000e-15 0 
    0.699842 4.760324e-03 2.915800e-15 0 
    0.701455 4.727184e-03 2.882200e-15 0 
    0.703072 4.608619e-03 2.797000e-15 0 
    0.704693 4.759175e-03 2.875100e-15 0 
    0.706318 4.736914e-03 2.848500e-15 0 
    0.707946 4.650185e-03 2.783500e-15 0 
    0.709578 4.891343e-03 2.914400e-15 0 
    0.711214 4.735874e-03 2.808800e-15 0 
    0.712853 4.757219e-03 2.808500e-15 0 
    0.714496 4.595392e-03 2.700500e-15 0 
    0.716143 4.648229e-03 2.719000e-15 0 
    0.717794 4.647874e-03 2.706300e-15 0 
    0.719449 4.626198e-03 2.681300e-15 0 
    0.721108 4.657784e-03 2.687200e-15 0 
    0.722770 4.604229e-03 2.644100e-15 0 
    0.724436 4.386516e-03 2.507500e-15 0 
    0.726106 4.467746e-03 2.542200e-15 0 
    0.727780 4.677813e-03 2.649500e-15 0 
    0.729457 4.677402e-03 2.637100e-15 0 
    0.731139 4.775085e-03 2.679800e-15 0 
    0.732825 4.719979e-03 2.636700e-15 0 
    0.734514 4.601488e-03 2.558700e-15 0 
    0.736207 4.795803e-03 2.654500e-15 0 
    0.737904 4.862224e-03 2.678900e-15 0 
    0.739605 4.986593e-03 2.734800e-15 0 
    0.741310 4.750778e-03 2.593500e-15 0 
    0.743019 4.997219e-03 2.715500e-15 0 
    0.744732 4.838185e-03 2.617000e-15 0 
    0.746449 4.950599e-03 2.665500e-15 0 
    0.748170 4.915985e-03 2.634700e-15 0 
    0.749894 4.904363e-03 2.616400e-15 0 
    0.751623 5.041311e-03 2.677100e-15 0 
    0.753356 5.006128e-03 2.646200e-15 0 
    0.755092 4.948453e-03 2.603700e-15 0 
    0.756833 4.970917e-03 2.603500e-15 0 
    0.758578 5.133313e-03 2.676200e-15 0 
    0.760326 5.109209e-03 2.651400e-15 0 
    0.762079 5.073751e-03 2.620900e-15 0 
    0.763836 5.096590e-03 2.620600e-15 0 
    0.765597 5.037863e-03 2.578500e-15 0 
    0.767361 5.060712e-03 2.578300e-15 0 
    0.769130 5.002437e-03 2.536900e-15 0 
    0.770904 5.024945e-03 2.536600e-15 0 
    0.772681 4.540458e-03 2.281500e-15 0 
    0.774462 4.943881e-03 2.472800e-15 0 
    0.776247 4.720852e-03 2.350400e-15 0 
    0.778037 4.965819e-03 2.461000e-15 0 
    0.779830 4.988327e-03 2.460800e-15 0 
    0.781628 4.942116e-03 2.426800e-15 0 
    0.783430 4.697534e-03 2.296100e-15 0 
    0.785236 4.941191e-03 2.404100e-15 0 
    0.787046 4.929515e-03 2.387400e-15 0 
    0.788860 5.043742e-03 2.431500e-15 0 
    0.790679 5.101831e-03 2.448200e-15 0 
    0.792501 5.101295e-03 2.436700e-15 0 
    0.794328 5.042398e-03 2.397500e-15 0 
    0.796159 4.984324e-03 2.359000e-15 0 
    0.797995 4.847928e-03 2.283900e-15 0 
    0.799834 4.881173e-03 2.289000e-15 0 
    0.801678 4.960048e-03 2.315300e-15 0 
    0.803526 5.040190e-03 2.341900e-15 0 
    0.805378 5.086369e-03 2.352500e-15 0 
    0.807235 5.050988e-03 2.325400e-15 0 
    0.809096 4.924174e-03 2.256600e-15 0 
    0.810961 5.003679e-03 2.282500e-15 0 
    0.812831 5.143505e-03 2.335500e-15 0 
    0.814704 5.014354e-03 2.266400e-15 0 
    0.816582 5.130629e-03 2.308300e-15 0 
    0.818465 5.153872e-03 2.308100e-15 0 
    0.820352 5.059219e-03 2.255300e-15 0 
    0.822243 5.093839e-03 2.260300e-15 0 
    0.824138 4.864228e-03 2.148500e-15 0 
    0.826038 4.874855e-03 2.143300e-15 0 
    0.827942 5.163324e-03 2.259700e-15 0 
    0.829851 5.033821e-03 2.192900e-15 0 
    0.831764 5.186198e-03 2.248900e-15 0 
    0.833681 5.114681e-03 2.207700e-15 0 
    0.835603 5.161334e-03 2.217600e-15 0 
    0.837529 5.101915e-03 2.182000e-15 0 
    0.839460 5.148487e-03 2.191800e-15 0 
    0.841395 5.159980e-03 2.186600e-15 0 
    0.843335 5.328414e-03 2.247600e-15 0 
    0.845279 4.972420e-03 2.087800e-15 0 
    0.847227 5.290856e-03 2.211300e-15 0 
    0.849180 5.110723e-03 2.126200e-15 0 
    0.851138 5.028551e-03 2.082400e-15 0 
    0.853100 5.039631e-03 2.077400e-15 0 
    0.855067 5.337806e-03 2.190200e-15 0 
    0.857038 5.027015e-03 2.053200e-15 0 
    0.859014 5.324476e-03 2.164700e-15 0 
    0.860994 3.657874e-03 1.480300e-15 0 
    0.862979 5.323350e-03 2.144400e-15 0 
    0.864968 5.213744e-03 2.090600e-15 0 
    0.866962 5.082726e-03 2.028700e-15 0 
    0.868960 5.273055e-03 2.095000e-15 0 
    0.870964 5.321426e-03 2.104500e-15 0 
    0.872971 3.427574e-03 1.349300e-15 0 
    0.874984 5.092496e-03 1.995500e-15 0 
    0.877001 5.283159e-03 2.060700e-15 0 
    0.879023 5.518749e-03 2.142700e-15 0 
    0.881049 5.149884e-03 1.990300e-15 0 
    0.883080 5.281530e-03 2.031800e-15 0 
    0.885116 5.517178e-03 2.112700e-15 0 
    0.887156 5.415923e-03 2.064400e-15 0 
    0.889201 5.279887e-03 2.003300e-15 0 
    0.891251 5.402492e-03 2.040400e-15 0 
    0.893305 4.737423e-03 1.781000e-15 0 
    0.895365 5.266227e-03 1.970700e-15 0 
    0.897429 5.400870e-03 2.011800e-15 0 
    0.899498 5.362963e-03 1.988500e-15 0 
    0.901571 5.252509e-03 1.938600e-15 0 
    0.903650 5.191837e-03 1.907400e-15 0 
    0.905733 4.723588e-03 1.727400e-15 0 
    0.907820 4.889057e-03 1.779700e-15 0 
    0.909913 5.335808e-03 1.933400e-15 0 
    0.912011 5.796287e-03 2.090600e-15 0 
    0.914113 5.189092e-03 1.863000e-15 0 
    0.916220 5.433259e-03 1.941700e-15 0 
    0.918333 5.715004e-03 2.033000e-15 0 
    0.920450 5.370015e-03 1.901500e-15 0 
    0.922571 4.885528e-03 1.722000e-15 0 
    0.924698 4.896396e-03 1.717900e-15 0 
    0.926830 5.368264e-03 1.874800e-15 0 
    0.928966 5.114294e-03 1.777900e-15 0 
    0.931108 5.208708e-03 1.802400e-15 0 
    0.933254 5.416229e-03 1.865600e-15 0 
    0.935406 5.554692e-03 1.904500e-15 0 
    0.937562 5.579742e-03 1.904300e-15 0 
    0.939723 5.604905e-03 1.904100e-15 0 
    0.941890 5.617181e-03 1.899500e-15 0 
    0.944061 5.564973e-03 1.873200e-15 0 
    0.946237 5.628858e-03 1.886000e-15 0 
    0.948418 5.525608e-03 1.842900e-15 0 
    0.950605 5.601726e-03 1.859700e-15 0 
    0.952796 5.692336e-03 1.881100e-15 0 
    0.954993 5.691560e-03 1.872200e-15 0 
    0.957194 5.587112e-03 1.829400e-15 0 
    0.959401 5.522701e-03 1.800000e-15 0 
    0.961612 5.201116e-03 1.687400e-15 0 
    0.963829 5.546858e-03 1.791300e-15 0 
    0.966051 5.728005e-03 1.841300e-15 0 
    0.968278 5.701004e-03 1.824200e-15 0 
    0.970510 5.726689e-03 1.824000e-15 0 
    0.972747 5.699814e-03 1.807100e-15 0 
    0.974990 5.765106e-03 1.819400e-15 0 
    0.977237 5.724860e-03 1.798400e-15 0 
    0.979490 5.697881e-03 1.781700e-15 0 
    0.981748 5.684022e-03 1.769200e-15 0 
    0.984011 5.722844e-03 1.773100e-15 0 
    0.986279 5.682784e-03 1.752600e-15 0 
    0.988553 5.774494e-03 1.772700e-15 0 
    0.990832 5.760571e-03 1.760300e-15 0 
    0.993116 5.746721e-03 1.748000e-15 0 
    0.995405 5.746160e-03 1.739800e-15 0 
    0.997700 5.745479e-03 1.731600e-15 0 
    1.000000 5.784667e-03 1.735400e-15 0 
    1.002305 5.810695e-03 1.735200e-15 0 
    1.004615 5.823380e-03 1.731000e-15 0 
    1.009253 5.702755e-03 1.679600e-15 0 
    1.013912 5.623256e-03 1.641000e-15 0 
    1.018591 5.859610e-03 1.694300e-15 0 
    1.023294 5.858347e-03 1.678400e-15 0 
    1.030386 5.924260e-03 1.674000e-15 0 
    1.035142 5.963718e-03 1.669700e-15 0 
    1.037528 5.963254e-03 1.661900e-15 0 
    1.056818 5.916402e-03 1.589200e-15 0 
    1.076465 5.831352e-03 1.509700e-15 0 
    1.096478 5.685507e-03 1.418700e-15 0 
    1.116863 5.685572e-03 1.367400e-15 0 
    1.137628 5.725098e-03 1.327100e-15 0 
    1.158778 5.845063e-03 1.305900e-15 0 
    1.177606 5.831308e-03 1.261500e-15 0 
    1.196741 5.777928e-03 1.210300e-15 0 
    1.218990 5.844684e-03 1.180000e-15 0 
    1.238796 5.885250e-03 1.150500e-15 0 
    1.258925 5.872026e-03 1.111500e-15 0 
    1.279381 5.871803e-03 1.076200e-15 0 
    1.300169 5.885547e-03 1.044500e-15 0 
    1.318256 5.912571e-03 1.020700e-15 0 
    1.339676 5.885404e-03 9.837800e-16 0 
    1.358313 5.885411e-03 9.569700e-16 0 
    1.380384 5.926171e-03 9.330300e-16 0 
    1.399587 5.858379e-03 8.972200e-16 0 
    1.419057 5.738237e-03 8.548700e-16 0 
    1.438799 5.764726e-03 8.354100e-16 0 
    1.458814 5.885437e-03 8.296600e-16 0 
    1.479109 5.844902e-03 8.014900e-16 0 
    1.499685 6.022519e-03 8.033400e-16 0 
    1.520548 6.148632e-03 7.978100e-16 0 
    1.541701 6.350050e-03 8.014900e-16 0 
    1.559552 6.423527e-03 7.923100e-16 0 
    1.581248 6.408802e-03 7.689500e-16 0 
    1.599558 6.277320e-03 7.360300e-16 0 
    1.621810 6.453186e-03 7.360300e-16 0 
    1.640590 6.558106e-03 7.309700e-16 0 
    1.659586 6.558086e-03 7.143300e-16 0 
    1.682673 6.695385e-03 7.094100e-16 0 
    1.702158 6.695371e-03 6.932600e-16 0 
    1.721869 6.726316e-03 6.806100e-16 0 
    1.741808 6.573237e-03 6.499800e-16 0 
    1.761975 6.542955e-03 6.322600e-16 0 
    1.782379 6.423534e-03 6.065900e-16 0 
    1.803018 6.306370e-03 5.819700e-16 0 
    1.823896 6.120384e-03 5.519500e-16 0 
    1.840771 6.064288e-03 5.369100e-16 0 
    1.862087 5.994848e-03 5.186800e-16 0 
    1.883649 5.817993e-03 4.919200e-16 0 
    1.901077 5.791344e-03 4.807300e-16 0 
    1.923091 5.818009e-03 4.719500e-16 0 
    1.940886 5.725019e-03 4.559300e-16 0 
    1.963361 5.607557e-03 4.364100e-16 0 
    1.981527 5.543361e-03 4.235400e-16 0 
    2.004472 5.492615e-03 4.101100e-16 0 
    2.023020 5.492555e-03 4.026200e-16 0 
    2.041738 5.392345e-03 3.880600e-16 0 
    2.065380 5.429646e-03 3.818500e-16 0 
    2.084490 5.379956e-03 3.714500e-16 0 
    2.103778 5.355169e-03 3.629900e-16 0 
    2.123245 5.342931e-03 3.555500e-16 0 
    2.142890 5.318276e-03 3.474500e-16 0 
    2.162719 5.293984e-03 3.395500e-16 0 
    2.182731 5.185321e-03 3.265100e-16 0 
    2.202926 5.197276e-03 3.212900e-16 0 
    2.223311 5.137871e-03 3.118200e-16 0 
    2.243881 5.090723e-03 3.033200e-16 0 
    2.264644 5.055615e-03 2.957300e-16 0 
    2.285600 5.009262e-03 2.876700e-16 0 
    2.306747 4.600253e-03 2.593600e-16 0 
    2.328092 4.642783e-03 2.569800e-16 0 
    2.344228 4.156907e-03 2.269300e-16 0 
    2.365920 3.969802e-03 2.127600e-16 0 
    2.387810 4.090544e-03 2.152300e-16 0 
    2.404363 3.817554e-03 1.981100e-16 0 
    2.426611 3.756433e-03 1.913800e-16 0 
    2.449063 3.782482e-03 1.891900e-16 0 
    2.466040 3.570971e-03 1.761600e-16 0 
    2.488857 3.579130e-03 1.733400e-16 0 
    2.506110 3.153483e-03 1.506300e-16 0 
    2.529297 3.182465e-03 1.492400e-16 0 
    2.546831 3.226742e-03 1.492400e-16 0 
    2.564484 3.241815e-03 1.478800e-16 0 
    2.588213 3.324861e-03 1.489000e-16 0 
    2.606153 3.294362e-03 1.455100e-16 0 
    2.630268 3.332550e-03 1.445100e-16 0 
    2.648499 3.286783e-03 1.405700e-16 0 
    2.666859 3.301928e-03 1.392800e-16 0 
    2.685344 3.264212e-03 1.358000e-16 0 
    2.710192 3.279360e-03 1.339400e-16 0 
    2.728977 3.279301e-03 1.321000e-16 0 
    2.747895 3.249164e-03 1.290900e-16 0 
    2.766941 3.234389e-03 1.267400e-16 0 
    2.786122 3.204609e-03 1.238500e-16 0 
    2.811900 3.226758e-03 1.224300e-16 0 
    2.831393 3.197361e-03 1.196500e-16 0 
    2.851018 3.189817e-03 1.177300e-16 0 
    2.870782 3.167990e-03 1.153200e-16 0 
    2.890680 3.131562e-03 1.124300e-16 0 
    2.910719 3.138982e-03 1.111500e-16 0 
    2.930893 3.124518e-03 1.091200e-16 0 
    2.951208 3.102950e-03 1.068800e-16 0 
    2.971666 3.081655e-03 1.046900e-16 0 
    2.992263 3.074381e-03 1.030100e-16 0 
    3.013007 3.053305e-03 1.009000e-16 0 
    3.026913 3.025359e-03 9.906000e-17 0 
    3.047896 2.997622e-03 9.680500e-17 0 
    3.069022 3.004534e-03 9.569700e-17 0 
    3.090294 3.004531e-03 9.438400e-17 0 
    3.111717 2.990721e-03 9.266100e-17 0 
    3.133284 2.990728e-03 9.139000e-17 0 
    3.147749 2.970152e-03 8.992900e-17 0 
    3.169567 2.963314e-03 8.849100e-17 0 
    3.191539 2.956498e-03 8.707600e-17 0 
    3.213660 2.963301e-03 8.607900e-17 0 
    3.228493 2.956497e-03 8.509400e-17 0 
    3.250874 2.983856e-03 8.470300e-17 0 
    3.273406 3.046328e-03 8.529000e-17 0 
    3.288518 3.204616e-03 8.889900e-17 0 
    3.311311 3.687821e-03 1.009000e-16 0 
    3.334262 3.696392e-03 9.974700e-17 0 
    3.349655 3.175239e-03 8.489800e-17 0 
    3.372872 2.983843e-03 7.868600e-17 0 
    3.396254 2.902513e-03 7.549100e-17 0 
    3.411929 2.842990e-03 7.326500e-17 0 
    3.435578 2.810459e-03 7.143300e-17 0 
    3.451438 2.778295e-03 6.996800e-17 0 
    3.475361 2.765530e-03 6.869100e-17 0 
    3.491405 2.733872e-03 6.728200e-17 0 
    3.515604 2.721308e-03 6.605400e-17 0 
    3.531830 2.696342e-03 6.484800e-17 0 
    3.556314 2.677785e-03 6.351800e-17 0 
    3.572728 2.659375e-03 6.250300e-17 0 
    3.597495 2.641068e-03 6.122100e-17 0 
    3.614099 2.622879e-03 6.024200e-17 0 
    3.630780 2.598810e-03 5.914200e-17 0 
    3.655950 2.586894e-03 5.806300e-17 0 
    3.672823 2.563165e-03 5.700300e-17 0 
    3.698280 2.551405e-03 5.596300e-17 0 
    3.715354 2.522194e-03 5.481500e-17 0 
    3.732502 2.499045e-03 5.381400e-17 0 
    3.758372 2.487570e-03 5.283200e-17 0 
    3.775723 2.453425e-03 5.162900e-17 0 
    3.793150 2.453439e-03 5.115600e-17 0 
    3.819441 2.442150e-03 5.022200e-17 0 
    3.837073 2.419795e-03 4.930600e-17 0 
    3.854783 2.403104e-03 4.851700e-17 0 
    3.872575 2.386597e-03 4.774200e-17 0 
    3.899421 2.375603e-03 4.687000e-17 0 
    3.917418 2.353846e-03 4.601500e-17 0 
    3.935499 2.337627e-03 4.527900e-17 0 
    3.953667 2.321536e-03 4.455500e-17 0 
    3.981071 2.305544e-03 4.364100e-17 0 
    3.999450 2.289717e-03 4.294400e-17 0 
    4.017909 2.263493e-03 4.206300e-17 0 
    4.036454 2.253099e-03 4.148600e-17 0 
    4.055084 2.237550e-03 4.082200e-17 0 
    4.073804 2.211954e-03 3.998500e-17 0 
    4.102040 2.217034e-03 3.952700e-17 0 
    4.120973 2.201770e-03 3.889500e-17 0 
    4.139998 2.191696e-03 3.836200e-17 0 
    4.159106 2.176570e-03 3.774800e-17 0 
    4.178302 2.161617e-03 3.714500e-17 0 
    4.197591 2.141800e-03 3.646700e-17 0 
    4.216965 2.136840e-03 3.604900e-17 0 
    4.236428 2.122151e-03 3.547300e-17 0 
    4.255986 2.117277e-03 3.506700e-17 0 
    4.275629 2.102681e-03 3.450600e-17 0 
    4.295363 2.093046e-03 3.403300e-17 0 
    4.315193 2.036008e-03 3.280200e-17 0 
    4.335110 1.989634e-03 3.176100e-17 0 
    4.355118 2.003426e-03 3.168800e-17 0 
    4.375219 1.953305e-03 3.061200e-17 0 
    4.395418 1.931004e-03 2.998500e-17 0 
    4.415704 1.922091e-03 2.957300e-17 0 
    4.436085 1.878346e-03 2.863500e-17 0 
    4.456564 1.878384e-03 2.837300e-17 0 
    4.477133 1.869705e-03 2.798300e-17 0 
    4.497797 1.835619e-03 2.722100e-17 0 
    4.518562 1.852607e-03 2.722100e-17 0 
    4.539417 1.835610e-03 2.672400e-17 0 
    4.560368 1.814604e-03 2.617600e-17 0 
    4.581416 1.822927e-03 2.605500e-17 0 
    4.602567 1.818755e-03 2.575700e-17 0 
    4.623810 1.793821e-03 2.517100e-17 0 
    4.645151 1.810418e-03 2.517100e-17 0 
    4.655863 1.789658e-03 2.476800e-17 0 
    4.677352 1.785578e-03 2.448500e-17 0 
    4.698940 1.789660e-03 2.431600e-17 0 
    4.720628 1.789655e-03 2.409300e-17 0 
    4.742421 1.781477e-03 2.376300e-17 0 
    4.764310 1.793799e-03 2.370800e-17 0 
    4.786299 1.785577e-03 2.338300e-17 0 
    4.797337 1.777329e-03 2.316800e-17 0 
    4.819479 1.777359e-03 2.295600e-17 0 
    4.841723 1.769189e-03 2.264100e-17 0 
    4.864070 1.785558e-03 2.264100e-17 0 
    4.886525 1.781467e-03 2.238200e-17 0 
    4.897789 1.765142e-03 2.207500e-17 0 
    4.920395 1.769207e-03 2.192300e-17 0 
    4.943104 1.769205e-03 2.172200e-17 0 
    4.965924 1.773247e-03 2.157200e-17 0 
    4.988845 1.769163e-03 2.132500e-17 0 
    5.000344 1.773411e-03 2.127800e-17 0 
    5.023429 1.777121e-03 2.112700e-17 0 
    5.046614 1.793139e-03 2.112200e-17 0 
    5.058246 1.788878e-03 2.097500e-17 0 
    5.081593 1.792604e-03 2.082600e-17 0 
    5.105052 1.808846e-03 2.082200e-17 0 
    5.116820 1.817020e-03 2.082000e-17 0 
    5.128614 1.825231e-03 2.081800e-17 0 
    5.140436 1.825023e-03 2.072000e-17 0 
    5.152285 1.829022e-03 2.067000e-17 0 
    5.164162 1.833020e-03 2.062000e-17 0 
    5.176071 1.837108e-03 2.057100e-17 0 
    5.188002 1.845407e-03 2.056900e-17 0 
    5.199961 1.857981e-03 2.061400e-17 0 
    5.211947 1.866375e-03 2.061200e-17 0 
    5.223961 1.870532e-03 2.056300e-17 0 
    5.236003 1.874596e-03 2.051300e-17 0 
    5.248072 1.883064e-03 2.051100e-17 0 
    5.260175 1.887240e-03 2.046200e-17 0 
    5.272300 1.895765e-03 2.046000e-17 0 
    5.284453 1.904329e-03 2.045800e-17 0 
    5.296634 1.917326e-03 2.050300e-17 0 
    5.308843 1.930403e-03 2.054800e-17 0 
    5.321080 1.934688e-03 2.049900e-17 0 
    5.333352 1.934520e-03 2.040300e-17 0 
    5.345646 1.943259e-03 2.040100e-17 0 
    5.357968 1.952036e-03 2.039900e-17 0 
    5.370318 1.965371e-03 2.044400e-17 0 
    5.382697 1.974249e-03 2.044200e-17 0 
    5.395105 1.983168e-03 2.044000e-17 0 
    5.407541 1.996707e-03 2.048500e-17 0 
    5.420011 2.005731e-03 2.048300e-17 0 
    5.432505 2.019415e-03 2.052800e-17 0 
    5.445027 2.028538e-03 2.052600e-17 0 
    5.457579 2.037703e-03 2.052400e-17 0 
    5.470159 2.046908e-03 2.052200e-17 0 
    5.482768 2.060965e-03 2.056800e-17 0 
    5.495406 2.075007e-03 2.061300e-17 0 
    5.508079 2.089139e-03 2.065800e-17 0 
    5.520776 2.098680e-03 2.065700e-17 0 
    5.533502 2.112960e-03 2.070200e-17 0 
    5.546257 2.127428e-03 2.074800e-17 0 
    5.559041 2.146930e-03 2.084200e-17 0 
    5.571855 2.171534e-03 2.098400e-17 0 
    5.584705 2.176364e-03 2.093400e-17 0 
    5.597578 2.191213e-03 2.098000e-17 0 
    5.610481 2.216436e-03 2.112400e-17 0 
    5.623413 2.231514e-03 2.117000e-17 0 
    5.636376 2.246791e-03 2.121700e-17 0 
    5.649368 2.272586e-03 2.136200e-17 0 
    5.662390 2.293442e-03 2.145900e-17 0 
    5.675448 2.309078e-03 2.150600e-17 0 
    5.688531 2.335592e-03 2.165300e-17 0 
    5.701643 2.362410e-03 2.180100e-17 0 
    5.714786 2.384091e-03 2.190000e-17 0 
    5.727959 2.405922e-03 2.199900e-17 0 
    5.741162 2.439220e-03 2.220100e-17 0 
    5.754402 2.472889e-03 2.240400e-17 0 
    5.767667 2.501269e-03 2.255700e-17 0 
    5.780962 2.535874e-03 2.276400e-17 0 
    5.794287 2.570855e-03 2.297200e-17 0 
    5.807643 2.606443e-03 2.318300e-17 0 
    5.821030 2.648517e-03 2.344900e-17 0 
    5.834448 2.691378e-03 2.371900e-17 0 
    5.847904 2.734812e-03 2.399100e-17 0 
    5.861383 2.779041e-03 2.426700e-17 0 
    5.874894 2.830409e-03 2.460200e-17 0 
    5.888436 2.889473e-03 2.500000e-17 0 
    5.902009 2.949602e-03 2.540300e-17 0 
    5.915614 3.018041e-03 2.587300e-17 0 
    5.929250 3.080955e-03 2.629100e-17 0 
    5.955481 3.709691e-03 3.137800e-17 3 
    5.986466 5.441488e-03 4.555100e-17 3 
    6.017451 2.143615e-03 1.776000e-17 3 
    6.048437 3.547145e-03 2.908800e-17 3 
    6.079422 4.878144e-03 3.959600e-17 3 
    6.110407 5.230800e-03 4.202900e-17 3 
    6.141393 4.966033e-03 3.950000e-17 3 
    6.172378 4.991633e-03 3.930600e-17 3 
    6.203363 1.286700e-02 1.003100e-16 3 
    6.234349 1.376802e-02 1.062700e-16 3 
    6.265334 1.416430e-02 1.082500e-16 3 
    6.296319 1.204611e-02 9.115800e-17 3 
    6.327305 7.539085e-03 5.649400e-17 3 
    6.358290 4.480483e-03 3.324800e-17 3 
    6.389276 4.466156e-03 3.282100e-17 3 
    6.420261 9.747097e-03 7.094000e-17 3 
    6.451246 6.675342e-03 4.811800e-17 3 
    6.482232 8.952918e-03 6.392000e-17 3 
    6.513217 1.166379e-03 8.248400e-18 3 
    6.544202 1.943327e-03 1.361300e-17 3 
    6.575188 4.976274e-03 3.453100e-17 3 
    6.606173 1.057623e-02 7.270300e-17 3 
    6.637158 7.660766e-03 5.217100e-17 3 
    6.668145 9.103148e-03 6.141900e-17 3 
    6.699129 4.897572e-03 3.273900e-17 3 
    6.730114 6.203073e-03 4.108500e-17 3 
    6.761100 9.503775e-03 6.237100e-17 3 
    6.792085 6.091632e-03 3.961400e-17 3 
    6.823071 3.869283e-03 2.493400e-17 3 
    6.854056 2.443174e-03 1.560200e-17 3 
    6.885041 1.835001e-03 1.161300e-17 3 
    6.916027 5.891238e-03 3.695000e-17 3 
    6.947012 5.448664e-03 3.387000e-17 3 
    6.977998 2.228491e-03 1.373000e-17 3 
    7.008983 5.757385e-03 3.515900e-17 3 
    7.039968 4.925222e-03 2.981300e-17 3 
    7.070954 9.555026e-03 5.733200e-17 3 
    7.101939 5.621264e-03 3.343500e-17 3 
    7.132924 2.890923e-03 1.704600e-17 3 
    7.163910 4.509117e-03 2.635800e-17 3 
    7.194895 9.740043e-03 5.644600e-17 3 
    7.225881 8.001175e-03 4.597200e-17 3 
    7.256866 3.538015e-03 2.015500e-17 3 
    7.287851 2.531001e-03 1.429600e-17 3 
    7.318838 7.171156e-03 4.016300e-17 3 
    7.349822 1.470205e-02 8.164800e-17 3 
    7.380807 1.326771e-02 7.306500e-17 3 
    7.411793 1.495340e-02 8.166100e-17 3 
    7.442778 6.794929e-03 3.679900e-17 3 
    7.473763 8.181022e-03 4.393900e-17 3 
    7.504748 1.385765e-02 7.381400e-17 3 
    7.533706 1.196035e-02 6.321900e-17 3 
    7.535734 1.614633e-02 8.529900e-17 3 
    7.566720 1.611583e-02 8.444200e-17 3 
    7.595799 1.732308e-02 9.007400e-17 3 
    7.597705 1.932637e-02 1.004400e-16 3 
    7.657894 1.978431e-02 1.012100e-16 3 
    7.719988 1.566400e-02 7.884800e-17 3 
    7.782082 1.555968e-02 7.707800e-17 3 
    7.844176 1.400899e-02 6.830200e-17 3 
    7.906271 1.769613e-02 8.492900e-17 3 
    7.968365 1.520596e-02 7.184500e-17 3 
    8.030459 1.242947e-02 5.782200e-17 3 
    8.092554 1.321162e-02 6.052100e-17 3 
    8.154648 7.536028e-03 3.399800e-17 3 
    8.216741 8.784129e-03 3.903200e-17 3 
    8.278836 1.312250e-02 5.743800e-17 3 
    8.340930 8.517359e-03 3.672800e-17 3 
    8.403025 1.275467e-02 5.419000e-17 3 
    8.465119 1.000373e-02 4.188100e-17 3 
    8.527213 1.009262e-02 4.164000e-17 3 
    8.589307 1.235604e-02 5.024400e-17 3 
    8.651402 8.020579e-03 3.214800e-17 3 
    8.713495 1.458342e-02 5.762300e-17 3 
    8.775590 1.005892e-02 3.918500e-17 3 
    8.837684 5.366832e-03 2.061400e-17 3 
    8.899778 6.792711e-03 2.572800e-17 3 
    8.961872 5.261445e-03 1.965300e-17 3 
    9.023966 8.437708e-03 3.108500e-17 3 
    9.086060 8.121632e-03 2.951300e-17 3 
    9.148155 8.377243e-03 3.003000e-17 3 
    9.210249 7.094506e-03 2.509000e-17 3 
    9.272344 6.313531e-03 2.203000e-17 3 
    9.334438 7.839533e-03 2.699200e-17 3 
    9.396532 3.403176e-03 1.156300e-17 3 
    9.458626 2.846974e-03 9.546600e-18 3 
    9.520720 4.292301e-03 1.420600e-17 3 
    9.582815 3.816163e-03 1.246700e-17 3 
    9.644909 4.606253e-03 1.485500e-17 3 
    9.707002 4.170752e-03 1.327900e-17 3 
    9.769098 4.792441e-03 1.506500e-17 3 
    9.831192 5.826847e-03 1.808600e-17 3 
    9.893286 6.276533e-03 1.923800e-17 3 
    9.955380 6.082356e-03 1.841100e-17 3 
   10.017470 6.896032e-03 2.061600e-17 3 
   10.079570 5.099868e-03 1.505900e-17 3 
   10.141659 4.510115e-03 1.315500e-17 3 
   10.203760 7.467598e-03 2.151700e-17 3 
   10.265850 5.523368e-03 1.572300e-17 3 
   10.327949 5.391282e-03 1.516300e-17 3 
   10.390041 5.914742e-03 1.643700e-17 3 
   10.452130 4.920121e-03 1.351100e-17 3 
   10.514230 1.015909e-02 2.756900e-17 3 
   10.576320 1.728401e-02 4.635500e-17 3 
   10.638420 1.450765e-02 3.845600e-17 3 
   10.700510 6.728456e-03 1.762900e-17 3 
   10.762600 6.827616e-03 1.768300e-17 3 
   10.824700 8.677916e-03 2.221800e-17 3 
   10.886791 6.541240e-03 1.655700e-17 3 
   10.948890 7.179105e-03 1.796600e-17 3 
   11.010980 8.275148e-03 2.047600e-17 3 
   11.073080 9.616136e-03 2.352800e-17 3 
   11.135170 1.047485e-02 2.534400e-17 3 
   11.197260 1.348155e-02 3.225800e-17 3 
   11.259360 2.554395e-02 6.044800e-17 3 
   11.321450 2.915644e-02 6.824200e-17 3 
   11.383550 2.452055e-02 5.676700e-17 3 
   11.445640 2.211019e-02 5.063300e-17 3 
   11.507740 1.712869e-02 3.880300e-17 3 
   11.569830 1.578132e-02 3.536800e-17 3 
   11.631920 1.291724e-02 2.864100e-17 3 
   11.694020 1.305098e-02 2.863100e-17 3 
   11.756110 1.027148e-02 2.229600e-17 3 
   11.818209 1.130396e-02 2.428000e-17 3 
   11.880299 1.181213e-02 2.510700e-17 3 
   11.942400 1.206573e-02 2.538000e-17 3 
   12.004490 1.220161e-02 2.540100e-17 3 
   12.066580 1.358033e-02 2.798100e-17 3 
   12.128680 1.076415e-02 2.195200e-17 3 
   12.190770 1.038323e-02 2.096000e-17 3 
   12.252870 1.262667e-02 2.523100e-17 3 
   12.314959 1.052306e-02 2.081600e-17 3 
   12.377051 1.325973e-02 2.596700e-17 3 
   12.439150 1.437568e-02 2.787200e-17 3 
   12.501240 1.481648e-02 2.844200e-17 3 
   12.563340 1.388602e-02 2.639300e-17 3 
   12.625430 1.430416e-02 2.692100e-17 3 
   12.687530 1.623309e-02 3.025300e-17 3 
   12.749620 1.854782e-02 3.423100e-17 3 
   12.811710 1.961581e-02 3.585200e-17 3 
   12.873810 3.200066e-02 5.792500e-17 3 
   12.935900 3.294206e-02 5.905800e-17 3 
   12.998000 1.770631e-02 3.144100e-17 3 
   13.060090 1.210563e-02 2.129200e-17 3 
   13.122180 1.169755e-02 2.038000e-17 3 
   13.184280 7.408432e-03 1.278600e-17 3 
   13.246370 1.222006e-02 2.089300e-17 3 
   13.308470 1.185374e-02 2.007800e-17 3 
   13.370559 1.448648e-02 2.431000e-17 3 
   13.432659 1.278512e-02 2.125700e-17 3 
   13.494750 8.363019e-03 1.377700e-17 3 
   13.556841 9.567386e-03 1.561700e-17 3 
   13.618941 1.079406e-02 1.745900e-17 3 
   13.681030 1.102684e-02 1.767400e-17 3 
   13.743130 1.165476e-02 1.851200e-17 3 
   13.805220 1.522322e-02 2.396300e-17 3 
   13.867320 1.318683e-02 2.057200e-17 3 
   13.929409 1.164041e-02 1.799800e-17 3 
   13.991500 1.200544e-02 1.839800e-17 3 
   14.053600 6.220378e-03 9.448500e-18 3 
   14.115691 1.037509e-02 1.562100e-17 3 
   14.177789 1.064145e-02 1.588200e-17 3 
   14.239880 1.371970e-02 2.029800e-17 3 
   14.301980 1.238530e-02 1.816500e-17 3 
   14.364070 1.360173e-02 1.977700e-17 3 
   14.426159 1.352117e-02 1.949100e-17 3 
   14.488261 1.222584e-02 1.747300e-17 3 
   14.541691 8.958887e-03 1.271000e-17 3 
   14.633380 1.298448e-02 1.819100e-17 3 
   14.725080 5.959734e-03 8.245800e-18 3 
   14.816770 1.105879e-02 1.511200e-17 3 
   14.908459 1.084639e-02 1.464000e-17 3 
   15.000150 9.975200e-03 1.330000e-17 3 
   15.091850 1.177767e-02 1.551300e-17 3 
   15.183541 1.352501e-02 1.760000e-17 3 
   15.275230 1.820383e-02 2.340500e-17 3 
   15.366930 1.399459e-02 1.777900e-17 3 
   15.458620 1.733640e-02 2.176400e-17 3 
   15.550309 2.789625e-02 3.460900e-17 3 
   15.642000 6.003358e-02 7.360900e-17 3 
   15.733700 3.692693e-02 4.475100e-17 3 
   15.825391 1.196617e-02 1.433400e-17 3 
   15.917080 1.415317e-02 1.675900e-17 3 
   16.008780 1.079627e-02 1.263800e-17 3 
   16.100470 1.431009e-02 1.656100e-17 3 
   16.192159 1.513250e-02 1.731500e-17 3 
   16.283859 1.613965e-02 1.826000e-17 3 
   16.375550 1.925290e-02 2.153900e-17 3 
   16.467239 2.222961e-02 2.459300e-17 3 
   16.558930 2.569054e-02 2.810800e-17 3 
   16.650631 1.916215e-02 2.073500e-17 3 
   16.742319 1.705097e-02 1.824900e-17 3 
   16.834009 2.495101e-02 2.641400e-17 3 
   16.925700 1.988549e-02 2.082400e-17 3 
   17.017400 2.206594e-02 2.285900e-17 3 
   17.109091 2.118617e-02 2.171300e-17 3 
   17.200781 1.848182e-02 1.874000e-17 3 
   17.292481 1.617652e-02 1.622900e-17 3 
   17.384170 2.564146e-02 2.545400e-17 3 
   17.475861 2.097119e-02 2.060000e-17 3 
   17.567561 2.263619e-02 2.200400e-17 3 
   17.659250 2.328993e-02 2.240500e-17 3 
   17.750941 2.658254e-02 2.530900e-17 3 
   17.842630 2.783204e-02 2.622700e-17 3 
   17.934330 3.743677e-02 3.491800e-17 3 
   18.026020 2.630043e-02 2.428200e-17 3 
   18.117709 2.146874e-02 1.962100e-17 3 
   18.209409 2.037907e-02 1.843800e-17 3 
   18.301100 1.615369e-02 1.446900e-17 3 
   18.392789 1.723950e-02 1.528800e-17 3 
   18.484489 2.127960e-02 1.868400e-17 3 
   18.576180 2.626592e-02 2.283500e-17 3 
   18.667870 3.676331e-02 3.164800e-17 3 
   18.759559 6.463265e-02 5.509700e-17 3 
   18.851259 7.570092e-02 6.390600e-17 3 
   18.942950 4.456137e-02 3.725500e-17 3 
   19.034639 3.493948e-02 2.893000e-17 3 
   19.126341 3.338079e-02 2.737500e-17 3 
   19.218031 3.013386e-02 2.447700e-17 3 
   19.309719 3.512266e-02 2.825900e-17 3 
   19.401409 4.833792e-02 3.852500e-17 3 
   19.493111 3.498489e-02 2.762100e-17 3 
   19.584800 2.923528e-02 2.286600e-17 3 
   19.676491 3.099508e-02 2.401700e-17 3 
   19.768191 5.641320e-02 4.330800e-17 3 
   19.859880 4.018298e-02 3.056400e-17 3 
   19.951570 3.618810e-02 2.727300e-17 3 
   20.043261 4.640946e-02 3.465700e-17 3 
   20.134961 3.644020e-02 2.696500e-17 3 
   20.226650 5.055463e-02 3.707100e-17 3 
   20.318341 3.834274e-02 2.786300e-17 3 
   20.410041 4.086272e-02 2.942800e-17 3 
   20.730739 5.004883e-02 3.493700e-17 3 
   20.906339 4.981053e-02 3.418900e-17 3 
   21.082041 4.472673e-02 3.019000e-17 3 
   21.257830 4.608880e-02 3.059700e-17 3 
   21.433709 5.032463e-02 3.286300e-17 3 
   21.609689 4.907168e-02 3.152500e-17 3 
   21.785761 4.864215e-02 3.074600e-17 3 
   21.961930 5.756565e-02 3.580500e-17 3 
   22.138200 5.895085e-02 3.608500e-17 3 
   22.314559 5.460405e-02 3.289800e-17 3 
   22.491020 5.431268e-02 3.221100e-17 3 
   22.667570 6.527382e-02 3.811100e-17 3 
   22.844219 6.483046e-02 3.726900e-17 3 
   23.020969 6.176919e-02 3.496600e-17 3 
   23.197809 6.082758e-02 3.391000e-17 3 
   23.374750 6.034391e-02 3.313300e-17 3 
   23.551791 6.666227e-02 3.605400e-17 3 
   23.728920 6.732529e-02 3.587100e-17 3 
   23.906161 6.865675e-02 3.604000e-17 3 
   24.083481 6.904874e-02 3.571400e-17 3 
   24.260909 7.266557e-02 3.703700e-17 3 
   24.438441 7.103939e-02 3.568400e-17 3 
   24.616061 6.814720e-02 3.373900e-17 3 
   24.793780 7.167975e-02 3.498100e-17 3 
   24.971600 7.621405e-02 3.666600e-17 3 
   25.149509 7.489407e-02 3.552300e-17 3 
   25.327530 7.244062e-02 3.387800e-17 3 
   25.505641 7.470124e-02 3.444900e-17 3 
   25.683861 7.672294e-02 3.489200e-17 3 
   25.862169 7.852989e-02 3.522300e-17 3 
   26.040581 7.968945e-02 3.525500e-17 3 
   26.219091 8.762807e-02 3.824100e-17 3 
   26.397700 8.080772e-02 3.478900e-17 3 
   26.576409 8.386437e-02 3.562100e-17 3 
   26.755222 8.712512e-02 3.651300e-17 3 
   26.934131 9.099287e-02 3.762900e-17 3 
   27.113141 9.110862e-02 3.718100e-17 3 
   27.292250 8.964225e-02 3.610400e-17 3 
   27.471459 9.767334e-02 3.882700e-17 3 
   27.650781 9.572107e-02 3.755900e-17 3 
   27.830191 9.471083e-02 3.668500e-17 3 
   28.009700 9.505265e-02 3.634700e-17 3 
   28.189319 1.029215e-01 3.885600e-17 3 
   28.369041 1.062098e-01 3.959100e-17 3 
   28.548850 1.073567e-01 3.951600e-17 3 
   28.728769 1.069864e-01 3.888800e-17 3 
   28.908791 1.027543e-01 3.688600e-17 3 
   29.088922 1.025101e-01 3.634400e-17 3 
   29.269150 1.127081e-01 3.946900e-17 3 
   29.449472 1.035551e-01 3.582100e-17 3 
   29.629909 1.093639e-01 3.737100e-17 3 
   29.810441 1.198539e-01 4.046100e-17 3 
   29.991078 1.155003e-01 3.852300e-17 3 
   30.171819 1.104332e-01 3.639300e-17 3 
   30.352659 1.275671e-01 4.154000e-17 3 
   30.533609 1.271566e-01 4.091700e-17 3 
   30.714659 1.222225e-01 3.886700e-17 3 
   30.895809 1.268217e-01 3.985800e-17 3 
   31.077069 1.260767e-01 3.916300e-17 3 
   31.258441 1.268198e-01 3.893800e-17 3 
   31.439909 1.312092e-01 3.982200e-17 3 
   31.621481 1.434982e-01 4.305300e-17 3 
   31.803150 1.256276e-01 3.726200e-17 3 
   31.984941 1.327253e-01 3.892100e-17 3 
   32.166822 1.410785e-01 4.090400e-17 3 
   32.348819 1.429864e-01 4.099200e-17 3 
   32.530909 1.464314e-01 4.151100e-17 3 
   32.713119 1.353095e-01 3.793200e-17 3 
   32.895431 1.454355e-01 4.032000e-17 3 
   33.077838 1.507875e-01 4.134400e-17 3 
   33.260359 1.658898e-01 4.498700e-17 3 
   33.442991 1.822525e-01 4.888600e-17 3 
   33.625728 2.000114e-01 5.306800e-17 3 
   33.808572 2.229269e-01 5.851000e-17 3 
   33.991519 1.640932e-01 4.260600e-17 3 
   34.174569 1.413199e-01 3.630100e-17 3 
   34.357731 1.773041e-01 4.506000e-17 3 
   34.541013 1.962062e-01 4.933600e-17 3 
   34.724381 1.876359e-01 4.668400e-17 3 
   34.907872 2.316685e-01 5.703500e-17 3 
