# Mrk 1450       
# 
# An Atlas of Galaxy Spectral Energy Distributions from the Ultraviolet to the Mid-Infrared
# Brown et al. (2014)
# http://dx.doi.org/10.5072/03/529D3551F0117
# http://dx.doi.org/10.17909/t9-5bxk-dh29
# 
# The Spectral Energy Distributions of Active Galactic Nuclei
# Brown et al. (2019)
# http://dx.doi.org/10.17909/t9-3dbt-8734
# 
# Column 1: Observed wavelength (um)
# Column 2: f_nu (Jy)
# Column 3: f_lam (erg/s/cm2/A)
# Column 4: Source (0 = model, 1 = Optical Spectrun, 2 = Akari, 3 = Spitzer IRS)
# 
    0.010233 1.664538e-11 4.768800e-20 0 
    0.010423 1.854720e-11 5.121700e-20 0 
    0.010641 2.159011e-11 5.720200e-20 0 
    0.010839 2.519247e-11 6.433000e-20 0 
    0.011041 3.625009e-11 8.921000e-20 0 
    0.011429 4.627068e-11 1.062700e-19 0 
    0.011830 5.639941e-11 1.209000e-19 0 
    0.012134 1.490400e-10 3.036800e-19 0 
    0.012531 1.825008e-10 3.486700e-19 0 
    0.012735 1.996601e-10 3.693300e-19 0 
    0.012853 2.110095e-10 3.831900e-19 0 
    0.013152 2.383828e-10 4.134400e-19 0 
    0.013243 2.674617e-10 4.575200e-19 0 
    0.013428 2.879509e-10 4.790900e-19 0 
    0.013740 3.485522e-10 5.538800e-19 0 
    0.014028 3.892993e-10 5.934900e-19 0 
    0.014355 6.875737e-10 1.001000e-18 0 
    0.014757 1.170291e-09 1.612200e-18 0 
    0.015136 1.328390e-09 1.739500e-18 0 
    0.015560 1.521603e-09 1.885400e-18 0 
    0.015959 1.739021e-09 2.048400e-18 0 
    0.016255 1.911052e-09 2.169800e-18 0 
    0.016634 2.164177e-09 2.346500e-18 0 
    0.017061 2.433895e-09 2.508500e-18 0 
    0.017338 2.650245e-09 2.644900e-18 0 
    0.017742 2.953252e-09 2.814600e-18 0 
    0.018072 3.208491e-09 2.947200e-18 0 
    0.018239 3.375180e-09 3.043800e-18 0 
    0.018664 3.743663e-09 3.224100e-18 0 
    0.019143 4.210317e-09 3.446800e-18 0 
    0.019454 4.542632e-09 3.600900e-18 0 
    0.019861 4.980707e-09 3.788000e-18 0 
    0.020277 5.461395e-09 3.984900e-18 0 
    0.020559 5.824990e-09 4.134400e-18 0 
    0.021086 6.284695e-09 4.240500e-18 0 
    0.021677 7.316224e-09 4.671000e-18 0 
    0.022080 7.930267e-09 4.879900e-18 0 
    0.022387 8.342271e-09 4.993600e-18 0 
    0.022751 9.021734e-09 5.228900e-18 0 
    0.023067 1.390821e-08 7.841700e-18 0 
    0.023496 2.383804e-08 1.295400e-17 0 
    0.024099 3.298340e-08 1.703800e-17 0 
    0.024660 3.305717e-08 1.630800e-17 0 
    0.025293 3.692342e-08 1.731500e-17 0 
    0.025763 3.071089e-08 1.388100e-17 0 
    0.026062 3.813411e-08 1.684300e-17 0 
    0.026485 4.171554e-08 1.784100e-17 0 
    0.026977 4.327980e-08 1.784100e-17 0 
    0.027479 4.480233e-08 1.780000e-17 0 
    0.027990 4.595137e-08 1.759600e-17 0 
    0.028510 4.800516e-08 1.771800e-17 0 
    0.029107 4.778306e-08 1.692000e-17 0 
    0.029717 5.003940e-08 1.699900e-17 0 
    0.030200 4.890055e-08 1.608500e-17 0 
    0.030903 5.227645e-08 1.642200e-17 0 
    0.031915 5.692093e-08 1.676500e-17 0 
    0.032885 5.974142e-08 1.657300e-17 0 
    0.033884 6.184186e-08 1.615900e-17 0 
    0.034914 6.401716e-08 1.575500e-17 0 
    0.035810 6.703303e-08 1.568200e-17 0 
    0.036728 7.133227e-08 1.586400e-17 0 
    0.037584 7.316574e-08 1.553900e-17 0 
    0.038637 7.299381e-08 1.466900e-17 0 
    0.039628 7.930411e-08 1.515000e-17 0 
    0.040644 8.419361e-08 1.529000e-17 0 
    0.041495 8.675180e-08 1.511500e-17 0 
    0.042364 8.856887e-08 1.480500e-17 0 
    0.043152 9.063437e-08 1.460200e-17 0 
    0.044259 9.756424e-08 1.494200e-17 0 
    0.045290 1.028737e-07 1.504600e-17 0 
    0.046132 1.052660e-07 1.483900e-17 0 
    0.047098 1.117614e-07 1.511500e-17 0 
    0.048195 1.231139e-07 1.590100e-17 0 
    0.049204 1.271446e-07 1.575500e-17 0 
    0.050119 1.446444e-07 1.727500e-17 0 
    0.050816 1.622868e-07 1.885400e-17 0 
    0.051404 2.892604e-07 3.284100e-17 0 
    0.052119 3.042900e-07 3.360600e-17 0 
    0.053211 3.253102e-07 3.446800e-17 0 
    0.054200 3.245603e-07 3.314500e-17 0 
    0.055208 4.002127e-07 3.939200e-17 0 
    0.056234 5.085025e-07 4.824100e-17 0 
    0.057148 5.933258e-07 5.450200e-17 0 
    0.058210 6.212751e-07 5.500600e-17 0 
    0.059156 7.349975e-07 6.301000e-17 0 
    0.060256 7.573456e-07 6.257700e-17 0 
    0.061235 8.517125e-07 6.814200e-17 0 
    0.062230 1.087160e-06 8.422000e-17 0 
    0.063241 1.181110e-06 8.859600e-17 0 
    0.064269 1.325245e-06 9.625300e-17 0 
    0.065163 1.473296e-06 1.040900e-16 0 
    0.066069 1.546268e-06 1.062700e-16 0 
    0.066681 1.742971e-06 1.176000e-16 0 
    0.067764 1.933215e-06 1.263000e-16 0 
    0.068707 1.928858e-06 1.225800e-16 0 
    0.069663 2.400423e-06 1.483900e-16 0 
    0.070795 2.313675e-06 1.384900e-16 0 
    0.071779 2.953083e-06 1.719500e-16 0 
    0.072778 3.208350e-06 1.817200e-16 0 
    0.073790 3.469713e-06 1.911700e-16 0 
    0.074817 3.786952e-06 2.029600e-16 0 
    0.075683 4.076558e-06 2.135100e-16 0 
    0.076736 4.190784e-06 2.135100e-16 0 
    0.077804 4.833891e-06 2.395600e-16 0 
    0.078705 5.085046e-06 2.462700e-16 0 
    0.079799 5.614136e-06 2.644900e-16 0 
    0.080724 6.057612e-06 2.788800e-16 0 
    0.081846 6.505621e-06 2.913500e-16 0 
    0.082794 7.116930e-06 3.114700e-16 0 
    0.083753 6.357535e-06 2.719000e-16 0 
    0.084723 7.930479e-06 3.314500e-16 0 
    0.085704 8.361748e-06 3.415200e-16 0 
    0.086696 9.126166e-06 3.642600e-16 0 
    0.087700 9.801523e-06 3.823100e-16 0 
    0.088716 1.052683e-05 4.012500e-16 0 
    0.089743 1.122781e-05 4.182300e-16 0 
    0.090782 1.167583e-05 4.250200e-16 0 
    0.091833 1.416738e-05 5.039800e-16 0 
    0.092897 5.960639e-05 2.072100e-15 0 
    0.093756 1.205838e-04 4.115400e-15 0 
    0.094842 2.204406e-04 7.352100e-15 0 
    0.095719 2.987373e-04 9.781700e-15 0 
    0.096828 3.575252e-04 1.144000e-14 0 
    0.097724 8.715630e-05 2.737900e-15 0 
    0.098855 3.493601e-04 1.072500e-14 0 
    0.099770 3.518094e-04 1.060300e-14 0 
    0.100925 4.669536e-04 1.375300e-14 0 
    0.101859 4.459631e-04 1.289500e-14 0 
    0.102802 2.081100e-04 5.907600e-15 0 
    0.103753 3.550516e-04 9.894900e-15 0 
    0.104713 6.029551e-04 1.649700e-14 0 
    0.105925 6.015847e-04 1.608500e-14 0 
    0.106905 5.131859e-04 1.347100e-14 0 
    0.107895 5.946779e-04 1.532500e-14 0 
    0.108893 5.073114e-04 1.283500e-14 0 
    0.109901 6.313694e-04 1.568200e-14 0 
    0.110918 6.085377e-04 1.483900e-14 0 
    0.111944 6.029720e-04 1.443500e-14 0 
    0.112980 5.524468e-04 1.298400e-14 0 
    0.113763 6.657375e-04 1.543200e-14 0 
    0.114815 6.241467e-04 1.420400e-14 0 
    0.115878 6.580921e-04 1.470300e-14 0 
    0.116950 6.828165e-04 1.497700e-14 0 
    0.117761 5.061693e-04 1.095000e-14 0 
    0.118850 6.796634e-04 1.443500e-14 0 
    0.119950 5.411328e-04 1.128300e-14 0 
    0.120781 4.298223e-04 8.839200e-15 0 
    0.121899 2.712033e-04 5.475400e-15 0 
    0.123027 5.215238e-04 1.033700e-14 0 
    0.123880 7.149820e-04 1.397700e-14 0 
    0.125026 7.731862e-04 1.483900e-14 0 
    0.125893 7.556298e-04 1.430300e-14 0 
    0.126765 6.970891e-04 1.301400e-14 0 
    0.127938 8.209164e-04 1.504600e-14 0 
    0.128825 8.458367e-04 1.529000e-14 0 
    0.130017 7.282424e-04 1.292400e-14 0 
    0.130918 7.400847e-04 1.295400e-14 0 
    0.131826 8.615481e-04 1.487300e-14 0 
    0.133045 8.361349e-04 1.417100e-14 0 
    0.133968 7.803541e-04 1.304400e-14 0 
    0.134896 8.715722e-04 1.436900e-14 0 
    0.135831 8.615564e-04 1.400900e-14 0 
    0.137088 8.114869e-04 1.295400e-14 0 
    0.138038 8.342055e-04 1.313400e-14 0 
    0.138995 8.497408e-04 1.319500e-14 0 
    0.139959 7.299336e-04 1.117900e-14 0 
    0.140929 7.573655e-04 1.144000e-14 0 
    0.141906 8.265696e-04 1.231400e-14 0 
    0.142889 8.303702e-04 1.220100e-14 0 
    0.143880 8.517269e-04 1.234300e-14 0 
    0.144544 8.816135e-04 1.265900e-14 0 
    0.145211 8.856921e-04 1.260100e-14 0 
    0.145881 8.735251e-04 1.231400e-14 0 
    0.146893 8.362022e-04 1.162600e-14 0 
    0.147911 8.458634e-04 1.159900e-14 0 
    0.148936 8.556310e-04 1.157200e-14 0 
    0.149969 8.655171e-04 1.154500e-14 0 
    0.151008 8.342249e-04 1.097500e-14 0 
    0.151705 7.732074e-04 1.007900e-14 0 
    0.152055 8.077610e-04 1.048100e-14 0 
    0.153109 8.114965e-04 1.038500e-14 0 
    0.153815 7.299450e-04 9.255800e-15 0 
    0.154882 7.435214e-04 9.298500e-15 0 
    0.155955 7.282644e-04 8.982800e-15 0 
    0.157036 7.714154e-04 9.384500e-15 0 
    0.158125 8.209071e-04 9.849500e-15 0 
    0.158855 8.420049e-04 1.001000e-14 0 
    0.159956 8.615634e-04 1.010200e-14 0 
    0.161065 8.517170e-04 9.849500e-15 0 
    0.162181 8.576164e-04 9.781700e-15 0 
    0.162930 8.400275e-04 9.493200e-15 0 
    0.164059 8.857126e-04 9.872200e-15 0 
    0.165196 8.939020e-04 9.826800e-15 0 
    0.165959 8.695499e-04 9.471400e-15 0 
    0.167109 9.210640e-04 9.894900e-15 0 
    0.167880 8.735536e-04 9.298500e-15 0 
    0.168267 9.381867e-04 9.940600e-15 0 
    0.169044 9.534816e-04 1.001000e-14 0 
    0.170216 9.253166e-04 9.581000e-15 0 
    0.171002 9.021839e-04 9.255800e-15 0 
    0.172187 8.735593e-04 8.839200e-15 0 
    0.172982 8.715506e-04 8.738000e-15 0 
    0.174181 9.189488e-04 9.086800e-15 0 
    0.174985 9.063446e-04 8.880000e-15 0 
    0.176198 9.447010e-04 9.128800e-15 0 
    0.177011 9.063457e-04 8.677900e-15 0 
    0.178238 9.168366e-04 8.657900e-15 0 
    0.179061 9.338837e-04 8.738000e-15 0 
    0.179887 9.667027e-04 8.962200e-15 0 
    0.181134 9.778879e-04 8.941500e-15 0 
    0.181970 9.210624e-04 8.344700e-15 0 
    0.183231 9.512409e-04 8.499900e-15 0 
    0.184077 9.338751e-04 8.268200e-15 0 
    0.184927 8.796180e-04 7.716400e-15 0 
    0.186209 8.857073e-04 7.663200e-15 0 
    0.187068 9.084322e-04 7.787800e-15 0 
    0.187932 9.600493e-04 8.154800e-15 0 
    0.189234 9.000958e-04 7.540700e-15 0 
    0.190108 8.655541e-04 7.184800e-15 0 
    0.190985 9.274445e-04 7.628000e-15 0 
    0.192309 8.980275e-04 7.284700e-15 0 
    0.193197 8.796153e-04 7.069900e-15 0 
    0.194089 9.253266e-04 7.369100e-15 0 
    0.194984 9.512421e-04 7.506100e-15 0 
    0.196336 8.980358e-04 6.989000e-15 0 
    0.197242 9.644792e-04 7.437300e-15 0 
    0.198153 9.983683e-04 7.628000e-15 0 
    0.199067 9.556345e-04 7.234600e-15 0 
    0.199986 9.403483e-04 7.053600e-15 0 
    0.200909 9.734015e-04 7.234600e-15 0 
    0.202302 9.667018e-04 7.086200e-15 0 
    0.203236 1.005292e-03 7.301500e-15 0 
    0.204174 9.578427e-04 6.893100e-15 0 
    0.205116 9.778928e-04 6.972900e-15 0 
    0.206063 9.189475e-04 6.492500e-15 0 
    0.207014 9.512478e-04 6.659100e-15 0 
    0.207970 1.021630e-03 7.086200e-15 0 
    0.208449 9.689280e-04 6.689800e-15 0 
    0.208930 1.000673e-03 6.877200e-15 0 
    0.210378 9.667029e-04 6.552600e-15 0 
    0.211349 9.937825e-04 6.674400e-15 0 
    0.212324 1.005287e-03 6.689800e-15 0 
    0.213304 1.021626e-03 6.736200e-15 0 
    0.214289 9.960764e-04 6.507500e-15 0 
    0.215278 9.914967e-04 6.418200e-15 0 
    0.216272 1.026337e-03 6.582800e-15 0 
    0.217270 1.012259e-03 6.433000e-15 0 
    0.218273 1.014592e-03 6.388700e-15 0 
    0.219281 1.000679e-03 6.243300e-15 0 
    0.220293 1.033457e-03 6.388700e-15 0 
    0.221309 1.021625e-03 6.257700e-15 0 
    0.222331 1.005296e-03 6.101200e-15 0 
    0.223357 9.892195e-04 5.948600e-15 0 
    0.224388 1.019268e-03 6.073100e-15 0 
    0.225424 1.007613e-03 5.948600e-15 0 
    0.226464 9.892203e-04 5.786500e-15 0 
    0.226986 1.005293e-03 5.853500e-15 0 
    0.228034 1.016937e-03 5.867000e-15 0 
    0.229087 1.028712e-03 5.880500e-15 0 
    0.230144 9.938589e-04 5.629200e-15 0 
    0.231207 1.005983e-03 5.645600e-15 0 
    0.232274 9.882243e-04 5.495100e-15 0 
    0.233346 8.671944e-04 4.777900e-15 0 
    0.234423 9.691346e-04 5.290600e-15 0 
    0.235505 9.652712e-04 5.221200e-15 0 
    0.236048 9.857931e-04 5.307700e-15 0 
    0.237137 9.639438e-04 5.142500e-15 0 
    0.238232 9.734720e-04 5.145700e-15 0 
    0.239332 9.497183e-04 4.974100e-15 0 
    0.240436 9.837053e-04 5.104900e-15 0 
    0.240991 9.616140e-04 4.967300e-15 0 
    0.242103 9.733614e-04 4.981900e-15 0 
    0.243220 9.943724e-04 5.042800e-15 0 
    0.244343 9.746000e-04 4.897200e-15 0 
    0.245471 1.002540e-03 4.991400e-15 0 
    0.246037 9.959491e-04 4.935800e-15 0 
    0.247172 9.942844e-04 4.882400e-15 0 
    0.248313 9.835487e-04 4.785400e-15 0 
    0.249460 1.002489e-03 4.832800e-15 0 
    0.250035 9.273013e-04 4.449800e-15 0 
    0.251189 1.010418e-03 4.804200e-15 0 
    0.252348 9.677800e-04 4.559300e-15 0 
    0.253513 9.818992e-04 4.583400e-15 0 
    0.254097 9.822102e-04 4.563800e-15 0 
    0.255270 9.738576e-04 4.483500e-15 0 
    0.256448 1.001785e-03 4.569800e-15 0 
    0.257040 9.952277e-04 4.519000e-15 0 
    0.258226 1.021437e-03 4.595500e-15 0 
    0.259418 1.022117e-03 4.556400e-15 0 
    0.260615 1.022810e-03 4.517700e-15 0 
    0.261216 1.006790e-03 4.426500e-15 0 
    0.262422 1.007476e-03 4.388900e-15 0 
    0.263027 1.014802e-03 4.400500e-15 0 
    0.264241 1.024890e-03 4.403500e-15 0 
    0.265461 1.056738e-03 4.498700e-15 0 
    0.266072 1.059531e-03 4.489900e-15 0 
    0.267301 1.031378e-03 4.330500e-15 0 
    0.268534 1.048847e-03 4.363500e-15 0 
    0.269154 1.049205e-03 4.344900e-15 0 
    0.270396 1.033150e-03 4.239200e-15 0 
    0.271644 1.043446e-03 4.242200e-15 0 
    0.272270 1.027109e-03 4.156600e-15 0 
    0.273527 1.030205e-03 4.130900e-15 0 
    0.274157 1.042498e-03 4.161000e-15 0 
    0.275423 1.005496e-03 3.976500e-15 0 
    0.276058 1.008156e-03 3.968700e-15 0 
    0.277332 1.025276e-03 3.999100e-15 0 
    0.278612 1.047467e-03 4.048200e-15 0 
    0.279254 1.035845e-03 3.984900e-15 0 
    0.280543 9.718678e-04 3.704500e-15 0 
    0.281190 1.001763e-03 3.800900e-15 0 
    0.282488 1.052156e-03 3.955500e-15 0 
    0.283139 1.052522e-03 3.938700e-15 0 
    0.284446 1.031677e-03 3.825300e-15 0 
    0.285102 1.027311e-03 3.791600e-15 0 
    0.286418 1.028066e-03 3.759600e-15 0 
    0.287078 1.049979e-03 3.822100e-15 0 
    0.288403 1.050738e-03 3.789800e-15 0 
    0.289734 1.056346e-03 3.775100e-15 0 
    0.290402 1.054307e-03 3.750500e-15 0 
    0.291743 1.074706e-03 3.788000e-15 0 
    0.293765 1.066038e-03 3.705900e-15 0 
    0.295801 1.059895e-03 3.634000e-15 0 
    0.297852 1.068434e-03 3.613000e-15 0 
    0.299916 1.067192e-03 3.559300e-15 0 
    0.301995 1.070851e-03 3.522500e-15 0 
    0.304089 1.077030e-03 3.494200e-15 0 
    0.306196 1.078288e-03 3.450300e-15 0 
    0.308319 1.082011e-03 3.414700e-15 0 
    0.309742 1.075393e-03 3.362700e-15 0 
    0.311889 1.081630e-03 3.335800e-15 0 
    0.314051 1.075440e-03 3.271200e-15 0 
    0.316228 1.081668e-03 3.245000e-15 0 
    0.317687 1.077577e-03 3.203100e-15 0 
    0.319890 1.061601e-03 3.112300e-15 0 
    0.322107 1.075192e-03 3.108900e-15 0 
    0.324340 1.069076e-03 3.048800e-15 0 
    0.325837 1.082330e-03 3.058300e-15 0 
    0.328095 1.093687e-03 3.048000e-15 0 
    0.330370 1.095009e-03 3.009800e-15 0 
    0.331894 1.090888e-03 2.971000e-15 0 
    0.333426 1.117214e-03 3.014800e-15 0 
    0.334195 1.125426e-03 3.023000e-15 0 
    0.334966 1.085145e-03 2.901400e-15 0 
    0.335738 1.121188e-03 2.984000e-15 0 
    0.336512 1.088579e-03 2.883900e-15 0 
    0.337287 1.081502e-03 2.852000e-15 0 
    0.338065 1.072059e-03 2.814100e-15 0 
    0.338844 1.070040e-03 2.795900e-15 0 
    0.339625 1.103007e-03 2.868800e-15 0 
    0.340408 1.121386e-03 2.903200e-15 0 
    0.341193 1.147984e-03 2.958400e-15 0 
    0.341979 1.094259e-03 2.807000e-15 0 
    0.342768 1.109966e-03 2.834200e-15 0 
    0.343558 1.133698e-03 2.881500e-15 0 
    0.344350 1.155255e-03 2.922800e-15 0 
    0.345144 1.132039e-03 2.850900e-15 0 
    0.345939 1.109296e-03 2.780800e-15 0 
    0.346737 1.092018e-03 2.724900e-15 0 
    0.347536 1.072538e-03 2.664000e-15 0 
    0.348337 1.110694e-03 2.746100e-15 0 
    0.349140 1.088393e-03 2.678600e-15 0 
    0.349945 1.111665e-03 2.723300e-15 0 
    0.350752 1.112123e-03 2.711900e-15 0 
    0.351560 1.094841e-03 2.657500e-15 0 
    0.352371 1.090254e-03 2.634200e-15 0 
    0.353183 1.113580e-03 2.678200e-15 0 
    0.353997 1.093739e-03 2.618400e-15 0 
    0.354813 1.124847e-03 2.680500e-15 0 
    0.355631 1.135773e-03 2.694100e-15 0 
    0.356451 1.144109e-03 2.701400e-15 0 
    0.357273 1.144626e-03 2.690200e-15 0 
    0.358096 1.116480e-03 2.612000e-15 0 
    0.358922 1.084019e-03 2.524400e-15 0 
    0.359749 1.069651e-03 2.479500e-15 0 
    0.360579 1.090021e-03 2.515100e-15 0 
    0.361410 1.123613e-03 2.580700e-15 0 
    0.362243 1.106141e-03 2.528900e-15 0 
    0.363078 1.129790e-03 2.571100e-15 0 
    0.363915 1.159284e-03 2.626100e-15 0 
    0.364622 1.365521e-03 3.081300e-15 1 
    0.364897 1.036926e-03 2.336300e-15 1 
    0.365172 1.294167e-03 2.911500e-15 1 
    0.365447 1.551646e-03 3.485500e-15 1 
    0.365722 1.688047e-03 3.786200e-15 1 
    0.365997 1.068148e-03 2.392200e-15 1 
    0.366272 1.285162e-03 2.873900e-15 1 
    0.366547 1.122461e-03 2.506300e-15 1 
    0.366822 1.679737e-03 3.745000e-15 1 
    0.367097 1.008815e-03 2.245800e-15 1 
    0.367372 1.097378e-03 2.439300e-15 1 
    0.367647 1.086991e-03 2.412600e-15 1 
    0.367922 1.023191e-03 2.267600e-15 1 
    0.368197 1.036922e-03 2.294600e-15 1 
    0.368472 1.014621e-03 2.241900e-15 1 
    0.368747 1.328832e-03 2.931800e-15 1 
    0.369022 1.429362e-03 3.148900e-15 1 
    0.369297 1.596013e-03 3.510800e-15 1 
    0.369572 3.623605e-04 7.959100e-16 1 
    0.369847 1.541907e-03 3.381700e-15 1 
    0.370122 1.009527e-03 2.210800e-15 1 
    0.370397 1.140630e-03 2.494200e-15 1 
    0.370672 9.494641e-04 2.073100e-15 1 
    0.370947 1.009492e-03 2.200900e-15 1 
    0.371222 1.078973e-03 2.348900e-15 1 
    0.371497 1.054627e-03 2.292500e-15 1 
    0.371772 1.430657e-03 3.105300e-15 1 
    0.372047 1.072839e-03 2.325200e-15 1 
    0.372322 1.255515e-03 2.717100e-15 1 
    0.372597 1.683064e-03 3.637000e-15 1 
    0.372872 1.786581e-03 3.855000e-15 1 
    0.373147 3.294387e-03 7.098000e-15 1 
    0.373422 6.274514e-03 1.349900e-14 1 
    0.373697 1.187765e-02 2.551600e-14 1 
    0.373972 1.412396e-02 3.029700e-14 1 
    0.374247 1.173289e-02 2.513100e-14 1 
    0.374522 6.051574e-03 1.294300e-14 1 
    0.374797 2.677505e-03 5.718200e-15 1 
    0.375072 1.589767e-03 3.390200e-15 1 
    0.375347 1.115577e-03 2.375500e-15 1 
    0.375622 1.070934e-03 2.277100e-15 1 
    0.375897 1.334094e-03 2.832500e-15 1 
    0.376172 1.362178e-03 2.887900e-15 1 
    0.376447 1.374751e-03 2.910300e-15 1 
    0.376722 8.318846e-04 1.758500e-15 1 
    0.376997 1.338076e-03 2.824400e-15 1 
    0.377272 1.297281e-03 2.734300e-15 1 
    0.377547 1.142615e-03 2.404800e-15 1 
    0.377822 1.429112e-03 3.003400e-15 1 
    0.378097 1.598882e-03 3.355300e-15 1 
    0.378372 1.596532e-03 3.345500e-15 1 
    0.378647 1.515984e-03 3.172100e-15 1 
    0.378922 1.482148e-03 3.096800e-15 1 
    0.379197 1.435747e-03 2.995500e-15 1 
    0.379472 1.256151e-03 2.617000e-15 1 
    0.379747 1.087423e-03 2.262200e-15 1 
    0.380022 1.452832e-03 3.018000e-15 1 
    0.380297 1.295654e-03 2.687600e-15 1 
    0.380572 1.214780e-03 2.516200e-15 1 
    0.380847 1.682177e-03 3.479300e-15 1 
    0.381122 1.596196e-03 3.296700e-15 1 
    0.381397 1.271837e-03 2.623000e-15 1 
    0.381672 1.304409e-03 2.686300e-15 1 
    0.381947 1.238502e-03 2.546900e-15 1 
    0.382222 1.171476e-03 2.405600e-15 1 
    0.382497 9.310296e-04 1.909100e-15 1 
    0.382772 9.472157e-04 1.939500e-15 1 
    0.383047 1.372221e-03 2.805700e-15 1 
    0.383322 1.114851e-03 2.276200e-15 1 
    0.383597 1.083784e-03 2.209600e-15 1 
    0.383872 1.103660e-03 2.246900e-15 1 
    0.384147 1.368013e-03 2.781100e-15 1 
    0.384422 1.454256e-03 2.952200e-15 1 
    0.384697 1.840376e-03 3.730700e-15 1 
    0.384972 1.565918e-03 3.169800e-15 1 
    0.385247 1.522147e-03 3.076800e-15 1 
    0.385522 1.372473e-03 2.770300e-15 1 
    0.385797 1.311820e-03 2.644100e-15 1 
    0.386072 1.521916e-03 3.063200e-15 1 
    0.386347 1.312777e-03 2.638500e-15 1 
    0.386622 1.540555e-03 3.091900e-15 1 
    0.386897 1.678616e-03 3.364200e-15 1 
    0.387172 1.584116e-03 3.170300e-15 1 
    0.387447 2.623263e-03 5.242500e-15 1 
    0.387722 4.206037e-03 8.393700e-15 1 
    0.387997 5.122933e-03 1.020900e-14 1 
    0.388272 4.381699e-03 8.719500e-15 1 
    0.388547 2.937903e-03 5.838100e-15 1 
    0.388822 1.599864e-03 3.174700e-15 1 
    0.389097 1.273799e-03 2.524100e-15 1 
    0.389372 1.715423e-03 3.394400e-15 1 
    0.389647 2.218110e-03 4.382900e-15 1 
    0.389922 2.800511e-03 5.525900e-15 1 
    0.390197 2.983665e-03 5.879000e-15 1 
    0.390472 2.192089e-03 4.313200e-15 1 
    0.390747 1.667962e-03 3.277300e-15 1 
    0.391022 1.318441e-03 2.586900e-15 1 
    0.391297 1.094862e-03 2.145200e-15 1 
    0.391572 1.301198e-03 2.545900e-15 1 
    0.391847 1.131210e-03 2.210200e-15 1 
    0.392122 1.459589e-03 2.847800e-15 1 
    0.392397 1.325882e-03 2.583300e-15 1 
    0.392672 1.566378e-03 3.047600e-15 1 
    0.392947 1.204274e-03 2.339800e-15 1 
    0.393222 1.370944e-03 2.659900e-15 1 
    0.393497 1.561612e-03 3.025600e-15 1 
    0.393772 1.136512e-03 2.198900e-15 1 
    0.394047 1.186545e-03 2.292500e-15 1 
    0.394322 1.128908e-03 2.178100e-15 1 
    0.394597 1.251934e-03 2.412100e-15 1 
    0.394872 1.139544e-03 2.192500e-15 1 
    0.395147 1.205982e-03 2.317100e-15 1 
    0.395422 1.252432e-03 2.403000e-15 1 
    0.395697 1.262212e-03 2.418400e-15 1 
    0.395972 1.199159e-03 2.294400e-15 1 
    0.396247 1.277238e-03 2.440400e-15 1 
    0.396522 1.263760e-03 2.411300e-15 1 
    0.396797 1.362186e-03 2.595500e-15 1 
    0.397072 1.335905e-03 2.541900e-15 1 
    0.397347 1.834356e-03 3.485500e-15 1 
    0.397622 2.765858e-03 5.248200e-15 1 
    0.397897 3.552007e-03 6.730600e-15 1 
    0.398172 3.409951e-03 6.452500e-15 1 
    0.398447 2.597420e-03 4.908200e-15 1 
    0.398722 1.612526e-03 3.042900e-15 1 
    0.398997 1.382268e-03 2.604800e-15 1 
    0.399272 1.324658e-03 2.492800e-15 1 
    0.399547 1.263746e-03 2.374900e-15 1 
    0.399822 1.404562e-03 2.635900e-15 1 
    0.400097 1.146849e-03 2.149300e-15 1 
    0.400372 1.196997e-03 2.240200e-15 1 
    0.400647 1.349903e-03 2.522900e-15 1 
    0.400922 1.190107e-03 2.221200e-15 1 
    0.401197 1.576701e-03 2.938700e-15 1 
    0.401472 1.448093e-03 2.695300e-15 1 
    0.401747 1.586730e-03 2.949300e-15 1 
    0.402022 1.241093e-03 2.303700e-15 1 
    0.402297 1.363095e-03 2.526700e-15 1 
    0.402572 1.372522e-03 2.540700e-15 1 
    0.402847 1.608846e-03 2.974100e-15 1 
    0.403122 1.250981e-03 2.309400e-15 1 
    0.403397 1.413791e-03 2.606400e-15 1 
    0.403672 1.579594e-03 2.908100e-15 1 
    0.403947 1.301034e-03 2.392000e-15 1 
    0.404222 1.678670e-03 3.082100e-15 1 
    0.404497 1.441528e-03 2.643100e-15 1 
    0.404772 1.508424e-03 2.762000e-15 1 
    0.405047 1.401427e-03 2.562600e-15 1 
    0.405322 1.468278e-03 2.681200e-15 1 
    0.405597 1.334990e-03 2.434500e-15 1 
    0.405872 1.267613e-03 2.308500e-15 1 
    0.406147 1.500434e-03 2.728800e-15 1 
    0.406422 1.496410e-03 2.717800e-15 1 
    0.406697 1.327189e-03 2.407200e-15 1 
    0.406972 1.467227e-03 2.657600e-15 1 
    0.407247 1.503542e-03 2.719700e-15 1 
    0.407522 1.745550e-03 3.153200e-15 1 
    0.407797 1.416474e-03 2.555300e-15 1 
    0.408072 1.362323e-03 2.454300e-15 1 
    0.408347 1.147722e-03 2.064900e-15 1 
    0.408622 1.352250e-03 2.429600e-15 1 
    0.408897 1.461132e-03 2.621700e-15 1 
    0.409172 1.190201e-03 2.132700e-15 1 
    0.409447 1.205213e-03 2.156700e-15 1 
    0.409722 1.405649e-03 2.512000e-15 1 
    0.409997 1.365288e-03 2.436600e-15 1 
    0.410272 1.133039e-03 2.019400e-15 1 
    0.410547 1.597338e-03 2.843100e-15 1 
    0.410822 2.381018e-03 4.232300e-15 1 
    0.411097 3.437926e-03 6.102800e-15 1 
    0.411372 3.872871e-03 6.865700e-15 1 
    0.411647 3.266720e-03 5.783400e-15 1 
    0.411922 1.927562e-03 3.408000e-15 1 
    0.412197 1.357099e-03 2.396200e-15 1 
    0.412472 1.401614e-03 2.471500e-15 1 
    0.412747 1.493717e-03 2.630400e-15 1 
    0.413022 1.320572e-03 2.322400e-15 1 
    0.413297 1.358715e-03 2.386300e-15 1 
    0.413572 1.409043e-03 2.471400e-15 1 
    0.413847 1.380545e-03 2.418200e-15 1 
    0.414122 1.247984e-03 2.183100e-15 1 
    0.414397 1.220620e-03 2.132400e-15 1 
    0.414672 1.341634e-03 2.340700e-15 1 
    0.414947 1.359254e-03 2.368300e-15 1 
    0.415222 1.377206e-03 2.396400e-15 1 
    0.415497 1.636031e-03 2.843000e-15 1 
    0.415772 1.486478e-03 2.579700e-15 1 
    0.416047 1.529295e-03 2.650500e-15 1 
    0.416322 1.212979e-03 2.099500e-15 1 
    0.416597 1.446565e-03 2.500500e-15 1 
    0.416872 1.334532e-03 2.303800e-15 1 
    0.417147 1.473936e-03 2.541100e-15 1 
    0.417422 1.510148e-03 2.600100e-15 1 
    0.417697 1.487829e-03 2.558300e-15 1 
    0.417972 1.251439e-03 2.149000e-15 1 
    0.418247 1.420669e-03 2.436400e-15 1 
    0.418522 1.559105e-03 2.670300e-15 1 
    0.418797 1.369803e-03 2.343000e-15 1 
    0.419072 1.413401e-03 2.414400e-15 1 
    0.419347 1.520357e-03 2.593700e-15 1 
    0.419622 1.381603e-03 2.353900e-15 1 
    0.419897 1.334399e-03 2.270500e-15 1 
    0.420172 1.458905e-03 2.479100e-15 1 
    0.420447 1.615966e-03 2.742400e-15 1 
    0.420722 1.565391e-03 2.653100e-15 1 
    0.420997 1.409400e-03 2.385600e-15 1 
    0.421272 1.469393e-03 2.483900e-15 1 
    0.421547 1.667732e-03 2.815500e-15 1 
    0.421822 1.460125e-03 2.461800e-15 1 
    0.422097 1.472007e-03 2.478600e-15 1 
    0.422372 1.518109e-03 2.552900e-15 1 
    0.422647 1.528005e-03 2.566200e-15 1 
    0.422922 1.512824e-03 2.537400e-15 1 
    0.423197 1.617175e-03 2.708900e-15 1 
    0.423472 1.579885e-03 2.643000e-15 1 
    0.423747 1.412611e-03 2.360100e-15 1 
    0.424022 1.460772e-03 2.437400e-15 1 
    0.424297 1.502513e-03 2.503800e-15 1 
    0.424572 1.409764e-03 2.346200e-15 1 
    0.424847 1.345289e-03 2.236000e-15 1 
    0.425122 1.329922e-03 2.207600e-15 1 
    0.425397 1.389250e-03 2.303100e-15 1 
    0.425672 1.461472e-03 2.419700e-15 1 
    0.425947 1.430703e-03 2.365700e-15 1 
    0.426222 1.371633e-03 2.265100e-15 1 
    0.426497 1.406085e-03 2.319000e-15 1 
    0.426772 1.443961e-03 2.378400e-15 1 
    0.427047 1.489956e-03 2.451000e-15 1 
    0.427322 1.519692e-03 2.496700e-15 1 
    0.427597 1.397806e-03 2.293500e-15 1 
    0.427872 1.372997e-03 2.249900e-15 1 
    0.428147 1.425173e-03 2.332400e-15 1 
    0.428422 1.323546e-03 2.163300e-15 1 
    0.428697 1.280587e-03 2.090400e-15 1 
    0.428972 1.393929e-03 2.272500e-15 1 
    0.429247 1.382942e-03 2.251700e-15 1 
    0.429522 1.278449e-03 2.078900e-15 1 
    0.429797 1.341784e-03 2.179100e-15 1 
    0.430072 1.354476e-03 2.196900e-15 1 
    0.430347 1.348122e-03 2.183800e-15 1 
    0.430622 1.471615e-03 2.380800e-15 1 
    0.430897 1.397679e-03 2.258300e-15 1 
    0.431172 1.216033e-03 1.962300e-15 1 
    0.431447 1.325115e-03 2.135600e-15 1 
    0.431722 1.341902e-03 2.159900e-15 1 
    0.431997 1.505848e-03 2.420700e-15 1 
    0.432272 1.541961e-03 2.475600e-15 1 
    0.432547 1.363687e-03 2.186600e-15 1 
    0.432822 1.301291e-03 2.083900e-15 1 
    0.433097 1.478013e-03 2.363900e-15 1 
    0.433372 1.390555e-03 2.221200e-15 1 
    0.433647 1.384673e-03 2.209000e-15 1 
    0.433922 1.399484e-03 2.229800e-15 1 
    0.434197 1.367952e-03 2.176800e-15 1 
    0.434472 1.756467e-03 2.791500e-15 1 
    0.434747 3.144665e-03 4.991400e-15 1 
    0.435022 5.387907e-03 8.541200e-15 1 
    0.435297 6.535286e-03 1.034700e-14 1 
    0.435572 5.333872e-03 8.434200e-15 1 
    0.435847 3.111398e-03 4.913700e-15 1 
    0.436122 1.862525e-03 2.937700e-15 1 
    0.436397 1.428318e-03 2.250000e-15 1 
    0.436672 1.330391e-03 2.093100e-15 1 
    0.436947 1.549847e-03 2.435300e-15 1 
    0.437222 1.893980e-03 2.972300e-15 1 
    0.437497 2.028368e-03 3.179200e-15 1 
    0.437772 1.985883e-03 3.108700e-15 1 
    0.438047 1.851756e-03 2.895100e-15 1 
    0.438322 1.551739e-03 2.423000e-15 1 
    0.438597 1.436663e-03 2.240500e-15 1 
    0.438872 1.453746e-03 2.264300e-15 1 
    0.439147 1.248447e-03 1.942100e-15 1 
    0.439422 1.356147e-03 2.107000e-15 1 
    0.439697 1.450259e-03 2.250400e-15 1 
    0.439972 1.404325e-03 2.176400e-15 1 
    0.440247 1.601449e-03 2.478800e-15 1 
    0.440522 1.616776e-03 2.499400e-15 1 
    0.440797 1.529222e-03 2.361100e-15 1 
    0.441072 1.528277e-03 2.356700e-15 1 
    0.441347 1.410000e-03 2.171600e-15 1 
    0.441622 1.344212e-03 2.067700e-15 1 
    0.441897 1.624411e-03 2.495600e-15 1 
    0.442172 1.514403e-03 2.323700e-15 1 
    0.442447 1.376841e-03 2.110000e-15 1 
    0.442722 1.411743e-03 2.160800e-15 1 
    0.442997 1.440252e-03 2.201700e-15 1 
    0.443272 1.573296e-03 2.402100e-15 1 
    0.443547 1.431895e-03 2.183500e-15 1 
    0.443822 1.519882e-03 2.314800e-15 1 
    0.444097 1.409218e-03 2.143600e-15 1 
    0.444372 1.377921e-03 2.093400e-15 1 
    0.444647 1.427407e-03 2.165900e-15 1 
    0.444922 1.561210e-03 2.366000e-15 1 
    0.445197 1.348225e-03 2.040700e-15 1 
    0.445472 1.530278e-03 2.313400e-15 1 
    0.445747 1.504153e-03 2.271100e-15 1 
    0.446022 1.566486e-03 2.362300e-15 1 
    0.446297 1.327807e-03 1.999900e-15 1 
    0.446572 1.409215e-03 2.119900e-15 1 
    0.446847 1.473382e-03 2.213700e-15 1 
    0.447122 1.424416e-03 2.137500e-15 1 
    0.447397 1.287122e-03 1.929100e-15 1 
    0.447672 1.483704e-03 2.221000e-15 1 
    0.447947 1.615620e-03 2.415500e-15 1 
    0.448222 1.921101e-03 2.868700e-15 1 
    0.448497 2.001572e-03 2.985200e-15 1 
    0.448772 1.899167e-03 2.829000e-15 1 
    0.449047 2.005544e-03 2.983800e-15 1 
    0.449322 1.868898e-03 2.777100e-15 1 
    0.449597 1.755295e-03 2.605100e-15 1 
    0.449872 1.561601e-03 2.314800e-15 1 
    0.450147 1.573981e-03 2.330300e-15 1 
    0.450422 1.481159e-03 2.190200e-15 1 
    0.450697 1.538558e-03 2.272300e-15 1 
    0.450972 1.531826e-03 2.259600e-15 1 
    0.451247 1.429032e-03 2.105400e-15 1 
    0.451522 1.510081e-03 2.222100e-15 1 
    0.451797 1.354680e-03 1.991000e-15 1 
    0.452072 1.599801e-03 2.348400e-15 1 
    0.452347 1.454424e-03 2.132400e-15 1 
    0.452622 1.415014e-03 2.072100e-15 1 
    0.452897 1.582058e-03 2.313900e-15 1 
    0.453172 1.380189e-03 2.016200e-15 1 
    0.453447 1.464179e-03 2.136300e-15 1 
    0.453722 1.517490e-03 2.211400e-15 1 
    0.453997 1.308751e-03 1.904900e-15 1 
    0.454272 1.486089e-03 2.160400e-15 1 
    0.454547 1.482793e-03 2.153000e-15 1 
    0.454822 1.264416e-03 1.833700e-15 1 
    0.455097 1.483000e-03 2.148100e-15 1 
    0.455372 1.476015e-03 2.135400e-15 1 
    0.455647 1.589356e-03 2.296600e-15 1 
    0.455922 1.413343e-03 2.039800e-15 1 
    0.456197 1.581055e-03 2.279100e-15 1 
    0.456472 1.524411e-03 2.194800e-15 1 
    0.456747 1.407336e-03 2.023800e-15 1 
    0.457022 1.501769e-03 2.157000e-15 1 
    0.457297 1.428294e-03 2.049000e-15 1 
    0.457572 1.718457e-03 2.462300e-15 1 
    0.457847 1.586853e-03 2.271000e-15 1 
    0.458122 1.404489e-03 2.007600e-15 1 
    0.458397 1.452403e-03 2.073600e-15 1 
    0.458672 1.707023e-03 2.434200e-15 1 
    0.458947 1.589011e-03 2.263200e-15 1 
    0.459222 1.327661e-03 1.888700e-15 1 
    0.459497 1.388370e-03 1.972700e-15 1 
    0.459772 1.487272e-03 2.110700e-15 1 
    0.460047 1.676215e-03 2.376000e-15 1 
    0.460322 1.508702e-03 2.136000e-15 1 
    0.460597 1.505060e-03 2.128300e-15 1 
    0.460872 1.482148e-03 2.093400e-15 1 
    0.461147 1.632210e-03 2.302600e-15 1 
    0.461422 1.574755e-03 2.218900e-15 1 
    0.461697 1.698279e-03 2.390100e-15 1 
    0.461972 1.405430e-03 1.975600e-15 1 
    0.462247 1.601688e-03 2.248800e-15 1 
    0.462522 1.781367e-03 2.498100e-15 1 
    0.462797 1.484061e-03 2.078700e-15 1 
    0.463072 1.524495e-03 2.132800e-15 1 
    0.463347 1.565165e-03 2.187100e-15 1 
    0.463622 1.611302e-03 2.248900e-15 1 
    0.463897 1.446649e-03 2.016700e-15 1 
    0.464172 1.741528e-03 2.424900e-15 1 
    0.464447 1.324538e-03 1.842100e-15 1 
    0.464722 1.682307e-03 2.336900e-15 1 
    0.464997 1.713705e-03 2.377700e-15 1 
    0.465272 1.328670e-03 1.841300e-15 1 
    0.465547 1.313769e-03 1.818500e-15 1 
    0.465822 1.676104e-03 2.317300e-15 1 
    0.466097 1.617110e-03 2.233100e-15 1 
    0.466372 1.531438e-03 2.112300e-15 1 
    0.466647 1.633196e-03 2.250000e-15 1 
    0.466922 1.789041e-03 2.461800e-15 1 
    0.467197 1.819815e-03 2.501200e-15 1 
    0.467472 1.563583e-03 2.146500e-15 1 
    0.467747 1.403958e-03 1.925100e-15 1 
    0.468022 1.452631e-03 1.989500e-15 1 
    0.468297 1.472541e-03 2.014400e-15 1 
    0.468572 1.352488e-03 1.848000e-15 1 
    0.468847 1.700875e-03 2.321300e-15 1 
    0.469122 1.702504e-03 2.320800e-15 1 
    0.469397 1.691427e-03 2.303000e-15 1 
    0.469672 1.778485e-03 2.418700e-15 1 
    0.469947 1.712767e-03 2.326600e-15 1 
    0.470222 1.637531e-03 2.221800e-15 1 
    0.470497 1.686820e-03 2.286000e-15 1 
    0.470772 1.712359e-03 2.317900e-15 1 
    0.471047 1.755113e-03 2.373000e-15 1 
    0.471322 1.792113e-03 2.420200e-15 1 
    0.471597 1.848991e-03 2.494100e-15 1 
    0.471872 1.536376e-03 2.070000e-15 1 
    0.472147 1.754180e-03 2.360700e-15 1 
    0.472422 1.499117e-03 2.015100e-15 1 
    0.472697 1.723412e-03 2.313900e-15 1 
    0.472972 1.574269e-03 2.111200e-15 1 
    0.473247 1.722647e-03 2.307500e-15 1 
    0.473522 1.441605e-03 1.928800e-15 1 
    0.473797 1.509129e-03 2.016800e-15 1 
    0.474072 1.507959e-03 2.012900e-15 1 
    0.474347 1.552985e-03 2.070600e-15 1 
    0.474622 1.469936e-03 1.957600e-15 1 
    0.474897 1.390225e-03 1.849300e-15 1 
    0.475172 1.506536e-03 2.001700e-15 1 
    0.475447 1.536988e-03 2.039800e-15 1 
    0.475722 1.683003e-03 2.231000e-15 1 
    0.475997 1.509355e-03 1.998500e-15 1 
    0.476272 1.562515e-03 2.066500e-15 1 
    0.476547 1.472497e-03 1.945200e-15 1 
    0.476822 1.542784e-03 2.035700e-15 1 
    0.477097 1.673701e-03 2.205900e-15 1 
    0.477372 1.633625e-03 2.150600e-15 1 
    0.477647 1.687829e-03 2.219400e-15 1 
    0.477922 1.493646e-03 1.961800e-15 1 
    0.478197 1.478748e-03 1.940000e-15 1 
    0.478472 1.645130e-03 2.155800e-15 1 
    0.478747 1.631360e-03 2.135300e-15 1 
    0.479022 1.754620e-03 2.294000e-15 1 
    0.479297 1.466645e-03 1.915300e-15 1 
    0.479572 1.450619e-03 1.892200e-15 1 
    0.479847 1.505856e-03 1.962000e-15 1 
    0.480122 1.522182e-03 1.981000e-15 1 
    0.480397 1.682549e-03 2.187200e-15 1 
    0.480672 1.634879e-03 2.122800e-15 1 
    0.480947 1.509144e-03 1.957300e-15 1 
    0.481222 1.592616e-03 2.063200e-15 1 
    0.481497 1.850233e-03 2.394200e-15 1 
    0.481772 1.569876e-03 2.029100e-15 1 
    0.482047 1.735024e-03 2.240000e-15 1 
    0.482322 1.699628e-03 2.191800e-15 1 
    0.482597 1.584496e-03 2.041000e-15 1 
    0.482872 1.477336e-03 1.900800e-15 1 
    0.483147 1.832356e-03 2.354900e-15 1 
    0.483422 1.732706e-03 2.224300e-15 1 
    0.483697 1.760570e-03 2.257500e-15 1 
    0.483972 1.508434e-03 1.932000e-15 1 
    0.484247 1.568616e-03 2.006800e-15 1 
    0.484522 1.566016e-03 2.001200e-15 1 
    0.484797 1.665253e-03 2.125600e-15 1 
    0.485072 1.562123e-03 1.991700e-15 1 
    0.485347 1.611242e-03 2.052000e-15 1 
    0.485622 1.675956e-03 2.132000e-15 1 
    0.485897 1.738059e-03 2.208500e-15 1 
    0.486172 1.544003e-03 1.959700e-15 1 
    0.486447 1.580299e-03 2.003500e-15 1 
    0.486722 2.427813e-03 3.074500e-15 1 
    0.486997 5.787564e-03 7.320900e-15 1 
    0.487272 1.268056e-02 1.602200e-14 1 
    0.487547 1.780468e-02 2.247100e-14 1 
    0.487822 1.545379e-02 1.948200e-14 1 
    0.488097 8.015938e-03 1.009400e-14 1 
    0.488372 3.128261e-03 3.934800e-15 1 
    0.488647 1.783338e-03 2.240600e-15 1 
    0.488922 1.662397e-03 2.086300e-15 1 
    0.489197 1.492679e-03 1.871200e-15 1 
    0.489472 1.736576e-03 2.174500e-15 1 
    0.489747 1.589580e-03 1.988200e-15 1 
    0.490022 1.571436e-03 1.963300e-15 1 
    0.490297 1.530170e-03 1.909600e-15 1 
    0.490572 1.520897e-03 1.895900e-15 1 
    0.490847 1.586047e-03 1.974900e-15 1 
    0.491122 1.623764e-03 2.019600e-15 1 
    0.491397 1.614797e-03 2.006200e-15 1 
    0.491672 1.371318e-03 1.701800e-15 1 
    0.491947 1.546859e-03 1.917500e-15 1 
    0.492222 1.609240e-03 1.992600e-15 1 
    0.492497 1.565763e-03 1.936600e-15 1 
    0.492772 1.544039e-03 1.907600e-15 1 
    0.493047 1.560510e-03 1.925800e-15 1 
    0.493322 1.778036e-03 2.191800e-15 1 
    0.493597 1.790009e-03 2.204100e-15 1 
    0.493872 1.854607e-03 2.281100e-15 1 
    0.494147 1.686479e-03 2.072000e-15 1 
    0.494422 1.616080e-03 1.983300e-15 1 
    0.494697 1.534263e-03 1.880800e-15 1 
    0.494972 1.727803e-03 2.115700e-15 1 
    0.495247 1.421256e-03 1.738400e-15 1 
    0.495522 1.857526e-03 2.269500e-15 1 
    0.495797 1.618772e-03 1.975600e-15 1 
    0.496072 1.860421e-03 2.268000e-15 1 
    0.496347 2.370151e-03 2.886200e-15 1 
    0.496622 5.093720e-03 6.195900e-15 1 
    0.496897 1.393376e-02 1.693000e-14 1 
    0.497172 2.736777e-02 3.321600e-14 1 
    0.497447 3.193140e-02 3.871200e-14 1 
    0.497722 2.289082e-02 2.772100e-14 1 
    0.497997 9.322359e-03 1.127700e-14 1 
    0.498272 3.468154e-03 4.190700e-15 1 
    0.498547 2.597670e-03 3.135400e-15 1 
    0.498822 1.867088e-03 2.251100e-15 1 
    0.499097 1.793670e-03 2.160200e-15 1 
    0.499372 1.684926e-03 2.027000e-15 1 
    0.499647 1.617214e-03 1.943400e-15 1 
    0.499922 1.946309e-03 2.336300e-15 1 
    0.500197 1.979643e-03 2.373700e-15 1 
    0.500472 1.950010e-03 2.335600e-15 1 
    0.500747 2.258818e-03 2.702500e-15 1 
    0.501022 2.899233e-03 3.464900e-15 1 
    0.501297 6.632024e-03 7.917300e-15 1 
    0.501572 2.231885e-02 2.661500e-14 1 
    0.501847 5.982539e-02 7.126300e-14 1 
    0.502122 9.242118e-02 1.099700e-13 1 
    0.502397 8.585901e-02 1.020500e-13 1 
    0.502672 4.461809e-02 5.297400e-14 1 
    0.502947 1.358794e-02 1.611500e-14 1 
    0.503222 4.554553e-03 5.395700e-15 1 
    0.503497 2.513037e-03 2.973900e-15 1 
    0.503772 1.679388e-03 1.985200e-15 1 
    0.504047 1.782509e-03 2.104800e-15 1 
    0.504322 1.678140e-03 1.979400e-15 1 
    0.504597 1.833166e-03 2.159900e-15 1 
    0.504872 1.618673e-03 1.905100e-15 1 
    0.505147 1.623074e-03 1.908200e-15 1 
    0.505422 1.639998e-03 1.926000e-15 1 
    0.505697 1.518777e-03 1.781700e-15 1 
    0.505972 1.730271e-03 2.027600e-15 1 
    0.506247 1.737790e-03 2.034200e-15 1 
    0.506522 1.594805e-03 1.864800e-15 1 
    0.506797 1.507755e-03 1.761100e-15 1 
    0.507072 1.654409e-03 1.930300e-15 1 
    0.507347 1.733510e-03 2.020400e-15 1 
    0.507622 1.631545e-03 1.899500e-15 1 
    0.507897 1.678026e-03 1.951500e-15 1 
    0.508172 1.767214e-03 2.053000e-15 1 
    0.508447 1.765594e-03 2.048900e-15 1 
    0.508722 1.581515e-03 1.833300e-15 1 
    0.508997 1.544536e-03 1.788500e-15 1 
    0.509272 1.584677e-03 1.833000e-15 1 
    0.509547 1.639788e-03 1.894700e-15 1 
    0.509822 1.647017e-03 1.901000e-15 1 
    0.510097 1.609938e-03 1.856200e-15 1 
    0.510372 1.768135e-03 2.036400e-15 1 
    0.510647 1.529968e-03 1.760200e-15 1 
    0.510922 1.615324e-03 1.856400e-15 1 
    0.511197 1.627777e-03 1.868700e-15 1 
    0.511472 1.575203e-03 1.806400e-15 1 
    0.511747 1.548351e-03 1.773700e-15 1 
    0.512022 1.743408e-03 1.995000e-15 1 
    0.512297 1.372342e-03 1.568700e-15 1 
    0.512572 1.513500e-03 1.728200e-15 1 
    0.512847 1.776471e-03 2.026300e-15 1 
    0.513122 1.742920e-03 1.985900e-15 1 
    0.513397 1.773431e-03 2.018500e-15 1 
    0.513672 1.550963e-03 1.763400e-15 1 
    0.513947 1.645602e-03 1.869000e-15 1 
    0.514222 1.655208e-03 1.877900e-15 1 
    0.514497 1.414948e-03 1.603600e-15 1 
    0.514772 1.634990e-03 1.851000e-15 1 
    0.515047 1.524084e-03 1.723600e-15 1 
    0.515322 1.606884e-03 1.815300e-15 1 
    0.515597 1.548963e-03 1.748000e-15 1 
    0.515872 1.573413e-03 1.773700e-15 1 
    0.516147 1.555644e-03 1.751800e-15 1 
    0.516422 1.552412e-03 1.746300e-15 1 
    0.516697 1.495598e-03 1.680600e-15 1 
    0.516972 1.543427e-03 1.732500e-15 1 
    0.517247 1.619090e-03 1.815500e-15 1 
    0.517522 1.749995e-03 1.960200e-15 1 
    0.517797 1.692781e-03 1.894100e-15 1 
    0.518072 1.727503e-03 1.930900e-15 1 
    0.518347 1.631537e-03 1.821700e-15 1 
    0.518622 1.755918e-03 1.958500e-15 1 
    0.518897 1.571816e-03 1.751300e-15 1 
    0.519172 1.686958e-03 1.877600e-15 1 
    0.519447 1.485927e-03 1.652100e-15 1 
    0.519722 1.674238e-03 1.859500e-15 1 
    0.519997 1.621931e-03 1.799500e-15 1 
    0.520272 1.406198e-03 1.558500e-15 1 
    0.520547 1.448059e-03 1.603200e-15 1 
    0.520822 1.576899e-03 1.744000e-15 1 
    0.521097 1.569242e-03 1.733700e-15 1 
    0.521372 1.744869e-03 1.925700e-15 1 
    0.521647 1.859820e-03 2.050400e-15 1 
    0.521922 1.860691e-03 2.049200e-15 1 
    0.522197 1.720399e-03 1.892700e-15 1 
    0.522472 1.564431e-03 1.719300e-15 1 
    0.522747 1.770298e-03 1.943500e-15 1 
    0.523022 1.588061e-03 1.741600e-15 1 
    0.523297 1.732949e-03 1.898500e-15 1 
    0.523572 1.726456e-03 1.889400e-15 1 
    0.523847 1.784434e-03 1.950800e-15 1 
    0.524122 1.605736e-03 1.753600e-15 1 
    0.524397 1.741343e-03 1.899700e-15 1 
    0.524672 1.335846e-03 1.455800e-15 1 
    0.524947 1.507364e-03 1.641000e-15 1 
    0.525222 1.540392e-03 1.675200e-15 1 
    0.525497 1.664891e-03 1.808700e-15 1 
    0.525772 1.812777e-03 1.967300e-15 1 
    0.526047 1.714314e-03 1.858500e-15 1 
    0.526322 1.812047e-03 1.962400e-15 1 
    0.526597 1.685179e-03 1.823100e-15 1 
    0.526872 1.655571e-03 1.789200e-15 1 
    0.527147 1.900078e-03 2.051300e-15 1 
    0.527422 1.651519e-03 1.781100e-15 1 
    0.527697 1.637184e-03 1.763800e-15 1 
    0.527972 1.612223e-03 1.735100e-15 1 
    0.528247 1.467869e-03 1.578100e-15 1 
    0.528522 1.496866e-03 1.607600e-15 1 
    0.528797 1.660421e-03 1.781400e-15 1 
    0.529072 1.564364e-03 1.676600e-15 1 
    0.529347 1.567578e-03 1.678300e-15 1 
    0.529622 1.675610e-03 1.792100e-15 1 
    0.529897 1.603784e-03 1.713500e-15 1 
    0.530172 1.657074e-03 1.768600e-15 1 
    0.530447 1.656918e-03 1.766600e-15 1 
    0.530722 1.789611e-03 1.906100e-15 1 
    0.530997 1.565994e-03 1.666200e-15 1 
    0.531272 1.683527e-03 1.789400e-15 1 
    0.531547 1.686495e-03 1.790700e-15 1 
    0.531822 1.878965e-03 1.993000e-15 1 
    0.532097 1.880342e-03 1.992400e-15 1 
    0.532372 1.593670e-03 1.686900e-15 1 
    0.532647 1.793822e-03 1.896800e-15 1 
    0.532922 1.719088e-03 1.815900e-15 1 
    0.533197 1.755736e-03 1.852700e-15 1 
    0.533472 1.743982e-03 1.838400e-15 1 
    0.533747 1.686524e-03 1.776000e-15 1 
    0.534022 1.539304e-03 1.619300e-15 1 
    0.534297 1.696568e-03 1.782900e-15 1 
    0.534572 1.755944e-03 1.843400e-15 1 
    0.534847 1.407517e-03 1.476100e-15 1 
    0.535122 1.738274e-03 1.821100e-15 1 
    0.535397 1.769395e-03 1.851800e-15 1 
    0.535672 1.726928e-03 1.805500e-15 1 
    0.535947 1.663115e-03 1.737000e-15 1 
    0.536222 1.637506e-03 1.708500e-15 1 
    0.536497 1.648397e-03 1.718100e-15 1 
    0.536772 1.682741e-03 1.752100e-15 1 
    0.537047 1.702252e-03 1.770600e-15 1 
    0.537322 1.608816e-03 1.671700e-15 1 
    0.537597 1.841094e-03 1.911100e-15 1 
    0.537872 1.789938e-03 1.856100e-15 1 
    0.538147 1.796692e-03 1.861200e-15 1 
    0.538422 1.699577e-03 1.758800e-15 1 
    0.538697 1.792048e-03 1.852600e-15 1 
    0.538972 1.648342e-03 1.702300e-15 1 
    0.539247 1.794255e-03 1.851100e-15 1 
    0.539522 1.906309e-03 1.964700e-15 1 
    0.539797 1.982458e-03 2.041100e-15 1 
    0.540072 1.567865e-03 1.612600e-15 1 
    0.540347 1.742020e-03 1.789900e-15 1 
    0.540622 1.566969e-03 1.608400e-15 1 
    0.540897 1.555690e-03 1.595200e-15 1 
    0.541172 1.430949e-03 1.465800e-15 1 
    0.541447 1.652473e-03 1.691000e-15 1 
    0.541722 1.881781e-03 1.923700e-15 1 
    0.541997 1.618916e-03 1.653300e-15 1 
    0.542272 1.521559e-03 1.552300e-15 1 
    0.542547 1.787141e-03 1.821400e-15 1 
    0.542822 1.619133e-03 1.648500e-15 1 
    0.543097 1.677111e-03 1.705800e-15 1 
    0.543372 1.544371e-03 1.569200e-15 1 
    0.543647 1.678933e-03 1.704200e-15 1 
    0.543922 1.689803e-03 1.713500e-15 1 
    0.544197 1.763872e-03 1.786800e-15 1 
    0.544472 1.642035e-03 1.661700e-15 1 
    0.544747 1.568122e-03 1.585300e-15 1 
    0.545022 1.808434e-03 1.826400e-15 1 
    0.545297 1.802330e-03 1.818400e-15 1 
    0.545572 1.611669e-03 1.624400e-15 1 
    0.545847 1.636534e-03 1.647800e-15 1 
    0.546122 1.542247e-03 1.551300e-15 1 
    0.546397 1.595151e-03 1.602900e-15 1 
    0.546672 1.692489e-03 1.699000e-15 1 
    0.546947 1.699477e-03 1.704300e-15 1 
    0.547222 1.748200e-03 1.751400e-15 1 
    0.547497 1.494069e-03 1.495300e-15 1 
    0.547772 1.592688e-03 1.592400e-15 1 
    0.548047 1.798829e-03 1.796700e-15 1 
    0.548322 1.717253e-03 1.713500e-15 1 
    0.548597 1.679450e-03 1.674100e-15 1 
    0.548872 1.735361e-03 1.728100e-15 1 
    0.549147 1.739211e-03 1.730200e-15 1 
    0.549422 1.697384e-03 1.686900e-15 1 
    0.549697 1.731517e-03 1.719100e-15 1 
    0.549972 1.812799e-03 1.798000e-15 1 
    0.550247 1.798162e-03 1.781700e-15 1 
    0.550522 1.652160e-03 1.635400e-15 1 
    0.550797 1.815107e-03 1.794900e-15 1 
    0.551072 1.736950e-03 1.715900e-15 1 
    0.551347 1.849639e-03 1.825400e-15 1 
    0.551622 1.707252e-03 1.683200e-15 1 
    0.551897 1.946129e-03 1.916800e-15 1 
    0.552172 1.711980e-03 1.684500e-15 1 
    0.552447 1.707988e-03 1.678900e-15 1 
    0.552722 1.846350e-03 1.813100e-15 1 
    0.552997 1.782338e-03 1.748500e-15 1 
    0.553272 1.782682e-03 1.747100e-15 1 
    0.553547 1.816935e-03 1.778900e-15 1 
    0.553822 1.651170e-03 1.615000e-15 1 
    0.554097 1.856673e-03 1.814200e-15 1 
    0.554372 1.771953e-03 1.729700e-15 1 
    0.554647 1.703058e-03 1.660800e-15 1 
    0.554922 1.612776e-03 1.571200e-15 1 
    0.555197 1.711780e-03 1.666000e-15 1 
    0.555472 1.659994e-03 1.614000e-15 1 
    0.555747 1.568159e-03 1.523200e-15 1 
    0.556022 1.586302e-03 1.539300e-15 1 
    0.556297 1.772933e-03 1.718700e-15 1 
    0.556572 1.796680e-03 1.740000e-15 1 
    0.556847 1.910187e-03 1.848100e-15 1 
    0.557122 1.619796e-03 1.565600e-15 1 
    0.557397 1.589187e-03 1.534500e-15 1 
    0.557672 1.513420e-03 1.459900e-15 1 
    0.557947 1.598758e-03 1.540700e-15 1 
    0.558222 1.870502e-03 1.800800e-15 1 
    0.558497 1.933273e-03 1.859400e-15 1 
    0.558772 1.473812e-03 1.416100e-15 1 
    0.559047 1.878952e-03 1.803600e-15 1 
    0.559322 1.807805e-03 1.733600e-15 1 
    0.559597 1.527331e-03 1.463200e-15 1 
    0.559872 1.672396e-03 1.600600e-15 1 
    0.560147 1.541212e-03 1.473600e-15 1 
    0.560422 1.906003e-03 1.820600e-15 1 
    0.560697 1.757391e-03 1.677000e-15 1 
    0.560972 1.777262e-03 1.694300e-15 1 
    0.561247 1.749290e-03 1.666000e-15 1 
    0.561522 1.706441e-03 1.623600e-15 1 
    0.561797 1.760821e-03 1.673700e-15 1 
    0.562072 1.692937e-03 1.607600e-15 1 
    0.562347 1.446982e-03 1.372700e-15 1 
    0.562622 1.601499e-03 1.517800e-15 1 
    0.562897 1.655135e-03 1.567100e-15 1 
    0.563172 1.556212e-03 1.472000e-15 1 
    0.563447 1.728109e-03 1.633000e-15 1 
    0.563722 1.735304e-03 1.638200e-15 1 
    0.563997 1.668502e-03 1.573600e-15 1 
    0.564272 1.697724e-03 1.599600e-15 1 
    0.564547 1.774915e-03 1.670700e-15 1 
    0.564822 1.673280e-03 1.573500e-15 1 
    0.565097 1.802218e-03 1.693100e-15 1 
    0.565372 1.712235e-03 1.607000e-15 1 
    0.565647 1.664734e-03 1.560900e-15 1 
    0.565922 1.786133e-03 1.673100e-15 1 
    0.566197 1.853695e-03 1.734700e-15 1 
    0.566472 1.726819e-03 1.614400e-15 1 
    0.566747 1.667682e-03 1.557600e-15 1 
    0.567022 1.626861e-03 1.518000e-15 1 
    0.567297 1.585851e-03 1.478300e-15 1 
    0.567572 1.750068e-03 1.629800e-15 1 
    0.567847 1.806796e-03 1.681000e-15 1 
    0.568122 1.896231e-03 1.762500e-15 1 
    0.568397 1.854236e-03 1.721800e-15 1 
    0.568672 1.773136e-03 1.644900e-15 1 
    0.568947 1.758666e-03 1.629900e-15 1 
    0.569222 1.622661e-03 1.502400e-15 1 
    0.569497 1.503904e-03 1.391100e-15 1 
    0.569772 1.493345e-03 1.380000e-15 1 
    0.570047 1.840970e-03 1.699600e-15 1 
    0.570322 1.795800e-03 1.656300e-15 1 
    0.570597 1.824773e-03 1.681400e-15 1 
    0.570872 1.857709e-03 1.710100e-15 1 
    0.571147 1.832316e-03 1.685100e-15 1 
    0.571422 1.958050e-03 1.799000e-15 1 
    0.571697 1.847721e-03 1.696000e-15 1 
    0.571972 1.716676e-03 1.574200e-15 1 
    0.572247 1.765045e-03 1.617000e-15 1 
    0.572522 1.784552e-03 1.633300e-15 1 
    0.572797 1.660933e-03 1.518700e-15 1 
    0.573072 1.631877e-03 1.490700e-15 1 
    0.573347 1.744224e-03 1.591800e-15 1 
    0.573622 1.817081e-03 1.656700e-15 1 
    0.573897 1.684665e-03 1.534500e-15 1 
    0.574172 1.645510e-03 1.497400e-15 1 
    0.574447 1.757963e-03 1.598200e-15 1 
    0.574722 1.699862e-03 1.543900e-15 1 
    0.574997 1.770809e-03 1.606800e-15 1 
    0.575272 1.921977e-03 1.742300e-15 1 
    0.575547 1.831837e-03 1.659000e-15 1 
    0.575822 1.709028e-03 1.546300e-15 1 
    0.576097 1.789871e-03 1.617900e-15 1 
    0.576372 1.713844e-03 1.547700e-15 1 
    0.576647 1.587791e-03 1.432500e-15 1 
    0.576922 1.639787e-03 1.478000e-15 1 
    0.577197 1.645126e-03 1.481400e-15 1 
    0.577472 1.722949e-03 1.550000e-15 1 
    0.577747 1.928870e-03 1.733600e-15 1 
    0.578022 1.977705e-03 1.775800e-15 1 
    0.578297 1.857967e-03 1.666700e-15 1 
    0.578572 1.755964e-03 1.573700e-15 1 
    0.578847 1.900706e-03 1.701800e-15 1 
    0.579122 1.908773e-03 1.707400e-15 1 
    0.579397 1.919538e-03 1.715400e-15 1 
    0.579672 1.792441e-03 1.600300e-15 1 
    0.579947 1.707142e-03 1.522700e-15 1 
    0.580222 1.747477e-03 1.557200e-15 1 
    0.580497 1.916050e-03 1.705800e-15 1 
    0.580772 1.899427e-03 1.689400e-15 1 
    0.581047 1.777209e-03 1.579200e-15 1 
    0.581322 1.834425e-03 1.628500e-15 1 
    0.581597 1.851947e-03 1.642500e-15 1 
    0.581872 1.909451e-03 1.691900e-15 1 
    0.582147 1.935882e-03 1.713700e-15 1 
    0.582422 1.840470e-03 1.627700e-15 1 
    0.582697 1.874917e-03 1.656600e-15 1 
    0.582972 1.842588e-03 1.626500e-15 1 
    0.583247 1.893879e-03 1.670200e-15 1 
    0.583522 1.863205e-03 1.641600e-15 1 
    0.583797 1.809976e-03 1.593200e-15 1 
    0.584072 1.761875e-03 1.549400e-15 1 
    0.584347 1.659844e-03 1.458300e-15 1 
    0.584622 1.779322e-03 1.561800e-15 1 
    0.584897 1.778373e-03 1.559500e-15 1 
    0.585172 1.790433e-03 1.568600e-15 1 
    0.585447 1.746188e-03 1.528400e-15 1 
    0.585722 1.985348e-03 1.736100e-15 1 
    0.585997 1.796744e-03 1.569700e-15 1 
    0.586272 1.770246e-03 1.545100e-15 1 
    0.586547 1.662389e-03 1.449600e-15 1 
    0.586822 1.579235e-03 1.375800e-15 1 
    0.587097 1.810045e-03 1.575400e-15 1 
    0.587372 1.507906e-03 1.311200e-15 1 
    0.587647 1.834503e-03 1.593700e-15 1 
    0.587922 1.578133e-03 1.369700e-15 1 
    0.588197 1.861465e-03 1.614100e-15 1 
    0.588472 1.950358e-03 1.689600e-15 1 
    0.588747 2.586617e-03 2.238700e-15 1 
    0.589022 3.276798e-03 2.833400e-15 1 
    0.589297 4.013990e-03 3.467600e-15 1 
    0.589572 3.977068e-03 3.432500e-15 1 
    0.589847 2.658105e-03 2.292000e-15 1 
    0.590122 2.114305e-03 1.821400e-15 1 
    0.590397 1.831031e-03 1.575900e-15 1 
    0.590672 1.759121e-03 1.512600e-15 1 
    0.590947 1.602563e-03 1.376700e-15 1 
    0.591222 1.624329e-03 1.394100e-15 1 
    0.591497 1.394927e-03 1.196100e-15 1 
    0.591772 1.518675e-03 1.301000e-15 1 
    0.592047 1.841981e-03 1.576500e-15 1 
    0.592322 1.844628e-03 1.577300e-15 1 
    0.592597 1.712311e-03 1.462800e-15 1 
    0.592872 1.649577e-03 1.407900e-15 1 
    0.593147 1.943238e-03 1.657000e-15 1 
    0.593422 1.876606e-03 1.598700e-15 1 
    0.593697 1.936151e-03 1.647900e-15 1 
    0.593972 1.962171e-03 1.668500e-15 1 
    0.594247 1.830623e-03 1.555200e-15 1 
    0.594522 1.647107e-03 1.398000e-15 1 
    0.594797 1.645801e-03 1.395600e-15 1 
    0.595072 1.670930e-03 1.415600e-15 1 
    0.595347 1.784359e-03 1.510300e-15 1 
    0.595622 1.794877e-03 1.517800e-15 1 
    0.595897 1.580638e-03 1.335400e-15 1 
    0.596172 1.977918e-03 1.669500e-15 1 
    0.596447 1.754080e-03 1.479200e-15 1 
    0.596722 1.688162e-03 1.422300e-15 1 
    0.596997 1.589093e-03 1.337600e-15 1 
    0.597272 1.590914e-03 1.337900e-15 1 
    0.597547 1.626062e-03 1.366200e-15 1 
    0.597822 1.916331e-03 1.608600e-15 1 
    0.598097 1.530326e-03 1.283400e-15 1 
    0.598372 1.658006e-03 1.389200e-15 1 
    0.598647 1.935123e-03 1.619900e-15 1 
    0.598922 1.962967e-03 1.641700e-15 1 
    0.599197 1.892484e-03 1.581300e-15 1 
    0.599472 1.770839e-03 1.478300e-15 1 
    0.599747 1.942961e-03 1.620500e-15 1 
    0.600022 1.748648e-03 1.457100e-15 1 
    0.600297 1.737879e-03 1.446800e-15 1 
    0.600572 1.511758e-03 1.257400e-15 1 
    0.600847 1.908216e-03 1.585700e-15 1 
    0.601122 1.822156e-03 1.512800e-15 1 
    0.601397 2.003578e-03 1.661900e-15 1 
    0.601672 1.746212e-03 1.447100e-15 1 
    0.601947 1.941540e-03 1.607500e-15 1 
    0.602222 2.023223e-03 1.673600e-15 1 
    0.602497 2.066816e-03 1.708100e-15 1 
    0.602772 1.866447e-03 1.541100e-15 1 
    0.603047 1.862453e-03 1.536400e-15 1 
    0.603322 1.773274e-03 1.461500e-15 1 
    0.603597 1.723642e-03 1.419300e-15 1 
    0.603872 1.911312e-03 1.572400e-15 1 
    0.604147 1.802825e-03 1.481800e-15 1 
    0.604422 1.677577e-03 1.377600e-15 1 
    0.604697 1.692267e-03 1.388400e-15 1 
    0.604972 2.042109e-03 1.673900e-15 1 
    0.605247 1.649679e-03 1.351000e-15 1 
    0.605522 2.010013e-03 1.644600e-15 1 
    0.605797 2.014164e-03 1.646500e-15 1 
    0.606072 1.974485e-03 1.612600e-15 1 
    0.606347 1.963900e-03 1.602500e-15 1 
    0.606622 2.253818e-03 1.837400e-15 1 
    0.606897 2.029220e-03 1.652800e-15 1 
    0.607172 1.858527e-03 1.512400e-15 1 
    0.607447 1.843114e-03 1.498500e-15 1 
    0.607722 1.758854e-03 1.428700e-15 1 
    0.607997 1.751328e-03 1.421300e-15 1 
    0.608272 1.817045e-03 1.473300e-15 1 
    0.608547 1.832637e-03 1.484600e-15 1 
    0.608822 1.936968e-03 1.567700e-15 1 
    0.609097 1.717479e-03 1.388800e-15 1 
    0.609372 1.785004e-03 1.442100e-15 1 
    0.609647 1.903196e-03 1.536200e-15 1 
    0.609922 1.578293e-03 1.272800e-15 1 
    0.610197 1.694769e-03 1.365500e-15 1 
    0.610472 1.733689e-03 1.395600e-15 1 
    0.610747 1.848771e-03 1.486900e-15 1 
    0.611022 1.721756e-03 1.383500e-15 1 
    0.611297 1.903297e-03 1.528000e-15 1 
    0.611572 1.822227e-03 1.461600e-15 1 
    0.611847 1.637561e-03 1.312300e-15 1 
    0.612122 1.888829e-03 1.512300e-15 1 
    0.612397 1.964658e-03 1.571600e-15 1 
    0.612672 1.956538e-03 1.563700e-15 1 
    0.612947 1.915715e-03 1.529700e-15 1 
    0.613222 1.690305e-03 1.348500e-15 1 
    0.613497 1.538259e-03 1.226100e-15 1 
    0.613772 1.703636e-03 1.356700e-15 1 
    0.614047 1.904121e-03 1.515000e-15 1 
    0.614322 1.942183e-03 1.543900e-15 1 
    0.614597 1.866361e-03 1.482300e-15 1 
    0.614872 1.726257e-03 1.369800e-15 1 
    0.615147 1.771444e-03 1.404400e-15 1 
    0.615422 1.722781e-03 1.364600e-15 1 
    0.615697 1.857632e-03 1.470100e-15 1 
    0.615972 1.638595e-03 1.295600e-15 1 
    0.616247 1.750442e-03 1.382800e-15 1 
    0.616522 1.838034e-03 1.450700e-15 1 
    0.616797 1.944295e-03 1.533200e-15 1 
    0.617072 1.829765e-03 1.441600e-15 1 
    0.617347 1.749456e-03 1.377100e-15 1 
    0.617622 1.742623e-03 1.370500e-15 1 
    0.617897 1.715922e-03 1.348300e-15 1 
    0.618172 1.784578e-03 1.401000e-15 1 
    0.618447 1.829896e-03 1.435300e-15 1 
    0.618722 1.845305e-03 1.446100e-15 1 
    0.618997 1.767505e-03 1.383900e-15 1 
    0.619272 1.846798e-03 1.444700e-15 1 
    0.619547 1.745186e-03 1.364000e-15 1 
    0.619822 1.694359e-03 1.323100e-15 1 
    0.620097 1.892481e-03 1.476500e-15 1 
    0.620372 1.897880e-03 1.479400e-15 1 
    0.620647 1.675632e-03 1.305000e-15 1 
    0.620922 1.793294e-03 1.395400e-15 1 
    0.621197 1.763884e-03 1.371300e-15 1 
    0.621472 2.005036e-03 1.557400e-15 1 
    0.621747 1.812881e-03 1.406900e-15 1 
    0.622022 1.726012e-03 1.338300e-15 1 
    0.622297 1.788466e-03 1.385500e-15 1 
    0.622572 1.676611e-03 1.297700e-15 1 
    0.622847 1.837794e-03 1.421200e-15 1 
    0.623122 2.080669e-03 1.607600e-15 1 
    0.623397 1.807360e-03 1.395200e-15 1 
    0.623672 1.904381e-03 1.468800e-15 1 
    0.623947 1.658071e-03 1.277700e-15 1 
    0.624222 1.981646e-03 1.525700e-15 1 
    0.624497 1.834414e-03 1.411100e-15 1 
    0.624772 1.837851e-03 1.412500e-15 1 
    0.625047 1.821889e-03 1.399000e-15 1 
    0.625322 2.047160e-03 1.570600e-15 1 
    0.625597 1.917199e-03 1.469600e-15 1 
    0.625872 1.508367e-03 1.155200e-15 1 
    0.626147 1.852092e-03 1.417200e-15 1 
    0.626422 1.663795e-03 1.272000e-15 1 
    0.626697 1.784783e-03 1.363300e-15 1 
    0.626972 1.693187e-03 1.292200e-15 1 
    0.627247 1.773491e-03 1.352300e-15 1 
    0.627522 1.356848e-03 1.033700e-15 1 
    0.627797 1.529878e-03 1.164500e-15 1 
    0.628072 1.805641e-03 1.373200e-15 1 
    0.628347 1.734313e-03 1.317800e-15 1 
    0.628622 1.820792e-03 1.382300e-15 1 
    0.628897 1.785734e-03 1.354500e-15 1 
    0.629172 2.160326e-03 1.637200e-15 1 
    0.629447 1.819631e-03 1.377800e-15 1 
    0.629722 1.753676e-03 1.326700e-15 1 
    0.629997 1.961064e-03 1.482300e-15 1 
    0.630272 1.704039e-03 1.286900e-15 1 
    0.630547 1.030777e-03 7.777700e-16 1 
    0.630822 1.421429e-03 1.071600e-15 1 
    0.631097 1.655930e-03 1.247300e-15 1 
    0.631372 2.068893e-03 1.557000e-15 1 
    0.631647 2.631925e-03 1.979000e-15 1 
    0.631922 2.937704e-03 2.207000e-15 1 
    0.632197 2.556975e-03 1.919300e-15 1 
    0.632472 2.452128e-03 1.839000e-15 1 
    0.632747 2.249405e-03 1.685500e-15 1 
    0.633022 2.339519e-03 1.751500e-15 1 
    0.633297 2.277515e-03 1.703600e-15 1 
    0.633572 1.376447e-03 1.028700e-15 1 
    0.633847 1.813554e-03 1.354200e-15 1 
    0.634122 1.804539e-03 1.346300e-15 1 
    0.634397 1.636266e-03 1.219700e-15 1 
    0.634672 1.856813e-03 1.382900e-15 1 
    0.634947 2.112412e-03 1.571900e-15 1 
    0.635222 2.128768e-03 1.582700e-15 1 
    0.635497 2.060745e-03 1.530800e-15 1 
    0.635772 2.082604e-03 1.545700e-15 1 
    0.636047 2.040849e-03 1.513400e-15 1 
    0.636322 1.807229e-03 1.339000e-15 1 
    0.636597 2.092606e-03 1.549100e-15 1 
    0.636872 1.655143e-03 1.224200e-15 1 
    0.637147 1.911784e-03 1.412800e-15 1 
    0.637422 2.045620e-03 1.510400e-15 1 
    0.637697 1.809084e-03 1.334600e-15 1 
    0.637972 1.677824e-03 1.236700e-15 1 
    0.638247 2.041956e-03 1.503800e-15 1 
    0.638522 2.177581e-03 1.602300e-15 1 
    0.638797 2.153613e-03 1.583300e-15 1 
    0.639072 1.815940e-03 1.333900e-15 1 
    0.639347 1.802925e-03 1.323200e-15 1 
    0.639622 1.637829e-03 1.201000e-15 1 
    0.639897 1.880005e-03 1.377400e-15 1 
    0.640172 2.079838e-03 1.522500e-15 1 
    0.640447 1.969511e-03 1.440500e-15 1 
    0.640722 1.881982e-03 1.375300e-15 1 
    0.640997 1.935232e-03 1.413000e-15 1 
    0.641272 1.967049e-03 1.435000e-15 1 
    0.641547 1.981770e-03 1.444500e-15 1 
    0.641822 1.774206e-03 1.292100e-15 1 
    0.642097 1.968953e-03 1.432700e-15 1 
    0.642372 1.976692e-03 1.437100e-15 1 
    0.642647 2.027944e-03 1.473100e-15 1 
    0.642922 2.168703e-03 1.574000e-15 1 
    0.643197 1.805949e-03 1.309600e-15 1 
    0.643472 1.953103e-03 1.415100e-15 1 
    0.643747 2.119985e-03 1.534700e-15 1 
    0.644022 1.909160e-03 1.380900e-15 1 
    0.644297 1.702955e-03 1.230700e-15 1 
    0.644572 1.804538e-03 1.303000e-15 1 
    0.644847 1.992646e-03 1.437600e-15 1 
    0.645122 1.868520e-03 1.346900e-15 1 
    0.645397 1.804301e-03 1.299500e-15 1 
    0.645672 2.113922e-03 1.521200e-15 1 
    0.645947 1.901814e-03 1.367400e-15 1 
    0.646222 1.667210e-03 1.197700e-15 1 
    0.646497 2.007036e-03 1.440600e-15 1 
    0.646772 1.794428e-03 1.286900e-15 1 
    0.647047 2.068369e-03 1.482100e-15 1 
    0.647322 2.176420e-03 1.558200e-15 1 
    0.647597 1.903435e-03 1.361600e-15 1 
    0.647872 1.939190e-03 1.386000e-15 1 
    0.648147 1.706284e-03 1.218500e-15 1 
    0.648422 1.692876e-03 1.207900e-15 1 
    0.648697 1.872595e-03 1.335000e-15 1 
    0.648972 1.727617e-03 1.230600e-15 1 
    0.649247 1.872259e-03 1.332500e-15 1 
    0.649522 2.347475e-03 1.669300e-15 1 
    0.649797 1.725539e-03 1.226000e-15 1 
    0.650072 2.185936e-03 1.551800e-15 1 
    0.650347 1.737766e-03 1.232600e-15 1 
    0.650622 1.945105e-03 1.378500e-15 1 
    0.650897 1.723477e-03 1.220400e-15 1 
    0.651172 1.748396e-03 1.237000e-15 1 
    0.651447 1.767839e-03 1.249700e-15 1 
    0.651722 1.864332e-03 1.316800e-15 1 
    0.651997 2.042890e-03 1.441700e-15 1 
    0.652272 2.030573e-03 1.431800e-15 1 
    0.652547 1.757207e-03 1.238000e-15 1 
    0.652822 2.031868e-03 1.430300e-15 1 
    0.653097 1.859696e-03 1.308000e-15 1 
    0.653372 2.093778e-03 1.471400e-15 1 
    0.653647 2.315861e-03 1.626100e-15 1 
    0.653922 2.265356e-03 1.589300e-15 1 
    0.654197 1.877093e-03 1.315800e-15 1 
    0.654472 1.948918e-03 1.365000e-15 1 
    0.654747 2.055157e-03 1.438200e-15 1 
    0.655022 1.929598e-03 1.349200e-15 1 
    0.655297 1.711359e-03 1.195600e-15 1 
    0.655572 1.819523e-03 1.270100e-15 1 
    0.655847 2.197131e-03 1.532400e-15 1 
    0.656122 2.078866e-03 1.448700e-15 1 
    0.656397 2.597637e-03 1.808700e-15 1 
    0.656672 2.859839e-03 1.989600e-15 1 
    0.656947 3.145926e-03 2.186800e-15 1 
    0.657222 5.105828e-03 3.546200e-15 1 
    0.657497 1.236990e-02 8.584200e-15 1 
    0.657772 3.929455e-02 2.724600e-14 1 
    0.658047 7.692128e-02 5.329100e-14 1 
    0.658322 8.865527e-02 6.136900e-14 1 
    0.658597 5.904350e-02 4.083700e-14 1 
    0.658872 2.444342e-02 1.689200e-14 1 
    0.659147 7.863704e-03 5.429800e-15 1 
    0.659422 3.670173e-03 2.532100e-15 1 
    0.659697 3.120675e-03 2.151200e-15 1 
    0.659972 4.061045e-03 2.797100e-15 1 
    0.660247 4.671966e-03 3.215200e-15 1 
    0.660522 4.147076e-03 2.851600e-15 1 
    0.660797 3.361644e-03 2.309600e-15 1 
    0.661072 2.344738e-03 1.609600e-15 1 
    0.661347 2.129165e-03 1.460400e-15 1 
    0.661622 2.085557e-03 1.429300e-15 1 
    0.661897 2.015879e-03 1.380400e-15 1 
    0.662172 1.875490e-03 1.283200e-15 1 
    0.662447 2.076426e-03 1.419500e-15 1 
    0.662722 1.871287e-03 1.278200e-15 1 
    0.662997 2.079875e-03 1.419500e-15 1 
    0.663272 2.098758e-03 1.431200e-15 1 
    0.663547 1.811666e-03 1.234400e-15 1 
    0.663822 1.941840e-03 1.322000e-15 1 
    0.664097 1.948301e-03 1.325300e-15 1 
    0.664372 2.157809e-03 1.466600e-15 1 
    0.664647 1.976709e-03 1.342400e-15 1 
    0.664922 1.896848e-03 1.287100e-15 1 
    0.665197 1.911692e-03 1.296100e-15 1 
    0.665472 1.848764e-03 1.252400e-15 1 
    0.665747 1.665913e-03 1.127600e-15 1 
    0.666022 1.835260e-03 1.241200e-15 1 
    0.666297 1.845803e-03 1.247300e-15 1 
    0.666572 1.796971e-03 1.213300e-15 1 
    0.666847 1.659564e-03 1.119600e-15 1 
    0.667122 1.621472e-03 1.093000e-15 1 
    0.667397 1.677744e-03 1.130000e-15 1 
    0.667672 1.935751e-03 1.302700e-15 1 
    0.667947 1.762751e-03 1.185300e-15 1 
    0.668222 1.852317e-03 1.244500e-15 1 
    0.668497 2.002208e-03 1.344100e-15 1 
    0.668772 1.998638e-03 1.340600e-15 1 
    0.669047 2.261844e-03 1.515900e-15 1 
    0.669322 2.372267e-03 1.588600e-15 1 
    0.669597 2.455818e-03 1.643200e-15 1 
    0.669872 3.053298e-03 2.041300e-15 1 
    0.670147 2.388298e-03 1.595400e-15 1 
    0.670422 2.209424e-03 1.474700e-15 1 
    0.670697 2.008511e-03 1.339500e-15 1 
    0.670972 1.903610e-03 1.268500e-15 1 
    0.671247 1.796733e-03 1.196300e-15 1 
    0.671522 1.839692e-03 1.223900e-15 1 
    0.671797 1.792307e-03 1.191400e-15 1 
    0.672072 2.248768e-03 1.493600e-15 1 
    0.672347 1.761792e-03 1.169200e-15 1 
    0.672622 2.052179e-03 1.360800e-15 1 
    0.672897 2.500309e-03 1.656600e-15 1 
    0.673172 3.691899e-03 2.444100e-15 1 
    0.673447 6.539916e-03 4.326000e-15 1 
    0.673722 7.388909e-03 4.883600e-15 1 
    0.673997 5.909927e-03 3.902900e-15 1 
    0.674272 3.661238e-03 2.415900e-15 1 
    0.674547 3.278374e-03 2.161500e-15 1 
    0.674822 4.732207e-03 3.117500e-15 1 
    0.675097 5.612483e-03 3.694400e-15 1 
    0.675372 5.083084e-03 3.343200e-15 1 
    0.675647 3.619732e-03 2.378800e-15 1 
    0.675922 2.639189e-03 1.733000e-15 1 
    0.676197 2.219302e-03 1.456100e-15 1 
    0.676472 2.242921e-03 1.470400e-15 1 
    0.676747 2.265507e-03 1.484000e-15 1 
    0.677022 1.971096e-03 1.290100e-15 1 
    0.677297 1.785688e-03 1.167800e-15 1 
    0.677572 1.911861e-03 1.249300e-15 1 
    0.677847 1.695162e-03 1.106800e-15 1 
    0.678122 1.602269e-03 1.045300e-15 1 
    0.678397 1.722613e-03 1.122900e-15 1 
    0.678672 1.788340e-03 1.164800e-15 1 
    0.678947 1.925775e-03 1.253300e-15 1 
    0.679222 1.943790e-03 1.264000e-15 1 
    0.679497 1.875491e-03 1.218600e-15 1 
    0.679772 1.938622e-03 1.258600e-15 1 
    0.680047 2.023126e-03 1.312400e-15 1 
    0.680322 2.115941e-03 1.371500e-15 1 
    0.680597 2.173238e-03 1.407500e-15 1 
    0.680872 2.033137e-03 1.315700e-15 1 
    0.681147 1.897756e-03 1.227100e-15 1 
    0.681422 1.859820e-03 1.201600e-15 1 
    0.681697 1.775041e-03 1.145900e-15 1 
    0.681972 1.474818e-03 9.513200e-16 1 
    0.682247 1.544105e-03 9.952100e-16 1 
    0.682522 1.841762e-03 1.186100e-15 1 
    0.682797 2.194148e-03 1.411900e-15 1 
    0.683912 1.998479e-03 1.281800e-15 0 
    0.685488 2.011928e-03 1.284500e-15 0 
    0.687068 1.956856e-03 1.243600e-15 0 
    0.688652 1.956563e-03 1.237700e-15 0 
    0.690240 1.969726e-03 1.240300e-15 0 
    0.691831 1.978657e-03 1.240200e-15 0 
    0.693426 1.987470e-03 1.240000e-15 0 
    0.695024 1.973455e-03 1.225600e-15 0 
    0.696626 2.023812e-03 1.251100e-15 0 
    0.698233 1.995620e-03 1.228000e-15 0 
    0.699842 2.051193e-03 1.256400e-15 0 
    0.701455 2.046227e-03 1.247600e-15 0 
    0.703072 2.017775e-03 1.224600e-15 0 
    0.704693 1.989845e-03 1.202100e-15 0 
    0.706318 2.054742e-03 1.235600e-15 0 
    0.707946 2.078258e-03 1.244000e-15 0 
    0.709578 1.952576e-03 1.163400e-15 0 
    0.711214 2.034935e-03 1.206900e-15 0 
    0.712853 2.020611e-03 1.192900e-15 0 
    0.714496 2.015642e-03 1.184500e-15 0 
    0.716143 1.955880e-03 1.144100e-15 0 
    0.717794 1.964565e-03 1.143900e-15 0 
    0.719449 1.946202e-03 1.128000e-15 0 
    0.721108 1.923641e-03 1.109800e-15 0 
    0.722770 1.950106e-03 1.119900e-15 0 
    0.724436 2.027681e-03 1.159100e-15 0 
    0.726106 2.046004e-03 1.164200e-15 0 
    0.727780 2.074163e-03 1.174800e-15 0 
    0.729457 2.007996e-03 1.132100e-15 0 
    0.731139 2.017089e-03 1.132000e-15 0 
    0.732825 2.102124e-03 1.174300e-15 0 
    0.734514 2.087187e-03 1.160600e-15 0 
    0.736207 2.091761e-03 1.157800e-15 0 
    0.737904 2.120474e-03 1.168300e-15 0 
    0.739605 2.100722e-03 1.152100e-15 0 
    0.741310 2.114815e-03 1.154500e-15 0 
    0.743019 2.109671e-03 1.146400e-15 0 
    0.744732 2.080401e-03 1.125300e-15 0 
    0.746449 2.153153e-03 1.159300e-15 0 
    0.748170 2.162720e-03 1.159100e-15 0 
    0.749894 2.162389e-03 1.153600e-15 0 
    0.751623 2.162014e-03 1.148100e-15 0 
    0.753356 2.181644e-03 1.153200e-15 0 
    0.755092 2.211666e-03 1.163700e-15 0 
    0.756833 2.206220e-03 1.155500e-15 0 
    0.758578 2.190510e-03 1.142000e-15 0 
    0.760326 2.155140e-03 1.118400e-15 0 
    0.762079 2.149796e-03 1.110500e-15 0 
    0.763836 2.139689e-03 1.100200e-15 0 
    0.765597 2.149176e-03 1.100000e-15 0 
    0.767361 2.153791e-03 1.097300e-15 0 
    0.769130 2.104379e-03 1.067200e-15 0 
    0.770904 2.128361e-03 1.074400e-15 0 
    0.772681 2.108532e-03 1.059500e-15 0 
    0.774462 2.103269e-03 1.052000e-15 0 
    0.776247 2.137078e-03 1.064000e-15 0 
    0.778037 2.045247e-03 1.013600e-15 0 
    0.779830 2.131513e-03 1.051500e-15 0 
    0.781628 2.136058e-03 1.048900e-15 0 
    0.783430 2.135689e-03 1.043900e-15 0 
    0.785236 2.189942e-03 1.065500e-15 0 
    0.787046 2.154624e-03 1.043500e-15 0 
    0.788860 2.184273e-03 1.053000e-15 0 
    0.790679 2.173728e-03 1.043100e-15 0 
    0.792501 2.188363e-03 1.045300e-15 0 
    0.794328 2.133265e-03 1.014300e-15 0 
    0.796159 2.132970e-03 1.009500e-15 0 
    0.797995 2.079245e-03 9.795500e-16 0 
    0.799834 2.151853e-03 1.009100e-15 0 
    0.801678 2.186423e-03 1.020600e-15 0 
    0.803526 2.156054e-03 1.001800e-15 0 
    0.805378 2.206003e-03 1.020300e-15 0 
    0.807235 2.251810e-03 1.036700e-15 0 
    0.809096 2.241038e-03 1.027000e-15 0 
    0.810961 2.174501e-03 9.919300e-16 0 
    0.812831 2.134417e-03 9.691700e-16 0 
    0.814704 2.209024e-03 9.984400e-16 0 
    0.816582 2.193414e-03 9.868300e-16 0 
    0.818465 2.177930e-03 9.753600e-16 0 
    0.820352 2.137780e-03 9.529800e-16 0 
    0.822243 2.117787e-03 9.397300e-16 0 
    0.824138 2.232564e-03 9.861100e-16 0 
    0.826038 2.146456e-03 9.437200e-16 0 
    0.827942 2.242025e-03 9.812100e-16 0 
    0.829851 2.272806e-03 9.901100e-16 0 
    0.831764 2.200300e-03 9.541200e-16 0 
    0.833681 2.210037e-03 9.539400e-16 0 
    0.835603 2.144458e-03 9.213800e-16 0 
    0.837529 2.214306e-03 9.470200e-16 0 
    0.839460 2.244682e-03 9.556000e-16 0 
    0.841395 2.193168e-03 9.293800e-16 0 
    0.843335 2.228375e-03 9.399600e-16 0 
    0.845279 2.243400e-03 9.419500e-16 0 
    0.847227 2.093277e-03 8.748800e-16 0 
    0.849180 2.232258e-03 9.286800e-16 0 
    0.851138 2.283808e-03 9.457600e-16 0 
    0.853100 2.111434e-03 8.703600e-16 0 
    0.855067 2.165172e-03 8.884100e-16 0 
    0.857038 2.225406e-03 9.089300e-16 0 
    0.859014 2.240403e-03 9.108500e-16 0 
    0.860994 2.286870e-03 9.254700e-16 0 
    0.862979 2.208803e-03 8.897700e-16 0 
    0.864968 2.228822e-03 8.937100e-16 0 
    0.866962 2.290822e-03 9.143500e-16 0 
    0.868960 2.202451e-03 8.750400e-16 0 
    0.870964 2.122375e-03 8.393500e-16 0 
    0.872971 2.232204e-03 8.787300e-16 0 
    0.874984 2.268030e-03 8.887300e-16 0 
    0.877001 2.288574e-03 8.926600e-16 0 
    0.879023 2.155163e-03 8.367600e-16 0 
    0.881049 2.235593e-03 8.640000e-16 0 
    0.883080 2.281939e-03 8.778600e-16 0 
    0.885116 2.340028e-03 8.960700e-16 0 
    0.887156 2.312760e-03 8.815600e-16 0 
    0.889201 2.259680e-03 8.573700e-16 0 
    0.891251 2.207783e-03 8.338300e-16 0 
    0.893305 2.295456e-03 8.629600e-16 0 
    0.895365 2.310919e-03 8.647800e-16 0 
    0.897429 2.337209e-03 8.706000e-16 0 
    0.899498 2.304658e-03 8.545300e-16 0 
    0.901571 2.225963e-03 8.215600e-16 0 
    0.903650 2.189940e-03 8.045500e-16 0 
    0.905733 2.164417e-03 7.915200e-16 0 
    0.907820 2.422441e-03 8.818100e-16 0 
    0.909913 2.270713e-03 8.227800e-16 0 
    0.912011 2.265032e-03 8.169500e-16 0 
    0.914113 2.376760e-03 8.533100e-16 0 
    0.916220 2.420441e-03 8.650000e-16 0 
    0.918333 2.289853e-03 8.145700e-16 0 
    0.920450 2.305223e-03 8.162700e-16 0 
    0.922571 2.353026e-03 8.293700e-16 0 
    0.924698 2.267437e-03 7.955300e-16 0 
    0.926830 2.081820e-03 7.270500e-16 0 
    0.928966 2.329983e-03 8.099800e-16 0 
    0.931108 2.400271e-03 8.305800e-16 0 
    0.933254 2.265520e-03 7.803500e-16 0 
    0.935406 2.388241e-03 8.188400e-16 0 
    0.937562 2.387718e-03 8.149000e-16 0 
    0.939723 2.370774e-03 8.054000e-16 0 
    0.941890 2.392218e-03 8.089500e-16 0 
    0.944061 2.364341e-03 7.958500e-16 0 
    0.946237 2.402233e-03 8.048900e-16 0 
    0.948418 2.385165e-03 7.955000e-16 0 
    0.950605 2.412293e-03 8.008500e-16 0 
    0.952796 2.417313e-03 7.988300e-16 0 
    0.954993 2.394638e-03 7.877000e-16 0 
    0.957194 2.255002e-03 7.383600e-16 0 
    0.959401 2.366201e-03 7.712100e-16 0 
    0.961612 2.415218e-03 7.835700e-16 0 
    0.963829 2.403608e-03 7.762200e-16 0 
    0.966051 2.408606e-03 7.742600e-16 0 
    0.968278 2.391503e-03 7.652300e-16 0 
    0.970510 2.396481e-03 7.633000e-16 0 
    0.972747 2.418139e-03 7.666600e-16 0 
    0.974990 2.406490e-03 7.594600e-16 0 
    0.977237 2.394898e-03 7.523300e-16 0 
    0.979490 2.399877e-03 7.504300e-16 0 
    0.981748 2.382843e-03 7.416800e-16 0 
    0.984011 2.421017e-03 7.501000e-16 0 
    0.986279 2.420452e-03 7.464800e-16 0 
    0.988553 2.425502e-03 7.446000e-16 0 
    0.990832 2.419387e-03 7.393100e-16 0 
    0.993116 2.424406e-03 7.374400e-16 0 
    0.995405 2.418288e-03 7.322000e-16 0 
    0.997700 2.423314e-03 7.303500e-16 0 
    1.000000 2.428333e-03 7.285000e-16 0 
    1.002305 2.422194e-03 7.233200e-16 0 
    1.004615 2.382943e-03 7.083300e-16 0 
    1.011580 2.364901e-03 6.933200e-16 0 
    1.016249 2.424443e-03 7.042600e-16 0 
    1.020939 2.412163e-03 6.942700e-16 0 
    1.025652 2.422177e-03 6.907600e-16 0 
    1.030386 2.432202e-03 6.872600e-16 0 
    1.032761 2.426042e-03 6.823700e-16 0 
    1.054386 2.426425e-03 6.547700e-16 0 
    1.073990 2.394918e-03 6.228900e-16 0 
    1.093956 2.362045e-03 5.921200e-16 0 
    1.114294 2.383929e-03 5.759900e-16 0 
    1.132400 2.367523e-03 5.538800e-16 0 
    1.153453 2.400449e-03 5.412700e-16 0 
    1.174898 2.400444e-03 5.216900e-16 0 
    1.193988 2.389413e-03 5.028200e-16 0 
    1.213389 2.389416e-03 4.868700e-16 0 
    1.233105 2.400438e-03 4.736000e-16 0 
    1.253141 2.405952e-03 4.596300e-16 0 
    1.273503 2.405955e-03 4.450500e-16 0 
    1.294196 2.406000e-03 4.309400e-16 0 
    1.315225 2.422666e-03 4.201600e-16 0 
    1.333521 2.411523e-03 4.068300e-16 0 
    1.355189 2.439472e-03 3.984900e-16 0 
    1.374042 2.439474e-03 3.876300e-16 0 
    1.393157 2.433807e-03 3.761900e-16 0 
    1.415794 2.439443e-03 3.651000e-16 0 
    1.435490 2.439444e-03 3.551500e-16 0 
    1.455459 2.484767e-03 3.518900e-16 0 
    1.475707 2.479106e-03 3.415200e-16 0 
    1.496236 2.525204e-03 3.383900e-16 0 
    1.513561 2.548513e-03 3.337400e-16 0 
    1.534617 2.613948e-03 3.329800e-16 0 
    1.555965 2.662484e-03 3.299200e-16 0 
    1.573983 2.656375e-03 3.216700e-16 0 
    1.595879 2.632064e-03 3.100400e-16 0 
    1.614359 2.687119e-03 3.093200e-16 0 
    1.636817 2.730789e-03 3.057800e-16 0 
    1.655770 2.712057e-03 2.967700e-16 0 
    1.674943 2.712013e-03 2.900100e-16 0 
    1.694338 2.693367e-03 2.814600e-16 0 
    1.713958 2.674830e-03 2.731600e-16 0 
    1.733803 2.619893e-03 2.614600e-16 0 
    1.753880 2.607914e-03 2.543400e-16 0 
    1.774190 2.572132e-03 2.451400e-16 0 
    1.794734 2.548511e-03 2.373600e-16 0 
    1.815515 2.490529e-03 2.266800e-16 0 
    1.836538 2.479061e-03 2.205000e-16 0 
    1.857805 2.456390e-03 2.135100e-16 0 
    1.874994 2.389438e-03 2.039000e-16 0 
    1.896705 2.372904e-03 1.978800e-16 0 
    1.914256 2.367554e-03 1.938300e-16 0 
    1.936423 2.335084e-03 1.868200e-16 0 
    1.954339 2.276642e-03 1.788200e-16 0 
    1.976970 2.266226e-03 1.739500e-16 0 
    1.995263 2.235108e-03 1.684300e-16 0 
    2.018366 2.240184e-03 1.649700e-16 0 
    2.037042 2.194277e-03 1.586400e-16 0 
    2.055892 2.194217e-03 1.557400e-16 0 
    2.074913 2.159233e-03 1.504600e-16 0 
    2.098940 2.149321e-03 1.463600e-16 0 
    2.118362 2.134534e-03 1.427000e-16 0 
    2.137962 2.114947e-03 1.388100e-16 0 
    2.157745 2.100415e-03 1.353400e-16 0 
    2.177709 2.057260e-03 1.301400e-16 0 
    2.197860 2.052517e-03 1.274700e-16 0 
    2.218197 2.029008e-03 1.237100e-16 0 
    2.238721 2.001240e-03 1.197900e-16 0 
    2.259436 1.987396e-03 1.167900e-16 0 
    2.275097 1.960177e-03 1.136100e-16 0 
    2.296149 1.804181e-03 1.026600e-16 0 
    2.317393 1.825189e-03 1.019600e-16 0 
    2.338837 1.637911e-03 8.982800e-17 0 
    2.355050 1.575046e-03 8.519500e-17 0 
    2.376840 1.622894e-03 8.618100e-17 0 
    2.398834 1.514578e-03 7.896100e-17 0 
    2.415460 1.497236e-03 7.698600e-17 0 
    2.437811 1.518060e-03 7.663200e-17 0 
    2.460366 1.449749e-03 7.184800e-17 0 
    2.477422 1.466523e-03 7.168200e-17 0 
    2.500344 1.328282e-03 6.374000e-17 0 
    2.517677 1.337486e-03 6.330100e-17 0 
    2.535128 1.356092e-03 6.330100e-17 0 
    2.558586 1.359221e-03 6.228900e-17 0 
    2.576320 1.381314e-03 6.243300e-17 0 
    2.600159 1.365507e-03 6.059200e-17 0 
    2.618184 1.378129e-03 6.031300e-17 0 
    2.636331 1.359236e-03 5.867000e-17 0 
    2.660726 1.368649e-03 5.799800e-17 0 
    2.679168 1.356104e-03 5.667800e-17 0 
    2.697741 1.352993e-03 5.577200e-17 0 
    2.716439 1.346773e-03 5.475400e-17 0 
    2.741575 1.340570e-03 5.350700e-17 0 
    2.760578 1.337500e-03 5.265200e-17 0 
    2.779712 1.322184e-03 5.133500e-17 0 
    2.798981 1.322194e-03 5.063100e-17 0 
    2.818382 1.310058e-03 4.947800e-17 0 
    2.837920 1.304043e-03 4.857500e-17 0 
    2.857590 1.292078e-03 4.746900e-17 0 
    2.877399 1.277294e-03 4.628200e-17 0 
    2.897343 1.274356e-03 4.554200e-17 0 
    2.917428 1.265586e-03 4.460800e-17 0 
    2.937649 1.253994e-03 4.359300e-17 0 
    2.958014 1.242478e-03 4.260000e-17 0 
    2.978516 1.236784e-03 4.182300e-17 0 
    2.999164 1.225447e-03 4.087100e-17 0 
    3.019952 1.216987e-03 4.003200e-17 0 
    3.040884 1.203062e-03 3.903100e-17 0 
    3.061964 1.200299e-03 3.840700e-17 0 
    3.083187 1.192026e-03 3.761900e-17 0 
    3.097421 1.178401e-03 3.684800e-17 0 
    3.118889 1.170279e-03 3.609200e-17 0 
    3.140510 1.164896e-03 3.543300e-17 0 
    3.162278 1.156900e-03 3.470700e-17 0 
    3.176873 1.143651e-03 3.399500e-17 0 
    3.198896 1.135788e-03 3.329800e-17 0 
    3.221068 1.127966e-03 3.261500e-17 0 
    3.243397 1.122760e-03 3.201900e-17 0 
    3.258367 1.109932e-03 3.136300e-17 0 
    3.280952 1.107359e-03 3.086100e-17 0 
    3.303696 1.107376e-03 3.043800e-17 0 
    3.318944 1.099740e-03 2.995100e-17 0 
    3.341952 1.077178e-03 2.893400e-17 0 
    3.357376 1.062421e-03 2.827600e-17 0 
    3.380647 1.052666e-03 2.763200e-17 0 
    3.404082 1.043016e-03 2.700300e-17 0 
    3.419794 1.028691e-03 2.638800e-17 0 
    3.443501 1.023991e-03 2.590700e-17 0 
    3.459394 1.014597e-03 2.543400e-17 0 
    3.483372 1.005292e-03 2.485500e-17 0 
    3.499453 9.960628e-04 2.440100e-17 0 
    3.523708 9.892239e-04 2.390100e-17 0 
    3.539971 9.779083e-04 2.341100e-17 0 
    3.564512 9.711426e-04 2.293000e-17 0 
    3.580964 9.600380e-04 2.246000e-17 0 
    3.597495 9.512348e-04 2.205000e-17 0 
    3.622430 9.468835e-04 2.164800e-17 0 
    3.639149 9.360439e-04 2.120400e-17 0 
    3.664377 9.295968e-04 2.076900e-17 0 
    3.681289 9.210767e-04 2.039000e-17 0 
    3.698280 9.063475e-04 1.988000e-17 0 
    3.723918 9.021776e-04 1.951700e-17 0 
    3.741105 8.959688e-04 1.920500e-17 0 
    3.758372 8.816578e-04 1.872500e-17 0 
    3.784427 8.836604e-04 1.851000e-17 0 
    3.801893 8.755506e-04 1.817200e-17 0 
    3.819441 8.675561e-04 1.784100e-17 0 
    3.845918 8.655250e-04 1.755500e-17 0 
    3.863669 8.576101e-04 1.723500e-17 0 
    3.881506 8.478190e-04 1.688200e-17 0 
    3.899421 8.419784e-04 1.661200e-17 0 
    3.926448 8.380678e-04 1.630800e-17 0 
    3.944575 8.342577e-04 1.608500e-17 0 
    3.962781 8.247024e-04 1.575500e-17 0 
    3.981071 8.190197e-04 1.550300e-17 0 
    3.999450 8.096439e-04 1.518500e-17 0 
    4.027171 8.077699e-04 1.494200e-17 0 
    4.045758 8.040584e-04 1.473700e-17 0 
    4.064435 7.948697e-04 1.443500e-17 0 
    4.083195 7.930544e-04 1.427000e-17 0 
    4.102040 7.893980e-04 1.407400e-17 0 
    4.120973 7.839650e-04 1.384900e-17 0 
    4.139998 7.803653e-04 1.365900e-17 0 
    4.159106 7.749576e-04 1.344000e-17 0 
    4.187938 7.732283e-04 1.322600e-17 0 
    4.207267 7.696437e-04 1.304400e-17 0 
    4.226686 7.661054e-04 1.286500e-17 0 
    4.246193 7.643584e-04 1.271800e-17 0 
    4.265796 7.590582e-04 1.251400e-17 0 
    4.285485 7.573272e-04 1.237100e-17 0 
    4.305264 7.316500e-04 1.184200e-17 0 
    4.325140 7.084278e-04 1.136100e-17 0 
    4.345102 7.199539e-04 1.144000e-17 0 
    4.365157 6.954928e-04 1.095000e-17 0 
    4.385309 6.875059e-04 1.072500e-17 0 
    4.405549 6.843564e-04 1.057800e-17 0 
    4.425883 6.657458e-04 1.019600e-17 0 
    4.446310 6.672265e-04 1.012500e-17 0 
    4.466837 6.641899e-04 9.986500e-18 0 
    4.487454 6.505672e-04 9.692000e-18 0 
    4.508165 6.611386e-04 9.759200e-18 0 
    4.528977 6.550731e-04 9.581000e-18 0 
    4.539417 6.445997e-04 9.384500e-18 0 
    4.560368 6.520678e-04 9.406200e-18 0 
    4.581416 6.520629e-04 9.319900e-18 0 
    4.602567 6.416379e-04 9.086800e-18 0 
    4.623810 6.535679e-04 9.170900e-18 0 
    4.645151 6.505667e-04 9.045100e-18 0 
    4.666595 6.520647e-04 8.982800e-18 0 
    4.688134 6.580979e-04 8.982800e-18 0 
    4.709772 6.581015e-04 8.900500e-18 0 
    4.720628 6.550776e-04 8.818900e-18 0 
    4.742421 6.657205e-04 8.880000e-18 0 
    4.764310 6.626644e-04 8.758200e-18 0 
    4.786299 6.657179e-04 8.717900e-18 0 
    4.808395 6.687960e-04 8.677900e-18 0 
    4.830588 6.672523e-04 8.578500e-18 0 
    4.841723 6.765365e-04 8.657900e-18 0 
    4.864070 6.765341e-04 8.578500e-18 0 
    4.886525 6.765390e-04 8.499900e-18 0 
    4.909079 6.812241e-04 8.480300e-18 0 
    4.920395 6.796634e-04 8.422000e-18 0 
    4.943104 6.843715e-04 8.402600e-18 0 
    4.965924 6.875320e-04 8.364000e-18 0 
    4.988845 6.954946e-04 8.383300e-18 0 
    5.000344 6.938872e-04 8.325500e-18 0 
    5.023429 7.003088e-04 8.325500e-18 0 
    5.046614 7.035452e-04 8.287300e-18 0 
    5.069906 7.051620e-04 8.230200e-18 0 
    5.081593 7.084169e-04 8.230200e-18 0 
    5.093306 7.116863e-04 8.230200e-18 0 
    5.105052 7.149727e-04 8.230200e-18 0 
    5.116820 7.166233e-04 8.211300e-18 0 
    5.128614 7.182736e-04 8.192400e-18 0 
    5.140436 7.199329e-04 8.173600e-18 0 
    5.152285 7.232557e-04 8.173600e-18 0 
    5.164162 7.265941e-04 8.173600e-18 0 
    5.176071 7.299491e-04 8.173600e-18 0 
    5.188002 7.350048e-04 8.192400e-18 0 
    5.199961 7.383972e-04 8.192400e-18 0 
    5.211947 7.401028e-04 8.173600e-18 0 
    5.223961 7.418086e-04 8.154800e-18 0 
    5.236003 7.452326e-04 8.154800e-18 0 
    5.248072 7.486720e-04 8.154800e-18 0 
    5.260175 7.521292e-04 8.154800e-18 0 
    5.272300 7.573426e-04 8.173600e-18 0 
    5.284453 7.643474e-04 8.211300e-18 0 
    5.296634 7.678751e-04 8.211300e-18 0 
    5.308843 7.678774e-04 8.173600e-18 0 
    5.321080 7.696471e-04 8.154800e-18 0 
    5.333352 7.732012e-04 8.154800e-18 0 
    5.345646 7.785608e-04 8.173600e-18 0 
    5.357968 7.839532e-04 8.192400e-18 0 
    5.370318 7.875713e-04 8.192400e-18 0 
    5.382697 7.912063e-04 8.192400e-18 0 
    5.395105 7.966921e-04 8.211300e-18 0 
    5.407541 8.003691e-04 8.211300e-18 0 
    5.420011 8.059154e-04 8.230200e-18 0 
    5.432505 8.096353e-04 8.230200e-18 0 
    5.445027 8.115041e-04 8.211300e-18 0 
    5.457579 8.171262e-04 8.230200e-18 0 
    5.470159 8.227928e-04 8.249200e-18 0 
    5.482768 8.265903e-04 8.249200e-18 0 
    5.495406 8.304053e-04 8.249200e-18 0 
    5.508079 8.361612e-04 8.268200e-18 0 
    5.520776 8.400207e-04 8.268200e-18 0 
    5.533502 8.438978e-04 8.268200e-18 0 
    5.546257 8.536681e-04 8.325500e-18 0 
    5.559041 8.595858e-04 8.344700e-18 0 
    5.571855 8.615663e-04 8.325500e-18 0 
    5.584705 8.675409e-04 8.344700e-18 0 
    5.597578 8.735608e-04 8.364000e-18 0 
    5.610481 8.775926e-04 8.364000e-18 0 
    5.623413 8.836773e-04 8.383300e-18 0 
    5.636376 8.898000e-04 8.402600e-18 0 
    5.649368 8.939066e-04 8.402600e-18 0 
    5.662390 9.001057e-04 8.422000e-18 0 
    5.675448 9.084280e-04 8.460800e-18 0 
    5.688531 9.147243e-04 8.480300e-18 0 
    5.701643 9.189461e-04 8.480300e-18 0 
    5.714786 9.231875e-04 8.480300e-18 0 
    5.727959 9.317356e-04 8.519500e-18 0 
    5.741162 9.403537e-04 8.558800e-18 0 
    5.754402 9.468703e-04 8.578500e-18 0 
    5.767667 9.534364e-04 8.598300e-18 0 
    5.780962 9.600426e-04 8.618100e-18 0 
    5.794287 9.667006e-04 8.638000e-18 0 
    5.807643 9.733996e-04 8.657900e-18 0 
    5.821030 9.801511e-04 8.677900e-18 0 
    5.834448 9.869444e-04 8.697900e-18 0 
    5.847904 9.937818e-04 8.717900e-18 0 
    5.861383 1.002983e-03 8.758200e-18 0 
    5.874894 1.009925e-03 8.778300e-18 0 
    5.888436 1.016933e-03 8.798600e-18 0 
    5.902009 1.026340e-03 8.839200e-18 0 
    5.915614 1.033457e-03 8.859600e-18 0 
    5.943050 6.108332e-04 5.188300e-18 3 
    5.973300 9.777357e-04 8.220800e-18 3 
    6.003540 1.453714e-03 1.210000e-17 3 
    6.033780 1.548854e-03 1.276300e-17 3 
    6.064020 1.621292e-03 1.322700e-17 3 
    6.094260 1.068964e-03 8.634600e-18 3 
    6.124510 1.039217e-03 8.311600e-18 3 
    6.154750 1.095732e-03 8.677700e-18 3 
    6.184990 1.418972e-03 1.112800e-17 3 
    6.215230 2.856878e-03 2.218700e-17 3 
    6.245470 2.630688e-03 2.023300e-17 3 
    6.275720 1.840445e-03 1.401900e-17 3 
    6.305960 2.035842e-03 1.535900e-17 3 
    6.336200 1.632261e-03 1.219700e-17 3 
    6.366440 1.467648e-03 1.086300e-17 3 
    6.396680 1.507265e-03 1.105100e-17 3 
    6.426930 1.239521e-03 9.002600e-18 3 
    6.457170 1.114578e-03 8.019500e-18 3 
    6.487410 1.114577e-03 7.944900e-18 3 
    6.517650 1.218688e-03 8.606600e-18 3 
    6.547890 1.121521e-03 7.847400e-18 3 
    6.578140 1.038223e-03 7.197900e-18 3 
    6.608380 1.276203e-03 8.767000e-18 3 
    6.638620 1.034250e-03 7.040300e-18 3 
    6.668860 9.390621e-04 6.334500e-18 3 
    6.699100 4.224211e-04 2.823800e-18 3 
    6.729350 1.174067e-03 7.778000e-18 3 
    6.759590 3.619420e-04 2.376400e-18 3 
    6.789830 1.016406e-03 6.614100e-18 3 
    6.820070 9.816955e-04 6.331700e-18 3 
    6.850310 1.308928e-03 8.367900e-18 3 
    6.880560 1.201843e-03 7.615900e-18 3 
    6.910800 1.207781e-03 7.586700e-18 3 
    6.941040 1.180025e-03 7.347900e-18 3 
    6.971280 1.128463e-03 6.966000e-18 3 
    7.001520 2.169682e-03 1.327800e-17 3 
    7.031770 1.219679e-03 7.400100e-18 3 
    7.062010 1.443794e-03 8.685000e-18 3 
    7.092250 1.677841e-03 1.000700e-17 3 
    7.122490 1.591548e-03 9.411900e-18 3 
    7.152730 1.426929e-03 8.367200e-18 3 
    7.182980 1.246454e-03 7.247500e-18 3 
    7.213220 1.040195e-03 5.997600e-18 3 
    7.243460 1.827625e-03 1.045000e-17 3 
    7.273700 2.085406e-03 1.182500e-17 3 
    7.303940 1.878189e-03 1.056200e-17 3 
    7.334190 1.109623e-03 6.188600e-18 3 
    7.364430 1.815601e-03 1.004300e-17 3 
    7.394670 1.879027e-03 1.030900e-17 3 
    7.424910 2.139935e-03 1.164500e-17 3 
    7.455150 2.918282e-03 1.575200e-17 3 
    7.485400 3.938621e-03 2.108800e-17 3 
    7.515640 2.774535e-03 1.473600e-17 3 
    7.545880 3.267424e-03 1.721500e-17 3 
    7.576120 2.658465e-03 1.389500e-17 3 
    7.636600 3.377370e-03 1.737400e-17 3 
    7.697090 2.699211e-03 1.366800e-17 3 
    7.757570 2.878605e-03 1.435000e-17 3 
    7.818050 2.256009e-03 1.107300e-17 3 
    7.878540 2.488028e-03 1.202500e-17 3 
    7.939020 2.666506e-03 1.269200e-17 3 
    7.999510 2.296679e-03 1.076700e-17 3 
    8.059990 2.084373e-03 9.625600e-18 3 
    8.120470 1.956456e-03 8.900800e-18 3 
    8.180959 1.680788e-03 7.534000e-18 3 
    8.241440 1.723436e-03 7.612200e-18 3 
    8.301920 1.728377e-03 7.523200e-18 3 
    8.362409 2.143864e-03 9.197200e-18 3 
    8.422890 2.078430e-03 8.788900e-18 3 
    8.483370 1.847384e-03 7.700900e-18 3 
    8.543860 2.583140e-03 1.061600e-17 3 
    8.604340 2.632673e-03 1.066800e-17 3 
    8.664830 2.710112e-03 1.082900e-17 3 
    8.725310 2.450277e-03 9.655500e-18 3 
    8.785791 2.445331e-03 9.503800e-18 3 
    8.846280 2.568279e-03 9.845600e-18 3 
    8.906760 2.092312e-03 7.912400e-18 3 
    8.967241 3.214848e-03 1.199400e-17 3 
    9.027730 5.122812e-03 1.885700e-17 3 
    9.088210 2.804395e-03 1.018600e-17 3 
    9.148690 2.401701e-03 8.608400e-18 3 
    9.209180 2.280712e-03 8.067700e-18 3 
    9.269660 2.446302e-03 8.540900e-18 3 
    9.330150 2.496875e-03 8.604800e-18 3 
    9.390630 2.480026e-03 8.437000e-18 3 
    9.451110 2.444337e-03 8.209500e-18 3 
    9.511599 2.390774e-03 7.927800e-18 3 
    9.572080 2.404660e-03 7.873400e-18 3 
    9.632560 2.605963e-03 8.425700e-18 3 
    9.693050 2.532594e-03 8.086600e-18 3 
    9.753530 2.572256e-03 8.111700e-18 3 
    9.814009 2.735853e-03 8.521600e-18 3 
    9.874500 2.769586e-03 8.521300e-18 3 
    9.934980 2.979802e-03 9.056800e-18 3 
    9.995470 3.052200e-03 9.164900e-18 3 
   10.055950 3.091843e-03 9.172600e-18 3 
   10.116430 3.618477e-03 1.060700e-17 3 
   10.176920 3.527239e-03 1.021700e-17 3 
   10.237400 3.273319e-03 9.369800e-18 3 
   10.297880 3.467679e-03 9.809900e-18 3 
   10.358370 4.043980e-03 1.130700e-17 3 
   10.418850 3.544020e-03 9.794400e-18 3 
   10.479330 1.051601e-02 2.872800e-17 3 
   10.539820 2.518102e-02 6.800300e-17 3 
   10.600300 1.537584e-02 4.105100e-17 3 
   10.660791 3.606495e-03 9.519800e-18 3 
   10.721270 3.852595e-03 1.005500e-17 3 
   10.781750 4.129063e-03 1.065600e-17 3 
   10.842241 4.338141e-03 1.107100e-17 3 
   10.902720 4.305447e-03 1.086600e-17 3 
   10.963200 4.516806e-03 1.127400e-17 3 
   11.023690 4.981986e-03 1.229900e-17 3 
   11.084170 4.765694e-03 1.163700e-17 3 
   11.144651 5.109721e-03 1.234200e-17 3 
   11.205140 5.999444e-03 1.433500e-17 3 
   11.265620 7.116926e-03 1.682300e-17 3 
   11.326110 7.180302e-03 1.679200e-17 3 
   11.386590 6.278732e-03 1.452800e-17 3 
   11.447070 6.822140e-03 1.561900e-17 3 
   11.507560 6.334279e-03 1.435000e-17 3 
   11.568040 6.100387e-03 1.367600e-17 3 
   11.628520 6.415856e-03 1.423400e-17 3 
   11.689009 6.565668e-03 1.441600e-17 3 
   11.749490 6.486994e-03 1.409700e-17 3 
   11.809970 6.772926e-03 1.456800e-17 3 
   11.870459 6.500077e-03 1.383900e-17 3 
   11.930940 6.998743e-03 1.475000e-17 3 
   11.991430 7.104881e-03 1.482300e-17 3 
   12.051910 7.102169e-03 1.466900e-17 3 
   12.112390 7.563878e-03 1.546700e-17 3 
   12.172880 7.670240e-03 1.552900e-17 3 
   12.233360 7.488741e-03 1.501200e-17 3 
   12.293841 8.003289e-03 1.588600e-17 3 
   12.354330 8.839281e-03 1.737400e-17 3 
   12.414810 9.139761e-03 1.779000e-17 3 
   12.475291 8.845136e-03 1.705000e-17 3 
   12.535780 8.959404e-03 1.710400e-17 3 
   12.596260 9.479751e-03 1.792400e-17 3 
   12.656750 9.515483e-03 1.782000e-17 3 
   12.717230 9.606639e-03 1.782000e-17 3 
   12.777710 1.081663e-02 1.987500e-17 3 
   12.838200 1.385966e-02 2.522700e-17 3 
   12.898680 1.333614e-02 2.404700e-17 3 
   12.959160 1.065410e-02 1.903200e-17 3 
   13.019651 1.027803e-02 1.819000e-17 3 
   13.080130 1.036633e-02 1.817700e-17 3 
   13.140609 1.057178e-02 1.836700e-17 3 
   13.201100 1.111197e-02 1.912900e-17 3 
   13.261580 1.122223e-02 1.914300e-17 3 
   13.322059 1.128933e-02 1.908300e-17 3 
   13.382550 1.115986e-02 1.869400e-17 3 
   13.443030 1.112422e-02 1.846700e-17 3 
   13.503520 1.168528e-02 1.922500e-17 3 
   13.564000 1.186991e-02 1.935500e-17 3 
   13.624480 1.228228e-02 1.985000e-17 3 
   13.684970 1.231293e-02 1.972400e-17 3 
   13.745450 1.231557e-02 1.955500e-17 3 
   13.805930 1.261606e-02 1.985700e-17 3 
   13.866420 1.290119e-02 2.012900e-17 3 
   13.926900 1.266420e-02 1.958800e-17 3 
   13.987380 1.313768e-02 2.014500e-17 3 
   14.047870 1.320222e-02 2.007000e-17 3 
   14.108350 1.350391e-02 2.035300e-17 3 
   14.168841 1.349281e-02 2.016300e-17 3 
   14.229320 1.298733e-02 1.924300e-17 3 
   14.289800 1.276784e-02 1.875800e-17 3 
   14.350291 1.262013e-02 1.838500e-17 3 
   14.410770 1.246853e-02 1.801200e-17 3 
   14.471250 1.278212e-02 1.831100e-17 3 
   14.577409 1.355330e-02 1.913400e-17 3 
   14.662091 1.310499e-02 1.828800e-17 3 
   14.746770 1.471818e-02 2.030400e-17 3 
   14.831450 1.474325e-02 2.010700e-17 3 
   14.916120 1.424163e-02 1.920300e-17 3 
   15.000800 1.572993e-02 2.097100e-17 3 
   15.085480 1.463362e-02 1.929100e-17 3 
   15.170150 1.477227e-02 1.925700e-17 3 
   15.254830 1.656118e-02 2.135000e-17 3 
   15.339509 1.593063e-02 2.031100e-17 3 
   15.424180 1.424339e-02 1.796100e-17 3 
   15.508859 2.699489e-02 3.367000e-17 3 
   15.593541 5.878357e-02 7.252500e-17 3 
   15.678211 4.842957e-02 5.910700e-17 3 
   15.762891 1.529325e-02 1.846500e-17 3 
   15.847570 1.709715e-02 2.042300e-17 3 
   15.932239 1.828636e-02 2.161200e-17 3 
   16.016920 1.906789e-02 2.229800e-17 3 
   16.101600 1.786312e-02 2.067000e-17 3 
   16.186280 1.919904e-02 2.198400e-17 3 
   16.270950 1.928570e-02 2.185400e-17 3 
   16.355631 1.923016e-02 2.156600e-17 3 
   16.440309 1.927304e-02 2.139200e-17 3 
   16.524981 1.974241e-02 2.168900e-17 3 
   16.609659 1.920314e-02 2.088200e-17 3 
   16.694339 1.893030e-02 2.037700e-17 3 
   16.779011 1.990078e-02 2.120600e-17 3 
   16.863689 2.029838e-02 2.141300e-17 3 
   16.948370 1.985070e-02 2.073200e-17 3 
   17.033039 2.109495e-02 2.181300e-17 3 
   17.117720 2.355168e-02 2.411300e-17 3 
   17.202400 2.197916e-02 2.228200e-17 3 
   17.287069 2.204364e-02 2.212900e-17 3 
   17.371750 2.326907e-02 2.313200e-17 3 
   17.456430 2.286366e-02 2.250900e-17 3 
   17.541109 2.324294e-02 2.266200e-17 3 
   17.625780 2.436466e-02 2.352800e-17 3 
   17.710461 2.485759e-02 2.377500e-17 3 
   17.795139 2.489425e-02 2.358400e-17 3 
   17.879811 2.542689e-02 2.386100e-17 3 
   17.964491 2.446240e-02 2.274000e-17 3 
   18.049170 2.541026e-02 2.340000e-17 3 
   18.133841 2.698539e-02 2.461900e-17 3 
   18.218519 2.704107e-02 2.444100e-17 3 
   18.303200 2.749515e-02 2.462200e-17 3 
   18.387870 2.712687e-02 2.406900e-17 3 
   18.472550 2.627738e-02 2.310200e-17 3 
   18.557230 2.846684e-02 2.479900e-17 3 
   18.641898 2.846076e-02 2.456900e-17 3 
   18.726580 5.824874e-02 4.983000e-17 3 
   18.811261 5.396537e-02 4.575100e-17 3 
   18.895941 3.306820e-02 2.778400e-17 3 
   18.980609 3.020810e-02 2.515500e-17 3 
   19.065291 3.272579e-02 2.701000e-17 3 
   19.149969 3.236316e-02 2.647500e-17 3 
   19.234641 3.119599e-02 2.529600e-17 3 
   19.319320 3.177235e-02 2.553800e-17 3 
   19.404000 3.189335e-02 2.541200e-17 3 
   19.488670 3.183173e-02 2.514300e-17 3 
   19.573352 3.144489e-02 2.462300e-17 3 
   19.658030 3.124739e-02 2.425800e-17 3 
   19.742700 3.343873e-02 2.573700e-17 3 
   19.827380 3.454651e-02 2.636300e-17 3 
   19.912059 3.575019e-02 2.705000e-17 3 
   19.996731 3.565901e-02 2.675300e-17 3 
   20.081409 3.618076e-02 2.691600e-17 3 
   20.166091 3.639030e-02 2.684500e-17 3 
   20.250770 3.535008e-02 2.586000e-17 3 
   20.335439 3.546572e-02 2.572900e-17 3 
   20.420120 3.855131e-02 2.773600e-17 3 
   20.589470 3.708790e-02 2.624600e-17 3 
   20.758830 3.868306e-02 2.693000e-17 3 
   20.928181 4.049352e-02 2.773600e-17 3 
   21.097530 4.004913e-02 2.699300e-17 3 
   21.266889 4.201988e-02 2.787200e-17 3 
   21.436239 4.233794e-02 2.764100e-17 3 
   21.605600 4.274972e-02 2.747400e-17 3 
   21.774950 4.435027e-02 2.806100e-17 3 
   21.944300 4.515195e-02 2.812900e-17 3 
   22.113661 4.550927e-02 2.791900e-17 3 
   22.283011 4.581506e-02 2.768100e-17 3 
   22.452359 4.638806e-02 2.760600e-17 3 
   22.621719 4.664871e-02 2.734700e-17 3 
   22.791070 4.828301e-02 2.788600e-17 3 
   22.960430 4.885213e-02 2.780000e-17 3 
   23.129780 5.121606e-02 2.872000e-17 3 
   23.299130 5.085957e-02 2.810700e-17 3 
   23.468491 5.145661e-02 2.802800e-17 3 
   23.637841 5.417616e-02 2.908800e-17 3 
   23.807191 5.450746e-02 2.885100e-17 3 
   23.976548 5.493696e-02 2.866900e-17 3 
   24.145900 5.538150e-02 2.849700e-17 3 
   24.315259 5.877830e-02 2.982500e-17 3 
   24.484609 5.879058e-02 2.942000e-17 3 
   24.653959 5.901505e-02 2.912800e-17 3 
   24.823320 6.138762e-02 2.988700e-17 3 
   24.992670 6.238424e-02 2.996200e-17 3 
   25.162020 6.421387e-02 3.042700e-17 3 
   25.331381 6.545553e-02 3.060200e-17 3 
   25.500731 6.588711e-02 3.039600e-17 3 
   25.670089 6.769648e-02 3.082000e-17 3 
   25.839439 6.827661e-02 3.067800e-17 3 
   26.008789 7.157592e-02 3.174300e-17 3 
   26.178150 7.221188e-02 3.161200e-17 3 
   26.347500 7.146000e-02 3.088200e-17 3 
   26.516850 7.505821e-02 3.202400e-17 3 
   26.686209 7.412097e-02 3.122400e-17 3 
   26.855559 7.392275e-02 3.074900e-17 3 
   27.024919 7.487266e-02 3.075500e-17 3 
   27.194269 7.475398e-02 3.032500e-17 3 
   27.363622 7.544335e-02 3.022700e-17 3 
   27.532981 7.740854e-02 3.063400e-17 3 
   27.702328 7.839441e-02 3.064600e-17 3 
   27.871678 7.968985e-02 3.077500e-17 3 
   28.041041 7.992215e-02 3.049300e-17 3 
   28.210391 8.294366e-02 3.126700e-17 3 
   28.379750 8.264046e-02 3.078200e-17 3 
   28.549100 8.343949e-02 3.071200e-17 3 
   28.718450 8.468252e-02 3.080300e-17 3 
   28.887809 8.413763e-02 3.024700e-17 3 
   29.057159 8.687193e-02 3.086700e-17 3 
   29.226509 8.715289e-02 3.060900e-17 3 
   29.395869 8.931515e-02 3.100800e-17 3 
   29.565219 8.816486e-02 3.025900e-17 3 
   29.734578 8.960222e-02 3.040300e-17 3 
   29.903931 9.075991e-02 3.044800e-17 3 
   30.073281 9.195058e-02 3.050100e-17 3 
   30.242641 9.239159e-02 3.030500e-17 3 
   30.411991 9.205730e-02 2.986000e-17 3 
   30.581341 9.457552e-02 3.033800e-17 3 
   30.750700 9.656209e-02 3.063500e-17 3 
   30.920050 9.625506e-02 3.020400e-17 3 
   31.089409 9.912951e-02 3.076800e-17 3 
   31.258759 9.699120e-02 2.977900e-17 3 
   31.428109 9.758404e-02 2.963900e-17 3 
   31.597469 1.037471e-01 3.117400e-17 3 
   31.766822 1.035671e-01 3.078900e-17 3 
   31.936172 1.037632e-01 3.052100e-17 3 
   32.105531 1.037568e-01 3.019800e-17 3 
   32.274878 1.049376e-01 3.022200e-17 3 
   32.444241 1.066383e-01 3.039200e-17 3 
   32.613591 1.072333e-01 3.024500e-17 3 
   32.782941 1.091308e-01 3.046300e-17 3 
   32.952300 1.138952e-01 3.146700e-17 3 
   33.121650 1.138695e-01 3.113900e-17 3 
   33.291000 1.263230e-01 3.419400e-17 3 
   33.460363 1.672303e-01 4.481000e-17 3 
   33.629713 1.793887e-01 4.758500e-17 3 
   33.799069 1.239403e-01 3.254800e-17 3 
   33.968419 1.176969e-01 3.060100e-17 3 
   34.137772 1.175371e-01 3.025700e-17 3 
   34.307128 1.273334e-01 3.245600e-17 3 
   34.476478 1.308402e-01 3.302300e-17 3 
   34.645828 1.312605e-01 3.280600e-17 3 
   34.815191 1.570393e-01 3.886800e-17 3 
   34.984538 1.596234e-01 3.912600e-17 3 
