# Mrk 0930       
# 
# An Atlas of Galaxy Spectral Energy Distributions from the Ultraviolet to the Mid-Infrared
# Brown et al. (2014)
# http://dx.doi.org/10.5072/03/529D3551F0117
# http://dx.doi.org/10.17909/t9-5bxk-dh29
# 
# The Spectral Energy Distributions of Active Galactic Nuclei
# Brown et al. (2019)
# http://dx.doi.org/10.17909/t9-3dbt-8734
# 
# Column 1: Observed wavelength (um)
# Column 2: f_nu (Jy)
# Column 3: f_lam (erg/s/cm2/A)
# Column 4: Source (0 = model, 1 = Optical Spectrun, 2 = Akari, 3 = Spitzer IRS)
# 
    0.010186 2.106875e-29 6.091900e-38 0 
    0.010375 2.739095e-29 7.634000e-38 0 
    0.010593 3.293562e-29 8.805400e-38 0 
    0.010789 4.013947e-29 1.034500e-37 0 
    0.010990 5.007543e-29 1.243800e-37 0 
    0.011194 6.992055e-29 1.674000e-37 0 
    0.011614 9.785906e-29 2.176500e-37 0 
    0.012023 1.296154e-28 2.690000e-37 0 
    0.012331 4.311478e-28 8.506500e-37 0 
    0.012735 5.353353e-28 9.902600e-37 0 
    0.012942 5.829397e-28 1.044100e-36 0 
    0.013032 6.160976e-28 1.088300e-36 0 
    0.013335 6.849120e-28 1.155500e-36 0 
    0.013428 7.973360e-28 1.326600e-36 0 
    0.013646 8.543468e-28 1.376400e-36 0 
    0.013964 1.083058e-27 1.666300e-36 0 
    0.014256 1.212356e-27 1.789600e-36 0 
    0.014555 3.031475e-27 4.292900e-36 0 
    0.014962 7.008280e-27 9.391900e-36 0 
    0.015382 1.284297e-26 1.628400e-35 0 
    0.015776 4.341335e-26 5.233000e-35 0 
    0.016181 1.772728e-25 2.031200e-34 0 
    0.016482 5.148160e-25 5.685300e-34 0 
    0.016904 2.068319e-24 2.171500e-33 0 
    0.017298 7.702342e-24 7.722400e-33 0 
    0.017620 1.689030e-23 1.632100e-32 0 
    0.018030 6.646929e-23 6.134100e-32 0 
    0.018323 1.579844e-22 1.411700e-31 0 
    0.018535 2.764517e-22 2.414100e-31 0 
    0.018923 8.102274e-22 6.788100e-31 0 
    0.019454 2.908324e-21 2.305400e-30 0 
    0.019770 6.076329e-21 4.663900e-30 0 
    0.020184 1.544023e-20 1.137000e-29 0 
    0.020559 3.781228e-20 2.683800e-29 0 
    0.020893 7.221599e-20 4.963100e-29 0 
    0.021380 1.952750e-19 1.281600e-28 0 
    0.021979 6.451325e-19 4.006400e-28 0 
    0.022387 1.354015e-18 8.105000e-28 0 
    0.022699 2.283736e-18 1.329700e-27 0 
    0.023121 4.620024e-18 2.592700e-27 0 
    0.023442 1.851907e-14 1.011000e-23 0 
    0.023823 3.196169e-14 1.689500e-23 0 
    0.024434 4.938751e-14 2.481700e-23 0 
    0.025061 6.304194e-14 3.011300e-23 0 
    0.025645 8.504280e-14 3.879300e-23 0 
    0.026182 9.008118e-14 3.942300e-23 0 
    0.026485 1.141899e-13 4.883700e-23 0 
    0.026853 1.388711e-13 5.777600e-23 0 
    0.027416 1.669687e-13 6.664200e-23 0 
    0.027925 2.016577e-13 7.758000e-23 0 
    0.028379 2.424506e-13 9.031300e-23 0 
    0.028907 3.003478e-13 1.078300e-22 0 
    0.029512 3.652798e-13 1.258200e-22 0 
    0.030130 4.662547e-13 1.540800e-22 0 
    0.030620 5.631758e-13 1.802000e-22 0 
    0.031333 7.755879e-13 2.370000e-22 0 
    0.032359 1.229196e-12 3.521700e-22 0 
    0.033419 2.025892e-12 5.441900e-22 0 
    0.034435 3.323751e-12 8.409100e-22 0 
    0.035400 5.452917e-12 1.305400e-21 0 
    0.036392 1.204036e-11 2.727400e-21 0 
    0.037239 2.855119e-11 6.176600e-21 0 
    0.038194 4.493874e-11 9.241700e-21 0 
    0.039174 6.347627e-11 1.240900e-20 0 
    0.040179 1.543912e-10 2.869100e-20 0 
    0.041210 2.976038e-10 5.257200e-20 0 
    0.042170 4.494024e-10 7.581400e-20 0 
    0.042954 5.802793e-10 9.435200e-20 0 
    0.043752 7.827317e-10 1.226700e-19 0 
    0.044875 1.385605e-09 2.064200e-19 0 
    0.045920 2.025988e-09 2.882400e-19 0 
    0.046881 2.475267e-09 3.378700e-19 0 
    0.047863 3.569705e-09 4.674700e-19 0 
    0.048865 5.528764e-09 6.946300e-19 0 
    0.049888 6.480702e-09 7.811800e-19 0 
    0.050933 1.058335e-08 1.223900e-18 0 
    0.051523 1.551094e-08 1.752900e-18 0 
    0.052119 7.024585e-08 7.758000e-18 0 
    0.052966 7.991454e-08 8.545800e-18 0 
    0.053951 9.196681e-08 9.478800e-18 0 
    0.054954 9.281691e-08 9.220400e-18 0 
    0.055976 1.484668e-07 1.421500e-17 0 
    0.057016 2.025914e-07 1.869600e-17 0 
    0.058076 2.574138e-07 2.289600e-17 0 
    0.059020 2.670693e-07 2.300100e-17 0 
    0.060117 3.569600e-07 2.963100e-17 0 
    0.061094 3.824918e-07 3.074300e-17 0 
    0.062087 4.771209e-07 3.713200e-17 0 
    0.063096 6.104229e-07 4.599900e-17 0 
    0.064121 6.912396e-07 5.043700e-17 0 
    0.065163 7.773831e-07 5.492300e-17 0 
    0.066222 9.154424e-07 6.262500e-17 0 
    0.066988 9.945408e-07 6.648900e-17 0 
    0.067764 1.141898e-06 7.460200e-17 0 
    0.068707 1.257865e-06 7.993800e-17 0 
    0.069823 1.263649e-06 7.775900e-17 0 
    0.070795 1.728281e-06 1.034500e-16 0 
    0.071779 1.635402e-06 9.522500e-17 0 
    0.072946 2.216246e-06 1.249500e-16 0 
    0.073961 2.447016e-06 1.342000e-16 0 
    0.074817 2.664636e-06 1.428100e-16 0 
    0.075858 3.024340e-06 1.576700e-16 0 
    0.076913 3.354545e-06 1.701200e-16 0 
    0.077983 3.520695e-06 1.736800e-16 0 
    0.078886 4.136429e-06 1.994100e-16 0 
    0.079983 4.401756e-06 2.064200e-16 0 
    0.080910 4.961756e-06 2.273800e-16 0 
    0.082035 5.465447e-06 2.436400e-16 0 
    0.082985 5.910462e-06 2.574800e-16 0 
    0.083946 6.631867e-06 2.823300e-16 0 
    0.085114 5.567075e-06 2.305400e-16 0 
    0.086099 7.544495e-06 3.053200e-16 0 
    0.087096 7.991549e-06 3.160500e-16 0 
    0.088105 8.946012e-06 3.457400e-16 0 
    0.089125 9.786633e-06 3.696200e-16 0 
    0.090157 1.078027e-05 3.978800e-16 0 
    0.091201 1.168487e-05 4.214500e-16 0 
    0.092257 1.209577e-05 4.263400e-16 0 
    0.093111 1.587212e-05 5.492300e-16 0 
    0.094189 8.702121e-05 2.942700e-15 0 
    0.095280 1.886406e-04 6.233800e-15 0 
    0.096161 3.586271e-04 1.163500e-14 0 
    0.097275 5.219474e-04 1.654800e-14 0 
    0.098175 5.762758e-04 1.793700e-14 0 
    0.099312 9.854325e-05 2.997400e-15 0 
    0.100231 4.662801e-04 1.392400e-14 0 
    0.101391 5.243553e-04 1.530200e-14 0 
    0.102329 8.139980e-04 2.332100e-14 0 
    0.103276 8.121397e-04 2.284300e-14 0 
    0.104472 3.763648e-04 1.034500e-14 0 
    0.105439 5.736199e-04 1.547900e-14 0 
    0.106414 1.147153e-03 3.039100e-14 0 
    0.107399 1.136653e-03 2.956300e-14 0 
    0.108393 8.823140e-04 2.252900e-14 0 
    0.109396 1.085491e-03 2.721100e-14 0 
    0.110408 8.484595e-04 2.088100e-14 0 
    0.111429 1.182043e-03 2.856000e-14 0 
    0.112461 1.139285e-03 2.702400e-14 0 
    0.113501 1.093035e-03 2.545400e-14 0 
    0.114551 9.764029e-04 2.232300e-14 0 
    0.115611 1.308076e-03 2.936000e-14 0 
    0.116681 1.201249e-03 2.647000e-14 0 
    0.117490 1.296094e-03 2.816800e-14 0 
    0.118577 1.347840e-03 2.875800e-14 0 
    0.119674 9.007977e-04 1.886900e-14 0 
    0.120781 1.357126e-03 2.790900e-14 0 
    0.121619 9.389441e-04 1.904400e-14 0 
    0.122744 6.723995e-04 1.338900e-14 0 
    0.123595 5.112275e-04 1.004000e-14 0 
    0.124738 1.010698e-03 1.948700e-14 0 
    0.125893 1.540422e-03 2.915800e-14 0 
    0.126765 1.677374e-03 3.131500e-14 0 
    0.127938 1.605550e-03 2.942700e-14 0 
    0.128825 1.411314e-03 2.551200e-14 0 
    0.129718 1.813981e-03 3.234100e-14 0 
    0.130918 1.908200e-03 3.340000e-14 0 
    0.131826 1.467696e-03 2.533700e-14 0 
    0.132739 1.505305e-03 2.563000e-14 0 
    0.133968 1.925878e-03 3.219200e-14 0 
    0.134896 1.830732e-03 3.018200e-14 0 
    0.135831 1.627910e-03 2.647000e-14 0 
    0.137088 1.979855e-03 3.160500e-14 0 
    0.138038 1.939239e-03 3.053200e-14 0 
    0.138995 1.736318e-03 2.696200e-14 0 
    0.139959 1.826564e-03 2.797400e-14 0 
    0.140929 1.864814e-03 2.816800e-14 0 
    0.141906 1.554668e-03 2.316100e-14 0 
    0.143219 1.639225e-03 2.397500e-14 0 
    0.144212 1.772676e-03 2.557100e-14 0 
    0.145211 1.830777e-03 2.604700e-14 0 
    0.146218 1.869085e-03 2.622700e-14 0 
    0.146893 1.970750e-03 2.740000e-14 0 
    0.147231 1.989007e-03 2.752700e-14 0 
    0.148252 1.948188e-03 2.659200e-14 0 
    0.149279 1.813936e-03 2.442000e-14 0 
    0.150314 1.851979e-03 2.459000e-14 0 
    0.151356 1.899432e-03 2.487400e-14 0 
    0.152405 1.934755e-03 2.498900e-14 0 
    0.153109 1.818190e-03 2.326800e-14 0 
    0.153815 1.624194e-03 2.059500e-14 0 
    0.154525 1.752405e-03 2.201700e-14 0 
    0.155239 1.736344e-03 2.161500e-14 0 
    0.156315 1.501900e-03 1.844000e-14 0 
    0.157398 1.587196e-03 1.922000e-14 0 
    0.158489 1.547483e-03 1.848200e-14 0 
    0.159221 1.639217e-03 1.939800e-14 0 
    0.160325 1.764587e-03 2.059500e-14 0 
    0.161436 1.864793e-03 2.146600e-14 0 
    0.162555 1.903859e-03 2.161500e-14 0 
    0.163305 1.899421e-03 2.136700e-14 0 
    0.164437 1.930352e-03 2.141700e-14 0 
    0.165577 1.869114e-03 2.045300e-14 0 
    0.166341 2.007410e-03 2.176500e-14 0 
    0.167494 2.049362e-03 2.191500e-14 0 
    0.168655 1.957172e-03 2.064200e-14 0 
    0.169434 2.116536e-03 2.211800e-14 0 
    0.170216 1.957159e-03 2.026500e-14 0 
    0.170608 2.160910e-03 2.227200e-14 0 
    0.171396 2.236831e-03 2.284300e-14 0 
    0.172584 2.136098e-03 2.151500e-14 0 
    0.173780 2.082758e-03 2.069000e-14 0 
    0.174582 1.961722e-03 1.930900e-14 0 
    0.175792 1.970776e-03 1.913200e-14 0 
    0.176604 2.116588e-03 2.035900e-14 0 
    0.177828 2.092375e-03 1.985000e-14 0 
    0.178649 2.216316e-03 2.083300e-14 0 
    0.179887 2.101954e-03 1.948700e-14 0 
    0.180717 2.106809e-03 1.935300e-14 0 
    0.181970 2.190982e-03 1.985000e-14 0 
    0.182810 2.315414e-03 2.078500e-14 0 
    0.183654 2.342240e-03 2.083300e-14 0 
    0.184927 2.146038e-03 1.882600e-14 0 
    0.185780 2.241928e-03 1.948700e-14 0 
    0.187068 2.185869e-03 1.873900e-14 0 
    0.187932 2.025983e-03 1.720900e-14 0 
    0.188799 2.021312e-03 1.701200e-14 0 
    0.190108 2.101963e-03 1.744800e-14 0 
    0.190985 2.310100e-03 1.900000e-14 0 
    0.191867 2.106805e-03 1.716900e-14 0 
    0.192753 2.011998e-03 1.624600e-14 0 
    0.194089 2.211261e-03 1.761000e-14 0 
    0.194984 2.097115e-03 1.654800e-14 0 
    0.195884 2.058835e-03 1.609700e-14 0 
    0.197242 2.211197e-03 1.705100e-14 0 
    0.198153 2.278395e-03 1.740800e-14 0 
    0.199067 2.106871e-03 1.595000e-14 0 
    0.200447 2.353016e-03 1.756900e-14 0 
    0.201372 2.452640e-03 1.814500e-14 0 
    0.201837 2.310126e-03 1.701200e-14 0 
    0.203236 2.278377e-03 1.654800e-14 0 
    0.204174 2.396726e-03 1.724800e-14 0 
    0.205116 2.336851e-03 1.666300e-14 0 
    0.206063 2.486714e-03 1.756900e-14 0 
    0.207014 2.315444e-03 1.620900e-14 0 
    0.208449 2.418916e-03 1.670100e-14 0 
    0.209411 2.273192e-03 1.555100e-14 0 
    0.210378 2.342181e-03 1.587600e-14 0 
    0.211349 2.550566e-03 1.713000e-14 0 
    0.211836 2.363839e-03 1.580300e-14 0 
    0.212324 2.486694e-03 1.654800e-14 0 
    0.213304 2.369415e-03 1.562300e-14 0 
    0.214289 2.441401e-03 1.595000e-14 0 
    0.215278 2.486698e-03 1.609700e-14 0 
    0.216272 2.532945e-03 1.624600e-14 0 
    0.217270 2.441350e-03 1.551500e-14 0 
    0.218273 2.435674e-03 1.533700e-14 0 
    0.219281 2.556474e-03 1.595000e-14 0 
    0.220293 2.527229e-03 1.562300e-14 0 
    0.221309 2.527085e-03 1.547900e-14 0 
    0.222331 2.469577e-03 1.498800e-14 0 
    0.223357 2.586046e-03 1.555100e-14 0 
    0.224388 2.556436e-03 1.523200e-14 0 
    0.225424 2.492524e-03 1.471500e-14 0 
    0.226464 2.435740e-03 1.424800e-14 0 
    0.227510 2.538868e-03 1.471500e-14 0 
    0.228560 2.498276e-03 1.434700e-14 0 
    0.229615 2.435805e-03 1.386000e-14 0 
    0.230675 2.515459e-03 1.418200e-14 0 
    0.231739 2.562168e-03 1.431300e-14 0 
    0.232809 2.603589e-03 1.441100e-14 0 
    0.233884 2.480723e-03 1.360500e-14 0 
    0.234963 2.515075e-03 1.366700e-14 0 
    0.235505 2.424086e-03 1.311200e-14 0 
    0.236592 2.006918e-03 1.075600e-14 0 
    0.237684 2.346936e-03 1.246300e-14 0 
    0.238781 2.357627e-03 1.240500e-14 0 
    0.239883 2.434872e-03 1.269400e-14 0 
    0.240991 2.362946e-03 1.220600e-14 0 
    0.242103 2.384607e-03 1.220500e-14 0 
    0.242661 2.309052e-03 1.176400e-14 0 
    0.243781 2.417777e-03 1.220500e-14 0 
    0.244906 2.357173e-03 1.179000e-14 0 
    0.246037 2.400787e-03 1.189800e-14 0 
    0.247172 2.467994e-03 1.211900e-14 0 
    0.247742 2.389576e-03 1.168000e-14 0 
    0.248886 2.490778e-03 1.206300e-14 0 
    0.250035 2.479236e-03 1.189700e-14 0 
    0.251189 2.484717e-03 1.181400e-14 0 
    0.251768 2.428149e-03 1.149200e-14 0 
    0.252930 2.496036e-03 1.170500e-14 0 
    0.254097 2.260646e-03 1.050400e-14 0 
    0.255270 2.530487e-03 1.165000e-14 0 
    0.255859 2.383538e-03 1.092300e-14 0 
    0.256448 2.495584e-03 1.138400e-14 0 
    0.257040 2.427616e-03 1.102300e-14 0 
    0.258226 2.455627e-03 1.104800e-14 0 
    0.259418 2.410603e-03 1.074600e-14 0 
    0.260016 2.495423e-03 1.107300e-14 0 
    0.261216 2.483710e-03 1.092000e-14 0 
    0.262422 2.582908e-03 1.125200e-14 0 
    0.263027 2.565083e-03 1.112300e-14 0 
    0.264241 2.570661e-03 1.104500e-14 0 
    0.265461 2.535494e-03 1.079400e-14 0 
    0.266072 2.517918e-03 1.067000e-14 0 
    0.267301 2.564572e-03 1.076800e-14 0 
    0.268534 2.588046e-03 1.076700e-14 0 
    0.269154 2.666659e-03 1.104300e-14 0 
    0.270396 2.678897e-03 1.099200e-14 0 
    0.271644 2.570122e-03 1.044900e-14 0 
    0.272270 2.635850e-03 1.066700e-14 0 
    0.273527 2.635804e-03 1.056900e-14 0 
    0.274157 2.575804e-03 1.028100e-14 0 
    0.275423 2.599395e-03 1.028000e-14 0 
    0.276694 2.575464e-03 1.009200e-14 0 
    0.277332 2.587355e-03 1.009200e-14 0 
    0.278612 2.647518e-03 1.023200e-14 0 
    0.279254 2.505041e-03 9.636900e-15 0 
    0.280543 2.522265e-03 9.614200e-15 0 
    0.281838 2.569037e-03 9.702700e-15 0 
    0.282488 2.634872e-03 9.905600e-15 0 
    0.283792 2.628703e-03 9.791800e-15 0 
    0.284446 2.402851e-03 8.909400e-15 0 
    0.285759 2.515971e-03 9.243300e-15 0 
    0.286418 2.658872e-03 9.723400e-15 0 
    0.287740 2.670999e-03 9.678200e-15 0 
    0.288403 2.568401e-03 9.263700e-15 0 
    0.289734 2.580130e-03 9.220700e-15 0 
    0.290402 2.580066e-03 9.178100e-15 0 
    0.291743 2.652208e-03 9.348200e-15 0 
    0.293089 2.633815e-03 9.198300e-15 0 
    0.293765 2.639823e-03 9.176900e-15 0 
    0.295121 2.633621e-03 9.071400e-15 0 
    0.296483 2.688605e-03 9.175900e-15 0 
    0.298538 2.676065e-03 9.007800e-15 0 
    0.300608 2.657429e-03 8.822300e-15 0 
    0.302691 2.675632e-03 8.760900e-15 0 
    0.304789 2.675414e-03 8.640000e-15 0 
    0.306196 2.669108e-03 8.540600e-15 0 
    0.308319 2.687395e-03 8.481100e-15 0 
    0.310456 2.681020e-03 8.344900e-15 0 
    0.312608 2.680791e-03 8.229700e-15 0 
    0.314775 2.680567e-03 8.116100e-15 0 
    0.316957 2.680353e-03 8.004100e-15 0 
    0.318420 2.655607e-03 7.857500e-15 0 
    0.320627 2.673803e-03 7.802800e-15 0 
    0.322849 2.655158e-03 7.642100e-15 0 
    0.325087 2.624531e-03 7.450300e-15 0 
    0.326588 2.642601e-03 7.432800e-15 0 
    0.328852 2.636290e-03 7.313300e-15 0 
    0.331131 2.654316e-03 7.262300e-15 0 
    0.332660 2.641998e-03 7.162300e-15 0 
    0.334966 2.647860e-03 7.079700e-15 0 
    0.337287 2.653701e-03 6.998000e-15 0 
    0.338065 2.734263e-03 7.177300e-15 0 
    0.338844 2.759470e-03 7.210200e-15 0 
    0.339625 2.746714e-03 7.143900e-15 0 
    0.340408 2.635134e-03 6.822200e-15 0 
    0.341193 2.765577e-03 7.127000e-15 0 
    0.341979 2.580923e-03 6.620600e-15 0 
    0.342768 2.671524e-03 6.821500e-15 0 
    0.343558 2.640890e-03 6.712300e-15 0 
    0.344350 2.634740e-03 6.665900e-15 0 
    0.345144 2.746135e-03 6.915800e-15 0 
    0.345939 2.758720e-03 6.915600e-15 0 
    0.346737 2.640576e-03 6.589000e-15 0 
    0.347536 2.664918e-03 6.619200e-15 0 
    0.348337 2.714346e-03 6.711000e-15 0 
    0.349140 2.726793e-03 6.710800e-15 0 
    0.349945 2.745628e-03 6.726100e-15 0 
    0.350752 2.676862e-03 6.527500e-15 0 
    0.351560 2.770864e-03 6.725700e-15 0 
    0.352371 2.652171e-03 6.408000e-15 0 
    0.353183 2.658213e-03 6.393100e-15 0 
    0.353997 2.645919e-03 6.334300e-15 0 
    0.354813 2.639751e-03 6.290500e-15 0 
    0.355631 2.719853e-03 6.451600e-15 0 
    0.356451 2.694843e-03 6.362900e-15 0 
    0.357273 2.621340e-03 6.160900e-15 0 
    0.358096 2.615221e-03 6.118300e-15 0 
    0.358922 2.682223e-03 6.246200e-15 0 
    0.359749 2.682130e-03 6.217300e-15 0 
    0.360579 2.719353e-03 6.274600e-15 0 
    0.361410 2.757111e-03 6.332500e-15 0 
    0.362243 2.725439e-03 6.231000e-15 0 
    0.363078 2.763285e-03 6.288500e-15 0 
    0.363915 2.725274e-03 6.173500e-15 0 
    0.364754 2.614565e-03 5.895500e-15 0 
    0.365595 2.560831e-03 5.747800e-15 0 
    0.366437 2.638570e-03 5.895100e-15 0 
    0.367282 2.656778e-03 5.908500e-15 0 
    0.367978 2.882471e-03 6.386200e-15 1 
    0.368253 3.027138e-03 6.696700e-15 1 
    0.368528 2.742560e-03 6.058100e-15 1 
    0.368803 2.797162e-03 6.169500e-15 1 
    0.369078 3.135343e-03 6.905100e-15 1 
    0.369353 3.155842e-03 6.939900e-15 1 
    0.369628 2.869714e-03 6.301300e-15 1 
    0.369903 2.826734e-03 6.197700e-15 1 
    0.370178 2.598305e-03 5.688400e-15 1 
    0.370453 2.659211e-03 5.813100e-15 1 
    0.370728 2.724413e-03 5.946800e-15 1 
    0.371003 2.841599e-03 6.193400e-15 1 
    0.371278 2.729837e-03 5.941000e-15 1 
    0.371553 2.397359e-03 5.209700e-15 1 
    0.371828 2.696869e-03 5.851900e-15 1 
    0.372103 2.547030e-03 5.518600e-15 1 
    0.372378 2.376308e-03 5.141100e-15 1 
    0.372653 2.495684e-03 5.391400e-15 1 
    0.372928 2.321074e-03 5.006800e-15 1 
    0.373203 2.314563e-03 4.985400e-15 1 
    0.373478 2.491077e-03 5.357700e-15 1 
    0.373753 2.576047e-03 5.532300e-15 1 
    0.374028 2.295942e-03 4.923500e-15 1 
    0.374303 2.588958e-03 5.543700e-15 1 
    0.374578 2.628262e-03 5.619600e-15 1 
    0.374853 2.698118e-03 5.760500e-15 1 
    0.375128 2.489871e-03 5.308100e-15 1 
    0.375403 2.376459e-03 5.058900e-15 1 
    0.375678 2.666585e-03 5.668200e-15 1 
    0.375953 2.808298e-03 5.960700e-15 1 
    0.376228 2.431739e-03 5.153900e-15 1 
    0.376503 2.767190e-03 5.856300e-15 1 
    0.376778 2.486175e-03 5.253900e-15 1 
    0.377053 2.520134e-03 5.317900e-15 1 
    0.377328 2.543697e-03 5.359800e-15 1 
    0.377603 2.756197e-03 5.799100e-15 1 
    0.377878 3.326953e-03 6.989800e-15 1 
    0.378153 2.892693e-03 6.068600e-15 1 
    0.378428 3.770660e-03 7.899000e-15 1 
    0.378703 7.427035e-03 1.553600e-14 1 
    0.378978 1.530748e-02 3.197400e-14 1 
    0.379253 2.620443e-02 5.465600e-14 1 
    0.379528 3.159406e-02 6.580200e-14 1 
    0.379803 2.686181e-02 5.586500e-14 1 
    0.380078 1.673802e-02 3.476000e-14 1 
    0.380353 8.342062e-03 1.729900e-14 1 
    0.380628 4.331794e-03 8.969900e-15 1 
    0.380903 3.735122e-03 7.723200e-15 1 
    0.381178 3.356062e-03 6.929400e-15 1 
    0.381453 3.201820e-03 6.601400e-15 1 
    0.381728 2.977421e-03 6.129900e-15 1 
    0.382003 2.986090e-03 6.138900e-15 1 
    0.382278 2.648188e-03 5.436400e-15 1 
    0.382553 2.727221e-03 5.590600e-15 1 
    0.382828 2.739839e-03 5.608400e-15 1 
    0.383103 2.801946e-03 5.727300e-15 1 
    0.383378 2.743749e-03 5.600300e-15 1 
    0.383653 2.921076e-03 5.953700e-15 1 
    0.383928 2.766466e-03 5.630500e-15 1 
    0.384203 3.155599e-03 6.413300e-15 1 
    0.384478 2.967406e-03 6.022200e-15 1 
    0.384753 2.642274e-03 5.354700e-15 1 
    0.385028 2.988255e-03 6.047200e-15 1 
    0.385303 2.997623e-03 6.057500e-15 1 
    0.385578 2.809722e-03 5.669700e-15 1 
    0.385853 2.691201e-03 5.422800e-15 1 
    0.386128 3.127861e-03 6.293700e-15 1 
    0.386403 2.836142e-03 5.698600e-15 1 
    0.386678 3.146496e-03 6.313200e-15 1 
    0.386953 3.336792e-03 6.685500e-15 1 
    0.387228 3.207035e-03 6.416400e-15 1 
    0.387503 2.980297e-03 5.954300e-15 1 
    0.387778 3.079664e-03 6.144100e-15 1 
    0.388053 3.144519e-03 6.264600e-15 1 
    0.388328 2.930168e-03 5.829300e-15 1 
    0.388603 2.921836e-03 5.804500e-15 1 
    0.388878 3.061522e-03 6.073400e-15 1 
    0.389153 2.949396e-03 5.842700e-15 1 
    0.389428 2.988194e-03 5.911200e-15 1 
    0.389703 3.100344e-03 6.124400e-15 1 
    0.389978 3.159318e-03 6.232100e-15 1 
    0.390253 3.008077e-03 5.925400e-15 1 
    0.390528 3.600150e-03 7.081700e-15 1 
    0.390803 3.309289e-03 6.500400e-15 1 
    0.391078 3.057464e-03 5.997300e-15 1 
    0.391353 2.993967e-03 5.864500e-15 1 
    0.391628 3.109781e-03 6.082800e-15 1 
    0.391903 3.307414e-03 6.460300e-15 1 
    0.392178 3.316262e-03 6.468500e-15 1 
    0.392453 3.197596e-03 6.228300e-15 1 
    0.392728 3.165833e-03 6.157800e-15 1 
    0.393003 3.431343e-03 6.664900e-15 1 
    0.393278 4.411120e-03 8.556000e-15 1 
    0.393553 6.705960e-03 1.298900e-14 1 
    0.393828 7.865146e-03 1.521300e-14 1 
    0.394103 8.038700e-03 1.552700e-14 1 
    0.394378 5.800382e-03 1.118800e-14 1 
    0.394653 3.754586e-03 7.231900e-15 1 
    0.394928 3.183049e-03 6.122500e-15 1 
    0.395203 3.355800e-03 6.445800e-15 1 
    0.395478 4.147960e-03 7.956300e-15 1 
    0.395753 4.890212e-03 9.367000e-15 1 
    0.396028 5.178274e-03 9.905000e-15 1 
    0.396303 4.270878e-03 8.158000e-15 1 
    0.396578 3.456256e-03 6.592800e-15 1 
    0.396853 3.061808e-03 5.832300e-15 1 
    0.397128 3.096018e-03 5.889300e-15 1 
    0.397403 2.911213e-03 5.530100e-15 1 
    0.397678 2.962952e-03 5.620600e-15 1 
    0.397953 3.050141e-03 5.778000e-15 1 
    0.398228 3.050023e-03 5.769800e-15 1 
    0.398503 2.980340e-03 5.630200e-15 1 
    0.398778 3.363885e-03 6.346000e-15 1 
    0.399053 3.274467e-03 6.168800e-15 1 
    0.399328 2.921040e-03 5.495400e-15 1 
    0.399603 3.311284e-03 6.221000e-15 1 
    0.399878 2.961073e-03 5.555400e-15 1 
    0.400153 2.962799e-03 5.551000e-15 1 
    0.400428 2.746936e-03 5.139500e-15 1 
    0.400703 2.814614e-03 5.258900e-15 1 
    0.400978 3.009543e-03 5.615400e-15 1 
    0.401253 3.200330e-03 5.963200e-15 1 
    0.401528 3.211167e-03 5.975200e-15 1 
    0.401803 3.126126e-03 5.809000e-15 1 
    0.402078 3.143771e-03 5.833800e-15 1 
    0.402353 3.259398e-03 6.040100e-15 1 
    0.402628 3.024311e-03 5.596800e-15 1 
    0.402903 3.430592e-03 6.340000e-15 1 
    0.403178 3.145499e-03 5.805200e-15 1 
    0.403453 4.092364e-03 7.542400e-15 1 
    0.403728 5.457660e-03 1.004500e-14 1 
    0.404003 6.672913e-03 1.226500e-14 1 
    0.404278 6.358933e-03 1.167200e-14 1 
    0.404553 5.092105e-03 9.334000e-15 1 
    0.404828 3.819193e-03 6.991200e-15 1 
    0.405103 3.113301e-03 5.691300e-15 1 
    0.405378 3.278519e-03 5.985200e-15 1 
    0.405653 2.954903e-03 5.387100e-15 1 
    0.405928 3.404963e-03 6.199200e-15 1 
    0.406203 3.310963e-03 6.019900e-15 1 
    0.406478 3.416124e-03 6.202700e-15 1 
    0.406753 3.165241e-03 5.739400e-15 1 
    0.407028 3.228612e-03 5.846400e-15 1 
    0.407303 3.124757e-03 5.650700e-15 1 
    0.407578 3.327878e-03 6.009900e-15 1 
    0.407853 3.279141e-03 5.913900e-15 1 
    0.408128 3.487055e-03 6.280400e-15 1 
    0.408403 3.178908e-03 5.717700e-15 1 
    0.408678 3.006207e-03 5.399800e-15 1 
    0.408953 3.228785e-03 5.791800e-15 1 
    0.409228 3.201310e-03 5.734800e-15 1 
    0.409503 3.425403e-03 6.128000e-15 1 
    0.409778 3.147679e-03 5.623600e-15 1 
    0.410053 3.127580e-03 5.580200e-15 1 
    0.410328 3.320182e-03 5.915900e-15 1 
    0.410603 3.295242e-03 5.863600e-15 1 
    0.410878 3.227346e-03 5.735100e-15 1 
    0.411153 3.185855e-03 5.653800e-15 1 
    0.411428 3.251508e-03 5.762600e-15 1 
    0.411703 3.292581e-03 5.827600e-15 1 
    0.411978 3.092631e-03 5.466400e-15 1 
    0.412253 3.200546e-03 5.649600e-15 1 
    0.412528 3.167378e-03 5.583600e-15 1 
    0.412803 3.235050e-03 5.695300e-15 1 
    0.413078 3.186408e-03 5.602200e-15 1 
    0.413353 3.138426e-03 5.510500e-15 1 
    0.413628 3.307760e-03 5.800100e-15 1 
    0.413903 3.313474e-03 5.802400e-15 1 
    0.414178 3.237653e-03 5.662100e-15 1 
    0.414453 3.318621e-03 5.796000e-15 1 
    0.414728 3.393546e-03 5.919000e-15 1 
    0.415003 3.301027e-03 5.750000e-15 1 
    0.415278 3.502692e-03 6.093200e-15 1 
    0.415553 3.391692e-03 5.892300e-15 1 
    0.415828 3.289841e-03 5.707800e-15 1 
    0.416103 3.231055e-03 5.598400e-15 1 
    0.416378 3.259079e-03 5.639500e-15 1 
    0.416653 3.395437e-03 5.867700e-15 1 
    0.416928 4.018404e-03 6.935100e-15 1 
    0.417203 4.951263e-03 8.533800e-15 1 
    0.417478 6.459689e-03 1.111900e-14 1 
    0.417753 6.500197e-03 1.117400e-14 1 
    0.418028 5.382976e-03 9.241300e-15 1 
    0.418303 3.982194e-03 6.827500e-15 1 
    0.418578 3.352596e-03 5.740500e-15 1 
    0.418853 2.976419e-03 5.089700e-15 1 
    0.419128 3.087311e-03 5.272400e-15 1 
    0.419403 3.055187e-03 5.210700e-15 1 
    0.419678 3.068765e-03 5.227000e-15 1 
    0.419953 3.548844e-03 6.036800e-15 1 
    0.420228 3.153042e-03 5.356500e-15 1 
    0.420503 3.256604e-03 5.525200e-15 1 
    0.420778 3.437092e-03 5.823800e-15 1 
    0.421053 3.154147e-03 5.337400e-15 1 
    0.421328 3.289336e-03 5.558900e-15 1 
    0.421603 3.304888e-03 5.577900e-15 1 
    0.421878 3.259782e-03 5.494600e-15 1 
    0.422153 3.192035e-03 5.373400e-15 1 
    0.422428 3.258354e-03 5.477900e-15 1 
    0.422703 3.111257e-03 5.223800e-15 1 
    0.422978 3.318907e-03 5.565200e-15 1 
    0.423253 3.310206e-03 5.543400e-15 1 
    0.423528 3.242160e-03 5.422400e-15 1 
    0.423803 3.475792e-03 5.805600e-15 1 
    0.424078 3.378095e-03 5.635100e-15 1 
    0.424353 3.358767e-03 5.595600e-15 1 
    0.424628 3.305604e-03 5.499900e-15 1 
    0.424903 3.281842e-03 5.453300e-15 1 
    0.425178 3.202694e-03 5.314900e-15 1 
    0.425453 3.414939e-03 5.659800e-15 1 
    0.425728 3.327283e-03 5.507400e-15 1 
    0.426003 3.119677e-03 5.157100e-15 1 
    0.426278 3.191363e-03 5.268800e-15 1 
    0.426553 3.353777e-03 5.529800e-15 1 
    0.426828 3.260514e-03 5.369100e-15 1 
    0.427103 3.146936e-03 5.175400e-15 1 
    0.427378 3.179666e-03 5.222500e-15 1 
    0.427653 3.084329e-03 5.059400e-15 1 
    0.427928 3.261592e-03 5.343300e-15 1 
    0.428203 3.157482e-03 5.166100e-15 1 
    0.428478 3.221452e-03 5.264000e-15 1 
    0.428753 3.152914e-03 5.145400e-15 1 
    0.429028 3.326423e-03 5.421600e-15 1 
    0.429303 3.524880e-03 5.737700e-15 1 
    0.429578 3.290053e-03 5.348600e-15 1 
    0.429853 3.396693e-03 5.514900e-15 1 
    0.430128 3.190129e-03 5.172900e-15 1 
    0.430403 3.185564e-03 5.158900e-15 1 
    0.430678 3.213811e-03 5.198000e-15 1 
    0.430953 3.082588e-03 4.979400e-15 1 
    0.431228 3.254010e-03 5.249600e-15 1 
    0.431503 3.366961e-03 5.424900e-15 1 
    0.431778 3.313708e-03 5.332300e-15 1 
    0.432053 3.311086e-03 5.321300e-15 1 
    0.432328 3.342466e-03 5.364900e-15 1 
    0.432603 3.304550e-03 5.297300e-15 1 
    0.432878 3.240233e-03 5.187600e-15 1 
    0.433153 3.259486e-03 5.211800e-15 1 
    0.433428 3.023353e-03 4.828100e-15 1 
    0.433703 3.125566e-03 4.985000e-15 1 
    0.433978 3.279196e-03 5.223400e-15 1 
    0.434253 3.194660e-03 5.082300e-15 1 
    0.434528 3.206008e-03 5.093900e-15 1 
    0.434803 3.317702e-03 5.264700e-15 1 
    0.435078 3.133049e-03 4.965400e-15 1 
    0.435353 3.309801e-03 5.238900e-15 1 
    0.435628 2.923687e-03 4.621900e-15 1 
    0.435903 3.020358e-03 4.768700e-15 1 
    0.436178 3.097924e-03 4.885000e-15 1 
    0.436453 3.315309e-03 5.221200e-15 1 
    0.436728 3.116041e-03 4.901200e-15 1 
    0.437003 3.070632e-03 4.823700e-15 1 
    0.437278 3.095085e-03 4.856000e-15 1 
    0.437553 3.302175e-03 5.174400e-15 1 
    0.437828 3.084921e-03 4.827900e-15 1 
    0.438103 3.096155e-03 4.839400e-15 1 
    0.438378 3.208238e-03 5.008300e-15 1 
    0.438653 3.161595e-03 4.929300e-15 1 
    0.438928 2.957297e-03 4.605000e-15 1 
    0.439203 3.167534e-03 4.926200e-15 1 
    0.439478 3.216375e-03 4.995900e-15 1 
    0.439753 3.274807e-03 5.080300e-15 1 
    0.440028 3.034679e-03 4.701900e-15 1 
    0.440303 3.083967e-03 4.772300e-15 1 
    0.440578 3.068410e-03 4.742300e-15 1 
    0.440853 3.479148e-03 5.370400e-15 1 
    0.441128 3.888959e-03 5.995500e-15 1 
    0.441403 6.012527e-03 9.257800e-15 1 
    0.441678 9.268224e-03 1.425300e-14 1 
    0.441953 1.135800e-02 1.744500e-14 1 
    0.442228 1.013616e-02 1.554900e-14 1 
    0.442503 6.870281e-03 1.052600e-14 1 
    0.442778 4.410328e-03 6.748700e-15 1 
    0.443053 3.367130e-03 5.146000e-15 1 
    0.443328 3.379042e-03 5.157800e-15 1 
    0.443603 3.281432e-03 5.002600e-15 1 
    0.443878 3.747598e-03 5.706200e-15 1 
    0.444153 4.111014e-03 6.251800e-15 1 
    0.444428 4.017283e-03 6.101700e-15 1 
    0.444703 3.674658e-03 5.574400e-15 1 
    0.444978 3.761707e-03 5.699400e-15 1 
    0.445253 3.276680e-03 4.958400e-15 1 
    0.445528 3.389901e-03 5.123400e-15 1 
    0.445803 3.516113e-03 5.307600e-15 1 
    0.446078 3.450609e-03 5.202300e-15 1 
    0.446353 3.385798e-03 5.098300e-15 1 
    0.446628 3.388508e-03 5.096100e-15 1 
    0.446903 3.210269e-03 4.822100e-15 1 
    0.447178 3.335202e-03 5.003600e-15 1 
    0.447453 3.409914e-03 5.109400e-15 1 
    0.447728 3.574542e-03 5.349500e-15 1 
    0.448003 3.177923e-03 4.750100e-15 1 
    0.448278 3.308694e-03 4.939500e-15 1 
    0.448553 3.171311e-03 4.728600e-15 1 
    0.448828 3.400351e-03 5.063900e-15 1 
    0.449103 3.425764e-03 5.095500e-15 1 
    0.449378 3.171678e-03 4.711800e-15 1 
    0.449653 3.269579e-03 4.851300e-15 1 
    0.449928 3.226209e-03 4.781100e-15 1 
    0.450203 3.278123e-03 4.852100e-15 1 
    0.450478 3.461384e-03 5.117100e-15 1 
    0.450753 3.293452e-03 4.862900e-15 1 
    0.451028 3.176094e-03 4.683900e-15 1 
    0.451303 3.069984e-03 4.521900e-15 1 
    0.451578 2.939477e-03 4.324400e-15 1 
    0.451853 3.279533e-03 4.818800e-15 1 
    0.452128 3.228264e-03 4.737700e-15 1 
    0.452403 3.343055e-03 4.900200e-15 1 
    0.452678 3.400125e-03 4.977800e-15 1 
    0.452953 3.391332e-03 4.958900e-15 1 
    0.453228 3.279118e-03 4.789000e-15 1 
    0.453503 3.313057e-03 4.832700e-15 1 
    0.453778 3.538091e-03 5.154700e-15 1 
    0.454053 3.219527e-03 4.684900e-15 1 
    0.454328 3.499817e-03 5.086600e-15 1 
    0.454603 3.250754e-03 4.718900e-15 1 
    0.454878 3.752799e-03 5.441100e-15 1 
    0.455153 4.062836e-03 5.883500e-15 1 
    0.455428 4.110544e-03 5.945400e-15 1 
    0.455703 3.667644e-03 5.298400e-15 1 
    0.455978 3.625291e-03 5.230900e-15 1 
    0.456253 3.332264e-03 4.802300e-15 1 
    0.456528 3.378591e-03 4.863200e-15 1 
    0.456803 3.281876e-03 4.718300e-15 1 
    0.457078 3.447533e-03 4.950500e-15 1 
    0.457353 3.342774e-03 4.794300e-15 1 
    0.457628 3.213881e-03 4.603900e-15 1 
    0.457903 3.197336e-03 4.574700e-15 1 
    0.458178 3.259538e-03 4.658100e-15 1 
    0.458453 3.315366e-03 4.732200e-15 1 
    0.458728 3.489303e-03 4.974500e-15 1 
    0.459003 3.447348e-03 4.908800e-15 1 
    0.459278 3.460761e-03 4.922000e-15 1 
    0.459553 3.492643e-03 4.961400e-15 1 
    0.459828 3.571533e-03 5.067400e-15 1 
    0.460103 3.270472e-03 4.634700e-15 1 
    0.460378 3.435393e-03 4.862600e-15 1 
    0.460653 3.275962e-03 4.631400e-15 1 
    0.460928 3.730278e-03 5.267400e-15 1 
    0.461203 3.379437e-03 4.766300e-15 1 
    0.461478 3.483915e-03 4.907800e-15 1 
    0.461753 3.455091e-03 4.861400e-15 1 
    0.462028 3.369977e-03 4.736000e-15 1 
    0.462303 3.431126e-03 4.816200e-15 1 
    0.462578 3.340845e-03 4.683900e-15 1 
    0.462853 3.241058e-03 4.538600e-15 1 
    0.463128 3.376748e-03 4.723000e-15 1 
    0.463403 3.371168e-03 4.709600e-15 1 
    0.463678 3.469769e-03 4.841600e-15 1 
    0.463953 3.352986e-03 4.673100e-15 1 
    0.464228 3.325426e-03 4.629200e-15 1 
    0.464503 3.463140e-03 4.815200e-15 1 
    0.464778 3.594621e-03 4.992100e-15 1 
    0.465053 3.383250e-03 4.693000e-15 1 
    0.465328 3.485341e-03 4.828900e-15 1 
    0.465603 3.573430e-03 4.945100e-15 1 
    0.465878 3.313368e-03 4.579800e-15 1 
    0.466153 3.453744e-03 4.768200e-15 1 
    0.466428 3.413656e-03 4.707300e-15 1 
    0.466703 3.458414e-03 4.763400e-15 1 
    0.466978 3.225523e-03 4.437400e-15 1 
    0.467253 3.544949e-03 4.871100e-15 1 
    0.467528 3.326096e-03 4.565000e-15 1 
    0.467803 3.483270e-03 4.775100e-15 1 
    0.468078 3.185889e-03 4.362300e-15 1 
    0.468353 3.532851e-03 4.831700e-15 1 
    0.468628 3.448936e-03 4.711400e-15 1 
    0.468903 3.434882e-03 4.686700e-15 1 
    0.469178 3.472446e-03 4.732400e-15 1 
    0.469453 3.288161e-03 4.476000e-15 1 
    0.469728 3.646516e-03 4.958000e-15 1 
    0.470003 3.284898e-03 4.461100e-15 1 
    0.470278 3.342928e-03 4.534600e-15 1 
    0.470553 3.454227e-03 4.680100e-15 1 
    0.470828 3.104392e-03 4.201200e-15 1 
    0.471103 3.420657e-03 4.623800e-15 1 
    0.471378 3.185938e-03 4.301500e-15 1 
    0.471653 3.424273e-03 4.617900e-15 1 
    0.471928 3.642001e-03 4.905800e-15 1 
    0.472203 3.303459e-03 4.444600e-15 1 
    0.472478 3.455461e-03 4.643700e-15 1 
    0.472753 3.717026e-03 4.989400e-15 1 
    0.473028 3.721202e-03 4.989200e-15 1 
    0.473303 3.664598e-03 4.907600e-15 1 
    0.473578 3.547898e-03 4.745800e-15 1 
    0.473853 3.687715e-03 4.927100e-15 1 
    0.474128 3.699715e-03 4.937400e-15 1 
    0.474403 3.912262e-03 5.215000e-15 1 
    0.474678 3.759075e-03 5.005000e-15 1 
    0.474953 3.555221e-03 4.728100e-15 1 
    0.475228 3.304214e-03 4.389200e-15 1 
    0.475503 3.521103e-03 4.671900e-15 1 
    0.475778 3.520122e-03 4.665200e-15 1 
    0.476053 3.649290e-03 4.830800e-15 1 
    0.476328 3.533710e-03 4.672400e-15 1 
    0.476603 3.577695e-03 4.725100e-15 1 
    0.476878 3.511933e-03 4.632900e-15 1 
    0.477153 3.444950e-03 4.539300e-15 1 
    0.477428 3.374462e-03 4.441300e-15 1 
    0.477703 3.374624e-03 4.436400e-15 1 
    0.477978 3.640100e-03 4.779900e-15 1 
    0.478253 3.822543e-03 5.013700e-15 1 
    0.478528 3.695043e-03 4.840900e-15 1 
    0.478803 3.600101e-03 4.711100e-15 1 
    0.479078 3.592074e-03 4.695200e-15 1 
    0.479353 3.545877e-03 4.629500e-15 1 
    0.479628 3.396278e-03 4.429100e-15 1 
    0.479903 3.719763e-03 4.845400e-15 1 
    0.480178 3.512594e-03 4.570300e-15 1 
    0.480453 3.529622e-03 4.587200e-15 1 
    0.480728 3.489139e-03 4.529400e-15 1 
    0.481003 3.450329e-03 4.473900e-15 1 
    0.481278 3.387181e-03 4.387000e-15 1 
    0.481553 3.429933e-03 4.437300e-15 1 
    0.481828 3.762046e-03 4.861400e-15 1 
    0.482103 3.522297e-03 4.546400e-15 1 
    0.482378 3.416255e-03 4.404500e-15 1 
    0.482653 3.323243e-03 4.279700e-15 1 
    0.482928 3.550533e-03 4.567200e-15 1 
    0.483203 3.698171e-03 4.751700e-15 1 
    0.483478 3.423984e-03 4.394400e-15 1 
    0.483753 3.529366e-03 4.524500e-15 1 
    0.484028 3.432482e-03 4.395300e-15 1 
    0.484303 3.261878e-03 4.172100e-15 1 
    0.484578 3.345030e-03 4.273600e-15 1 
    0.484853 3.324457e-03 4.242500e-15 1 
    0.485128 3.300615e-03 4.207300e-15 1 
    0.485403 3.363027e-03 4.282000e-15 1 
    0.485678 3.508132e-03 4.461700e-15 1 
    0.485953 3.325941e-03 4.225200e-15 1 
    0.486228 3.439483e-03 4.364500e-15 1 
    0.486503 3.343020e-03 4.237300e-15 1 
    0.486778 3.496712e-03 4.427100e-15 1 
    0.487053 3.396366e-03 4.295200e-15 1 
    0.487328 3.295391e-03 4.162800e-15 1 
    0.487603 3.259961e-03 4.113400e-15 1 
    0.487878 3.369560e-03 4.246900e-15 1 
    0.488153 3.234911e-03 4.072600e-15 1 
    0.488428 3.302730e-03 4.153300e-15 1 
    0.488703 3.400550e-03 4.271500e-15 1 
    0.488978 3.385091e-03 4.247300e-15 1 
    0.489253 3.365680e-03 4.218200e-15 1 
    0.489528 3.280719e-03 4.107100e-15 1 
    0.489803 3.317753e-03 4.148800e-15 1 
    0.490078 3.457660e-03 4.318900e-15 1 
    0.490353 3.489353e-03 4.353600e-15 1 
    0.490628 3.404444e-03 4.242900e-15 1 
    0.490903 3.397578e-03 4.229600e-15 1 
    0.491178 3.293705e-03 4.095700e-15 1 
    0.491453 3.475962e-03 4.317500e-15 1 
    0.491728 3.472599e-03 4.308500e-15 1 
    0.492003 3.583317e-03 4.440900e-15 1 
    0.492278 3.587727e-03 4.441400e-15 1 
    0.492553 3.399753e-03 4.204000e-15 1 
    0.492828 3.354003e-03 4.142800e-15 1 
    0.493103 3.267133e-03 4.031000e-15 1 
    0.493378 3.291225e-03 4.056200e-15 1 
    0.493653 3.570919e-03 4.396000e-15 1 
    0.493928 3.996063e-03 4.913900e-15 1 
    0.494203 6.049903e-03 7.431200e-15 1 
    0.494478 1.227351e-02 1.505900e-14 1 
    0.494753 2.222117e-02 2.723400e-14 1 
    0.495028 2.801932e-02 3.430200e-14 1 
    0.495303 2.354139e-02 2.878800e-14 1 
    0.495578 1.343664e-02 1.641300e-14 1 
    0.495853 6.628496e-03 8.087800e-15 1 
    0.496128 4.161703e-03 5.072300e-15 1 
    0.496403 3.716034e-03 4.524100e-15 1 
    0.496678 3.403815e-03 4.139400e-15 1 
    0.496953 3.448334e-03 4.188900e-15 1 
    0.497228 3.378558e-03 4.099600e-15 1 
    0.497503 3.512238e-03 4.257100e-15 1 
    0.497778 3.371169e-03 4.081600e-15 1 
    0.498053 3.241606e-03 3.920400e-15 1 
    0.498328 3.328377e-03 4.020900e-15 1 
    0.498603 3.456106e-03 4.170600e-15 1 
    0.498878 3.488458e-03 4.205000e-15 1 
    0.499153 3.484747e-03 4.195900e-15 1 
    0.499428 3.302930e-03 3.972600e-15 1 
    0.499703 3.349350e-03 4.024000e-15 1 
    0.499978 3.429531e-03 4.115800e-15 1 
    0.500253 3.425631e-03 4.106600e-15 1 
    0.500528 3.306054e-03 3.958900e-15 1 
    0.500803 3.601874e-03 4.308400e-15 1 
    0.501078 3.642238e-03 4.351900e-15 1 
    0.501353 3.525084e-03 4.207300e-15 1 
    0.501628 3.456147e-03 4.120500e-15 1 
    0.501903 3.461700e-03 4.122600e-15 1 
    0.502178 3.379921e-03 4.020800e-15 1 
    0.502453 3.366541e-03 4.000500e-15 1 
    0.502728 3.278063e-03 3.891100e-15 1 
    0.503003 3.497806e-03 4.147400e-15 1 
    0.503278 3.606831e-03 4.272000e-15 1 
    0.503553 3.612465e-03 4.274000e-15 1 
    0.503828 4.483284e-03 5.298500e-15 1 
    0.504103 7.190320e-03 8.488500e-15 1 
    0.504378 1.555384e-02 1.834200e-14 1 
    0.504653 2.717463e-02 3.201100e-14 1 
    0.504928 3.617178e-02 4.256300e-14 1 
    0.505203 3.614738e-02 4.248800e-14 1 
    0.505478 2.146097e-02 2.519800e-14 1 
    0.505753 9.531442e-03 1.117900e-14 1 
    0.506028 4.979427e-03 5.833800e-15 1 
    0.506303 3.976815e-03 4.654100e-15 1 
    0.506578 3.566180e-03 4.169000e-15 1 
    0.506853 3.473116e-03 4.055800e-15 1 
    0.507128 3.463084e-03 4.039700e-15 1 
    0.507403 3.695463e-03 4.306100e-15 1 
    0.507678 4.016057e-03 4.674600e-15 1 
    0.507953 4.016968e-03 4.670600e-15 1 
    0.508228 3.942195e-03 4.578700e-15 1 
    0.508503 4.626946e-03 5.368200e-15 1 
    0.508778 7.473059e-03 8.660900e-15 1 
    0.509053 1.894708e-02 2.193500e-14 1 
    0.509328 5.143162e-02 5.947800e-14 1 
    0.509603 9.830329e-02 1.135600e-13 1 
    0.509878 1.196234e-01 1.380400e-13 1 
    0.510153 9.328445e-02 1.075300e-13 1 
    0.510428 4.678197e-02 5.386800e-14 1 
    0.510703 1.706094e-02 1.962400e-14 1 
    0.510978 7.268460e-03 8.351400e-15 1 
    0.511253 4.589390e-03 5.267500e-15 1 
    0.511528 3.874762e-03 4.442500e-15 1 
    0.511803 3.800433e-03 4.352600e-15 1 
    0.512078 3.683896e-03 4.214600e-15 1 
    0.512353 3.587226e-03 4.099600e-15 1 
    0.512628 3.561558e-03 4.065900e-15 1 
    0.512903 3.828538e-03 4.366000e-15 1 
    0.513178 3.689644e-03 4.203100e-15 1 
    0.513453 3.613455e-03 4.111900e-15 1 
    0.513728 3.518094e-03 3.999100e-15 1 
    0.514003 3.614155e-03 4.103900e-15 1 
    0.514278 3.528981e-03 4.002900e-15 1 
    0.514553 3.558527e-03 4.032100e-15 1 
    0.514828 3.740709e-03 4.234000e-15 1 
    0.515103 3.656174e-03 4.133900e-15 1 
    0.515378 3.531964e-03 3.989200e-15 1 
    0.515653 3.592459e-03 4.053200e-15 1 
    0.515928 3.321770e-03 3.743800e-15 1 
    0.516203 3.387132e-03 3.813400e-15 1 
    0.516478 3.257812e-03 3.663900e-15 1 
    0.516753 3.343973e-03 3.756800e-15 1 
    0.517028 3.441807e-03 3.862600e-15 1 
    0.517303 3.490694e-03 3.913300e-15 1 
    0.517578 3.367875e-03 3.771600e-15 1 
    0.517853 3.385042e-03 3.786800e-15 1 
    0.518128 3.263806e-03 3.647300e-15 1 
    0.518403 3.125107e-03 3.488600e-15 1 
    0.518678 3.231999e-03 3.604100e-15 1 
    0.518953 3.420893e-03 3.810700e-15 1 
    0.519228 3.399627e-03 3.783000e-15 1 
    0.519503 3.394773e-03 3.773600e-15 1 
    0.519778 3.595681e-03 3.992700e-15 1 
    0.520053 3.621664e-03 4.017300e-15 1 
    0.520328 3.346542e-03 3.708200e-15 1 
    0.520603 3.239501e-03 3.585800e-15 1 
    0.520878 3.307135e-03 3.656800e-15 1 
    0.521153 3.367302e-03 3.719400e-15 1 
    0.521428 3.408830e-03 3.761300e-15 1 
    0.521703 3.380673e-03 3.726300e-15 1 
    0.521978 3.221942e-03 3.547600e-15 1 
    0.522253 3.200518e-03 3.520300e-15 1 
    0.522528 3.483933e-03 3.828000e-15 1 
    0.522803 3.418450e-03 3.752100e-15 1 
    0.523078 3.446764e-03 3.779200e-15 1 
    0.523353 3.258203e-03 3.568700e-15 1 
    0.523628 3.149943e-03 3.446500e-15 1 
    0.523903 3.358834e-03 3.671200e-15 1 
    0.524178 3.287992e-03 3.590000e-15 1 
    0.524453 3.628472e-03 3.957600e-15 1 
    0.524728 3.779309e-03 4.117800e-15 1 
    0.525003 3.620376e-03 3.940500e-15 1 
    0.525278 3.505065e-03 3.811000e-15 1 
    0.525553 3.407829e-03 3.701400e-15 1 
    0.525828 3.328355e-03 3.611300e-15 1 
    0.526103 3.366989e-03 3.649400e-15 1 
    0.526378 3.263467e-03 3.533500e-15 1 
    0.526653 3.225459e-03 3.488700e-15 1 
    0.526928 3.448267e-03 3.725800e-15 1 
    0.527203 3.388032e-03 3.656900e-15 1 
    0.527478 3.283984e-03 3.540900e-15 1 
    0.527753 3.255379e-03 3.506400e-15 1 
    0.528028 3.360633e-03 3.616000e-15 1 
    0.528303 3.313337e-03 3.561400e-15 1 
    0.528578 3.283353e-03 3.525500e-15 1 
    0.528853 3.529817e-03 3.786200e-15 1 
    0.529128 3.857795e-03 4.133700e-15 1 
    0.529403 3.944111e-03 4.221800e-15 1 
    0.529678 3.887142e-03 4.156500e-15 1 
    0.529953 3.682226e-03 3.933300e-15 1 
    0.530228 3.421963e-03 3.651500e-15 1 
    0.530503 3.320258e-03 3.539300e-15 1 
    0.530778 3.487571e-03 3.713800e-15 1 
    0.531053 3.637929e-03 3.869900e-15 1 
    0.531328 3.456502e-03 3.673100e-15 1 
    0.531603 3.404503e-03 3.614100e-15 1 
    0.531878 3.422265e-03 3.629200e-15 1 
    0.532153 3.365770e-03 3.565600e-15 1 
    0.532428 3.485003e-03 3.688100e-15 1 
    0.532703 3.476686e-03 3.675500e-15 1 
    0.532978 3.443821e-03 3.637000e-15 1 
    0.533253 3.436286e-03 3.625300e-15 1 
    0.533528 3.296651e-03 3.474400e-15 1 
    0.533803 3.432930e-03 3.614300e-15 1 
    0.534078 3.484293e-03 3.664600e-15 1 
    0.534353 3.551842e-03 3.731800e-15 1 
    0.534628 3.398484e-03 3.567000e-15 1 
    0.534903 3.343422e-03 3.505600e-15 1 
    0.535178 3.343137e-03 3.501700e-15 1 
    0.535453 3.213827e-03 3.362800e-15 1 
    0.535728 3.335279e-03 3.486300e-15 1 
    0.536003 3.164601e-03 3.304500e-15 1 
    0.536278 3.380476e-03 3.526300e-15 1 
    0.536553 3.537581e-03 3.686400e-15 1 
    0.536828 3.644186e-03 3.793600e-15 1 
    0.537103 3.606861e-03 3.750900e-15 1 
    0.537378 3.346999e-03 3.477100e-15 1 
    0.537653 3.385596e-03 3.513600e-15 1 
    0.537928 3.262414e-03 3.382300e-15 1 
    0.538203 3.245378e-03 3.361200e-15 1 
    0.538478 3.383816e-03 3.501000e-15 1 
    0.538753 3.469996e-03 3.586500e-15 1 
    0.539028 3.343469e-03 3.452200e-15 1 
    0.539303 3.570543e-03 3.682900e-15 1 
    0.539578 3.614461e-03 3.724400e-15 1 
    0.539853 3.378873e-03 3.478100e-15 1 
    0.540128 3.403321e-03 3.499700e-15 1 
    0.540403 3.485734e-03 3.580800e-15 1 
    0.540678 3.654646e-03 3.750500e-15 1 
    0.540953 3.486786e-03 3.574600e-15 1 
    0.541228 3.450103e-03 3.533400e-15 1 
    0.541503 3.471594e-03 3.551800e-15 1 
    0.541778 3.510735e-03 3.588200e-15 1 
    0.542053 3.497161e-03 3.570700e-15 1 
    0.542328 3.374042e-03 3.441500e-15 1 
    0.542603 3.261759e-03 3.323600e-15 1 
    0.542878 3.450934e-03 3.512800e-15 1 
    0.543153 3.527595e-03 3.587200e-15 1 
    0.543428 3.455469e-03 3.510300e-15 1 
    0.543703 3.462514e-03 3.513900e-15 1 
    0.543978 3.236390e-03 3.281100e-15 1 
    0.544253 3.246279e-03 3.287800e-15 1 
    0.544528 3.252624e-03 3.290900e-15 1 
    0.544803 3.612577e-03 3.651400e-15 1 
    0.545078 3.493420e-03 3.527400e-15 1 
    0.545353 3.314930e-03 3.343800e-15 1 
    0.545628 3.504740e-03 3.531700e-15 1 
    0.545903 3.547015e-03 3.570700e-15 1 
    0.546178 3.429873e-03 3.449300e-15 1 
    0.546453 3.490562e-03 3.506800e-15 1 
    0.546728 3.414964e-03 3.427400e-15 1 
    0.547003 3.596830e-03 3.606300e-15 1 
    0.547278 3.539847e-03 3.545600e-15 1 
    0.547553 3.440469e-03 3.442600e-15 1 
    0.547828 3.843879e-03 3.842400e-15 1 
    0.548103 3.676302e-03 3.671200e-15 1 
    0.548378 3.588573e-03 3.580000e-15 1 
    0.548653 3.510396e-03 3.498500e-15 1 
    0.548928 3.526471e-03 3.511000e-15 1 
    0.549203 3.532016e-03 3.513000e-15 1 
    0.549478 3.501336e-03 3.479000e-15 1 
    0.549753 3.469682e-03 3.444100e-15 1 
    0.550028 3.391269e-03 3.362900e-15 1 
    0.550303 3.285540e-03 3.254800e-15 1 
    0.550578 3.423215e-03 3.387800e-15 1 
    0.550853 3.504012e-03 3.464300e-15 1 
    0.551128 3.578183e-03 3.534100e-15 1 
    0.551403 3.706413e-03 3.657100e-15 1 
    0.551678 3.619821e-03 3.568100e-15 1 
    0.551953 3.289836e-03 3.239600e-15 1 
    0.552228 3.275530e-03 3.222300e-15 1 
    0.552503 3.652125e-03 3.589200e-15 1 
    0.552778 3.469470e-03 3.406300e-15 1 
    0.553053 3.378613e-03 3.313800e-15 1 
    0.553328 3.315739e-03 3.248900e-15 1 
    0.553603 3.389832e-03 3.318200e-15 1 
    0.553878 3.371521e-03 3.297000e-15 1 
    0.554153 3.585530e-03 3.502800e-15 1 
    0.554428 3.603332e-03 3.516700e-15 1 
    0.554703 3.623011e-03 3.532400e-15 1 
    0.554978 3.559871e-03 3.467400e-15 1 
    0.555253 3.534830e-03 3.439600e-15 1 
    0.555528 3.522078e-03 3.423800e-15 1 
    0.555803 3.345262e-03 3.248700e-15 1 
    0.556078 3.214267e-03 3.118400e-15 1 
    0.556353 3.621691e-03 3.510200e-15 1 
    0.556628 3.094319e-03 2.996100e-15 1 
    0.556903 3.453833e-03 3.340900e-15 1 
    0.557178 3.429822e-03 3.314400e-15 1 
    0.557453 3.724488e-03 3.595600e-15 1 
    0.557728 3.821171e-03 3.685300e-15 1 
    0.558003 3.401377e-03 3.277200e-15 1 
    0.558278 3.474961e-03 3.344800e-15 1 
    0.558553 3.523518e-03 3.388200e-15 1 
    0.558828 3.355750e-03 3.223700e-15 1 
    0.559103 3.636952e-03 3.490400e-15 1 
    0.559378 3.266923e-03 3.132200e-15 1 
    0.559653 3.469548e-03 3.323200e-15 1 
    0.559928 3.510580e-03 3.359200e-15 1 
    0.560203 3.539136e-03 3.383200e-15 1 
    0.560478 3.475805e-03 3.319400e-15 1 
    0.560753 3.721234e-03 3.550300e-15 1 
    0.561028 3.500886e-03 3.336800e-15 1 
    0.561303 3.869790e-03 3.684800e-15 1 
    0.561578 3.756791e-03 3.573700e-15 1 
    0.561853 3.907577e-03 3.713500e-15 1 
    0.562128 3.653662e-03 3.468800e-15 1 
    0.562403 3.236774e-03 3.070000e-15 1 
    0.562678 3.603299e-03 3.414300e-15 1 
    0.562953 3.477097e-03 3.291500e-15 1 
    0.563228 3.399285e-03 3.214700e-15 1 
    0.563503 3.902406e-03 3.686900e-15 1 
    0.563778 3.365455e-03 3.176500e-15 1 
    0.564053 3.384329e-03 3.191200e-15 1 
    0.564328 3.659812e-03 3.447600e-15 1 
    0.564603 3.447356e-03 3.244300e-15 1 
    0.564878 3.417955e-03 3.213500e-15 1 
    0.565153 3.688726e-03 3.464700e-15 1 
    0.565428 3.538111e-03 3.320000e-15 1 
    0.565703 3.526299e-03 3.305700e-15 1 
    0.565978 3.518196e-03 3.294900e-15 1 
    0.566253 3.413346e-03 3.193600e-15 1 
    0.566528 3.380715e-03 3.160000e-15 1 
    0.566803 3.636941e-03 3.396200e-15 1 
    0.567078 3.200338e-03 2.985600e-15 1 
    0.567353 3.373508e-03 3.144100e-15 1 
    0.567628 3.705640e-03 3.450300e-15 1 
    0.567903 3.669132e-03 3.413000e-15 1 
    0.568178 3.631149e-03 3.374400e-15 1 
    0.568453 3.617646e-03 3.358600e-15 1 
    0.568728 3.541578e-03 3.284800e-15 1 
    0.569003 3.461257e-03 3.207200e-15 1 
    0.569278 3.615516e-03 3.346900e-15 1 
    0.569553 3.254503e-03 3.009800e-15 1 
    0.569828 3.700001e-03 3.418500e-15 1 
    0.570103 3.506829e-03 3.236900e-15 1 
    0.570378 3.269577e-03 3.015000e-15 1 
    0.570653 3.412649e-03 3.143900e-15 1 
    0.570928 3.315109e-03 3.051100e-15 1 
    0.571203 3.469912e-03 3.190500e-15 1 
    0.571478 3.264238e-03 2.998500e-15 1 
    0.571753 3.668488e-03 3.366600e-15 1 
    0.572028 3.486050e-03 3.196100e-15 1 
    0.572303 3.265263e-03 2.990800e-15 1 
    0.572578 3.497893e-03 3.200800e-15 1 
    0.572853 3.468329e-03 3.170700e-15 1 
    0.573128 3.291983e-03 3.006600e-15 1 
    0.573403 3.774301e-03 3.443800e-15 1 
    0.573678 3.531860e-03 3.219500e-15 1 
    0.573953 3.239536e-03 2.950200e-15 1 
    0.574228 3.270229e-03 2.975300e-15 1 
    0.574503 3.361267e-03 3.055200e-15 1 
    0.574778 3.597176e-03 3.266500e-15 1 
    0.575053 3.263539e-03 2.960700e-15 1 
    0.575328 3.583210e-03 3.247600e-15 1 
    0.575603 3.661956e-03 3.315800e-15 1 
    0.575878 3.343770e-03 3.024800e-15 1 
    0.576153 3.566938e-03 3.223600e-15 1 
    0.576428 3.318926e-03 2.996600e-15 1 
    0.576703 3.380297e-03 3.049100e-15 1 
    0.576978 3.123190e-03 2.814500e-15 1 
    0.577253 3.228800e-03 2.906900e-15 1 
    0.577528 3.333273e-03 2.998100e-15 1 
    0.577803 3.450071e-03 3.100200e-15 1 
    0.578078 3.404232e-03 3.056100e-15 1 
    0.578353 3.258957e-03 2.922900e-15 1 
    0.578628 3.335269e-03 2.988500e-15 1 
    0.578903 3.496397e-03 3.129900e-15 1 
    0.579178 3.294650e-03 2.946500e-15 1 
    0.579453 3.412164e-03 3.048700e-15 1 
    0.579728 3.398599e-03 3.033700e-15 1 
    0.580003 3.327927e-03 2.967800e-15 1 
    0.580278 3.443998e-03 3.068400e-15 1 
    0.580553 3.863622e-03 3.439000e-15 1 
    0.580828 3.642713e-03 3.239300e-15 1 
    0.581103 3.470232e-03 3.083000e-15 1 
    0.581378 3.397692e-03 3.015700e-15 1 
    0.581653 3.608749e-03 3.200000e-15 1 
    0.581928 3.610920e-03 3.198900e-15 1 
    0.582203 3.766979e-03 3.334000e-15 1 
    0.582478 3.779360e-03 3.341800e-15 1 
    0.582753 3.720443e-03 3.286600e-15 1 
    0.583028 3.675912e-03 3.244200e-15 1 
    0.583303 3.351841e-03 2.955400e-15 1 
    0.583578 3.411195e-03 3.004900e-15 1 
    0.583853 3.359869e-03 2.956900e-15 1 
    0.584128 3.817521e-03 3.356500e-15 1 
    0.584403 3.545162e-03 3.114100e-15 1 
    0.584678 3.357179e-03 2.946200e-15 1 
    0.584953 3.151157e-03 2.762800e-15 1 
    0.585228 3.434508e-03 3.008400e-15 1 
    0.585503 3.774494e-03 3.303100e-15 1 
    0.585778 3.702321e-03 3.236900e-15 1 
    0.586053 3.603105e-03 3.147200e-15 1 
    0.586328 3.614623e-03 3.154300e-15 1 
    0.586603 3.527974e-03 3.075800e-15 1 
    0.586878 3.293858e-03 2.869000e-15 1 
    0.587153 3.643533e-03 3.170600e-15 1 
    0.587428 3.248964e-03 2.824600e-15 1 
    0.587703 3.554918e-03 3.087700e-15 1 
    0.587978 3.713704e-03 3.222600e-15 1 
    0.588253 3.445997e-03 2.987500e-15 1 
    0.588528 3.375444e-03 2.923600e-15 1 
    0.588803 3.163074e-03 2.737100e-15 1 
    0.589078 3.555725e-03 3.074000e-15 1 
    0.589353 3.446972e-03 2.977200e-15 1 
    0.589628 3.319237e-03 2.864200e-15 1 
    0.589903 3.858116e-03 3.326100e-15 1 
    0.590178 3.560425e-03 3.066600e-15 1 
    0.590453 3.589311e-03 3.088600e-15 1 
    0.590728 3.758759e-03 3.231400e-15 1 
    0.591003 3.405757e-03 2.925200e-15 1 
    0.591278 3.276425e-03 2.811500e-15 1 
    0.591553 3.845668e-03 3.296900e-15 1 
    0.591828 3.916495e-03 3.354500e-15 1 
    0.592103 3.629733e-03 3.106000e-15 1 
    0.592378 3.673811e-03 3.140800e-15 1 
    0.592653 3.670901e-03 3.135400e-15 1 
    0.592928 3.684035e-03 3.143700e-15 1 
    0.593203 3.457434e-03 2.947600e-15 1 
    0.593478 3.379983e-03 2.878900e-15 1 
    0.593753 3.709336e-03 3.156500e-15 1 
    0.594028 3.662783e-03 3.114000e-15 1 
    0.594303 3.650045e-03 3.100300e-15 1 
    0.594578 3.430587e-03 2.911200e-15 1 
    0.594853 3.196799e-03 2.710300e-15 1 
    0.595128 3.327614e-03 2.818600e-15 1 
    0.595403 3.539020e-03 2.994900e-15 1 
    0.595678 3.647202e-03 3.083600e-15 1 
    0.595953 3.466953e-03 2.928500e-15 1 
    0.596228 3.452261e-03 2.913400e-15 1 
    0.596503 3.563970e-03 3.004900e-15 1 
    0.596778 3.569275e-03 3.006600e-15 1 
    0.597053 3.691151e-03 3.106400e-15 1 
    0.597328 3.685514e-03 3.098800e-15 1 
    0.597603 4.114011e-03 3.455900e-15 1 
    0.597878 5.456002e-03 4.579000e-15 1 
    0.598153 6.909940e-03 5.793900e-15 1 
    0.598428 7.331949e-03 6.142100e-15 1 
    0.598703 6.172427e-03 5.166000e-15 1 
    0.598978 4.602122e-03 3.848200e-15 1 
    0.599253 3.701885e-03 3.092600e-15 1 
    0.599528 3.647893e-03 3.044700e-15 1 
    0.599803 3.510573e-03 2.927400e-15 1 
    0.600078 3.456418e-03 2.879600e-15 1 
    0.600353 3.579848e-03 2.979700e-15 1 
    0.600628 3.597920e-03 2.992000e-15 1 
    0.600903 3.764064e-03 3.127300e-15 1 
    0.601178 3.726911e-03 3.093600e-15 1 
    0.601453 3.605881e-03 2.990400e-15 1 
    0.601728 3.598438e-03 2.981500e-15 1 
    0.602003 3.678800e-03 3.045300e-15 1 
    0.602278 3.704651e-03 3.063900e-15 1 
    0.602553 3.622834e-03 2.993500e-15 1 
    0.602828 3.542923e-03 2.924800e-15 1 
    0.603103 3.468560e-03 2.860800e-15 1 
    0.603378 3.483859e-03 2.870800e-15 1 
    0.603653 3.765435e-03 3.100000e-15 1 
    0.603928 3.660056e-03 3.010500e-15 1 
    0.604203 3.429142e-03 2.818000e-15 1 
    0.604478 3.463932e-03 2.844000e-15 1 
    0.604753 3.415761e-03 2.801900e-15 1 
    0.605028 3.700123e-03 3.032400e-15 1 
    0.605303 3.727669e-03 3.052200e-15 1 
    0.605578 3.768463e-03 3.082800e-15 1 
    0.605853 3.583708e-03 2.929000e-15 1 
    0.606128 3.526710e-03 2.879800e-15 1 
    0.606403 3.801292e-03 3.101200e-15 1 
    0.606678 3.799832e-03 3.097200e-15 1 
    0.606953 3.757106e-03 3.059600e-15 1 
    0.607228 3.869778e-03 3.148500e-15 1 
    0.607503 4.026935e-03 3.273400e-15 1 
    0.607778 3.903633e-03 3.170300e-15 1 
    0.608053 3.776406e-03 3.064200e-15 1 
    0.608328 3.497588e-03 2.835400e-15 1 
    0.608603 3.576065e-03 2.896400e-15 1 
    0.608878 3.563603e-03 2.883700e-15 1 
    0.609153 3.468367e-03 2.804100e-15 1 
    0.609428 3.533523e-03 2.854200e-15 1 
    0.609703 3.354685e-03 2.707300e-15 1 
    0.609978 3.882211e-03 3.130200e-15 1 
    0.610253 3.506476e-03 2.824700e-15 1 
    0.610528 3.720113e-03 2.994100e-15 1 
    0.610803 3.894709e-03 3.131800e-15 1 
    0.611078 3.562889e-03 2.862400e-15 1 
    0.611353 3.408747e-03 2.736100e-15 1 
    0.611628 3.564692e-03 2.858700e-15 1 
    0.611903 3.520845e-03 2.821000e-15 1 
    0.612178 3.485785e-03 2.790400e-15 1 
    0.612453 3.451658e-03 2.760600e-15 1 
    0.612728 3.442244e-03 2.750600e-15 1 
    0.613003 3.406880e-03 2.719900e-15 1 
    0.613278 3.367186e-03 2.685800e-15 1 
    0.613553 3.824955e-03 3.048200e-15 1 
    0.613828 3.631201e-03 2.891200e-15 1 
    0.614103 3.724964e-03 2.963200e-15 1 
    0.614378 3.204890e-03 2.547200e-15 1 
    0.614653 3.588706e-03 2.849700e-15 1 
    0.614928 3.425160e-03 2.717400e-15 1 
    0.615203 3.901065e-03 3.092200e-15 1 
    0.615478 3.832579e-03 3.035200e-15 1 
    0.615753 3.956448e-03 3.130500e-15 1 
    0.616028 3.647410e-03 2.883400e-15 1 
    0.616303 3.512282e-03 2.774100e-15 1 
    0.616578 3.624652e-03 2.860300e-15 1 
    0.616853 3.449301e-03 2.719500e-15 1 
    0.617128 3.544923e-03 2.792400e-15 1 
    0.617403 3.244024e-03 2.553100e-15 1 
    0.617678 3.941800e-03 3.099500e-15 1 
    0.617953 3.668458e-03 2.882000e-15 1 
    0.618228 3.666373e-03 2.877800e-15 1 
    0.618503 3.545308e-03 2.780300e-15 1 
    0.618778 3.629889e-03 2.844100e-15 1 
    0.619053 3.555704e-03 2.783500e-15 1 
    0.619328 3.340486e-03 2.612700e-15 1 
    0.619603 3.300712e-03 2.579300e-15 1 
    0.619878 3.649210e-03 2.849100e-15 1 
    0.620153 3.304395e-03 2.577600e-15 1 
    0.620428 3.609112e-03 2.812800e-15 1 
    0.620703 3.579307e-03 2.787100e-15 1 
    0.620978 3.974135e-03 3.091800e-15 1 
    0.621253 3.637757e-03 2.827600e-15 1 
    0.621528 3.483756e-03 2.705500e-15 1 
    0.621803 3.479493e-03 2.699800e-15 1 
    0.622078 3.581251e-03 2.776300e-15 1 
    0.622353 3.772399e-03 2.921900e-15 1 
    0.622628 3.674036e-03 2.843200e-15 1 
    0.622903 3.634213e-03 2.809900e-15 1 
    0.623178 3.565578e-03 2.754400e-15 1 
    0.623453 3.381635e-03 2.610000e-15 1 
    0.623728 3.635158e-03 2.803200e-15 1 
    0.624003 3.577491e-03 2.756300e-15 1 
    0.624278 3.727311e-03 2.869200e-15 1 
    0.624553 3.614355e-03 2.779800e-15 1 
    0.624828 3.488574e-03 2.680700e-15 1 
    0.625103 3.634140e-03 2.790100e-15 1 
    0.625378 3.613612e-03 2.771900e-15 1 
    0.625653 3.500141e-03 2.682500e-15 1 
    0.625928 3.139119e-03 2.403700e-15 1 
    0.626203 3.071817e-03 2.350100e-15 1 
    0.626478 3.063265e-03 2.341500e-15 1 
    0.626753 3.256734e-03 2.487200e-15 1 
    0.627028 3.332721e-03 2.543000e-15 1 
    0.627303 3.530301e-03 2.691400e-15 1 
    0.627578 3.185230e-03 2.426200e-15 1 
    0.627853 3.587740e-03 2.730400e-15 1 
    0.628128 3.941502e-03 2.997000e-15 1 
    0.628403 3.668794e-03 2.787200e-15 1 
    0.628678 3.555411e-03 2.698700e-15 1 
    0.628953 3.802333e-03 2.883600e-15 1 
    0.629228 3.718290e-03 2.817400e-15 1 
    0.629503 3.714012e-03 2.811700e-15 1 
    0.629778 3.421379e-03 2.587900e-15 1 
    0.630053 3.845814e-03 2.906400e-15 1 
    0.630328 3.495563e-03 2.639400e-15 1 
    0.630603 3.515315e-03 2.652000e-15 1 
    0.630878 3.579941e-03 2.698400e-15 1 
    0.631153 3.460104e-03 2.605800e-15 1 
    0.631428 3.505249e-03 2.637500e-15 1 
    0.631703 3.818630e-03 2.870800e-15 1 
    0.631978 3.634771e-03 2.730200e-15 1 
    0.632253 3.547993e-03 2.662700e-15 1 
    0.632528 3.479597e-03 2.609100e-15 1 
    0.632803 3.982772e-03 2.983800e-15 1 
    0.633078 3.619380e-03 2.709200e-15 1 
    0.633353 3.799560e-03 2.841600e-15 1 
    0.633628 3.525435e-03 2.634300e-15 1 
    0.633903 3.188813e-03 2.380700e-15 1 
    0.634178 3.551399e-03 2.649100e-15 1 
    0.634453 3.414801e-03 2.545000e-15 1 
    0.634728 3.141252e-03 2.339100e-15 1 
    0.635003 3.076770e-03 2.289100e-15 1 
    0.635278 3.320237e-03 2.468100e-15 1 
    0.635553 3.349098e-03 2.487400e-15 1 
    0.635828 3.732961e-03 2.770100e-15 1 
    0.636103 3.615342e-03 2.680500e-15 1 
    0.636378 3.584991e-03 2.655700e-15 1 
    0.636653 3.593765e-03 2.659900e-15 1 
    0.636928 3.683008e-03 2.723600e-15 1 
    0.637203 3.769831e-03 2.785400e-15 1 
    0.637478 3.508534e-03 2.590100e-15 1 
    0.637753 3.311315e-03 2.442400e-15 1 
    0.638028 3.539151e-03 2.608200e-15 1 
    0.638303 3.555512e-03 2.618000e-15 1 
    0.638578 3.539682e-03 2.604100e-15 1 
    0.638853 3.697414e-03 2.717800e-15 1 
    0.639128 3.415067e-03 2.508100e-15 1 
    0.639403 3.477288e-03 2.551600e-15 1 
    0.639678 3.540021e-03 2.595400e-15 1 
    0.639953 3.418975e-03 2.504500e-15 1 
    0.640228 3.872795e-03 2.834500e-15 1 
    0.640503 3.753186e-03 2.744600e-15 1 
    0.640778 3.885474e-03 2.838900e-15 1 
    0.641053 4.973167e-03 3.630500e-15 1 
    0.641328 6.271252e-03 4.574200e-15 1 
    0.641603 6.621049e-03 4.825200e-15 1 
    0.641878 5.938262e-03 4.323900e-15 1 
    0.642153 4.587235e-03 3.337300e-15 1 
    0.642428 4.784727e-03 3.478000e-15 1 
    0.642703 4.334589e-03 3.148100e-15 1 
    0.642978 4.490575e-03 3.258600e-15 1 
    0.643253 3.873894e-03 2.808700e-15 1 
    0.643528 3.855258e-03 2.792800e-15 1 
    0.643803 3.783256e-03 2.738300e-15 1 
    0.644078 3.500943e-03 2.531800e-15 1 
    0.644353 3.906530e-03 2.822700e-15 1 
    0.644628 3.816367e-03 2.755200e-15 1 
    0.644903 3.337319e-03 2.407300e-15 1 
    0.645178 3.716044e-03 2.678200e-15 1 
    0.645453 3.583120e-03 2.580200e-15 1 
    0.645728 3.962137e-03 2.850700e-15 1 
    0.646003 3.495888e-03 2.513100e-15 1 
    0.646278 3.514737e-03 2.524500e-15 1 
    0.646553 3.904407e-03 2.802000e-15 1 
    0.646828 3.960586e-03 2.839900e-15 1 
    0.647103 3.591832e-03 2.573300e-15 1 
    0.647378 3.724386e-03 2.666000e-15 1 
    0.647653 4.419092e-03 3.160600e-15 1 
    0.647928 4.780244e-03 3.416000e-15 1 
    0.648203 4.589205e-03 3.276700e-15 1 
    0.648478 4.619172e-03 3.295300e-15 1 
    0.648753 4.260573e-03 3.036900e-15 1 
    0.649028 3.856568e-03 2.746600e-15 1 
    0.649303 4.016389e-03 2.858000e-15 1 
    0.649578 4.131327e-03 2.937300e-15 1 
    0.649853 3.709843e-03 2.635400e-15 1 
    0.650128 3.704530e-03 2.629400e-15 1 
    0.650403 3.959364e-03 2.807900e-15 1 
    0.650678 3.559935e-03 2.522500e-15 1 
    0.650953 3.558708e-03 2.519500e-15 1 
    0.651228 3.627592e-03 2.566100e-15 1 
    0.651503 3.685411e-03 2.604800e-15 1 
    0.651778 3.827296e-03 2.702800e-15 1 
    0.652053 3.678031e-03 2.595200e-15 1 
    0.652328 3.662978e-03 2.582400e-15 1 
    0.652603 3.505506e-03 2.469300e-15 1 
    0.652878 3.537446e-03 2.489700e-15 1 
    0.653153 3.773355e-03 2.653500e-15 1 
    0.653428 3.592795e-03 2.524400e-15 1 
    0.653703 3.484572e-03 2.446300e-15 1 
    0.653978 3.573754e-03 2.506800e-15 1 
    0.654253 3.701607e-03 2.594300e-15 1 
    0.654528 3.927920e-03 2.750600e-15 1 
    0.654803 3.628083e-03 2.538500e-15 1 
    0.655078 3.617399e-03 2.528900e-15 1 
    0.655353 3.693163e-03 2.579700e-15 1 
    0.655628 3.596682e-03 2.510200e-15 1 
    0.655903 3.607300e-03 2.515500e-15 1 
    0.656178 3.561671e-03 2.481600e-15 1 
    0.656453 3.413544e-03 2.376400e-15 1 
    0.656728 3.875012e-03 2.695400e-15 1 
    0.657003 3.621424e-03 2.516900e-15 1 
    0.657278 3.451074e-03 2.396500e-15 1 
    0.657553 3.718721e-03 2.580200e-15 1 
    0.657828 3.557103e-03 2.466000e-15 1 
    0.658103 3.277986e-03 2.270600e-15 1 
    0.658378 3.531411e-03 2.444100e-15 1 
    0.658653 3.727703e-03 2.577800e-15 1 
    0.658928 3.453950e-03 2.386500e-15 1 
    0.659203 3.335595e-03 2.302800e-15 1 
    0.659478 3.670796e-03 2.532100e-15 1 
    0.659753 3.400070e-03 2.343400e-15 1 
    0.660028 3.755771e-03 2.586400e-15 1 
    0.660303 3.308368e-03 2.276400e-15 1 
    0.660578 3.914033e-03 2.690900e-15 1 
    0.660853 3.368181e-03 2.313700e-15 1 
    0.661128 3.262733e-03 2.239400e-15 1 
    0.661403 3.342293e-03 2.292100e-15 1 
    0.661678 3.475397e-03 2.381400e-15 1 
    0.661953 3.635156e-03 2.488800e-15 1 
    0.662228 4.064444e-03 2.780400e-15 1 
    0.662503 3.780626e-03 2.584100e-15 1 
    0.662778 3.901638e-03 2.664600e-15 1 
    0.663053 3.407790e-03 2.325400e-15 1 
    0.663328 3.893449e-03 2.654600e-15 1 
    0.663603 3.570364e-03 2.432300e-15 1 
    0.663878 3.854806e-03 2.623900e-15 1 
    0.664153 4.043703e-03 2.750200e-15 1 
    0.664428 4.160950e-03 2.827600e-15 1 
    0.664703 4.170286e-03 2.831600e-15 1 
    0.664978 3.462687e-03 2.349200e-15 1 
    0.665253 4.109036e-03 2.785400e-15 1 
    0.665528 4.098408e-03 2.775900e-15 1 
    0.665803 4.287683e-03 2.901700e-15 1 
    0.666078 4.520451e-03 3.056700e-15 1 
    0.666353 5.778559e-03 3.904200e-15 1 
    0.666628 6.732848e-03 4.545200e-15 1 
    0.666903 7.162853e-03 4.831500e-15 1 
    0.667178 9.734322e-03 6.560600e-15 1 
    0.667453 2.060704e-02 1.387700e-14 1 
    0.667728 5.910775e-02 3.977100e-14 1 
    0.668003 1.213279e-01 8.156900e-14 1 
    0.668278 1.510535e-01 1.014700e-13 1 
    0.668553 1.176362e-01 7.895700e-14 1 
    0.668828 5.793233e-02 3.885200e-14 1 
    0.669103 2.085679e-02 1.397600e-14 1 
    0.669378 8.764188e-03 5.868000e-15 1 
    0.669653 6.702012e-03 4.483600e-15 1 
    0.669928 7.963270e-03 5.323000e-15 1 
    0.670203 1.051542e-02 7.023200e-15 1 
    0.670478 1.066356e-02 7.116300e-15 1 
    0.670753 8.525486e-03 5.684800e-15 1 
    0.671028 5.771220e-03 3.845100e-15 1 
    0.671303 4.652186e-03 3.097000e-15 1 
    0.671578 4.264366e-03 2.836500e-15 1 
    0.671853 3.834528e-03 2.548500e-15 1 
    0.672128 4.261113e-03 2.829700e-15 1 
    0.672403 4.080586e-03 2.707600e-15 1 
    0.672678 3.884525e-03 2.575400e-15 1 
    0.672953 4.083641e-03 2.705200e-15 1 
    0.673228 4.005397e-03 2.651200e-15 1 
    0.673503 3.943351e-03 2.608000e-15 1 
    0.673778 3.569468e-03 2.358800e-15 1 
    0.674053 3.660980e-03 2.417300e-15 1 
    0.674328 3.874199e-03 2.556000e-15 1 
    0.674603 3.612801e-03 2.381600e-15 1 
    0.674878 3.898284e-03 2.567700e-15 1 
    0.675153 3.822603e-03 2.515800e-15 1 
    0.675428 3.678060e-03 2.418700e-15 1 
    0.675703 3.586088e-03 2.356300e-15 1 
    0.675978 3.485891e-03 2.288600e-15 1 
    0.676253 3.769673e-03 2.472900e-15 1 
    0.676528 3.804625e-03 2.493800e-15 1 
    0.676803 4.072479e-03 2.667200e-15 1 
    0.677078 3.800728e-03 2.487200e-15 1 
    0.677353 3.912554e-03 2.558300e-15 1 
    0.677628 4.015985e-03 2.623800e-15 1 
    0.677903 4.023995e-03 2.626900e-15 1 
    0.678178 3.994145e-03 2.605300e-15 1 
    0.678453 3.949974e-03 2.574400e-15 1 
    0.678728 3.808987e-03 2.480500e-15 1 
    0.679003 3.652552e-03 2.376700e-15 1 
    0.679278 4.429772e-03 2.880100e-15 1 
    0.679553 5.006136e-03 3.252200e-15 1 
    0.679828 5.579423e-03 3.621700e-15 1 
    0.680103 5.486342e-03 3.558400e-15 1 
    0.680378 4.429009e-03 2.870300e-15 1 
    0.680653 4.157087e-03 2.691900e-15 1 
    0.680928 3.494627e-03 2.261100e-15 1 
    0.681203 3.946175e-03 2.551200e-15 1 
    0.681478 3.570092e-03 2.306200e-15 1 
    0.681753 3.937212e-03 2.541300e-15 1 
    0.682028 3.783939e-03 2.440400e-15 1 
    0.682303 3.778456e-03 2.434900e-15 1 
    0.682578 4.523391e-03 2.912600e-15 1 
    0.682853 4.040698e-03 2.599700e-15 1 
    0.683912 3.907775e-03 2.506400e-15 0 
    0.685488 3.870828e-03 2.471300e-15 0 
    0.687068 3.851872e-03 2.447900e-15 0 
    0.688652 3.877241e-03 2.452700e-15 0 
    0.690240 3.876086e-03 2.440700e-15 0 
    0.691831 3.857121e-03 2.417600e-15 0 
    0.693426 3.909546e-03 2.439200e-15 0 
    0.695024 3.917282e-03 2.432800e-15 0 
    0.696626 3.952183e-03 2.443200e-15 0 
    0.698233 3.932899e-03 2.420100e-15 0 
    0.699842 3.833336e-03 2.348000e-15 0 
    0.701455 3.876448e-03 2.363500e-15 0 
    0.703072 3.902085e-03 2.368200e-15 0 
    0.704693 3.927879e-03 2.372900e-15 0 
    0.706318 3.981270e-03 2.394100e-15 0 
    0.707946 4.035228e-03 2.415400e-15 0 
    0.709578 4.043280e-03 2.409100e-15 0 
    0.711214 3.904803e-03 2.315900e-15 0 
    0.712853 4.050030e-03 2.391000e-15 0 
    0.714496 4.048641e-03 2.379200e-15 0 
    0.716143 4.010230e-03 2.345800e-15 0 
    0.717794 4.197908e-03 2.444300e-15 0 
    0.719449 3.952619e-03 2.290900e-15 0 
    0.721108 4.015588e-03 2.316700e-15 0 
    0.722770 3.824813e-03 2.196500e-15 0 
    0.724436 3.885675e-03 2.221200e-15 0 
    0.726106 3.920306e-03 2.230700e-15 0 
    0.727780 3.794687e-03 2.149300e-15 0 
    0.729457 3.881724e-03 2.188500e-15 0 
    0.731139 3.844942e-03 2.157800e-15 0 
    0.732825 3.721635e-03 2.079000e-15 0 
    0.734514 3.772080e-03 2.097500e-15 0 
    0.736207 3.912342e-03 2.165500e-15 0 
    0.737904 3.920054e-03 2.159800e-15 0 
    0.739605 4.037886e-03 2.214500e-15 0 
    0.741310 3.962737e-03 2.163300e-15 0 
    0.743019 3.916068e-03 2.128000e-15 0 
    0.744732 4.080381e-03 2.207100e-15 0 
    0.746449 4.164409e-03 2.242200e-15 0 
    0.748170 4.269837e-03 2.288400e-15 0 
    0.749894 4.057478e-03 2.164600e-15 0 
    0.751623 4.296535e-03 2.281600e-15 0 
    0.753356 4.197186e-03 2.218600e-15 0 
    0.755092 4.283641e-03 2.253900e-15 0 
    0.756833 4.213680e-03 2.206900e-15 0 
    0.758578 4.212225e-03 2.196000e-15 0 
    0.760326 4.298911e-03 2.230900e-15 0 
    0.762079 4.317209e-03 2.230100e-15 0 
    0.763836 4.227256e-03 2.173600e-15 0 
    0.765597 4.294444e-03 2.198000e-15 0 
    0.767361 4.402974e-03 2.243200e-15 0 
    0.769130 4.371044e-03 2.216700e-15 0 
    0.770904 4.389646e-03 2.215900e-15 0 
    0.772681 4.388214e-03 2.205000e-15 0 
    0.774462 4.276913e-03 2.139200e-15 0 
    0.776247 4.324770e-03 2.153200e-15 0 
    0.778037 4.244453e-03 2.103500e-15 0 
    0.779830 4.272350e-03 2.107600e-15 0 
    0.781628 3.806374e-03 1.869100e-15 0 
    0.783430 4.152922e-03 2.029900e-15 0 
    0.785236 3.992045e-03 1.942300e-15 0 
    0.787046 4.188250e-03 2.028400e-15 0 
    0.788860 4.215668e-03 2.032300e-15 0 
    0.790679 4.165947e-03 1.999100e-15 0 
    0.792501 4.004497e-03 1.912800e-15 0 
    0.794328 4.172518e-03 1.983900e-15 0 
    0.796159 4.199806e-03 1.987700e-15 0 
    0.797995 4.256770e-03 2.005400e-15 0 
    0.799834 4.324391e-03 2.027900e-15 0 
    0.801678 4.342640e-03 2.027100e-15 0 
    0.803526 4.301132e-03 1.998500e-15 0 
    0.805378 4.260226e-03 1.970400e-15 0 
    0.807235 4.161733e-03 1.916000e-15 0 
    0.809096 4.160214e-03 1.906500e-15 0 
    0.810961 4.226109e-03 1.927800e-15 0 
    0.812831 4.322922e-03 1.962900e-15 0 
    0.814704 4.301494e-03 1.944200e-15 0 
    0.816582 4.319570e-03 1.943400e-15 0 
    0.818465 4.278332e-03 1.916000e-15 0 
    0.820352 4.286641e-03 1.910900e-15 0 
    0.822243 4.364570e-03 1.936700e-15 0 
    0.824138 4.303207e-03 1.900700e-15 0 
    0.826038 4.391532e-03 1.930800e-15 0 
    0.827942 4.420255e-03 1.934500e-15 0 
    0.829851 4.307981e-03 1.876700e-15 0 
    0.831764 4.366378e-03 1.893400e-15 0 
    0.833681 4.158560e-03 1.795000e-15 0 
    0.835603 4.118873e-03 1.769700e-15 0 
    0.837529 4.421971e-03 1.891200e-15 0 
    0.839460 4.359466e-03 1.855900e-15 0 
    0.841395 4.377935e-03 1.855200e-15 0 
    0.843335 4.296206e-03 1.812200e-15 0 
    0.845279 4.374387e-03 1.836700e-15 0 
    0.847227 4.332602e-03 1.810800e-15 0 
    0.849180 4.370868e-03 1.818400e-15 0 
    0.851138 4.369314e-03 1.809400e-15 0 
    0.853100 4.489915e-03 1.850800e-15 0 
    0.855067 4.178950e-03 1.714700e-15 0 
    0.857038 4.496695e-03 1.836600e-15 0 
    0.859014 4.352164e-03 1.769400e-15 0 
    0.860994 4.241780e-03 1.716600e-15 0 
    0.862979 4.249693e-03 1.711900e-15 0 
    0.864968 4.499741e-03 1.804300e-15 0 
    0.866962 4.305297e-03 1.718400e-15 0 
    0.868960 4.465107e-03 1.774000e-15 0 
    0.870964 3.417142e-03 1.351400e-15 0 
    0.872971 4.513028e-03 1.776600e-15 0 
    0.874984 4.408563e-03 1.727500e-15 0 
    0.877001 4.326360e-03 1.687500e-15 0 
    0.879023 4.517869e-03 1.754100e-15 0 
    0.881049 4.495249e-03 1.737300e-15 0 
    0.883080 3.130239e-03 1.204200e-15 0 
    0.885116 4.328975e-03 1.657700e-15 0 
    0.887156 4.448382e-03 1.695600e-15 0 
    0.889201 4.613608e-03 1.750500e-15 0 
    0.891251 4.373572e-03 1.651800e-15 0 
    0.893305 4.442963e-03 1.670300e-15 0 
    0.895365 4.639581e-03 1.736200e-15 0 
    0.897429 4.542605e-03 1.692100e-15 0 
    0.899498 4.416859e-03 1.637700e-15 0 
    0.901571 4.538573e-03 1.675100e-15 0 
    0.903650 4.015412e-03 1.475200e-15 0 
    0.905733 4.482951e-03 1.639400e-15 0 
    0.907820 4.585225e-03 1.669100e-15 0 
    0.909913 4.520562e-03 1.638000e-15 0 
    0.912011 4.425817e-03 1.596300e-15 0 
    0.914113 4.444291e-03 1.595600e-15 0 
    0.916220 3.932027e-03 1.405200e-15 0 
    0.918333 4.125035e-03 1.467400e-15 0 
    0.920450 4.531541e-03 1.604600e-15 0 
    0.922571 4.831055e-03 1.702800e-15 0 
    0.924698 4.373665e-03 1.534500e-15 0 
    0.926830 4.588566e-03 1.602500e-15 0 
    0.928966 4.824909e-03 1.677300e-15 0 
    0.931108 4.428731e-03 1.532500e-15 0 
    0.933254 4.131268e-03 1.423000e-15 0 
    0.935406 4.255048e-03 1.458900e-15 0 
    0.937562 4.546891e-03 1.551800e-15 0 
    0.939723 4.330327e-03 1.471100e-15 0 
    0.941890 4.408874e-03 1.490900e-15 0 
    0.944061 4.561721e-03 1.535500e-15 0 
    0.946237 4.697978e-03 1.574100e-15 0 
    0.948418 4.599726e-03 1.534100e-15 0 
    0.950605 4.597469e-03 1.526300e-15 0 
    0.952796 4.605977e-03 1.522100e-15 0 
    0.954993 4.572218e-03 1.504000e-15 0 
    0.957194 4.612559e-03 1.510300e-15 0 
    0.959401 4.620967e-03 1.506100e-15 0 
    0.961612 4.576637e-03 1.484800e-15 0 
    0.963829 4.638019e-03 1.497800e-15 0 
    0.966051 4.646674e-03 1.493700e-15 0 
    0.968278 4.580617e-03 1.465700e-15 0 
    0.970510 4.557489e-03 1.451600e-15 0 
    0.972747 4.330295e-03 1.372900e-15 0 
    0.974990 4.563857e-03 1.440300e-15 0 
    0.977237 4.689330e-03 1.473100e-15 0 
    0.979490 4.665566e-03 1.458900e-15 0 
    0.981748 4.685174e-03 1.458300e-15 0 
    0.984011 4.650638e-03 1.440900e-15 0 
    0.986279 4.702256e-03 1.450200e-15 0 
    0.988553 4.689109e-03 1.439500e-15 0 
    0.990832 4.686865e-03 1.432200e-15 0 
    0.993116 4.684827e-03 1.425000e-15 0 
    0.995405 4.704135e-03 1.424300e-15 0 
    0.997700 4.669446e-03 1.407300e-15 0 
    1.000000 4.754000e-03 1.426200e-15 0 
    1.002305 4.751496e-03 1.418900e-15 0 
    1.004615 4.738435e-03 1.408500e-15 0 
    1.006931 4.747126e-03 1.404600e-15 0 
    1.009253 4.744600e-03 1.397400e-15 0 
    1.011580 4.775372e-03 1.400000e-15 0 
    1.013912 4.784051e-03 1.396100e-15 0 
    1.016249 4.792704e-03 1.392200e-15 0 
    1.020939 4.711270e-03 1.356000e-15 0 
    1.025652 4.652828e-03 1.326900e-15 0 
    1.030386 4.789308e-03 1.353300e-15 0 
    1.035142 4.784689e-03 1.339600e-15 0 
    1.042318 4.832788e-03 1.334500e-15 0 
    1.047129 4.850093e-03 1.327000e-15 0 
    1.049542 4.836488e-03 1.317200e-15 0 
    1.069054 4.816462e-03 1.264300e-15 0 
    1.088931 4.782213e-03 1.209900e-15 0 
    1.109175 4.598747e-03 1.121400e-15 0 
    1.129796 4.524976e-03 1.063500e-15 0 
    1.150800 4.587958e-03 1.039300e-15 0 
    1.172195 4.705633e-03 1.027400e-15 0 
    1.191243 4.738241e-03 1.001700e-15 0 
    1.210599 4.749310e-03 9.721900e-16 0 
    1.233105 4.793223e-03 9.456901e-16 0 
    1.253141 4.837606e-03 9.241700e-16 0 
    1.273503 4.837589e-03 8.948500e-16 0 
    1.294196 4.848738e-03 8.684600e-16 0 
    1.312200 4.837590e-03 8.428500e-16 0 
    1.333521 4.893585e-03 8.255600e-16 0 
    1.355189 4.904901e-03 8.012200e-16 0 
    1.374042 4.938922e-03 7.847900e-16 0 
    1.396368 4.984580e-03 7.669200e-16 0 
    1.415794 4.950312e-03 7.408900e-16 0 
    1.435490 4.848735e-03 7.059100e-16 0 
    1.455459 4.804301e-03 6.803800e-16 0 
    1.475707 4.893607e-03 6.741400e-16 0 
    1.496236 4.882355e-03 6.542600e-16 0 
    1.517051 5.019142e-03 6.542600e-16 0 
    1.538154 5.112433e-03 6.482600e-16 0 
    1.559552 5.255665e-03 6.482600e-16 0 
    1.577611 5.365726e-03 6.467700e-16 0 
    1.599558 5.328767e-03 6.248100e-16 0 
    1.618080 5.171697e-03 5.925900e-16 0 
    1.640590 5.267784e-03 5.871500e-16 0 
    1.659586 5.341086e-03 5.817700e-16 0 
    1.678804 5.328810e-03 5.672200e-16 0 
    1.702158 5.427881e-03 5.620200e-16 0 
    1.721869 5.427917e-03 5.492300e-16 0 
    1.741808 5.452921e-03 5.392000e-16 0 
    1.761975 5.378125e-03 5.197000e-16 0 
    1.782379 5.390521e-03 5.090400e-16 0 
    1.803018 5.341077e-03 4.928900e-16 0 
    1.823896 5.316567e-03 4.794600e-16 0 
    1.845014 5.219471e-03 4.599900e-16 0 
    1.862087 5.159790e-03 4.464300e-16 0 
    1.883649 5.112506e-03 4.322700e-16 0 
    1.905462 5.007579e-03 4.137600e-16 0 
    1.923091 4.938928e-03 4.006400e-16 0 
    1.945360 4.961634e-03 3.933200e-16 0 
    1.963361 4.871165e-03 3.791000e-16 0 
    1.986094 4.782264e-03 3.637100e-16 0 
    2.004472 4.716622e-03 3.521700e-16 0 
    2.027683 4.673403e-03 3.410000e-16 0 
    2.046444 4.651956e-03 3.332400e-16 0 
    2.065380 4.546057e-03 3.197100e-16 0 
    2.089297 4.546026e-03 3.124300e-16 0 
    2.108628 4.473286e-03 3.018200e-16 0 
    2.128139 4.422092e-03 2.929200e-16 0 
    2.147829 4.391737e-03 2.856000e-16 0 
    2.167704 4.341351e-03 2.771700e-16 0 
    2.187762 4.301609e-03 2.696200e-16 0 
    2.208004 4.223131e-03 2.598700e-16 0 
    2.228435 4.203653e-03 2.539500e-16 0 
    2.249056 4.155524e-03 2.464600e-16 0 
    2.269865 4.107919e-03 2.391900e-16 0 
    2.290868 4.070408e-03 2.326800e-16 0 
    2.312064 4.032929e-03 2.263300e-16 0 
    2.333458 3.678115e-03 2.026500e-16 0 
    2.349632 3.712166e-03 2.017200e-16 0 
    2.371374 3.308442e-03 1.765000e-16 0 
    2.393317 3.130524e-03 1.639600e-16 0 
    2.415460 3.255621e-03 1.674000e-16 0 
    2.432205 3.038263e-03 1.540800e-16 0 
    2.454708 2.996527e-03 1.491900e-16 0 
    2.471725 3.059396e-03 1.502300e-16 0 
    2.494594 2.948664e-03 1.421500e-16 0 
    2.517677 3.003486e-03 1.421500e-16 0 
    2.535128 2.658369e-03 1.240900e-16 0 
    2.558586 2.739216e-03 1.255300e-16 0 
    2.576320 2.835508e-03 1.281600e-16 0 
    2.594179 2.894920e-03 1.290500e-16 0 
    2.618184 2.982790e-03 1.305400e-16 0 
    2.636331 2.941806e-03 1.269800e-16 0 
    2.660726 2.975970e-03 1.261100e-16 0 
    2.679168 2.941999e-03 1.229600e-16 0 
    2.697741 2.941932e-03 1.212700e-16 0 
    2.716439 2.914967e-03 1.185100e-16 0 
    2.741575 2.915046e-03 1.163500e-16 0 
    2.760578 2.914952e-03 1.147500e-16 0 
    2.779712 2.881581e-03 1.118800e-16 0 
    2.798981 2.874925e-03 1.100900e-16 0 
    2.818382 2.835485e-03 1.070900e-16 0 
    2.837920 2.835471e-03 1.056200e-16 0 
    2.864177 2.822554e-03 1.032200e-16 0 
    2.884032 2.816076e-03 1.015700e-16 0 
    2.904021 2.790170e-03 9.925500e-17 0 
    2.924153 2.764574e-03 9.699500e-17 0 
    2.944421 2.751881e-03 9.522500e-17 0 
    2.964832 2.732941e-03 9.327200e-17 0 
    2.985382 2.707887e-03 9.114900e-17 0 
    3.006077 2.683057e-03 8.907400e-17 0 
    3.026913 2.670721e-03 8.744800e-17 0 
    3.047896 2.640155e-03 8.526100e-17 0 
    3.061964 2.609924e-03 8.351200e-17 0 
    3.083187 2.580066e-03 8.142400e-17 0 
    3.104560 2.568219e-03 7.993800e-17 0 
    3.126079 2.550523e-03 7.829800e-17 0 
    3.147749 2.527151e-03 7.651600e-17 0 
    3.169567 2.509730e-03 7.494600e-17 0 
    3.184196 2.481005e-03 7.340900e-17 0 
    3.206270 2.463950e-03 7.190400e-17 0 
    3.228493 2.446977e-03 7.042900e-17 0 
    3.250874 2.435719e-03 6.914300e-17 0 
    3.265878 2.407840e-03 6.772500e-17 0 
    3.288518 2.402300e-03 6.664200e-17 0 
    3.311311 2.413385e-03 6.603100e-17 0 
    3.326594 2.446964e-03 6.633600e-17 0 
    3.349655 2.609928e-03 6.978300e-17 0 
    3.372872 2.597959e-03 6.851000e-17 0 
    3.388443 2.391262e-03 6.248100e-17 0 
    3.411929 2.315407e-03 5.966900e-17 0 
    3.435578 2.273138e-03 5.777600e-17 0 
    3.451438 2.231673e-03 5.620200e-17 0 
    3.475361 2.211225e-03 5.492300e-17 0 
    3.491405 2.185894e-03 5.379600e-17 0 
    3.515604 2.175844e-03 5.281400e-17 0 
    3.531830 2.150944e-03 5.173100e-17 0 
    3.556314 2.136141e-03 5.067000e-17 0 
    3.572728 2.116548e-03 4.974500e-17 0 
    3.597495 2.101992e-03 4.872500e-17 0 
    3.614099 2.082733e-03 4.783600e-17 0 
    3.639149 2.073123e-03 4.696200e-17 0 
    3.655950 2.049404e-03 4.599900e-17 0 
    3.672823 2.035315e-03 4.526400e-17 0 
    3.698280 2.025969e-03 4.443800e-17 0 
    3.715354 2.002755e-03 4.352600e-17 0 
    3.741105 1.993571e-03 4.273200e-17 0 
    3.758372 1.970723e-03 4.185500e-17 0 
    3.775723 1.952656e-03 4.109100e-17 0 
    3.801893 1.948163e-03 4.043400e-17 0 
    3.819441 1.921451e-03 3.951400e-17 0 
    3.837073 1.921467e-03 3.915200e-17 0 
    3.863669 1.912617e-03 3.843700e-17 0 
    3.881506 1.899482e-03 3.782300e-17 0 
    3.899421 1.890751e-03 3.730400e-17 0 
    3.917418 1.877705e-03 3.670700e-17 0 
    3.944575 1.869080e-03 3.603700e-17 0 
    3.962781 1.856222e-03 3.546100e-17 0 
    3.981071 1.843442e-03 3.489400e-17 0 
    3.999450 1.834962e-03 3.441500e-17 0 
    4.017909 1.821374e-03 3.384700e-17 0 
    4.045758 1.826413e-03 3.347500e-17 0 
    4.064435 1.813030e-03 3.292500e-17 0 
    4.083195 1.808075e-03 3.253400e-17 0 
    4.102040 1.803097e-03 3.214700e-17 0 
    4.120973 1.794023e-03 3.169200e-17 0 
    4.139998 1.793258e-03 3.138800e-17 0 
    4.168693 1.798334e-03 3.104500e-17 0 
    4.187938 1.793403e-03 3.067600e-17 0 
    4.207267 1.792708e-03 3.038300e-17 0 
    4.226686 1.787857e-03 3.002300e-17 0 
    4.246193 1.778915e-03 2.959900e-17 0 
    4.265796 1.778212e-03 2.931600e-17 0 
    4.285485 1.773423e-03 2.896900e-17 0 
    4.305264 1.776794e-03 2.875800e-17 0 
    4.325140 1.772036e-03 2.841800e-17 0 
    4.345102 1.775467e-03 2.821200e-17 0 
    4.365157 1.734413e-03 2.730700e-17 0 
    4.385309 1.698220e-03 2.649200e-17 0 
    4.405549 1.721178e-03 2.660400e-17 0 
    4.425883 1.685259e-03 2.581000e-17 0 
    4.446310 1.676930e-03 2.544700e-17 0 
    4.466837 1.676354e-03 2.520500e-17 0 
    4.487454 1.645213e-03 2.451000e-17 0 
    4.508165 1.656031e-03 2.444500e-17 0 
    4.528977 1.655494e-03 2.421300e-17 0 
    4.549880 1.636032e-03 2.370900e-17 0 
    4.570880 1.662034e-03 2.386500e-17 0 
    4.591982 1.657735e-03 2.358500e-17 0 
    4.613176 1.649592e-03 2.325400e-17 0 
    4.634468 1.672014e-03 2.335400e-17 0 
    4.655863 1.679250e-03 2.324000e-17 0 
    4.677352 1.667221e-03 2.286200e-17 0 
    4.698940 1.697660e-03 2.306600e-17 0 
    4.709772 1.687677e-03 2.282500e-17 0 
    4.731515 1.698893e-03 2.276600e-17 0 
    4.753353 1.714159e-03 2.276000e-17 0 
    4.775292 1.725610e-03 2.270200e-17 0 
    4.797337 1.733064e-03 2.259100e-17 0 
    4.819479 1.760790e-03 2.274200e-17 0 
    4.841723 1.768486e-03 2.263200e-17 0 
    4.852884 1.770290e-03 2.255100e-17 0 
    4.875287 1.786197e-03 2.254500e-17 0 
    4.897789 1.794008e-03 2.243600e-17 0 
    4.920395 1.826908e-03 2.263800e-17 0 
    4.943104 1.834933e-03 2.252900e-17 0 
    4.954504 1.836860e-03 2.244900e-17 0 
    4.977371 1.857736e-03 2.249600e-17 0 
    5.000344 1.874841e-03 2.249500e-17 0 
    5.023429 1.917595e-03 2.279700e-17 0 
    5.035008 1.937009e-03 2.292200e-17 0 
    5.058246 1.994503e-03 2.338600e-17 0 
    5.081593 2.034648e-03 2.363800e-17 0 
    5.105052 2.089789e-03 2.405600e-17 0 
    5.116820 2.115406e-03 2.423900e-17 0 
    5.140436 2.162371e-03 2.455000e-17 0 
    5.164162 2.220425e-03 2.497800e-17 0 
    5.176071 2.247378e-03 2.516500e-17 0 
    5.188002 2.274528e-03 2.535200e-17 0 
    5.199961 2.301971e-03 2.554000e-17 0 
    5.211947 2.329709e-03 2.572900e-17 0 
    5.223961 2.357745e-03 2.591900e-17 0 
    5.236003 2.386082e-03 2.611000e-17 0 
    5.248072 2.414630e-03 2.630100e-17 0 
    5.260175 2.454833e-03 2.661600e-17 0 
    5.272300 2.489791e-03 2.687100e-17 0 
    5.284453 2.519434e-03 2.706600e-17 0 
    5.296634 2.549391e-03 2.726200e-17 0 
    5.308843 2.579664e-03 2.745900e-17 0 
    5.321080 2.616204e-03 2.772000e-17 0 
    5.333352 2.647153e-03 2.791900e-17 0 
    5.345646 2.684518e-03 2.818300e-17 0 
    5.357968 2.728678e-03 2.851500e-17 0 
    5.370318 2.773573e-03 2.885100e-17 0 
    5.382697 2.806076e-03 2.905500e-17 0 
    5.395105 2.832418e-03 2.919300e-17 0 
    5.407541 2.865570e-03 2.939900e-17 0 
    5.420011 2.912388e-03 2.974200e-17 0 
    5.432505 2.953080e-03 3.001900e-17 0 
    5.445027 2.994381e-03 3.029900e-17 0 
    5.457579 3.036101e-03 3.058000e-17 0 
    5.470159 3.078441e-03 3.086400e-17 0 
    5.482768 3.121207e-03 3.114900e-17 0 
    5.495406 3.164503e-03 3.143600e-17 0 
    5.508079 3.208443e-03 3.172600e-17 0 
    5.520776 3.252919e-03 3.201800e-17 0 
    5.533502 3.297838e-03 3.231100e-17 0 
    5.546257 3.351100e-03 3.268200e-17 0 
    5.559041 3.397366e-03 3.298100e-17 0 
    5.571855 3.444195e-03 3.328200e-17 0 
    5.584705 3.491601e-03 3.358500e-17 0 
    5.597578 3.547718e-03 3.396800e-17 0 
    5.610481 3.596409e-03 3.427600e-17 0 
    5.623413 3.654117e-03 3.466600e-17 0 
    5.636376 3.712601e-03 3.505900e-17 0 
    5.649368 3.763353e-03 3.537500e-17 0 
    5.662390 3.814708e-03 3.569300e-17 0 
    5.675448 3.875700e-03 3.609700e-17 0 
    5.688531 3.928537e-03 3.642100e-17 0 
    5.701643 3.991097e-03 3.683100e-17 0 
    5.714786 4.054696e-03 3.724600e-17 0 
    5.727959 4.119125e-03 3.766400e-17 0 
    5.741162 4.175053e-03 3.800000e-17 0 
    5.754402 4.241352e-03 3.842600e-17 0 
    5.767667 4.318479e-03 3.894500e-17 0 
    5.780962 4.376844e-03 3.929000e-17 0 
    5.794287 4.446173e-03 3.972900e-17 0 
    5.807643 4.516500e-03 4.017200e-17 0 
    5.821030 4.598338e-03 4.071200e-17 0 
    5.834448 4.681743e-03 4.126000e-17 0 
    5.847904 4.755571e-03 4.171800e-17 0 
    5.861383 4.830541e-03 4.218100e-17 0 
    5.874894 4.906564e-03 4.264800e-17 0 
    5.888436 4.995205e-03 4.321900e-17 0 
    5.902009 5.085373e-03 4.379700e-17 0 
    5.915614 5.177085e-03 4.438200e-17 0 
    5.929250 5.270354e-03 4.497400e-17 0 
    5.942924 5.365327e-03 4.557400e-17 0 
    5.956623 5.461882e-03 4.618100e-17 0 
    5.970353 5.560044e-03 4.679500e-17 0 
    5.984115 5.673081e-03 4.752700e-17 0 
    5.997909 5.788243e-03 4.826900e-17 0 
    6.033780 5.817880e-03 4.794100e-17 3 
    6.064020 4.011495e-03 3.272700e-17 3 
    6.094260 6.373473e-03 5.148200e-17 3 
    6.124510 6.002040e-03 4.800400e-17 3 
    6.154750 6.733717e-03 5.332800e-17 3 
    6.184990 4.238937e-03 3.324300e-17 3 
    6.215230 3.461939e-03 2.688600e-17 3 
    6.245470 5.359020e-03 4.121700e-17 3 
    6.275720 8.066242e-03 6.144200e-17 3 
    6.305960 9.589893e-03 7.234900e-17 3 
    6.336200 9.435851e-03 7.050900e-17 3 
    6.366440 1.024097e-02 7.580000e-17 3 
    6.396680 8.791811e-03 6.446000e-17 3 
    6.426930 6.523367e-03 4.737900e-17 3 
    6.457170 8.383205e-03 6.031800e-17 3 
    6.487410 8.743469e-03 6.232500e-17 3 
    6.517650 7.916246e-03 5.590600e-17 3 
    6.547890 6.971309e-03 4.877900e-17 3 
    6.578140 6.305008e-03 4.371200e-17 3 
    6.608380 5.789713e-03 3.977300e-17 3 
    6.638620 3.359260e-03 2.286700e-17 3 
    6.668860 4.903077e-03 3.307400e-17 3 
    6.699100 5.850139e-03 3.910700e-17 3 
    6.729350 6.242571e-03 4.135600e-17 3 
    6.759590 6.830353e-03 4.484600e-17 3 
    6.789830 8.596600e-03 5.594100e-17 3 
    6.820070 5.638815e-03 3.636900e-17 3 
    6.850310 5.346990e-03 3.418300e-17 3 
    6.880560 5.949799e-03 3.770300e-17 3 
    6.910800 4.887991e-03 3.070400e-17 3 
    6.941040 1.591096e-03 9.907600e-18 3 
    6.971280 4.993683e-03 3.082600e-17 3 
    7.001520 7.796509e-03 4.771300e-17 3 
    7.031770 4.278215e-03 2.595700e-17 3 
    7.062010 4.984705e-03 2.998500e-17 3 
    7.092250 7.605194e-03 4.535900e-17 3 
    7.122490 6.743859e-03 3.988100e-17 3 
    7.152730 8.842078e-03 5.184800e-17 3 
    7.182980 7.418014e-03 4.313200e-17 3 
    7.213220 8.260370e-03 4.762800e-17 3 
    7.243460 7.438173e-03 4.253000e-17 3 
    7.273700 7.864935e-03 4.459700e-17 3 
    7.303940 7.673688e-03 4.315300e-17 3 
    7.334190 9.673475e-03 5.395100e-17 3 
    7.364430 1.197903e-02 6.626200e-17 3 
    7.394670 1.189242e-02 6.524600e-17 3 
    7.424910 1.356916e-02 7.384000e-17 3 
    7.455150 6.822354e-03 3.682500e-17 3 
    7.485400 1.196696e-02 6.407300e-17 3 
    7.515640 1.111358e-02 5.902600e-17 3 
    7.545880 1.166498e-02 6.145900e-17 3 
    7.576120 1.938317e-02 1.013100e-16 3 
    7.636600 1.134298e-02 5.835100e-17 3 
    7.697090 1.197898e-02 6.065800e-17 3 
    7.757570 1.169917e-02 5.832100e-17 3 
    7.818050 1.258276e-02 6.175900e-17 3 
    7.878540 1.373309e-02 6.637400e-17 3 
    7.939020 1.295920e-02 6.168300e-17 3 
    7.999510 1.018265e-02 4.773700e-17 3 
    8.059990 1.109034e-02 5.121500e-17 3 
    8.120470 1.039203e-02 4.727800e-17 3 
    8.180959 8.173929e-03 3.663900e-17 3 
    8.241440 6.720589e-03 2.968400e-17 3 
    8.301920 8.296587e-03 3.611300e-17 3 
    8.362409 9.735872e-03 4.176700e-17 3 
    8.422890 1.010518e-02 4.273100e-17 3 
    8.483370 8.572297e-03 3.573400e-17 3 
    8.543860 9.529587e-03 3.916400e-17 3 
    8.604340 1.036683e-02 4.200800e-17 3 
    8.664830 1.055990e-02 4.219500e-17 3 
    8.725310 1.148386e-02 4.525300e-17 3 
    8.785791 1.189860e-02 4.624400e-17 3 
    8.846280 1.024510e-02 3.927500e-17 3 
    8.906760 1.007390e-02 3.809600e-17 3 
    8.967241 9.026180e-03 3.367500e-17 3 
    9.027730 8.618615e-03 3.172500e-17 3 
    9.088210 9.741872e-03 3.538400e-17 3 
    9.148690 1.414282e-02 5.069200e-17 3 
    9.209180 1.097174e-02 3.881100e-17 3 
    9.269660 8.266426e-03 2.886100e-17 3 
    9.330150 7.863960e-03 2.710100e-17 3 
    9.390630 8.639967e-03 2.939300e-17 3 
    9.451110 6.637033e-03 2.229100e-17 3 
    9.511599 7.948439e-03 2.635700e-17 3 
    9.572080 8.049231e-03 2.635500e-17 3 
    9.632560 7.782289e-03 2.516200e-17 3 
    9.693050 9.056344e-03 2.891700e-17 3 
    9.753530 8.633804e-03 2.722700e-17 3 
    9.814009 9.472238e-03 2.950400e-17 3 
    9.874500 1.040516e-02 3.201400e-17 3 
    9.934980 9.697651e-03 2.947500e-17 3 
    9.995470 9.550676e-03 2.867800e-17 3 
   10.055950 1.131489e-02 3.356800e-17 3 
   10.116430 1.013938e-02 2.972200e-17 3 
   10.176920 1.066078e-02 3.088000e-17 3 
   10.237400 1.005074e-02 2.877000e-17 3 
   10.297880 1.022004e-02 2.891200e-17 3 
   10.358370 1.057722e-02 2.957400e-17 3 
   10.418850 1.098153e-02 3.034900e-17 3 
   10.479330 1.248539e-02 3.410800e-17 3 
   10.539820 1.376452e-02 3.717200e-17 3 
   10.600300 1.376750e-02 3.675700e-17 3 
   10.660791 3.450488e-02 9.108000e-17 3 
   10.721270 4.365635e-02 1.139400e-16 3 
   10.781750 2.005633e-02 5.176000e-17 3 
   10.842241 1.451912e-02 3.705300e-17 3 
   10.902720 1.263620e-02 3.189100e-17 3 
   10.963200 1.329721e-02 3.319000e-17 3 
   11.023690 1.369996e-02 3.382100e-17 3 
   11.084170 1.481923e-02 3.618600e-17 3 
   11.144651 1.438812e-02 3.475300e-17 3 
   11.205140 1.518046e-02 3.627200e-17 3 
   11.265620 1.634782e-02 3.864300e-17 3 
   11.326110 1.912025e-02 4.471500e-17 3 
   11.386590 2.428428e-02 5.619000e-17 3 
   11.447070 2.783760e-02 6.373300e-17 3 
   11.507560 2.730229e-02 6.185200e-17 3 
   11.568040 2.451173e-02 5.495100e-17 3 
   11.628520 2.171763e-02 4.818200e-17 3 
   11.689009 2.121272e-02 4.657600e-17 3 
   11.749490 2.198362e-02 4.777300e-17 3 
   11.809970 2.066003e-02 4.443800e-17 3 
   11.870459 1.962564e-02 4.178400e-17 3 
   11.930940 2.210132e-02 4.657900e-17 3 
   11.991430 2.009335e-02 4.192100e-17 3 
   12.051910 1.967391e-02 4.063500e-17 3 
   12.112390 2.275227e-02 4.652500e-17 3 
   12.172880 2.295688e-02 4.647800e-17 3 
   12.233360 2.235598e-02 4.481500e-17 3 
   12.293841 2.371464e-02 4.707200e-17 3 
   12.354330 2.301703e-02 4.524100e-17 3 
   12.414810 2.423090e-02 4.716400e-17 3 
   12.475291 2.498167e-02 4.815500e-17 3 
   12.535780 2.715846e-02 5.184700e-17 3 
   12.596260 2.733864e-02 5.169100e-17 3 
   12.656750 2.696000e-02 5.048900e-17 3 
   12.717230 2.736976e-02 5.077000e-17 3 
   12.777710 2.821412e-02 5.184200e-17 3 
   12.838200 2.846651e-02 5.181400e-17 3 
   12.898680 3.021498e-02 5.448200e-17 3 
   12.959160 3.544874e-02 6.332400e-17 3 
   13.019651 4.503972e-02 7.971100e-17 3 
   13.080130 4.210634e-02 7.383200e-17 3 
   13.140609 3.135386e-02 5.447300e-17 3 
   13.201100 3.176460e-02 5.468200e-17 3 
   13.261580 3.025190e-02 5.160400e-17 3 
   13.322059 2.996644e-02 5.065400e-17 3 
   13.382550 3.185640e-02 5.336300e-17 3 
   13.443030 3.100709e-02 5.147400e-17 3 
   13.503520 3.319592e-02 5.461500e-17 3 
   13.564000 3.406797e-02 5.555100e-17 3 
   13.624480 3.330262e-02 5.382200e-17 3 
   13.684970 3.428756e-02 5.492500e-17 3 
   13.745450 3.376311e-02 5.361000e-17 3 
   13.805930 3.599551e-02 5.665500e-17 3 
   13.866420 3.711150e-02 5.790300e-17 3 
   13.926900 3.429058e-02 5.303800e-17 3 
   13.987380 3.595531e-02 5.513300e-17 3 
   14.047870 3.812397e-02 5.795600e-17 3 
   14.108350 3.632183e-02 5.474400e-17 3 
   14.168841 3.814632e-02 5.700400e-17 3 
   14.229320 3.847605e-02 5.700900e-17 3 
   14.289800 3.739757e-02 5.494300e-17 3 
   14.350291 3.697488e-02 5.386500e-17 3 
   14.410770 3.433828e-02 4.960500e-17 3 
   14.471250 3.514228e-02 5.034300e-17 3 
   14.577409 3.935162e-02 5.555500e-17 3 
   14.662091 3.922827e-02 5.474300e-17 3 
   14.746770 3.857506e-02 5.321500e-17 3 
   14.831450 4.083045e-02 5.568500e-17 3 
   14.916120 4.111405e-02 5.543700e-17 3 
   15.000800 4.114339e-02 5.485200e-17 3 
   15.085480 4.174878e-02 5.503600e-17 3 
   15.170150 4.278795e-02 5.577800e-17 3 
   15.254830 4.364706e-02 5.626800e-17 3 
   15.339509 4.517378e-02 5.759500e-17 3 
   15.424180 4.492921e-02 5.665600e-17 3 
   15.508859 4.456602e-02 5.558600e-17 3 
   15.593541 4.549090e-02 5.612500e-17 3 
   15.678211 4.661962e-02 5.689800e-17 3 
   15.762891 7.637100e-02 9.221000e-17 3 
   15.847570 1.426339e-01 1.703800e-16 3 
   15.932239 8.465439e-02 1.000500e-16 3 
   16.016920 5.188813e-02 6.067800e-17 3 
   16.101600 4.916290e-02 5.688800e-17 3 
   16.186280 5.133805e-02 5.878500e-17 3 
   16.270950 5.170094e-02 5.858600e-17 3 
   16.355631 5.081379e-02 5.698600e-17 3 
   16.440309 5.333510e-02 5.919900e-17 3 
   16.524981 5.748320e-02 6.315100e-17 3 
   16.609659 5.806279e-02 6.313900e-17 3 
   16.694339 5.824107e-02 6.269200e-17 3 
   16.779011 5.860531e-02 6.244900e-17 3 
   16.863689 5.953769e-02 6.280700e-17 3 
   16.948370 5.906283e-02 6.168500e-17 3 
   17.033039 6.049868e-02 6.255800e-17 3 
   17.117720 6.340874e-02 6.492000e-17 3 
   17.202400 6.258763e-02 6.345000e-17 3 
   17.287069 6.293728e-02 6.318100e-17 3 
   17.371750 6.552499e-02 6.513900e-17 3 
   17.456430 6.804451e-02 6.698900e-17 3 
   17.541109 7.082318e-02 6.905300e-17 3 
   17.625780 6.956790e-02 6.717900e-17 3 
   17.710461 7.321253e-02 7.002400e-17 3 
   17.795139 7.554091e-02 7.156500e-17 3 
   17.879811 7.557309e-02 7.091900e-17 3 
   17.964491 7.861637e-02 7.308100e-17 3 
   18.049170 7.959275e-02 7.329600e-17 3 
   18.133841 8.028206e-02 7.324200e-17 3 
   18.218519 8.758669e-02 7.916500e-17 3 
   18.303200 8.866969e-02 7.940400e-17 3 
   18.387870 9.025722e-02 8.008300e-17 3 
   18.472550 8.994047e-02 7.907200e-17 3 
   18.557230 9.263688e-02 8.070100e-17 3 
   18.641898 8.952009e-02 7.727900e-17 3 
   18.726580 8.956840e-02 7.662300e-17 3 
   18.811261 9.023520e-02 7.650000e-17 3 
   18.895941 9.138506e-02 7.678200e-17 3 
   18.980609 1.111989e-01 9.259800e-17 3 
   19.065291 1.331931e-01 1.099300e-16 3 
   19.149969 1.171821e-01 9.586200e-17 3 
   19.234641 9.144337e-02 7.414900e-17 3 
   19.319320 8.978941e-02 7.217100e-17 3 
   19.404000 9.099495e-02 7.250300e-17 3 
   19.488670 9.288338e-02 7.336600e-17 3 
   19.573352 9.172055e-02 7.182200e-17 3 
   19.658030 9.261634e-02 7.190000e-17 3 
   19.742700 9.551936e-02 7.351900e-17 3 
   19.827380 9.446924e-02 7.209100e-17 3 
   19.912059 9.766477e-02 7.389700e-17 3 
   19.996731 9.995665e-02 7.499200e-17 3 
   20.081409 1.033415e-01 7.687900e-17 3 
   20.166091 1.068271e-01 7.880600e-17 3 
   20.250770 1.075785e-01 7.869800e-17 3 
   20.335439 1.136780e-01 8.246900e-17 3 
   20.420120 1.185881e-01 8.531900e-17 3 
   20.589470 1.158124e-01 8.195700e-17 3 
   20.758830 1.253975e-01 8.729800e-17 3 
   20.928181 1.292768e-01 8.854800e-17 3 
   21.097530 1.225020e-01 8.256600e-17 3 
   21.266889 1.343499e-01 8.911500e-17 3 
   21.436239 1.385047e-01 9.042500e-17 3 
   21.605600 1.357865e-01 8.726600e-17 3 
   21.774950 1.422524e-01 9.000500e-17 3 
   21.944300 1.472828e-01 9.175500e-17 3 
   22.113661 1.507598e-01 9.248800e-17 3 
   22.283011 1.527367e-01 9.228200e-17 3 
   22.452359 1.560316e-01 9.285600e-17 3 
   22.621719 1.582000e-01 9.274200e-17 3 
   22.791070 1.568410e-01 9.058400e-17 3 
   22.960430 1.610328e-01 9.163800e-17 3 
   23.129780 1.677433e-01 9.406400e-17 3 
   23.299130 1.636040e-01 9.041400e-17 3 
   23.468491 1.635824e-01 8.910200e-17 3 
   23.637841 1.701312e-01 9.134600e-17 3 
   23.807191 1.743762e-01 9.229800e-17 3 
   23.976548 1.758389e-01 9.176200e-17 3 
   24.145900 1.778983e-01 9.153900e-17 3 
   24.315259 1.835400e-01 9.313100e-17 3 
   24.484609 1.822328e-01 9.119300e-17 3 
   24.653959 1.839803e-01 9.080700e-17 3 
   24.823320 1.897292e-01 9.237100e-17 3 
   24.992670 1.918333e-01 9.213400e-17 3 
   25.162020 1.949926e-01 9.239500e-17 3 
   25.331381 1.990424e-01 9.305700e-17 3 
   25.500731 2.037350e-01 9.399000e-17 3 
   25.670089 2.135009e-01 9.720000e-17 3 
   25.839439 2.189645e-01 9.838500e-17 3 
   26.008789 2.201079e-01 9.761500e-17 3 
   26.178150 2.257820e-01 9.884000e-17 3 
   26.347500 2.341274e-01 1.011800e-16 3 
   26.516850 2.329045e-01 9.937000e-17 3 
   26.686209 2.346927e-01 9.886600e-17 3 
   26.855559 2.398300e-01 9.976000e-17 3 
   27.024919 2.433124e-01 9.994400e-17 3 
   27.194269 2.422004e-01 9.825200e-17 3 
   27.363622 2.476400e-01 9.921900e-17 3 
   27.532981 2.502246e-01 9.902500e-17 3 
   27.702328 2.537701e-01 9.920400e-17 3 
   27.871678 2.600310e-01 1.004200e-16 3 
   28.041041 2.620685e-01 9.998800e-17 3 
   28.210391 2.689627e-01 1.013900e-16 3 
   28.379750 2.704836e-01 1.007500e-16 3 
   28.549100 2.751884e-01 1.012900e-16 3 
   28.718450 2.751914e-01 1.001000e-16 3 
   28.887809 2.817013e-01 1.012700e-16 3 
   29.057159 2.797706e-01 9.940700e-17 3 
   29.226509 2.864095e-01 1.005900e-16 3 
   29.395869 2.903721e-01 1.008100e-16 3 
   29.565219 2.962624e-01 1.016800e-16 3 
   29.734578 2.995484e-01 1.016400e-16 3 
   29.903931 3.030895e-01 1.016800e-16 3 
   30.073281 3.072254e-01 1.019100e-16 3 
   30.242641 3.061224e-01 1.004100e-16 3 
   30.411991 3.107319e-01 1.007900e-16 3 
   30.581341 3.130176e-01 1.004100e-16 3 
   30.750700 3.191103e-01 1.012400e-16 3 
   30.920050 3.245469e-01 1.018400e-16 3 
   31.089409 3.299484e-01 1.024100e-16 3 
   31.258759 3.403600e-01 1.045000e-16 3 
   31.428109 3.405679e-01 1.034400e-16 3 
   31.597469 3.463117e-01 1.040600e-16 3 
   31.766822 3.473092e-01 1.032500e-16 3 
   31.936172 3.549658e-01 1.044100e-16 3 
   32.105531 3.544114e-01 1.031500e-16 3 
   32.274878 3.547920e-01 1.021800e-16 3 
   32.444241 3.668411e-01 1.045500e-16 3 
   32.613591 3.830545e-01 1.080400e-16 3 
   32.782941 3.801289e-01 1.061100e-16 3 
   32.952300 3.865640e-01 1.068000e-16 3 
   33.121650 3.911692e-01 1.069700e-16 3 
   33.291000 3.994649e-01 1.081300e-16 3 
   33.460363 4.020095e-01 1.077200e-16 3 
   33.629713 3.963252e-01 1.051300e-16 3 
   33.799069 4.108749e-01 1.079000e-16 3 
   33.968419 5.465035e-01 1.420900e-16 3 
   34.137772 5.344855e-01 1.375900e-16 3 
   34.307128 4.562363e-01 1.162900e-16 3 
   34.476478 4.279456e-01 1.080100e-16 3 
   34.645828 4.405224e-01 1.101000e-16 3 
   34.815191 4.332440e-01 1.072300e-16 3 
   34.984538 4.241691e-01 1.039700e-16 3 
