# NGC 7674       
# 
# An Atlas of Galaxy Spectral Energy Distributions from the Ultraviolet to the Mid-Infrared
# Brown et al. (2014)
# http://dx.doi.org/10.5072/03/529D3551F0117
# http://dx.doi.org/10.17909/t9-5bxk-dh29
# 
# The Spectral Energy Distributions of Active Galactic Nuclei
# Brown et al. (2019)
# http://dx.doi.org/10.17909/t9-3dbt-8734
# 
# Column 1: Observed wavelength (um)
# Column 2: f_nu (Jy)
# Column 3: f_lam (erg/s/cm2/A)
# Column 4: Source (0 = model, 1 = Optical Spectrun, 2 = Akari, 3 = Spitzer IRS)
# 
    0.010495 4.660603e-12 1.269400e-20 0 
    0.010691 6.005190e-12 1.576200e-20 0 
    0.010914 7.933879e-12 1.998200e-20 0 
    0.011117 1.062936e-11 2.580200e-20 0 
    0.011324 1.594235e-11 3.729700e-20 0 
    0.011722 2.515341e-11 5.491800e-20 0 
    0.012134 3.729387e-11 7.598900e-20 0 
    0.012445 1.495037e-10 2.895900e-19 0 
    0.012853 2.045061e-10 3.713800e-19 0 
    0.013062 2.310650e-10 4.062900e-19 0 
    0.013183 2.510418e-10 4.333500e-19 0 
    0.013490 2.963303e-10 4.885100e-19 0 
    0.013583 3.578890e-10 5.819400e-19 0 
    0.013772 3.951543e-10 6.250200e-19 0 
    0.014093 5.343341e-10 8.071000e-19 0 
    0.014421 6.191888e-10 8.932100e-19 0 
    0.014723 1.852922e-09 2.564400e-18 0 
    0.015136 5.187095e-09 6.792400e-18 0 
    0.015524 5.942123e-09 7.397000e-18 0 
    0.015959 6.934012e-09 8.167600e-18 0 
    0.016368 8.091014e-09 9.060100e-18 0 
    0.016672 8.974538e-09 9.686300e-18 0 
    0.017061 1.044872e-08 1.076900e-17 0 
    0.017498 1.188795e-08 1.164800e-17 0 
    0.017783 1.309635e-08 1.242400e-17 0 
    0.018197 1.479713e-08 1.340600e-17 0 
    0.018535 1.618790e-08 1.413600e-17 0 
    0.018707 1.710915e-08 1.466700e-17 0 
    0.019143 1.919855e-08 1.571700e-17 0 
    0.019634 2.194489e-08 1.707800e-17 0 
    0.019953 2.395236e-08 1.804900e-17 0 
    0.020370 2.644531e-08 1.912000e-17 0 
    0.020797 2.933606e-08 2.034800e-17 0 
    0.021086 3.150869e-08 2.126000e-17 0 
    0.021627 3.392113e-08 2.175700e-17 0 
    0.022233 4.050675e-08 2.458400e-17 0 
    0.022646 4.451976e-08 2.604300e-17 0 
    0.022961 4.683712e-08 2.665200e-17 0 
    0.023335 5.124499e-08 2.823300e-17 0 
    0.023659 8.140606e-08 4.363000e-17 0 
    0.024099 1.395416e-07 7.208200e-17 0 
    0.024717 1.827068e-07 8.971900e-17 0 
    0.025293 1.823119e-07 8.549400e-17 0 
    0.025942 2.055326e-07 9.162100e-17 0 
    0.026424 1.810993e-07 7.781100e-17 0 
    0.026730 2.142621e-07 8.996400e-17 0 
    0.027164 2.327947e-07 9.464700e-17 0 
    0.027669 2.421127e-07 9.487500e-17 0 
    0.028184 2.512358e-07 9.488500e-17 0 
    0.028708 2.612937e-07 9.511400e-17 0 
    0.029242 2.711363e-07 9.512500e-17 0 
    0.029854 2.699185e-07 9.085500e-17 0 
    0.030479 2.866057e-07 9.255600e-17 0 
    0.030974 2.926327e-07 9.150600e-17 0 
    0.031696 3.107441e-07 9.279300e-17 0 
    0.032734 3.376629e-07 9.453800e-17 0 
    0.033729 3.569287e-07 9.412300e-17 0 
    0.034754 3.738347e-07 9.285200e-17 0 
    0.035810 3.906356e-07 9.138700e-17 0 
    0.036728 4.062935e-07 9.035800e-17 0 
    0.037670 4.265034e-07 9.016800e-17 0 
    0.038548 4.385430e-07 8.853800e-17 0 
    0.039628 4.416846e-07 8.437800e-17 0 
    0.040644 4.722716e-07 8.576700e-17 0 
    0.041687 4.946433e-07 8.539100e-17 0 
    0.042560 5.039367e-07 8.346300e-17 0 
    0.043451 5.122116e-07 8.139000e-17 0 
    0.044259 5.206255e-07 7.973400e-17 0 
    0.045394 5.402865e-07 7.865900e-17 0 
    0.046452 5.492003e-07 7.635600e-17 0 
    0.047315 5.543641e-07 7.428800e-17 0 
    0.048306 5.647930e-07 7.261200e-17 0 
    0.049431 5.834326e-07 7.163300e-17 0 
    0.050466 5.822109e-07 6.858100e-17 0 
    0.051404 6.027865e-07 6.843700e-17 0 
    0.052119 6.014812e-07 6.642800e-17 0 
    0.052723 6.580881e-07 7.102400e-17 0 
    0.053456 6.657982e-07 6.989900e-17 0 
    0.054576 6.736862e-07 6.785400e-17 0 
    0.055590 6.645579e-07 6.451500e-17 0 
    0.056624 6.976431e-07 6.527600e-17 0 
    0.057677 7.425608e-07 6.696500e-17 0 
    0.058614 7.830995e-07 6.838100e-17 0 
    0.059704 7.814839e-07 6.577100e-17 0 
    0.060674 8.356138e-07 6.809600e-17 0 
    0.061802 8.396634e-07 6.595100e-17 0 
    0.062806 8.188319e-07 6.227500e-17 0 
    0.063826 9.578085e-07 7.053500e-17 0 
    0.064863 9.916671e-07 7.071200e-17 0 
    0.065917 1.017336e-06 7.024100e-17 0 
    0.066834 1.077820e-06 7.238900e-17 0 
    0.067764 1.123653e-06 7.341000e-17 0 
    0.068391 1.171359e-06 7.513000e-17 0 
    0.069502 1.190645e-06 7.394500e-17 0 
    0.070469 1.177261e-06 7.112100e-17 0 
    0.071450 1.396263e-06 8.205100e-17 0 
    0.072611 1.364820e-06 7.765900e-17 0 
    0.073621 1.552971e-06 8.595700e-17 0 
    0.074645 1.619020e-06 8.717100e-17 0 
    0.075683 1.687864e-06 8.840200e-17 0 
    0.076736 1.868256e-06 9.518300e-17 0 
    0.077625 1.983902e-06 9.877300e-17 0 
    0.078705 2.044652e-06 9.902300e-17 0 
    0.079799 2.283946e-06 1.076000e-16 0 
    0.080724 2.431038e-06 1.119200e-16 0 
    0.081846 2.575676e-06 1.153500e-16 0 
    0.082794 2.709950e-06 1.186000e-16 0 
    0.083946 2.845081e-06 1.211200e-16 0 
    0.084918 3.127199e-06 1.301000e-16 0 
    0.085901 2.589777e-06 1.052900e-16 0 
    0.086896 3.344552e-06 1.328800e-16 0 
    0.087902 3.470862e-06 1.347600e-16 0 
    0.088920 3.780225e-06 1.434300e-16 0 
    0.089950 4.107802e-06 1.523100e-16 0 
    0.090991 4.536262e-06 1.643700e-16 0 
    0.092045 4.861960e-06 1.721600e-16 0 
    0.093111 4.851830e-06 1.678900e-16 0 
    0.094189 8.053609e-06 2.723400e-16 0 
    0.095280 6.238593e-05 2.061600e-15 0 
    0.096161 1.380938e-04 4.480200e-15 0 
    0.097275 2.737007e-04 8.677500e-15 0 
    0.098175 4.124242e-04 1.283700e-14 0 
    0.099312 4.250570e-04 1.292900e-14 0 
    0.100231 5.787981e-05 1.728400e-15 0 
    0.101391 3.010503e-04 8.785400e-15 0 
    0.102329 3.738576e-04 1.071100e-14 0 
    0.103514 6.498737e-04 1.819500e-14 0 
    0.104472 6.651234e-04 1.828200e-14 0 
    0.105439 3.033897e-04 8.186900e-15 0 
    0.106414 4.246855e-04 1.125100e-14 0 
    0.107399 9.575594e-04 2.490500e-14 0 
    0.108643 9.600413e-04 2.440100e-14 0 
    0.109648 6.940294e-04 1.731800e-14 0 
    0.110662 8.942494e-04 2.190700e-14 0 
    0.111686 6.509640e-04 1.565600e-14 0 
    0.112720 9.923228e-04 2.343000e-14 0 
    0.113763 9.632746e-04 2.232900e-14 0 
    0.114815 9.053731e-04 2.060400e-14 0 
    0.115878 8.015448e-04 1.790800e-14 0 
    0.116681 1.142888e-03 2.518400e-14 0 
    0.117761 1.030598e-03 2.229500e-14 0 
    0.118850 1.151308e-03 2.445200e-14 0 
    0.119950 1.200295e-03 2.502700e-14 0 
    0.120781 7.574602e-04 1.557700e-14 0 
    0.121899 1.195238e-03 2.413100e-14 0 
    0.123027 7.236855e-04 1.434400e-14 0 
    0.123880 4.619990e-04 9.031500e-15 0 
    0.125026 4.006302e-04 7.688900e-15 0 
    0.126183 8.567178e-04 1.614200e-14 0 
    0.127057 1.435209e-03 2.667100e-14 0 
    0.128233 1.614443e-03 2.945400e-14 0 
    0.129122 1.510417e-03 2.717800e-14 0 
    0.130017 1.256562e-03 2.230000e-14 0 
    0.131220 1.791777e-03 3.121800e-14 0 
    0.132130 1.933627e-03 3.322700e-14 0 
    0.133352 1.385099e-03 2.336700e-14 0 
    0.134277 1.375833e-03 2.289200e-14 0 
    0.135207 1.921509e-03 3.153300e-14 0 
    0.136458 1.843954e-03 2.970800e-14 0 
    0.137404 1.548211e-03 2.460100e-14 0 
    0.138357 2.046095e-03 3.206600e-14 0 
    0.139316 1.990711e-03 3.077000e-14 0 
    0.140605 1.726296e-03 2.619600e-14 0 
    0.141579 1.884528e-03 2.820500e-14 0 
    0.142561 1.924378e-03 2.840600e-14 0 
    0.143549 1.664853e-03 2.423800e-14 0 
    0.144544 1.751736e-03 2.515300e-14 0 
    0.145546 1.792912e-03 2.539100e-14 0 
    0.146555 1.912720e-03 2.671600e-14 0 
    0.147571 1.899915e-03 2.617300e-14 0 
    0.148252 2.059693e-03 2.811400e-14 0 
    0.148936 2.132349e-03 2.883900e-14 0 
    0.149624 2.060232e-03 2.760800e-14 0 
    0.150661 1.866441e-03 2.466800e-14 0 
    0.151705 1.897154e-03 2.473000e-14 0 
    0.152757 1.991617e-03 2.560500e-14 0 
    0.153815 2.066776e-03 2.620700e-14 0 
    0.154882 1.938105e-03 2.423800e-14 0 
    0.155597 1.668986e-03 2.068100e-14 0 
    0.155955 1.851307e-03 2.283500e-14 0 
    0.157036 1.780638e-03 2.166200e-14 0 
    0.157761 1.494971e-03 1.802000e-14 0 
    0.158855 1.752817e-03 2.083800e-14 0 
    0.159956 1.658991e-03 1.945200e-14 0 
    0.161065 1.694095e-03 1.959100e-14 0 
    0.162181 1.849429e-03 2.109400e-14 0 
    0.162930 2.000344e-03 2.260600e-14 0 
    0.164059 2.066292e-03 2.303100e-14 0 
    0.165196 2.062011e-03 2.266800e-14 0 
    0.166341 2.105728e-03 2.283100e-14 0 
    0.167109 1.965484e-03 2.111500e-14 0 
    0.168267 2.165533e-03 2.294500e-14 0 
    0.169434 2.231846e-03 2.332300e-14 0 
    0.170216 2.031138e-03 2.103100e-14 0 
    0.171396 2.295291e-03 2.344000e-14 0 
    0.172187 1.972012e-03 1.995400e-14 0 
    0.172584 2.327816e-03 2.344600e-14 0 
    0.173380 2.511966e-03 2.506900e-14 0 
    0.174582 2.350327e-03 2.313400e-14 0 
    0.175388 2.250061e-03 2.194400e-14 0 
    0.176604 2.110142e-03 2.029700e-14 0 
    0.177419 2.120219e-03 2.020700e-14 0 
    0.178649 2.335999e-03 2.195800e-14 0 
    0.179473 2.288453e-03 2.131400e-14 0 
    0.180717 2.533113e-03 2.326900e-14 0 
    0.181552 2.273769e-03 2.069500e-14 0 
    0.182810 2.370556e-03 2.128000e-14 0 
    0.183654 2.448598e-03 2.177900e-14 0 
    0.184502 2.703989e-03 2.383000e-14 0 
    0.185780 2.710861e-03 2.356300e-14 0 
    0.186638 2.455779e-03 2.115000e-14 0 
    0.187932 2.560351e-03 2.174800e-14 0 
    0.188799 2.445489e-03 2.058200e-14 0 
    0.189671 2.225659e-03 1.856000e-14 0 
    0.190985 2.241649e-03 1.843700e-14 0 
    0.191867 2.358483e-03 1.922000e-14 0 
    0.192753 2.652900e-03 2.142100e-14 0 
    0.194089 2.425732e-03 1.931800e-14 0 
    0.194984 2.343730e-03 1.849400e-14 0 
    0.195884 2.529258e-03 1.977500e-14 0 
    0.197242 2.432822e-03 1.876000e-14 0 
    0.198153 2.416606e-03 1.846400e-14 0 
    0.199067 2.513451e-03 1.902800e-14 0 
    0.199986 2.662960e-03 1.997500e-14 0 
    0.201372 2.503058e-03 1.851800e-14 0 
    0.202302 2.841636e-03 2.083000e-14 0 
    0.203236 2.948755e-03 2.141700e-14 0 
    0.204174 2.784276e-03 2.003700e-14 0 
    0.205116 2.715223e-03 1.936100e-14 0 
    0.206063 2.837166e-03 2.004500e-14 0 
    0.207491 2.729099e-03 1.901700e-14 0 
    0.208449 2.924831e-03 2.019400e-14 0 
    0.209411 2.755428e-03 1.885000e-14 0 
    0.210378 2.939381e-03 1.992400e-14 0 
    0.211349 2.807707e-03 1.885700e-14 0 
    0.212324 2.821199e-03 1.877400e-14 0 
    0.213304 3.101184e-03 2.044800e-14 0 
    0.213796 2.955069e-03 1.939500e-14 0 
    0.214289 3.123310e-03 2.040500e-14 0 
    0.215774 2.956149e-03 1.904800e-14 0 
    0.216770 2.977238e-03 1.900800e-14 0 
    0.217771 3.040208e-03 1.923200e-14 0 
    0.218776 3.111729e-03 1.950400e-14 0 
    0.219786 2.851658e-03 1.771000e-14 0 
    0.220801 3.000427e-03 1.846300e-14 0 
    0.221820 3.164152e-03 1.929200e-14 0 
    0.222844 3.064484e-03 1.851300e-14 0 
    0.223872 3.058074e-03 1.830500e-14 0 
    0.224905 3.023639e-03 1.793300e-14 0 
    0.225944 3.218235e-03 1.891200e-14 0 
    0.226986 3.138416e-03 1.827400e-14 0 
    0.228034 2.956692e-03 1.705800e-14 0 
    0.229087 2.863531e-03 1.636900e-14 0 
    0.230144 3.154670e-03 1.786800e-14 0 
    0.231207 3.004444e-03 1.686100e-14 0 
    0.232274 2.841251e-03 1.579900e-14 0 
    0.232809 2.946856e-03 1.631100e-14 0 
    0.233884 3.069496e-03 1.683400e-14 0 
    0.234963 3.204617e-03 1.741400e-14 0 
    0.236048 3.023294e-03 1.627800e-14 0 
    0.237137 3.042070e-03 1.622900e-14 0 
    0.238232 2.863264e-03 1.513500e-14 0 
    0.239332 2.096823e-03 1.098200e-14 0 
    0.240436 2.613759e-03 1.356400e-14 0 
    0.241546 2.540707e-03 1.306400e-14 0 
    0.242103 2.830073e-03 1.448500e-14 0 
    0.243220 2.537988e-03 1.287100e-14 0 
    0.244343 2.661980e-03 1.337600e-14 0 
    0.245471 2.442779e-03 1.216200e-14 0 
    0.246604 2.670322e-03 1.317300e-14 0 
    0.247172 2.543343e-03 1.248900e-14 0 
    0.248313 2.661423e-03 1.294900e-14 0 
    0.249460 2.916112e-03 1.405800e-14 0 
    0.250611 2.808470e-03 1.341500e-14 0 
    0.251768 3.034975e-03 1.436400e-14 0 
    0.252348 2.999093e-03 1.412900e-14 0 
    0.253513 2.983145e-03 1.392500e-14 0 
    0.254683 2.866531e-03 1.325800e-14 0 
    0.255859 2.965075e-03 1.358800e-14 0 
    0.256448 2.791749e-03 1.273500e-14 0 
    0.257632 3.210301e-03 1.451000e-14 0 
    0.258821 2.761928e-03 1.236900e-14 0 
    0.260016 2.728221e-03 1.210600e-14 0 
    0.260615 2.810084e-03 1.241200e-14 0 
    0.261818 2.762968e-03 1.209200e-14 0 
    0.263027 3.076346e-03 1.334000e-14 0 
    0.263633 2.950375e-03 1.273500e-14 0 
    0.264850 3.202845e-03 1.369800e-14 0 
    0.266072 3.156482e-03 1.337600e-14 0 
    0.267301 3.110687e-03 1.306100e-14 0 
    0.267917 2.983157e-03 1.246800e-14 0 
    0.269154 2.953537e-03 1.223100e-14 0 
    0.270396 3.169492e-03 1.300500e-14 0 
    0.271019 3.355990e-03 1.370700e-14 0 
    0.272270 3.762393e-03 1.522600e-14 0 
    0.272898 3.928964e-03 1.582700e-14 0 
    0.274157 3.427140e-03 1.367900e-14 0 
    0.275423 3.677841e-03 1.454500e-14 0 
    0.276058 3.676275e-03 1.447200e-14 0 
    0.277332 3.491852e-03 1.362000e-14 0 
    0.278612 3.670094e-03 1.418400e-14 0 
    0.279254 3.423705e-03 1.317100e-14 0 
    0.280543 3.428887e-03 1.307000e-14 0 
    0.281190 3.655568e-03 1.387000e-14 0 
    0.282488 3.037966e-03 1.142100e-14 0 
    0.283792 3.164066e-03 1.178600e-14 0 
    0.284446 3.342372e-03 1.239300e-14 0 
    0.285759 3.561931e-03 1.308600e-14 0 
    0.286418 3.299732e-03 1.206700e-14 0 
    0.287740 2.577055e-03 9.337800e-15 0 
    0.288403 2.804982e-03 1.011700e-14 0 
    0.289734 3.569095e-03 1.275500e-14 0 
    0.290402 3.884674e-03 1.381900e-14 0 
    0.291743 3.758349e-03 1.324700e-14 0 
    0.292415 3.645998e-03 1.279200e-14 0 
    0.293765 3.462846e-03 1.203800e-14 0 
    0.295121 4.018338e-03 1.384100e-14 0 
    0.295801 4.072167e-03 1.396200e-14 0 
    0.297167 4.031270e-03 1.369500e-14 0 
    0.297852 4.020305e-03 1.359500e-14 0 
    0.299227 4.538023e-03 1.520500e-14 0 
    0.301301 4.347866e-03 1.436800e-14 0 
    0.303389 4.302178e-03 1.402200e-14 0 
    0.305492 4.488328e-03 1.442800e-14 0 
    0.307610 4.544471e-03 1.440800e-14 0 
    0.309742 4.686674e-03 1.465500e-14 0 
    0.311889 4.723337e-03 1.456700e-14 0 
    0.314051 4.771295e-03 1.451300e-14 0 
    0.316228 4.864341e-03 1.459300e-14 0 
    0.317687 4.961138e-03 1.474700e-14 0 
    0.319890 5.011422e-03 1.469200e-14 0 
    0.322107 4.981178e-03 1.440300e-14 0 
    0.324340 5.054338e-03 1.441400e-14 0 
    0.325837 5.096149e-03 1.440000e-14 0 
    0.328095 4.826143e-03 1.345000e-14 0 
    0.330370 5.115958e-03 1.406200e-14 0 
    0.332660 4.833746e-03 1.310400e-14 0 
    0.334195 5.294303e-03 1.422100e-14 0 
    0.336512 5.586523e-03 1.480000e-14 0 
    0.338844 5.577725e-03 1.457400e-14 0 
    0.340408 5.623541e-03 1.455900e-14 0 
    0.341979 5.553159e-03 1.424500e-14 0 
    0.342768 5.679853e-03 1.450300e-14 0 
    0.343558 5.334658e-03 1.355900e-14 0 
    0.344350 5.766000e-03 1.458800e-14 0 
    0.345144 5.541666e-03 1.395600e-14 0 
    0.345939 5.289182e-03 1.325900e-14 0 
    0.346737 5.360100e-03 1.337500e-14 0 
    0.347536 5.469379e-03 1.358500e-14 0 
    0.348337 5.606655e-03 1.386200e-14 0 
    0.349140 5.921840e-03 1.457400e-14 0 
    0.349945 6.356568e-03 1.557200e-14 0 
    0.350752 5.754381e-03 1.403200e-14 0 
    0.351560 5.764445e-03 1.399200e-14 0 
    0.352371 6.159014e-03 1.488100e-14 0 
    0.353183 6.386598e-03 1.536000e-14 0 
    0.353997 6.124089e-03 1.466100e-14 0 
    0.354813 5.633679e-03 1.342500e-14 0 
    0.355631 5.774776e-03 1.369800e-14 0 
    0.356451 5.499464e-03 1.298500e-14 0 
    0.357273 6.110318e-03 1.436100e-14 0 
    0.358096 5.634119e-03 1.318100e-14 0 
    0.358922 5.950856e-03 1.385800e-14 0 
    0.359749 5.879520e-03 1.362900e-14 0 
    0.360579 6.181885e-03 1.426400e-14 0 
    0.361410 5.996200e-03 1.377200e-14 0 
    0.362243 6.333114e-03 1.447900e-14 0 
    0.363078 5.693549e-03 1.295700e-14 0 
    0.363915 6.268107e-03 1.419900e-14 0 
    0.364754 6.575108e-03 1.482600e-14 0 
    0.365595 6.662491e-03 1.495400e-14 0 
    0.366437 6.522237e-03 1.457200e-14 0 
    0.367282 5.958809e-03 1.325200e-14 0 
    0.368129 5.900496e-03 1.306200e-14 0 
    0.368978 5.554706e-03 1.224000e-14 0 
    0.369828 6.086844e-03 1.335100e-14 0 
    0.370681 6.716785e-03 1.466500e-14 0 
    0.371535 6.178592e-03 1.342800e-14 0 
    0.372392 6.526083e-03 1.411800e-14 0 
    0.373250 6.861292e-03 1.477500e-14 0 
    0.374111 6.167995e-03 1.322100e-14 0 
    0.374890 7.287129e-03 1.555500e-14 1 
    0.375165 6.939383e-03 1.479100e-14 1 
    0.375440 7.456999e-03 1.587100e-14 1 
    0.375715 7.815185e-03 1.660900e-14 1 
    0.375990 5.940303e-03 1.260600e-14 1 
    0.376265 6.781459e-03 1.437000e-14 1 
    0.376540 7.540931e-03 1.595600e-14 1 
    0.376815 7.374463e-03 1.558100e-14 1 
    0.377090 6.635380e-03 1.399900e-14 1 
    0.377365 7.112621e-03 1.498400e-14 1 
    0.377640 6.569657e-03 1.382000e-14 1 
    0.377915 6.211231e-03 1.304700e-14 1 
    0.378190 7.413601e-03 1.555000e-14 1 
    0.378465 7.120727e-03 1.491400e-14 1 
    0.378740 6.370347e-03 1.332300e-14 1 
    0.379015 6.630036e-03 1.384600e-14 1 
    0.379290 7.275525e-03 1.517200e-14 1 
    0.379565 7.243339e-03 1.508300e-14 1 
    0.379840 6.804170e-03 1.414800e-14 1 
    0.380115 6.603074e-03 1.371000e-14 1 
    0.380390 7.142221e-03 1.480800e-14 1 
    0.380665 7.576160e-03 1.568500e-14 1 
    0.380940 6.665145e-03 1.377900e-14 1 
    0.381215 6.889367e-03 1.422200e-14 1 
    0.381490 6.502001e-03 1.340300e-14 1 
    0.381765 6.491460e-03 1.336200e-14 1 
    0.382040 7.149341e-03 1.469500e-14 1 
    0.382315 7.184972e-03 1.474700e-14 1 
    0.382590 6.540528e-03 1.340500e-14 1 
    0.382865 9.647775e-03 1.974500e-14 1 
    0.383140 1.209650e-02 2.472100e-14 1 
    0.383415 1.583315e-02 3.231100e-14 1 
    0.383690 1.850285e-02 3.770500e-14 1 
    0.383965 1.521174e-02 3.095400e-14 1 
    0.384240 1.197413e-02 2.433100e-14 1 
    0.384515 1.000562e-02 2.030200e-14 1 
    0.384790 7.716074e-03 1.563400e-14 1 
    0.385065 7.308971e-03 1.478800e-14 1 
    0.385340 7.859906e-03 1.588000e-14 1 
    0.385615 7.155392e-03 1.443600e-14 1 
    0.385890 6.605695e-03 1.330800e-14 1 
    0.386165 6.101632e-03 1.227500e-14 1 
    0.386440 7.837146e-03 1.574400e-14 1 
    0.386715 7.677819e-03 1.540200e-14 1 
    0.386990 7.638323e-03 1.530100e-14 1 
    0.387265 8.451545e-03 1.690600e-14 1 
    0.387540 7.358674e-03 1.469900e-14 1 
    0.387815 8.112100e-03 1.618100e-14 1 
    0.388090 7.206872e-03 1.435500e-14 1 
    0.388365 7.713815e-03 1.534300e-14 1 
    0.388640 8.521736e-03 1.692600e-14 1 
    0.388915 8.709759e-03 1.727500e-14 1 
    0.389190 9.917170e-03 1.964200e-14 1 
    0.389465 1.026439e-02 2.030100e-14 1 
    0.389740 9.122949e-03 1.801800e-14 1 
    0.390015 8.819943e-03 1.739500e-14 1 
    0.390290 8.074308e-03 1.590200e-14 1 
    0.390565 8.027216e-03 1.578700e-14 1 
    0.390840 6.996220e-03 1.374000e-14 1 
    0.391115 8.176806e-03 1.603600e-14 1 
    0.391390 7.665434e-03 1.501200e-14 1 
    0.391665 8.182434e-03 1.600200e-14 1 
    0.391940 8.967646e-03 1.751300e-14 1 
    0.392215 9.864260e-03 1.923700e-14 1 
    0.392490 9.018506e-03 1.756300e-14 1 
    0.392765 9.339677e-03 1.816300e-14 1 
    0.393040 9.631854e-03 1.870500e-14 1 
    0.393315 8.421171e-03 1.633100e-14 1 
    0.393590 7.453901e-03 1.443500e-14 1 
    0.393865 7.541885e-03 1.458500e-14 1 
    0.394140 7.403806e-03 1.429800e-14 1 
    0.394415 7.875127e-03 1.518700e-14 1 
    0.394690 7.254683e-03 1.397100e-14 1 
    0.394965 7.537272e-03 1.449500e-14 1 
    0.395240 7.724294e-03 1.483400e-14 1 
    0.395515 8.359211e-03 1.603100e-14 1 
    0.395790 8.121765e-03 1.555400e-14 1 
    0.396065 9.896769e-03 1.892700e-14 1 
    0.396340 9.280604e-03 1.772400e-14 1 
    0.396615 1.095618e-02 2.089500e-14 1 
    0.396890 1.073983e-02 2.045400e-14 1 
    0.397165 1.047709e-02 1.992600e-14 1 
    0.397440 1.272040e-02 2.415900e-14 1 
    0.397715 1.235891e-02 2.344000e-14 1 
    0.397990 1.324032e-02 2.507700e-14 1 
    0.398265 1.372654e-02 2.596200e-14 1 
    0.398540 1.270991e-02 2.400600e-14 1 
    0.398815 1.144972e-02 2.159600e-14 1 
    0.399090 1.096328e-02 2.065000e-14 1 
    0.399365 9.496178e-03 1.786200e-14 1 
    0.399640 9.506597e-03 1.785700e-14 1 
    0.399915 7.802549e-03 1.463600e-14 1 
    0.400190 8.949296e-03 1.676400e-14 1 
    0.400465 9.453941e-03 1.768500e-14 1 
    0.400740 8.969093e-03 1.675500e-14 1 
    0.401015 9.774216e-03 1.823400e-14 1 
    0.401290 9.616930e-03 1.791600e-14 1 
    0.401565 1.063957e-02 1.979400e-14 1 
    0.401840 1.161331e-02 2.157600e-14 1 
    0.402115 1.154674e-02 2.142300e-14 1 
    0.402390 1.184482e-02 2.194600e-14 1 
    0.402665 1.286466e-02 2.380300e-14 1 
    0.402940 1.301808e-02 2.405400e-14 1 
    0.403215 1.140407e-02 2.104300e-14 1 
    0.403490 1.156018e-02 2.130200e-14 1 
    0.403765 1.099503e-02 2.023300e-14 1 
    0.404040 1.077112e-02 1.979400e-14 1 
    0.404315 1.017659e-02 1.867600e-14 1 
    0.404590 1.080756e-02 1.980700e-14 1 
    0.404865 9.715827e-03 1.778200e-14 1 
    0.405140 1.023841e-02 1.871300e-14 1 
    0.405415 9.738408e-03 1.777500e-14 1 
    0.405690 1.034522e-02 1.885700e-14 1 
    0.405965 1.151016e-02 2.095200e-14 1 
    0.406240 1.193284e-02 2.169200e-14 1 
    0.406515 1.165099e-02 2.115100e-14 1 
    0.406790 1.192545e-02 2.162000e-14 1 
    0.407065 1.152181e-02 2.086000e-14 1 
    0.407340 1.092345e-02 1.975000e-14 1 
    0.407615 9.733620e-03 1.757500e-14 1 
    0.407890 9.883185e-03 1.782100e-14 1 
    0.408165 9.563874e-03 1.722200e-14 1 
    0.408440 9.923758e-03 1.784600e-14 1 
    0.408715 9.238865e-03 1.659200e-14 1 
    0.408990 9.338283e-03 1.674800e-14 1 
    0.409265 9.734415e-03 1.743500e-14 1 
    0.409540 9.692153e-03 1.733600e-14 1 
    0.409815 1.077892e-02 1.925400e-14 1 
    0.410090 1.155354e-02 2.061000e-14 1 
    0.410365 1.168636e-02 2.081900e-14 1 
    0.410640 1.255639e-02 2.233900e-14 1 
    0.410915 1.245840e-02 2.213500e-14 1 
    0.411190 1.202252e-02 2.133200e-14 1 
    0.411465 1.232585e-02 2.184100e-14 1 
    0.411740 1.240732e-02 2.195600e-14 1 
    0.412015 1.255009e-02 2.217900e-14 1 
    0.412290 1.234020e-02 2.177900e-14 1 
    0.412565 1.275836e-02 2.248700e-14 1 
    0.412840 1.166015e-02 2.052400e-14 1 
    0.413115 1.235152e-02 2.171200e-14 1 
    0.413390 1.254342e-02 2.202000e-14 1 
    0.413665 1.314648e-02 2.304800e-14 1 
    0.413940 1.368714e-02 2.396400e-14 1 
    0.414215 1.344168e-02 2.350300e-14 1 
    0.414490 1.257018e-02 2.195000e-14 1 
    0.414765 1.256220e-02 2.190700e-14 1 
    0.415040 1.280625e-02 2.230300e-14 1 
    0.415315 1.302791e-02 2.265900e-14 1 
    0.415590 1.251896e-02 2.174500e-14 1 
    0.415865 1.210836e-02 2.100400e-14 1 
    0.416140 1.273568e-02 2.206300e-14 1 
    0.416415 1.259473e-02 2.179000e-14 1 
    0.416690 1.272654e-02 2.198900e-14 1 
    0.416965 1.284882e-02 2.217100e-14 1 
    0.417240 1.389406e-02 2.394300e-14 1 
    0.417515 1.337897e-02 2.302500e-14 1 
    0.417790 1.315223e-02 2.260500e-14 1 
    0.418065 1.397877e-02 2.399400e-14 1 
    0.418340 1.405842e-02 2.409900e-14 1 
    0.418615 1.409151e-02 2.412400e-14 1 
    0.418890 1.321573e-02 2.259500e-14 1 
    0.419165 1.362548e-02 2.326500e-14 1 
    0.419440 1.363633e-02 2.325300e-14 1 
    0.419715 1.377224e-02 2.345400e-14 1 
    0.419990 1.405841e-02 2.391000e-14 1 
    0.420265 1.350869e-02 2.294500e-14 1 
    0.420540 1.376925e-02 2.335700e-14 1 
    0.420815 1.427425e-02 2.418200e-14 1 
    0.421090 1.376451e-02 2.328800e-14 1 
    0.421365 1.276277e-02 2.156500e-14 1 
    0.421640 1.293114e-02 2.182100e-14 1 
    0.421915 1.203897e-02 2.028900e-14 1 
    0.422190 1.208497e-02 2.034000e-14 1 
    0.422465 1.215902e-02 2.043800e-14 1 
    0.422740 1.270324e-02 2.132500e-14 1 
    0.423015 1.273826e-02 2.135600e-14 1 
    0.423290 1.259118e-02 2.108200e-14 1 
    0.423565 1.270024e-02 2.123700e-14 1 
    0.423840 1.299159e-02 2.169600e-14 1 
    0.424115 1.460153e-02 2.435300e-14 1 
    0.424390 1.412698e-02 2.353100e-14 1 
    0.424665 1.359165e-02 2.261000e-14 1 
    0.424940 1.334562e-02 2.217200e-14 1 
    0.425215 1.409216e-02 2.338200e-14 1 
    0.425490 1.377426e-02 2.282500e-14 1 
    0.425765 1.389963e-02 2.300300e-14 1 
    0.426040 1.430481e-02 2.364300e-14 1 
    0.426315 1.423362e-02 2.349500e-14 1 
    0.426590 1.379340e-02 2.273900e-14 1 
    0.426865 1.436573e-02 2.365200e-14 1 
    0.427140 1.420484e-02 2.335700e-14 1 
    0.427415 1.423836e-02 2.338200e-14 1 
    0.427690 1.444936e-02 2.369800e-14 1 
    0.427965 1.442643e-02 2.363000e-14 1 
    0.428240 1.424570e-02 2.330400e-14 1 
    0.428515 1.355398e-02 2.214400e-14 1 
    0.428790 1.392011e-02 2.271300e-14 1 
    0.429065 1.421595e-02 2.316600e-14 1 
    0.429340 1.292296e-02 2.103200e-14 1 
    0.429615 1.258207e-02 2.045100e-14 1 
    0.429890 1.358751e-02 2.205700e-14 1 
    0.430165 1.280737e-02 2.076400e-14 1 
    0.430440 1.371679e-02 2.221000e-14 1 
    0.430715 1.317716e-02 2.130900e-14 1 
    0.430990 1.328253e-02 2.145200e-14 1 
    0.431265 1.433545e-02 2.312300e-14 1 
    0.431540 1.367960e-02 2.203700e-14 1 
    0.431815 1.340553e-02 2.156800e-14 1 
    0.432090 1.355392e-02 2.177900e-14 1 
    0.432365 1.429090e-02 2.293400e-14 1 
    0.432640 1.288716e-02 2.065500e-14 1 
    0.432915 1.406178e-02 2.250900e-14 1 
    0.433190 1.435237e-02 2.294500e-14 1 
    0.433465 1.464680e-02 2.338600e-14 1 
    0.433740 1.436187e-02 2.290200e-14 1 
    0.434015 1.454523e-02 2.316500e-14 1 
    0.434290 1.452594e-02 2.310500e-14 1 
    0.434565 1.407412e-02 2.235800e-14 1 
    0.434840 1.431821e-02 2.271700e-14 1 
    0.435115 1.336446e-02 2.117700e-14 1 
    0.435390 1.385084e-02 2.192000e-14 1 
    0.435665 1.383798e-02 2.187200e-14 1 
    0.435940 1.516865e-02 2.394500e-14 1 
    0.436215 1.483070e-02 2.338200e-14 1 
    0.436490 1.304642e-02 2.054300e-14 1 
    0.436765 1.409743e-02 2.217000e-14 1 
    0.437040 1.310733e-02 2.058700e-14 1 
    0.437315 1.510193e-02 2.369000e-14 1 
    0.437590 1.492945e-02 2.339000e-14 1 
    0.437865 1.468428e-02 2.297700e-14 1 
    0.438140 1.469953e-02 2.297200e-14 1 
    0.438415 1.460330e-02 2.279300e-14 1 
    0.438690 1.505399e-02 2.346700e-14 1 
    0.438965 1.485963e-02 2.313500e-14 1 
    0.439240 1.510913e-02 2.349400e-14 1 
    0.439515 1.523559e-02 2.366100e-14 1 
    0.439790 1.421989e-02 2.205600e-14 1 
    0.440065 1.365219e-02 2.114900e-14 1 
    0.440340 1.504400e-02 2.327600e-14 1 
    0.440615 1.497932e-02 2.314700e-14 1 
    0.440890 1.520925e-02 2.347300e-14 1 
    0.441165 1.410329e-02 2.173900e-14 1 
    0.441440 1.406501e-02 2.165300e-14 1 
    0.441715 1.380613e-02 2.122800e-14 1 
    0.441990 1.465554e-02 2.250600e-14 1 
    0.442265 1.341870e-02 2.058100e-14 1 
    0.442540 1.438849e-02 2.204100e-14 1 
    0.442815 1.284161e-02 1.964700e-14 1 
    0.443090 1.293545e-02 1.976600e-14 1 
    0.443365 1.254591e-02 1.914700e-14 1 
    0.443640 1.346749e-02 2.052800e-14 1 
    0.443915 1.343953e-02 2.046000e-14 1 
    0.444190 1.568112e-02 2.384300e-14 1 
    0.444465 1.444084e-02 2.193000e-14 1 
    0.444740 1.536923e-02 2.331100e-14 1 
    0.445015 1.529384e-02 2.316800e-14 1 
    0.445290 1.537356e-02 2.326000e-14 1 
    0.445565 1.576380e-02 2.382100e-14 1 
    0.445840 1.476819e-02 2.228900e-14 1 
    0.446115 1.517915e-02 2.288100e-14 1 
    0.446390 1.556119e-02 2.342800e-14 1 
    0.446665 1.699689e-02 2.555800e-14 1 
    0.446940 1.621481e-02 2.435200e-14 1 
    0.447215 1.555610e-02 2.333400e-14 1 
    0.447490 1.429298e-02 2.141300e-14 1 
    0.447765 1.441414e-02 2.156800e-14 1 
    0.448040 1.513712e-02 2.262200e-14 1 
    0.448315 1.583102e-02 2.363000e-14 1 
    0.448590 1.630926e-02 2.431400e-14 1 
    0.448865 1.553006e-02 2.312400e-14 1 
    0.449140 1.699480e-02 2.527400e-14 1 
    0.449415 1.677123e-02 2.491100e-14 1 
    0.449690 1.648439e-02 2.445500e-14 1 
    0.449965 1.474241e-02 2.184400e-14 1 
    0.450240 1.566252e-02 2.317900e-14 1 
    0.450515 1.511268e-02 2.233800e-14 1 
    0.450790 1.561749e-02 2.305600e-14 1 
    0.451065 1.629508e-02 2.402700e-14 1 
    0.451340 1.565358e-02 2.305300e-14 1 
    0.451615 1.576649e-02 2.319100e-14 1 
    0.451890 1.540723e-02 2.263500e-14 1 
    0.452165 1.505798e-02 2.209500e-14 1 
    0.452440 1.622741e-02 2.378200e-14 1 
    0.452715 1.614125e-02 2.362700e-14 1 
    0.452990 1.656511e-02 2.421800e-14 1 
    0.453265 1.584903e-02 2.314300e-14 1 
    0.453540 1.537871e-02 2.242900e-14 1 
    0.453815 1.579004e-02 2.300100e-14 1 
    0.454090 1.571570e-02 2.286500e-14 1 
    0.454365 1.593500e-02 2.315600e-14 1 
    0.454640 1.565114e-02 2.271600e-14 1 
    0.454915 1.539001e-02 2.231000e-14 1 
    0.455190 1.663799e-02 2.409000e-14 1 
    0.455465 1.640917e-02 2.373000e-14 1 
    0.455740 1.579897e-02 2.282000e-14 1 
    0.456015 1.635178e-02 2.359000e-14 1 
    0.456290 1.619106e-02 2.333000e-14 1 
    0.456565 1.721671e-02 2.477800e-14 1 
    0.456840 1.642352e-02 2.360800e-14 1 
    0.457115 1.618559e-02 2.323800e-14 1 
    0.457390 1.658582e-02 2.378400e-14 1 
    0.457665 1.755042e-02 2.513700e-14 1 
    0.457940 1.746107e-02 2.497900e-14 1 
    0.458215 1.700894e-02 2.430300e-14 1 
    0.458490 1.651574e-02 2.357000e-14 1 
    0.458765 1.582419e-02 2.255600e-14 1 
    0.459040 1.545404e-02 2.200200e-14 1 
    0.459315 1.657171e-02 2.356500e-14 1 
    0.459590 1.687812e-02 2.397200e-14 1 
    0.459865 1.714505e-02 2.432200e-14 1 
    0.460140 1.788756e-02 2.534500e-14 1 
    0.460415 1.735072e-02 2.455500e-14 1 
    0.460690 1.680479e-02 2.375400e-14 1 
    0.460965 1.677598e-02 2.368500e-14 1 
    0.461240 1.717256e-02 2.421600e-14 1 
    0.461515 1.799533e-02 2.534600e-14 1 
    0.461790 1.794996e-02 2.525200e-14 1 
    0.462065 1.702695e-02 2.392500e-14 1 
    0.462340 1.786307e-02 2.507000e-14 1 
    0.462615 1.741207e-02 2.440800e-14 1 
    0.462890 1.761776e-02 2.466700e-14 1 
    0.463165 1.792473e-02 2.506700e-14 1 
    0.463440 1.835553e-02 2.563900e-14 1 
    0.463715 1.807842e-02 2.522200e-14 1 
    0.463990 1.906723e-02 2.657000e-14 1 
    0.464265 1.981908e-02 2.758500e-14 1 
    0.464540 1.950089e-02 2.711000e-14 1 
    0.464815 1.882974e-02 2.614600e-14 1 
    0.465090 1.863355e-02 2.584300e-14 1 
    0.465365 1.838128e-02 2.546300e-14 1 
    0.465640 1.784578e-02 2.469200e-14 1 
    0.465915 1.739147e-02 2.403500e-14 1 
    0.466190 1.706717e-02 2.355900e-14 1 
    0.466465 1.758487e-02 2.424500e-14 1 
    0.466740 1.707261e-02 2.351100e-14 1 
    0.467015 1.782338e-02 2.451600e-14 1 
    0.467290 1.750446e-02 2.404900e-14 1 
    0.467565 1.738661e-02 2.385900e-14 1 
    0.467840 1.831978e-02 2.511000e-14 1 
    0.468115 1.743631e-02 2.387100e-14 1 
    0.468390 1.802867e-02 2.465300e-14 1 
    0.468665 1.806522e-02 2.467400e-14 1 
    0.468940 1.769940e-02 2.414600e-14 1 
    0.469215 1.811425e-02 2.468300e-14 1 
    0.469490 1.854033e-02 2.523400e-14 1 
    0.469765 1.849880e-02 2.514800e-14 1 
    0.470040 1.920169e-02 2.607300e-14 1 
    0.470315 1.917623e-02 2.600800e-14 1 
    0.470590 1.820803e-02 2.466600e-14 1 
    0.470865 1.840077e-02 2.489800e-14 1 
    0.471140 1.902382e-02 2.571100e-14 1 
    0.471415 1.846749e-02 2.493000e-14 1 
    0.471690 1.870411e-02 2.522000e-14 1 
    0.471965 1.870737e-02 2.519500e-14 1 
    0.472240 1.884217e-02 2.534700e-14 1 
    0.472515 1.906580e-02 2.561800e-14 1 
    0.472790 1.872961e-02 2.513700e-14 1 
    0.473065 1.866264e-02 2.501800e-14 1 
    0.473340 1.896067e-02 2.538800e-14 1 
    0.473615 1.914122e-02 2.560000e-14 1 
    0.473890 1.952052e-02 2.607700e-14 1 
    0.474165 1.948023e-02 2.599300e-14 1 
    0.474440 1.981421e-02 2.640800e-14 1 
    0.474715 1.978836e-02 2.634300e-14 1 
    0.474990 1.948566e-02 2.591000e-14 1 
    0.475265 2.017306e-02 2.679300e-14 1 
    0.475540 2.045270e-02 2.713300e-14 1 
    0.475815 2.034429e-02 2.695800e-14 1 
    0.476090 2.058239e-02 2.724200e-14 1 
    0.476365 2.072871e-02 2.740400e-14 1 
    0.476640 2.071403e-02 2.735300e-14 1 
    0.476915 1.979934e-02 2.611500e-14 1 
    0.477190 1.939484e-02 2.555200e-14 1 
    0.477465 2.009276e-02 2.644100e-14 1 
    0.477740 1.997289e-02 2.625300e-14 1 
    0.478015 1.914359e-02 2.513400e-14 1 
    0.478290 1.893686e-02 2.483400e-14 1 
    0.478565 2.001368e-02 2.621600e-14 1 
    0.478840 1.919750e-02 2.511800e-14 1 
    0.479115 1.937948e-02 2.532700e-14 1 
    0.479390 2.025664e-02 2.644300e-14 1 
    0.479665 2.053681e-02 2.677800e-14 1 
    0.479940 1.954532e-02 2.545600e-14 1 
    0.480215 1.882825e-02 2.449400e-14 1 
    0.480490 1.942853e-02 2.524600e-14 1 
    0.480765 1.998393e-02 2.593800e-14 1 
    0.481040 2.048734e-02 2.656100e-14 1 
    0.481315 1.959415e-02 2.537400e-14 1 
    0.481590 1.968613e-02 2.546400e-14 1 
    0.481865 2.012347e-02 2.600000e-14 1 
    0.482140 2.041300e-02 2.634400e-14 1 
    0.482415 2.094906e-02 2.700500e-14 1 
    0.482690 2.079976e-02 2.678200e-14 1 
    0.482965 2.049847e-02 2.636400e-14 1 
    0.483240 1.998005e-02 2.566800e-14 1 
    0.483515 1.918532e-02 2.461900e-14 1 
    0.483790 1.874295e-02 2.402400e-14 1 
    0.484065 1.855493e-02 2.375600e-14 1 
    0.484340 1.828279e-02 2.338100e-14 1 
    0.484615 1.849222e-02 2.362200e-14 1 
    0.484890 1.878595e-02 2.397000e-14 1 
    0.485165 1.939102e-02 2.471400e-14 1 
    0.485440 1.924727e-02 2.450300e-14 1 
    0.485715 1.930526e-02 2.454900e-14 1 
    0.485990 2.019471e-02 2.565100e-14 1 
    0.486265 1.970762e-02 2.500400e-14 1 
    0.486540 1.997374e-02 2.531300e-14 1 
    0.486815 1.884219e-02 2.385200e-14 1 
    0.487090 1.839214e-02 2.325600e-14 1 
    0.487365 1.850792e-02 2.337600e-14 1 
    0.487640 1.949346e-02 2.459300e-14 1 
    0.487915 1.951069e-02 2.458700e-14 1 
    0.488190 1.949456e-02 2.453900e-14 1 
    0.488465 2.012972e-02 2.531000e-14 1 
    0.488740 2.026785e-02 2.545500e-14 1 
    0.489015 1.966333e-02 2.466800e-14 1 
    0.489290 2.041244e-02 2.557900e-14 1 
    0.489565 1.972915e-02 2.469500e-14 1 
    0.489840 1.879795e-02 2.350300e-14 1 
    0.490115 1.916577e-02 2.393600e-14 1 
    0.490390 1.886584e-02 2.353500e-14 1 
    0.490665 1.946481e-02 2.425500e-14 1 
    0.490940 1.924802e-02 2.395800e-14 1 
    0.491215 1.967094e-02 2.445700e-14 1 
    0.491490 1.971794e-02 2.448800e-14 1 
    0.491765 2.058320e-02 2.553400e-14 1 
    0.492040 2.022773e-02 2.506500e-14 1 
    0.492315 2.024066e-02 2.505300e-14 1 
    0.492590 1.978850e-02 2.446600e-14 1 
    0.492865 2.028186e-02 2.504800e-14 1 
    0.493140 1.959115e-02 2.416800e-14 1 
    0.493415 1.918858e-02 2.364500e-14 1 
    0.493690 2.043106e-02 2.514800e-14 1 
    0.493965 2.047985e-02 2.518000e-14 1 
    0.494240 1.994409e-02 2.449400e-14 1 
    0.494515 2.007389e-02 2.462600e-14 1 
    0.494790 2.114893e-02 2.591600e-14 1 
    0.495065 2.009488e-02 2.459700e-14 1 
    0.495340 1.940484e-02 2.372600e-14 1 
    0.495615 2.002820e-02 2.446100e-14 1 
    0.495890 2.052011e-02 2.503400e-14 1 
    0.496165 2.047641e-02 2.495300e-14 1 
    0.496440 1.998403e-02 2.432600e-14 1 
    0.496715 2.013282e-02 2.448000e-14 1 
    0.496990 1.967347e-02 2.389500e-14 1 
    0.497265 2.065302e-02 2.505700e-14 1 
    0.497540 1.960482e-02 2.375900e-14 1 
    0.497815 2.029066e-02 2.456300e-14 1 
    0.498090 2.020475e-02 2.443200e-14 1 
    0.498365 1.977255e-02 2.388300e-14 1 
    0.498640 2.039609e-02 2.460900e-14 1 
    0.498915 2.072725e-02 2.498100e-14 1 
    0.499190 2.049344e-02 2.467200e-14 1 
    0.499465 2.083451e-02 2.505500e-14 1 
    0.499740 2.296360e-02 2.758500e-14 1 
    0.500015 2.682244e-02 3.218500e-14 1 
    0.500290 2.961349e-02 3.549500e-14 1 
    0.500565 2.941470e-02 3.521800e-14 1 
    0.500840 2.483239e-02 2.969900e-14 1 
    0.501115 2.104103e-02 2.513700e-14 1 
    0.501390 1.849407e-02 2.207000e-14 1 
    0.501665 1.813015e-02 2.161200e-14 1 
    0.501940 1.815843e-02 2.162200e-14 1 
    0.502215 1.928053e-02 2.293300e-14 1 
    0.502490 1.901128e-02 2.258800e-14 1 
    0.502765 1.951910e-02 2.316600e-14 1 
    0.503040 1.941394e-02 2.301600e-14 1 
    0.503315 2.017657e-02 2.389400e-14 1 
    0.503590 1.846229e-02 2.184000e-14 1 
    0.503865 2.107119e-02 2.489900e-14 1 
    0.504140 2.037154e-02 2.404600e-14 1 
    0.504415 1.993070e-02 2.350000e-14 1 
    0.504690 2.029800e-02 2.390700e-14 1 
    0.504965 2.059806e-02 2.423400e-14 1 
    0.505240 1.995681e-02 2.345400e-14 1 
    0.505515 1.913354e-02 2.246200e-14 1 
    0.505790 1.959523e-02 2.297900e-14 1 
    0.506065 1.859640e-02 2.178400e-14 1 
    0.506340 1.962676e-02 2.296600e-14 1 
    0.506615 1.931614e-02 2.257800e-14 1 
    0.506890 1.988610e-02 2.321900e-14 1 
    0.507165 2.125293e-02 2.478800e-14 1 
    0.507440 2.198667e-02 2.561600e-14 1 
    0.507715 2.142450e-02 2.493400e-14 1 
    0.507990 2.335129e-02 2.714700e-14 1 
    0.508265 2.313891e-02 2.687100e-14 1 
    0.508540 2.361481e-02 2.739400e-14 1 
    0.508815 2.455252e-02 2.845100e-14 1 
    0.509090 2.551641e-02 2.953600e-14 1 
    0.509365 2.659736e-02 3.075400e-14 1 
    0.509640 2.867451e-02 3.312000e-14 1 
    0.509915 3.162888e-02 3.649300e-14 1 
    0.510190 3.502340e-02 4.036600e-14 1 
    0.510465 3.669323e-02 4.224500e-14 1 
    0.510740 3.579196e-02 4.116300e-14 1 
    0.511015 3.026309e-02 3.476700e-14 1 
    0.511290 2.522504e-02 2.894800e-14 1 
    0.511565 2.394456e-02 2.744900e-14 1 
    0.511840 2.273289e-02 2.603200e-14 1 
    0.512115 2.269264e-02 2.595800e-14 1 
    0.512390 2.498977e-02 2.855500e-14 1 
    0.512665 2.479933e-02 2.830700e-14 1 
    0.512940 2.699219e-02 3.077700e-14 1 
    0.513215 2.889208e-02 3.290800e-14 1 
    0.513490 3.118009e-02 3.547600e-14 1 
    0.513765 3.338144e-02 3.794000e-14 1 
    0.514040 3.505546e-02 3.980000e-14 1 
    0.514315 3.781753e-02 4.289000e-14 1 
    0.514590 4.357066e-02 4.936200e-14 1 
    0.514865 5.361894e-02 6.068100e-14 1 
    0.515140 6.537016e-02 7.390100e-14 1 
    0.515415 7.228673e-02 8.163300e-14 1 
    0.515690 6.308892e-02 7.117000e-14 1 
    0.515965 4.790716e-02 5.398600e-14 1 
    0.516240 3.330852e-02 3.749500e-14 1 
    0.516515 2.496066e-02 2.806800e-14 1 
    0.516790 2.303762e-02 2.587800e-14 1 
    0.517065 2.164249e-02 2.428500e-14 1 
    0.517340 1.917556e-02 2.149400e-14 1 
    0.517615 2.140366e-02 2.396600e-14 1 
    0.517890 2.029367e-02 2.269900e-14 1 
    0.518165 2.087369e-02 2.332300e-14 1 
    0.518440 2.067456e-02 2.307600e-14 1 
    0.518715 2.121938e-02 2.365900e-14 1 
    0.518990 2.151752e-02 2.396600e-14 1 
    0.519265 2.049684e-02 2.280500e-14 1 
    0.519540 2.022884e-02 2.248300e-14 1 
    0.519815 2.025116e-02 2.248400e-14 1 
    0.520090 2.170260e-02 2.407000e-14 1 
    0.520365 2.143222e-02 2.374500e-14 1 
    0.520640 2.089286e-02 2.312300e-14 1 
    0.520915 2.159242e-02 2.387200e-14 1 
    0.521190 2.110907e-02 2.331300e-14 1 
    0.521465 2.089659e-02 2.305400e-14 1 
    0.521740 2.198661e-02 2.423100e-14 1 
    0.522015 2.016770e-02 2.220300e-14 1 
    0.522290 2.002801e-02 2.202600e-14 1 
    0.522565 1.978149e-02 2.173200e-14 1 
    0.522840 2.016316e-02 2.212800e-14 1 
    0.523115 1.903048e-02 2.086300e-14 1 
    0.523390 2.003941e-02 2.194600e-14 1 
    0.523665 2.088041e-02 2.284300e-14 1 
    0.523940 2.171948e-02 2.373600e-14 1 
    0.524215 2.186320e-02 2.386800e-14 1 
    0.524490 2.099760e-02 2.289900e-14 1 
    0.524765 2.183291e-02 2.378500e-14 1 
    0.525040 2.100766e-02 2.286200e-14 1 
    0.525315 2.076292e-02 2.257200e-14 1 
    0.525590 1.977545e-02 2.147600e-14 1 
    0.525865 2.071608e-02 2.247400e-14 1 
    0.526140 2.063349e-02 2.236100e-14 1 
    0.526415 2.086751e-02 2.259100e-14 1 
    0.526690 2.046305e-02 2.213000e-14 1 
    0.526965 2.175718e-02 2.350500e-14 1 
    0.527240 2.001285e-02 2.159800e-14 1 
    0.527515 2.063758e-02 2.224900e-14 1 
    0.527790 2.112895e-02 2.275500e-14 1 
    0.528065 2.140752e-02 2.303100e-14 1 
    0.528340 2.124093e-02 2.282800e-14 1 
    0.528615 2.130962e-02 2.287800e-14 1 
    0.528890 2.229685e-02 2.391300e-14 1 
    0.529165 2.160227e-02 2.314400e-14 1 
    0.529440 2.064833e-02 2.209900e-14 1 
    0.529715 2.082318e-02 2.226300e-14 1 
    0.529990 2.132887e-02 2.278000e-14 1 
    0.530265 2.005476e-02 2.139700e-14 1 
    0.530540 2.116018e-02 2.255300e-14 1 
    0.530815 2.196824e-02 2.339000e-14 1 
    0.531090 2.154442e-02 2.291500e-14 1 
    0.531365 2.096628e-02 2.227700e-14 1 
    0.531640 1.999214e-02 2.122000e-14 1 
    0.531915 1.898107e-02 2.012600e-14 1 
    0.532190 1.806228e-02 1.913200e-14 1 
    0.532465 2.088023e-02 2.209400e-14 1 
    0.532740 1.990940e-02 2.104500e-14 1 
    0.533015 1.955684e-02 2.065100e-14 1 
    0.533290 2.053639e-02 2.166300e-14 1 
    0.533565 1.970066e-02 2.076000e-14 1 
    0.533840 1.947588e-02 2.050200e-14 1 
    0.534115 2.118195e-02 2.227500e-14 1 
    0.534390 2.162261e-02 2.271500e-14 1 
    0.534665 2.259014e-02 2.370700e-14 1 
    0.534940 2.278508e-02 2.388700e-14 1 
    0.535215 2.226520e-02 2.331800e-14 1 
    0.535490 2.341119e-02 2.449300e-14 1 
    0.535765 2.150535e-02 2.247600e-14 1 
    0.536040 2.112803e-02 2.205900e-14 1 
    0.536315 2.138845e-02 2.230800e-14 1 
    0.536590 2.226746e-02 2.320100e-14 1 
    0.536865 2.104996e-02 2.191000e-14 1 
    0.537140 2.317388e-02 2.409600e-14 1 
    0.537415 2.165534e-02 2.249400e-14 1 
    0.537690 2.183363e-02 2.265600e-14 1 
    0.537965 2.203154e-02 2.283800e-14 1 
    0.538240 2.112799e-02 2.187900e-14 1 
    0.538515 2.127912e-02 2.201300e-14 1 
    0.538790 2.304165e-02 2.381200e-14 1 
    0.539065 2.248594e-02 2.321400e-14 1 
    0.539340 2.099239e-02 2.165000e-14 1 
    0.539615 2.219407e-02 2.286600e-14 1 
    0.539890 2.276954e-02 2.343500e-14 1 
    0.540165 2.231034e-02 2.293900e-14 1 
    0.540440 2.173917e-02 2.232900e-14 1 
    0.540715 2.245032e-02 2.303600e-14 1 
    0.540990 2.287217e-02 2.344500e-14 1 
    0.541265 2.248332e-02 2.302300e-14 1 
    0.541540 2.111512e-02 2.160000e-14 1 
    0.541815 2.156909e-02 2.204200e-14 1 
    0.542090 2.087201e-02 2.130800e-14 1 
    0.542365 2.039312e-02 2.079800e-14 1 
    0.542640 2.037749e-02 2.076100e-14 1 
    0.542915 2.188470e-02 2.227400e-14 1 
    0.543190 2.198753e-02 2.235600e-14 1 
    0.543465 2.235536e-02 2.270700e-14 1 
    0.543740 2.262732e-02 2.296000e-14 1 
    0.544015 2.318293e-02 2.350000e-14 1 
    0.544290 2.403292e-02 2.433700e-14 1 
    0.544565 2.334549e-02 2.361700e-14 1 
    0.544840 2.348880e-02 2.373800e-14 1 
    0.545115 2.368090e-02 2.390800e-14 1 
    0.545390 2.215905e-02 2.234900e-14 1 
    0.545665 2.388056e-02 2.406100e-14 1 
    0.545940 2.336120e-02 2.351400e-14 1 
    0.546215 2.390387e-02 2.403600e-14 1 
    0.546490 2.426542e-02 2.437500e-14 1 
    0.546765 2.282000e-02 2.290000e-14 1 
    0.547040 2.297264e-02 2.303000e-14 1 
    0.547315 2.454743e-02 2.458400e-14 1 
    0.547590 2.433521e-02 2.434700e-14 1 
    0.547865 2.171829e-02 2.170700e-14 1 
    0.548140 2.331951e-02 2.328400e-14 1 
    0.548415 2.215992e-02 2.210400e-14 1 
    0.548690 2.287058e-02 2.279000e-14 1 
    0.548965 2.300401e-02 2.290000e-14 1 
    0.549240 2.377318e-02 2.364200e-14 1 
    0.549515 2.356750e-02 2.341400e-14 1 
    0.549790 2.381981e-02 2.364100e-14 1 
    0.550065 2.370043e-02 2.349900e-14 1 
    0.550340 2.299218e-02 2.277400e-14 1 
    0.550615 2.335675e-02 2.311200e-14 1 
    0.550890 2.327690e-02 2.301000e-14 1 
    0.551165 2.366772e-02 2.337300e-14 1 
    0.551440 2.478808e-02 2.445500e-14 1 
    0.551715 2.440391e-02 2.405200e-14 1 
    0.551990 2.520826e-02 2.482000e-14 1 
    0.552265 2.390462e-02 2.351300e-14 1 
    0.552540 2.251692e-02 2.212600e-14 1 
    0.552815 2.372713e-02 2.329200e-14 1 
    0.553090 2.356209e-02 2.310700e-14 1 
    0.553365 2.347325e-02 2.299700e-14 1 
    0.553640 2.449890e-02 2.397800e-14 1 
    0.553915 2.414688e-02 2.361000e-14 1 
    0.554190 2.473085e-02 2.415700e-14 1 
    0.554465 2.457504e-02 2.398100e-14 1 
    0.554740 2.420963e-02 2.360100e-14 1 
    0.555015 2.339884e-02 2.278800e-14 1 
    0.555290 2.299652e-02 2.237400e-14 1 
    0.555565 2.226619e-02 2.164200e-14 1 
    0.555840 2.326866e-02 2.259400e-14 1 
    0.556115 2.313706e-02 2.244400e-14 1 
    0.556390 2.228077e-02 2.159200e-14 1 
    0.556665 2.288847e-02 2.215900e-14 1 
    0.556940 2.165485e-02 2.094400e-14 1 
    0.557215 2.338807e-02 2.259800e-14 1 
    0.557490 2.406694e-02 2.323100e-14 1 
    0.557765 2.356596e-02 2.272500e-14 1 
    0.558040 2.359128e-02 2.272700e-14 1 
    0.558315 2.426394e-02 2.335200e-14 1 
    0.558590 2.530193e-02 2.432700e-14 1 
    0.558865 2.517276e-02 2.417900e-14 1 
    0.559140 2.435029e-02 2.336600e-14 1 
    0.559415 2.385059e-02 2.286400e-14 1 
    0.559690 2.423742e-02 2.321200e-14 1 
    0.559965 2.421003e-02 2.316300e-14 1 
    0.560240 2.524656e-02 2.413100e-14 1 
    0.560515 2.554469e-02 2.439200e-14 1 
    0.560790 2.430343e-02 2.318400e-14 1 
    0.561065 2.384879e-02 2.272800e-14 1 
    0.561340 2.417782e-02 2.301900e-14 1 
    0.561615 2.451167e-02 2.331400e-14 1 
    0.561890 2.463250e-02 2.340600e-14 1 
    0.562165 2.349363e-02 2.230200e-14 1 
    0.562440 2.363894e-02 2.241800e-14 1 
    0.562715 2.402304e-02 2.276000e-14 1 
    0.562990 2.443005e-02 2.312300e-14 1 
    0.563265 2.462419e-02 2.328400e-14 1 
    0.563540 2.484937e-02 2.347400e-14 1 
    0.563815 2.374195e-02 2.240600e-14 1 
    0.564090 2.384466e-02 2.248100e-14 1 
    0.564365 2.495828e-02 2.350800e-14 1 
    0.564640 2.389224e-02 2.248200e-14 1 
    0.564915 2.407190e-02 2.262900e-14 1 
    0.565190 2.522190e-02 2.368700e-14 1 
    0.565465 2.431171e-02 2.281000e-14 1 
    0.565740 2.569456e-02 2.408400e-14 1 
    0.566015 2.485667e-02 2.327600e-14 1 
    0.566290 2.498238e-02 2.337100e-14 1 
    0.566565 2.532658e-02 2.367000e-14 1 
    0.566840 2.450934e-02 2.288400e-14 1 
    0.567115 2.471431e-02 2.305300e-14 1 
    0.567390 2.550984e-02 2.377200e-14 1 
    0.567665 2.517367e-02 2.343600e-14 1 
    0.567940 2.575608e-02 2.395500e-14 1 
    0.568215 2.493942e-02 2.317300e-14 1 
    0.568490 2.421594e-02 2.247900e-14 1 
    0.568765 2.409812e-02 2.234800e-14 1 
    0.569040 2.581709e-02 2.391900e-14 1 
    0.569315 2.611431e-02 2.417100e-14 1 
    0.569590 2.576861e-02 2.382800e-14 1 
    0.569865 2.465689e-02 2.277800e-14 1 
    0.570140 2.563095e-02 2.365500e-14 1 
    0.570415 2.579451e-02 2.378300e-14 1 
    0.570690 2.527223e-02 2.327900e-14 1 
    0.570965 2.485866e-02 2.287600e-14 1 
    0.571240 2.545584e-02 2.340300e-14 1 
    0.571515 2.633722e-02 2.419000e-14 1 
    0.571790 2.582965e-02 2.370100e-14 1 
    0.572065 2.583159e-02 2.368000e-14 1 
    0.572340 2.681186e-02 2.455500e-14 1 
    0.572615 2.519928e-02 2.305600e-14 1 
    0.572890 2.464914e-02 2.253100e-14 1 
    0.573165 2.595622e-02 2.370300e-14 1 
    0.573440 2.516453e-02 2.295800e-14 1 
    0.573715 2.443931e-02 2.227500e-14 1 
    0.573990 2.499427e-02 2.275900e-14 1 
    0.574265 2.567559e-02 2.335700e-14 1 
    0.574540 2.464608e-02 2.239900e-14 1 
    0.574815 2.363439e-02 2.145900e-14 1 
    0.575090 2.282578e-02 2.070500e-14 1 
    0.575365 2.366750e-02 2.144800e-14 1 
    0.575640 2.395301e-02 2.168600e-14 1 
    0.575915 2.543086e-02 2.300200e-14 1 
    0.576190 2.432527e-02 2.198100e-14 1 
    0.576465 2.449360e-02 2.211200e-14 1 
    0.576740 2.434622e-02 2.195800e-14 1 
    0.577015 2.619511e-02 2.360300e-14 1 
    0.577290 2.625674e-02 2.363600e-14 1 
    0.577565 2.616945e-02 2.353500e-14 1 
    0.577840 2.625559e-02 2.359000e-14 1 
    0.578115 2.468749e-02 2.216000e-14 1 
    0.578390 2.492955e-02 2.235600e-14 1 
    0.578665 2.470100e-02 2.213000e-14 1 
    0.578940 2.440272e-02 2.184200e-14 1 
    0.579215 2.568064e-02 2.296400e-14 1 
    0.579490 2.605875e-02 2.328000e-14 1 
    0.579765 2.641289e-02 2.357400e-14 1 
    0.580040 2.558002e-02 2.280900e-14 1 
    0.580315 2.622056e-02 2.335800e-14 1 
    0.580590 2.554428e-02 2.273400e-14 1 
    0.580865 2.499040e-02 2.222000e-14 1 
    0.581140 2.600810e-02 2.310300e-14 1 
    0.581415 2.578708e-02 2.288500e-14 1 
    0.581690 2.623105e-02 2.325700e-14 1 
    0.581965 2.707660e-02 2.398400e-14 1 
    0.582240 2.581285e-02 2.284300e-14 1 
    0.582515 2.443357e-02 2.160200e-14 1 
    0.582790 2.659527e-02 2.349100e-14 1 
    0.583065 2.644699e-02 2.333800e-14 1 
    0.583340 2.687689e-02 2.369500e-14 1 
    0.583615 2.637316e-02 2.322900e-14 1 
    0.583890 2.542297e-02 2.237100e-14 1 
    0.584165 2.781860e-02 2.445600e-14 1 
    0.584440 2.739848e-02 2.406400e-14 1 
    0.584715 2.688522e-02 2.359100e-14 1 
    0.584990 2.599110e-02 2.278500e-14 1 
    0.585265 2.507357e-02 2.196000e-14 1 
    0.585540 2.563657e-02 2.243200e-14 1 
    0.585815 2.569040e-02 2.245800e-14 1 
    0.586090 2.647480e-02 2.312200e-14 1 
    0.586365 2.583951e-02 2.254600e-14 1 
    0.586640 2.635474e-02 2.297400e-14 1 
    0.586915 2.703509e-02 2.354500e-14 1 
    0.587190 2.666967e-02 2.320500e-14 1 
    0.587465 2.481723e-02 2.157300e-14 1 
    0.587740 2.441903e-02 2.120700e-14 1 
    0.588015 2.503429e-02 2.172100e-14 1 
    0.588290 2.588140e-02 2.243500e-14 1 
    0.588565 2.774619e-02 2.402900e-14 1 
    0.588840 2.603961e-02 2.253000e-14 1 
    0.589115 2.646306e-02 2.287500e-14 1 
    0.589390 2.829762e-02 2.443800e-14 1 
    0.589665 2.714995e-02 2.342500e-14 1 
    0.589940 2.624140e-02 2.262000e-14 1 
    0.590215 2.716578e-02 2.339500e-14 1 
    0.590490 2.744099e-02 2.361000e-14 1 
    0.590765 2.881022e-02 2.476500e-14 1 
    0.591040 2.795907e-02 2.401100e-14 1 
    0.591315 2.716108e-02 2.330400e-14 1 
    0.591590 2.752233e-02 2.359200e-14 1 
    0.591865 2.783867e-02 2.384100e-14 1 
    0.592140 2.658825e-02 2.274900e-14 1 
    0.592415 2.779217e-02 2.375700e-14 1 
    0.592690 2.672783e-02 2.282600e-14 1 
    0.592965 2.682296e-02 2.288600e-14 1 
    0.593240 2.729363e-02 2.326600e-14 1 
    0.593515 2.729076e-02 2.324200e-14 1 
    0.593790 2.720088e-02 2.314400e-14 1 
    0.594065 2.768722e-02 2.353600e-14 1 
    0.594340 2.689452e-02 2.284100e-14 1 
    0.594615 2.591292e-02 2.198700e-14 1 
    0.594890 2.666474e-02 2.260400e-14 1 
    0.595165 2.617932e-02 2.217200e-14 1 
    0.595440 2.501933e-02 2.117000e-14 1 
    0.595715 2.842559e-02 2.403000e-14 1 
    0.595990 2.766448e-02 2.336500e-14 1 
    0.596265 2.830034e-02 2.388000e-14 1 
    0.596540 2.864317e-02 2.414700e-14 1 
    0.596815 2.833595e-02 2.386600e-14 1 
    0.597090 2.863184e-02 2.409300e-14 1 
    0.597365 2.651834e-02 2.229400e-14 1 
    0.597640 2.652728e-02 2.228100e-14 1 
    0.597915 2.639797e-02 2.215200e-14 1 
    0.598190 2.753392e-02 2.308400e-14 1 
    0.598465 2.735032e-02 2.290900e-14 1 
    0.598740 2.796697e-02 2.340400e-14 1 
    0.599015 2.819001e-02 2.356900e-14 1 
    0.599290 2.705466e-02 2.259900e-14 1 
    0.599565 2.776610e-02 2.317200e-14 1 
    0.599840 2.839485e-02 2.367500e-14 1 
    0.600115 2.962015e-02 2.467400e-14 1 
    0.600390 3.032138e-02 2.523500e-14 1 
    0.600665 2.916815e-02 2.425300e-14 1 
    0.600940 2.815842e-02 2.339200e-14 1 
    0.601215 2.655040e-02 2.203600e-14 1 
    0.601490 2.738631e-02 2.270900e-14 1 
    0.601765 2.853152e-02 2.363700e-14 1 
    0.602040 2.803567e-02 2.320500e-14 1 
    0.602315 2.787144e-02 2.304800e-14 1 
    0.602590 2.753983e-02 2.275300e-14 1 
    0.602865 2.720637e-02 2.245700e-14 1 
    0.603140 2.663945e-02 2.196900e-14 1 
    0.603415 2.645499e-02 2.179700e-14 1 
    0.603690 2.818470e-02 2.320100e-14 1 
    0.603965 2.878794e-02 2.367600e-14 1 
    0.604240 2.979630e-02 2.448300e-14 1 
    0.604515 3.102450e-02 2.546900e-14 1 
    0.604790 3.115637e-02 2.555400e-14 1 
    0.605065 3.047325e-02 2.497100e-14 1 
    0.605340 3.025422e-02 2.476900e-14 1 
    0.605615 2.848087e-02 2.329600e-14 1 
    0.605890 2.703834e-02 2.209600e-14 1 
    0.606165 2.674812e-02 2.183900e-14 1 
    0.606440 2.556856e-02 2.085700e-14 1 
    0.606715 2.629974e-02 2.143400e-14 1 
    0.606990 2.572549e-02 2.094700e-14 1 
    0.607265 2.703090e-02 2.199000e-14 1 
    0.607540 2.674288e-02 2.173600e-14 1 
    0.607815 2.627820e-02 2.133900e-14 1 
    0.608090 2.581511e-02 2.094400e-14 1 
    0.608365 2.704872e-02 2.192500e-14 1 
    0.608640 2.776344e-02 2.248400e-14 1 
    0.608915 2.846706e-02 2.303300e-14 1 
    0.609190 2.867709e-02 2.318200e-14 1 
    0.609465 2.718253e-02 2.195400e-14 1 
    0.609740 2.746360e-02 2.216100e-14 1 
    0.610015 2.638691e-02 2.127300e-14 1 
    0.610290 2.727480e-02 2.196900e-14 1 
    0.610565 2.738264e-02 2.203600e-14 1 
    0.610840 2.616605e-02 2.103800e-14 1 
    0.611115 2.741457e-02 2.202200e-14 1 
    0.611390 2.766352e-02 2.220200e-14 1 
    0.611665 2.862126e-02 2.295000e-14 1 
    0.611940 2.717533e-02 2.177100e-14 1 
    0.612215 2.781819e-02 2.226600e-14 1 
    0.612490 2.751431e-02 2.200300e-14 1 
    0.612765 2.843517e-02 2.271900e-14 1 
    0.613040 2.715035e-02 2.167300e-14 1 
    0.613315 2.724367e-02 2.172800e-14 1 
    0.613590 2.889330e-02 2.302300e-14 1 
    0.613865 2.826981e-02 2.250600e-14 1 
    0.614140 2.885083e-02 2.294800e-14 1 
    0.614415 2.876846e-02 2.286200e-14 1 
    0.614690 2.769847e-02 2.199200e-14 1 
    0.614965 2.859560e-02 2.268400e-14 1 
    0.615240 2.840164e-02 2.251000e-14 1 
    0.615515 2.796861e-02 2.214700e-14 1 
    0.615790 2.826663e-02 2.236300e-14 1 
    0.616065 2.839309e-02 2.244300e-14 1 
    0.616340 2.805377e-02 2.215500e-14 1 
    0.616615 2.759720e-02 2.177500e-14 1 
    0.616890 2.699011e-02 2.127700e-14 1 
    0.617165 2.803751e-02 2.208300e-14 1 
    0.617440 2.811079e-02 2.212100e-14 1 
    0.617715 2.814346e-02 2.212700e-14 1 
    0.617990 2.745181e-02 2.156400e-14 1 
    0.618265 2.897085e-02 2.273700e-14 1 
    0.618540 2.728134e-02 2.139200e-14 1 
    0.618815 2.743835e-02 2.149600e-14 1 
    0.619090 2.734649e-02 2.140500e-14 1 
    0.619365 2.785798e-02 2.178600e-14 1 
    0.619640 2.804398e-02 2.191200e-14 1 
    0.619915 2.741430e-02 2.140100e-14 1 
    0.620190 2.804507e-02 2.187400e-14 1 
    0.620465 2.900928e-02 2.260600e-14 1 
    0.620740 2.967720e-02 2.310600e-14 1 
    0.621015 2.843983e-02 2.212300e-14 1 
    0.621290 2.942745e-02 2.287100e-14 1 
    0.621565 2.915216e-02 2.263700e-14 1 
    0.621840 2.852059e-02 2.212700e-14 1 
    0.622115 3.031454e-02 2.349800e-14 1 
    0.622390 3.026000e-02 2.343500e-14 1 
    0.622665 3.019240e-02 2.336200e-14 1 
    0.622940 2.957232e-02 2.286200e-14 1 
    0.623215 3.045161e-02 2.352100e-14 1 
    0.623490 3.104735e-02 2.396000e-14 1 
    0.623765 2.951582e-02 2.275800e-14 1 
    0.624040 2.938997e-02 2.264100e-14 1 
    0.624315 2.816212e-02 2.167600e-14 1 
    0.624590 2.969407e-02 2.283500e-14 1 
    0.624865 2.918530e-02 2.242400e-14 1 
    0.625140 2.908855e-02 2.233000e-14 1 
    0.625415 3.233326e-02 2.479900e-14 1 
    0.625690 3.167138e-02 2.427000e-14 1 
    0.625965 3.056160e-02 2.339900e-14 1 
    0.626240 3.029433e-02 2.317400e-14 1 
    0.626515 2.956468e-02 2.259600e-14 1 
    0.626790 2.868051e-02 2.190100e-14 1 
    0.627065 2.771216e-02 2.114300e-14 1 
    0.627340 2.884237e-02 2.198600e-14 1 
    0.627615 3.043932e-02 2.318300e-14 1 
    0.627890 3.110337e-02 2.366800e-14 1 
    0.628165 2.778317e-02 2.112300e-14 1 
    0.628440 2.786674e-02 2.116800e-14 1 
    0.628715 2.923114e-02 2.218500e-14 1 
    0.628990 2.955081e-02 2.240800e-14 1 
    0.629265 2.957533e-02 2.240700e-14 1 
    0.629540 2.846110e-02 2.154400e-14 1 
    0.629815 3.046137e-02 2.303800e-14 1 
    0.630090 2.970719e-02 2.244800e-14 1 
    0.630365 2.895695e-02 2.186200e-14 1 
    0.630640 2.805424e-02 2.116200e-14 1 
    0.630915 3.040732e-02 2.291700e-14 1 
    0.631190 2.946705e-02 2.218900e-14 1 
    0.631465 2.957514e-02 2.225100e-14 1 
    0.631740 2.839697e-02 2.134600e-14 1 
    0.632015 2.925387e-02 2.197100e-14 1 
    0.632290 2.933397e-02 2.201200e-14 1 
    0.632565 2.981832e-02 2.235600e-14 1 
    0.632840 2.891112e-02 2.165700e-14 1 
    0.633115 2.755070e-02 2.062000e-14 1 
    0.633390 2.886243e-02 2.158300e-14 1 
    0.633665 3.000777e-02 2.242000e-14 1 
    0.633940 2.892330e-02 2.159100e-14 1 
    0.634215 2.924202e-02 2.181000e-14 1 
    0.634490 2.835622e-02 2.113100e-14 1 
    0.634765 2.743796e-02 2.042900e-14 1 
    0.635040 2.787577e-02 2.073700e-14 1 
    0.635315 2.812191e-02 2.090200e-14 1 
    0.635590 2.780288e-02 2.064700e-14 1 
    0.635865 2.890919e-02 2.145000e-14 1 
    0.636140 2.963024e-02 2.196600e-14 1 
    0.636415 2.802631e-02 2.075900e-14 1 
    0.636690 2.891669e-02 2.140000e-14 1 
    0.636965 2.850349e-02 2.107600e-14 1 
    0.637240 2.943095e-02 2.174300e-14 1 
    0.637515 2.768705e-02 2.043700e-14 1 
    0.637790 2.905466e-02 2.142800e-14 1 
    0.638065 2.834282e-02 2.088500e-14 1 
    0.638340 3.003384e-02 2.211200e-14 1 
    0.638615 3.094471e-02 2.276300e-14 1 
    0.638890 2.987608e-02 2.195800e-14 1 
    0.639165 2.983917e-02 2.191200e-14 1 
    0.639440 2.995617e-02 2.197900e-14 1 
    0.639715 2.910209e-02 2.133400e-14 1 
    0.639990 2.732220e-02 2.001200e-14 1 
    0.640265 2.808767e-02 2.055500e-14 1 
    0.640540 2.892008e-02 2.114600e-14 1 
    0.640815 2.827694e-02 2.065800e-14 1 
    0.641090 2.805187e-02 2.047600e-14 1 
    0.641365 2.904399e-02 2.118200e-14 1 
    0.641640 2.980859e-02 2.172100e-14 1 
    0.641915 2.931495e-02 2.134300e-14 1 
    0.642190 2.878745e-02 2.094100e-14 1 
    0.642465 2.960874e-02 2.152000e-14 1 
    0.642740 2.958727e-02 2.148600e-14 1 
    0.643015 2.936314e-02 2.130500e-14 1 
    0.643290 2.872063e-02 2.082100e-14 1 
    0.643565 2.819295e-02 2.042100e-14 1 
    0.643840 2.766849e-02 2.002400e-14 1 
    0.644115 2.711129e-02 1.960400e-14 1 
    0.644390 2.947778e-02 2.129700e-14 1 
    0.644665 3.007923e-02 2.171300e-14 1 
    0.644940 2.967232e-02 2.140100e-14 1 
    0.645215 3.039007e-02 2.190000e-14 1 
    0.645490 3.032154e-02 2.183200e-14 1 
    0.645765 3.247832e-02 2.336500e-14 1 
    0.646040 3.123440e-02 2.245100e-14 1 
    0.646315 3.111898e-02 2.234900e-14 1 
    0.646590 3.032045e-02 2.175700e-14 1 
    0.646865 2.975208e-02 2.133100e-14 1 
    0.647140 3.038183e-02 2.176400e-14 1 
    0.647415 2.923544e-02 2.092500e-14 1 
    0.647690 3.066003e-02 2.192600e-14 1 
    0.647965 3.209399e-02 2.293200e-14 1 
    0.648240 3.466634e-02 2.474900e-14 1 
    0.648515 3.535045e-02 2.521600e-14 1 
    0.648790 3.439126e-02 2.451100e-14 1 
    0.649065 3.391347e-02 2.415000e-14 1 
    0.649340 3.399141e-02 2.418500e-14 1 
    0.649615 3.170905e-02 2.254200e-14 1 
    0.649890 3.097425e-02 2.200100e-14 1 
    0.650165 2.980419e-02 2.115200e-14 1 
    0.650440 2.846007e-02 2.018100e-14 1 
    0.650715 3.035570e-02 2.150700e-14 1 
    0.650990 2.883171e-02 2.041000e-14 1 
    0.651265 2.937353e-02 2.077600e-14 1 
    0.651540 3.230903e-02 2.283300e-14 1 
    0.651815 2.942741e-02 2.077900e-14 1 
    0.652090 3.166198e-02 2.233800e-14 1 
    0.652365 3.010412e-02 2.122100e-14 1 
    0.652640 3.234864e-02 2.278400e-14 1 
    0.652915 3.149916e-02 2.216700e-14 1 
    0.653190 3.090847e-02 2.173300e-14 1 
    0.653465 2.868412e-02 2.015200e-14 1 
    0.653740 2.846751e-02 1.998300e-14 1 
    0.654015 3.030507e-02 2.125500e-14 1 
    0.654290 3.134372e-02 2.196500e-14 1 
    0.654565 3.069311e-02 2.149100e-14 1 
    0.654840 2.997277e-02 2.096900e-14 1 
    0.655115 3.350574e-02 2.342100e-14 1 
    0.655390 3.026797e-02 2.114000e-14 1 
    0.655665 2.974024e-02 2.075400e-14 1 
    0.655940 2.911408e-02 2.030000e-14 1 
    0.656215 3.126718e-02 2.178300e-14 1 
    0.656490 2.924193e-02 2.035500e-14 1 
    0.656765 3.016794e-02 2.098200e-14 1 
    0.657040 3.237474e-02 2.249800e-14 1 
    0.657315 3.133177e-02 2.175500e-14 1 
    0.657590 2.966865e-02 2.058300e-14 1 
    0.657865 2.796810e-02 1.938700e-14 1 
    0.658140 2.941654e-02 2.037400e-14 1 
    0.658415 2.794118e-02 1.933600e-14 1 
    0.658690 3.034360e-02 2.098100e-14 1 
    0.658965 3.066277e-02 2.118400e-14 1 
    0.659240 2.950626e-02 2.036800e-14 1 
    0.659515 3.205510e-02 2.210900e-14 1 
    0.659790 3.251716e-02 2.240900e-14 1 
    0.660065 3.161191e-02 2.176700e-14 1 
    0.660340 3.157866e-02 2.172600e-14 1 
    0.660615 3.178535e-02 2.185000e-14 1 
    0.660890 3.118869e-02 2.142200e-14 1 
    0.661165 3.057497e-02 2.098300e-14 1 
    0.661440 3.114437e-02 2.135600e-14 1 
    0.661715 3.062002e-02 2.097900e-14 1 
    0.661990 3.019848e-02 2.067300e-14 1 
    0.662265 3.079082e-02 2.106100e-14 1 
    0.662540 3.195623e-02 2.184000e-14 1 
    0.662815 3.205452e-02 2.188900e-14 1 
    0.663090 3.077232e-02 2.099600e-14 1 
    0.663365 3.102814e-02 2.115300e-14 1 
    0.663640 3.212262e-02 2.188100e-14 1 
    0.663915 3.239756e-02 2.205000e-14 1 
    0.664190 3.148182e-02 2.140900e-14 1 
    0.664465 3.073377e-02 2.088300e-14 1 
    0.664740 3.252378e-02 2.208100e-14 1 
    0.665015 3.270549e-02 2.218600e-14 1 
    0.665290 3.131766e-02 2.122700e-14 1 
    0.665565 3.224280e-02 2.183600e-14 1 
    0.665840 3.373248e-02 2.282600e-14 1 
    0.666115 3.396742e-02 2.296600e-14 1 
    0.666390 3.375715e-02 2.280500e-14 1 
    0.666665 3.264280e-02 2.203400e-14 1 
    0.666940 3.238654e-02 2.184300e-14 1 
    0.667215 3.231680e-02 2.177800e-14 1 
    0.667490 3.344988e-02 2.252300e-14 1 
    0.667765 3.312963e-02 2.228900e-14 1 
    0.668040 3.315246e-02 2.228600e-14 1 
    0.668315 3.099418e-02 2.081800e-14 1 
    0.668590 3.090645e-02 2.074200e-14 1 
    0.668865 3.262298e-02 2.187600e-14 1 
    0.669140 3.302293e-02 2.212600e-14 1 
    0.669415 3.176399e-02 2.126500e-14 1 
    0.669690 3.276330e-02 2.191600e-14 1 
    0.669965 3.433128e-02 2.294600e-14 1 
    0.670240 3.225861e-02 2.154300e-14 1 
    0.670515 3.314530e-02 2.211700e-14 1 
    0.670790 3.421640e-02 2.281300e-14 1 
    0.671065 3.490494e-02 2.325300e-14 1 
    0.671340 3.406972e-02 2.267800e-14 1 
    0.671615 3.559969e-02 2.367700e-14 1 
    0.671890 3.603062e-02 2.394400e-14 1 
    0.672165 3.693211e-02 2.452300e-14 1 
    0.672440 3.555456e-02 2.358900e-14 1 
    0.672715 3.856291e-02 2.556400e-14 1 
    0.672990 4.075183e-02 2.699300e-14 1 
    0.673265 4.345953e-02 2.876300e-14 1 
    0.673540 4.892227e-02 3.235200e-14 1 
    0.673815 5.917935e-02 3.910300e-14 1 
    0.674090 5.735100e-02 3.786400e-14 1 
    0.674365 5.717193e-02 3.771500e-14 1 
    0.674640 6.552638e-02 4.319100e-14 1 
    0.674915 8.802432e-02 5.797300e-14 1 
    0.675190 1.214332e-01 7.991100e-14 1 
    0.675465 1.387344e-01 9.122200e-14 1 
    0.675740 1.158593e-01 7.611900e-14 1 
    0.676015 7.857746e-02 5.158300e-14 1 
    0.676290 5.554889e-02 3.643600e-14 1 
    0.676565 4.920249e-02 3.224700e-14 1 
    0.676840 5.364801e-02 3.513200e-14 1 
    0.677115 7.075183e-02 4.629500e-14 1 
    0.677390 8.778550e-02 5.739400e-14 1 
    0.677665 9.049889e-02 5.912000e-14 1 
    0.677940 7.835152e-02 5.114300e-14 1 
    0.678215 5.819611e-02 3.795600e-14 1 
    0.678490 4.873558e-02 3.176000e-14 1 
    0.678765 4.078157e-02 2.655500e-14 1 
    0.679040 3.749627e-02 2.439600e-14 1 
    0.679315 3.560386e-02 2.314600e-14 1 
    0.679590 3.292629e-02 2.138800e-14 1 
    0.679865 3.649353e-02 2.368600e-14 1 
    0.680140 3.393717e-02 2.200900e-14 1 
    0.680415 3.538438e-02 2.292900e-14 1 
    0.680690 3.805402e-02 2.463900e-14 1 
    0.680965 3.609854e-02 2.335400e-14 1 
    0.681240 3.612925e-02 2.335500e-14 1 
    0.681515 3.446158e-02 2.225900e-14 1 
    0.681790 3.417951e-02 2.205900e-14 1 
    0.682065 3.340072e-02 2.153900e-14 1 
    0.682340 3.507118e-02 2.259800e-14 1 
    0.682615 3.610593e-02 2.324600e-14 1 
    0.682890 3.715321e-02 2.390100e-14 1 
    0.683912 3.258402e-02 2.089900e-14 0 
    0.685488 3.251038e-02 2.075600e-14 0 
    0.687068 3.273753e-02 2.080500e-14 0 
    0.688652 3.258830e-02 2.061500e-14 0 
    0.690240 3.274035e-02 2.061600e-14 0 
    0.691831 3.112372e-02 1.950800e-14 0 
    0.693426 3.259291e-02 2.033500e-14 0 
    0.695024 3.192533e-02 1.982700e-14 0 
    0.696626 3.297368e-02 2.038400e-14 0 
    0.698233 3.350952e-02 2.062000e-14 0 
    0.699842 3.252295e-02 1.992100e-14 0 
    0.701455 3.305354e-02 2.015300e-14 0 
    0.703072 3.343679e-02 2.029300e-14 0 
    0.704693 3.208151e-02 1.938100e-14 0 
    0.706318 3.237931e-02 1.947100e-14 0 
    0.707946 3.275594e-02 1.960700e-14 0 
    0.709578 3.328980e-02 1.983500e-14 0 
    0.711214 3.336762e-02 1.979000e-14 0 
    0.712853 3.314046e-02 1.956500e-14 0 
    0.714496 3.422763e-02 2.011400e-14 0 
    0.716143 3.375821e-02 1.974700e-14 0 
    0.717794 3.510765e-02 2.044200e-14 0 
    0.719449 3.519037e-02 2.039600e-14 0 
    0.721108 3.431285e-02 1.979600e-14 0 
    0.722770 3.368761e-02 1.934600e-14 0 
    0.724436 3.527756e-02 2.016600e-14 0 
    0.726106 3.668642e-02 2.087500e-14 0 
    0.727780 3.346062e-02 1.895200e-14 0 
    0.729457 3.455861e-02 1.948400e-14 0 
    0.731139 3.385039e-02 1.899700e-14 0 
    0.732825 3.385274e-02 1.891100e-14 0 
    0.734514 3.225556e-02 1.793600e-14 0 
    0.736207 3.270613e-02 1.810300e-14 0 
    0.737904 3.248319e-02 1.789700e-14 0 
    0.739605 3.270971e-02 1.793900e-14 0 
    0.741310 3.339558e-02 1.823100e-14 0 
    0.743019 3.441282e-02 1.870000e-14 0 
    0.744732 3.521504e-02 1.904800e-14 0 
    0.746449 3.578992e-02 1.927000e-14 0 
    0.748170 3.505580e-02 1.878800e-14 0 
    0.749894 3.521942e-02 1.878900e-14 0 
    0.751623 3.671150e-02 1.949500e-14 0 
    0.753356 3.679774e-02 1.945100e-14 0 
    0.755092 3.680028e-02 1.936300e-14 0 
    0.756833 3.765944e-02 1.972400e-14 0 
    0.758578 3.731540e-02 1.945400e-14 0 
    0.760326 3.783635e-02 1.963500e-14 0 
    0.762079 3.775162e-02 1.950100e-14 0 
    0.763836 3.714992e-02 1.910200e-14 0 
    0.765597 3.881216e-02 1.986500e-14 0 
    0.767361 3.890485e-02 1.982100e-14 0 
    0.769130 3.935655e-02 1.995900e-14 0 
    0.770904 3.917778e-02 1.977700e-14 0 
    0.772681 3.972478e-02 1.996100e-14 0 
    0.774462 4.027999e-02 2.014700e-14 0 
    0.776247 4.046789e-02 2.014800e-14 0 
    0.778037 4.009783e-02 1.987200e-14 0 
    0.779830 3.936862e-02 1.942100e-14 0 
    0.781628 3.900867e-02 1.915500e-14 0 
    0.783430 3.865272e-02 1.889300e-14 0 
    0.785236 3.901406e-02 1.898200e-14 0 
    0.787046 3.928497e-02 1.902600e-14 0 
    0.788860 3.769272e-02 1.817100e-14 0 
    0.790679 3.848359e-02 1.846700e-14 0 
    0.792501 3.795772e-02 1.813100e-14 0 
    0.794328 3.769757e-02 1.792400e-14 0 
    0.796159 3.857728e-02 1.825800e-14 0 
    0.797995 3.675799e-02 1.731700e-14 0 
    0.799834 3.866981e-02 1.813400e-14 0 
    0.801678 3.876263e-02 1.809400e-14 0 
    0.803526 3.867467e-02 1.797000e-14 0 
    0.805378 3.994286e-02 1.847400e-14 0 
    0.807235 3.921717e-02 1.805500e-14 0 
    0.809096 3.976480e-02 1.822300e-14 0 
    0.810961 3.949235e-02 1.801500e-14 0 
    0.812831 4.022967e-02 1.826700e-14 0 
    0.814704 3.895505e-02 1.760700e-14 0 
    0.816582 3.913708e-02 1.760800e-14 0 
    0.818465 3.824820e-02 1.712900e-14 0 
    0.820352 3.968547e-02 1.769100e-14 0 
    0.822243 4.079938e-02 1.810400e-14 0 
    0.824138 4.005716e-02 1.769300e-14 0 
    0.826038 4.175458e-02 1.835800e-14 0 
    0.827942 4.263049e-02 1.865700e-14 0 
    0.829851 4.253348e-02 1.852900e-14 0 
    0.831764 4.137612e-02 1.794200e-14 0 
    0.833681 4.015848e-02 1.733400e-14 0 
    0.835603 4.234547e-02 1.819400e-14 0 
    0.837529 4.205690e-02 1.798700e-14 0 
    0.839460 4.157689e-02 1.770000e-14 0 
    0.841395 4.148325e-02 1.757900e-14 0 
    0.843335 4.026182e-02 1.698300e-14 0 
    0.845279 4.304365e-02 1.807300e-14 0 
    0.847227 4.206749e-02 1.758200e-14 0 
    0.849180 4.344667e-02 1.807500e-14 0 
    0.851138 4.446104e-02 1.841200e-14 0 
    0.853100 4.256055e-02 1.754400e-14 0 
    0.855067 4.295688e-02 1.762600e-14 0 
    0.857038 4.188444e-02 1.710700e-14 0 
    0.859014 4.246889e-02 1.726600e-14 0 
    0.860994 4.366320e-02 1.767000e-14 0 
    0.862979 4.247459e-02 1.711000e-14 0 
    0.864968 4.287012e-02 1.719000e-14 0 
    0.866962 4.407268e-02 1.759100e-14 0 
    0.868960 4.066419e-02 1.615600e-14 0 
    0.870964 4.277876e-02 1.691800e-14 0 
    0.872971 4.408115e-02 1.735300e-14 0 
    0.874984 4.057664e-02 1.590000e-14 0 
    0.877001 4.142794e-02 1.615900e-14 0 
    0.879023 4.268808e-02 1.657400e-14 0 
    0.881049 4.378553e-02 1.692200e-14 0 
    0.883080 4.419558e-02 1.700200e-14 0 
    0.885116 4.338899e-02 1.661500e-14 0 
    0.887156 4.319307e-02 1.646400e-14 0 
    0.889201 4.450728e-02 1.688700e-14 0 
    0.891251 4.309761e-02 1.627700e-14 0 
    0.893305 4.231495e-02 1.590800e-14 0 
    0.895365 4.340288e-02 1.624200e-14 0 
    0.897429 4.411060e-02 1.643100e-14 0 
    0.899498 4.513951e-02 1.673700e-14 0 
    0.901571 4.351080e-02 1.605900e-14 0 
    0.903650 4.432142e-02 1.628300e-14 0 
    0.905733 4.535728e-02 1.658700e-14 0 
    0.907820 4.684396e-02 1.705200e-14 0 
    0.909913 4.641717e-02 1.681900e-14 0 
    0.912011 4.599378e-02 1.658900e-14 0 
    0.914113 4.362402e-02 1.566200e-14 0 
    0.916220 4.557703e-02 1.628800e-14 0 
    0.918333 4.610796e-02 1.640200e-14 0 
    0.920450 4.696751e-02 1.663100e-14 0 
    0.922571 4.600681e-02 1.621600e-14 0 
    0.924698 4.548384e-02 1.595800e-14 0 
    0.926830 4.496651e-02 1.570400e-14 0 
    0.928966 4.324095e-02 1.503200e-14 0 
    0.931108 4.919721e-02 1.702400e-14 0 
    0.933254 4.709297e-02 1.622100e-14 0 
    0.935406 4.487211e-02 1.538500e-14 0 
    0.937562 4.753461e-02 1.622300e-14 0 
    0.939723 4.931998e-02 1.675500e-14 0 
    0.941890 4.699565e-02 1.589200e-14 0 
    0.944061 4.743239e-02 1.596600e-14 0 
    0.946237 4.743641e-02 1.589400e-14 0 
    0.948418 4.678882e-02 1.560500e-14 0 
    0.950605 4.366737e-02 1.449700e-14 0 
    0.952796 4.744571e-02 1.567900e-14 0 
    0.954993 4.934286e-02 1.623100e-14 0 
    0.957194 4.690743e-02 1.535900e-14 0 
    0.959401 4.980556e-02 1.623300e-14 0 
    0.961612 4.992134e-02 1.619600e-14 0 
    0.963829 4.935289e-02 1.593800e-14 0 
    0.966051 5.027442e-02 1.616100e-14 0 
    0.968278 4.935953e-02 1.579400e-14 0 
    0.970510 5.133298e-02 1.635000e-14 0 
    0.972747 5.086653e-02 1.612700e-14 0 
    0.974990 5.241322e-02 1.654100e-14 0 
    0.977237 5.278242e-02 1.658100e-14 0 
    0.979490 5.122880e-02 1.601900e-14 0 
    0.981748 4.937697e-02 1.536900e-14 0 
    0.984011 5.182868e-02 1.605800e-14 0 
    0.986279 5.316059e-02 1.639500e-14 0 
    0.988553 5.267634e-02 1.617100e-14 0 
    0.990832 5.328929e-02 1.628400e-14 0 
    0.993116 5.292704e-02 1.609900e-14 0 
    0.995405 5.304909e-02 1.606200e-14 0 
    0.997700 5.391779e-02 1.625000e-14 0 
    1.000000 5.305666e-02 1.591700e-14 0 
    1.002305 5.233376e-02 1.562800e-14 0 
    1.004615 5.294196e-02 1.573700e-14 0 
    1.006931 5.270304e-02 1.559400e-14 0 
    1.009253 5.418229e-02 1.595800e-14 0 
    1.011580 5.381162e-02 1.577600e-14 0 
    1.013912 5.431360e-02 1.585000e-14 0 
    1.016249 5.419247e-02 1.574200e-14 0 
    1.018591 5.444599e-02 1.574300e-14 0 
    1.020939 5.507947e-02 1.585300e-14 0 
    1.023294 5.559217e-02 1.592700e-14 0 
    1.025652 5.585217e-02 1.592800e-14 0 
    1.028017 5.598674e-02 1.589300e-14 0 
    1.030386 5.650697e-02 1.596700e-14 0 
    1.037528 5.638880e-02 1.571500e-14 0 
    1.042318 5.932614e-02 1.638200e-14 0 
    1.047129 5.960826e-02 1.630900e-14 0 
    1.051962 6.128484e-02 1.661400e-14 0 
    1.056818 6.257790e-02 1.680900e-14 0 
    1.059254 6.301633e-02 1.684900e-14 0 
    1.081434 6.274365e-02 1.609500e-14 0 
    1.101539 6.117498e-02 1.512500e-14 0 
    1.122019 6.217000e-02 1.481500e-14 0 
    1.142879 5.950921e-02 1.366800e-14 0 
    1.161449 6.216925e-02 1.382600e-14 0 
    1.183041 6.554728e-02 1.405000e-14 0 
    1.205036 6.646316e-02 1.373100e-14 0 
    1.224616 6.332167e-02 1.266700e-14 0 
    1.244514 6.630994e-02 1.284400e-14 0 
    1.264737 6.800795e-02 1.275500e-14 0 
    1.285287 6.707519e-02 1.218100e-14 0 
    1.306171 6.785091e-02 1.193100e-14 0 
    1.327395 6.895792e-02 1.174100e-14 0 
    1.348963 7.007669e-02 1.155300e-14 0 
    1.367729 6.911549e-02 1.108400e-14 0 
    1.389953 6.895843e-02 1.070800e-14 0 
    1.409289 6.943390e-02 1.048800e-14 0 
    1.428895 6.723113e-02 9.878500e-15 0 
    1.452112 6.464987e-02 9.197900e-15 0 
    1.472313 6.585201e-02 9.113600e-15 0 
    1.492794 6.879696e-02 9.261700e-15 0 
    1.513561 6.738585e-02 8.824500e-15 0 
    1.534617 7.121433e-02 9.071700e-15 0 
    1.552387 7.439940e-02 9.261700e-15 0 
    1.573983 7.862678e-02 9.521200e-15 0 
    1.595879 7.990424e-02 9.412200e-15 0 
    1.614359 7.935394e-02 9.134600e-15 0 
    1.636817 7.772629e-02 8.703400e-15 0 
    1.655770 7.880746e-02 8.623600e-15 0 
    1.678804 8.101535e-02 8.623600e-15 0 
    1.698244 8.252178e-02 8.584000e-15 0 
    1.717909 8.561857e-02 8.703400e-15 0 
    1.737800 8.801742e-02 8.743600e-15 0 
    1.757923 8.965353e-02 8.703400e-15 0 
    1.778279 8.862805e-02 8.408000e-15 0 
    1.798871 8.741129e-02 8.103800e-15 0 
    1.819702 8.463943e-02 7.668200e-15 0 
    1.840771 8.176527e-02 7.239200e-15 0 
    1.862087 7.808512e-02 6.756000e-15 0 
    1.883649 7.754800e-02 6.556800e-15 0 
    1.905462 7.613272e-02 6.290600e-15 0 
    1.923091 7.287336e-02 5.911400e-15 0 
    1.945360 7.320971e-02 5.803500e-15 0 
    1.963361 7.405815e-02 5.763600e-15 0 
    1.986094 7.422759e-02 5.645300e-15 0 
    2.004472 7.270539e-02 5.428600e-15 0 
    2.027683 7.137836e-02 5.208200e-15 0 
    2.046444 7.023721e-02 5.031400e-15 0 
    2.070141 7.105047e-02 4.973800e-15 0 
    2.089297 7.039988e-02 4.838300e-15 0 
    2.108628 7.170863e-02 4.838300e-15 0 
    2.128139 7.203940e-02 4.771900e-15 0 
    2.152783 7.287402e-02 4.717300e-15 0 
    2.172701 7.371735e-02 4.684800e-15 0 
    2.192805 7.388739e-02 4.609900e-15 0 
    2.213094 7.422756e-02 4.546600e-15 0 
    2.233572 7.337925e-02 4.412600e-15 0 
    2.254240 7.371705e-02 4.352000e-15 0 
    2.275097 7.304120e-02 4.233400e-15 0 
    2.296149 7.253807e-02 4.127500e-15 0 
    2.317393 7.405657e-02 4.137000e-15 0 
    2.333458 7.472573e-02 4.117100e-15 0 
    2.355050 7.038020e-02 3.806900e-15 0 
    2.376840 7.297289e-02 3.875100e-15 0 
    2.398834 6.693140e-02 3.489400e-15 0 
    2.415460 6.453870e-02 3.318500e-15 0 
    2.437811 6.837134e-02 3.451400e-15 0 
    2.460366 6.587311e-02 3.264600e-15 0 
    2.477422 6.478257e-02 3.166500e-15 0 
    2.500344 6.560346e-02 3.148100e-15 0 
    2.523480 6.226159e-02 2.933200e-15 0 
    2.540974 6.145559e-02 2.855500e-15 0 
    2.556690 5.297966e-02 2.431500e-15 2 
    2.566370 5.193920e-02 2.365800e-15 2 
    2.576040 4.851788e-02 2.193400e-15 2 
    2.585720 5.149740e-02 2.310700e-15 2 
    2.595400 4.869078e-02 2.168500e-15 2 
    2.605070 5.132999e-02 2.269100e-15 2 
    2.614750 5.227051e-02 2.293600e-15 2 
    2.624430 5.320467e-02 2.317400e-15 2 
    2.634100 5.285505e-02 2.285300e-15 2 
    2.643780 5.369856e-02 2.304800e-15 2 
    2.653460 5.407842e-02 2.304200e-15 2 
    2.663130 5.492720e-02 2.323400e-15 2 
    2.672810 5.426516e-02 2.278800e-15 2 
    2.682480 5.544526e-02 2.311600e-15 2 
    2.692160 5.435311e-02 2.249800e-15 2 
    2.701840 5.476415e-02 2.250600e-15 2 
    2.711510 5.259581e-02 2.146100e-15 2 
    2.721190 5.195754e-02 2.105000e-15 2 
    2.730870 5.250932e-02 2.112300e-15 2 
    2.740540 5.468439e-02 2.184300e-15 2 
    2.750220 5.232574e-02 2.075400e-15 2 
    2.759890 5.522066e-02 2.174900e-15 2 
    2.769570 5.496693e-02 2.149800e-15 2 
    2.779250 5.619635e-02 2.182600e-15 2 
    2.788920 5.480172e-02 2.113700e-15 2 
    2.798600 5.708863e-02 2.186700e-15 2 
    2.808270 5.898224e-02 2.243700e-15 2 
    2.817950 6.080038e-02 2.297000e-15 2 
    2.827630 5.705316e-02 2.140700e-15 2 
    2.837300 5.892799e-02 2.196000e-15 2 
    2.846980 5.876609e-02 2.175100e-15 2 
    2.856660 6.079849e-02 2.235100e-15 2 
    2.866330 6.154766e-02 2.247400e-15 2 
    2.876010 6.152568e-02 2.231500e-15 2 
    2.885680 6.005540e-02 2.163600e-15 2 
    2.895360 6.095079e-02 2.181200e-15 2 
    2.905040 5.898478e-02 2.096800e-15 2 
    2.914710 5.962732e-02 2.105600e-15 2 
    2.924390 5.762376e-02 2.021400e-15 2 
    2.934070 5.643907e-02 1.966800e-15 2 
    2.943740 5.826464e-02 2.017100e-15 2 
    2.953420 5.939570e-02 2.042800e-15 2 
    2.963090 5.767811e-02 1.970800e-15 2 
    2.972770 5.890984e-02 1.999800e-15 2 
    2.982450 5.932970e-02 2.001000e-15 2 
    2.992120 6.059839e-02 2.030600e-15 2 
    3.001800 6.068776e-02 2.020500e-15 2 
    3.011480 5.984641e-02 1.979700e-15 2 
    3.021150 5.993929e-02 1.970100e-15 2 
    3.030830 6.165597e-02 2.013600e-15 2 
    3.040500 5.979741e-02 1.940500e-15 2 
    3.050180 6.085484e-02 1.962300e-15 2 
    3.059860 5.796474e-02 1.857300e-15 2 
    3.069530 6.136558e-02 1.953900e-15 2 
    3.079210 5.947134e-02 1.881700e-15 2 
    3.088890 6.385635e-02 2.007800e-15 2 
    3.098560 6.586017e-02 2.057900e-15 2 
    3.108240 7.060373e-02 2.192400e-15 2 
    3.117910 6.664642e-02 2.056700e-15 2 
    3.127590 6.604032e-02 2.025400e-15 2 
    3.137270 6.611838e-02 2.015300e-15 2 
    3.146940 6.668176e-02 2.020000e-15 2 
    3.156620 6.575740e-02 1.979800e-15 2 
    3.166300 6.779547e-02 2.028700e-15 2 
    3.175970 6.676779e-02 1.985800e-15 2 
    3.185650 6.392118e-02 1.889600e-15 2 
    3.195320 6.254689e-02 1.837800e-15 2 
    3.205000 6.142671e-02 1.794000e-15 2 
    3.214680 6.332778e-02 1.838400e-15 2 
    3.224350 6.067012e-02 1.750700e-15 2 
    3.234030 6.299774e-02 1.807000e-15 2 
    3.243710 6.652492e-02 1.896800e-15 2 
    3.253380 6.425487e-02 1.821200e-15 2 
    3.263060 7.045491e-02 1.985100e-15 2 
    3.272730 7.245830e-02 2.029500e-15 2 
    3.282410 7.548775e-02 2.101900e-15 2 
    3.292090 7.667783e-02 2.122500e-15 2 
    3.301760 7.616962e-02 2.096100e-15 2 
    3.311440 7.913167e-02 2.164900e-15 2 
    3.321120 7.998470e-02 2.175500e-15 2 
    3.330790 7.639439e-02 2.065800e-15 2 
    3.340470 8.271974e-02 2.223900e-15 2 
    3.350140 8.203584e-02 2.192800e-15 2 
    3.359820 8.106193e-02 2.154300e-15 2 
    3.369500 8.381176e-02 2.214600e-15 2 
    3.379170 8.446860e-02 2.219200e-15 2 
    3.388850 8.085716e-02 2.112200e-15 2 
    3.398530 8.520824e-02 2.213200e-15 2 
    3.408200 7.812805e-02 2.017800e-15 2 
    3.417880 8.151244e-02 2.093300e-15 2 
    3.427550 7.928792e-02 2.024700e-15 2 
    3.437230 7.925200e-02 2.012400e-15 2 
    3.446910 8.298218e-02 2.095300e-15 2 
    3.456580 8.178369e-02 2.053500e-15 2 
    3.466260 7.764468e-02 1.938700e-15 2 
    3.475940 8.128876e-02 2.018400e-15 2 
    3.485610 8.387999e-02 2.071200e-15 2 
    3.495290 8.413476e-02 2.066000e-15 2 
    3.504960 8.117350e-02 1.982300e-15 2 
    3.514640 8.273834e-02 2.009400e-15 2 
    3.524320 7.868182e-02 1.900400e-15 2 
    3.533990 8.040473e-02 1.931400e-15 2 
    3.543670 7.727945e-02 1.846200e-15 2 
    3.553350 8.232345e-02 1.956000e-15 2 
    3.563020 8.008499e-02 1.892500e-15 2 
    3.572700 8.137593e-02 1.912600e-15 2 
    3.582370 8.279665e-02 1.935500e-15 2 
    3.592050 8.046630e-02 1.870900e-15 2 
    3.601730 7.741099e-02 1.790200e-15 2 
    3.611400 8.530040e-02 1.962100e-15 2 
    3.621080 7.933331e-02 1.815100e-15 2 
    3.630760 8.179691e-02 1.861500e-15 2 
    3.640430 8.356288e-02 1.891600e-15 2 
    3.650110 8.205824e-02 1.847700e-15 2 
    3.659780 8.435088e-02 1.889300e-15 2 
    3.669460 8.644490e-02 1.926000e-15 2 
    3.679140 8.542614e-02 1.893300e-15 2 
    3.688810 9.048414e-02 1.994900e-15 2 
    3.698490 8.521453e-02 1.868900e-15 2 
    3.717840 8.331181e-02 1.808200e-15 2 
    3.727520 8.537648e-02 1.843400e-15 2 
    3.737190 8.315241e-02 1.786100e-15 2 
    3.746870 8.570831e-02 1.831500e-15 2 
    3.756550 8.623639e-02 1.833300e-15 2 
    3.766220 8.809466e-02 1.863200e-15 2 
    3.775900 8.569660e-02 1.803200e-15 2 
    3.785580 8.691519e-02 1.819500e-15 2 
    3.795250 8.640913e-02 1.799700e-15 2 
    3.804930 8.941300e-02 1.852800e-15 2 
    3.814600 8.704997e-02 1.794700e-15 2 
    3.824280 8.616632e-02 1.767500e-15 2 
    3.833960 8.994961e-02 1.835800e-15 2 
    3.843630 9.425487e-02 1.914000e-15 2 
    3.853310 8.947899e-02 1.807900e-15 2 
    3.862990 8.600941e-02 1.729100e-15 2 
    3.872660 8.393599e-02 1.679000e-15 2 
    3.882340 9.022436e-02 1.795800e-15 2 
    3.892010 9.147217e-02 1.811600e-15 2 
    3.901690 8.778195e-02 1.729900e-15 2 
    3.911370 8.553057e-02 1.677200e-15 2 
    3.921040 8.823457e-02 1.721700e-15 2 
    3.930720 9.078749e-02 1.762800e-15 2 
    3.940400 8.826958e-02 1.705500e-15 2 
    3.950070 9.231286e-02 1.774900e-15 2 
    3.959750 9.456379e-02 1.809300e-15 2 
    3.969420 9.193273e-02 1.750400e-15 2 
    3.979100 9.170610e-02 1.737600e-15 2 
    3.988780 9.277865e-02 1.749400e-15 2 
    3.998450 9.655979e-02 1.811900e-15 2 
    4.008130 9.036086e-02 1.687400e-15 2 
    4.017810 9.370894e-02 1.741500e-15 2 
    4.027480 9.144090e-02 1.691200e-15 2 
    4.037160 9.556448e-02 1.759000e-15 2 
    4.046830 9.690718e-02 1.775200e-15 2 
    4.056510 9.606589e-02 1.751400e-15 2 
    4.066190 9.313545e-02 1.689900e-15 2 
    4.075860 9.437639e-02 1.704300e-15 2 
    4.085540 9.680592e-02 1.739900e-15 2 
    4.095220 9.698569e-02 1.734900e-15 2 
    4.104890 9.305198e-02 1.656700e-15 2 
    4.114570 9.978357e-02 1.768200e-15 2 
    4.124240 9.552453e-02 1.684800e-15 2 
    4.133920 9.923183e-02 1.742000e-15 2 
    4.143600 9.763105e-02 1.705900e-15 2 
    4.158100 9.913969e-02 1.720200e-15 2 
    4.177500 1.022251e-01 1.757300e-15 2 
    4.191980 9.971334e-02 1.702300e-15 2 
    4.201650 9.369493e-02 1.592200e-15 2 
    4.211330 9.713033e-02 1.643000e-15 2 
    4.221010 9.470885e-02 1.594700e-15 2 
    4.230680 9.998188e-02 1.675800e-15 2 
    4.240360 9.580692e-02 1.598500e-15 2 
    4.250040 1.052401e-01 1.747900e-15 2 
    4.259710 9.797766e-02 1.619900e-15 2 
    4.269390 1.009024e-01 1.660700e-15 2 
    4.279070 1.003473e-01 1.644100e-15 2 
    4.288740 1.046149e-01 1.706300e-15 2 
    4.298420 1.066705e-01 1.732000e-15 2 
    4.308090 1.032287e-01 1.668600e-15 2 
    4.317770 1.020339e-01 1.641900e-15 2 
    4.327450 9.838449e-02 1.576100e-15 2 
    4.337120 1.055777e-01 1.683800e-15 2 
    4.346800 1.035302e-01 1.643800e-15 2 
    4.356470 1.034663e-01 1.635500e-15 2 
    4.366150 1.038313e-01 1.634000e-15 2 
    4.375830 1.109046e-01 1.737600e-15 2 
    4.385500 1.062666e-01 1.657600e-15 2 
    4.395180 1.026666e-01 1.594400e-15 2 
    4.404860 1.028154e-01 1.589700e-15 2 
    4.414530 1.057813e-01 1.628400e-15 2 
    4.424210 1.065458e-01 1.633000e-15 2 
    4.433880 1.025887e-01 1.565500e-15 2 
    4.443560 1.133574e-01 1.722300e-15 2 
    4.453240 1.039229e-01 1.572100e-15 2 
    4.472590 1.039611e-01 1.559100e-15 2 
    4.482270 1.106933e-01 1.652900e-15 2 
    4.491940 1.071830e-01 1.593600e-15 2 
    4.501620 1.103001e-01 1.632900e-15 2 
    4.511290 1.061207e-01 1.564300e-15 2 
    4.520970 1.065221e-01 1.563500e-15 2 
    4.530650 1.071225e-01 1.565600e-15 2 
    4.540320 1.023991e-01 1.490200e-15 2 
    4.550000 1.071285e-01 1.552400e-15 2 
    4.559680 1.178277e-01 1.700200e-15 2 
    4.569350 1.119808e-01 1.609000e-15 2 
    4.579030 1.104709e-01 1.580600e-15 2 
    4.588710 1.125317e-01 1.603300e-15 2 
    4.598380 1.144161e-01 1.623300e-15 2 
    4.608060 1.120813e-01 1.583500e-15 2 
    4.617730 1.084083e-01 1.525200e-15 2 
    4.627410 1.119325e-01 1.568200e-15 2 
    4.637090 1.121217e-01 1.564300e-15 2 
    4.646760 1.136119e-01 1.578500e-15 2 
    4.656440 1.008811e-01 1.395800e-15 2 
    4.666110 1.125933e-01 1.551400e-15 2 
    4.675790 1.057732e-01 1.451400e-15 2 
    4.685470 1.075142e-01 1.469200e-15 2 
    4.695140 1.104642e-01 1.503300e-15 2 
    4.704820 1.081090e-01 1.465200e-15 2 
    4.714500 1.077467e-01 1.454300e-15 2 
    4.724170 1.097142e-01 1.474800e-15 2 
    4.733850 1.155201e-01 1.546500e-15 2 
    4.743520 1.131274e-01 1.508300e-15 2 
    4.753200 1.134992e-01 1.507100e-15 2 
    4.762880 1.109676e-01 1.467500e-15 2 
    4.772550 1.171205e-01 1.542600e-15 2 
    4.782230 1.242893e-01 1.630400e-15 2 
    4.791910 1.234765e-01 1.613200e-15 2 
    4.801580 1.245748e-01 1.621000e-15 2 
    4.811260 1.196763e-01 1.551000e-15 2 
    4.820930 1.230166e-01 1.587900e-15 2 
    4.830610 1.179652e-01 1.516600e-15 2 
    4.840290 1.127922e-01 1.444300e-15 2 
    4.849960 1.189748e-01 1.517400e-15 2 
    4.859640 1.149002e-01 1.459600e-15 2 
    4.869320 1.183854e-01 1.497900e-15 2 
    4.878990 1.197527e-01 1.509200e-15 2 
    4.888670 1.086931e-01 1.364400e-15 2 
    4.898340 1.152659e-01 1.441200e-15 2 
    4.908020 1.130641e-01 1.408100e-15 2 
    4.917700 1.170011e-01 1.451400e-15 2 
    4.927370 1.104208e-01 1.364400e-15 2 
    4.937050 1.148768e-01 1.413900e-15 2 
    4.946830 1.052177e-01 1.289900e-15 2 
    4.996298 1.111602e-01 1.335900e-15 0 
    5.046261 1.173416e-01 1.382400e-15 0 
    5.096724 1.237612e-01 1.429300e-15 0 
    5.147691 1.304355e-01 1.476700e-15 0 
    5.199168 1.373643e-01 1.524500e-15 0 
    5.251160 1.445741e-01 1.572900e-15 0 
    5.303671 1.520556e-01 1.621700e-15 0 
    5.335773 1.567300e-01 1.651500e-15 3 
    5.366758 1.886249e-01 1.964700e-15 3 
    5.397744 1.593914e-01 1.641200e-15 3 
    5.428729 1.491139e-01 1.517900e-15 3 
    5.459714 1.833818e-01 1.845600e-15 3 
    5.490700 1.415941e-01 1.409000e-15 3 
    5.521685 1.976501e-01 1.944800e-15 3 
    5.552670 1.364425e-01 1.327600e-15 3 
    5.583656 1.657277e-01 1.594700e-15 3 
    5.614641 1.561604e-01 1.486100e-15 3 
    5.645627 1.715623e-01 1.614800e-15 3 
    5.676612 1.286594e-01 1.197800e-15 3 
    5.707598 1.439455e-01 1.325600e-15 3 
    5.738583 1.714515e-01 1.561900e-15 3 
    5.769568 1.856578e-01 1.673200e-15 3 
    5.800553 1.643964e-01 1.465800e-15 3 
    5.831539 1.663728e-01 1.467700e-15 3 
    5.862525 1.905199e-01 1.663000e-15 3 
    5.893510 2.086786e-01 1.802400e-15 3 
    5.924495 1.887425e-01 1.613200e-15 3 
    5.955481 1.784737e-01 1.509600e-15 3 
    5.986466 2.183715e-01 1.828000e-15 3 
    6.017451 2.150133e-01 1.781400e-15 3 
    6.048437 2.122214e-01 1.740300e-15 3 
    6.079422 1.870391e-01 1.518200e-15 3 
    6.110407 2.078182e-01 1.669800e-15 3 
    6.141393 2.242761e-01 1.783900e-15 3 
    6.172378 2.244622e-01 1.767500e-15 3 
    6.203363 2.129193e-01 1.659900e-15 3 
    6.234349 2.273466e-01 1.754800e-15 3 
    6.265334 2.405118e-01 1.838100e-15 3 
    6.296319 2.332631e-01 1.765200e-15 3 
    6.327305 2.971382e-01 2.226600e-15 3 
    6.358290 3.357668e-01 2.491600e-15 3 
    6.389276 3.500151e-01 2.572200e-15 3 
    6.420261 3.490626e-01 2.540500e-15 3 
    6.451246 2.933138e-01 2.114300e-15 3 
    6.482232 2.844569e-01 2.030900e-15 3 
    6.513217 2.585479e-01 1.828400e-15 3 
    6.544202 2.416561e-01 1.692800e-15 3 
    6.575188 2.375947e-01 1.648700e-15 3 
    6.606173 2.568594e-01 1.765700e-15 3 
    6.637158 2.170729e-01 1.478300e-15 3 
    6.668145 2.206904e-01 1.489000e-15 3 
    6.699129 2.097015e-01 1.401800e-15 3 
    6.730114 1.996730e-01 1.322500e-15 3 
    6.761100 2.053252e-01 1.347500e-15 3 
    6.792085 2.035516e-01 1.323700e-15 3 
    6.823071 2.437428e-01 1.570700e-15 3 
    6.854056 2.603682e-01 1.662700e-15 3 
    6.885041 2.395155e-01 1.515800e-15 3 
    6.916027 2.107931e-01 1.322100e-15 3 
    6.947012 2.406131e-01 1.495700e-15 3 
    6.977998 2.526976e-01 1.556900e-15 3 
    7.008983 2.681452e-01 1.637500e-15 3 
    7.039968 2.192420e-01 1.327100e-15 3 
    7.070954 2.497586e-01 1.498600e-15 3 
    7.101939 2.782303e-01 1.654900e-15 3 
    7.132924 2.547831e-01 1.502300e-15 3 
    7.163910 3.095891e-01 1.809700e-15 3 
    7.194895 3.293558e-01 1.908700e-15 3 
    7.225881 2.488315e-01 1.429700e-15 3 
    7.256866 2.727194e-01 1.553600e-15 3 
    7.287851 2.560921e-01 1.446500e-15 3 
    7.318838 2.697017e-01 1.510500e-15 3 
    7.349822 2.469789e-01 1.371600e-15 3 
    7.380807 3.000011e-01 1.652100e-15 3 
    7.411793 2.798373e-01 1.528200e-15 3 
    7.442778 3.001852e-01 1.625700e-15 3 
    7.473763 2.887628e-01 1.550900e-15 3 
    7.504748 2.653106e-01 1.413200e-15 3 
    7.533706 2.929215e-01 1.548300e-15 3 
    7.535734 3.388309e-01 1.790000e-15 3 
    7.566720 3.609753e-01 1.891400e-15 3 
    7.595799 3.432345e-01 1.784700e-15 3 
    7.597705 3.850842e-01 2.001300e-15 3 
    7.657894 3.907405e-01 1.998900e-15 3 
    7.719988 4.530657e-01 2.280600e-15 3 
    7.782082 4.853948e-01 2.404500e-15 3 
    7.844176 5.299058e-01 2.583600e-15 3 
    7.906271 5.290980e-01 2.539300e-15 3 
    7.968365 4.929316e-01 2.329000e-15 3 
    8.030459 4.841565e-01 2.252300e-15 3 
    8.092554 4.982436e-01 2.282400e-15 3 
    8.154648 4.507032e-01 2.033300e-15 3 
    8.216741 4.097475e-01 1.820700e-15 3 
    8.278836 3.922266e-01 1.716800e-15 3 
    8.340930 4.038835e-01 1.741600e-15 3 
    8.403025 3.654346e-01 1.552600e-15 3 
    8.465119 3.531079e-01 1.478300e-15 3 
    8.527213 3.487818e-01 1.439000e-15 3 
    8.589307 3.573473e-01 1.453100e-15 3 
    8.651402 3.841635e-01 1.539800e-15 3 
    8.713495 3.782330e-01 1.494500e-15 3 
    8.775590 3.878273e-01 1.510800e-15 3 
    8.837684 3.870867e-01 1.486800e-15 3 
    8.899778 3.909875e-01 1.480900e-15 3 
    8.961872 3.418480e-01 1.276900e-15 3 
    9.023966 3.502388e-01 1.290300e-15 3 
    9.086060 3.037804e-01 1.103900e-15 3 
    9.148155 3.129401e-01 1.121800e-15 3 
    9.210249 3.089178e-01 1.092500e-15 3 
    9.272344 3.006880e-01 1.049200e-15 3 
    9.334438 2.937211e-01 1.011300e-15 3 
    9.396532 2.907342e-01 9.878300e-16 3 
    9.458626 2.900385e-01 9.725700e-16 3 
    9.520720 2.809545e-01 9.298600e-16 3 
    9.582815 2.726014e-01 8.905600e-16 3 
    9.644909 3.001831e-01 9.680800e-16 3 
    9.707002 2.690966e-01 8.567600e-16 3 
    9.769098 2.872315e-01 9.029100e-16 3 
    9.831192 2.959011e-01 9.184500e-16 3 
    9.893286 3.248313e-01 9.956299e-16 3 
    9.955380 3.490970e-01 1.056700e-15 3 
   10.017470 3.799909e-01 1.136000e-15 3 
   10.079570 3.662260e-01 1.081400e-15 3 
   10.141659 3.059438e-01 8.923700e-16 3 
   10.203760 3.146477e-01 9.066200e-16 3 
   10.265850 3.349993e-01 9.536200e-16 3 
   10.327949 3.313525e-01 9.319300e-16 3 
   10.390041 3.326030e-01 9.243000e-16 3 
   10.452130 3.434071e-01 9.430200e-16 3 
   10.514230 3.745401e-01 1.016400e-15 3 
   10.576320 3.502925e-01 9.394700e-16 3 
   10.638420 3.765516e-01 9.981400e-16 3 
   10.700510 3.723532e-01 9.755900e-16 3 
   10.762600 3.866910e-01 1.001500e-15 3 
   10.824700 4.510813e-01 1.154900e-15 3 
   10.886791 4.323690e-01 1.094400e-15 3 
   10.948890 4.063870e-01 1.017000e-15 3 
   11.010980 4.145657e-01 1.025800e-15 3 
   11.073080 4.224430e-01 1.033600e-15 3 
   11.135170 4.190103e-01 1.013800e-15 3 
   11.197260 4.539124e-01 1.086100e-15 3 
   11.259360 4.818227e-01 1.140200e-15 3 
   11.321450 5.023187e-01 1.175700e-15 3 
   11.383550 4.886226e-01 1.131200e-15 3 
   11.445640 5.674599e-01 1.299500e-15 3 
   11.507740 6.906565e-01 1.564600e-15 3 
   11.569830 7.675141e-01 1.720100e-15 3 
   11.631920 7.434371e-01 1.648400e-15 3 
   11.694020 6.655172e-01 1.460000e-15 3 
   11.756110 6.126677e-01 1.329900e-15 3 
   11.818209 5.705057e-01 1.225400e-15 3 
   11.880299 5.690826e-01 1.209600e-15 3 
   11.942400 5.547953e-01 1.167000e-15 3 
   12.004490 5.537581e-01 1.152800e-15 3 
   12.066580 5.636752e-01 1.161400e-15 3 
   12.128680 5.371289e-01 1.095400e-15 3 
   12.190770 5.530455e-01 1.116400e-15 3 
   12.252870 5.729069e-01 1.144800e-15 3 
   12.314959 5.925792e-01 1.172200e-15 3 
   12.377051 6.025017e-01 1.179900e-15 3 
   12.439150 5.906138e-01 1.145100e-15 3 
   12.501240 5.853765e-01 1.123700e-15 3 
   12.563340 5.977833e-01 1.136200e-15 3 
   12.625430 6.041316e-01 1.137000e-15 3 
   12.687530 6.352547e-01 1.183900e-15 3 
   12.749620 6.255032e-01 1.154400e-15 3 
   12.811710 6.637272e-01 1.213100e-15 3 
   12.873810 6.648183e-01 1.203400e-15 3 
   12.935900 6.609274e-01 1.184900e-15 3 
   12.998000 7.052453e-01 1.252300e-15 3 
   13.060090 7.118854e-01 1.252100e-15 3 
   13.122180 7.448435e-01 1.297700e-15 3 
   13.184280 8.671561e-01 1.496600e-15 3 
   13.246370 7.640389e-01 1.306300e-15 3 
   13.308470 6.295861e-01 1.066400e-15 3 
   13.370559 6.227220e-01 1.045000e-15 3 
   13.432659 6.543824e-01 1.088000e-15 3 
   13.494750 6.361649e-01 1.048000e-15 3 
   13.556841 6.483425e-01 1.058300e-15 3 
   13.618941 6.563361e-01 1.061600e-15 3 
   13.681030 6.578422e-01 1.054400e-15 3 
   13.743130 6.669127e-01 1.059300e-15 3 
   13.805220 6.957591e-01 1.095200e-15 3 
   13.867320 6.936354e-01 1.082100e-15 3 
   13.929409 7.119550e-01 1.100800e-15 3 
   13.991500 6.984791e-01 1.070400e-15 3 
   14.053600 7.100915e-01 1.078600e-15 3 
   14.115691 7.378992e-01 1.111000e-15 3 
   14.177789 7.255110e-01 1.082800e-15 3 
   14.239880 7.215381e-01 1.067500e-15 3 
   14.301980 7.196632e-01 1.055500e-15 3 
   14.364070 6.987591e-01 1.016000e-15 3 
   14.426159 6.622607e-01 9.546600e-16 3 
   14.488261 6.440170e-01 9.204200e-16 3 
   14.541691 7.212222e-01 1.023200e-15 3 
   14.633380 7.727447e-01 1.082600e-15 3 
   14.725080 8.734553e-01 1.208500e-15 3 
   14.816770 7.983817e-01 1.091000e-15 3 
   14.908459 7.639892e-01 1.031200e-15 3 
   15.000150 7.590152e-01 1.012000e-15 3 
   15.091850 7.550906e-01 9.945700e-16 3 
   15.183541 7.893687e-01 1.027200e-15 3 
   15.275230 7.966754e-01 1.024300e-15 3 
   15.366930 8.578271e-01 1.089800e-15 3 
   15.458620 7.609010e-01 9.552300e-16 3 
   15.550309 7.822058e-01 9.704300e-16 3 
   15.642000 7.997273e-01 9.805700e-16 3 
   15.733700 8.056988e-01 9.764100e-16 3 
   15.825391 8.193911e-01 9.815300e-16 3 
   15.917080 9.360564e-01 1.108400e-15 3 
   16.008780 1.052888e+00 1.232500e-15 3 
   16.100470 9.639719e-01 1.115600e-15 3 
   16.192159 8.753518e-01 1.001600e-15 3 
   16.283859 8.857364e-01 1.002100e-15 3 
   16.375550 9.015494e-01 1.008600e-15 3 
   16.467239 9.073347e-01 1.003800e-15 3 
   16.558930 9.566774e-01 1.046700e-15 3 
   16.650631 9.467866e-01 1.024500e-15 3 
   16.742319 9.757426e-01 1.044300e-15 3 
   16.834009 1.048898e+00 1.110400e-15 3 
   16.925700 1.037151e+00 1.086100e-15 3 
   17.017400 1.055755e+00 1.093700e-15 3 
   17.109091 1.062089e+00 1.088500e-15 3 
   17.200781 1.070150e+00 1.085100e-15 3 
   17.292481 1.074514e+00 1.078000e-15 3 
   17.384170 1.107497e+00 1.099400e-15 3 
   17.475861 1.183040e+00 1.162100e-15 3 
   17.567561 1.174193e+00 1.141400e-15 3 
   17.659250 1.141160e+00 1.097800e-15 3 
   17.750941 1.150100e+00 1.095000e-15 3 
   17.842630 1.143865e+00 1.077900e-15 3 
   17.934330 1.151257e+00 1.073800e-15 3 
   18.026020 1.117243e+00 1.031500e-15 3 
   18.117709 1.136625e+00 1.038800e-15 3 
   18.209409 1.103076e+00 9.980100e-16 3 
   18.301100 1.126929e+00 1.009400e-15 3 
   18.392789 1.155276e+00 1.024500e-15 3 
   18.484489 1.112726e+00 9.770000e-16 3 
   18.576180 1.172908e+00 1.019700e-15 3 
   18.667870 1.160725e+00 9.992200e-16 3 
   18.759559 1.167287e+00 9.950700e-16 3 
   18.851259 1.178916e+00 9.952300e-16 3 
   18.942950 1.171107e+00 9.790900e-16 3 
   19.034639 1.160237e+00 9.606800e-16 3 
   19.126341 1.212012e+00 9.939500e-16 3 
   19.218031 1.312978e+00 1.066500e-15 3 
   19.309719 1.358472e+00 1.093000e-15 3 
   19.401409 1.232495e+00 9.822900e-16 3 
   19.493111 1.188974e+00 9.387100e-16 3 
   19.584800 1.218418e+00 9.529700e-16 3 
   19.676491 1.253999e+00 9.716800e-16 3 
   19.768191 1.214314e+00 9.322200e-16 3 
   19.859880 1.163668e+00 8.851100e-16 3 
   19.951570 1.275255e+00 9.610900e-16 3 
   20.043261 1.184883e+00 8.848300e-16 3 
   20.134961 1.199263e+00 8.874300e-16 3 
   20.226650 1.262768e+00 9.259700e-16 3 
   20.318341 1.235574e+00 8.978700e-16 3 
   20.410041 1.324720e+00 9.540200e-16 3 
   20.555241 1.199317e+00 8.515500e-16 3 
   20.730739 1.360187e+00 9.494901e-16 3 
   20.906339 1.342374e+00 9.213800e-16 3 
   21.082041 1.256660e+00 8.482300e-16 3 
   21.257830 1.365989e+00 9.068400e-16 3 
   21.433709 1.418685e+00 9.264300e-16 3 
   21.609689 1.322001e+00 8.492900e-16 3 
   21.785761 1.407262e+00 8.895100e-16 3 
   21.961930 1.468073e+00 9.131200e-16 3 
   22.138200 1.421273e+00 8.699900e-16 3 
   22.314559 1.357002e+00 8.175700e-16 3 
   22.491020 1.444646e+00 8.567700e-16 3 
   22.667570 1.507082e+00 8.799300e-16 3 
   22.844219 1.492793e+00 8.581600e-16 3 
   23.020969 1.426312e+00 8.074000e-16 3 
   23.197809 1.503325e+00 8.380700e-16 3 
   23.374750 1.569200e+00 8.616000e-16 3 
   23.551791 1.593375e+00 8.617700e-16 3 
   23.728920 1.545097e+00 8.232300e-16 3 
   23.906161 1.556531e+00 8.170700e-16 3 
   24.083481 1.609868e+00 8.326700e-16 3 
   24.260909 1.623415e+00 8.274400e-16 3 
   24.438441 1.624685e+00 8.161000e-16 3 
   24.616061 1.595003e+00 7.896700e-16 3 
   24.793780 1.643403e+00 8.020100e-16 3 
   24.971600 1.740331e+00 8.372600e-16 3 
   25.149509 1.762413e+00 8.359300e-16 3 
   25.327530 1.675021e+00 7.833500e-16 3 
   25.505641 1.648853e+00 7.603800e-16 3 
   25.683861 1.659311e+00 7.546200e-16 3 
   25.862169 1.702718e+00 7.637200e-16 3 
   26.040581 1.720551e+00 7.611800e-16 3 
   26.219091 1.726393e+00 7.534000e-16 3 
   26.397700 1.752293e+00 7.543900e-16 3 
   26.576409 2.015584e+00 8.561100e-16 3 
   26.755222 2.016670e+00 8.451600e-16 3 
   26.934131 1.791420e+00 7.408200e-16 3 
   27.113141 1.800437e+00 7.347500e-16 3 
   27.292250 1.797066e+00 7.237800e-16 3 
   27.471459 1.806857e+00 7.182600e-16 3 
   27.650781 1.801546e+00 7.068900e-16 3 
   27.830191 1.836670e+00 7.114100e-16 3 
   28.009700 1.890645e+00 7.229600e-16 3 
   28.189319 1.908190e+00 7.204000e-16 3 
   28.369041 1.878007e+00 7.000500e-16 3 
   28.548850 1.868472e+00 6.877500e-16 3 
   28.728769 1.863650e+00 6.774100e-16 3 
   28.908791 1.914045e+00 6.870900e-16 3 
   29.088922 1.945221e+00 6.896600e-16 3 
   29.269150 1.946527e+00 6.816500e-16 3 
   29.449472 1.917739e+00 6.633700e-16 3 
   29.629909 1.955475e+00 6.682100e-16 3 
   29.810441 1.960567e+00 6.618600e-16 3 
   29.991078 1.956726e+00 6.526300e-16 3 
   30.171819 1.889590e+00 6.227100e-16 3 
   30.352659 2.011501e+00 6.550100e-16 3 
   30.533609 1.988443e+00 6.398500e-16 3 
   30.714659 2.000648e+00 6.362100e-16 3 
   30.895809 2.018112e+00 6.342600e-16 3 
   31.077069 2.044179e+00 6.349800e-16 3 
   31.258441 2.004761e+00 6.155300e-16 3 
   31.439909 1.985437e+00 6.025800e-16 3 
   31.621481 2.056398e+00 6.169700e-16 3 
   31.803150 2.149041e+00 6.374200e-16 3 
   31.984941 2.115980e+00 6.205000e-16 3 
   32.166822 2.103830e+00 6.099800e-16 3 
   32.348819 2.193839e+00 6.289400e-16 3 
   32.530909 2.081915e+00 5.901900e-16 3 
   32.713119 2.216919e+00 6.214800e-16 3 
   32.895431 2.179982e+00 6.043700e-16 3 
   33.077838 2.151232e+00 5.898400e-16 3 
   33.260359 2.146091e+00 5.819900e-16 3 
   33.442991 2.229709e+00 5.980800e-16 3 
   33.625728 2.460268e+00 6.527700e-16 3 
   33.808572 2.388568e+00 6.269100e-16 3 
   33.991519 2.548363e+00 6.616700e-16 3 
   34.174569 2.553616e+00 6.559500e-16 3 
   34.357731 2.494298e+00 6.339000e-16 3 
   34.541013 2.669997e+00 6.713700e-16 3 
   34.724381 2.528004e+00 6.289700e-16 3 
   34.907872 2.580828e+00 6.353800e-16 3 
