# NGC 4168
# 
# An Atlas of Galaxy Spectral Energy Distributions from the Ultraviolet to the Mid-Infrared
# Brown et al. (2014)
# http://dx.doi.org/10.5072/03/529D3551F0117
# http://dx.doi.org/10.17909/t9-5bxk-dh29
# 
# The Spectral Energy Distributions of Active Galactic Nuclei
# Brown et al. (2019)
# http://dx.doi.org/10.17909/t9-3dbt-8734
# 
# Column 1: Observed wavelength (um)
# Column 2: f_nu (Jy)
# Column 3: f_lam (erg/s/cm2/A)
# Column 4: Source (0 = model, 1 = Optical Spectrun, 2 = Akari, 3 = Spitzer IRS)
# 
    0.010280 7.387625e-10 2.097200e-18 0 
    0.010471 8.963586e-10 2.452600e-18 0 
    0.010691 1.115696e-09 2.928400e-18 0 
    0.010889 1.410868e-09 3.569700e-18 0 
    0.011092 2.044266e-09 4.984700e-18 0 
    0.011482 2.927865e-09 6.662500e-18 0 
    0.011885 3.967473e-09 8.426300e-18 0 
    0.012190 1.407750e-08 2.842100e-17 0 
    0.012589 1.792653e-08 3.393400e-17 0 
    0.012794 1.974822e-08 3.619400e-17 0 
    0.012882 2.101263e-08 3.798700e-17 0 
    0.013183 2.385288e-08 4.117500e-17 0 
    0.013305 2.821924e-08 4.782300e-17 0 
    0.013490 3.044648e-08 5.019200e-17 0 
    0.013804 3.913143e-08 6.160800e-17 0 
    0.014093 4.370405e-08 6.601400e-17 0 
    0.014421 1.160100e-07 1.673500e-16 0 
    0.014825 2.821617e-07 3.851500e-16 0 
    0.015205 3.122402e-07 4.051700e-16 0 
    0.015631 3.511484e-07 4.311600e-16 0 
    0.016032 3.939937e-07 4.598700e-16 0 
    0.016331 4.271136e-07 4.804400e-16 0 
    0.016711 4.792059e-07 5.148000e-16 0 
    0.017140 5.303211e-07 5.415500e-16 0 
    0.017418 5.708322e-07 5.644600e-16 0 
    0.017824 6.273735e-07 5.924300e-16 0 
    0.018113 6.691099e-07 6.118400e-16 0 
    0.018323 7.022737e-07 6.275300e-16 0 
    0.018750 7.682696e-07 6.555900e-16 0 
    0.019231 8.521531e-07 6.912500e-16 0 
    0.019543 9.151524e-07 7.188400e-16 0 
    0.019953 9.874890e-07 7.441100e-16 0 
    0.020370 1.075212e-06 7.773800e-16 0 
    0.020654 1.136373e-06 7.991600e-16 0 
    0.021135 1.189918e-06 7.991600e-16 0 
    0.021777 1.388378e-06 8.782800e-16 0 
    0.022182 1.494559e-06 9.112400e-16 0 
    0.022491 1.554293e-06 9.218000e-16 0 
    0.022856 1.669232e-06 9.586000e-16 0 
    0.023174 2.591369e-06 1.447600e-15 0 
    0.023550 4.523708e-06 2.447000e-15 0 
    0.024155 5.774738e-06 2.969200e-15 0 
    0.024774 5.695201e-06 2.783800e-15 0 
    0.025410 6.244902e-06 2.901600e-15 0 
    0.025882 5.388945e-06 2.413400e-15 0 
    0.026182 6.317085e-06 2.764600e-15 0 
    0.026607 6.768778e-06 2.868400e-15 0 
    0.027102 6.926508e-06 2.829000e-15 0 
    0.027606 7.071699e-06 2.783800e-15 0 
    0.028119 7.236286e-06 2.745600e-15 0 
    0.028642 7.404881e-06 2.707900e-15 0 
    0.029242 7.253198e-06 2.544700e-15 0 
    0.029785 7.542517e-06 2.550600e-15 0 
    0.030339 7.612163e-06 2.481000e-15 0 
    0.031046 7.916455e-06 2.464000e-15 0 
    0.032063 8.366157e-06 2.441400e-15 0 
    0.033037 8.639866e-06 2.374800e-15 0 
    0.034041 8.841180e-06 2.288900e-15 0 
    0.035075 9.026386e-06 2.201100e-15 0 
    0.035975 9.215571e-06 2.136200e-15 0 
    0.036898 9.473510e-06 2.087500e-15 0 
    0.037757 9.583298e-06 2.016700e-15 0 
    0.038815 9.473527e-06 1.886400e-15 0 
    0.039811 9.897270e-06 1.873400e-15 0 
    0.040832 1.012800e-05 1.822400e-15 0 
    0.041687 1.017427e-05 1.756400e-15 0 
    0.042560 1.024502e-05 1.696800e-15 0 
    0.043351 1.029235e-05 1.643000e-15 0 
    0.044463 1.045943e-05 1.587200e-15 0 
    0.045394 1.043564e-05 1.519300e-15 0 
    0.046345 1.048370e-05 1.464300e-15 0 
    0.047315 1.053238e-05 1.411400e-15 0 
    0.048306 1.065384e-05 1.369700e-15 0 
    0.049317 1.058074e-05 1.305100e-15 0 
    0.050350 1.075230e-05 1.272400e-15 0 
    0.050933 1.067847e-05 1.234900e-15 0 
    0.051523 1.105383e-05 1.249200e-15 0 
    0.052360 1.110518e-05 1.215200e-15 0 
    0.053333 1.102777e-05 1.163100e-15 0 
    0.054450 1.087687e-05 1.100600e-15 0 
    0.055463 1.085264e-05 1.058400e-15 0 
    0.056364 1.105350e-05 1.043800e-15 0 
    0.057412 1.125961e-05 1.024800e-15 0 
    0.058479 1.115616e-05 9.786700e-16 0 
    0.059429 1.123338e-05 9.541900e-16 0 
    0.060395 1.100310e-05 9.049700e-16 0 
    0.061518 1.001193e-05 7.936600e-16 0 
    0.062517 1.128517e-05 8.662300e-16 0 
    0.063533 1.118175e-05 8.310600e-16 0 
    0.064417 1.125939e-05 8.140200e-16 0 
    0.065464 1.120782e-05 7.845800e-16 0 
    0.066222 1.105401e-05 7.562000e-16 0 
    0.066988 1.125917e-05 7.527200e-16 0 
    0.068077 1.133748e-05 7.339000e-16 0 
    0.069024 1.100302e-05 6.928400e-16 0 
    0.069984 1.125930e-05 6.896600e-16 0 
    0.070958 1.087719e-05 6.480900e-16 0 
    0.072111 1.128538e-05 6.510800e-16 0 
    0.073114 1.125938e-05 6.318800e-16 0 
    0.073961 1.125956e-05 6.175000e-16 0 
    0.074989 1.118166e-05 5.965300e-16 0 
    0.076033 1.115621e-05 5.789400e-16 0 
    0.077090 1.036357e-05 5.231600e-16 0 
    0.077983 1.110495e-05 5.478200e-16 0 
    0.079068 1.090222e-05 5.231600e-16 0 
    0.080168 1.105385e-05 5.159800e-16 0 
    0.081096 1.110474e-05 5.065600e-16 0 
    0.082035 1.107940e-05 4.939000e-16 0 
    0.083176 1.113031e-05 4.826500e-16 0 
    0.084140 1.045978e-05 4.432400e-16 0 
    0.085114 1.102838e-05 4.567000e-16 0 
    0.086099 1.095252e-05 4.432400e-16 0 
    0.087096 1.097754e-05 4.341400e-16 0 
    0.088105 1.102843e-05 4.262200e-16 0 
    0.089125 1.102843e-05 4.165200e-16 0 
    0.090157 1.105393e-05 4.079800e-16 0 
    0.091201 1.097760e-05 3.959400e-16 0 
    0.092257 1.283853e-05 4.525200e-16 0 
    0.093111 2.314799e-05 8.010000e-16 0 
    0.094189 3.577016e-05 1.209600e-15 0 
    0.095280 5.206090e-05 1.720400e-15 0 
    0.096161 6.508919e-05 2.111700e-15 0 
    0.097275 7.269666e-05 2.304800e-15 0 
    0.098175 2.874182e-05 8.946100e-16 0 
    0.099312 6.569331e-05 1.998200e-15 0 
    0.100231 6.706879e-05 2.002800e-15 0 
    0.101158 8.780546e-05 2.574200e-15 0 
    0.102329 8.699841e-05 2.492500e-15 0 
    0.103276 4.650702e-05 1.308100e-15 0 
    0.104232 7.087876e-05 1.957200e-15 0 
    0.105196 1.128531e-04 3.059400e-15 0 
    0.106170 1.118189e-04 2.976000e-15 0 
    0.107399 9.451791e-05 2.458300e-15 0 
    0.108393 1.087726e-04 2.777400e-15 0 
    0.109396 8.922956e-05 2.236800e-15 0 
    0.110408 1.154833e-04 2.842100e-15 0 
    0.111429 1.123355e-04 2.714200e-15 0 
    0.112202 1.095268e-04 2.610000e-15 0 
    0.113240 1.003509e-04 2.347700e-15 0 
    0.114288 1.228893e-04 2.822500e-15 0 
    0.115345 1.152167e-04 2.598000e-15 0 
    0.116413 1.214845e-04 2.689300e-15 0 
    0.117490 1.248885e-04 2.714200e-15 0 
    0.118304 9.130884e-05 1.957200e-15 0 
    0.119399 1.228878e-04 2.586000e-15 0 
    0.120504 9.473641e-05 1.957200e-15 0 
    0.121339 7.525003e-05 1.533300e-15 0 
    0.122462 5.266426e-05 1.053500e-15 0 
    0.123311 9.495392e-05 1.873400e-15 0 
    0.124451 1.310702e-04 2.538800e-15 0 
    0.125314 1.417459e-04 2.707900e-15 0 
    0.126474 1.385225e-04 2.598000e-15 0 
    0.127350 1.248842e-04 2.310100e-15 0 
    0.128529 1.539967e-04 2.796600e-15 0 
    0.129420 1.608849e-04 2.881600e-15 0 
    0.130317 1.335109e-04 2.358500e-15 0 
    0.131522 1.341232e-04 2.326100e-15 0 
    0.132434 1.623739e-04 2.777400e-15 0 
    0.133352 1.572233e-04 2.652400e-15 0 
    0.134586 1.437177e-04 2.380300e-15 0 
    0.135519 1.669231e-04 2.726700e-15 0 
    0.136458 1.634967e-04 2.634100e-15 0 
    0.137404 1.497991e-04 2.380300e-15 0 
    0.138357 1.564976e-04 2.452600e-15 0 
    0.139637 1.594067e-04 2.452600e-15 0 
    0.140605 1.382039e-04 2.097200e-15 0 
    0.141579 1.427310e-04 2.136200e-15 0 
    0.142561 1.529354e-04 2.257500e-15 0 
    0.143549 1.561409e-04 2.273200e-15 0 
    0.144544 1.575817e-04 2.262700e-15 0 
    0.145211 1.653934e-04 2.353100e-15 0 
    0.145881 1.684625e-04 2.374800e-15 0 
    0.146555 1.650112e-04 2.304800e-15 0 
    0.147571 1.550682e-04 2.136200e-15 0 
    0.148594 1.565043e-04 2.126400e-15 0 
    0.149624 1.601441e-04 2.146000e-15 0 
    0.150661 1.631207e-04 2.155900e-15 0 
    0.151705 1.568585e-04 2.044700e-15 0 
    0.152405 1.427317e-04 1.843500e-15 0 
    0.152757 1.508433e-04 1.939300e-15 0 
    0.153462 1.501428e-04 1.912600e-15 0 
    0.154525 1.344330e-04 1.689000e-15 0 
    0.155597 1.457225e-04 1.805700e-15 0 
    0.156675 1.398037e-04 1.708600e-15 0 
    0.157761 1.443784e-04 1.740300e-15 0 
    0.158489 1.575867e-04 1.882100e-15 0 
    0.159588 1.665374e-04 1.961700e-15 0 
    0.160694 1.735878e-04 2.016700e-15 0 
    0.161808 1.704175e-04 1.952700e-15 0 
    0.162555 1.700217e-04 1.930300e-15 0 
    0.163682 1.612598e-04 1.805700e-15 0 
    0.164816 1.739874e-04 1.921500e-15 0 
    0.165577 1.817664e-04 1.989000e-15 0 
    0.166725 1.646337e-04 1.776800e-15 0 
    0.167880 1.868579e-04 1.989000e-15 0 
    0.168267 1.612565e-04 1.708600e-15 0 
    0.169044 2.111090e-04 2.216300e-15 0 
    0.169824 2.210601e-04 2.299500e-15 0 
    0.170608 2.020711e-04 2.082700e-15 0 
    0.171791 2.002203e-04 2.035300e-15 0 
    0.172584 2.044161e-04 2.058900e-15 0 
    0.173780 2.077322e-04 2.063600e-15 0 
    0.174582 2.283071e-04 2.247200e-15 0 
    0.175792 2.246533e-04 2.180900e-15 0 
    0.176604 2.491791e-04 2.396800e-15 0 
    0.177828 2.190406e-04 2.078000e-15 0 
    0.178649 2.385149e-04 2.242000e-15 0 
    0.179887 2.446366e-04 2.268000e-15 0 
    0.180717 2.808752e-04 2.580100e-15 0 
    0.181970 2.713396e-04 2.458300e-15 0 
    0.182810 2.621314e-04 2.353100e-15 0 
    0.183654 2.633432e-04 2.342300e-15 0 
    0.184927 2.526434e-04 2.216300e-15 0 
    0.185780 2.256884e-04 1.961700e-15 0 
    0.187068 2.486122e-04 2.131300e-15 0 
    0.187932 2.732234e-04 2.320800e-15 0 
    0.188799 2.815247e-04 2.369400e-15 0 
    0.190108 2.751177e-04 2.283700e-15 0 
    0.190985 2.874130e-04 2.363900e-15 0 
    0.191867 2.887485e-04 2.353100e-15 0 
    0.192753 2.947900e-04 2.380300e-15 0 
    0.194089 2.821775e-04 2.247200e-15 0 
    0.194984 2.451957e-04 1.934800e-15 0 
    0.195884 3.239753e-04 2.533000e-15 0 
    0.196789 3.187917e-04 2.469600e-15 0 
    0.198153 3.643494e-04 2.783800e-15 0 
    0.199067 3.568736e-04 2.701700e-15 0 
    0.199986 3.668686e-04 2.751900e-15 0 
    0.200909 3.660246e-04 2.720400e-15 0 
    0.201837 3.568800e-04 2.628100e-15 0 
    0.202768 3.576993e-04 2.610000e-15 0 
    0.204174 3.415974e-04 2.458300e-15 0 
    0.205116 3.823976e-04 2.726700e-15 0 
    0.206063 4.183210e-04 2.955500e-15 0 
    0.207014 3.994924e-04 2.796600e-15 0 
    0.207970 3.913109e-04 2.714200e-15 0 
    0.208930 4.461791e-04 3.066400e-15 0 
    0.209411 6.032707e-04 4.127000e-15 0 
    0.209894 6.862964e-04 4.673400e-15 0 
    0.210863 6.419745e-04 4.331500e-15 0 
    0.211836 6.116693e-04 4.089200e-15 0 
    0.213304 6.675858e-04 4.401800e-15 0 
    0.214289 6.287947e-04 4.108000e-15 0 
    0.215278 5.721552e-04 3.703700e-15 0 
    0.216272 7.039111e-04 4.514800e-15 0 
    0.217270 7.186365e-04 4.567000e-15 0 
    0.218273 6.434518e-04 4.051700e-15 0 
    0.219281 6.569258e-04 4.098600e-15 0 
    0.220293 7.736009e-04 4.782300e-15 0 
    0.221309 7.952669e-04 4.871200e-15 0 
    0.222331 7.682742e-04 4.662700e-15 0 
    0.223357 6.273460e-04 3.772500e-15 0 
    0.224388 6.878813e-04 4.098600e-15 0 
    0.224905 8.820872e-04 5.231600e-15 0 
    0.225944 8.346788e-04 4.905000e-15 0 
    0.226986 6.753246e-04 3.932200e-15 0 
    0.228034 6.584351e-04 3.798700e-15 0 
    0.229087 7.320030e-04 4.184400e-15 0 
    0.230144 9.172874e-04 5.195500e-15 0 
    0.231207 7.879158e-04 4.421800e-15 0 
    0.232274 9.277810e-04 5.159000e-15 0 
    0.233346 8.117459e-04 4.472400e-15 0 
    0.234423 6.185638e-04 3.376800e-15 0 
    0.234963 5.961685e-04 3.239600e-15 0 
    0.236048 4.429262e-04 2.384800e-15 0 
    0.237137 7.643695e-04 4.077800e-15 0 
    0.238232 4.855914e-04 2.566800e-15 0 
    0.239332 6.155098e-04 3.223700e-15 0 
    0.240436 4.038377e-04 2.095700e-15 0 
    0.241546 4.967837e-04 2.554400e-15 0 
    0.242103 4.910865e-04 2.513500e-15 0 
    0.243220 5.729650e-04 2.905700e-15 0 
    0.244343 9.122098e-04 4.583700e-15 0 
    0.245471 9.184623e-04 4.572800e-15 0 
    0.246037 1.079043e-03 5.347600e-15 0 
    0.247172 1.140258e-03 5.599200e-15 0 
    0.248313 1.023237e-03 4.978500e-15 0 
    0.249460 9.224397e-04 4.446900e-15 0 
    0.250611 6.790571e-04 3.243600e-15 0 
    0.251189 7.583918e-04 3.605900e-15 0 
    0.252348 1.139863e-03 5.370000e-15 0 
    0.252930 5.686399e-04 2.666600e-15 0 
    0.253513 4.795312e-04 2.238400e-15 0 
    0.254097 5.114431e-04 2.376400e-15 0 
    0.255270 7.358180e-04 3.387600e-15 0 
    0.256448 7.901953e-04 3.604600e-15 0 
    0.257632 1.305272e-03 5.899600e-15 0 
    0.258226 1.010834e-03 4.547800e-15 0 
    0.259418 1.266610e-03 5.646300e-15 0 
    0.260615 1.152424e-03 5.090200e-15 0 
    0.261216 1.043750e-03 4.589000e-15 0 
    0.262422 9.216244e-04 4.014900e-15 0 
    0.263633 8.404690e-04 3.627800e-15 0 
    0.264241 1.146848e-03 4.927500e-15 0 
    0.265461 1.842755e-03 7.844900e-15 0 
    0.266686 2.514380e-03 1.060600e-14 0 
    0.267301 3.322179e-03 1.394900e-14 0 
    0.268534 2.189660e-03 9.109600e-15 0 
    0.269774 2.531219e-03 1.043400e-14 0 
    0.270396 2.859732e-03 1.173400e-14 0 
    0.271644 2.194258e-03 8.920900e-15 0 
    0.272270 2.674645e-03 1.082400e-14 0 
    0.273527 2.010159e-03 8.060300e-15 0 
    0.274789 1.738569e-03 6.907400e-15 0 
    0.275423 2.133906e-03 8.439100e-15 0 
    0.276694 1.202649e-03 4.712600e-15 0 
    0.277332 1.596304e-03 6.226400e-15 0 
    0.278612 2.065747e-03 7.983600e-15 0 
    0.279254 2.249362e-03 8.653300e-15 0 
    0.280543 1.402879e-03 5.347400e-15 0 
    0.281838 6.367586e-04 2.404900e-15 0 
    0.282488 7.761827e-04 2.918000e-15 0 
    0.283792 2.079354e-03 7.745500e-15 0 
    0.284446 3.040310e-03 1.127300e-14 0 
    0.285759 2.963921e-03 1.088900e-14 0 
    0.286418 2.354221e-03 8.609300e-15 0 
    0.287740 1.495569e-03 5.419100e-15 0 
    0.288403 3.167908e-03 1.142600e-14 0 
    0.289734 3.978751e-03 1.421900e-14 0 
    0.290402 3.620148e-03 1.287800e-14 0 
    0.291743 4.252861e-03 1.499000e-14 0 
    0.293089 5.684080e-03 1.985100e-14 0 
    0.295121 5.065236e-03 1.744700e-14 0 
    0.297167 4.825456e-03 1.639300e-14 0 
    0.299227 5.205670e-03 1.744200e-14 0 
    0.301301 5.350708e-03 1.768200e-14 0 
    0.303389 5.563499e-03 1.813300e-14 0 
    0.305492 5.878875e-03 1.889800e-14 0 
    0.306902 6.183497e-03 1.969500e-14 0 
    0.309030 6.686241e-03 2.100400e-14 0 
    0.311172 6.762791e-03 2.095300e-14 0 
    0.313329 7.639329e-03 2.334400e-14 0 
    0.315501 7.277765e-03 2.193400e-14 0 
    0.317687 7.377620e-03 2.193000e-14 0 
    0.319154 8.069972e-03 2.376800e-14 0 
    0.321366 7.125363e-03 2.069800e-14 0 
    0.323594 8.030445e-03 2.300700e-14 0 
    0.325087 6.850279e-03 1.944600e-14 0 
    0.327341 9.411171e-03 2.634900e-14 0 
    0.329610 1.100442e-02 3.038700e-14 0 
    0.331131 1.087742e-02 2.976100e-14 0 
    0.333426 1.053067e-02 2.841700e-14 0 
    0.334966 1.014869e-02 2.713500e-14 0 
    0.335738 1.043261e-02 2.776600e-14 0 
    0.336512 9.735649e-03 2.579200e-14 0 
    0.337287 1.205997e-02 3.180300e-14 0 
    0.338065 1.122841e-02 2.947400e-14 0 
    0.338844 7.967031e-03 2.081700e-14 0 
    0.339625 9.021528e-03 2.346400e-14 0 
    0.340408 1.170171e-02 3.029500e-14 0 
    0.341193 1.117445e-02 2.879700e-14 0 
    0.341979 1.091959e-02 2.801100e-14 0 
    0.342768 1.334059e-02 3.406400e-14 0 
    0.343558 1.086800e-02 2.762300e-14 0 
    0.344350 1.025967e-02 2.595700e-14 0 
    0.345144 1.156420e-02 2.912300e-14 0 
    0.345939 1.318526e-02 3.305300e-14 0 
    0.346737 1.129969e-02 2.819600e-14 0 
    0.347536 1.061788e-02 2.637300e-14 0 
    0.348337 1.199554e-02 2.965800e-14 0 
    0.349140 1.064095e-02 2.618800e-14 0 
    0.349945 1.291112e-02 3.162900e-14 0 
    0.350752 1.134842e-02 2.767300e-14 0 
    0.351560 1.252918e-02 3.041200e-14 0 
    0.352371 1.129532e-02 2.729100e-14 0 
    0.353183 1.376777e-02 3.311200e-14 0 
    0.353997 1.224191e-02 2.930700e-14 0 
    0.354813 1.367148e-02 3.257900e-14 0 
    0.355631 1.129281e-02 2.678700e-14 0 
    0.356451 1.395640e-02 3.295300e-14 0 
    0.357273 1.434676e-02 3.371900e-14 0 
    0.358096 1.434582e-02 3.356200e-14 0 
    0.358922 1.341841e-02 3.124800e-14 0 
    0.359749 1.105802e-02 2.563300e-14 0 
    0.360579 1.229269e-02 2.836400e-14 0 
    0.361410 9.563792e-03 2.196600e-14 0 
    0.362243 1.307957e-02 2.990300e-14 0 
    0.363078 1.501670e-02 3.417400e-14 0 
    0.363915 1.136461e-02 2.574400e-14 0 
    0.364754 1.322916e-02 2.983000e-14 0 
    0.365595 1.665311e-02 3.737800e-14 0 
    0.366437 1.359814e-02 3.038100e-14 0 
    0.367282 1.623474e-02 3.610500e-14 0 
    0.368129 1.557474e-02 3.447800e-14 0 
    0.368978 1.956128e-02 4.310400e-14 0 
    0.369828 1.771617e-02 3.885900e-14 0 
    0.370681 1.755296e-02 3.832400e-14 0 
    0.371535 1.657011e-02 3.601200e-14 0 
    0.372392 1.800104e-02 3.894200e-14 0 
    0.373250 1.946563e-02 4.191700e-14 0 
    0.374111 1.539036e-02 3.298900e-14 0 
    0.374973 1.596707e-02 3.406800e-14 0 
    0.375837 1.603980e-02 3.406600e-14 0 
    0.376704 1.005025e-02 2.124700e-14 0 
    0.377572 1.377658e-02 2.899100e-14 0 
    0.378443 1.714428e-02 3.591200e-14 0 
    0.379315 1.588865e-02 3.312900e-14 0 
    0.380189 1.517275e-02 3.149100e-14 0 
    0.381066 2.037218e-02 4.208800e-14 0 
    0.381944 1.629347e-02 3.350700e-14 0 
    0.382825 1.374002e-02 2.812600e-14 0 
    0.383707 1.940702e-02 3.954400e-14 0 
    0.384592 1.603010e-02 3.251300e-14 0 
    0.385478 1.527242e-02 3.083400e-14 0 
    0.386367 1.232750e-02 2.477400e-14 0 
    0.387258 1.227044e-02 2.454600e-14 0 
    0.388150 1.798182e-02 3.580600e-14 0 
    0.389045 1.595141e-02 3.161700e-14 0 
    0.389942 1.874024e-02 3.697400e-14 0 
    0.390087 1.622972e-02 3.199700e-14 1 
    0.390494 1.589967e-02 3.128100e-14 1 
    0.390900 1.666467e-02 3.271800e-14 1 
    0.391307 1.776103e-02 3.479800e-14 1 
    0.391714 1.795604e-02 3.510700e-14 1 
    0.392121 1.940334e-02 3.785800e-14 1 
    0.392527 2.044300e-02 3.980400e-14 1 
    0.392934 2.074068e-02 4.030000e-14 1 
    0.393341 2.189660e-02 4.245800e-14 1 
    0.393747 2.181056e-02 4.220400e-14 1 
    0.394154 2.163662e-02 4.178100e-14 1 
    0.394561 2.158896e-02 4.160300e-14 1 
    0.394968 1.955093e-02 3.759800e-14 1 
    0.395374 1.698944e-02 3.260500e-14 1 
    0.395781 1.354593e-02 2.594300e-14 1 
    0.396188 1.201671e-02 2.296700e-14 1 
    0.396594 1.356966e-02 2.588200e-14 1 
    0.397001 1.433093e-02 2.727800e-14 1 
    0.397408 1.895355e-02 3.600300e-14 1 
    0.397814 2.090772e-02 3.963400e-14 1 
    0.398221 2.032467e-02 3.845000e-14 1 
    0.398628 1.865271e-02 3.521500e-14 1 
    0.399035 1.820677e-02 3.430300e-14 1 
    0.399441 1.561440e-02 2.935900e-14 1 
    0.399848 1.519218e-02 2.850700e-14 1 
    0.400255 1.761337e-02 3.298300e-14 1 
    0.400661 2.102987e-02 3.930100e-14 1 
    0.401068 2.521357e-02 4.702400e-14 1 
    0.401475 2.638122e-02 4.910200e-14 1 
    0.401882 2.884500e-02 5.357900e-14 1 
    0.402288 2.984087e-02 5.531700e-14 1 
    0.402695 3.018020e-02 5.583300e-14 1 
    0.403102 3.111815e-02 5.745200e-14 1 
    0.403508 3.049486e-02 5.618800e-14 1 
    0.403915 3.109044e-02 5.717000e-14 1 
    0.404322 3.200429e-02 5.873200e-14 1 
    0.404729 3.383622e-02 6.196900e-14 1 
    0.405135 3.372743e-02 6.164600e-14 1 
    0.405542 3.243455e-02 5.916400e-14 1 
    0.405949 3.201135e-02 5.827500e-14 1 
    0.406355 3.156958e-02 5.735600e-14 1 
    0.406762 3.194336e-02 5.791900e-14 1 
    0.407169 3.126348e-02 5.657300e-14 1 
    0.407576 3.081382e-02 5.564800e-14 1 
    0.407982 3.083252e-02 5.557100e-14 1 
    0.408389 3.105417e-02 5.585900e-14 1 
    0.408796 3.093228e-02 5.552900e-14 1 
    0.409202 3.276868e-02 5.870900e-14 1 
    0.409609 3.164937e-02 5.659100e-14 1 
    0.410016 3.065207e-02 5.469900e-14 1 
    0.410423 3.097348e-02 5.516300e-14 1 
    0.410829 3.284186e-02 5.837500e-14 1 
    0.411236 3.370294e-02 5.978700e-14 1 
    0.411643 3.398602e-02 6.017000e-14 1 
    0.412049 3.427551e-02 6.056300e-14 1 
    0.412456 3.268969e-02 5.764700e-14 1 
    0.412863 3.134910e-02 5.517400e-14 1 
    0.413269 3.055911e-02 5.367800e-14 1 
    0.413676 3.078532e-02 5.396900e-14 1 
    0.414083 3.207762e-02 5.612400e-14 1 
    0.414490 3.364970e-02 5.875900e-14 1 
    0.414896 3.386083e-02 5.901200e-14 1 
    0.415303 3.429237e-02 5.964700e-14 1 
    0.415710 3.385903e-02 5.877800e-14 1 
    0.416116 3.277604e-02 5.678700e-14 1 
    0.416523 3.335777e-02 5.768200e-14 1 
    0.416930 3.385757e-02 5.843200e-14 1 
    0.417337 3.314342e-02 5.708800e-14 1 
    0.417743 3.258145e-02 5.601100e-14 1 
    0.418150 3.374944e-02 5.790600e-14 1 
    0.418557 3.343266e-02 5.725100e-14 1 
    0.418963 3.466717e-02 5.925000e-14 1 
    0.419370 3.334870e-02 5.688600e-14 1 
    0.419777 3.501993e-02 5.962100e-14 1 
    0.420183 3.328215e-02 5.655300e-14 1 
    0.420590 3.238316e-02 5.491900e-14 1 
    0.420997 3.358906e-02 5.685400e-14 1 
    0.421404 3.376413e-02 5.704000e-14 1 
    0.421810 3.454804e-02 5.825200e-14 1 
    0.422217 3.453511e-02 5.811800e-14 1 
    0.422624 3.335681e-02 5.602700e-14 1 
    0.423031 3.391321e-02 5.685200e-14 1 
    0.423437 3.500512e-02 5.857000e-14 1 
    0.423844 3.489400e-02 5.827200e-14 1 
    0.424251 3.580219e-02 5.967400e-14 1 
    0.424657 3.610458e-02 6.006300e-14 1 
    0.425064 3.392918e-02 5.633600e-14 1 
    0.425471 3.435865e-02 5.694000e-14 1 
    0.425877 3.501613e-02 5.791900e-14 1 
    0.426284 3.473480e-02 5.734400e-14 1 
    0.426691 3.597427e-02 5.927700e-14 1 
    0.427098 3.725111e-02 6.126400e-14 1 
    0.427504 3.817058e-02 6.265700e-14 1 
    0.427911 3.759814e-02 6.160000e-14 1 
    0.428318 3.744466e-02 6.123200e-14 1 
    0.428724 3.664996e-02 5.981900e-14 1 
    0.429131 3.695652e-02 6.020500e-14 1 
    0.429538 3.708508e-02 6.030000e-14 1 
    0.429945 3.762123e-02 6.105600e-14 1 
    0.430351 3.656998e-02 5.923800e-14 1 
    0.430758 3.605470e-02 5.829300e-14 1 
    0.431165 3.543378e-02 5.718100e-14 1 
    0.431571 3.615864e-02 5.824100e-14 1 
    0.431978 3.546987e-02 5.702400e-14 1 
    0.432385 3.406789e-02 5.466700e-14 1 
    0.432792 3.141545e-02 5.031600e-14 1 
    0.433198 3.028465e-02 4.841400e-14 1 
    0.433605 3.028769e-02 4.832800e-14 1 
    0.434012 3.110432e-02 4.953800e-14 1 
    0.434418 3.449029e-02 5.482800e-14 1 
    0.434825 3.678411e-02 5.836500e-14 1 
    0.435232 4.053798e-02 6.420100e-14 1 
    0.435638 4.206041e-02 6.648800e-14 1 
    0.436045 4.117569e-02 6.496800e-14 1 
    0.436452 4.141260e-02 6.522000e-14 1 
    0.436859 4.127485e-02 6.488200e-14 1 
    0.437265 4.148608e-02 6.509300e-14 1 
    0.437672 4.082650e-02 6.393900e-14 1 
    0.438079 4.205970e-02 6.574800e-14 1 
    0.438485 4.424368e-02 6.903400e-14 1 
    0.438892 4.562030e-02 7.105000e-14 1 
    0.439299 4.503594e-02 7.001000e-14 1 
    0.439706 4.643673e-02 7.205400e-14 1 
    0.440112 4.560052e-02 7.062600e-14 1 
    0.440519 4.509108e-02 6.970800e-14 1 
    0.440926 4.280645e-02 6.605400e-14 1 
    0.441332 4.125117e-02 6.353700e-14 1 
    0.441739 4.061245e-02 6.243800e-14 1 
    0.442146 4.171105e-02 6.400900e-14 1 
    0.442553 4.254191e-02 6.516400e-14 1 
    0.442959 4.265598e-02 6.521900e-14 1 
    0.443366 4.521320e-02 6.900200e-14 1 
    0.443773 4.512950e-02 6.874800e-14 1 
    0.444179 4.473269e-02 6.801900e-14 1 
    0.444586 4.558491e-02 6.918800e-14 1 
    0.444993 4.673573e-02 7.080500e-14 1 
    0.445400 4.847840e-02 7.331100e-14 1 
    0.445806 4.815808e-02 7.269400e-14 1 
    0.446213 4.754719e-02 7.164100e-14 1 
    0.446620 4.821841e-02 7.252000e-14 1 
    0.447026 4.849529e-02 7.280400e-14 1 
    0.447433 5.071239e-02 7.599400e-14 1 
    0.447840 5.080603e-02 7.599600e-14 1 
    0.448246 4.895123e-02 7.308900e-14 1 
    0.448653 4.883082e-02 7.277700e-14 1 
    0.449060 4.934630e-02 7.341200e-14 1 
    0.449467 4.947147e-02 7.346500e-14 1 
    0.449873 4.983614e-02 7.387300e-14 1 
    0.450280 5.123950e-02 7.581600e-14 1 
    0.450687 5.233965e-02 7.730400e-14 1 
    0.451094 5.540376e-02 8.168200e-14 1 
    0.451500 5.509243e-02 8.107700e-14 1 
    0.451907 5.341100e-02 7.846100e-14 1 
    0.452314 5.361160e-02 7.861400e-14 1 
    0.452720 5.566862e-02 8.148400e-14 1 
    0.453127 5.582077e-02 8.156000e-14 1 
    0.453534 5.631945e-02 8.214100e-14 1 
    0.453940 5.818491e-02 8.471000e-14 1 
    0.454347 5.901387e-02 8.576300e-14 1 
    0.454754 5.737562e-02 8.323300e-14 1 
    0.455161 5.694455e-02 8.246000e-14 1 
    0.455567 5.342735e-02 7.722900e-14 1 
    0.455974 5.334684e-02 7.697500e-14 1 
    0.456381 5.365942e-02 7.728800e-14 1 
    0.456787 5.431551e-02 7.809400e-14 1 
    0.457194 5.476490e-02 7.860000e-14 1 
    0.457601 5.462792e-02 7.826400e-14 1 
    0.458008 5.563066e-02 7.955900e-14 1 
    0.458414 5.684379e-02 8.115000e-14 1 
    0.458821 5.784999e-02 8.244000e-14 1 
    0.459228 5.797867e-02 8.247700e-14 1 
    0.459634 5.798335e-02 8.233800e-14 1 
    0.460041 5.996402e-02 8.500000e-14 1 
    0.460448 5.944897e-02 8.412100e-14 1 
    0.460854 5.845653e-02 8.257100e-14 1 
    0.461261 5.891726e-02 8.307500e-14 1 
    0.461668 5.812824e-02 8.181800e-14 1 
    0.462075 5.654971e-02 7.945600e-14 1 
    0.462481 5.836594e-02 8.186400e-14 1 
    0.462888 5.921435e-02 8.290800e-14 1 
    0.463295 5.976643e-02 8.353400e-14 1 
    0.463701 6.083736e-02 8.488200e-14 1 
    0.464108 6.120125e-02 8.524000e-14 1 
    0.464515 6.198042e-02 8.617400e-14 1 
    0.464922 6.474271e-02 8.985700e-14 1 
    0.465328 6.387639e-02 8.850000e-14 1 
    0.465735 6.331939e-02 8.757500e-14 1 
    0.466142 6.380890e-02 8.809800e-14 1 
    0.466548 6.229195e-02 8.585400e-14 1 
    0.466955 6.061197e-02 8.339300e-14 1 
    0.467362 6.056697e-02 8.318600e-14 1 
    0.467769 5.996210e-02 8.221200e-14 1 
    0.468175 5.906966e-02 8.084800e-14 1 
    0.468582 6.040857e-02 8.253700e-14 1 
    0.468989 6.042266e-02 8.241300e-14 1 
    0.469395 6.153864e-02 8.379000e-14 1 
    0.469802 6.235463e-02 8.475400e-14 1 
    0.470209 6.058928e-02 8.221200e-14 1 
    0.470616 5.989173e-02 8.112500e-14 1 
    0.471022 6.135513e-02 8.296400e-14 1 
    0.471429 6.094040e-02 8.226100e-14 1 
    0.471836 6.094326e-02 8.212300e-14 1 
    0.472242 6.111955e-02 8.221900e-14 1 
    0.472649 6.081539e-02 8.166900e-14 1 
    0.473056 6.067102e-02 8.133500e-14 1 
    0.473462 5.952287e-02 7.965900e-14 1 
    0.473869 6.140819e-02 8.204100e-14 1 
    0.474276 6.150322e-02 8.202700e-14 1 
    0.474683 6.257471e-02 8.331300e-14 1 
    0.475089 6.381787e-02 8.482300e-14 1 
    0.475496 6.496052e-02 8.619400e-14 1 
    0.475903 6.445347e-02 8.537500e-14 1 
    0.476309 6.444854e-02 8.522300e-14 1 
    0.476716 6.557610e-02 8.656600e-14 1 
    0.477123 6.521840e-02 8.594700e-14 1 
    0.477530 6.568012e-02 8.640800e-14 1 
    0.477936 6.607967e-02 8.678600e-14 1 
    0.478343 6.605956e-02 8.661200e-14 1 
    0.478750 6.733407e-02 8.813300e-14 1 
    0.479156 6.496263e-02 8.488500e-14 1 
    0.479563 6.456170e-02 8.421800e-14 1 
    0.479970 6.518660e-02 8.488900e-14 1 
    0.480377 6.600410e-02 8.580800e-14 1 
    0.480783 6.630373e-02 8.605200e-14 1 
    0.481190 6.639519e-02 8.602500e-14 1 
    0.481597 6.678897e-02 8.638900e-14 1 
    0.482003 6.628054e-02 8.558700e-14 1 
    0.482410 6.661593e-02 8.587500e-14 1 
    0.482817 6.824128e-02 8.782200e-14 1 
    0.483224 6.797811e-02 8.733600e-14 1 
    0.483630 6.964156e-02 8.932300e-14 1 
    0.484037 6.951126e-02 8.900600e-14 1 
    0.484444 6.893901e-02 8.812500e-14 1 
    0.484850 6.945190e-02 8.863200e-14 1 
    0.485257 6.953243e-02 8.858600e-14 1 
    0.485664 7.062248e-02 8.982400e-14 1 
    0.486071 6.923904e-02 8.791700e-14 1 
    0.486477 6.941865e-02 8.799800e-14 1 
    0.486884 7.010221e-02 8.871600e-14 1 
    0.487291 6.890714e-02 8.705800e-14 1 
    0.487697 6.940416e-02 8.754000e-14 1 
    0.488104 6.759343e-02 8.511400e-14 1 
    0.488511 6.692027e-02 8.412600e-14 1 
    0.488917 6.635347e-02 8.327500e-14 1 
    0.489324 6.485897e-02 8.126400e-14 1 
    0.489731 6.211445e-02 7.769600e-14 1 
    0.490138 6.260370e-02 7.817800e-14 1 
    0.490544 6.461889e-02 8.056100e-14 1 
    0.490951 6.559950e-02 8.164800e-14 1 
    0.491358 6.774843e-02 8.418300e-14 1 
    0.491764 6.715106e-02 8.330300e-14 1 
    0.492171 6.769666e-02 8.384100e-14 1 
    0.492578 6.792594e-02 8.398600e-14 1 
    0.492985 7.079911e-02 8.739400e-14 1 
    0.493391 7.177834e-02 8.845700e-14 1 
    0.493798 7.182528e-02 8.836900e-14 1 
    0.494205 7.278716e-02 8.940500e-14 1 
    0.494611 7.068711e-02 8.668300e-14 1 
    0.495018 7.003978e-02 8.574800e-14 1 
    0.495425 7.113595e-02 8.694700e-14 1 
    0.495832 7.062842e-02 8.618500e-14 1 
    0.496238 7.103061e-02 8.653400e-14 1 
    0.496645 7.213463e-02 8.773500e-14 1 
    0.497052 7.251890e-02 8.805800e-14 1 
    0.497458 7.375018e-02 8.940700e-14 1 
    0.497865 7.389074e-02 8.943100e-14 1 
    0.498272 7.339754e-02 8.868900e-14 1 
    0.498679 7.501704e-02 9.049800e-14 1 
    0.499085 7.418856e-02 8.935300e-14 1 
    0.499492 7.439526e-02 8.945600e-14 1 
    0.499899 7.450657e-02 8.944400e-14 1 
    0.500305 7.500308e-02 8.989400e-14 1 
    0.500712 7.339525e-02 8.782400e-14 1 
    0.501119 7.220042e-02 8.625400e-14 1 
    0.501525 7.111683e-02 8.482200e-14 1 
    0.501932 7.105763e-02 8.461400e-14 1 
    0.502339 7.104675e-02 8.446400e-14 1 
    0.502746 7.107682e-02 8.436300e-14 1 
    0.503152 6.944147e-02 8.228900e-14 1 
    0.503559 7.292044e-02 8.627200e-14 1 
    0.503966 7.151618e-02 8.447400e-14 1 
    0.504372 7.062661e-02 8.328900e-14 1 
    0.504779 6.872855e-02 8.092000e-14 1 
    0.505186 6.917801e-02 8.131800e-14 1 
    0.505593 6.936621e-02 8.140800e-14 1 
    0.505999 7.059824e-02 8.272100e-14 1 
    0.506406 7.152735e-02 8.367500e-14 1 
    0.506813 7.097454e-02 8.289500e-14 1 
    0.507219 7.198618e-02 8.394200e-14 1 
    0.507626 7.290228e-02 8.487400e-14 1 
    0.508033 7.319904e-02 8.508300e-14 1 
    0.508440 7.204622e-02 8.360900e-14 1 
    0.508846 7.428364e-02 8.606800e-14 1 
    0.509253 7.572601e-02 8.759900e-14 1 
    0.509660 7.396649e-02 8.542700e-14 1 
    0.510066 7.455876e-02 8.597400e-14 1 
    0.510473 7.512164e-02 8.648500e-14 1 
    0.510880 7.341971e-02 8.439100e-14 1 
    0.511286 7.254308e-02 8.325100e-14 1 
    0.511693 7.177452e-02 8.223800e-14 1 
    0.512100 7.337130e-02 8.393400e-14 1 
    0.512507 7.382067e-02 8.431400e-14 1 
    0.512913 7.231360e-02 8.246200e-14 1 
    0.513320 7.471646e-02 8.506700e-14 1 
    0.513727 7.378019e-02 8.386800e-14 1 
    0.514133 7.378408e-02 8.374000e-14 1 
    0.514540 7.482404e-02 8.478600e-14 1 
    0.514947 7.543215e-02 8.534000e-14 1 
    0.515354 7.375781e-02 8.331400e-14 1 
    0.515760 7.409043e-02 8.355800e-14 1 
    0.516167 7.552001e-02 8.503600e-14 1 
    0.516574 7.367337e-02 8.282600e-14 1 
    0.516980 7.325111e-02 8.222200e-14 1 
    0.517387 7.328084e-02 8.212600e-14 1 
    0.517794 7.271071e-02 8.135900e-14 1 
    0.518201 7.286712e-02 8.140600e-14 1 
    0.518607 7.192168e-02 8.022400e-14 1 
    0.519014 7.179307e-02 7.995500e-14 1 
    0.519421 7.083461e-02 7.876400e-14 1 
    0.519827 6.876021e-02 7.633800e-14 1 
    0.520234 6.564817e-02 7.276900e-14 1 
    0.520641 6.593074e-02 7.296800e-14 1 
    0.521048 6.434699e-02 7.110400e-14 1 
    0.521454 6.395514e-02 7.056100e-14 1 
    0.521861 6.417121e-02 7.068900e-14 1 
    0.522268 6.768545e-02 7.444400e-14 1 
    0.522674 7.088139e-02 7.783800e-14 1 
    0.523081 7.239637e-02 7.937800e-14 1 
    0.523488 7.324441e-02 8.018300e-14 1 
    0.523895 7.486060e-02 8.182500e-14 1 
    0.524301 7.478607e-02 8.161700e-14 1 
    0.524708 7.685333e-02 8.374300e-14 1 
    0.525115 7.615546e-02 8.285400e-14 1 
    0.525521 7.616188e-02 8.273300e-14 1 
    0.525928 7.879972e-02 8.546600e-14 1 
    0.526335 7.917292e-02 8.573800e-14 1 
    0.526742 7.960430e-02 8.607200e-14 1 
    0.527148 8.187048e-02 8.838600e-14 1 
    0.527555 8.201087e-02 8.840100e-14 1 
    0.527962 8.285291e-02 8.917100e-14 1 
    0.528368 8.362620e-02 8.986500e-14 1 
    0.528775 8.375694e-02 8.986700e-14 1 
    0.529182 8.141883e-02 8.722400e-14 1 
    0.529588 8.014616e-02 8.572900e-14 1 
    0.529995 7.898666e-02 8.435900e-14 1 
    0.530402 7.953376e-02 8.481300e-14 1 
    0.530809 7.806392e-02 8.311800e-14 1 
    0.531215 7.815140e-02 8.308400e-14 1 
    0.531622 8.169754e-02 8.672100e-14 1 
    0.532029 8.526178e-02 9.036600e-14 1 
    0.532435 8.598823e-02 9.099700e-14 1 
    0.532842 8.973689e-02 9.481900e-14 1 
    0.533249 9.021621e-02 9.518000e-14 1 
    0.533656 8.836425e-02 9.308400e-14 1 
    0.534062 8.848830e-02 9.307300e-14 1 
    0.534469 8.936497e-02 9.385200e-14 1 
    0.534876 8.899664e-02 9.332300e-14 1 
    0.535282 8.889780e-02 9.307800e-14 1 
    0.535689 8.972177e-02 9.379800e-14 1 
    0.536096 8.895380e-02 9.285400e-14 1 
    0.536503 8.718728e-02 9.087200e-14 1 
    0.536909 8.681674e-02 9.034900e-14 1 
    0.537316 8.759224e-02 9.101800e-14 1 
    0.537723 8.852398e-02 9.184700e-14 1 
    0.538129 8.868474e-02 9.187500e-14 1 
    0.538536 9.025937e-02 9.336500e-14 1 
    0.538943 9.270695e-02 9.575200e-14 1 
    0.539349 9.161425e-02 9.448100e-14 1 
    0.539756 9.264890e-02 9.540400e-14 1 
    0.540163 9.218568e-02 9.478400e-14 1 
    0.540570 9.225745e-02 9.471500e-14 1 
    0.540976 9.086548e-02 9.314600e-14 1 
    0.541383 9.176431e-02 9.392600e-14 1 
    0.541790 9.242091e-02 9.445600e-14 1 
    0.542196 9.232920e-02 9.422100e-14 1 
    0.542603 9.090745e-02 9.263100e-14 1 
    0.543010 8.799798e-02 8.953200e-14 1 
    0.543417 8.747338e-02 8.886500e-14 1 
    0.543823 8.625062e-02 8.749200e-14 1 
    0.544230 8.677271e-02 8.789000e-14 1 
    0.544637 8.863091e-02 8.963800e-14 1 
    0.545043 9.017320e-02 9.106200e-14 1 
    0.545450 9.073634e-02 9.149400e-14 1 
    0.545857 9.165841e-02 9.228600e-14 1 
    0.546264 9.364028e-02 9.414100e-14 1 
    0.546670 9.296467e-02 9.332300e-14 1 
    0.547077 9.254945e-02 9.276800e-14 1 
    0.547484 9.318078e-02 9.326200e-14 1 
    0.547890 9.219234e-02 9.213600e-14 1 
    0.548297 9.359101e-02 9.339500e-14 1 
    0.548704 9.198276e-02 9.165400e-14 1 
    0.549111 9.132826e-02 9.086700e-14 1 
    0.549517 9.132245e-02 9.072700e-14 1 
    0.549924 9.369768e-02 9.294900e-14 1 
    0.550331 9.258156e-02 9.170600e-14 1 
    0.550737 9.344009e-02 9.242000e-14 1 
    0.551144 9.236320e-02 9.122000e-14 1 
    0.551551 9.073525e-02 8.948000e-14 1 
    0.551957 9.146398e-02 9.006600e-14 1 
    0.552364 9.208201e-02 9.054100e-14 1 
    0.552771 9.255386e-02 9.087100e-14 1 
    0.553178 9.462926e-02 9.277200e-14 1 
    0.553584 9.554968e-02 9.353700e-14 1 
    0.553991 9.335979e-02 9.125900e-14 1 
    0.554398 9.466600e-02 9.240000e-14 1 
    0.554804 9.467953e-02 9.227800e-14 1 
    0.555211 9.652419e-02 9.393800e-14 1 
    0.555618 9.686025e-02 9.412700e-14 1 
    0.556025 9.720213e-02 9.432100e-14 1 
    0.556431 9.754539e-02 9.451600e-14 1 
    0.556838 9.788968e-02 9.471100e-14 1 
    0.557245 9.823468e-02 9.490600e-14 1 
    0.557651 9.857999e-02 9.510100e-14 1 
    0.558058 9.892637e-02 9.529600e-14 1 
    0.558465 9.927241e-02 9.549000e-14 1 
    0.558872 9.961914e-02 9.568400e-14 1 
    0.559278 9.996619e-02 9.587800e-14 1 
    0.559685 1.003143e-01 9.607200e-14 1 
    0.560092 9.846093e-02 9.416000e-14 1 
    0.560498 9.692194e-02 9.255400e-14 1 
    0.560905 9.799924e-02 9.344700e-14 1 
    0.561312 9.628260e-02 9.167700e-14 1 
    0.561719 9.687243e-02 9.210500e-14 1 
    0.562125 9.721790e-02 9.230000e-14 1 
    0.562532 9.670685e-02 9.168200e-14 1 
    0.562939 9.648348e-02 9.133800e-14 1 
    0.563345 9.493648e-02 8.974400e-14 1 
    0.563752 9.528239e-02 8.994100e-14 1 
    0.564159 9.792908e-02 9.230600e-14 1 
    0.564566 9.884391e-02 9.303400e-14 1 
    0.564972 9.802961e-02 9.213500e-14 1 
    0.565379 9.993006e-02 9.378600e-14 1 
    0.565786 9.966956e-02 9.340700e-14 1 
    0.566192 1.003769e-01 9.393500e-14 1 
    0.566599 1.003928e-01 9.381500e-14 1 
    0.567006 1.007600e-01 9.402300e-14 1 
    0.567412 1.021417e-01 9.517600e-14 1 
    0.567819 9.973906e-02 9.280400e-14 1 
    0.568226 1.015525e-01 9.435600e-14 1 
    0.568633 1.017896e-01 9.444100e-14 1 
    0.569039 9.893658e-02 9.166300e-14 1 
    0.569446 9.879928e-02 9.140500e-14 1 
    0.569853 1.021316e-01 9.435300e-14 1 
    0.570259 1.027628e-01 9.480100e-14 1 
    0.570666 1.001349e-01 9.224500e-14 1 
    0.571073 1.020302e-01 9.385700e-14 1 
    0.571480 1.023607e-01 9.402700e-14 1 
    0.571886 1.017747e-01 9.335600e-14 1 
    0.572293 1.028083e-01 9.417000e-14 1 
    0.572700 1.045748e-01 9.565200e-14 1 
    0.573106 1.049848e-01 9.589100e-14 1 
    0.573513 1.053829e-01 9.611800e-14 1 
    0.573920 1.057005e-01 9.627100e-14 1 
    0.574327 1.046333e-01 9.516400e-14 1 
    0.574733 1.017192e-01 9.238300e-14 1 
    0.575140 1.027543e-01 9.319100e-14 1 
    0.575547 1.042446e-01 9.440900e-14 1 
    0.575953 1.059309e-01 9.580100e-14 1 
    0.576360 1.073442e-01 9.694200e-14 1 
    0.576767 1.083363e-01 9.770000e-14 1 
    0.577173 1.080592e-01 9.731300e-14 1 
    0.577580 1.073543e-01 9.654200e-14 1 
    0.577987 1.086359e-01 9.755700e-14 1 
    0.578394 1.098740e-01 9.853000e-14 1 
    0.578800 1.103510e-01 9.881900e-14 1 
    0.579207 1.060634e-01 9.484600e-14 1 
    0.579614 1.062640e-01 9.489200e-14 1 
    0.580020 1.115591e-01 9.948100e-14 1 
    0.580427 1.116191e-01 9.939500e-14 1 
    0.580834 1.104498e-01 9.821600e-14 1 
    0.581241 1.087263e-01 9.654800e-14 1 
    0.581647 1.087034e-01 9.639300e-14 1 
    0.582054 1.103056e-01 9.767700e-14 1 
    0.582461 1.093008e-01 9.665200e-14 1 
    0.582867 1.087160e-01 9.600100e-14 1 
    0.583274 1.099407e-01 9.694700e-14 1 
    0.583681 1.120951e-01 9.870900e-14 1 
    0.584088 1.109960e-01 9.760500e-14 1 
    0.584494 1.120466e-01 9.839200e-14 1 
    0.584901 1.128230e-01 9.893600e-14 1 
    0.585308 1.155541e-01 1.011900e-13 1 
    0.585714 1.154972e-01 1.010000e-13 1 
    0.586121 1.175586e-01 1.026600e-13 1 
    0.586528 1.160592e-01 1.012100e-13 1 
    0.586935 1.157955e-01 1.008400e-13 1 
    0.587341 1.141435e-01 9.926400e-14 1 
    0.587748 1.109106e-01 9.631900e-14 1 
    0.588155 1.143436e-01 9.916300e-14 1 
    0.588561 1.153525e-01 9.990000e-14 1 
    0.588968 1.133626e-01 9.804100e-14 1 
    0.589375 1.115486e-01 9.633900e-14 1 
    0.589781 1.123030e-01 9.685700e-14 1 
    0.590188 1.128981e-01 9.723600e-14 1 
    0.590595 1.114529e-01 9.585900e-14 1 
    0.591002 1.116158e-01 9.586700e-14 1 
    0.591408 1.114754e-01 9.561500e-14 1 
    0.591815 1.113546e-01 9.538000e-14 1 
    0.592222 1.087020e-01 9.298000e-14 1 
    0.592628 1.040816e-01 8.890600e-14 1 
    0.593035 9.840652e-02 8.394300e-14 1 
    0.593442 9.835968e-02 8.378800e-14 1 
    0.593849 9.903892e-02 8.425100e-14 1 
    0.594255 9.992068e-02 8.488500e-14 1 
    0.594662 1.052311e-01 8.927400e-14 1 
    0.595069 1.083745e-01 9.181500e-14 1 
    0.595475 1.113036e-01 9.416800e-14 1 
    0.595882 1.139212e-01 9.625100e-14 1 
    0.596289 1.132377e-01 9.554300e-14 1 
    0.596696 1.129924e-01 9.520600e-14 1 
    0.597102 1.151476e-01 9.689000e-14 1 
    0.597509 1.152260e-01 9.682400e-14 1 
    0.597916 1.159611e-01 9.730900e-14 1 
    0.598322 1.140900e-01 9.560900e-14 1 
    0.598729 1.143086e-01 9.566200e-14 1 
    0.599136 1.171742e-01 9.792700e-14 1 
    0.599543 1.152642e-01 9.620000e-14 1 
    0.599949 1.165422e-01 9.713500e-14 1 
    0.600356 1.176219e-01 9.790200e-14 1 
    0.600763 1.156881e-01 9.616200e-14 1 
    0.601169 1.171455e-01 9.724200e-14 1 
    0.601576 1.184490e-01 9.819100e-14 1 
    0.601983 1.200854e-01 9.941300e-14 1 
    0.602390 1.192754e-01 9.860900e-14 1 
    0.602796 1.175613e-01 9.706100e-14 1 
    0.603203 1.163641e-01 9.594300e-14 1 
    0.603610 1.183976e-01 9.748800e-14 1 
    0.604016 1.180631e-01 9.708200e-14 1 
    0.604423 1.158416e-01 9.512700e-14 1 
    0.604830 1.171049e-01 9.603500e-14 1 
    0.605236 1.168738e-01 9.571700e-14 1 
    0.605643 1.204338e-01 9.850000e-14 1 
    0.606050 1.171762e-01 9.570700e-14 1 
    0.606457 1.168886e-01 9.534400e-14 1 
    0.606863 1.186263e-01 9.663200e-14 1 
    0.607270 1.231592e-01 1.001900e-13 1 
    0.607677 1.233120e-01 1.001800e-13 1 
    0.608083 1.227731e-01 9.960900e-14 1 
    0.608490 1.236916e-01 1.002200e-13 1 
    0.608897 1.242278e-01 1.005200e-13 1 
    0.609304 1.249385e-01 1.009600e-13 1 
    0.609710 1.243120e-01 1.003200e-13 1 
    0.610117 1.219839e-01 9.831000e-14 1 
    0.610524 1.229494e-01 9.895600e-14 1 
    0.610930 1.235185e-01 9.928200e-14 1 
    0.611337 1.238775e-01 9.943800e-14 1 
    0.611744 1.252301e-01 1.003900e-13 1 
    0.612151 1.240977e-01 9.935000e-14 1 
    0.612557 1.238709e-01 9.903700e-14 1 
    0.612964 1.253669e-01 1.001000e-13 1 
    0.613371 1.232271e-01 9.826100e-14 1 
    0.613777 1.215846e-01 9.682300e-14 1 
    0.614184 1.221181e-01 9.711900e-14 1 
    0.614591 1.247478e-01 9.907900e-14 1 
    0.614998 1.268811e-01 1.006400e-13 1 
    0.615404 1.222376e-01 9.682900e-14 1 
    0.615811 1.234814e-01 9.768500e-14 1 
    0.616218 1.237320e-01 9.775400e-14 1 
    0.616624 1.227798e-01 9.687400e-14 1 
    0.617031 1.243557e-01 9.798800e-14 1 
    0.617438 1.231651e-01 9.692200e-14 1 
    0.617844 1.226502e-01 9.639000e-14 1 
    0.618251 1.215645e-01 9.541100e-14 1 
    0.618658 1.226279e-01 9.611900e-14 1 
    0.619065 1.219129e-01 9.543300e-14 1 
    0.619471 1.201171e-01 9.390400e-14 1 
    0.619878 1.211613e-01 9.459600e-14 1 
    0.620285 1.189337e-01 9.273500e-14 1 
    0.620691 1.176730e-01 9.163200e-14 1 
    0.621098 1.169440e-01 9.094500e-14 1 
    0.621505 1.173509e-01 9.114200e-14 1 
    0.621912 1.191511e-01 9.241900e-14 1 
    0.622318 1.201264e-01 9.305400e-14 1 
    0.622725 1.182154e-01 9.145400e-14 1 
    0.623132 1.198533e-01 9.260000e-14 1 
    0.623538 1.189921e-01 9.181500e-14 1 
    0.623945 1.195446e-01 9.212100e-14 1 
    0.624352 1.188495e-01 9.146600e-14 1 
    0.624759 1.210680e-01 9.305200e-14 1 
    0.625165 1.237007e-01 9.495200e-14 1 
    0.625572 1.222078e-01 9.368400e-14 1 
    0.625979 1.202090e-01 9.203200e-14 1 
    0.626385 1.184425e-01 9.056200e-14 1 
    0.626792 1.188466e-01 9.075300e-14 1 
    0.627199 1.192514e-01 9.094400e-14 1 
    0.627606 1.196583e-01 9.113600e-14 1 
    0.628012 1.200656e-01 9.132800e-14 1 
    0.628419 1.204740e-01 9.152000e-14 1 
    0.628826 1.208845e-01 9.171300e-14 1 
    0.629232 1.212954e-01 9.190600e-14 1 
    0.629639 1.217074e-01 9.209900e-14 1 
    0.630046 1.183477e-01 8.944100e-14 1 
    0.630452 1.160280e-01 8.757500e-14 1 
    0.630859 1.279529e-01 9.645100e-14 1 
    0.631266 1.316142e-01 9.908300e-14 1 
    0.631673 1.287235e-01 9.678200e-14 1 
    0.632079 1.270712e-01 9.541700e-14 1 
    0.632486 1.250094e-01 9.374800e-14 1 
    0.632893 1.235054e-01 9.250100e-14 1 
    0.633299 1.235903e-01 9.244600e-14 1 
    0.633706 1.278722e-01 9.552600e-14 1 
    0.634113 1.259549e-01 9.397300e-14 1 
    0.634520 1.251772e-01 9.327300e-14 1 
    0.634926 1.263722e-01 9.404300e-14 1 
    0.635333 1.244272e-01 9.247700e-14 1 
    0.635740 1.299553e-01 9.646200e-14 1 
    0.636146 1.288075e-01 9.548800e-14 1 
    0.636553 1.281957e-01 9.491300e-14 1 
    0.636960 1.286857e-01 9.515400e-14 1 
    0.637367 1.351157e-01 9.978100e-14 1 
    0.637773 1.276016e-01 9.411200e-14 1 
    0.638180 1.246719e-01 9.183400e-14 1 
    0.638587 1.289647e-01 9.487500e-14 1 
    0.638993 1.306041e-01 9.595900e-14 1 
    0.639400 1.290248e-01 9.467800e-14 1 
    0.639807 1.287715e-01 9.437200e-14 1 
    0.640214 1.280638e-01 9.373400e-14 1 
    0.640620 1.275395e-01 9.323200e-14 1 
    0.641027 1.292069e-01 9.433100e-14 1 
    0.641434 1.300389e-01 9.481800e-14 1 
    0.641840 1.305730e-01 9.508700e-14 1 
    0.642247 1.323913e-01 9.628900e-14 1 
    0.642654 1.351873e-01 9.819800e-14 1 
    0.643060 1.351197e-01 9.802500e-14 1 
    0.643467 1.333226e-01 9.659900e-14 1 
    0.643874 1.344407e-01 9.728600e-14 1 
    0.644281 1.351130e-01 9.764900e-14 1 
    0.644687 1.330376e-01 9.602800e-14 1 
    0.645094 1.340490e-01 9.663600e-14 1 
    0.645501 1.325807e-01 9.545700e-14 1 
    0.645907 1.326210e-01 9.536600e-14 1 
    0.646314 1.320112e-01 9.480800e-14 1 
    0.646721 1.342562e-01 9.629900e-14 1 
    0.647128 1.324626e-01 9.489300e-14 1 
    0.647534 1.314982e-01 9.408400e-14 1 
    0.647941 1.341783e-01 9.588100e-14 1 
    0.648348 1.353361e-01 9.658700e-14 1 
    0.648754 1.365214e-01 9.731100e-14 1 
    0.649161 1.331979e-01 9.482300e-14 1 
    0.649568 1.334437e-01 9.487900e-14 1 
    0.649975 1.355515e-01 9.625700e-14 1 
    0.650381 1.370717e-01 9.721500e-14 1 
    0.650788 1.351864e-01 9.575800e-14 1 
    0.651195 1.340367e-01 9.482500e-14 1 
    0.651601 1.399541e-01 9.888800e-14 1 
    0.652008 1.407922e-01 9.935600e-14 1 
    0.652415 1.380737e-01 9.731600e-14 1 
    0.652822 1.357060e-01 9.552800e-14 1 
    0.653228 1.330429e-01 9.353700e-14 1 
    0.653635 1.347340e-01 9.460800e-14 1 
    0.654042 1.332678e-01 9.346200e-14 1 
    0.654448 1.303823e-01 9.132500e-14 1 
    0.654855 1.323928e-01 9.261800e-14 1 
    0.655262 1.369828e-01 9.571000e-14 1 
    0.655669 1.378724e-01 9.621200e-14 1 
    0.656075 1.389442e-01 9.684000e-14 1 
    0.656482 1.411839e-01 9.827900e-14 1 
    0.656889 1.414611e-01 9.835000e-14 1 
    0.657295 1.426024e-01 9.902100e-14 1 
    0.657702 1.446521e-01 1.003200e-13 1 
    0.658109 1.414486e-01 9.797700e-14 1 
    0.658515 1.438680e-01 9.953000e-14 1 
    0.658922 1.435335e-01 9.917600e-14 1 
    0.659329 1.418040e-01 9.786000e-14 1 
    0.659736 1.407705e-01 9.702700e-14 1 
    0.660142 1.372033e-01 9.445200e-14 1 
    0.660549 1.350731e-01 9.287100e-14 1 
    0.660956 1.336028e-01 9.174700e-14 1 
    0.661362 1.358199e-01 9.315500e-14 1 
    0.661769 1.360455e-01 9.319500e-14 1 
    0.662176 1.384857e-01 9.475000e-14 1 
    0.662583 1.445681e-01 9.879000e-14 1 
    0.662989 1.442618e-01 9.846000e-14 1 
    0.663396 1.452003e-01 9.897900e-14 1 
    0.663803 1.446177e-01 9.846100e-14 1 
    0.664209 1.444005e-01 9.819300e-14 1 
    0.664616 1.393138e-01 9.461800e-14 1 
    0.665023 1.421159e-01 9.640300e-14 1 
    0.665430 1.451400e-01 9.833400e-14 1 
    0.665836 1.438749e-01 9.735800e-14 1 
    0.666243 1.477853e-01 9.988200e-14 1 
    0.666650 1.446387e-01 9.763600e-14 1 
    0.667056 1.425545e-01 9.611200e-14 1 
    0.667463 1.447140e-01 9.744900e-14 1 
    0.667870 1.455670e-01 9.790400e-14 1 
    0.668277 1.452786e-01 9.759100e-14 1 
    0.668683 1.452256e-01 9.743700e-14 1 
    0.669090 1.463903e-01 9.809900e-14 1 
    0.669497 1.443124e-01 9.658900e-14 1 
    0.669903 1.434852e-01 9.591900e-14 1 
    0.670310 1.436731e-01 9.592800e-14 1 
    0.670717 1.450233e-01 9.671200e-14 1 
    0.671123 1.456103e-01 9.698600e-14 1 
    0.671530 1.423732e-01 9.471500e-14 1 
    0.671937 1.452202e-01 9.649200e-14 1 
    0.672344 1.403800e-01 9.316300e-14 1 
    0.672750 1.430675e-01 9.483200e-14 1 
    0.673157 1.430836e-01 9.472800e-14 1 
    0.673564 1.448370e-01 9.577300e-14 1 
    0.673970 1.442849e-01 9.529300e-14 1 
    0.674377 1.430403e-01 9.435700e-14 1 
    0.674784 1.420337e-01 9.358000e-14 1 
    0.675191 1.458187e-01 9.595800e-14 1 
    0.675597 1.472813e-01 9.680400e-14 1 
    0.676004 1.436155e-01 9.428100e-14 1 
    0.676411 1.469699e-01 9.636700e-14 1 
    0.676817 1.458974e-01 9.554900e-14 1 
    0.677224 1.443240e-01 9.440500e-14 1 
    0.677631 1.448419e-01 9.463000e-14 1 
    0.678038 1.449439e-01 9.458300e-14 1 
    0.678444 1.438272e-01 9.374200e-14 1 
    0.678851 1.459230e-01 9.499400e-14 1 
    0.679258 1.430406e-01 9.300600e-14 1 
    0.679664 1.453627e-01 9.440300e-14 1 
    0.680071 1.469737e-01 9.533500e-14 1 
    0.680478 1.475355e-01 9.558500e-14 1 
    0.680885 1.456413e-01 9.424500e-14 1 
    0.681291 1.479858e-01 9.564800e-14 1 
    0.681698 1.523280e-01 9.833700e-14 1 
    0.682105 1.484854e-01 9.574200e-14 1 
    0.682511 1.440630e-01 9.278000e-14 1 
    0.682918 1.482333e-01 9.535200e-14 1 
    0.683325 1.516692e-01 9.744600e-14 1 
    0.683731 1.494824e-01 9.592700e-14 1 
    0.684138 1.478631e-01 9.477500e-14 1 
    0.684545 1.487702e-01 9.524300e-14 1 
    0.684952 1.482340e-01 9.478700e-14 1 
    0.685358 1.459970e-01 9.324600e-14 1 
    0.685765 1.398578e-01 8.921900e-14 1 
    0.686172 1.346093e-01 8.576900e-14 1 
    0.686578 1.278047e-01 8.133700e-14 1 
    0.686985 1.228513e-01 7.809200e-14 1 
    0.687392 1.274306e-01 8.090700e-14 1 
    0.687799 1.274160e-01 8.080200e-14 1 
    0.688652 1.471050e-01 9.305700e-14 0 
    0.690240 1.470442e-01 9.259100e-14 0 
    0.691831 1.419936e-01 8.900000e-14 0 
    0.693426 1.462474e-01 9.124500e-14 0 
    0.695024 1.482200e-01 9.205100e-14 0 
    0.696626 1.485013e-01 9.180200e-14 0 
    0.698233 1.501574e-01 9.239900e-14 0 
    0.699842 1.532387e-01 9.386200e-14 0 
    0.701455 1.535277e-01 9.360700e-14 0 
    0.703072 1.563157e-01 9.486900e-14 0 
    0.704693 1.544617e-01 9.331300e-14 0 
    0.706318 1.512304e-01 9.094100e-14 0 
    0.707946 1.582901e-01 9.474900e-14 0 
    0.709578 1.567717e-01 9.340900e-14 0 
    0.711214 1.552681e-01 9.208800e-14 0 
    0.712853 1.506252e-01 8.892400e-14 0 
    0.714496 1.484956e-01 8.726400e-14 0 
    0.716143 1.498049e-01 8.762900e-14 0 
    0.717794 1.504312e-01 8.759100e-14 0 
    0.719449 1.489880e-01 8.635200e-14 0 
    0.721108 1.475578e-01 8.513000e-14 0 
    0.722770 1.502360e-01 8.627700e-14 0 
    0.724436 1.470913e-01 8.408300e-14 0 
    0.726106 1.463520e-01 8.327600e-14 0 
    0.727780 1.563885e-01 8.857800e-14 0 
    0.729457 1.545311e-01 8.712400e-14 0 
    0.731139 1.548187e-01 8.688500e-14 0 
    0.732825 1.631684e-01 9.115000e-14 0 
    0.734514 1.557550e-01 8.660900e-14 0 
    0.736207 1.604160e-01 8.879100e-14 0 
    0.737904 1.622018e-01 8.936700e-14 0 
    0.739605 1.682146e-01 9.225400e-14 0 
    0.741310 1.669816e-01 9.115700e-14 0 
    0.743019 1.711881e-01 9.302400e-14 0 
    0.744732 1.672160e-01 9.044800e-14 0 
    0.746449 1.758257e-01 9.466800e-14 0 
    0.748170 1.729373e-01 9.268500e-14 0 
    0.749894 1.785208e-01 9.523800e-14 0 
    0.751623 1.809230e-01 9.607600e-14 0 
    0.753356 1.771309e-01 9.363000e-14 0 
    0.755092 1.815915e-01 9.554700e-14 0 
    0.756833 1.786055e-01 9.354400e-14 0 
    0.758578 1.797619e-01 9.371700e-14 0 
    0.760326 1.842872e-01 9.563500e-14 0 
    0.762079 1.804241e-01 9.320000e-14 0 
    0.763836 1.828498e-01 9.401900e-14 0 
    0.765597 1.773754e-01 9.078500e-14 0 
    0.767361 1.777010e-01 9.053400e-14 0 
    0.769130 1.834371e-01 9.302700e-14 0 
    0.770904 1.804194e-01 9.107600e-14 0 
    0.772681 1.663720e-01 8.359900e-14 0 
    0.774462 1.765526e-01 8.830700e-14 0 
    0.776247 1.760639e-01 8.765800e-14 0 
    0.778037 1.727685e-01 8.562200e-14 0 
    0.779830 1.758969e-01 8.677200e-14 0 
    0.781628 1.718112e-01 8.436700e-14 0 
    0.783430 1.769477e-01 8.649000e-14 0 
    0.785236 1.744369e-01 8.487100e-14 0 
    0.787046 1.796504e-01 8.700600e-14 0 
    0.788860 1.829023e-01 8.817400e-14 0 
    0.790679 1.819734e-01 8.732300e-14 0 
    0.792501 1.856937e-01 8.869900e-14 0 
    0.794328 1.817976e-01 8.643900e-14 0 
    0.796159 1.767565e-01 8.365600e-14 0 
    0.797995 1.738453e-01 8.190000e-14 0 
    0.799834 1.761765e-01 8.261700e-14 0 
    0.801678 1.789521e-01 8.353300e-14 0 
    0.803526 1.847238e-01 8.583100e-14 0 
    0.805378 1.816801e-01 8.402900e-14 0 
    0.807235 1.858205e-01 8.554900e-14 0 
    0.809096 1.878784e-01 8.609900e-14 0 
    0.810961 1.926016e-01 8.785800e-14 0 
    0.812831 1.938411e-01 8.801700e-14 0 
    0.814704 1.915251e-01 8.656600e-14 0 
    0.816582 1.853566e-01 8.339300e-14 0 
    0.818465 1.882734e-01 8.431600e-14 0 
    0.820352 1.907958e-01 8.505300e-14 0 
    0.822243 1.898240e-01 8.423100e-14 0 
    0.824138 1.968467e-01 8.694600e-14 0 
    0.826038 1.967478e-01 8.650300e-14 0 
    0.827942 1.980101e-01 8.665800e-14 0 
    0.829851 1.723721e-01 7.509100e-14 0 
    0.831764 2.033477e-01 8.817800e-14 0 
    0.833681 2.051247e-01 8.854000e-14 0 
    0.835603 1.962429e-01 8.431700e-14 0 
    0.837529 1.868816e-01 7.992600e-14 0 
    0.839460 1.973986e-01 8.403600e-14 0 
    0.841395 1.991191e-01 8.437900e-14 0 
    0.843335 1.985590e-01 8.375500e-14 0 
    0.845279 1.890868e-01 7.939300e-14 0 
    0.847227 1.988073e-01 8.309100e-14 0 
    0.849180 1.996191e-01 8.304700e-14 0 
    0.851138 1.931853e-01 8.000100e-14 0 
    0.853100 1.957679e-01 8.069800e-14 0 
    0.855067 1.970202e-01 8.084100e-14 0 
    0.857038 1.449710e-01 5.921100e-14 0 
    0.859014 1.918897e-01 7.801400e-14 0 
    0.860994 1.749098e-01 7.078400e-14 0 
    0.862979 1.961477e-01 7.901400e-14 0 
    0.864968 2.010706e-01 8.062500e-14 0 
    0.866962 1.950362e-01 7.784600e-14 0 
    0.868960 2.008518e-01 7.979900e-14 0 
    0.870964 2.035367e-01 8.049400e-14 0 
    0.872971 1.920463e-01 7.560100e-14 0 
    0.874984 1.928284e-01 7.556000e-14 0 
    0.877001 2.018045e-01 7.871400e-14 0 
    0.879023 2.063910e-01 8.013300e-14 0 
    0.881049 2.011179e-01 7.772700e-14 0 
    0.883080 2.047444e-01 7.876500e-14 0 
    0.885116 2.113356e-01 8.092700e-14 0 
    0.887156 2.107315e-01 8.032500e-14 0 
    0.889201 2.135438e-01 8.102300e-14 0 
    0.891251 2.057045e-01 7.769000e-14 0 
    0.893305 2.089281e-01 7.854500e-14 0 
    0.895365 1.966785e-01 7.360000e-14 0 
    0.897429 2.034736e-01 7.579300e-14 0 
    0.899498 2.019586e-01 7.488300e-14 0 
    0.901571 2.046517e-01 7.553300e-14 0 
    0.903650 2.045378e-01 7.514400e-14 0 
    0.905733 2.039505e-01 7.458400e-14 0 
    0.907820 1.960073e-01 7.135000e-14 0 
    0.909913 1.923198e-01 6.968600e-14 0 
    0.912011 2.222169e-01 8.014900e-14 0 
    0.914113 2.170311e-01 7.791900e-14 0 
    0.916220 2.052450e-01 7.334900e-14 0 
    0.918333 2.032467e-01 7.230100e-14 0 
    0.920450 2.156591e-01 7.636400e-14 0 
    0.922571 2.120864e-01 7.475400e-14 0 
    0.924698 2.014936e-01 7.069400e-14 0 
    0.926830 2.142925e-01 7.483900e-14 0 
    0.928966 2.035851e-01 7.077300e-14 0 
    0.931108 2.086865e-01 7.221300e-14 0 
    0.933254 2.095247e-01 7.217000e-14 0 
    0.935406 2.187636e-01 7.500600e-14 0 
    0.937562 1.944105e-01 6.635000e-14 0 
    0.939723 2.225655e-01 7.561000e-14 0 
    0.941890 2.229455e-01 7.539100e-14 0 
    0.944061 2.202609e-01 7.414100e-14 0 
    0.946237 2.242202e-01 7.512700e-14 0 
    0.948418 2.210093e-01 7.371100e-14 0 
    0.950605 2.270631e-01 7.538200e-14 0 
    0.952796 2.248459e-01 7.430300e-14 0 
    0.954993 2.304714e-01 7.581200e-14 0 
    0.957194 2.266485e-01 7.421200e-14 0 
    0.959401 2.291338e-01 7.468100e-14 0 
    0.961612 2.253303e-01 7.310400e-14 0 
    0.963829 2.293773e-01 7.407500e-14 0 
    0.966051 2.340353e-01 7.523200e-14 0 
    0.968278 2.317467e-01 7.415400e-14 0 
    0.970510 2.337456e-01 7.445000e-14 0 
    0.972747 2.309259e-01 7.321400e-14 0 
    0.974990 2.318464e-01 7.316800e-14 0 
    0.977237 2.354661e-01 7.396900e-14 0 
    0.979490 2.304896e-01 7.207300e-14 0 
    0.981748 2.308756e-01 7.186200e-14 0 
    0.984011 2.323285e-01 7.198200e-14 0 
    0.986279 2.300512e-01 7.094900e-14 0 
    0.988553 2.363480e-01 7.255600e-14 0 
    0.990832 2.351090e-01 7.184400e-14 0 
    0.993116 2.371344e-01 7.213000e-14 0 
    0.995405 2.364354e-01 7.158700e-14 0 
    0.997700 2.341193e-01 7.056000e-14 0 
    1.000000 2.372200e-01 7.116600e-14 0 
    1.002305 2.381608e-01 7.112000e-14 0 
    1.004615 2.391051e-01 7.107400e-14 0 
    1.006931 2.389482e-01 7.070100e-14 0 
    1.009253 2.398953e-01 7.065500e-14 0 
    1.013912 2.384795e-01 6.959400e-14 0 
    1.020939 2.435476e-01 7.009800e-14 0 
    1.025652 2.426666e-01 6.920400e-14 0 
    1.030386 2.451455e-01 6.927000e-14 0 
    1.035142 2.470780e-01 6.917600e-14 0 
    1.037528 2.469122e-01 6.881200e-14 0 
    1.056818 2.466930e-01 6.626400e-14 0 
    1.078947 2.457626e-01 6.333400e-14 0 
    1.099006 2.457620e-01 6.104300e-14 0 
    1.119437 2.440698e-01 5.843000e-14 0 
    1.137628 2.463289e-01 5.710000e-14 0 
    1.158778 2.526460e-01 5.644600e-14 0 
    1.177606 2.532309e-01 5.478200e-14 0 
    1.199499 2.538135e-01 5.292200e-14 0 
    1.218990 2.561606e-01 5.171700e-14 0 
    1.238796 2.597235e-01 5.077300e-14 0 
    1.258925 2.603238e-01 4.927600e-14 0 
    1.279381 2.621306e-01 4.804400e-14 0 
    1.300169 2.639452e-01 4.684200e-14 0 
    1.318256 2.663872e-01 4.598700e-14 0 
    1.339676 2.663861e-01 4.452800e-14 0 
    1.361444 2.700902e-01 4.371500e-14 0 
    1.380384 2.719663e-01 4.281900e-14 0 
    1.399587 2.694716e-01 4.127000e-14 0 
    1.419057 2.657779e-01 3.959500e-14 0 
    1.442115 2.694731e-01 3.887200e-14 0 
    1.462177 2.782984e-01 3.905100e-14 0 
    1.482518 2.757508e-01 3.763900e-14 0 
    1.499685 2.847828e-01 3.798700e-14 0 
    1.520548 2.927615e-01 3.798700e-14 0 
    1.541701 3.051469e-01 3.851500e-14 0 
    1.563147 3.101118e-01 3.807500e-14 0 
    1.581248 3.115430e-01 3.738000e-14 0 
    1.603245 3.093984e-01 3.611100e-14 0 
    1.621810 3.173330e-01 3.619400e-14 0 
    1.640590 3.217462e-01 3.586200e-14 0 
    1.663413 3.247192e-01 3.520700e-14 0 
    1.682673 3.277238e-01 3.472400e-14 0 
    1.702158 3.292443e-01 3.409100e-14 0 
    1.721869 3.284837e-01 3.323800e-14 0 
    1.741808 3.224930e-01 3.188900e-14 0 
    1.761975 3.195312e-01 3.087700e-14 0 
    1.782379 3.136952e-01 2.962300e-14 0 
    1.803018 3.093965e-01 2.855200e-14 0 
    1.823896 3.023544e-01 2.726700e-14 0 
    1.845014 3.002736e-01 2.646300e-14 0 
    1.862087 2.954659e-01 2.556400e-14 0 
    1.883649 2.887471e-01 2.441400e-14 0 
    1.905462 2.867594e-01 2.369400e-14 0 
    1.923091 2.860989e-01 2.320800e-14 0 
    1.945360 2.821667e-01 2.236800e-14 0 
    1.963361 2.757457e-01 2.146000e-14 0 
    1.986094 2.732272e-01 2.078000e-14 0 
    2.004472 2.688516e-01 2.007400e-14 0 
    2.023020 2.688572e-01 1.970800e-14 0 
    2.046444 2.651660e-01 1.899500e-14 0 
    2.065380 2.651618e-01 1.864800e-14 0 
    2.084490 2.621253e-01 1.809800e-14 0 
    2.103778 2.603303e-01 1.764600e-14 0 
    2.123245 2.597306e-01 1.728400e-14 0 
    2.147829 2.591217e-01 1.685100e-14 0 
    2.167704 2.573453e-01 1.643000e-14 0 
    2.187762 2.532273e-01 1.587200e-14 0 
    2.208004 2.526533e-01 1.554700e-14 0 
    2.228435 2.497528e-01 1.508800e-14 0 
    2.249056 2.468933e-01 1.464300e-14 0 
    2.264644 2.440706e-01 1.427700e-14 0 
    2.285600 2.418348e-01 1.388800e-14 0 
    2.306747 2.205589e-01 1.243500e-14 0 
    2.328092 2.220760e-01 1.229200e-14 0 
    2.349632 1.974780e-01 1.073100e-14 0 
    2.365920 1.885824e-01 1.010700e-14 0 
    2.387810 1.947679e-01 1.024800e-14 0 
    2.409905 1.821858e-01 9.411000e-15 0 
    2.426611 1.784492e-01 9.091500e-15 0 
    2.449063 1.796854e-01 8.987400e-15 0 
    2.466040 1.700245e-01 8.387500e-15 0 
    2.488857 1.708108e-01 8.272500e-15 0 
    2.506110 1.457180e-01 6.960400e-15 0 
    2.529297 1.463904e-01 6.864900e-15 0 
    2.546831 1.494563e-01 6.912500e-15 0 
    2.570395 1.511864e-01 6.864900e-15 0 
    2.588213 1.557817e-01 6.976500e-15 0 
    2.606153 1.547089e-01 6.833400e-15 0 
    2.630268 1.568611e-01 6.802000e-15 0 
    2.648499 1.550659e-01 6.631900e-15 0 
    2.666859 1.550659e-01 6.540900e-15 0 
    2.691534 1.547080e-01 6.406700e-15 0 
    2.710192 1.543532e-01 6.304300e-15 0 
    2.728977 1.539981e-01 6.203500e-15 0 
    2.747895 1.525866e-01 6.062300e-15 0 
    2.773319 1.529363e-01 5.965300e-15 0 
    2.792545 1.515367e-01 5.829600e-15 0 
    2.811900 1.511856e-01 5.736300e-15 0 
    2.831393 1.501464e-01 5.618700e-15 0 
    2.851018 1.494551e-01 5.516100e-15 0 
    2.870782 1.484274e-01 5.403000e-15 0 
    2.890680 1.470662e-01 5.280000e-15 0 
    2.910719 1.463898e-01 5.183600e-15 0 
    2.930893 1.457173e-01 5.089000e-15 0 
    2.951208 1.443824e-01 4.973200e-15 0 
    2.971666 1.433886e-01 4.871200e-15 0 
    2.992263 1.427300e-01 4.782300e-15 0 
    3.013007 1.417472e-01 4.684200e-15 0 
    3.033890 1.410956e-01 4.598700e-15 0 
    3.054922 1.401251e-01 4.504400e-15 0 
    3.069022 1.394813e-01 4.442600e-15 0 
    3.090294 1.391582e-01 4.371500e-15 0 
    3.111717 1.385219e-01 4.291800e-15 0 
    3.133284 1.382005e-01 4.223100e-15 0 
    3.155005 1.378836e-01 4.155600e-15 0 
    3.176873 1.372516e-01 4.079800e-15 0 
    3.191539 1.359922e-01 4.005300e-15 0 
    3.213660 1.356807e-01 3.941300e-15 0 
    3.235938 1.353659e-01 3.878200e-15 0 
    3.250874 1.341278e-01 3.807500e-15 0 
    3.273406 1.338184e-01 3.746600e-15 0 
    3.296098 1.332031e-01 3.678200e-15 0 
    3.311311 1.316797e-01 3.602800e-15 0 
    3.334262 1.313769e-01 3.545200e-15 0 
    3.357376 1.304694e-01 3.472400e-15 0 
    3.372872 1.295719e-01 3.416900e-15 0 
    3.396254 1.289792e-01 3.354600e-15 0 
    3.411929 1.275028e-01 3.285800e-15 0 
    3.435578 1.266247e-01 3.218400e-15 0 
    3.451438 1.257515e-01 3.166900e-15 0 
    3.475361 1.248879e-01 3.102000e-15 0 
    3.499453 1.243109e-01 3.045300e-15 0 
    3.515604 1.231745e-01 2.989800e-15 0 
    3.539971 1.223231e-01 2.928400e-15 0 
    3.556314 1.209257e-01 2.868400e-15 0 
    3.572728 1.198150e-01 2.816000e-15 0 
    3.597495 1.189928e-01 2.758300e-15 0 
    3.614099 1.178994e-01 2.707900e-15 0 
    3.639149 1.173586e-01 2.658500e-15 0 
    3.655950 1.162839e-01 2.610000e-15 0 
    3.672823 1.149496e-01 2.556400e-15 0 
    3.698280 1.141597e-01 2.504000e-15 0 
    3.715354 1.125934e-01 2.447000e-15 0 
    3.741105 1.118177e-01 2.396800e-15 0 
    3.758372 1.110489e-01 2.358500e-15 0 
    3.775723 1.095247e-01 2.304800e-15 0 
    3.801893 1.092752e-01 2.268000e-15 0 
    3.819441 1.082731e-01 2.226600e-15 0 
    3.837073 1.072776e-01 2.185900e-15 0 
    3.854783 1.062939e-01 2.146000e-15 0 
    3.881506 1.058091e-01 2.106900e-15 0 
    3.899421 1.045935e-01 2.063600e-15 0 
    3.917418 1.036378e-01 2.026000e-15 0 
    3.935499 1.026864e-01 1.989000e-15 0 
    3.962781 1.022149e-01 1.952700e-15 0 
    3.981071 1.008097e-01 1.908200e-15 0 
    3.999450 9.988718e-02 1.873400e-15 0 
    4.017909 9.851897e-02 1.830800e-15 0 
    4.036454 9.806733e-02 1.805700e-15 0 
    4.064435 9.761451e-02 1.772700e-15 0 
    4.083195 9.649476e-02 1.736300e-15 0 
    4.102040 9.583385e-02 1.708600e-15 0 
    4.120973 9.495436e-02 1.677400e-15 0 
    4.139998 9.430199e-02 1.650600e-15 0 
    4.159106 9.365225e-02 1.624200e-15 0 
    4.178302 9.279037e-02 1.594500e-15 0 
    4.197591 9.193996e-02 1.565400e-15 0 
    4.216965 9.130871e-02 1.540400e-15 0 
    4.236428 9.026307e-02 1.508800e-15 0 
    4.265796 9.046949e-02 1.491500e-15 0 
    4.285485 8.964143e-02 1.464300e-15 0 
    4.305264 8.902504e-02 1.440900e-15 0 
    4.325140 8.600156e-02 1.379200e-15 0 
    4.345102 8.308419e-02 1.320200e-15 0 
    4.365157 8.365603e-02 1.317100e-15 0 
    4.385309 8.100711e-02 1.263700e-15 0 
    4.405549 7.989334e-02 1.234900e-15 0 
    4.425883 7.916341e-02 1.212400e-15 0 
    4.446310 7.718080e-02 1.171200e-15 0 
    4.466837 7.647180e-02 1.149800e-15 0 
    4.487454 7.594425e-02 1.131400e-15 0 
    4.508165 7.456033e-02 1.100600e-15 0 
    4.518562 7.438741e-02 1.093000e-15 0 
    4.539417 7.353704e-02 1.070600e-15 0 
    4.560368 7.269922e-02 1.048700e-15 0 
    4.581416 7.269320e-02 1.039000e-15 0 
    4.602567 7.236326e-02 1.024800e-15 0 
    4.623810 7.087843e-02 9.945700e-16 0 
    4.645151 7.136951e-02 9.922800e-16 0 
    4.666595 7.071535e-02 9.741701e-16 0 
    4.688134 7.039013e-02 9.608000e-16 0 
    4.709772 7.055265e-02 9.541900e-16 0 
    4.720628 6.958431e-02 9.367701e-16 0 
    4.742421 6.910599e-02 9.218000e-16 0 
    4.764310 6.942458e-02 9.175600e-16 0 
    4.786299 6.862975e-02 8.987400e-16 0 
    4.808395 6.847184e-02 8.884500e-16 0 
    4.830588 6.831431e-02 8.782800e-16 0 
    4.841723 6.706759e-02 8.582900e-16 0 
    4.864070 6.768811e-02 8.582900e-16 0 
    4.886525 6.691367e-02 8.406900e-16 0 
    4.909079 6.645314e-02 8.272500e-16 0 
    4.931736 6.599537e-02 8.140200e-16 0 
    4.943104 6.539020e-02 8.028500e-16 0 
    4.965924 6.523991e-02 7.936600e-16 0 
    4.988845 6.479076e-02 7.809700e-16 0 
    5.011870 6.479070e-02 7.738100e-16 0 
    5.023429 6.390218e-02 7.596900e-16 0 
    5.046614 6.375483e-02 7.509900e-16 0 
    5.069906 6.346219e-02 7.406900e-16 0 
    5.081593 6.259137e-02 7.271700e-16 0 
    5.105052 6.244696e-02 7.188400e-16 0 
    5.116820 6.230407e-02 7.139000e-16 0 
    5.128614 6.244695e-02 7.122500e-16 0 
    5.140436 6.201732e-02 7.041000e-16 0 
    5.152285 6.173282e-02 6.976500e-16 0 
    5.164162 6.173241e-02 6.944400e-16 0 
    5.176071 6.144858e-02 6.880700e-16 0 
    5.188002 6.116696e-02 6.817700e-16 0 
    5.199961 6.116626e-02 6.786300e-16 0 
    5.211947 6.116606e-02 6.755100e-16 0 
    5.223961 6.074521e-02 6.677800e-16 0 
    5.236003 6.046630e-02 6.616600e-16 0 
    5.248072 6.032765e-02 6.571100e-16 0 
    5.260175 6.018841e-02 6.525800e-16 0 
    5.272300 5.991212e-02 6.466000e-16 0 
    5.284453 5.977442e-02 6.421500e-16 0 
    5.296634 5.977443e-02 6.392000e-16 0 
    5.308843 5.977411e-02 6.362600e-16 0 
    5.321080 5.949976e-02 6.304300e-16 0 
    5.333352 5.908995e-02 6.232100e-16 0 
    5.345646 5.881879e-02 6.175000e-16 0 
    5.357968 5.868357e-02 6.132500e-16 0 
    5.370318 5.868331e-02 6.104300e-16 0 
    5.382697 5.854853e-02 6.062300e-16 0 
    5.395105 5.827932e-02 6.006700e-16 0 
    5.407541 5.814477e-02 5.965300e-16 0 
    5.420011 5.801177e-02 5.924300e-16 0 
    5.432505 5.787817e-02 5.883500e-16 0 
    5.445027 5.774504e-02 5.843000e-16 0 
    5.457579 5.747942e-02 5.789400e-16 0 
    5.470159 5.721508e-02 5.736300e-16 0 
    5.482768 5.695209e-02 5.683700e-16 0 
    5.495406 5.695220e-02 5.657600e-16 0 
    5.508079 5.669133e-02 5.605800e-16 0 
    5.520776 5.643080e-02 5.554400e-16 0 
    5.533502 5.630034e-02 5.516100e-16 0 
    5.546257 5.604238e-02 5.465600e-16 0 
    5.559041 5.591268e-02 5.427900e-16 0 
    5.571855 5.604243e-02 5.415500e-16 0 
    5.584705 5.578452e-02 5.365800e-16 0 
    5.597578 5.527329e-02 5.292200e-16 0 
    5.610481 5.540039e-02 5.280000e-16 0 
    5.623413 5.527344e-02 5.243700e-16 0 
    5.636376 5.489214e-02 5.183600e-16 0 
    5.649368 5.476676e-02 5.148000e-16 0 
    5.662390 5.464011e-02 5.112500e-16 0 
    5.675448 5.426431e-02 5.054000e-16 0 
    5.688531 5.426453e-02 5.030800e-16 0 
    5.701643 5.413896e-02 4.996100e-16 0 
    5.714786 5.401544e-02 4.961800e-16 0 
    5.727959 5.364355e-02 4.905000e-16 0 
    5.741162 5.339672e-02 4.860000e-16 0 
    5.754402 5.339715e-02 4.837700e-16 0 
    5.767667 5.339634e-02 4.815400e-16 0 
    5.780962 5.315153e-02 4.771300e-16 0 
    5.794287 5.290665e-02 4.727500e-16 0 
    5.807643 5.266402e-02 4.684200e-16 0 
    5.821030 5.254227e-02 4.651900e-16 0 
    5.834448 5.242167e-02 4.619900e-16 0 
    5.847904 5.230125e-02 4.588100e-16 0 
    5.861383 5.194140e-02 4.535600e-16 0 
    5.874894 5.182219e-02 4.504400e-16 0 
    5.888436 5.170308e-02 4.473400e-16 0 
    5.902009 5.158408e-02 4.442600e-16 0 
    5.915614 5.122843e-02 4.391700e-16 0 
    5.929250 5.111097e-02 4.361500e-16 0 
    5.942924 5.087607e-02 4.321500e-16 0 
    5.956623 5.075963e-02 4.291800e-16 0 
    5.970353 5.064220e-02 4.262200e-16 0 
    5.984115 5.040922e-02 4.223100e-16 0 
    5.997909 5.017781e-02 4.184400e-16 0 
    6.011735 5.006246e-02 4.155600e-16 0 
    6.025599 4.994749e-02 4.127000e-16 0 
    6.039488 4.983271e-02 4.098600e-16 0 
    6.053410 4.948986e-02 4.051700e-16 0 
    6.067363 4.937591e-02 4.023800e-16 0 
    6.081349 4.926233e-02 3.996100e-16 0 
    6.095367 4.903519e-02 3.959400e-16 0 
    6.109417 4.881112e-02 3.923200e-16 0 
    6.123506 4.869778e-02 3.896100e-16 0 
    6.137621 4.847426e-02 3.860400e-16 0 
    6.151769 4.825144e-02 3.825000e-16 0 
    6.165950 4.814085e-02 3.798700e-16 0 
    6.180162 4.791997e-02 3.763900e-16 0 
    6.194408 4.791987e-02 3.746600e-16 0 
    6.208693 4.769913e-02 3.712200e-16 0 
    6.223005 4.759013e-02 3.686700e-16 0 
    6.237350 4.737146e-02 3.652900e-16 0 
    6.251727 4.726179e-02 3.627700e-16 0 
    6.266138 4.704539e-02 3.594500e-16 0 
    6.280582 4.682864e-02 3.561500e-16 0 
    6.295059 4.661414e-02 3.528900e-16 0 
    6.309576 4.639943e-02 3.496500e-16 0 
    6.324120 4.629229e-02 3.472400e-16 0 
    6.338698 4.618587e-02 3.448500e-16 0 
    6.353309 4.597386e-02 3.416900e-16 0 
    6.367954 4.586840e-02 3.393400e-16 0 
    6.382632 4.576235e-02 3.370000e-16 0 
    6.397352 4.544845e-02 3.331500e-16 0 
    6.412098 4.534300e-02 3.308500e-16 0 
    6.426879 4.523974e-02 3.285800e-16 0 
    6.441693 4.503082e-02 3.255600e-16 0 
    6.456541 4.482456e-02 3.225800e-16 0 
    6.471424 4.461823e-02 3.196200e-16 0 
    6.486341 4.451564e-02 3.174200e-16 0 
    6.501300 4.420977e-02 3.137900e-16 0 
    6.516286 4.410809e-02 3.116300e-16 0 
    6.531306 4.400595e-02 3.094800e-16 0 
    6.546361 4.380336e-02 3.066400e-16 0 
    6.561452 4.360230e-02 3.038300e-16 0 
    6.576576 4.350221e-02 3.017400e-16 0 
    6.591735 4.330179e-02 2.989700e-16 0 
    6.606937 4.320345e-02 2.969200e-16 0 
    6.622166 4.300379e-02 2.941900e-16 0 
    6.637431 4.280725e-02 2.915000e-16 0 
    6.652731 4.261093e-02 2.888300e-16 0 
    6.668066 4.251265e-02 2.868400e-16 0 
    6.683436 4.231727e-02 2.842100e-16 0 
    6.698849 4.212227e-02 2.816000e-16 0 
    6.714291 4.192899e-02 2.790200e-16 0 
    6.729768 4.183266e-02 2.771000e-16 0 
    6.745280 4.164050e-02 2.745600e-16 0 
    6.760829 4.154474e-02 2.726700e-16 0 
    6.776412 4.135380e-02 2.701700e-16 0 
    6.792033 4.116333e-02 2.676900e-16 0 
    6.807696 4.106915e-02 2.658500e-16 0 
    6.823389 4.088004e-02 2.634100e-16 0 
    6.839117 4.069297e-02 2.610000e-16 0 
    6.854882 4.050487e-02 2.586000e-16 0 
    6.870683 4.041172e-02 2.568200e-16 0 
    6.886520 4.022676e-02 2.544700e-16 0 
    6.902402 4.013460e-02 2.527200e-16 0 
    6.918312 3.994969e-02 2.504000e-16 0 
    6.934259 3.976543e-02 2.481000e-16 0 
    6.950243 3.967523e-02 2.464000e-16 0 
    6.966264 3.949276e-02 2.441400e-16 0 
    6.982322 3.931103e-02 2.419000e-16 0 
    6.998416 3.913001e-02 2.396800e-16 0 
    7.014556 3.894989e-02 2.374800e-16 0 
    7.030725 3.886108e-02 2.358500e-16 0 
    7.046931 3.868289e-02 2.336900e-16 0 
    7.063175 3.859370e-02 2.320800e-16 0 
    7.079456 3.841598e-02 2.299500e-16 0 
    7.095775 3.823917e-02 2.278400e-16 0 
    7.112139 3.806335e-02 2.257500e-16 0 
    7.128533 3.797648e-02 2.242000e-16 0 
    7.144965 3.780121e-02 2.221400e-16 0 
    7.161434 3.762864e-02 2.201100e-16 0 
    7.177942 3.745539e-02 2.180900e-16 0 
    7.194488 3.736947e-02 2.165900e-16 0 
    7.211072 3.719702e-02 2.146000e-16 0 
    7.227702 3.711281e-02 2.131300e-16 0 
    7.244362 3.694122e-02 2.111700e-16 0 
    7.261061 3.677254e-02 2.092400e-16 0 
    7.277798 3.660327e-02 2.073200e-16 0 
    7.294573 3.651857e-02 2.058900e-16 0 
    7.311388 3.635035e-02 2.040000e-16 0 
    7.328241 3.618336e-02 2.021300e-16 0 
    7.345141 3.610047e-02 2.007400e-16 0 
    7.362073 3.593468e-02 1.989000e-16 0 
    7.379043 3.577020e-02 1.970800e-16 0 
    7.396052 3.560527e-02 1.952700e-16 0 
    7.413101 3.552414e-02 1.939300e-16 0 
    7.430188 3.536053e-02 1.921500e-16 0 
    7.447323 3.519842e-02 1.903900e-16 0 
    7.464490 3.511758e-02 1.890800e-16 0 
    7.481696 3.495501e-02 1.873400e-16 0 
    7.498942 3.479394e-02 1.856200e-16 0 
    7.516227 3.463439e-02 1.839200e-16 0 
    7.533553 3.447642e-02 1.822400e-16 0 
    7.550919 3.439608e-02 1.809800e-16 0 
    7.568332 3.423795e-02 1.793200e-16 0 
    7.585778 3.416006e-02 1.780900e-16 0 
    7.603263 3.400362e-02 1.764600e-16 0 
    7.620790 3.384695e-02 1.748400e-16 0 
    7.638356 3.376785e-02 1.736300e-16 0 
    7.655963 3.361304e-02 1.720400e-16 0 
    7.673619 3.353664e-02 1.708600e-16 0 
    7.691307 3.338185e-02 1.692900e-16 0 
    7.709036 3.322887e-02 1.677400e-16 0 
    7.726806 3.307576e-02 1.662000e-16 0 
    7.744617 3.300050e-02 1.650600e-16 0 
    7.762469 3.284751e-02 1.635400e-16 0 
    7.780362 3.269644e-02 1.620400e-16 0 
    7.798305 3.254742e-02 1.605600e-16 0 
    7.816280 3.239827e-02 1.590900e-16 0 
    7.834298 3.232276e-02 1.579900e-16 0 
    7.852356 3.217393e-02 1.565400e-16 0 
    7.870456 3.202716e-02 1.551100e-16 0 
    7.888598 3.188042e-02 1.536900e-16 0 
    7.906782 3.180667e-02 1.526300e-16 0 
    7.925016 3.166044e-02 1.512300e-16 0 
    7.943284 3.151423e-02 1.498400e-16 0 
    7.961594 3.137022e-02 1.484700e-16 0 
    7.979946 3.122632e-02 1.471100e-16 0 
    7.998341 3.115294e-02 1.460900e-16 0 
    8.016777 3.143383e-02 1.467300e-16 0 
    8.035265 3.138528e-02 1.458300e-16 0 
    8.053787 3.133339e-02 1.449200e-16 0 
    8.072352 3.127818e-02 1.440000e-16 0 
    8.090959 3.122397e-02 1.430900e-16 0 
    8.109609 3.116640e-02 1.421700e-16 0 
    8.128302 3.110763e-02 1.412500e-16 0 
    8.147038 3.104765e-02 1.403300e-16 0 
    8.165827 3.099098e-02 1.394300e-16 0 
    8.184650 3.094199e-02 1.385700e-16 0 
    8.203516 3.089187e-02 1.377100e-16 0 
    8.222426 3.084065e-02 1.368500e-16 0 
    8.241379 3.078828e-02 1.359900e-16 0 
    8.260376 3.073251e-02 1.351200e-16 0 
    8.279426 3.067563e-02 1.342500e-16 0 
    8.298510 3.061750e-02 1.333800e-16 0 
    8.317639 3.055819e-02 1.325100e-16 0 
    8.336812 3.050693e-02 1.316800e-16 0 
    8.356029 3.045922e-02 1.308700e-16 0 
    8.375290 3.040807e-02 1.300500e-16 0 
    8.394596 3.035580e-02 1.292300e-16 0 
    8.413955 3.030246e-02 1.284100e-16 0 
    8.433350 3.024793e-02 1.275900e-16 0 
    8.452789 3.019224e-02 1.267700e-16 0 
    8.472273 3.013539e-02 1.259500e-16 0 
    8.491803 3.007738e-02 1.251300e-16 0 
    8.511377 3.003026e-02 1.243600e-16 0 
    8.531005 2.998213e-02 1.235900e-16 0 
    8.550670 2.993042e-02 1.228100e-16 0 
    8.570380 2.988003e-02 1.220400e-16 0 
    8.590135 2.982609e-02 1.212600e-16 0 
    8.609937 2.977348e-02 1.204900e-16 0 
    8.629783 2.971727e-02 1.197100e-16 0 
    8.649675 2.965741e-02 1.189200e-16 0 
    8.669623 2.960645e-02 1.181700e-16 0 
    8.689607 2.955936e-02 1.174400e-16 0 
    8.709637 2.951120e-02 1.167100e-16 0 
    8.729713 2.946197e-02 1.159800e-16 0 
    8.749836 2.941166e-02 1.152500e-16 0 
    8.770005 2.935768e-02 1.145100e-16 0 
    8.790220 2.930259e-02 1.137700e-16 0 
    8.810492 2.924643e-02 1.130300e-16 0 
    8.830801 2.918905e-02 1.122900e-16 0 
    8.851157 2.914359e-02 1.116000e-16 0 
    8.871559 2.909708e-02 1.109100e-16 0 
    8.892009 2.904952e-02 1.102200e-16 0 
    8.912505 2.899824e-02 1.095200e-16 0 
    8.933059 2.894862e-02 1.088300e-16 0 
    8.953651 2.889517e-02 1.081300e-16 0 
    8.974289 2.884061e-02 1.074300e-16 0 
    8.994976 2.878494e-02 1.067300e-16 0 
    9.015710 2.873355e-02 1.060500e-16 0 
    9.036491 2.868651e-02 1.053900e-16 0 
    9.057321 2.864118e-02 1.047400e-16 0 
    9.078209 2.859212e-02 1.040800e-16 0 
    9.099135 2.854470e-02 1.034300e-16 0 
    9.120109 2.849346e-02 1.027700e-16 0 
    9.141132 2.844114e-02 1.021100e-16 0 
    9.162202 2.838492e-02 1.014400e-16 0 
    9.183322 2.833040e-02 1.007800e-16 0 
    9.204501 2.828331e-02 1.001500e-16 0 
    9.225717 2.823822e-02 9.953100e-17 0 
    9.246984 2.819185e-02 9.891100e-17 0 
    9.268298 2.814414e-02 9.829000e-17 0 
    9.289662 2.809483e-02 9.766700e-17 0 
    9.311076 2.804418e-02 9.704300e-17 0 
    9.332538 2.799187e-02 9.641700e-17 0 
    9.354061 2.793826e-02 9.579000e-17 0 
    9.375623 2.788437e-02 9.516600e-17 0 
    9.397234 2.784087e-02 9.458100e-17 0 
    9.418895 2.779607e-02 9.399500e-17 0 
    9.440607 2.774968e-02 9.340700e-17 0 
    9.462368 2.770197e-02 9.281800e-17 0 
    9.484190 2.765298e-02 9.222800e-17 0 
    9.506052 2.760230e-02 9.163600e-17 0 
    9.527963 2.755024e-02 9.104300e-17 0 
    9.549927 2.749683e-02 9.044900e-17 0 
    9.571940 2.744843e-02 8.987500e-17 0 
    9.594004 2.740514e-02 8.932100e-17 0 
    9.616119 2.736056e-02 8.876600e-17 0 
    9.638295 2.731443e-02 8.820900e-17 0 
    9.660512 2.726691e-02 8.765100e-17 0 
    9.682780 2.721774e-02 8.709100e-17 0 
    9.705099 2.716755e-02 8.653100e-17 0 
    9.727470 2.711568e-02 8.596900e-17 0 
    9.749893 2.706243e-02 8.540600e-17 0 
    9.772367 2.701926e-02 8.487800e-17 0 
    9.794904 2.697613e-02 8.435300e-17 0 
    9.817482 2.693132e-02 8.382600e-17 0 
    9.840112 2.688553e-02 8.329900e-17 0 
    9.862794 2.683809e-02 8.277000e-17 0 
    9.885528 2.678931e-02 8.224000e-17 0 
    9.908315 2.673919e-02 8.170900e-17 0 
    9.931166 2.668743e-02 8.117600e-17 0 
    9.954058 2.663821e-02 8.065400e-17 0 
    9.977002 2.659658e-02 8.015800e-17 0 
   10.000000 2.655333e-02 7.966000e-17 0 
   10.023051 2.650879e-02 7.916100e-17 0 
   10.046155 2.646293e-02 7.866100e-17 0 
   10.069312 2.641574e-02 7.816000e-17 0 
   10.092534 2.636728e-02 7.765800e-17 0 
   10.115797 2.631706e-02 7.715400e-17 0 
   10.139115 2.626582e-02 7.665000e-17 0 
   10.162486 2.622181e-02 7.617000e-17 0 
   10.185912 2.617994e-02 7.569900e-17 0 
   10.209391 2.613713e-02 7.522800e-17 0 
   10.232935 2.609272e-02 7.475500e-17 0 
   10.256523 2.604694e-02 7.428100e-17 0 
   10.280165 2.599983e-02 7.380600e-17 0 
   10.303862 2.595173e-02 7.333100e-17 0 
   10.327612 2.590192e-02 7.285400e-17 0 
   10.351419 2.585182e-02 7.237900e-17 0 
   10.375279 2.581146e-02 7.193400e-17 0 
   10.399206 2.576987e-02 7.148800e-17 0 
   10.423177 2.572730e-02 7.104200e-17 0 
   10.447203 2.568305e-02 7.059400e-17 0 
   10.471285 2.563749e-02 7.014500e-17 0 
   10.495422 2.559058e-02 6.969500e-17 0 
   10.519615 2.554233e-02 6.924400e-17 0 
   10.543863 2.549272e-02 6.879200e-17 0 
   10.568179 2.544775e-02 6.835500e-17 0 
   10.592540 2.540775e-02 6.793400e-17 0 
   10.616956 2.536608e-02 6.751100e-17 0 
   10.641429 2.532349e-02 6.708800e-17 0 
   10.665959 2.527921e-02 6.666300e-17 0 
   10.690544 2.523397e-02 6.623800e-17 0 
   10.715198 2.518707e-02 6.581100e-17 0 
   10.739898 2.513915e-02 6.538400e-17 0 
   10.764654 2.508985e-02 6.495600e-17 0 
   10.789467 2.504966e-02 6.455400e-17 0 
   10.814338 2.500974e-02 6.415500e-17 0 
   10.839266 2.496851e-02 6.375500e-17 0 
   10.864251 2.492559e-02 6.335300e-17 0 
   10.889305 2.488179e-02 6.295100e-17 0 
   10.914406 2.483662e-02 6.254800e-17 0 
   10.939565 2.479009e-02 6.214400e-17 0 
   10.964781 2.474220e-02 6.173900e-17 0 
   10.990055 2.469655e-02 6.134200e-17 0 
   11.015388 2.465806e-02 6.096500e-17 0 
   11.040792 2.461793e-02 6.058600e-17 0 
   11.066241 2.457684e-02 6.020700e-17 0 
   11.091750 2.453403e-02 5.982600e-17 0 
   11.117317 2.449030e-02 5.944500e-17 0 
   11.142944 2.444523e-02 5.906300e-17 0 
   11.168629 2.439881e-02 5.868000e-17 0 
   11.194373 2.435143e-02 5.829700e-17 0 
   11.220190 2.431029e-02 5.793100e-17 0 
   11.246053 2.427199e-02 5.757400e-17 0 
   11.271976 2.423197e-02 5.721500e-17 0 
   11.297959 2.419107e-02 5.685600e-17 0 
   11.324001 2.414841e-02 5.649500e-17 0 
   11.350104 2.410485e-02 5.613400e-17 0 
   11.376279 2.405999e-02 5.577200e-17 0 
   11.402502 2.401372e-02 5.540900e-17 0 
   11.428786 2.396738e-02 5.504800e-17 0 
   11.455130 2.393015e-02 5.471000e-17 0 
   11.481534 2.389164e-02 5.437100e-17 0 
   11.508001 2.385182e-02 5.403100e-17 0 
   11.534527 2.381112e-02 5.369100e-17 0 
   11.561128 2.376870e-02 5.334900e-17 0 
   11.587777 2.372533e-02 5.300700e-17 0 
   11.614488 2.368060e-02 5.266400e-17 0 
   11.641260 2.363450e-02 5.232000e-17 0 
   11.668094 2.359292e-02 5.198800e-17 0 
   11.694990 2.355592e-02 5.166800e-17 0 
   11.721948 2.351716e-02 5.134600e-17 0 
   11.748980 2.347759e-02 5.102400e-17 0 
   11.776062 2.343664e-02 5.070100e-17 0 
   11.803207 2.339482e-02 5.037800e-17 0 
   11.830414 2.335118e-02 5.005300e-17 0 
   11.857684 2.330663e-02 4.972800e-17 0 
   11.885017 2.326118e-02 4.940300e-17 0 
   11.912426 2.322385e-02 4.909700e-17 0 
   11.939885 2.318705e-02 4.879400e-17 0 
   11.967407 2.314846e-02 4.848900e-17 0 
   11.994993 2.310902e-02 4.818400e-17 0 
   12.022642 2.306825e-02 4.787800e-17 0 
   12.050355 2.302612e-02 4.757100e-17 0 
   12.078132 2.298311e-02 4.726400e-17 0 
   12.105987 2.293877e-02 4.695600e-17 0 
   12.133891 2.289643e-02 4.665400e-17 0 
   12.161861 2.286061e-02 4.636700e-17 0 
   12.189895 2.282347e-02 4.607900e-17 0 
   12.217994 2.278551e-02 4.579100e-17 0 
   12.246157 2.274570e-02 4.550100e-17 0 
   12.274398 2.270509e-02 4.521100e-17 0 
   12.302692 2.266358e-02 4.492100e-17 0 
   12.331051 2.262069e-02 4.463000e-17 0 
   12.359474 2.257641e-02 4.433800e-17 0 
   12.387964 2.253840e-02 4.406000e-17 0 
   12.416520 2.250265e-02 4.378800e-17 0 
   12.445140 2.246556e-02 4.351500e-17 0 
   12.473841 2.242771e-02 4.324200e-17 0 
   12.502594 2.238845e-02 4.296800e-17 0 
   12.531413 2.234784e-02 4.269300e-17 0 
   12.560299 2.230637e-02 4.241800e-17 0 
   12.589252 2.226352e-02 4.214200e-17 0 
   12.618270 2.222085e-02 4.186800e-17 0 
   12.647370 2.218589e-02 4.161000e-17 0 
   12.676523 2.215009e-02 4.135200e-17 0 
   12.705744 2.211349e-02 4.109400e-17 0 
   12.735031 2.207554e-02 4.083500e-17 0 
   12.764387 2.203622e-02 4.057500e-17 0 
   12.793809 2.199607e-02 4.031500e-17 0 
   12.823300 2.195454e-02 4.005400e-17 0 
   12.852873 2.191164e-02 3.979200e-17 0 
   12.882499 2.187337e-02 3.954000e-17 0 
   12.912195 2.183872e-02 3.929600e-17 0 
   12.941958 2.180329e-02 3.905200e-17 0 
   12.971790 2.176650e-02 3.880700e-17 0 
   13.001691 2.172835e-02 3.856100e-17 0 
   13.031661 2.168938e-02 3.831500e-17 0 
   13.061714 2.164906e-02 3.806800e-17 0 
   13.091823 2.160787e-02 3.782100e-17 0 
   13.122000 2.156583e-02 3.757400e-17 0 
   13.152247 2.153102e-02 3.734100e-17 0 
   13.182564 2.149658e-02 3.711000e-17 0 
   13.212950 2.146137e-02 3.687900e-17 0 
   13.243422 2.142484e-02 3.664700e-17 0 
   13.273948 2.138688e-02 3.641400e-17 0 
   13.304547 2.134811e-02 3.618100e-17 0 
   13.335214 2.130794e-02 3.594700e-17 0 
   13.365953 2.126694e-02 3.571300e-17 0 
   13.396763 2.122750e-02 3.548300e-17 0 
   13.427642 2.119445e-02 3.526500e-17 0 
   13.458609 2.116009e-02 3.504600e-17 0 
   13.489633 2.112431e-02 3.482600e-17 0 
   13.520727 2.108775e-02 3.460600e-17 0 
   13.551894 2.105040e-02 3.438600e-17 0 
   13.583131 2.101164e-02 3.416500e-17 0 
   13.614441 2.097207e-02 3.394400e-17 0 
   13.645839 2.093112e-02 3.372200e-17 0 
   13.677294 2.089554e-02 3.351000e-17 0 
   13.708820 2.086230e-02 3.330300e-17 0 
   13.740420 2.082832e-02 3.309600e-17 0 
   13.772092 2.079295e-02 3.288800e-17 0 
   13.803839 2.075681e-02 3.268000e-17 0 
   13.835658 2.071925e-02 3.247100e-17 0 
   13.867564 2.068030e-02 3.226100e-17 0 
   13.899530 2.064051e-02 3.205100e-17 0 
   13.931570 2.060122e-02 3.184300e-17 0 
   13.963683 2.056891e-02 3.164700e-17 0 
   13.995870 2.053587e-02 3.145100e-17 0 
   14.028131 2.050142e-02 3.125400e-17 0 
   14.060467 2.046623e-02 3.105700e-17 0 
   14.092894 2.043031e-02 3.086000e-17 0 
   14.125378 2.039292e-02 3.066200e-17 0 
   14.157939 2.035408e-02 3.046300e-17 0 
   14.190573 2.031445e-02 3.026400e-17 0 
   14.223284 2.027873e-02 3.007200e-17 0 
   14.256070 2.024700e-02 2.988700e-17 0 
   14.288947 2.021391e-02 2.970100e-17 0 
   14.321883 2.018003e-02 2.951500e-17 0 
   14.354897 2.014473e-02 2.932800e-17 0 
   14.387986 2.010866e-02 2.914100e-17 0 
   14.421152 2.007115e-02 2.895300e-17 0 
   14.454392 2.003285e-02 2.876500e-17 0 
   14.487711 1.999378e-02 2.857700e-17 0 
   14.521122 1.996169e-02 2.840000e-17 0 
   14.554594 1.993026e-02 2.822500e-17 0 
   14.588144 1.989668e-02 2.804800e-17 0 
   14.621770 1.986309e-02 2.787200e-17 0 
   14.655475 1.982805e-02 2.769500e-17 0 
   14.689256 1.979225e-02 2.751800e-17 0 
   14.723133 1.975503e-02 2.734000e-17 0 
   14.757070 1.971700e-02 2.716200e-17 0 
   14.791086 1.968038e-02 2.698700e-17 0 
   14.825181 1.964960e-02 2.682100e-17 0 
   14.859355 1.961738e-02 2.665400e-17 0 
   14.893606 1.958444e-02 2.648700e-17 0 
   14.927938 1.955079e-02 2.632000e-17 0 
   14.962363 1.951569e-02 2.615200e-17 0 
   14.996853 1.947982e-02 2.598400e-17 0 
   15.031422 1.944320e-02 2.581600e-17 0 
   15.066070 1.940507e-02 2.564700e-17 0 
   15.100798 1.937302e-02 2.548700e-17 0 
   15.135606 1.934178e-02 2.532900e-17 0 
   15.170513 1.930989e-02 2.517100e-17 0 
   15.205481 1.927724e-02 2.501300e-17 0 
   15.240531 1.924388e-02 2.485500e-17 0 
   15.275661 1.920903e-02 2.469600e-17 0 
   15.310872 1.917344e-02 2.453700e-17 0 
   15.346166 1.913633e-02 2.437700e-17 0 
   15.381539 1.909926e-02 2.421800e-17 0 
   15.417011 1.906941e-02 2.406900e-17 0 
   15.452548 1.903883e-02 2.392000e-17 0 
   15.488169 1.900756e-02 2.377100e-17 0 
   15.523870 1.897479e-02 2.362100e-17 0 
   15.559653 1.894132e-02 2.347100e-17 0 
   15.595519 1.890632e-02 2.332000e-17 0 
   15.631469 1.887060e-02 2.316900e-17 0 
   15.667517 1.883418e-02 2.301800e-17 0 
   15.703631 1.880109e-02 2.287200e-17 0 
   15.739830 1.877143e-02 2.273100e-17 0 
   15.776111 1.874026e-02 2.258900e-17 0 
   15.812477 1.870924e-02 2.244800e-17 0 
   15.848925 1.867670e-02 2.230600e-17 0 
   15.885475 1.864265e-02 2.216300e-17 0 
   15.922092 1.860870e-02 2.202100e-17 0 
   15.958794 1.857319e-02 2.187800e-17 0 
   15.995580 1.853610e-02 2.173400e-17 0 
   16.032452 1.850684e-02 2.160000e-17 0 
   16.069406 1.847692e-02 2.146600e-17 0 
   16.106448 1.844633e-02 2.133200e-17 0 
   16.143592 1.841510e-02 2.119800e-17 0 
   16.180805 1.838315e-02 2.106400e-17 0 
   16.218103 1.834963e-02 2.092900e-17 0 
   16.255486 1.831541e-02 2.079400e-17 0 
   16.292956 1.827960e-02 2.065800e-17 0 
   16.330513 1.824574e-02 2.052500e-17 0 
   16.368173 1.821747e-02 2.039900e-17 0 
   16.405903 1.818761e-02 2.027200e-17 0 
   16.443720 1.815709e-02 2.014500e-17 0 
   16.481623 1.812589e-02 2.001800e-17 0 
   16.519616 1.809403e-02 1.989100e-17 0 
   16.557694 1.806056e-02 1.976300e-17 0 
   16.595861 1.802641e-02 1.963500e-17 0 
   16.634134 1.799067e-02 1.950600e-17 0 
   16.672477 1.796066e-02 1.938400e-17 0 
   16.710908 1.793186e-02 1.926400e-17 0 
   16.749428 1.790241e-02 1.914400e-17 0 
   16.788036 1.787230e-02 1.902400e-17 0 
   16.826734 1.784059e-02 1.890300e-17 0 
   16.865539 1.780919e-02 1.878300e-17 0 
   16.904416 1.777518e-02 1.866100e-17 0 
   16.943381 1.774143e-02 1.854000e-17 0 
   16.982437 1.770699e-02 1.841900e-17 0 
   17.021583 1.767959e-02 1.830600e-17 0 
   17.060819 1.765155e-02 1.819300e-17 0 
   17.100145 1.762190e-02 1.807900e-17 0 
   17.139581 1.759164e-02 1.796500e-17 0 
   17.179089 1.756069e-02 1.785100e-17 0 
   17.218688 1.752809e-02 1.773600e-17 0 
   17.258378 1.749481e-02 1.762100e-17 0 
   17.298161 1.746086e-02 1.750600e-17 0 
   17.338034 1.743022e-02 1.739500e-17 0 
   17.377998 1.740296e-02 1.728800e-17 0 
   17.418075 1.737410e-02 1.718000e-17 0 
   17.458225 1.734558e-02 1.707300e-17 0 
   17.498469 1.731541e-02 1.696500e-17 0 
   17.538803 1.728356e-02 1.685600e-17 0 
   17.579231 1.725208e-02 1.674800e-17 0 
   17.619753 1.721891e-02 1.663900e-17 0 
   17.660388 1.718510e-02 1.653000e-17 0 
   17.701095 1.715788e-02 1.642800e-17 0 
   17.741898 1.713005e-02 1.632600e-17 0 
   17.782794 1.710265e-02 1.622500e-17 0 
   17.823784 1.707252e-02 1.612200e-17 0 
   17.864870 1.704280e-02 1.602000e-17 0 
   17.906050 1.701245e-02 1.591800e-17 0 
   17.947344 1.698042e-02 1.581500e-17 0 
   17.988714 1.694769e-02 1.571200e-17 0 
   18.030180 1.691646e-02 1.561100e-17 0 
   18.071741 1.688894e-02 1.551400e-17 0 
   18.113397 1.686190e-02 1.541800e-17 0 
   18.155150 1.683426e-02 1.532200e-17 0 
   18.197019 1.680492e-02 1.522500e-17 0 
   18.238964 1.677493e-02 1.512800e-17 0 
   18.281006 1.674429e-02 1.503100e-17 0 
   18.323145 1.671190e-02 1.493300e-17 0 
   18.365381 1.667998e-02 1.483600e-17 0 
   18.407714 1.665192e-02 1.474300e-17 0 
   18.450145 1.662552e-02 1.465200e-17 0 
   18.492695 1.659742e-02 1.456000e-17 0 
   18.535322 1.656981e-02 1.446900e-17 0 
   18.578047 1.654044e-02 1.437700e-17 0 
   18.620870 1.651045e-02 1.428500e-17 0 
   18.663794 1.647983e-02 1.419300e-17 0 
   18.706814 1.644858e-02 1.410100e-17 0 
   18.749934 1.641668e-02 1.400900e-17 0 
   18.793175 1.639124e-02 1.392300e-17 0 
   18.836495 1.636518e-02 1.383700e-17 0 
   18.879914 1.633734e-02 1.375000e-17 0 
   18.923434 1.630890e-02 1.366300e-17 0 
   18.967053 1.628105e-02 1.357700e-17 0 
   19.010775 1.625018e-02 1.348900e-17 0 
   19.054616 1.621992e-02 1.340200e-17 0 
   19.098539 1.618901e-02 1.331500e-17 0 
   19.142563 1.615990e-02 1.323000e-17 0 
   19.186688 1.613509e-02 1.314900e-17 0 
   19.230914 1.610848e-02 1.306700e-17 0 
   19.275242 1.608127e-02 1.298500e-17 0 
   19.319673 1.605347e-02 1.290300e-17 0 
   19.364228 1.602386e-02 1.282000e-17 0 
   19.408864 1.599485e-02 1.273800e-17 0 
   19.453603 1.596397e-02 1.265500e-17 0 
   19.498444 1.593247e-02 1.257200e-17 0 
   19.543389 1.590670e-02 1.249400e-17 0 
   19.588439 1.588163e-02 1.241700e-17 0 
   19.633613 1.585603e-02 1.234000e-17 0 
   19.678870 1.582852e-02 1.226200e-17 0 
   19.724231 1.580043e-02 1.218400e-17 0 
   19.769697 1.577173e-02 1.210600e-17 0 
   19.815267 1.574244e-02 1.202800e-17 0 
   19.860942 1.571254e-02 1.195000e-17 0 
   19.906723 1.568335e-02 1.187300e-17 0 
   19.952631 1.565889e-02 1.180000e-17 0 
   19.998623 1.563251e-02 1.172600e-17 0 
   20.044722 1.560690e-02 1.165300e-17 0 
   20.090927 1.557936e-02 1.157900e-17 0 
   20.137238 1.555260e-02 1.150600e-17 0 
   20.183656 1.552389e-02 1.143200e-17 0 
   20.230203 1.549463e-02 1.135800e-17 0 
   20.276834 1.546335e-02 1.128300e-17 0 
   20.323573 1.543834e-02 1.121300e-17 0 
   20.370422 1.541278e-02 1.114300e-17 0 
   20.417377 1.538803e-02 1.107400e-17 0 
   20.464441 1.536134e-02 1.100400e-17 0 
   20.511613 1.533547e-02 1.093500e-17 0 
   20.558916 1.530766e-02 1.086500e-17 0 
   20.606305 1.527924e-02 1.079500e-17 0 
   20.653805 1.524880e-02 1.072400e-17 0 
   20.701412 1.522061e-02 1.065500e-17 0 
   20.749131 1.519615e-02 1.058900e-17 0 
   20.796959 1.517257e-02 1.052400e-17 0 
   20.844898 1.514701e-02 1.045800e-17 0 
   20.892970 1.512092e-02 1.039200e-17 0 
   20.941130 1.509423e-02 1.032600e-17 0 
   20.989400 1.506551e-02 1.025900e-17 0 
   21.037783 1.503768e-02 1.019300e-17 0 
   21.086275 1.500926e-02 1.012700e-17 0 
   21.134881 1.498176e-02 1.006200e-17 0 
   21.183622 1.495819e-02 1.000000e-17 0 
   21.232452 1.493406e-02 9.938000e-18 0 
   21.281394 1.490894e-02 9.875700e-18 0 
   21.330448 1.488296e-02 9.813200e-18 0 
   21.379617 1.485628e-02 9.750600e-18 0 
   21.428898 1.482872e-02 9.687800e-18 0 
   21.478294 1.480044e-02 9.624900e-18 0 
   21.527827 1.477146e-02 9.561900e-18 0 
   21.577450 1.474791e-02 9.502800e-18 0 
   21.627188 1.472430e-02 9.444000e-18 0 
   21.677039 1.469985e-02 9.385000e-18 0 
   21.727006 1.467486e-02 9.326000e-18 0 
   21.777089 1.464901e-02 9.266800e-18 0 
   21.827311 1.462232e-02 9.207400e-18 0 
   21.877623 1.459488e-02 9.147900e-18 0 
   21.928053 1.456671e-02 9.088300e-18 0 
   21.978598 1.453991e-02 9.029900e-18 0 
   22.029261 1.451708e-02 8.974300e-18 0 
   22.080041 1.449356e-02 8.918600e-18 0 
   22.130936 1.446936e-02 8.862800e-18 0 
   22.181973 1.444433e-02 8.806800e-18 0 
   22.233105 1.441856e-02 8.750700e-18 0 
   22.284355 1.439191e-02 8.694400e-18 0 
   22.335720 1.436471e-02 8.638100e-18 0 
   22.387206 1.433662e-02 8.581600e-18 0 
   22.438811 1.431250e-02 8.527800e-18 0 
   22.490558 1.428990e-02 8.475200e-18 0 
   22.542400 1.426642e-02 8.422400e-18 0 
   22.594363 1.424207e-02 8.369400e-18 0 
   22.646444 1.421720e-02 8.316400e-18 0 
   22.698645 1.419163e-02 8.263300e-18 0 
   22.750967 1.416516e-02 8.210000e-18 0 
   22.803411 1.413799e-02 8.156600e-18 0 
   22.855998 1.411063e-02 8.103400e-18 0 
   22.908683 1.408864e-02 8.053600e-18 0 
   22.961489 1.406597e-02 8.003700e-18 0 
   23.014417 1.404261e-02 7.953700e-18 0 
   23.067467 1.401856e-02 7.903600e-18 0 
   23.120639 1.399364e-02 7.853300e-18 0 
   23.173934 1.396800e-02 7.802900e-18 0 
   23.227378 1.394169e-02 7.752400e-18 0 
   23.280919 1.391462e-02 7.701800e-18 0 
   23.334583 1.389008e-02 7.652900e-18 0 
   23.388370 1.386813e-02 7.605700e-18 0 
   23.442281 1.384549e-02 7.558400e-18 0 
   23.496319 1.382217e-02 7.511000e-18 0 
   23.550505 1.379818e-02 7.463500e-18 0 
   23.604791 1.377346e-02 7.415900e-18 0 
   23.659202 1.374784e-02 7.368100e-18 0 
   23.713738 1.372169e-02 7.320300e-18 0 
   23.768398 1.369482e-02 7.272400e-18 0 
   23.823187 1.367290e-02 7.227400e-18 0 
   23.878102 1.365105e-02 7.182700e-18 0 
   23.933167 1.362855e-02 7.137900e-18 0 
   23.988336 1.360513e-02 7.092900e-18 0 
   24.043630 1.358121e-02 7.047900e-18 0 
   24.099053 1.355659e-02 7.002800e-18 0 
   24.154603 1.353125e-02 6.957600e-18 0 
   24.210281 1.350500e-02 6.912200e-18 0 
   24.266114 1.348002e-02 6.867700e-18 0 
   24.322048 1.345902e-02 6.825500e-18 0 
   24.378113 1.343715e-02 6.783100e-18 0 
   24.434306 1.341459e-02 6.740600e-18 0 
   24.490630 1.339153e-02 6.698100e-18 0 
   24.547081 1.336757e-02 6.655400e-18 0 
   24.603664 1.334291e-02 6.612600e-18 0 
   24.660405 1.331776e-02 6.569800e-18 0 
   24.717248 1.329166e-02 6.526800e-18 0 
   24.774223 1.326933e-02 6.485900e-18 0 
   24.831330 1.324836e-02 6.445900e-18 0 
   24.888567 1.322651e-02 6.405700e-18 0 
   24.945937 1.320416e-02 6.365500e-18 0 
   25.003441 1.318092e-02 6.325100e-18 0 
   25.061102 1.315720e-02 6.284700e-18 0 
   25.118870 1.313275e-02 6.244200e-18 0 
   25.176770 1.310737e-02 6.203500e-18 0 
   25.763198 1.287771e-02 5.820500e-18 0 
   26.363316 1.265593e-02 5.462800e-18 0 
   26.977409 1.243680e-02 5.126600e-18 0 
   27.605778 1.222019e-02 4.810600e-18 0 
   28.248812 1.200611e-02 4.513600e-18 0 
   28.906797 1.179426e-02 4.234400e-18 0 
   29.580138 1.158655e-02 3.972600e-18 0 
   30.269131 1.138740e-02 3.728600e-18 0 
   30.974206 1.119046e-02 3.499200e-18 0 
   31.695669 1.099552e-02 3.283500e-18 0 
   32.433972 1.080295e-02 3.080800e-18 0 
   33.189438 1.061259e-02 2.890300e-18 0 
   33.962538 1.042492e-02 2.711400e-18 0 
   34.753606 2.277775e-02 5.657600e-18 0 
