# NGC 4594  
# 
# An Atlas of Galaxy Spectral Energy Distributions from the Ultraviolet to the Mid-Infrared
# Brown et al. (2014)
# http://dx.doi.org/10.5072/03/529D3551F0117
# http://dx.doi.org/10.17909/t9-5bxk-dh29
# 
# The Spectral Energy Distributions of Active Galactic Nuclei
# Brown et al. (2019)
# http://dx.doi.org/10.17909/t9-3dbt-8734
# 
# Column 1: Observed wavelength (um)
# Column 2: f_nu (Jy)
# Column 3: f_lam (erg/s/cm2/A)
# Column 4: Source (0 = model, 1 = Optical Spectrun, 2 = Akari, 3 = Spitzer IRS)
# 
    0.010233 7.536637e-11 2.159200e-19 0 
    0.010447 9.843684e-11 2.705800e-19 0 
    0.010641 1.303589e-10 3.453800e-19 0 
    0.010839 1.758578e-10 4.490600e-19 0 
    0.011041 2.717680e-10 6.688100e-19 0 
    0.011429 4.387159e-10 1.007600e-18 0 
    0.011830 6.655037e-10 1.426600e-18 0 
    0.012134 2.571490e-09 5.239600e-18 0 
    0.012531 3.632010e-09 6.939000e-18 0 
    0.012735 4.199278e-09 7.767800e-18 0 
    0.012853 4.593981e-09 8.342600e-18 0 
    0.013152 5.599666e-09 9.711800e-18 0 
    0.013243 6.747339e-09 1.154200e-17 0 
    0.013459 7.641890e-09 1.265600e-17 0 
    0.013740 1.042674e-08 1.656900e-17 0 
    0.014060 1.247845e-08 1.893700e-17 0 
    0.014355 3.492888e-08 5.085100e-17 0 
    0.014757 9.060646e-08 1.248200e-16 0 
    0.015136 1.081956e-07 1.416800e-16 0 
    0.015560 1.306768e-07 1.619200e-16 0 
    0.015959 1.571011e-07 1.850500e-16 0 
    0.016255 1.787130e-07 2.029100e-16 0 
    0.016672 2.148597e-07 2.319000e-16 0 
    0.017061 2.512971e-07 2.590000e-16 0 
    0.017378 2.839054e-07 2.820300e-16 0 
    0.017742 3.289855e-07 3.135400e-16 0 
    0.018072 3.682928e-07 3.383000e-16 0 
    0.018281 3.964443e-07 3.558800e-16 0 
    0.018664 4.551823e-07 3.920100e-16 0 
    0.019187 5.397560e-07 4.398500e-16 0 
    0.019454 5.973077e-07 4.734800e-16 0 
    0.019861 6.763663e-07 5.144000e-16 0 
    0.020277 7.694662e-07 5.614400e-16 0 
    0.020559 8.417522e-07 5.974500e-16 0 
    0.021086 9.336118e-07 6.299400e-16 0 
    0.021677 1.151268e-06 7.350200e-16 0 
    0.022080 1.288776e-06 7.930500e-16 0 
    0.022387 1.377754e-06 8.247100e-16 0 
    0.022803 1.545839e-06 8.918700e-16 0 
    0.023067 2.444405e-06 1.378200e-15 0 
    0.023496 4.397175e-06 2.389500e-15 0 
    0.024099 5.959004e-06 3.078200e-15 0 
    0.024660 6.125751e-06 3.022000e-15 0 
    0.025293 7.066095e-06 3.313600e-15 0 
    0.025763 6.326695e-06 2.859600e-15 0 
    0.026062 7.606673e-06 3.359700e-15 0 
    0.026485 8.417464e-06 3.600000e-15 0 
    0.026977 8.916012e-06 3.675400e-15 0 
    0.027479 9.444483e-06 3.752300e-15 0 
    0.027990 9.958307e-06 3.813300e-15 0 
    0.028510 1.054797e-05 3.893100e-15 0 
    0.029107 1.074413e-05 3.804500e-15 0 
    0.029717 1.161954e-05 3.947300e-15 0 
    0.030200 1.197265e-05 3.938200e-15 0 
    0.030903 1.297712e-05 4.076600e-15 0 
    0.031915 1.452681e-05 4.278600e-15 0 
    0.032885 1.578229e-05 4.378200e-15 0 
    0.033884 1.694977e-05 4.428900e-15 0 
    0.034914 1.812066e-05 4.459600e-15 0 
    0.035810 1.928365e-05 4.511300e-15 0 
    0.036728 2.066181e-05 4.595100e-15 0 
    0.037670 2.178541e-05 4.605700e-15 0 
    0.038637 2.224249e-05 4.469900e-15 0 
    0.039628 2.427648e-05 4.637700e-15 0 
    0.040644 2.583296e-05 4.691400e-15 0 
    0.041495 2.680209e-05 4.669800e-15 0 
    0.042364 2.761698e-05 4.616400e-15 0 
    0.043152 2.845654e-05 4.584600e-15 0 
    0.044259 3.007306e-05 4.605700e-15 0 
    0.045290 3.105903e-05 4.542600e-15 0 
    0.046132 3.185574e-05 4.490600e-15 0 
    0.047206 3.305024e-05 4.449400e-15 0 
    0.048195 3.436985e-05 4.439100e-15 0 
    0.049204 3.500895e-05 4.338100e-15 0 
    0.050119 3.649058e-05 4.358100e-15 0 
    0.050816 3.682828e-05 4.278600e-15 0 
    0.051404 3.909917e-05 4.439100e-15 0 
    0.052119 3.973445e-05 4.388300e-15 0 
    0.053211 4.047407e-05 4.288400e-15 0 
    0.054200 4.047383e-05 4.133300e-15 0 
    0.055208 4.122723e-05 4.057900e-15 0 
    0.056234 4.346847e-05 4.123800e-15 0 
    0.057148 4.510090e-05 4.142900e-15 0 
    0.058210 4.562147e-05 4.039200e-15 0 
    0.059156 4.690056e-05 4.020700e-15 0 
    0.060256 4.679235e-05 3.866300e-15 0 
    0.061235 4.297185e-05 3.438000e-15 0 
    0.062230 4.990843e-05 3.866300e-15 0 
    0.063241 5.013944e-05 3.761000e-15 0 
    0.064269 5.190116e-05 3.769600e-15 0 
    0.065163 5.226102e-05 3.692300e-15 0 
    0.066069 5.226059e-05 3.591700e-15 0 
    0.066681 5.384981e-05 3.633300e-15 0 
    0.067764 5.523056e-05 3.608300e-15 0 
    0.068707 5.409867e-05 3.438000e-15 0 
    0.069663 5.664829e-05 3.501900e-15 0 
    0.070795 5.535847e-05 3.313600e-15 0 
    0.071779 5.863747e-05 3.414300e-15 0 
    0.072778 5.945299e-05 3.367400e-15 0 
    0.073790 6.055889e-05 3.336600e-15 0 
    0.074817 6.097821e-05 3.268100e-15 0 
    0.075683 6.140136e-05 3.215900e-15 0 
    0.076736 5.756709e-05 2.932900e-15 0 
    0.077804 6.312146e-05 3.128200e-15 0 
    0.078705 6.239903e-05 3.022000e-15 0 
    0.079799 6.429436e-05 3.029000e-15 0 
    0.080724 6.549163e-05 3.015100e-15 0 
    0.081846 6.640042e-05 2.973700e-15 0 
    0.082794 6.747911e-05 2.953200e-15 0 
    0.083753 6.341401e-05 2.712100e-15 0 
    0.084723 6.842057e-05 2.859600e-15 0 
    0.085704 6.889285e-05 2.813800e-15 0 
    0.086696 7.017372e-05 2.800900e-15 0 
    0.087700 7.131364e-05 2.781600e-15 0 
    0.088716 7.230654e-05 2.756100e-15 0 
    0.089743 7.331380e-05 2.730900e-15 0 
    0.090782 7.365039e-05 2.681000e-15 0 
    0.091833 8.713286e-05 3.099600e-15 0 
    0.092897 1.928340e-04 6.703500e-15 0 
    0.093756 3.305110e-04 1.128000e-14 0 
    0.094842 5.360123e-04 1.787700e-14 0 
    0.095719 7.115002e-04 2.329700e-14 0 
    0.096828 8.113073e-04 2.596000e-14 0 
    0.097724 2.444445e-04 7.678900e-15 0 
    0.098855 7.331188e-04 2.250600e-14 0 
    0.099770 7.676897e-04 2.313700e-14 0 
    0.100925 1.071960e-03 3.157200e-14 0 
    0.101859 1.057239e-03 3.057000e-14 0 
    0.102802 5.202045e-04 1.476700e-14 0 
    0.103753 8.225655e-04 2.292400e-14 0 
    0.104954 1.449362e-03 3.947300e-14 0 
    0.105925 1.446010e-03 3.866300e-14 0 
    0.106905 1.197230e-03 3.142700e-14 0 
    0.107895 1.416401e-03 3.650100e-14 0 
    0.108893 1.156599e-03 2.926200e-14 0 
    0.109901 1.531721e-03 3.804500e-14 0 
    0.110918 1.496882e-03 3.650100e-14 0 
    0.111944 1.469522e-03 3.518000e-14 0 
    0.112980 1.352652e-03 3.179100e-14 0 
    0.113763 1.695059e-03 3.929200e-14 0 
    0.114815 1.581898e-03 3.600000e-14 0 
    0.115878 1.695025e-03 3.787000e-14 0 
    0.116950 1.766743e-03 3.875200e-14 0 
    0.118032 1.276966e-03 2.749800e-14 0 
    0.118850 1.762699e-03 3.743700e-14 0 
    0.119950 1.294728e-03 2.699600e-14 0 
    0.120781 9.912095e-04 2.038400e-14 0 
    0.121899 6.810543e-04 1.375000e-14 0 
    0.123027 1.327951e-03 2.632100e-14 0 
    0.123880 1.937209e-03 3.787000e-14 0 
    0.125026 2.148706e-03 4.123800e-14 0 
    0.125893 2.090173e-03 3.956400e-14 0 
    0.127057 1.858545e-03 3.453800e-14 0 
    0.127938 2.366886e-03 4.338100e-14 0 
    0.128825 2.501386e-03 4.521700e-14 0 
    0.130017 2.052028e-03 3.641700e-14 0 
    0.130918 2.056743e-03 3.600000e-14 0 
    0.131826 2.553769e-03 4.408600e-14 0 
    0.133045 2.489877e-03 4.219900e-14 0 
    0.133968 2.255154e-03 3.769600e-14 0 
    0.134896 2.674100e-03 4.408600e-14 0 
    0.135831 2.631348e-03 4.278600e-14 0 
    0.137088 2.410907e-03 3.848600e-14 0 
    0.138038 2.547839e-03 4.011400e-14 0 
    0.138995 2.601192e-03 4.039200e-14 0 
    0.139959 2.281279e-03 3.493800e-14 0 
    0.140929 2.383318e-03 3.600000e-14 0 
    0.141906 2.512936e-03 3.743700e-14 0 
    0.142889 2.595239e-03 3.813300e-14 0 
    0.143880 2.619286e-03 3.795800e-14 0 
    0.144544 2.774447e-03 3.983800e-14 0 
    0.145211 2.839050e-03 4.039200e-14 0 
    0.145881 2.780823e-03 3.920100e-14 0 
    0.146893 2.613258e-03 3.633300e-14 0 
    0.147911 2.637425e-03 3.616600e-14 0 
    0.148936 2.717582e-03 3.675400e-14 0 
    0.149969 2.793720e-03 3.726500e-14 0 
    0.151008 2.680237e-03 3.526100e-14 0 
    0.151705 2.427636e-03 3.164500e-14 0 
    0.152055 2.595224e-03 3.367400e-14 0 
    0.153109 2.553733e-03 3.268100e-14 0 
    0.154170 2.260374e-03 2.853000e-14 0 
    0.154882 2.461373e-03 3.078200e-14 0 
    0.155955 2.366851e-03 2.919400e-14 0 
    0.157036 2.455673e-03 2.987400e-14 0 
    0.158125 2.643538e-03 3.171800e-14 0 
    0.159221 2.793716e-03 3.306000e-14 0 
    0.159956 2.878587e-03 3.375200e-14 0 
    0.161065 2.852229e-03 3.298400e-14 0 
    0.162181 2.891892e-03 3.298400e-14 0 
    0.162930 2.768059e-03 3.128200e-14 0 
    0.164059 2.972891e-03 3.313600e-14 0 
    0.165196 3.049171e-03 3.352000e-14 0 
    0.165959 2.858808e-03 3.113900e-14 0 
    0.167109 3.141796e-03 3.375200e-14 0 
    0.167880 2.839038e-03 3.022000e-14 0 
    0.168267 3.214936e-03 3.406400e-14 0 
    0.169044 3.358713e-03 3.526100e-14 0 
    0.170216 3.200218e-03 3.313600e-14 0 
    0.171002 3.112972e-03 3.193700e-14 0 
    0.172187 3.007332e-03 3.043000e-14 0 
    0.172982 3.014221e-03 3.022000e-14 0 
    0.174181 3.252242e-03 3.215900e-14 0 
    0.174985 3.200172e-03 3.135400e-14 0 
    0.176198 3.452907e-03 3.336600e-14 0 
    0.177011 3.200237e-03 3.064100e-14 0 
    0.178238 3.320261e-03 3.135400e-14 0 
    0.179061 3.413303e-03 3.193700e-14 0 
    0.180302 3.691267e-03 3.406400e-14 0 
    0.181134 3.682760e-03 3.367400e-14 0 
    0.181970 3.444864e-03 3.121000e-14 0 
    0.183231 3.557794e-03 3.179100e-14 0 
    0.184077 3.460834e-03 3.064100e-14 0 
    0.184927 3.192839e-03 2.800900e-14 0 
    0.186209 3.282337e-03 2.839900e-14 0 
    0.187068 3.429105e-03 2.939700e-14 0 
    0.187932 3.708318e-03 3.149900e-14 0 
    0.189234 3.484742e-03 2.919400e-14 0 
    0.190108 3.421232e-03 2.839900e-14 0 
    0.190985 3.623939e-03 2.980600e-14 0 
    0.192309 3.566000e-03 2.892700e-14 0 
    0.193197 3.492881e-03 2.807400e-14 0 
    0.194089 3.541408e-03 2.820300e-14 0 
    0.194984 3.856370e-03 3.043000e-14 0 
    0.196336 3.691340e-03 2.872800e-14 0 
    0.197242 4.094300e-03 3.157200e-14 0 
    0.198153 4.179980e-03 3.193700e-14 0 
    0.199067 4.084820e-03 3.092400e-14 0 
    0.199986 4.028769e-03 3.022000e-14 0 
    0.201372 4.160770e-03 3.078200e-14 0 
    0.202302 4.103660e-03 3.008100e-14 0 
    0.203236 4.199328e-03 3.050000e-14 0 
    0.204174 4.179958e-03 3.008100e-14 0 
    0.205116 4.427718e-03 3.157200e-14 0 
    0.206063 4.238128e-03 2.994300e-14 0 
    0.207014 4.287194e-03 3.001200e-14 0 
    0.207970 4.668569e-03 3.238200e-14 0 
    0.208449 5.311014e-03 3.666900e-14 0 
    0.209411 5.918105e-03 4.048600e-14 0 
    0.210378 5.599931e-03 3.795800e-14 0 
    0.211349 5.599929e-03 3.761000e-14 0 
    0.212324 5.931671e-03 3.947300e-14 0 
    0.213304 5.769981e-03 3.804500e-14 0 
    0.214289 5.459861e-03 3.567000e-14 0 
    0.215278 6.168469e-03 3.993000e-14 0 
    0.216272 6.341250e-03 4.067200e-14 0 
    0.217270 5.918090e-03 3.761000e-14 0 
    0.218273 5.986515e-03 3.769600e-14 0 
    0.219281 6.640262e-03 4.142900e-14 0 
    0.220293 6.810560e-03 4.210200e-14 0 
    0.221309 6.686106e-03 4.095400e-14 0 
    0.222331 5.863844e-03 3.558800e-14 0 
    0.223357 6.239869e-03 3.752300e-14 0 
    0.224388 7.484691e-03 4.459600e-14 0 
    0.225424 7.197406e-03 4.249100e-14 0 
    0.226464 6.239960e-03 3.650100e-14 0 
    0.227510 6.154360e-03 3.567000e-14 0 
    0.228034 6.564071e-03 3.787000e-14 0 
    0.229087 7.819473e-03 4.469900e-14 0 
    0.230144 6.936814e-03 3.929000e-14 0 
    0.231207 7.816080e-03 4.386400e-14 0 
    0.232274 7.027864e-03 3.907900e-14 0 
    0.233346 5.684073e-03 3.131700e-14 0 
    0.234423 5.854448e-03 3.196000e-14 0 
    0.235505 4.992559e-03 2.700500e-14 0 
    0.236048 6.874382e-03 3.701300e-14 0 
    0.237137 5.248878e-03 2.800200e-14 0 
    0.238232 5.996490e-03 3.169700e-14 0 
    0.239332 4.783246e-03 2.505200e-14 0 
    0.240436 5.426961e-03 2.816300e-14 0 
    0.241546 5.350382e-03 2.751100e-14 0 
    0.242103 5.838332e-03 2.988200e-14 0 
    0.243220 7.963773e-03 4.038700e-14 0 
    0.244343 7.978975e-03 4.009300e-14 0 
    0.245471 9.178396e-03 4.569700e-14 0 
    0.246604 9.607119e-03 4.739300e-14 0 
    0.247172 8.659666e-03 4.252300e-14 0 
    0.248313 8.004410e-03 3.894500e-14 0 
    0.249460 6.311811e-03 3.042800e-14 0 
    0.250611 6.838513e-03 3.266500e-14 0 
    0.251189 9.329991e-03 4.436100e-14 0 
    0.252348 5.816911e-03 2.740400e-14 0 
    0.252930 5.415151e-03 2.539400e-14 0 
    0.253513 5.527334e-03 2.580100e-14 0 
    0.254097 7.118968e-03 3.307800e-14 0 
    0.255270 7.400102e-03 3.406900e-14 0 
    0.256448 1.140375e-02 5.202000e-14 0 
    0.257632 9.222924e-03 4.168600e-14 0 
    0.258226 1.121435e-02 5.045400e-14 0 
    0.259418 1.031786e-02 4.599500e-14 0 
    0.260615 9.624967e-03 4.251300e-14 0 
    0.261216 8.675700e-03 3.814400e-14 0 
    0.262422 8.186937e-03 3.566500e-14 0 
    0.263633 1.027847e-02 4.436600e-14 0 
    0.264241 1.587921e-02 6.822600e-14 0 
    0.265461 2.082751e-02 8.866600e-14 0 
    0.266686 2.821387e-02 1.190100e-13 0 
    0.267301 1.863578e-02 7.824700e-14 0 
    0.268534 2.123991e-02 8.836400e-14 0 
    0.269154 2.426870e-02 1.005000e-13 0 
    0.270396 1.852952e-02 7.603000e-14 0 
    0.271644 2.262883e-02 9.199900e-14 0 
    0.272270 1.708298e-02 6.913300e-14 0 
    0.273527 1.426810e-02 5.721200e-14 0 
    0.274157 1.763052e-02 7.037000e-14 0 
    0.275423 1.099180e-02 4.347000e-14 0 
    0.276694 1.412116e-02 5.533400e-14 0 
    0.277332 1.789638e-02 6.980500e-14 0 
    0.278612 1.921158e-02 7.424800e-14 0 
    0.279254 1.266077e-02 4.870600e-14 0 
    0.280543 7.132715e-03 2.718800e-14 0 
    0.281190 8.225424e-03 3.120900e-14 0 
    0.282488 1.778091e-02 6.684600e-14 0 
    0.283139 2.511012e-02 9.396600e-14 0 
    0.284446 2.407921e-02 8.928200e-14 0 
    0.285759 1.838371e-02 6.753900e-14 0 
    0.286418 1.192136e-02 4.359600e-14 0 
    0.287740 2.506818e-02 9.083300e-14 0 
    0.288403 3.311525e-02 1.194400e-13 0 
    0.289734 3.032402e-02 1.083700e-13 0 
    0.290402 3.678619e-02 1.308600e-13 0 
    0.291743 4.948526e-02 1.744200e-13 0 
    0.293765 4.397164e-02 1.528600e-13 0 
    0.295801 4.148000e-02 1.422200e-13 0 
    0.297852 4.421005e-02 1.495000e-13 0 
    0.299916 4.551750e-02 1.518100e-13 0 
    0.301995 4.654290e-02 1.531000e-13 0 
    0.304089 5.029450e-02 1.631700e-13 0 
    0.306196 5.310964e-02 1.699400e-13 0 
    0.308319 5.845910e-02 1.844900e-13 0 
    0.309742 5.789346e-02 1.810300e-13 0 
    0.311889 6.765134e-02 2.086400e-13 0 
    0.314051 6.381562e-02 1.941100e-13 0 
    0.316228 6.465343e-02 1.939600e-13 0 
    0.318420 7.198444e-02 2.129900e-13 0 
    0.319890 6.309643e-02 1.849800e-13 0 
    0.322107 7.089783e-02 2.050000e-13 0 
    0.324340 6.071237e-02 1.731400e-13 0 
    0.325837 8.551267e-02 2.416300e-13 0 
    0.328095 1.010835e-01 2.817100e-13 0 
    0.330370 1.005329e-01 2.763300e-13 0 
    0.331894 9.529390e-02 2.595300e-13 0 
    0.333426 9.116177e-02 2.460000e-13 0 
    0.334195 1.003911e-01 2.696600e-13 0 
    0.334966 8.681086e-02 2.321100e-13 0 
    0.335738 1.010272e-01 2.688800e-13 0 
    0.336512 9.126793e-02 2.417900e-13 0 
    0.337287 9.166226e-02 2.417200e-13 0 
    0.338065 9.333897e-02 2.450100e-13 0 
    0.338844 9.014528e-02 2.355400e-13 0 
    0.339625 8.626278e-02 2.243600e-13 0 
    0.340408 1.048808e-01 2.715300e-13 0 
    0.341193 1.141737e-01 2.942300e-13 0 
    0.341979 1.029040e-01 2.639700e-13 0 
    0.342768 9.403891e-02 2.401200e-13 0 
    0.343558 1.199993e-01 3.050000e-13 0 
    0.344350 1.153595e-01 2.918600e-13 0 
    0.345144 1.134818e-01 2.857900e-13 0 
    0.345939 8.275442e-02 2.074500e-13 0 
    0.346737 1.058434e-01 2.641100e-13 0 
    0.347536 8.923320e-02 2.216400e-13 0 
    0.348337 1.115345e-01 2.757600e-13 0 
    0.349140 8.635306e-02 2.125200e-13 0 
    0.349945 1.014267e-01 2.484700e-13 0 
    0.350752 9.616608e-02 2.345000e-13 0 
    0.351560 1.241300e-01 3.013000e-13 0 
    0.352371 1.196043e-01 2.889800e-13 0 
    0.353183 1.182020e-01 2.842800e-13 0 
    0.353997 9.005055e-02 2.155800e-13 0 
    0.354813 1.178561e-01 2.808500e-13 0 
    0.355631 1.309843e-01 3.107000e-13 0 
    0.356451 1.346130e-01 3.178400e-13 0 
    0.357273 1.261676e-01 2.965300e-13 0 
    0.358096 9.926924e-02 2.322400e-13 0 
    0.358922 1.053617e-01 2.453600e-13 0 
    0.359749 8.101219e-02 1.877900e-13 0 
    0.360579 1.092491e-01 2.520800e-13 0 
    0.361410 1.446368e-01 3.322000e-13 0 
    0.362243 1.143276e-01 2.613800e-13 0 
    0.363078 1.352092e-01 3.077000e-13 0 
    0.363879 1.900186e-01 4.305300e-13 1 
    0.364154 1.290277e-01 2.919000e-13 1 
    0.364429 9.088086e-02 2.052900e-13 1 
    0.364704 1.302291e-01 2.937300e-13 1 
    0.364979 1.679863e-01 3.783200e-13 1 
    0.365254 1.742341e-01 3.918000e-13 1 
    0.365529 1.897683e-01 4.260900e-13 1 
    0.365804 1.585055e-01 3.553600e-13 1 
    0.366079 9.123662e-02 2.042400e-13 1 
    0.366354 1.037081e-01 2.318100e-13 1 
    0.366629 2.159899e-01 4.820600e-13 1 
    0.366904 1.852755e-01 4.128900e-13 1 
    0.367179 2.693622e-01 5.993800e-13 1 
    0.367454 2.445752e-01 5.434100e-13 1 
    0.367729 2.073579e-01 4.600300e-13 1 
    0.368004 1.359596e-01 3.011800e-13 1 
    0.368279 1.626739e-01 3.598200e-13 1 
    0.368554 1.831922e-01 4.046000e-13 1 
    0.368829 1.816065e-01 4.005000e-13 1 
    0.369104 2.388203e-01 5.258900e-13 1 
    0.369379 2.024464e-01 4.451300e-13 1 
    0.369654 1.837544e-01 4.034300e-13 1 
    0.369929 1.663700e-01 3.647200e-13 1 
    0.370204 9.092420e-02 1.990300e-13 1 
    0.370479 6.477049e-02 1.415700e-13 1 
    0.370754 1.565515e-01 3.416700e-13 1 
    0.371029 1.154943e-01 2.516900e-13 1 
    0.371304 1.063549e-01 2.314300e-13 1 
    0.371579 1.702875e-01 3.700000e-13 1 
    0.371854 1.777853e-01 3.857200e-13 1 
    0.372129 1.201822e-01 2.603600e-13 1 
    0.372404 8.614171e-02 1.863400e-13 1 
    0.372679 1.454962e-01 3.142700e-13 1 
    0.372954 1.681238e-01 3.626100e-13 1 
    0.373229 1.747517e-01 3.763500e-13 1 
    0.373504 1.901782e-01 4.089700e-13 1 
    0.373779 1.945286e-01 4.177100e-13 1 
    0.374054 2.323685e-01 4.982300e-13 1 
    0.374329 2.365917e-01 5.065400e-13 1 
    0.374604 1.187644e-01 2.539000e-13 1 
    0.374879 5.594669e-02 1.194300e-13 1 
    0.375154 1.065406e-01 2.271000e-13 1 
    0.375429 9.711714e-02 2.067100e-13 1 
    0.375704 1.470867e-01 3.126100e-13 1 
    0.375979 1.349000e-01 2.862900e-13 1 
    0.376254 7.770145e-02 1.646600e-13 1 
    0.376529 1.095772e-01 2.318700e-13 1 
    0.376804 7.329546e-02 1.548700e-13 1 
    0.377079 1.250075e-01 2.637500e-13 1 
    0.377354 1.321340e-01 2.783800e-13 1 
    0.377629 6.444735e-02 1.355800e-13 1 
    0.377904 7.516642e-02 1.579000e-13 1 
    0.378179 1.006141e-01 2.110500e-13 1 
    0.378454 2.044476e-01 4.282300e-13 1 
    0.378729 1.679249e-01 3.512200e-13 1 
    0.379004 1.154276e-01 2.410700e-13 1 
    0.379279 1.647543e-01 3.435900e-13 1 
    0.379554 1.621794e-01 3.377300e-13 1 
    0.379829 1.914656e-01 3.981400e-13 1 
    0.380104 1.905727e-01 3.957100e-13 1 
    0.380379 2.350749e-01 4.874100e-13 1 
    0.380654 1.864637e-01 3.860600e-13 1 
    0.380929 1.409762e-01 2.914600e-13 1 
    0.381204 2.235210e-01 4.614500e-13 1 
    0.381479 1.991187e-01 4.104800e-13 1 
    0.381754 8.333677e-02 1.715500e-13 1 
    0.382029 1.076061e-01 2.211900e-13 1 
    0.382304 1.800841e-01 3.696400e-13 1 
    0.382579 2.174619e-01 4.457200e-13 1 
    0.382854 1.711875e-01 3.503700e-13 1 
    0.383129 1.945771e-01 3.976700e-13 1 
    0.383404 2.343158e-01 4.782000e-13 1 
    0.383679 2.414924e-01 4.921400e-13 1 
    0.383954 2.012735e-01 4.095900e-13 1 
    0.384229 9.432204e-02 1.916700e-13 1 
    0.384504 1.271058e-01 2.579200e-13 1 
    0.384779 1.278701e-01 2.591000e-13 1 
    0.385054 4.441622e-02 8.987100e-14 1 
    0.385329 8.132164e-02 1.643100e-13 1 
    0.385604 1.494587e-01 3.015500e-13 1 
    0.385879 1.991324e-01 4.012000e-13 1 
    0.386154 1.036200e-01 2.084700e-13 1 
    0.386429 1.295564e-01 2.602800e-13 1 
    0.386704 1.818506e-01 3.648200e-13 1 
    0.386979 1.955222e-01 3.916900e-13 1 
    0.387254 1.326446e-01 2.653500e-13 1 
    0.387529 9.278042e-02 1.853400e-13 1 
    0.387804 1.829869e-01 3.650200e-13 1 
    0.388079 2.597892e-01 5.174900e-13 1 
    0.388354 1.484057e-01 2.952000e-13 1 
    0.388629 1.104249e-01 2.193400e-13 1 
    0.388904 9.326857e-02 1.850000e-13 1 
    0.389179 1.393637e-01 2.760400e-13 1 
    0.389454 1.196256e-01 2.366100e-13 1 
    0.389729 1.791071e-01 3.537600e-13 1 
    0.390004 1.689815e-01 3.332900e-13 1 
    0.390279 1.748252e-01 3.443300e-13 1 
    0.390554 1.296831e-01 2.550600e-13 1 
    0.390829 1.656035e-01 3.252500e-13 1 
    0.391104 8.702537e-02 1.706800e-13 1 
    0.391379 1.731672e-01 3.391500e-13 1 
    0.391654 2.139268e-01 4.183900e-13 1 
    0.391929 2.191940e-01 4.280900e-13 1 
    0.392204 1.741492e-01 3.396400e-13 1 
    0.392479 1.412955e-01 2.751800e-13 1 
    0.392754 2.066667e-01 4.019300e-13 1 
    0.393029 2.187887e-01 4.249100e-13 1 
    0.393304 2.318980e-01 4.497400e-13 1 
    0.393579 1.827666e-01 3.539600e-13 1 
    0.393854 1.895009e-01 3.664900e-13 1 
    0.394129 2.122741e-01 4.099600e-13 1 
    0.394404 2.004527e-01 3.865900e-13 1 
    0.394679 2.458594e-01 4.735000e-13 1 
    0.394954 2.063366e-01 3.968300e-13 1 
    0.395229 2.183499e-01 4.193500e-13 1 
    0.395504 8.556361e-02 1.641000e-13 1 
    0.395779 1.474932e-01 2.824800e-13 1 
    0.396054 1.501243e-01 2.871200e-13 1 
    0.396329 1.163205e-01 2.221600e-13 1 
    0.396604 2.215811e-01 4.226100e-13 1 
    0.396879 1.279215e-01 2.436400e-13 1 
    0.397154 1.628944e-01 3.098200e-13 1 
    0.397429 1.920354e-01 3.647400e-13 1 
    0.397704 2.208032e-01 4.188000e-13 1 
    0.397979 2.228298e-01 4.220600e-13 1 
    0.398254 2.519196e-01 4.765000e-13 1 
    0.398529 2.034235e-01 3.842400e-13 1 
    0.398804 9.142946e-02 1.724600e-13 1 
    0.399079 9.017000e-02 1.698500e-13 1 
    0.399354 8.191078e-02 1.540800e-13 1 
    0.399629 9.439000e-02 1.773100e-13 1 
    0.399904 1.884215e-01 3.534600e-13 1 
    0.400179 1.872982e-01 3.508700e-13 1 
    0.400454 2.386154e-01 4.463900e-13 1 
    0.400729 2.618853e-01 4.892500e-13 1 
    0.401004 2.404881e-01 4.486600e-13 1 
    0.401279 3.131772e-01 5.834700e-13 1 
    0.401554 3.544555e-01 6.594700e-13 1 
    0.401829 2.456229e-01 4.563600e-13 1 
    0.402104 2.696842e-01 5.003800e-13 1 
    0.402379 2.138007e-01 3.961500e-13 1 
    0.402654 2.682175e-01 4.963000e-13 1 
    0.402929 3.514104e-01 6.493500e-13 1 
    0.403204 3.343973e-01 6.170700e-13 1 
    0.403479 2.951750e-01 5.439500e-13 1 
    0.403754 4.075541e-01 7.500200e-13 1 
    0.404029 3.215708e-01 5.909800e-13 1 
    0.404304 2.804894e-01 5.147800e-13 1 
    0.404579 3.317169e-01 6.079700e-13 1 
    0.404854 3.665447e-01 6.708900e-13 1 
    0.405129 2.997661e-01 5.479200e-13 1 
    0.405404 3.829466e-01 6.990100e-13 1 
    0.405679 3.273132e-01 5.966500e-13 1 
    0.405954 3.277900e-01 5.967100e-13 1 
    0.406229 3.077605e-01 5.594900e-13 1 
    0.406504 3.575637e-01 6.491500e-13 1 
    0.406779 2.748498e-01 4.983100e-13 1 
    0.407054 3.003627e-01 5.438300e-13 1 
    0.407329 3.319831e-01 6.002700e-13 1 
    0.407604 3.167589e-01 5.719700e-13 1 
    0.407879 3.143305e-01 5.668200e-13 1 
    0.408154 3.273321e-01 5.894700e-13 1 
    0.408429 3.472961e-01 6.245800e-13 1 
    0.408704 3.595235e-01 6.457000e-13 1 
    0.408979 2.911561e-01 5.222100e-13 1 
    0.409254 2.856019e-01 5.115600e-13 1 
    0.409529 2.917273e-01 5.218300e-13 1 
    0.409804 3.033544e-01 5.419000e-13 1 
    0.410079 3.357915e-01 5.990400e-13 1 
    0.410354 3.290012e-01 5.861400e-13 1 
    0.410629 3.417456e-01 6.080300e-13 1 
    0.410904 3.603372e-01 6.402500e-13 1 
    0.411179 3.838806e-01 6.811700e-13 1 
    0.411454 3.559753e-01 6.308100e-13 1 
    0.411729 3.302265e-01 5.844000e-13 1 
    0.412004 3.268314e-01 5.776200e-13 1 
    0.412279 3.290583e-01 5.807800e-13 1 
    0.412554 3.021518e-01 5.325800e-13 1 
    0.412829 3.100706e-01 5.458100e-13 1 
    0.413104 3.509120e-01 6.168800e-13 1 
    0.413379 3.853963e-01 6.766000e-13 1 
    0.413654 3.620851e-01 6.348300e-13 1 
    0.413929 3.909002e-01 6.844400e-13 1 
    0.414204 3.943649e-01 6.895900e-13 1 
    0.414479 3.858181e-01 6.737500e-13 1 
    0.414754 3.593402e-01 6.266800e-13 1 
    0.415029 3.501824e-01 6.099000e-13 1 
    0.415304 3.261605e-01 5.673100e-13 1 
    0.415579 3.037321e-01 5.276000e-13 1 
    0.415854 2.926917e-01 5.077500e-13 1 
    0.416129 3.456456e-01 5.988200e-13 1 
    0.416404 3.994669e-01 6.911500e-13 1 
    0.416679 3.539099e-01 6.115200e-13 1 
    0.416954 3.430884e-01 5.920400e-13 1 
    0.417229 2.900406e-01 4.998400e-13 1 
    0.417504 3.529014e-01 6.073700e-13 1 
    0.417779 3.521098e-01 6.052100e-13 1 
    0.418054 3.243424e-01 5.567500e-13 1 
    0.418329 3.610641e-01 6.189700e-13 1 
    0.418604 3.232805e-01 5.534700e-13 1 
    0.418879 3.540541e-01 6.053600e-13 1 
    0.419154 3.570081e-01 6.096100e-13 1 
    0.419429 3.602445e-01 6.143300e-13 1 
    0.419704 3.624903e-01 6.173500e-13 1 
    0.419979 3.090042e-01 5.255700e-13 1 
    0.420254 3.467039e-01 5.889200e-13 1 
    0.420529 3.264552e-01 5.538000e-13 1 
    0.420804 2.819463e-01 4.776700e-13 1 
    0.421079 3.417721e-01 5.782700e-13 1 
    0.421354 3.768269e-01 6.367500e-13 1 
    0.421629 3.618885e-01 6.107100e-13 1 
    0.421904 3.590380e-01 6.051100e-13 1 
    0.422179 3.633144e-01 6.115200e-13 1 
    0.422454 3.589277e-01 6.033500e-13 1 
    0.422729 3.602112e-01 6.047200e-13 1 
    0.423004 3.739389e-01 6.269500e-13 1 
    0.423279 3.743774e-01 6.268700e-13 1 
    0.423554 3.786912e-01 6.332700e-13 1 
    0.423829 3.728122e-01 6.226300e-13 1 
    0.424104 3.815399e-01 6.363800e-13 1 
    0.424379 3.876179e-01 6.456800e-13 1 
    0.424654 3.635353e-01 6.047800e-13 1 
    0.424929 3.563083e-01 5.919900e-13 1 
    0.425204 3.365804e-01 5.584900e-13 1 
    0.425479 3.215678e-01 5.328900e-13 1 
    0.425754 3.184852e-01 5.271000e-13 1 
    0.426029 3.161440e-01 5.225500e-13 1 
    0.426304 3.320300e-01 5.481000e-13 1 
    0.426579 3.832705e-01 6.318700e-13 1 
    0.426854 4.155231e-01 6.841600e-13 1 
    0.427129 4.294192e-01 7.061300e-13 1 
    0.427404 4.319149e-01 7.093200e-13 1 
    0.427679 3.921515e-01 6.431900e-13 1 
    0.427954 3.184458e-01 5.216300e-13 1 
    0.428229 3.585753e-01 5.866100e-13 1 
    0.428504 4.026569e-01 6.578800e-13 1 
    0.428779 4.525013e-01 7.383700e-13 1 
    0.429054 3.788210e-01 6.173500e-13 1 
    0.429329 3.828213e-01 6.230700e-13 1 
    0.429604 3.507863e-01 5.702000e-13 1 
    0.429879 3.900550e-01 6.332200e-13 1 
    0.430154 4.343144e-01 7.041700e-13 1 
    0.430429 4.243589e-01 6.871500e-13 1 
    0.430704 3.786980e-01 6.124300e-13 1 
    0.430979 3.886732e-01 6.277600e-13 1 
    0.431254 3.780726e-01 6.098600e-13 1 
    0.431529 3.493001e-01 5.627300e-13 1 
    0.431804 3.904548e-01 6.282300e-13 1 
    0.432079 3.589719e-01 5.768400e-13 1 
    0.432354 3.109643e-01 4.990600e-13 1 
    0.432629 3.450502e-01 5.530600e-13 1 
    0.432904 3.432526e-01 5.494800e-13 1 
    0.433179 2.871579e-01 4.591000e-13 1 
    0.433454 3.346749e-01 5.343900e-13 1 
    0.433729 3.343221e-01 5.331500e-13 1 
    0.434004 3.890565e-01 6.196500e-13 1 
    0.434279 3.997717e-01 6.359100e-13 1 
    0.434554 4.354648e-01 6.918100e-13 1 
    0.434829 4.591402e-01 7.285000e-13 1 
    0.435104 4.174848e-01 6.615700e-13 1 
    0.435379 4.562333e-01 7.220600e-13 1 
    0.435654 4.656796e-01 7.360800e-13 1 
    0.435929 5.032166e-01 7.944100e-13 1 
    0.436204 4.877038e-01 7.689500e-13 1 
    0.436479 4.961998e-01 7.813600e-13 1 
    0.436754 4.635960e-01 7.291000e-13 1 
    0.437029 4.190161e-01 6.581600e-13 1 
    0.437304 4.487133e-01 7.039200e-13 1 
    0.437579 4.635555e-01 7.262900e-13 1 
    0.437854 5.241519e-01 8.202000e-13 1 
    0.438129 5.043223e-01 7.881800e-13 1 
    0.438404 4.847043e-01 7.565700e-13 1 
    0.438679 4.624957e-01 7.210000e-13 1 
    0.438954 5.587224e-01 8.699200e-13 1 
    0.439229 4.773086e-01 7.422300e-13 1 
    0.439504 5.096948e-01 7.916000e-13 1 
    0.439779 4.824631e-01 7.483700e-13 1 
    0.440054 4.527415e-01 7.013900e-13 1 
    0.440329 4.517887e-01 6.990400e-13 1 
    0.440604 4.532656e-01 7.004500e-13 1 
    0.440879 4.508317e-01 6.958200e-13 1 
    0.441154 4.320170e-01 6.659500e-13 1 
    0.441429 4.992497e-01 7.686300e-13 1 
    0.441704 4.375497e-01 6.728000e-13 1 
    0.441979 4.509420e-01 6.925300e-13 1 
    0.442254 4.776795e-01 7.326800e-13 1 
    0.442529 4.563014e-01 6.990200e-13 1 
    0.442804 4.732214e-01 7.240400e-13 1 
    0.443079 4.808768e-01 7.348400e-13 1 
    0.443354 4.852152e-01 7.405500e-13 1 
    0.443629 5.211572e-01 7.944200e-13 1 
    0.443904 5.209562e-01 7.931300e-13 1 
    0.444179 5.359123e-01 8.148900e-13 1 
    0.444454 4.986947e-01 7.573600e-13 1 
    0.444729 5.682990e-01 8.620000e-13 1 
    0.445004 4.957447e-01 7.510200e-13 1 
    0.445279 5.736776e-01 8.680100e-13 1 
    0.445554 5.737115e-01 8.669900e-13 1 
    0.445829 5.258885e-01 7.937400e-13 1 
    0.446104 5.136748e-01 7.743500e-13 1 
    0.446379 5.665129e-01 8.529500e-13 1 
    0.446654 5.229754e-01 7.864300e-13 1 
    0.446929 5.235464e-01 7.863200e-13 1 
    0.447204 5.978410e-01 8.968000e-13 1 
    0.447479 5.505996e-01 8.249200e-13 1 
    0.447754 5.335471e-01 7.983900e-13 1 
    0.448029 5.269430e-01 7.875400e-13 1 
    0.448304 5.175681e-01 7.725800e-13 1 
    0.448579 5.508953e-01 8.213200e-13 1 
    0.448854 4.972815e-01 7.404800e-13 1 
    0.449129 4.932314e-01 7.335500e-13 1 
    0.449404 5.968977e-01 8.866400e-13 1 
    0.449679 5.426810e-01 8.051200e-13 1 
    0.449954 5.603582e-01 8.303300e-13 1 
    0.450229 5.860032e-01 8.672700e-13 1 
    0.450504 6.530244e-01 9.652800e-13 1 
    0.450779 6.237276e-01 9.208500e-13 1 
    0.451054 5.973352e-01 8.808100e-13 1 
    0.451329 6.095794e-01 8.977700e-13 1 
    0.451604 6.128175e-01 9.014400e-13 1 
    0.451879 6.460719e-01 9.492000e-13 1 
    0.452154 6.575440e-01 9.648800e-13 1 
    0.452429 6.058474e-01 8.879400e-13 1 
    0.452704 6.087565e-01 8.911200e-13 1 
    0.452979 6.741448e-01 9.856400e-13 1 
    0.453254 6.417509e-01 9.371400e-13 1 
    0.453529 6.697905e-01 9.769000e-13 1 
    0.453804 6.662714e-01 9.705900e-13 1 
    0.454079 6.608317e-01 9.615000e-13 1 
    0.454354 6.091422e-01 8.852200e-13 1 
    0.454629 6.106790e-01 8.863800e-13 1 
    0.454904 6.109903e-01 8.857600e-13 1 
    0.455179 6.771385e-01 9.804700e-13 1 
    0.455454 5.710985e-01 8.259300e-13 1 
    0.455729 5.220815e-01 7.541300e-13 1 
    0.456004 5.823627e-01 8.401900e-13 1 
    0.456279 6.053556e-01 8.723100e-13 1 
    0.456554 6.642616e-01 9.560400e-13 1 
    0.456829 5.896683e-01 8.476600e-13 1 
    0.457104 5.633411e-01 8.088400e-13 1 
    0.457379 6.185634e-01 8.870600e-13 1 
    0.457654 6.217440e-01 8.905500e-13 1 
    0.457929 6.785859e-01 9.708000e-13 1 
    0.458204 6.227844e-01 8.899000e-13 1 
    0.458479 7.040399e-01 1.004800e-12 1 
    0.458754 7.038324e-01 1.003300e-12 1 
    0.459029 7.069241e-01 1.006500e-12 1 
    0.459304 6.935174e-01 9.862300e-13 1 
    0.459579 6.218811e-01 8.833000e-13 1 
    0.459854 6.572848e-01 9.324700e-13 1 
    0.460129 6.770129e-01 9.593100e-13 1 
    0.460404 7.028915e-01 9.947900e-13 1 
    0.460679 6.519557e-01 9.216000e-13 1 
    0.460954 6.513744e-01 9.196800e-13 1 
    0.461229 6.091657e-01 8.590600e-13 1 
    0.461504 6.644452e-01 9.359000e-13 1 
    0.461779 6.967541e-01 9.802400e-13 1 
    0.462054 6.432216e-01 9.038500e-13 1 
    0.462329 6.458613e-01 9.064800e-13 1 
    0.462604 6.500967e-01 9.113400e-13 1 
    0.462879 6.648822e-01 9.309600e-13 1 
    0.463154 6.937234e-01 9.701900e-13 1 
    0.463429 6.306473e-01 8.809300e-13 1 
    0.463704 7.162793e-01 9.993600e-13 1 
    0.463979 7.000505e-01 9.755600e-13 1 
    0.464254 7.265576e-01 1.011300e-12 1 
    0.464529 7.461202e-01 1.037300e-12 1 
    0.464804 7.055164e-01 9.796900e-13 1 
    0.465079 6.866179e-01 9.523200e-13 1 
    0.465354 6.781183e-01 9.394200e-13 1 
    0.465629 6.904977e-01 9.554400e-13 1 
    0.465904 7.057990e-01 9.754599e-13 1 
    0.466179 6.952014e-01 9.596800e-13 1 
    0.466454 6.823506e-01 9.408300e-13 1 
    0.466729 7.249218e-01 9.983499e-13 1 
    0.467004 6.502072e-01 8.944000e-13 1 
    0.467279 6.767603e-01 9.298300e-13 1 
    0.467554 6.679966e-01 9.167100e-13 1 
    0.467829 6.942001e-01 9.515500e-13 1 
    0.468104 6.623527e-01 9.068300e-13 1 
    0.468379 6.895152e-01 9.429100e-13 1 
    0.468654 6.834065e-01 9.334600e-13 1 
    0.468929 6.814601e-01 9.297100e-13 1 
    0.469204 6.962686e-01 9.488000e-13 1 
    0.469479 6.682480e-01 9.095500e-13 1 
    0.469754 6.662654e-01 9.057900e-13 1 
    0.470029 6.282656e-01 8.531300e-13 1 
    0.470304 6.481188e-01 8.790600e-13 1 
    0.470579 6.721065e-01 9.105300e-13 1 
    0.470854 6.568705e-01 8.888500e-13 1 
    0.471129 6.731384e-01 9.098000e-13 1 
    0.471404 7.314799e-01 9.875000e-13 1 
    0.471679 6.806883e-01 9.178600e-13 1 
    0.471954 6.189664e-01 8.336600e-13 1 
    0.472229 6.712381e-01 9.030100e-13 1 
    0.472504 6.832650e-01 9.181200e-13 1 
    0.472779 6.468594e-01 8.681900e-13 1 
    0.473054 6.543330e-01 8.772000e-13 1 
    0.473329 6.611729e-01 8.853400e-13 1 
    0.473604 6.673097e-01 8.925200e-13 1 
    0.473879 6.887595e-01 9.201400e-13 1 
    0.474154 7.210792e-01 9.622000e-13 1 
    0.474429 6.982371e-01 9.306400e-13 1 
    0.474704 7.008495e-01 9.330400e-13 1 
    0.474979 7.284787e-01 9.686999e-13 1 
    0.475254 6.756341e-01 8.973900e-13 1 
    0.475529 5.887539e-01 7.810900e-13 1 
    0.475804 6.143153e-01 8.140600e-13 1 
    0.476079 6.714014e-01 8.886800e-13 1 
    0.476354 6.896722e-01 9.118100e-13 1 
    0.476629 7.137618e-01 9.425700e-13 1 
    0.476904 7.690418e-01 1.014400e-12 1 
    0.477179 7.409199e-01 9.761800e-13 1 
    0.477454 7.587270e-01 9.984900e-13 1 
    0.477729 7.670642e-01 1.008300e-12 1 
    0.478004 7.397979e-01 9.713400e-13 1 
    0.478279 7.619004e-01 9.992100e-13 1 
    0.478554 7.952127e-01 1.041700e-12 1 
    0.478829 7.738106e-01 1.012500e-12 1 
    0.479104 7.698029e-01 1.006100e-12 1 
    0.479379 7.276215e-01 9.498800e-13 1 
    0.479654 7.638486e-01 9.960300e-13 1 
    0.479929 7.984070e-01 1.039900e-12 1 
    0.480204 7.593369e-01 9.878800e-13 1 
    0.480479 7.606454e-01 9.884500e-13 1 
    0.480754 7.789662e-01 1.011100e-12 1 
    0.481029 7.674167e-01 9.949699e-13 1 
    0.481304 7.589820e-01 9.829100e-13 1 
    0.481579 7.739115e-01 1.001100e-12 1 
    0.481854 7.823029e-01 1.010800e-12 1 
    0.482129 7.535357e-01 9.725200e-13 1 
    0.482404 7.739279e-01 9.977000e-13 1 
    0.482679 7.843627e-01 1.010000e-12 1 
    0.482954 8.268520e-01 1.063500e-12 1 
    0.483229 8.014851e-01 1.029700e-12 1 
    0.483504 7.602243e-01 9.755800e-13 1 
    0.483779 7.970694e-01 1.021700e-12 1 
    0.484054 8.390580e-01 1.074300e-12 1 
    0.484329 8.512712e-01 1.088700e-12 1 
    0.484604 8.668765e-01 1.107400e-12 1 
    0.484879 8.369049e-01 1.067900e-12 1 
    0.485154 8.333038e-01 1.062100e-12 1 
    0.485429 8.418679e-01 1.071800e-12 1 
    0.485704 8.630315e-01 1.097500e-12 1 
    0.485979 8.309444e-01 1.055500e-12 1 
    0.486254 7.920051e-01 1.004900e-12 1 
    0.486529 7.804265e-01 9.890900e-13 1 
    0.486804 7.518447e-01 9.517900e-13 1 
    0.487079 7.825637e-01 9.895600e-13 1 
    0.487354 7.951967e-01 1.004400e-12 1 
    0.487629 7.997403e-01 1.009000e-12 1 
    0.487904 8.038166e-01 1.013000e-12 1 
    0.488179 8.040080e-01 1.012100e-12 1 
    0.488454 7.637658e-01 9.603600e-13 1 
    0.488729 7.410031e-01 9.306900e-13 1 
    0.489004 7.358112e-01 9.231300e-13 1 
    0.489279 7.233129e-01 9.064300e-13 1 
    0.489554 7.317395e-01 9.159600e-13 1 
    0.489829 7.289388e-01 9.114300e-13 1 
    0.490104 7.430646e-01 9.280500e-13 1 
    0.490379 7.770998e-01 9.694699e-13 1 
    0.490654 7.931946e-01 9.884400e-13 1 
    0.490929 7.669221e-01 9.546300e-13 1 
    0.491204 7.355222e-01 9.145200e-13 1 
    0.491479 7.279641e-01 9.041100e-13 1 
    0.491754 8.042839e-01 9.977800e-13 1 
    0.492029 8.106065e-01 1.004500e-12 1 
    0.492304 8.125632e-01 1.005800e-12 1 
    0.492579 8.632112e-01 1.067300e-12 1 
    0.492854 8.479816e-01 1.047300e-12 1 
    0.493129 8.694360e-01 1.072600e-12 1 
    0.493404 8.172533e-01 1.007100e-12 1 
    0.493679 7.755544e-01 9.546500e-13 1 
    0.493954 8.215162e-01 1.010100e-12 1 
    0.494229 7.993891e-01 9.818000e-13 1 
    0.494504 8.125464e-01 9.968500e-13 1 
    0.494779 7.382622e-01 9.047100e-13 1 
    0.495054 7.703633e-01 9.430000e-13 1 
    0.495329 8.598728e-01 1.051400e-12 1 
    0.495604 8.555880e-01 1.045000e-12 1 
    0.495879 8.435052e-01 1.029100e-12 1 
    0.496154 8.447693e-01 1.029500e-12 1 
    0.496429 8.192381e-01 9.972799e-13 1 
    0.496704 8.170868e-01 9.935601e-13 1 
    0.496979 8.556492e-01 1.039300e-12 1 
    0.497254 8.853611e-01 1.074200e-12 1 
    0.497529 8.574616e-01 1.039200e-12 1 
    0.497804 8.866600e-01 1.073400e-12 1 
    0.498079 8.641548e-01 1.045000e-12 1 
    0.498354 8.562512e-01 1.034300e-12 1 
    0.498629 8.907616e-01 1.074800e-12 1 
    0.498904 8.651944e-01 1.042800e-12 1 
    0.499179 8.819299e-01 1.061800e-12 1 
    0.499454 8.840660e-01 1.063200e-12 1 
    0.499729 8.332626e-01 1.001000e-12 1 
    0.500004 8.227965e-01 9.873400e-13 1 
    0.500279 8.130483e-01 9.745700e-13 1 
    0.500554 8.326254e-01 9.969401e-13 1 
    0.500829 8.323532e-01 9.955200e-13 1 
    0.501104 7.912995e-01 9.453800e-13 1 
    0.501379 7.696362e-01 9.184900e-13 1 
    0.501654 7.985823e-01 9.519900e-13 1 
    0.501929 8.293877e-01 9.876300e-13 1 
    0.502204 7.996030e-01 9.511200e-13 1 
    0.502479 7.916419e-01 9.406200e-13 1 
    0.502754 8.326051e-01 9.882099e-13 1 
    0.503029 8.432413e-01 9.997400e-13 1 
    0.503304 8.202422e-01 9.714100e-13 1 
    0.503579 8.085944e-01 9.565700e-13 1 
    0.503854 8.354486e-01 9.872600e-13 1 
    0.504129 8.225014e-01 9.709000e-13 1 
    0.504404 7.633466e-01 9.000900e-13 1 
    0.504679 7.536430e-01 8.876800e-13 1 
    0.504954 7.911134e-01 9.308000e-13 1 
    0.505229 8.140040e-01 9.566900e-13 1 
    0.505504 8.140301e-01 9.556800e-13 1 
    0.505779 7.671303e-01 8.996400e-13 1 
    0.506054 7.100796e-01 8.318300e-13 1 
    0.506329 7.132956e-01 8.346900e-13 1 
    0.506604 7.861801e-01 9.189800e-13 1 
    0.506879 8.079134e-01 9.433600e-13 1 
    0.507154 8.079500e-01 9.423800e-13 1 
    0.507429 8.078567e-01 9.412500e-13 1 
    0.507704 8.058112e-01 9.378499e-13 1 
    0.507979 8.294609e-01 9.643300e-13 1 
    0.508254 8.292055e-01 9.629900e-13 1 
    0.508529 8.325855e-01 9.658700e-13 1 
    0.508804 8.003754e-01 9.275000e-13 1 
    0.509079 8.227167e-01 9.523600e-13 1 
    0.509354 8.311987e-01 9.611400e-13 1 
    0.509629 8.054317e-01 9.303400e-13 1 
    0.509904 8.115532e-01 9.364000e-13 1 
    0.510179 8.331040e-01 9.602301e-13 1 
    0.510454 7.991042e-01 9.200500e-13 1 
    0.510729 8.031129e-01 9.236700e-13 1 
    0.511004 8.043088e-01 9.240500e-13 1 
    0.511279 7.857435e-01 9.017500e-13 1 
    0.511554 8.151652e-01 9.345100e-13 1 
    0.511829 8.244511e-01 9.441399e-13 1 
    0.512104 8.255034e-01 9.443300e-13 1 
    0.512379 8.180417e-01 9.347900e-13 1 
    0.512654 7.936811e-01 9.059800e-13 1 
    0.512929 7.638909e-01 8.710400e-13 1 
    0.513204 7.709962e-01 8.782000e-13 1 
    0.513479 7.978724e-01 9.078400e-13 1 
    0.513754 8.329343e-01 9.467200e-13 1 
    0.514029 8.590774e-01 9.753900e-13 1 
    0.514304 8.775602e-01 9.953100e-13 1 
    0.514579 8.507841e-01 9.639100e-13 1 
    0.514854 7.583609e-01 8.582800e-13 1 
    0.515129 7.768617e-01 8.782800e-13 1 
    0.515404 7.984646e-01 9.017400e-13 1 
    0.515679 7.728751e-01 8.719100e-13 1 
    0.515954 7.584370e-01 8.547100e-13 1 
    0.516229 8.052157e-01 9.064600e-13 1 
    0.516504 8.569391e-01 9.636600e-13 1 
    0.516779 8.329974e-01 9.357400e-13 1 
    0.517054 8.091726e-01 9.080100e-13 1 
    0.517329 7.911925e-01 8.868900e-13 1 
    0.517604 7.870507e-01 8.813100e-13 1 
    0.517879 7.767838e-01 8.688900e-13 1 
    0.518154 7.575443e-01 8.464700e-13 1 
    0.518429 7.547650e-01 8.424700e-13 1 
    0.518704 7.364273e-01 8.211300e-13 1 
    0.518979 7.217034e-01 8.038600e-13 1 
    0.519254 7.631009e-01 8.490700e-13 1 
    0.519529 7.346061e-01 8.165000e-13 1 
    0.519804 6.860282e-01 7.617000e-13 1 
    0.520079 6.752137e-01 7.489000e-13 1 
    0.520354 6.901883e-01 7.647000e-13 1 
    0.520629 7.161894e-01 7.926700e-13 1 
    0.520904 7.331452e-01 8.105800e-13 1 
    0.521179 7.144892e-01 7.891200e-13 1 
    0.521454 7.146723e-01 7.884900e-13 1 
    0.521729 7.917061e-01 8.725600e-13 1 
    0.522004 8.068647e-01 8.883300e-13 1 
    0.522279 8.078697e-01 8.885000e-13 1 
    0.522554 8.508269e-01 9.347600e-13 1 
    0.522829 8.312032e-01 9.122400e-13 1 
    0.523104 8.112631e-01 8.894200e-13 1 
    0.523379 8.344960e-01 9.139300e-13 1 
    0.523654 8.530600e-01 9.332800e-13 1 
    0.523929 8.683035e-01 9.489600e-13 1 
    0.524204 8.941753e-01 9.762100e-13 1 
    0.524479 8.935091e-01 9.744600e-13 1 
    0.524754 8.788881e-01 9.575100e-13 1 
    0.525029 8.679288e-01 9.445800e-13 1 
    0.525304 8.635861e-01 9.388700e-13 1 
    0.525579 8.831178e-01 9.591000e-13 1 
    0.525854 9.166626e-01 9.944900e-13 1 
    0.526129 9.202237e-01 9.973100e-13 1 
    0.526404 9.158101e-01 9.914900e-13 1 
    0.526679 9.360090e-01 1.012300e-12 1 
    0.526954 9.822485e-01 1.061200e-12 1 
    0.527229 9.584420e-01 1.034400e-12 1 
    0.527504 9.547117e-01 1.029300e-12 1 
    0.527779 9.783628e-01 1.053700e-12 1 
    0.528054 9.680431e-01 1.041500e-12 1 
    0.528329 9.422550e-01 1.012700e-12 1 
    0.528604 9.378340e-01 1.006900e-12 1 
    0.528879 8.907274e-01 9.553300e-13 1 
    0.529154 8.462653e-01 9.067000e-13 1 
    0.529429 8.368303e-01 8.956600e-13 1 
    0.529704 8.680406e-01 9.281000e-13 1 
    0.529979 8.931538e-01 9.539600e-13 1 
    0.530254 8.616527e-01 9.193600e-13 1 
    0.530529 8.792655e-01 9.371800e-13 1 
    0.530804 9.300475e-01 9.902800e-13 1 
    0.531079 9.748412e-01 1.036900e-12 1 
    0.531354 9.885562e-01 1.050400e-12 1 
    0.531629 1.006726e+00 1.068600e-12 1 
    0.531904 1.042661e+00 1.105600e-12 1 
    0.532179 1.034016e+00 1.095300e-12 1 
    0.532454 1.058238e+00 1.119800e-12 1 
    0.532729 9.873408e-01 1.043700e-12 1 
    0.533004 9.809740e-01 1.035900e-12 1 
    0.533279 1.066449e+00 1.125000e-12 1 
    0.533554 1.125055e+00 1.185600e-12 1 
    0.533829 1.087933e+00 1.145300e-12 1 
    0.534104 1.063951e+00 1.118900e-12 1 
    0.534379 1.098553e+00 1.154100e-12 1 
    0.534654 1.095110e+00 1.149300e-12 1 
    0.534929 1.070197e+00 1.122000e-12 1 
    0.535204 1.014105e+00 1.062100e-12 1 
    0.535479 9.599981e-01 1.004400e-12 1 
    0.535754 9.871999e-01 1.031800e-12 1 
    0.536029 1.035144e+00 1.080800e-12 1 
    0.536304 1.050779e+00 1.096000e-12 1 
    0.536579 1.024889e+00 1.067900e-12 1 
    0.536854 1.017197e+00 1.058800e-12 1 
    0.537129 1.027472e+00 1.068400e-12 1 
    0.537404 1.070593e+00 1.112100e-12 1 
    0.537679 1.088746e+00 1.129800e-12 1 
    0.537954 1.095937e+00 1.136100e-12 1 
    0.538229 1.096382e+00 1.135400e-12 1 
    0.538504 1.090736e+00 1.128400e-12 1 
    0.538779 1.123298e+00 1.160900e-12 1 
    0.539054 1.107688e+00 1.143600e-12 1 
    0.539329 1.110273e+00 1.145100e-12 1 
    0.539604 1.055597e+00 1.087600e-12 1 
    0.539879 1.074647e+00 1.106100e-12 1 
    0.540154 1.104238e+00 1.135400e-12 1 
    0.540429 1.063695e+00 1.092600e-12 1 
    0.540704 1.075303e+00 1.103400e-12 1 
    0.540979 1.063520e+00 1.090200e-12 1 
    0.541254 1.034330e+00 1.059200e-12 1 
    0.541529 1.024140e+00 1.047700e-12 1 
    0.541804 1.045239e+00 1.068200e-12 1 
    0.542079 1.049533e+00 1.071500e-12 1 
    0.542354 1.037459e+00 1.058100e-12 1 
    0.542629 1.037825e+00 1.057400e-12 1 
    0.542904 1.006259e+00 1.024200e-12 1 
    0.543179 1.018687e+00 1.035800e-12 1 
    0.543454 1.000324e+00 1.016100e-12 1 
    0.543729 1.004096e+00 1.018900e-12 1 
    0.544004 9.852743e-01 9.987900e-13 1 
    0.544279 1.022619e+00 1.035600e-12 1 
    0.544554 1.077228e+00 1.089800e-12 1 
    0.544829 1.138970e+00 1.151100e-12 1 
    0.545104 1.132295e+00 1.143200e-12 1 
    0.545379 1.072166e+00 1.081400e-12 1 
    0.545654 1.025907e+00 1.033700e-12 1 
    0.545929 1.027438e+00 1.034200e-12 1 
    0.546204 1.039015e+00 1.044800e-12 1 
    0.546479 1.191770e+00 1.197200e-12 1 
    0.546754 1.195062e+00 1.199300e-12 1 
    0.547029 1.121056e+00 1.123900e-12 1 
    0.547304 1.113197e+00 1.114900e-12 1 
    0.547579 1.094926e+00 1.095500e-12 1 
    0.547854 1.039899e+00 1.039400e-12 1 
    0.548129 1.097627e+00 1.096000e-12 1 
    0.548404 1.101636e+00 1.098900e-12 1 
    0.548679 1.096921e+00 1.093100e-12 1 
    0.548954 1.062964e+00 1.058200e-12 1 
    0.549229 1.064733e+00 1.058900e-12 1 
    0.549504 1.103745e+00 1.096600e-12 1 
    0.549779 1.105354e+00 1.097100e-12 1 
    0.550054 1.087096e+00 1.077900e-12 1 
    0.550329 1.030236e+00 1.020500e-12 1 
    0.550604 1.021867e+00 1.011200e-12 1 
    0.550879 1.045952e+00 1.034000e-12 1 
    0.551154 1.097017e+00 1.083400e-12 1 
    0.551429 1.113823e+00 1.098900e-12 1 
    0.551704 1.133603e+00 1.117300e-12 1 
    0.551979 1.091570e+00 1.074800e-12 1 
    0.552254 1.124071e+00 1.105700e-12 1 
    0.552529 1.139031e+00 1.119300e-12 1 
    0.552804 1.130386e+00 1.109700e-12 1 
    0.553079 1.108467e+00 1.087100e-12 1 
    0.553354 1.073744e+00 1.052000e-12 1 
    0.553629 1.121400e+00 1.097600e-12 1 
    0.553904 1.071686e+00 1.047900e-12 1 
    0.554179 1.054324e+00 1.029900e-12 1 
    0.554454 1.100356e+00 1.073800e-12 1 
    0.554729 1.066880e+00 1.040100e-12 1 
    0.555004 1.157061e+00 1.126900e-12 1 
    0.555279 1.159133e+00 1.127800e-12 1 
    0.555554 1.118512e+00 1.087200e-12 1 
    0.555829 1.088519e+00 1.057000e-12 1 
    0.556104 1.085061e+00 1.052600e-12 1 
    0.556379 1.159087e+00 1.123300e-12 1 
    0.556654 1.114993e+00 1.079500e-12 1 
    0.556929 1.148249e+00 1.110600e-12 1 
    0.557204 1.078802e+00 1.042400e-12 1 
    0.557479 1.164192e+00 1.123800e-12 1 
    0.557754 1.167726e+00 1.126100e-12 1 
    0.558029 1.118743e+00 1.077800e-12 1 
    0.558304 1.189044e+00 1.144400e-12 1 
    0.558579 1.172536e+00 1.127400e-12 1 
    0.558854 1.193054e+00 1.146000e-12 1 
    0.559129 1.154421e+00 1.107800e-12 1 
    0.559404 1.117066e+00 1.070900e-12 1 
    0.559679 1.143537e+00 1.095200e-12 1 
    0.559954 1.042434e+00 9.973900e-13 1 
    0.560229 1.134905e+00 1.084800e-12 1 
    0.560504 1.114761e+00 1.064500e-12 1 
    0.560779 1.160091e+00 1.106700e-12 1 
    0.561054 1.076868e+00 1.026300e-12 1 
    0.561329 1.081810e+00 1.030000e-12 1 
    0.561604 1.051435e+00 1.000100e-12 1 
    0.561879 1.123079e+00 1.067200e-12 1 
    0.562154 1.081621e+00 1.026800e-12 1 
    0.562429 1.068234e+00 1.013100e-12 1 
    0.562704 1.138411e+00 1.078600e-12 1 
    0.562979 1.134559e+00 1.073900e-12 1 
    0.563254 1.150261e+00 1.087700e-12 1 
    0.563529 1.148315e+00 1.084800e-12 1 
    0.563804 1.231554e+00 1.162300e-12 1 
    0.564079 1.208573e+00 1.139500e-12 1 
    0.564354 1.198074e+00 1.128500e-12 1 
    0.564629 1.146320e+00 1.078700e-12 1 
    0.564904 1.097974e+00 1.032200e-12 1 
    0.565179 1.120870e+00 1.052700e-12 1 
    0.565454 1.132087e+00 1.062200e-12 1 
    0.565729 1.115905e+00 1.046000e-12 1 
    0.566004 1.207439e+00 1.130700e-12 1 
    0.566279 1.131437e+00 1.058500e-12 1 
    0.566554 1.227441e+00 1.147200e-12 1 
    0.566829 1.113395e+00 1.039600e-12 1 
    0.567104 1.156927e+00 1.079200e-12 1 
    0.567379 1.106650e+00 1.031300e-12 1 
    0.567654 1.259494e+00 1.172600e-12 1 
    0.567929 1.285335e+00 1.195500e-12 1 
    0.568204 1.257739e+00 1.168700e-12 1 
    0.568479 1.230948e+00 1.142700e-12 1 
    0.568754 1.186097e+00 1.100000e-12 1 
    0.569029 1.191778e+00 1.104200e-12 1 
    0.569304 1.252998e+00 1.159800e-12 1 
    0.569579 1.303521e+00 1.205400e-12 1 
    0.569854 1.311166e+00 1.211300e-12 1 
    0.570129 1.218927e+00 1.125000e-12 1 
    0.570404 1.179541e+00 1.087600e-12 1 
    0.570679 1.199568e+00 1.105000e-12 1 
    0.570954 1.277114e+00 1.175300e-12 1 
    0.571229 1.272798e+00 1.170200e-12 1 
    0.571504 1.126066e+00 1.034300e-12 1 
    0.571779 1.184472e+00 1.086900e-12 1 
    0.572054 1.203610e+00 1.103400e-12 1 
    0.572329 1.223984e+00 1.121000e-12 1 
    0.572604 1.250407e+00 1.144100e-12 1 
    0.572879 1.204568e+00 1.101100e-12 1 
    0.573154 1.219960e+00 1.114100e-12 1 
    0.573429 1.159093e+00 1.057500e-12 1 
    0.573704 1.110177e+00 1.011900e-12 1 
    0.573979 1.168346e+00 1.063900e-12 1 
    0.574254 1.141985e+00 1.038900e-12 1 
    0.574529 1.173557e+00 1.066600e-12 1 
    0.574804 1.191641e+00 1.082000e-12 1 
    0.575079 1.300375e+00 1.179600e-12 1 
    0.575354 1.209040e+00 1.095700e-12 1 
    0.575629 1.246423e+00 1.128500e-12 1 
    0.575904 1.314280e+00 1.188800e-12 1 
    0.576179 1.307567e+00 1.181600e-12 1 
    0.576454 1.320446e+00 1.192100e-12 1 
    0.576729 1.296428e+00 1.169300e-12 1 
    0.577004 1.271695e+00 1.145900e-12 1 
    0.577279 1.305344e+00 1.175100e-12 1 
    0.577554 1.361516e+00 1.224500e-12 1 
    0.577829 1.251406e+00 1.124400e-12 1 
    0.578104 1.234550e+00 1.108200e-12 1 
    0.578379 1.203500e+00 1.079300e-12 1 
    0.578654 1.209109e+00 1.083300e-12 1 
    0.578929 1.313376e+00 1.175600e-12 1 
    0.579204 1.361143e+00 1.217200e-12 1 
    0.579479 1.306806e+00 1.167500e-12 1 
    0.579754 1.349949e+00 1.204900e-12 1 
    0.580029 1.378032e+00 1.228800e-12 1 
    0.580304 1.349032e+00 1.201800e-12 1 
    0.580579 1.301660e+00 1.158500e-12 1 
    0.580854 1.317288e+00 1.171300e-12 1 
    0.581129 1.285778e+00 1.142200e-12 1 
    0.581404 1.278094e+00 1.134300e-12 1 
    0.581679 1.223363e+00 1.084700e-12 1 
    0.581954 1.269563e+00 1.124600e-12 1 
    0.582229 1.295283e+00 1.146300e-12 1 
    0.582504 1.248777e+00 1.104100e-12 1 
    0.582779 1.243956e+00 1.098800e-12 1 
    0.583054 1.271647e+00 1.122200e-12 1 
    0.583329 1.408956e+00 1.242200e-12 1 
    0.583604 1.332970e+00 1.174100e-12 1 
    0.583879 1.266953e+00 1.114900e-12 1 
    0.584154 1.330365e+00 1.169600e-12 1 
    0.584429 1.383193e+00 1.214900e-12 1 
    0.584704 1.389509e+00 1.219300e-12 1 
    0.584979 1.347471e+00 1.181300e-12 1 
    0.585254 1.289939e+00 1.129800e-12 1 
    0.585529 1.341207e+00 1.173600e-12 1 
    0.585804 1.324622e+00 1.158000e-12 1 
    0.586079 1.400059e+00 1.222800e-12 1 
    0.586354 1.422575e+00 1.241300e-12 1 
    0.586629 1.396035e+00 1.217000e-12 1 
    0.586904 1.374610e+00 1.197200e-12 1 
    0.587179 1.330963e+00 1.158100e-12 1 
    0.587454 1.356827e+00 1.179500e-12 1 
    0.587729 1.395519e+00 1.212000e-12 1 
    0.588004 1.355565e+00 1.176200e-12 1 
    0.588279 1.289926e+00 1.118200e-12 1 
    0.588554 1.238365e+00 1.072500e-12 1 
    0.588829 1.341920e+00 1.161100e-12 1 
    0.589104 1.301066e+00 1.124700e-12 1 
    0.589379 1.191008e+00 1.028600e-12 1 
    0.589654 1.317404e+00 1.136700e-12 1 
    0.589929 1.047633e+00 9.030900e-13 1 
    0.590204 9.046293e-01 7.790900e-13 1 
    0.590479 7.824402e-01 6.732300e-13 1 
    0.590754 7.726529e-01 6.641900e-13 1 
    0.591029 9.065663e-01 7.785800e-13 1 
    0.591304 9.880372e-01 8.477600e-13 1 
    0.591579 1.052627e+00 9.023400e-13 1 
    0.591854 1.087853e+00 9.316700e-13 1 
    0.592129 1.132071e+00 9.686400e-13 1 
    0.592404 1.149606e+00 9.827300e-13 1 
    0.592679 1.137313e+00 9.713200e-13 1 
    0.592954 1.119922e+00 9.555800e-13 1 
    0.593229 1.209317e+00 1.030900e-12 1 
    0.593504 1.343353e+00 1.144100e-12 1 
    0.593779 1.350121e+00 1.148800e-12 1 
    0.594054 1.300437e+00 1.105500e-12 1 
    0.594329 1.328958e+00 1.128700e-12 1 
    0.594604 1.354936e+00 1.149700e-12 1 
    0.594879 1.395471e+00 1.183000e-12 1 
    0.595154 1.354020e+00 1.146800e-12 1 
    0.595429 1.348654e+00 1.141200e-12 1 
    0.595704 1.455531e+00 1.230500e-12 1 
    0.595979 1.473806e+00 1.244800e-12 1 
    0.596254 1.452531e+00 1.225700e-12 1 
    0.596529 1.308805e+00 1.103400e-12 1 
    0.596804 1.258366e+00 1.059900e-12 1 
    0.597079 1.310387e+00 1.102700e-12 1 
    0.597354 1.382723e+00 1.162500e-12 1 
    0.597629 1.456738e+00 1.223600e-12 1 
    0.597904 1.382172e+00 1.159900e-12 1 
    0.598179 1.362691e+00 1.142500e-12 1 
    0.598454 1.333382e+00 1.116900e-12 1 
    0.598729 1.306527e+00 1.093400e-12 1 
    0.599004 1.300551e+00 1.087400e-12 1 
    0.599279 1.344004e+00 1.122700e-12 1 
    0.599554 1.296471e+00 1.082000e-12 1 
    0.599829 1.434022e+00 1.195700e-12 1 
    0.600104 1.454664e+00 1.211800e-12 1 
    0.600379 1.427882e+00 1.188400e-12 1 
    0.600654 1.392390e+00 1.157800e-12 1 
    0.600929 1.389934e+00 1.154700e-12 1 
    0.601204 1.371809e+00 1.138600e-12 1 
    0.601479 1.308427e+00 1.085000e-12 1 
    0.601754 1.389649e+00 1.151300e-12 1 
    0.602029 1.418828e+00 1.174400e-12 1 
    0.602304 1.358816e+00 1.123700e-12 1 
    0.602579 1.390558e+00 1.148900e-12 1 
    0.602854 1.312841e+00 1.083700e-12 1 
    0.603129 1.330166e+00 1.097000e-12 1 
    0.603404 1.327495e+00 1.093800e-12 1 
    0.603679 1.370979e+00 1.128600e-12 1 
    0.603954 1.293684e+00 1.064000e-12 1 
    0.604229 1.403416e+00 1.153200e-12 1 
    0.604504 1.354631e+00 1.112100e-12 1 
    0.604779 1.341355e+00 1.100200e-12 1 
    0.605054 1.376744e+00 1.128200e-12 1 
    0.605329 1.371400e+00 1.122800e-12 1 
    0.605604 1.359810e+00 1.112300e-12 1 
    0.605879 1.341589e+00 1.096400e-12 1 
    0.606154 1.334969e+00 1.090000e-12 1 
    0.606429 1.410100e+00 1.150300e-12 1 
    0.606704 1.438740e+00 1.172600e-12 1 
    0.606979 1.457852e+00 1.187100e-12 1 
    0.607254 1.435204e+00 1.167600e-12 1 
    0.607529 1.474767e+00 1.198700e-12 1 
    0.607804 1.316264e+00 1.068900e-12 1 
    0.608079 1.476699e+00 1.198100e-12 1 
    0.608354 1.426345e+00 1.156200e-12 1 
    0.608629 1.454429e+00 1.177900e-12 1 
    0.608904 1.488865e+00 1.204700e-12 1 
    0.609179 1.515816e+00 1.225400e-12 1 
    0.609454 1.432126e+00 1.156700e-12 1 
    0.609729 1.392896e+00 1.124000e-12 1 
    0.610004 1.426030e+00 1.149700e-12 1 
    0.610279 1.469029e+00 1.183300e-12 1 
    0.610554 1.383994e+00 1.113800e-12 1 
    0.610829 1.466952e+00 1.179500e-12 1 
    0.611104 1.422090e+00 1.142400e-12 1 
    0.611379 1.350109e+00 1.083600e-12 1 
    0.611654 1.481892e+00 1.188300e-12 1 
    0.611929 1.371886e+00 1.099100e-12 1 
    0.612204 1.446204e+00 1.157600e-12 1 
    0.612479 1.367601e+00 1.093700e-12 1 
    0.612754 1.392609e+00 1.112700e-12 1 
    0.613029 1.458623e+00 1.164400e-12 1 
    0.613304 1.393104e+00 1.111100e-12 1 
    0.613579 1.388957e+00 1.106800e-12 1 
    0.613854 1.424242e+00 1.133900e-12 1 
    0.614129 1.434318e+00 1.140900e-12 1 
    0.614404 1.481405e+00 1.177300e-12 1 
    0.614679 1.469760e+00 1.167000e-12 1 
    0.614954 1.345775e+00 1.067600e-12 1 
    0.615229 1.436181e+00 1.138300e-12 1 
    0.615504 1.327726e+00 1.051400e-12 1 
    0.615779 1.536958e+00 1.216000e-12 1 
    0.616054 1.459897e+00 1.154000e-12 1 
    0.616329 1.540718e+00 1.216800e-12 1 
    0.616604 1.363272e+00 1.075700e-12 1 
    0.616879 1.467615e+00 1.157000e-12 1 
    0.617154 1.460417e+00 1.150300e-12 1 
    0.617429 1.380011e+00 1.086000e-12 1 
    0.617704 1.451575e+00 1.141300e-12 1 
    0.617979 1.511807e+00 1.187600e-12 1 
    0.618254 1.474292e+00 1.157100e-12 1 
    0.618529 1.459663e+00 1.144600e-12 1 
    0.618804 1.383739e+00 1.084100e-12 1 
    0.619079 1.253307e+00 9.810400e-13 1 
    0.619354 1.297333e+00 1.014600e-12 1 
    0.619629 1.342510e+00 1.049000e-12 1 
    0.619904 1.374061e+00 1.072700e-12 1 
    0.620179 1.330151e+00 1.037500e-12 1 
    0.620454 1.356354e+00 1.057000e-12 1 
    0.620729 1.357171e+00 1.056700e-12 1 
    0.621004 1.312353e+00 1.020900e-12 1 
    0.621279 1.405124e+00 1.092100e-12 1 
    0.621554 1.430449e+00 1.110800e-12 1 
    0.621829 1.395626e+00 1.082800e-12 1 
    0.622104 1.400214e+00 1.085400e-12 1 
    0.622379 1.393706e+00 1.079400e-12 1 
    0.622654 1.414452e+00 1.094500e-12 1 
    0.622929 1.430318e+00 1.105800e-12 1 
    0.623204 1.388211e+00 1.072300e-12 1 
    0.623479 1.413019e+00 1.090500e-12 1 
    0.623754 1.432682e+00 1.104700e-12 1 
    0.624029 1.440176e+00 1.109500e-12 1 
    0.624304 1.460284e+00 1.124000e-12 1 
    0.624579 1.348442e+00 1.037000e-12 1 
    0.624854 1.308113e+00 1.005100e-12 1 
    0.625129 1.297697e+00 9.962200e-13 1 
    0.625404 1.413805e+00 1.084400e-12 1 
    0.625679 1.437754e+00 1.101800e-12 1 
    0.625954 1.343545e+00 1.028700e-12 1 
    0.626229 1.372178e+00 1.049700e-12 1 
    0.626504 1.445735e+00 1.105000e-12 1 
    0.626779 1.394755e+00 1.065100e-12 1 
    0.627054 1.286081e+00 9.812500e-13 1 
    0.627329 1.280401e+00 9.760601e-13 1 
    0.627604 1.292986e+00 9.847900e-13 1 
    0.627879 1.454190e+00 1.106600e-12 1 
    0.628154 1.389044e+00 1.056100e-12 1 
    0.628429 1.407900e+00 1.069500e-12 1 
    0.628704 1.401755e+00 1.063900e-12 1 
    0.628979 1.332694e+00 1.010600e-12 1 
    0.629254 1.303885e+00 9.878900e-13 1 
    0.629529 1.364088e+00 1.032600e-12 1 
    0.629804 1.335399e+00 1.010000e-12 1 
    0.630079 1.454077e+00 1.098800e-12 1 
    0.630354 1.405413e+00 1.061100e-12 1 
    0.630629 1.405049e+00 1.059900e-12 1 
    0.630904 2.519062e+00 1.898600e-12 1 
    0.631179 2.089407e+00 1.573400e-12 1 
    0.631454 1.703259e+00 1.281500e-12 1 
    0.631729 1.408359e+00 1.058700e-12 1 
    0.632004 1.368178e+00 1.027600e-12 1 
    0.632279 1.421739e+00 1.066900e-12 1 
    0.632554 1.371094e+00 1.028000e-12 1 
    0.632829 1.445572e+00 1.082900e-12 1 
    0.633104 1.509758e+00 1.130000e-12 1 
    0.633379 1.458383e+00 1.090600e-12 1 
    0.633654 1.462996e+00 1.093100e-12 1 
    0.633929 1.420998e+00 1.060800e-12 1 
    0.634204 1.546516e+00 1.153500e-12 1 
    0.634479 1.377975e+00 1.026900e-12 1 
    0.634754 1.525964e+00 1.136200e-12 1 
    0.635029 1.441930e+00 1.072700e-12 1 
    0.635304 1.467530e+00 1.090800e-12 1 
    0.635579 1.395953e+00 1.036700e-12 1 
    0.635854 1.497835e+00 1.111400e-12 1 
    0.636129 1.588561e+00 1.177700e-12 1 
    0.636404 1.395530e+00 1.033700e-12 1 
    0.636679 1.516317e+00 1.122200e-12 1 
    0.636954 1.554547e+00 1.149500e-12 1 
    0.637229 1.550340e+00 1.145400e-12 1 
    0.637504 1.546124e+00 1.141300e-12 1 
    0.637779 1.420820e+00 1.047900e-12 1 
    0.638054 1.494104e+00 1.101000e-12 1 
    0.638329 1.518618e+00 1.118100e-12 1 
    0.638604 1.581099e+00 1.163100e-12 1 
    0.638879 1.519740e+00 1.117000e-12 1 
    0.639154 1.355707e+00 9.955800e-13 1 
    0.639429 1.418777e+00 1.041000e-12 1 
    0.639704 1.510026e+00 1.107000e-12 1 
    0.639979 1.419444e+00 1.039700e-12 1 
    0.640254 1.459060e+00 1.067800e-12 1 
    0.640529 1.526095e+00 1.115900e-12 1 
    0.640804 1.434330e+00 1.047900e-12 1 
    0.641079 1.569130e+00 1.145400e-12 1 
    0.641354 1.549224e+00 1.129900e-12 1 
    0.641629 1.369548e+00 9.980000e-13 1 
    0.641904 1.561222e+00 1.136700e-12 1 
    0.642179 1.622495e+00 1.180300e-12 1 
    0.642454 1.504188e+00 1.093300e-12 1 
    0.642729 1.553258e+00 1.128000e-12 1 
    0.643004 1.558447e+00 1.130800e-12 1 
    0.643279 1.531089e+00 1.110000e-12 1 
    0.643554 1.525082e+00 1.104700e-12 1 
    0.643829 1.511186e+00 1.093700e-12 1 
    0.644104 1.558390e+00 1.126900e-12 1 
    0.644379 1.600690e+00 1.156500e-12 1 
    0.644654 1.527113e+00 1.102400e-12 1 
    0.644929 1.620338e+00 1.168700e-12 1 
    0.645204 1.613672e+00 1.162900e-12 1 
    0.645479 1.507693e+00 1.085600e-12 1 
    0.645754 1.492298e+00 1.073600e-12 1 
    0.646029 1.605837e+00 1.154300e-12 1 
    0.646304 1.570307e+00 1.127800e-12 1 
    0.646579 1.611499e+00 1.156400e-12 1 
    0.646854 1.697112e+00 1.216800e-12 1 
    0.647129 1.617452e+00 1.158700e-12 1 
    0.647404 1.492249e+00 1.068100e-12 1 
    0.647679 1.599089e+00 1.143600e-12 1 
    0.647954 1.585193e+00 1.132700e-12 1 
    0.648229 1.570150e+00 1.121000e-12 1 
    0.648504 1.590268e+00 1.134400e-12 1 
    0.648779 1.541247e+00 1.098500e-12 1 
    0.649054 1.555193e+00 1.107500e-12 1 
    0.649329 1.528402e+00 1.087500e-12 1 
    0.649604 1.560502e+00 1.109400e-12 1 
    0.649879 1.570130e+00 1.115300e-12 1 
    0.650154 1.621055e+00 1.150500e-12 1 
    0.650429 1.619043e+00 1.148100e-12 1 
    0.650704 1.547020e+00 1.096100e-12 1 
    0.650979 1.533919e+00 1.085900e-12 1 
    0.651254 1.532247e+00 1.083800e-12 1 
    0.651529 1.536088e+00 1.085600e-12 1 
    0.651804 1.539226e+00 1.086900e-12 1 
    0.652079 1.556399e+00 1.098100e-12 1 
    0.652354 1.562110e+00 1.101200e-12 1 
    0.652629 1.486903e+00 1.047300e-12 1 
    0.652904 1.558493e+00 1.096800e-12 1 
    0.653179 1.526101e+00 1.073100e-12 1 
    0.653454 1.565532e+00 1.099900e-12 1 
    0.653729 1.599472e+00 1.122800e-12 1 
    0.654004 1.726283e+00 1.210800e-12 1 
    0.654279 1.719173e+00 1.204800e-12 1 
    0.654554 1.516538e+00 1.061900e-12 1 
    0.654829 1.621154e+00 1.134200e-12 1 
    0.655104 1.622230e+00 1.134000e-12 1 
    0.655379 1.629462e+00 1.138100e-12 1 
    0.655654 1.730706e+00 1.207800e-12 1 
    0.655929 1.632485e+00 1.138300e-12 1 
    0.656204 1.613328e+00 1.124000e-12 1 
    0.656479 1.616549e+00 1.125300e-12 1 
    0.656754 1.634725e+00 1.137000e-12 1 
    0.657029 1.646455e+00 1.144200e-12 1 
    0.657304 1.601460e+00 1.112000e-12 1 
    0.657579 1.659590e+00 1.151400e-12 1 
    0.657854 1.651890e+00 1.145100e-12 1 
    0.658129 1.718531e+00 1.190300e-12 1 
    0.658404 1.708263e+00 1.182200e-12 1 
    0.658679 1.584160e+00 1.095400e-12 1 
    0.658954 1.632669e+00 1.128000e-12 1 
    0.659229 1.672565e+00 1.154600e-12 1 
    0.659504 1.612198e+00 1.112000e-12 1 
    0.659779 1.616010e+00 1.113700e-12 1 
    0.660054 1.566674e+00 1.078800e-12 1 
    0.660329 1.693412e+00 1.165100e-12 1 
    0.660604 1.615544e+00 1.110600e-12 1 
    0.660879 1.663041e+00 1.142300e-12 1 
    0.661154 1.643297e+00 1.127800e-12 1 
    0.661429 1.722392e+00 1.181100e-12 1 
    0.661704 1.655081e+00 1.134000e-12 1 
    0.661979 1.612928e+00 1.104200e-12 1 
    0.662254 1.625379e+00 1.111800e-12 1 
    0.662529 1.598490e+00 1.092500e-12 1 
    0.662804 1.714916e+00 1.171100e-12 1 
    0.663079 1.717073e+00 1.171600e-12 1 
    0.663354 1.659825e+00 1.131600e-12 1 
    0.663629 1.641971e+00 1.118500e-12 1 
    0.663904 1.707243e+00 1.162000e-12 1 
    0.664179 1.625578e+00 1.105500e-12 1 
    0.664454 1.671074e+00 1.135500e-12 1 
    0.664729 1.710016e+00 1.161000e-12 1 
    0.665004 1.666914e+00 1.130800e-12 1 
    0.665279 1.708126e+00 1.157800e-12 1 
    0.665554 1.675726e+00 1.134900e-12 1 
    0.665829 1.575441e+00 1.066100e-12 1 
    0.666104 1.685300e+00 1.139500e-12 1 
    0.666379 1.627335e+00 1.099400e-12 1 
    0.666654 1.566903e+00 1.057700e-12 1 
    0.666929 1.605707e+00 1.083000e-12 1 
    0.667204 1.691316e+00 1.139800e-12 1 
    0.667479 1.761173e+00 1.185900e-12 1 
    0.667754 1.727845e+00 1.162500e-12 1 
    0.668029 1.647602e+00 1.107600e-12 1 
    0.668304 1.625734e+00 1.092000e-12 1 
    0.668579 1.631840e+00 1.095200e-12 1 
    0.668854 1.700586e+00 1.140400e-12 1 
    0.669129 1.722133e+00 1.153900e-12 1 
    0.669404 1.662308e+00 1.112900e-12 1 
    0.669679 1.579063e+00 1.056300e-12 1 
    0.669954 1.566745e+00 1.047200e-12 1 
    0.670229 1.596032e+00 1.065900e-12 1 
    0.670504 1.629112e+00 1.087100e-12 1 
    0.670779 1.609151e+00 1.072900e-12 1 
    0.671054 1.608970e+00 1.071900e-12 1 
    0.671329 1.724462e+00 1.147900e-12 1 
    0.671604 1.775942e+00 1.181200e-12 1 
    0.671879 1.683350e+00 1.118700e-12 1 
    0.672154 1.670723e+00 1.109400e-12 1 
    0.672429 1.662595e+00 1.103100e-12 1 
    0.672704 1.677984e+00 1.112400e-12 1 
    0.672979 1.674676e+00 1.109300e-12 1 
    0.673254 1.611831e+00 1.066800e-12 1 
    0.673529 1.606949e+00 1.062700e-12 1 
    0.673804 1.738714e+00 1.148900e-12 1 
    0.674079 1.731955e+00 1.143500e-12 1 
    0.674354 1.688196e+00 1.113700e-12 1 
    0.674629 1.641785e+00 1.082200e-12 1 
    0.674904 1.652386e+00 1.088300e-12 1 
    0.675179 1.658291e+00 1.091300e-12 1 
    0.675454 1.672113e+00 1.099500e-12 1 
    0.675729 1.721114e+00 1.130800e-12 1 
    0.676004 1.641782e+00 1.077800e-12 1 
    0.676279 1.677267e+00 1.100200e-12 1 
    0.676554 1.589070e+00 1.041500e-12 1 
    0.676829 1.725042e+00 1.129700e-12 1 
    0.677104 1.674332e+00 1.095600e-12 1 
    0.677379 1.635467e+00 1.069300e-12 1 
    0.677654 1.671083e+00 1.091700e-12 1 
    0.677929 1.723148e+00 1.124800e-12 1 
    0.678204 1.608176e+00 1.048900e-12 1 
    0.678479 1.631116e+00 1.063000e-12 1 
    0.678754 1.673595e+00 1.089800e-12 1 
    0.679029 1.722135e+00 1.120500e-12 1 
    0.679304 1.739220e+00 1.130700e-12 1 
    0.679579 1.635486e+00 1.062400e-12 1 
    0.679854 1.752668e+00 1.137600e-12 1 
    0.680129 1.665426e+00 1.080100e-12 1 
    0.680404 1.709827e+00 1.108000e-12 1 
    0.680679 1.707040e+00 1.105300e-12 1 
    0.680954 1.617844e+00 1.046700e-12 1 
    0.681229 1.766881e+00 1.142200e-12 1 
    0.681504 1.789207e+00 1.155700e-12 1 
    0.681779 1.759508e+00 1.135600e-12 1 
    0.682054 1.764185e+00 1.137700e-12 1 
    0.682329 1.814027e+00 1.168900e-12 1 
    0.682604 1.607677e+00 1.035100e-12 1 
    0.682879 1.771098e+00 1.139400e-12 1 
    0.683912 1.700375e+00 1.090600e-12 0 
    0.685488 1.751607e+00 1.118300e-12 0 
    0.687068 1.645610e+00 1.045800e-12 0 
    0.688652 1.671860e+00 1.057600e-12 0 
    0.690240 1.682914e+00 1.059700e-12 0 
    0.691831 1.690202e+00 1.059400e-12 0 
    0.693426 1.713392e+00 1.069000e-12 0 
    0.695024 1.724679e+00 1.071100e-12 0 
    0.696626 1.776639e+00 1.098300e-12 0 
    0.698233 1.767944e+00 1.087900e-12 0 
    0.699842 1.846466e+00 1.131000e-12 0 
    0.701455 1.850231e+00 1.128100e-12 0 
    0.703072 1.782812e+00 1.082000e-12 0 
    0.704693 1.733769e+00 1.047400e-12 0 
    0.706318 1.861507e+00 1.119400e-12 0 
    0.707946 1.957638e+00 1.171800e-12 0 
    0.709578 1.788939e+00 1.065900e-12 0 
    0.711214 1.868519e+00 1.108200e-12 0 
    0.712853 1.771613e+00 1.045900e-12 0 
    0.714496 1.767026e+00 1.038400e-12 0 
    0.716143 1.690851e+00 9.890700e-13 0 
    0.717794 1.729793e+00 1.007200e-12 0 
    0.719449 1.765385e+00 1.023200e-12 0 
    0.721108 1.732699e+00 9.996400e-13 0 
    0.722770 1.756297e+00 1.008600e-12 0 
    0.724436 1.838576e+00 1.051000e-12 0 
    0.726106 1.863582e+00 1.060400e-12 0 
    0.727780 1.850115e+00 1.047900e-12 0 
    0.729457 1.832755e+00 1.033300e-12 0 
    0.731139 1.892179e+00 1.061900e-12 0 
    0.732825 1.971625e+00 1.101400e-12 0 
    0.734514 1.948533e+00 1.083500e-12 0 
    0.736207 1.988601e+00 1.100700e-12 0 
    0.737904 2.025004e+00 1.115700e-12 0 
    0.739605 1.964697e+00 1.077500e-12 0 
    0.741310 2.090086e+00 1.141000e-12 0 
    0.743019 2.099182e+00 1.140700e-12 0 
    0.744732 2.004048e+00 1.084000e-12 0 
    0.746449 2.083505e+00 1.121800e-12 0 
    0.748170 2.126336e+00 1.139600e-12 0 
    0.749894 2.170261e+00 1.157800e-12 0 
    0.751623 2.144690e+00 1.138900e-12 0 
    0.753356 2.194130e+00 1.159800e-12 0 
    0.755092 2.234092e+00 1.175500e-12 0 
    0.756833 2.254144e+00 1.180600e-12 0 
    0.758578 2.212377e+00 1.153400e-12 0 
    0.760326 2.181347e+00 1.132000e-12 0 
    0.762079 2.150764e+00 1.111000e-12 0 
    0.763836 2.135216e+00 1.097900e-12 0 
    0.765597 2.164220e+00 1.107700e-12 0 
    0.767361 2.158502e+00 1.099700e-12 0 
    0.769130 2.089393e+00 1.059600e-12 0 
    0.770904 2.093694e+00 1.056900e-12 0 
    0.772681 2.117289e+00 1.063900e-12 0 
    0.774462 2.116464e+00 1.058600e-12 0 
    0.776247 2.110967e+00 1.051000e-12 0 
    0.778037 2.076523e+00 1.029100e-12 0 
    0.779830 2.148946e+00 1.060100e-12 0 
    0.781628 2.118748e+00 1.040400e-12 0 
    0.783430 2.118094e+00 1.035300e-12 0 
    0.785236 2.237625e+00 1.088700e-12 0 
    0.787046 2.116631e+00 1.025100e-12 0 
    0.788860 2.210618e+00 1.065700e-12 0 
    0.790679 2.209779e+00 1.060400e-12 0 
    0.792501 2.260589e+00 1.079800e-12 0 
    0.794328 2.173226e+00 1.033300e-12 0 
    0.796159 2.192553e+00 1.037700e-12 0 
    0.797995 2.093148e+00 9.861000e-13 0 
    0.799834 2.216466e+00 1.039400e-12 0 
    0.801678 2.262046e+00 1.055900e-12 0 
    0.803526 2.199743e+00 1.022100e-12 0 
    0.805378 2.345459e+00 1.084800e-12 0 
    0.807235 2.393865e+00 1.102100e-12 0 
    0.809096 2.392914e+00 1.096600e-12 0 
    0.810961 2.300267e+00 1.049300e-12 0 
    0.812831 2.216409e+00 1.006400e-12 0 
    0.814704 2.379517e+00 1.075500e-12 0 
    0.816582 2.406281e+00 1.082600e-12 0 
    0.818465 2.334549e+00 1.045500e-12 0 
    0.820352 2.355421e+00 1.050000e-12 0 
    0.822243 2.306346e+00 1.023400e-12 0 
    0.824138 2.436529e+00 1.076200e-12 0 
    0.826038 2.402287e+00 1.056200e-12 0 
    0.827942 2.451762e+00 1.073000e-12 0 
    0.829851 2.542965e+00 1.107800e-12 0 
    0.831764 2.438705e+00 1.057500e-12 0 
    0.833681 2.437912e+00 1.052300e-12 0 
    0.835603 2.392610e+00 1.028000e-12 0 
    0.837529 2.369982e+00 1.013600e-12 0 
    0.839460 2.480754e+00 1.056100e-12 0 
    0.841395 2.412207e+00 1.022200e-12 0 
    0.843335 2.484744e+00 1.048100e-12 0 
    0.845279 2.506692e+00 1.052500e-12 0 
    0.847227 2.290694e+00 9.573900e-13 0 
    0.849180 2.425562e+00 1.009100e-12 0 
    0.851138 2.452698e+00 1.015700e-12 0 
    0.853100 2.446310e+00 1.008400e-12 0 
    0.855067 2.406327e+00 9.873600e-13 0 
    0.857038 2.433323e+00 9.938500e-13 0 
    0.859014 2.466324e+00 1.002700e-12 0 
    0.860994 2.482403e+00 1.004600e-12 0 
    0.862979 2.487407e+00 1.002000e-12 0 
    0.864968 2.413096e+00 9.676000e-13 0 
    0.866962 2.537480e+00 1.012800e-12 0 
    0.868960 2.484628e+00 9.871500e-13 0 
    0.870964 2.460979e+00 9.732600e-13 0 
    0.872971 2.382028e+00 9.377100e-13 0 
    0.874984 2.528078e+00 9.906300e-13 0 
    0.877001 2.621967e+00 1.022700e-12 0 
    0.879023 2.537898e+00 9.853600e-13 0 
    0.881049 2.584128e+00 9.987000e-13 0 
    0.883080 2.589114e+00 9.960300e-13 0 
    0.885116 2.666797e+00 1.021200e-12 0 
    0.887156 2.696681e+00 1.027900e-12 0 
    0.889201 2.714399e+00 1.029900e-12 0 
    0.891251 2.532266e+00 9.563800e-13 0 
    0.893305 2.560629e+00 9.626500e-13 0 
    0.895365 2.589315e+00 9.689600e-13 0 
    0.897429 2.630394e+00 9.798100e-13 0 
    0.899498 2.546012e+00 9.440200e-13 0 
    0.901571 2.515899e+00 9.285700e-13 0 
    0.903650 2.713506e+00 9.969000e-13 0 
    0.905733 2.406394e+00 8.800100e-13 0 
    0.907820 2.793825e+00 1.017000e-12 0 
    0.909913 2.818589e+00 1.021300e-12 0 
    0.912011 2.522713e+00 9.098900e-13 0 
    0.914113 2.586441e+00 9.285900e-13 0 
    0.916220 2.751271e+00 9.832300e-13 0 
    0.918333 2.662972e+00 9.473000e-13 0 
    0.920450 2.717682e+00 9.623200e-13 0 
    0.922571 2.685537e+00 9.465700e-13 0 
    0.924698 2.728118e+00 9.571600e-13 0 
    0.926830 2.677288e+00 9.350100e-13 0 
    0.928966 2.682394e+00 9.324900e-13 0 
    0.931108 2.859935e+00 9.896400e-13 0 
    0.933254 2.711337e+00 9.339100e-13 0 
    0.935406 2.870852e+00 9.843100e-13 0 
    0.937562 2.869745e+00 9.794100e-13 0 
    0.939723 2.835745e+00 9.633600e-13 0 
    0.941890 2.893995e+00 9.786300e-13 0 
    0.944061 2.853133e+00 9.603800e-13 0 
    0.946237 2.938676e+00 9.846300e-13 0 
    0.948418 2.910561e+00 9.707300e-13 0 
    0.950605 2.984033e+00 9.906600e-13 0 
    0.952796 2.996593e+00 9.902600e-13 0 
    0.954993 2.947500e+00 9.695600e-13 0 
    0.957194 2.987276e+00 9.781300e-13 0 
    0.959401 2.979221e+00 9.710099e-13 0 
    0.961612 3.040344e+00 9.863800e-13 0 
    0.963829 3.011244e+00 9.724500e-13 0 
    0.966051 3.044867e+00 9.787900e-13 0 
    0.968278 3.001856e+00 9.605300e-13 0 
    0.970510 3.021425e+00 9.623500e-13 0 
    0.972747 3.069245e+00 9.730900e-13 0 
    0.974990 3.032875e+00 9.571400e-13 0 
    0.977237 3.017680e+00 9.479700e-13 0 
    0.979490 3.037335e+00 9.497600e-13 0 
    0.981748 3.001332e+00 9.341900e-13 0 
    0.984011 3.091227e+00 9.577500e-13 0 
    0.986279 3.075727e+00 9.485700e-13 0 
    0.988553 3.102891e+00 9.525500e-13 0 
    0.990832 3.094437e+00 9.455900e-13 0 
    0.993116 3.107438e+00 9.452000e-13 0 
    0.995405 3.077621e+00 9.318300e-13 0 
    0.997700 3.126303e+00 9.422200e-13 0 
    1.000000 3.139400e+00 9.418200e-13 0 
    1.002305 3.145283e+00 9.392500e-13 0 
    1.006931 3.171679e+00 9.384499e-13 0 
    1.011580 3.161672e+00 9.269100e-13 0 
    1.016249 3.217639e+00 9.346700e-13 0 
    1.020939 3.207451e+00 9.231700e-13 0 
    1.025652 3.241726e+00 9.244800e-13 0 
    1.030386 3.276392e+00 9.258000e-13 0 
    1.032761 3.274945e+00 9.211400e-13 0 
    1.054386 3.299503e+00 8.903700e-13 0 
    1.073990 3.282309e+00 8.536900e-13 0 
    1.093956 3.305036e+00 8.285100e-13 0 
    1.114294 3.282305e+00 7.930500e-13 0 
    1.135010 3.335617e+00 7.767800e-13 0 
    1.153453 3.413324e+00 7.696600e-13 0 
    1.174898 3.444936e+00 7.486900e-13 0 
    1.193988 3.436997e+00 7.232700e-13 0 
    1.213389 3.484817e+00 7.100700e-13 0 
    1.233105 3.541407e+00 6.987100e-13 0 
    1.253141 3.557761e+00 6.796700e-13 0 
    1.273503 3.590687e+00 6.642000e-13 0 
    1.294196 3.623907e+00 6.490800e-13 0 
    1.315225 3.674361e+00 6.372400e-13 0 
    1.333521 3.674338e+00 6.198700e-13 0 
    1.355189 3.725415e+00 6.085500e-13 0 
    1.374042 3.759935e+00 5.974500e-13 0 
    1.393157 3.725467e+00 5.758400e-13 0 
    1.415794 3.699789e+00 5.537300e-13 0 
    1.435490 3.742657e+00 5.448800e-13 0 
    1.455459 3.874200e+00 5.486600e-13 0 
    1.475707 3.847508e+00 5.300300e-13 0 
    1.496236 3.991866e+00 5.349300e-13 0 
    1.513561 4.103706e+00 5.374000e-13 0 
    1.534617 4.287210e+00 5.461300e-13 0 
    1.555965 4.356881e+00 5.398800e-13 0 
    1.573983 4.397260e+00 5.324800e-13 0 
    1.595879 4.376982e+00 5.155800e-13 0 
    1.614359 4.489275e+00 5.167700e-13 0 
    1.636817 4.583345e+00 5.132200e-13 0 
    1.655770 4.625675e+00 5.061700e-13 0 
    1.674943 4.668523e+00 4.992300e-13 0 
    1.694338 4.690092e+00 4.901200e-13 0 
    1.713958 4.679288e+00 4.778600e-13 0 
    1.737800 4.625656e+00 4.595100e-13 0 
    1.757923 4.583317e+00 4.449400e-13 0 
    1.774190 4.489322e+00 4.278600e-13 0 
    1.794734 4.427683e+00 4.123800e-13 0 
    1.815515 4.326894e+00 3.938200e-13 0 
    1.836538 4.307045e+00 3.830900e-13 0 
    1.857805 4.257696e+00 3.700800e-13 0 
    1.874994 4.151223e+00 3.542400e-13 0 
    1.896705 4.122724e+00 3.438000e-13 0 
    1.918669 4.141697e+00 3.375200e-13 0 
    1.936423 4.066087e+00 3.253100e-13 0 
    1.958844 4.001040e+00 3.128200e-13 0 
    1.976970 3.937072e+00 3.022000e-13 0 
    1.995263 3.883141e+00 2.926200e-13 0 
    2.018366 3.910035e+00 2.879400e-13 0 
    2.037042 3.838601e+00 2.775200e-13 0 
    2.055892 3.847558e+00 2.730900e-13 0 
    2.074913 3.812168e+00 2.656400e-13 0 
    2.098940 3.803457e+00 2.590000e-13 0 
    2.118362 3.794743e+00 2.536900e-13 0 
    2.137962 3.777224e+00 2.479100e-13 0 
    2.157745 3.759920e+00 2.422700e-13 0 
    2.177709 3.708253e+00 2.345800e-13 0 
    2.197860 3.699748e+00 2.297700e-13 0 
    2.218197 3.657496e+00 2.230000e-13 0 
    2.238721 3.615565e+00 2.164200e-13 0 
    2.259436 3.598891e+00 2.114900e-13 0 
    2.280341 3.565956e+00 2.057300e-13 0 
    2.296149 3.237192e+00 1.842000e-13 0 
    2.317393 3.259778e+00 1.821000e-13 0 
    2.338837 2.905201e+00 1.593300e-13 0 
    2.360479 2.787230e+00 1.500700e-13 0 
    2.376840 2.865360e+00 1.521600e-13 0 
    2.398834 2.680210e+00 1.397300e-13 0 
    2.415460 2.631335e+00 1.353000e-13 0 
    2.437811 2.643412e+00 1.334400e-13 0 
    2.460366 2.512969e+00 1.245400e-13 0 
    2.477422 2.507218e+00 1.225500e-13 0 
    2.500344 2.148716e+00 1.031100e-13 0 
    2.517677 2.148818e+00 1.017000e-13 0 
    2.540974 2.203835e+00 1.024000e-13 0 
    2.558586 2.213979e+00 1.014600e-13 0 
    2.576320 2.281283e+00 1.031100e-13 0 
    2.600159 2.281328e+00 1.012300e-13 0 
    2.618184 2.307584e+00 1.009900e-13 0 
    2.636331 2.281278e+00 9.846900e-14 0 
    2.660726 2.291811e+00 9.711800e-14 0 
    2.679168 2.281269e+00 9.534500e-14 0 
    2.697741 2.276037e+00 9.382100e-14 0 
    2.716439 2.270802e+00 9.232100e-14 0 
    2.741575 2.265568e+00 9.042700e-14 0 
    2.760578 2.260352e+00 8.898100e-14 0 
    2.779712 2.239638e+00 8.695600e-14 0 
    2.798981 2.234498e+00 8.556600e-14 0 
    2.818382 2.219113e+00 8.381100e-14 0 
    2.837920 2.214014e+00 8.247100e-14 0 
    2.857590 2.198756e+00 8.077900e-14 0 
    2.877399 2.183615e+00 7.912200e-14 0 
    2.897343 2.173585e+00 7.767800e-14 0 
    2.917428 2.158629e+00 7.608500e-14 0 
    2.937649 2.143782e+00 7.452500e-14 0 
    2.958014 2.129013e+00 7.299600e-14 0 
    2.978516 2.124117e+00 7.182900e-14 0 
    2.999164 2.104647e+00 7.019400e-14 0 
    3.019952 2.099814e+00 6.907200e-14 0 
    3.040884 2.090155e+00 6.781100e-14 0 
    3.061964 2.090170e+00 6.688100e-14 0 
    3.083187 2.085340e+00 6.581100e-14 0 
    3.097421 2.070997e+00 6.475900e-14 0 
    3.118889 2.066244e+00 6.372400e-14 0 
    3.140510 2.066224e+00 6.284900e-14 0 
    3.162278 2.056734e+00 6.170200e-14 0 
    3.184196 2.052020e+00 6.071600e-14 0 
    3.198896 2.037889e+00 5.974500e-14 0 
    3.221068 2.033209e+00 5.879000e-14 0 
    3.243397 2.028534e+00 5.785000e-14 0 
    3.258367 2.014567e+00 5.692500e-14 0 
    3.280952 2.014568e+00 5.614400e-14 0 
    3.303696 2.009925e+00 5.524600e-14 0 
    3.318944 2.000689e+00 5.448800e-14 0 
    3.341952 1.977780e+00 5.312500e-14 0 
    3.365115 1.973244e+00 5.227600e-14 0 
    3.380647 1.950625e+00 5.120300e-14 0 
    3.404082 1.937206e+00 5.015300e-14 0 
    3.419794 1.919460e+00 4.923800e-14 0 
    3.443501 1.910631e+00 4.833900e-14 0 
    3.459394 1.893124e+00 4.745700e-14 0 
    3.483372 1.884432e+00 4.659100e-14 0 
    3.499453 1.867133e+00 4.574000e-14 0 
    3.523708 1.858587e+00 4.490600e-14 0 
    3.539971 1.837270e+00 4.398400e-14 0 
    3.564512 1.828865e+00 4.318200e-14 0 
    3.580964 1.807915e+00 4.229600e-14 0 
    3.605788 1.799610e+00 4.152400e-14 0 
    3.622430 1.787216e+00 4.086000e-14 0 
    3.639149 1.766758e+00 4.002200e-14 0 
    3.664377 1.754592e+00 3.920100e-14 0 
    3.681289 1.738527e+00 3.848600e-14 0 
    3.706805 1.722589e+00 3.761000e-14 0 
    3.723918 1.706774e+00 3.692300e-14 0 
    3.741105 1.695040e+00 3.633300e-14 0 
    3.767040 1.675625e+00 3.542400e-14 0 
    3.784427 1.667927e+00 3.493800e-14 0 
    3.801893 1.652619e+00 3.430000e-14 0 
    3.819441 1.637469e+00 3.367400e-14 0 
    3.845918 1.629978e+00 3.306000e-14 0 
    3.863669 1.615004e+00 3.245600e-14 0 
    3.881506 1.596553e+00 3.179100e-14 0 
    3.899421 1.581877e+00 3.121000e-14 0 
    3.926448 1.578238e+00 3.071100e-14 0 
    3.944575 1.563799e+00 3.015100e-14 0 
    3.962781 1.542358e+00 2.946500e-14 0 
    3.981071 1.531693e+00 2.899300e-14 0 
    3.999450 1.510678e+00 2.833300e-14 0 
    4.027171 1.507203e+00 2.788000e-14 0 
    4.045758 1.496868e+00 2.743500e-14 0 
    4.064435 1.479719e+00 2.687200e-14 0 
    4.083195 1.469512e+00 2.644200e-14 0 
    4.102040 1.456073e+00 2.596000e-14 0 
    4.120973 1.446053e+00 2.554500e-14 0 
    4.139998 1.436069e+00 2.513600e-14 0 
    4.168693 1.429456e+00 2.467700e-14 0 
    4.187938 1.419651e+00 2.428300e-14 0 
    4.207267 1.406647e+00 2.384000e-14 0 
    4.226686 1.393758e+00 2.340500e-14 0 
    4.246193 1.390546e+00 2.313700e-14 0 
    4.265796 1.377757e+00 2.271400e-14 0 
    4.285485 1.368282e+00 2.235100e-14 0 
    4.305264 1.324903e+00 2.144400e-14 0 
    4.325140 1.276991e+00 2.047900e-14 0 
    4.345102 1.285785e+00 2.043100e-14 0 
    4.365157 1.245027e+00 1.960200e-14 0 
    4.385309 1.227959e+00 1.915600e-14 0 
    4.405549 1.216677e+00 1.880600e-14 0 
    4.425883 1.186276e+00 1.816800e-14 0 
    4.446310 1.175373e+00 1.783600e-14 0 
    4.466837 1.167296e+00 1.755100e-14 0 
    4.487454 1.148628e+00 1.711200e-14 0 
    4.508165 1.148619e+00 1.695500e-14 0 
    4.528977 1.138122e+00 1.664600e-14 0 
    4.549880 1.125053e+00 1.630400e-14 0 
    4.560368 1.119916e+00 1.615500e-14 0 
    4.581416 1.114746e+00 1.593300e-14 0 
    4.602567 1.091875e+00 1.546300e-14 0 
    4.623810 1.099483e+00 1.542800e-14 0 
    4.645151 1.091890e+00 1.518100e-14 0 
    4.666595 1.086895e+00 1.497300e-14 0 
    4.688134 1.091897e+00 1.490400e-14 0 
    4.709772 1.081888e+00 1.463200e-14 0 
    4.731515 1.074438e+00 1.439800e-14 0 
    4.742421 1.076923e+00 1.436500e-14 0 
    4.764310 1.062146e+00 1.403800e-14 0 
    4.786299 1.062122e+00 1.390900e-14 0 
    4.808395 1.059697e+00 1.375000e-14 0 
    4.830588 1.042745e+00 1.340600e-14 0 
    4.841723 1.049980e+00 1.343700e-14 0 
    4.864070 1.037928e+00 1.316100e-14 0 
    4.886525 1.030819e+00 1.295100e-14 0 
    4.909079 1.026057e+00 1.277300e-14 0 
    4.931736 1.019011e+00 1.256900e-14 0 
    4.943104 1.014348e+00 1.245400e-14 0 
    4.965924 1.007377e+00 1.225500e-14 0 
    4.988845 1.009646e+00 1.217000e-14 0 
    5.011870 9.996461e-01 1.193900e-14 0 
    5.023429 9.897103e-01 1.176600e-14 0 
    5.046614 9.837561e-01 1.158800e-14 0 
    5.069906 9.754648e-01 1.138500e-14 0 
    5.081593 9.680027e-01 1.124600e-14 0 
    5.093306 9.650336e-01 1.116000e-14 0 
    5.105052 9.687949e-01 1.115200e-14 0 
    5.116820 9.635792e-01 1.104100e-14 0 
    5.128614 9.561902e-01 1.090600e-14 0 
    5.140436 9.554948e-01 1.084800e-14 0 
    5.152285 9.525605e-01 1.076500e-14 0 
    5.164162 9.495789e-01 1.068200e-14 0 
    5.176071 9.444972e-01 1.057600e-14 0 
    5.188002 9.437424e-01 1.051900e-14 0 
    5.199961 9.408877e-01 1.043900e-14 0 
    5.211947 9.336401e-01 1.031100e-14 0 
    5.223961 9.307630e-01 1.023200e-14 0 
    5.236003 9.279310e-01 1.015400e-14 0 
    5.248072 9.229411e-01 1.005300e-14 0 
    5.260175 9.200643e-01 9.975600e-15 0 
    5.272300 9.193258e-01 9.921800e-15 0 
    5.284453 9.207112e-01 9.891100e-15 0 
    5.296634 9.178536e-01 9.815100e-15 0 
    5.308843 9.108070e-01 9.695000e-15 0 
    5.321080 9.058841e-01 9.598300e-15 0 
    5.333352 9.030700e-01 9.524500e-15 0 
    5.345646 9.023422e-01 9.473100e-15 0 
    5.357968 8.995308e-01 9.400200e-15 0 
    5.370318 8.967320e-01 9.327900e-15 0 
    5.382697 8.939364e-01 9.256100e-15 0 
    5.395105 8.911448e-01 9.184800e-15 0 
    5.407541 8.904036e-01 9.135000e-15 0 
    5.420011 8.876311e-01 9.064700e-15 0 
    5.432505 8.828154e-01 8.974100e-15 0 
    5.445027 8.780251e-01 8.884400e-15 0 
    5.457579 8.732615e-01 8.795600e-15 0 
    5.470159 8.725342e-01 8.747900e-15 0 
    5.482768 8.697876e-01 8.680300e-15 0 
    5.495406 8.650643e-01 8.593500e-15 0 
    5.508079 8.623437e-01 8.527100e-15 0 
    5.520776 8.576578e-01 8.441800e-15 0 
    5.533502 8.549617e-01 8.376600e-15 0 
    5.546257 8.562008e-01 8.350200e-15 0 
    5.559041 8.554654e-01 8.304700e-15 0 
    5.571855 8.468921e-01 8.183700e-15 0 
    5.584705 8.442116e-01 8.120300e-15 0 
    5.597578 8.434916e-01 8.076100e-15 0 
    5.610481 8.388857e-01 7.995100e-15 0 
    5.623413 8.362220e-01 7.933100e-15 0 
    5.636376 8.354966e-01 7.889800e-15 0 
    5.649368 8.290120e-01 7.792600e-15 0 
    5.662390 8.263830e-01 7.732200e-15 0 
    5.675448 8.256572e-01 7.689900e-15 0 
    5.688531 8.249270e-01 7.647800e-15 0 
    5.701643 8.204120e-01 7.571000e-15 0 
    5.714786 8.159143e-01 7.494900e-15 0 
    5.727959 8.151852e-01 7.453800e-15 0 
    5.741162 8.125861e-01 7.395900e-15 0 
    5.754402 8.099805e-01 7.338300e-15 0 
    5.767667 8.073987e-01 7.281300e-15 0 
    5.780962 8.029597e-01 7.208000e-15 0 
    5.794287 8.003873e-01 7.151900e-15 0 
    5.807643 7.996517e-01 7.112500e-15 0 
    5.821030 7.970851e-01 7.057100e-15 0 
    5.834448 7.945232e-01 7.002100e-15 0 
    5.847904 7.919682e-01 6.947500e-15 0 
    5.861383 7.894278e-01 6.893400e-15 0 
    5.874894 7.868819e-01 6.839600e-15 0 
    5.888436 7.843417e-01 6.786200e-15 0 
    5.902009 7.818078e-01 6.733200e-15 0 
    5.915614 7.810770e-01 6.696000e-15 0 
    5.924495 7.467331e-01 6.382400e-15 3 
    5.955481 7.724522e-01 6.533700e-15 3 
    5.986466 7.796628e-01 6.526600e-15 3 
    6.017451 7.975553e-01 6.607800e-15 3 
    6.048437 7.731088e-01 6.339800e-15 3 
    6.079422 7.839452e-01 6.363300e-15 3 
    6.110407 8.044024e-01 6.463300e-15 3 
    6.141393 8.181885e-01 6.507900e-15 3 
    6.172378 8.479909e-01 6.677400e-15 3 
    6.203363 8.029850e-01 6.260000e-15 3 
    6.234349 8.050544e-01 6.213900e-15 3 
    6.265334 7.909502e-01 6.044800e-15 3 
    6.296319 8.013168e-01 6.063900e-15 3 
    6.327305 7.714704e-01 5.781000e-15 3 
    6.358290 8.137991e-01 6.038900e-15 3 
    6.389276 7.470173e-01 5.489700e-15 3 
    6.420261 7.465584e-01 5.433500e-15 3 
    6.451246 7.052407e-01 5.083600e-15 3 
    6.482232 7.188807e-01 5.132500e-15 3 
    6.513217 7.304078e-01 5.165300e-15 3 
    6.544202 7.018563e-01 4.916500e-15 3 
    6.575188 6.426024e-01 4.459100e-15 3 
    6.606173 6.529208e-01 4.488300e-15 3 
    6.637158 6.720112e-01 4.576500e-15 3 
    6.668145 6.824508e-01 4.604500e-15 3 
    6.699129 6.808791e-01 4.551500e-15 3 
    6.730114 6.823456e-01 4.519400e-15 3 
    6.761100 6.588539e-01 4.323900e-15 3 
    6.792085 6.846359e-01 4.452200e-15 3 
    6.823071 6.345972e-01 4.089400e-15 3 
    6.854056 6.245893e-01 3.988600e-15 3 
    6.885041 6.348947e-01 4.018000e-15 3 
    6.916027 5.892992e-01 3.696100e-15 3 
    6.947012 6.006882e-01 3.734000e-15 3 
    6.977998 6.395104e-01 3.940100e-15 3 
    7.008983 7.159436e-01 4.372100e-15 3 
    7.039968 6.881235e-01 4.165300e-15 3 
    7.070954 6.657952e-01 3.994900e-15 3 
    7.101939 6.592018e-01 3.920900e-15 3 
    7.132924 6.032846e-01 3.557200e-15 3 
    7.163910 6.665993e-01 3.896600e-15 3 
    7.194895 6.762433e-01 3.919000e-15 3 
    7.225881 6.497953e-01 3.733500e-15 3 
    7.256866 6.025246e-01 3.432400e-15 3 
    7.287851 6.641398e-01 3.751300e-15 3 
    7.318838 6.552833e-01 3.670000e-15 3 
    7.349822 6.323568e-01 3.511800e-15 3 
    7.380807 6.234451e-01 3.433300e-15 3 
    7.411793 6.036222e-01 3.296400e-15 3 
    7.442778 6.016999e-01 3.258600e-15 3 
    7.473763 6.487806e-01 3.484500e-15 3 
    7.504748 6.477881e-01 3.450500e-15 3 
    7.533706 6.501483e-01 3.436500e-15 3 
    7.535734 6.427754e-01 3.395700e-15 3 
    7.566720 6.700965e-01 3.511100e-15 3 
    7.595799 7.034894e-01 3.657900e-15 3 
    7.597705 5.692658e-01 2.958500e-15 3 
    7.657894 6.873781e-01 3.516400e-15 3 
    7.719988 6.310657e-01 3.176600e-15 3 
    7.782082 6.228477e-01 3.085400e-15 3 
    7.844176 6.260378e-01 3.052300e-15 3 
    7.906271 5.785636e-01 2.776700e-15 3 
    7.968365 5.347323e-01 2.526500e-15 3 
    8.030459 5.164006e-01 2.402300e-15 3 
    8.092554 5.083944e-01 2.328900e-15 3 
    8.154648 5.477020e-01 2.470900e-15 3 
    8.216741 5.198417e-01 2.309900e-15 3 
    8.278836 5.437894e-01 2.380200e-15 3 
    8.340930 5.277896e-01 2.275900e-15 3 
    8.403025 5.256035e-01 2.233100e-15 3 
    8.465119 5.115920e-01 2.141800e-15 3 
    8.527213 5.336677e-01 2.201800e-15 3 
    8.589307 5.324428e-01 2.165100e-15 3 
    8.651402 5.209085e-01 2.087900e-15 3 
    8.713495 5.245658e-01 2.072700e-15 3 
    8.775590 4.980556e-01 1.940200e-15 3 
    8.837684 5.161677e-01 1.982600e-15 3 
    8.899778 5.107998e-01 1.934700e-15 3 
    8.961872 5.180594e-01 1.935100e-15 3 
    9.023966 5.190744e-01 1.912300e-15 3 
    9.086060 5.207663e-01 1.892400e-15 3 
    9.148155 5.138488e-01 1.842000e-15 3 
    9.210249 4.940988e-01 1.747400e-15 3 
    9.272344 4.965994e-01 1.732800e-15 3 
    9.334438 5.053641e-01 1.740000e-15 3 
    9.396532 4.986008e-01 1.694100e-15 3 
    9.458626 5.064350e-01 1.698200e-15 3 
    9.520720 5.168225e-01 1.710500e-15 3 
    9.582815 5.157804e-01 1.685000e-15 3 
    9.644909 5.159746e-01 1.664000e-15 3 
    9.707002 5.231107e-01 1.665500e-15 3 
    9.769098 5.268663e-01 1.656200e-15 3 
    9.831192 4.956332e-01 1.538400e-15 3 
    9.893286 5.295804e-01 1.623200e-15 3 
    9.955380 5.227700e-01 1.582400e-15 3 
   10.017470 5.186408e-01 1.550500e-15 3 
   10.079570 5.099190e-01 1.505700e-15 3 
   10.141659 4.789876e-01 1.397100e-15 3 
   10.203760 4.861557e-01 1.400800e-15 3 
   10.265850 5.006617e-01 1.425200e-15 3 
   10.327949 4.931905e-01 1.387100e-15 3 
   10.390041 5.164469e-01 1.435200e-15 3 
   10.452130 5.164471e-01 1.418200e-15 3 
   10.514230 5.200963e-01 1.411400e-15 3 
   10.576320 5.371820e-01 1.440700e-15 3 
   10.638420 5.292487e-01 1.402900e-15 3 
   10.700510 5.177349e-01 1.356500e-15 3 
   10.762600 5.102082e-01 1.321400e-15 3 
   10.824700 5.039659e-01 1.290300e-15 3 
   10.886791 5.105541e-01 1.292300e-15 3 
   10.948890 5.116002e-01 1.280300e-15 3 
   11.010980 5.414249e-01 1.339700e-15 3 
   11.073080 5.449743e-01 1.333400e-15 3 
   11.135170 5.652383e-01 1.367600e-15 3 
   11.197260 6.316994e-01 1.511500e-15 3 
   11.259360 7.447502e-01 1.762400e-15 3 
   11.321450 7.458944e-01 1.745800e-15 3 
   11.383550 6.773419e-01 1.568100e-15 3 
   11.445640 6.111275e-01 1.399500e-15 3 
   11.507740 5.941607e-01 1.346000e-15 3 
   11.569830 5.742635e-01 1.287000e-15 3 
   11.631920 5.260074e-01 1.166300e-15 3 
   11.694020 5.191490e-01 1.138900e-15 3 
   11.756110 4.856102e-01 1.054100e-15 3 
   11.818209 5.162206e-01 1.108800e-15 3 
   11.880299 5.035929e-01 1.070400e-15 3 
   11.942400 4.864799e-01 1.023300e-15 3 
   12.004490 4.814160e-01 1.002200e-15 3 
   12.066580 4.853412e-01 1.000000e-15 3 
   12.128680 4.880057e-01 9.952200e-16 3 
   12.190770 4.839990e-01 9.770200e-16 3 
   12.252870 4.660374e-01 9.312500e-16 3 
   12.314959 4.670113e-01 9.238100e-16 3 
   12.377051 4.799588e-01 9.399200e-16 3 
   12.439150 4.752401e-01 9.214100e-16 3 
   12.501240 4.736304e-01 9.091900e-16 3 
   12.563340 4.632741e-01 8.805400e-16 3 
   12.625430 5.081559e-01 9.563700e-16 3 
   12.687530 5.181090e-01 9.655800e-16 3 
   12.749620 5.378819e-01 9.926900e-16 3 
   12.811710 6.200112e-01 1.133200e-15 3 
   12.873810 6.404552e-01 1.159300e-15 3 
   12.935900 5.206818e-01 9.334700e-16 3 
   12.998000 4.652265e-01 8.261000e-16 3 
   13.060090 4.475480e-01 7.871700e-16 3 
   13.122180 4.372519e-01 7.618000e-16 3 
   13.184280 4.398705e-01 7.591600e-16 3 
   13.246370 4.369931e-01 7.471400e-16 3 
   13.308470 4.240496e-01 7.182600e-16 3 
   13.370559 4.229742e-01 7.098000e-16 3 
   13.432659 4.176199e-01 6.943500e-16 3 
   13.494750 4.146423e-01 6.830700e-16 3 
   13.556841 4.419916e-01 7.214700e-16 3 
   13.618941 4.208069e-01 6.806400e-16 3 
   13.681030 3.774669e-01 6.050100e-16 3 
   13.743130 4.167496e-01 6.619500e-16 3 
   13.805220 3.895031e-01 6.131200e-16 3 
   13.867320 3.791437e-01 5.914800e-16 3 
   13.929409 3.918469e-01 6.058600e-16 3 
   13.991500 3.995112e-01 6.122400e-16 3 
   14.053600 4.209725e-01 6.394400e-16 3 
   14.115691 4.164979e-01 6.270900e-16 3 
   14.177789 4.257855e-01 6.354700e-16 3 
   14.239880 3.994313e-01 5.909500e-16 3 
   14.301980 4.027796e-01 5.907400e-16 3 
   14.364070 4.124054e-01 5.996400e-16 3 
   14.426159 3.983442e-01 5.742200e-16 3 
   14.488261 3.908589e-01 5.586100e-16 3 
   14.541691 4.007393e-01 5.685300e-16 3 
   14.633380 4.106625e-01 5.753300e-16 3 
   14.725080 3.764856e-01 5.209000e-16 3 
   14.816770 3.805302e-01 5.200000e-16 3 
   14.908459 4.063471e-01 5.484700e-16 3 
   15.000150 3.982579e-01 5.310000e-16 3 
   15.091850 3.841315e-01 5.059600e-16 3 
   15.183541 3.954297e-01 5.145700e-16 3 
   15.275230 3.865544e-01 4.970000e-16 3 
   15.366930 3.728375e-01 4.736600e-16 3 
   15.458620 3.962663e-01 4.974700e-16 3 
   15.550309 5.485427e-01 6.805400e-16 3 
   15.642000 6.276330e-01 7.695600e-16 3 
   15.733700 4.638001e-01 5.620700e-16 3 
   15.825391 3.809822e-01 4.563700e-16 3 
   15.917080 3.755374e-01 4.446800e-16 3 
   16.008780 4.041210e-01 4.730600e-16 3 
   16.100470 3.961738e-01 4.584900e-16 3 
   16.192159 3.910505e-01 4.474500e-16 3 
   16.283859 4.203646e-01 4.755900e-16 3 
   16.375550 4.611077e-01 5.158600e-16 3 
   16.467239 5.208904e-01 5.762700e-16 3 
   16.558930 5.357741e-01 5.861900e-16 3 
   16.650631 5.137877e-01 5.559600e-16 3 
   16.742319 4.934867e-01 5.281600e-16 3 
   16.834009 4.953645e-01 5.244100e-16 3 
   16.925700 5.197594e-01 5.442900e-16 3 
   17.017400 5.665190e-01 5.868800e-16 3 
   17.109091 5.902426e-01 6.049200e-16 3 
   17.200781 5.567425e-01 5.645200e-16 3 
   17.292481 5.363401e-01 5.380800e-16 3 
   17.384170 5.218552e-01 5.180400e-16 3 
   17.475861 4.850861e-01 4.765000e-16 3 
   17.567561 4.692761e-01 4.561700e-16 3 
   17.659250 4.589691e-01 4.415300e-16 3 
   17.750941 4.443692e-01 4.230800e-16 3 
   17.842630 4.165521e-01 3.925300e-16 3 
   17.934330 4.397786e-01 4.101900e-16 3 
   18.026020 4.224403e-01 3.900200e-16 3 
   18.117709 4.173279e-01 3.814100e-16 3 
   18.209409 4.029171e-01 3.645400e-16 3 
   18.301100 4.046404e-01 3.624400e-16 3 
   18.392789 3.820024e-01 3.387600e-16 3 
   18.484489 3.996816e-01 3.509300e-16 3 
   18.576180 3.929938e-01 3.416600e-16 3 
   18.667870 4.342875e-01 3.738600e-16 3 
   18.759559 5.480819e-01 4.672200e-16 3 
   18.851259 5.425078e-01 4.579800e-16 3 
   18.942950 4.039051e-01 3.376800e-16 3 
   19.034639 3.907594e-01 3.235500e-16 3 
   19.126341 3.998013e-01 3.278700e-16 3 
   19.218031 3.900769e-01 3.168500e-16 3 
   19.309719 3.913594e-01 3.148800e-16 3 
   19.401409 4.093259e-01 3.262300e-16 3 
   19.493111 3.804500e-01 3.003700e-16 3 
   19.584800 3.719296e-01 2.909000e-16 3 
   19.676491 3.651217e-01 2.829200e-16 3 
   19.768191 3.707082e-01 2.845900e-16 3 
   19.859880 3.280085e-01 2.494900e-16 3 
   19.951570 3.783078e-01 2.851100e-16 3 
   20.043261 3.613850e-01 2.698700e-16 3 
   20.134961 3.872945e-01 2.865900e-16 3 
   20.226650 3.855795e-01 2.827400e-16 3 
   20.318341 3.590701e-01 2.609300e-16 3 
   20.410041 3.434618e-01 2.473500e-16 3 
   20.520050 3.493638e-01 2.489100e-16 3 
   20.696581 3.657239e-01 2.561400e-16 3 
   20.873220 3.529390e-01 2.430200e-16 3 
   21.049950 3.477747e-01 2.354600e-16 3 
   21.226789 3.643512e-01 2.425900e-16 3 
   21.403730 3.507975e-01 2.297200e-16 3 
   21.580780 3.423116e-01 2.205000e-16 3 
   21.757919 3.334206e-01 2.112900e-16 3 
   21.935169 3.463811e-01 2.159700e-16 3 
   22.112520 3.174677e-01 1.947800e-16 3 
   22.289980 3.257470e-01 1.966900e-16 3 
   22.467541 3.468415e-01 2.061300e-16 3 
   22.645200 3.485536e-01 2.039100e-16 3 
   22.822969 3.542211e-01 2.040100e-16 3 
   23.000839 3.525866e-01 1.999400e-16 3 
   23.178809 3.433790e-01 1.917400e-16 3 
   23.356889 3.720976e-01 2.046200e-16 3 
   23.535070 3.692110e-01 1.999700e-16 3 
   23.713359 3.553322e-01 1.895700e-16 3 
   23.891759 3.522126e-01 1.851100e-16 3 
   24.070259 3.464484e-01 1.793900e-16 3 
   24.248859 3.659953e-01 1.867300e-16 3 
   24.427570 3.532700e-01 1.776100e-16 3 
   24.606380 3.587635e-01 1.777600e-16 3 
   24.785311 3.451408e-01 1.685500e-16 3 
   24.964331 3.420843e-01 1.646700e-16 3 
   25.143459 3.698964e-01 1.755300e-16 3 
   25.322700 3.630269e-01 1.698400e-16 3 
   25.502050 3.544216e-01 1.634900e-16 3 
   25.681500 3.629665e-01 1.651000e-16 3 
   25.861059 4.038627e-01 1.811600e-16 3 
   26.040730 4.391955e-01 1.943000e-16 3 
   26.220509 3.912419e-01 1.707200e-16 3 
   26.400391 3.614309e-01 1.555700e-16 3 
   26.580378 3.617600e-01 1.536100e-16 3 
   26.760481 3.722886e-01 1.559600e-16 3 
   26.940678 3.758677e-01 1.553600e-16 3 
   27.121000 3.652244e-01 1.489600e-16 3 
   27.301419 3.749199e-01 1.509000e-16 3 
   27.481950 3.653936e-01 1.451400e-16 3 
   27.662591 3.754674e-01 1.472000e-16 3 
   27.843341 3.740331e-01 1.447400e-16 3 
   28.024200 3.769184e-01 1.439800e-16 3 
   28.205169 4.113959e-01 1.551400e-16 3 
   28.386250 4.186292e-01 1.558600e-16 3 
   28.567441 3.980385e-01 1.463200e-16 3 
   28.748741 3.901309e-01 1.416100e-16 3 
   28.930150 3.826273e-01 1.371500e-16 3 
   29.111669 3.794210e-01 1.343100e-16 3 
   29.293300 3.883749e-01 1.357800e-16 3 
   29.475041 3.684777e-01 1.272400e-16 3 
   29.656891 4.047016e-01 1.380400e-16 3 
   29.838859 3.862965e-01 1.301600e-16 3 
   30.020941 3.900940e-01 1.298500e-16 3 
   30.203119 4.180135e-01 1.374700e-16 3 
   30.385419 4.158732e-01 1.351300e-16 3 
   30.567828 4.069901e-01 1.306700e-16 3 
   30.750359 4.129053e-01 1.310000e-16 3 
   30.932991 3.943816e-01 1.236500e-16 3 
   31.115741 4.319738e-01 1.338500e-16 3 
   31.298609 4.289682e-01 1.313700e-16 3 
   31.481581 4.184382e-01 1.266600e-16 3 
   31.664672 4.327444e-01 1.294800e-16 3 
   31.847878 4.667751e-01 1.380600e-16 3 
   32.031188 4.436069e-01 1.297100e-16 3 
   32.214619 4.508124e-01 1.303200e-16 3 
   32.398172 4.575737e-01 1.307800e-16 3 
   32.581828 4.542482e-01 1.283700e-16 3 
   32.765597 4.427820e-01 1.237300e-16 3 
   32.949491 4.764277e-01 1.316500e-16 3 
   33.133500 5.092828e-01 1.391700e-16 3 
   33.317619 5.189918e-01 1.402600e-16 3 
   33.501850 7.143536e-01 1.909400e-16 3 
   33.686200 7.954668e-01 2.103000e-16 3 
   33.870672 5.515845e-01 1.442400e-16 3 
   34.055259 4.813394e-01 1.245100e-16 3 
   34.239959 4.752807e-01 1.216200e-16 3 
   34.424772 4.829534e-01 1.222600e-16 3 
   34.609709 5.362694e-01 1.343100e-16 3 
   34.794763 8.200712e-01 2.032100e-16 3 
   34.979931 1.251167e+00 3.067600e-16 3 
