# NGC 5257       
# 
# An Atlas of Galaxy Spectral Energy Distributions from the Ultraviolet to the Mid-Infrared
# Brown et al. (2014)
# http://dx.doi.org/10.5072/03/529D3551F0117
# http://dx.doi.org/10.17909/t9-5bxk-dh29
# 
# The Spectral Energy Distributions of Active Galactic Nuclei
# Brown et al. (2019)
# http://dx.doi.org/10.17909/t9-3dbt-8734
# 
# Column 1: Observed wavelength (um)
# Column 2: f_nu (Jy)
# Column 3: f_lam (erg/s/cm2/A)
# Column 4: Source (0 = model, 1 = Optical Spectrun, 2 = Akari, 3 = Spitzer IRS)
# 
    0.010233 1.702585e-14 4.877800e-23 0 
    0.010423 2.600707e-14 7.181700e-23 0 
    0.010641 3.623011e-14 9.599000e-23 0 
    0.010839 5.117599e-14 1.306800e-22 0 
    0.011041 7.347135e-14 1.808100e-22 0 
    0.011246 1.177881e-13 2.794000e-22 0 
    0.011668 2.123728e-13 4.679800e-22 0 
    0.012078 3.557091e-13 7.315200e-22 0 
    0.012388 1.549204e-12 3.028500e-21 0 
    0.012794 2.366524e-12 4.337300e-21 0 
    0.013002 2.819168e-12 5.002900e-21 0 
    0.013092 3.126916e-12 5.473000e-21 0 
    0.013397 3.991328e-12 6.671500e-21 0 
    0.013490 4.933177e-12 8.132500e-21 0 
    0.013709 5.742656e-12 9.166900e-21 0 
    0.013996 8.281494e-12 1.268300e-20 0 
    0.014322 1.028265e-11 1.503900e-20 0 
    0.014622 3.296983e-11 4.626200e-20 0 
    0.015031 9.978617e-11 1.325000e-19 0 
    0.015453 1.244919e-10 1.564000e-19 0 
    0.015849 1.556378e-10 1.858800e-19 0 
    0.016255 1.950157e-10 2.214200e-19 0 
    0.016558 2.280981e-10 2.495900e-19 0 
    0.016982 2.844951e-10 2.959500e-19 0 
    0.017378 3.444352e-10 3.421600e-19 0 
    0.017701 3.991139e-10 3.821400e-19 0 
    0.018113 4.776200e-10 4.367400e-19 0 
    0.018408 5.446520e-10 4.822000e-19 0 
    0.018621 5.944423e-10 5.143100e-19 0 
    0.019011 7.016330e-10 5.824000e-19 0 
    0.019543 8.611604e-10 6.764300e-19 0 
    0.019861 9.774702e-10 7.434000e-19 0 
    0.020230 1.127451e-09 8.264700e-19 0 
    0.020654 1.315568e-09 9.251800e-19 0 
    0.020941 1.462482e-09 1.000500e-18 0 
    0.021478 1.667616e-09 1.084500e-18 0 
    0.022080 2.128703e-09 1.309900e-18 0 
    0.022491 2.438511e-09 1.446200e-18 0 
    0.022803 2.649108e-09 1.528400e-18 0 
    0.023227 3.027458e-09 1.683500e-18 0 
    0.023496 4.910039e-09 2.668200e-18 0 
    0.023933 8.812542e-09 4.615600e-18 0 
    0.024547 1.216458e-08 6.056500e-18 0 
    0.025177 1.288575e-08 6.098500e-18 0 
    0.025763 1.524394e-08 6.890100e-18 0 
    0.026303 1.419441e-08 6.155000e-18 0 
    0.026607 1.714329e-08 7.264800e-18 0 
    0.026977 1.932368e-08 7.965700e-18 0 
    0.027479 2.104275e-08 8.360300e-18 0 
    0.027990 2.286182e-08 8.754400e-18 0 
    0.028510 2.460921e-08 9.082900e-18 0 
    0.029040 2.710801e-08 9.643300e-18 0 
    0.029648 2.878035e-08 9.822600e-18 0 
    0.030269 3.199719e-08 1.047700e-17 0 
    0.030761 3.412769e-08 1.082000e-17 0 
    0.031477 3.909372e-08 1.183700e-17 0 
    0.032509 4.667688e-08 1.325000e-17 0 
    0.033574 5.560544e-08 1.479900e-17 0 
    0.034594 6.443274e-08 1.615200e-17 0 
    0.035563 7.397810e-08 1.754800e-17 0 
    0.036475 9.662438e-08 2.178800e-17 0 
    0.037411 1.432520e-07 3.070600e-17 0 
    0.038371 1.698680e-07 3.461200e-17 0 
    0.039355 1.754292e-07 3.398000e-17 0 
    0.040365 2.838678e-07 5.226700e-17 0 
    0.041400 4.112476e-07 7.198200e-17 0 
    0.042364 4.898897e-07 8.188900e-17 0 
    0.043152 5.237267e-07 8.437700e-17 0 
    0.043954 5.835790e-07 9.062000e-17 0 
    0.045082 8.149193e-07 1.202900e-16 0 
    0.046132 9.865447e-07 1.390700e-16 0 
    0.046989 1.016474e-06 1.381100e-16 0 
    0.048084 1.222084e-06 1.585700e-16 0 
    0.049091 1.596255e-06 1.987100e-16 0 
    0.050119 1.588953e-06 1.897700e-16 0 
    0.051168 2.249614e-06 2.577700e-16 0 
    0.051761 2.118891e-06 2.372600e-16 0 
    0.052360 3.565320e-06 3.901400e-16 0 
    0.053211 3.794090e-06 4.020000e-16 0 
    0.054200 4.000380e-06 4.085300e-16 0 
    0.055208 3.733401e-06 3.674700e-16 0 
    0.056234 4.103036e-06 3.892500e-16 0 
    0.057280 6.027085e-06 5.510900e-16 0 
    0.058345 7.570238e-06 6.671500e-16 0 
    0.059293 8.243519e-06 7.034400e-16 0 
    0.060395 9.356347e-06 7.695300e-16 0 
    0.061376 8.691630e-06 6.921900e-16 0 
    0.062373 9.249015e-06 7.132200e-16 0 
    0.063387 1.288558e-05 9.621100e-16 0 
    0.064417 1.327718e-05 9.599000e-16 0 
    0.065464 1.603647e-05 1.122600e-15 0 
    0.066527 1.683000e-05 1.140800e-15 0 
    0.067298 1.648563e-05 1.092000e-15 0 
    0.068077 1.977377e-05 1.280000e-15 0 
    0.069024 2.239227e-05 1.410000e-15 0 
    0.069984 2.070610e-05 1.268300e-15 0 
    0.071121 2.606826e-05 1.546100e-15 0 
    0.072111 2.265118e-05 1.306800e-15 0 
    0.073282 3.134079e-05 1.750800e-15 0 
    0.074302 3.389211e-05 1.841700e-15 0 
    0.075162 3.606530e-05 1.915200e-15 0 
    0.076208 3.733357e-05 1.928500e-15 0 
    0.077268 3.954556e-05 1.987100e-15 0 
    0.078163 3.767904e-05 1.850200e-15 0 
    0.079250 4.488509e-05 2.144000e-15 0 
    0.080353 4.366172e-05 2.028700e-15 0 
    0.081283 4.978539e-05 2.260600e-15 0 
    0.082414 5.421428e-05 2.394600e-15 0 
    0.083368 5.729301e-05 2.473000e-15 0 
    0.084333 6.153113e-05 2.595500e-15 0 
    0.085310 5.141763e-05 2.119500e-15 0 
    0.086497 6.700389e-05 2.686700e-15 0 
    0.087498 6.919912e-05 2.711600e-15 0 
    0.088512 7.535362e-05 2.885500e-15 0 
    0.089536 7.945079e-05 2.973200e-15 0 
    0.090573 8.357967e-05 3.056500e-15 0 
    0.091622 8.772067e-05 3.134900e-15 0 
    0.092470 8.955719e-05 3.142100e-15 0 
    0.093541 9.164373e-05 3.142100e-15 0 
    0.094624 2.350197e-04 7.874500e-15 0 
    0.095719 4.046606e-04 1.325000e-14 0 
    0.096605 6.026945e-04 1.937400e-14 0 
    0.097724 7.693146e-04 2.416700e-14 0 
    0.098628 8.592286e-04 2.649900e-14 0 
    0.099770 2.911395e-04 8.774500e-15 0 
    0.100693 7.279521e-04 2.153900e-14 0 
    0.101859 7.605063e-04 2.199000e-14 0 
    0.102802 1.047384e-03 2.973200e-14 0 
    0.103753 1.086695e-03 3.028500e-14 0 
    0.104713 6.872379e-04 1.880300e-14 0 
    0.105925 9.399456e-04 2.513200e-14 0 
    0.106905 1.486262e-03 3.901400e-14 0 
    0.107895 1.479458e-03 3.812600e-14 0 
    0.108893 1.241934e-03 3.142100e-14 0 
    0.109901 1.449146e-03 3.599400e-14 0 
    0.110918 1.250580e-03 3.049500e-14 0 
    0.111944 1.585271e-03 3.795100e-14 0 
    0.112980 1.559947e-03 3.666300e-14 0 
    0.114025 1.549196e-03 3.574600e-14 0 
    0.115080 1.403139e-03 3.178500e-14 0 
    0.116145 1.770518e-03 3.937500e-14 0 
    0.117220 1.690863e-03 3.691700e-14 0 
    0.118032 1.778688e-03 3.830200e-14 0 
    0.119124 1.824334e-03 3.856800e-14 0 
    0.120226 1.270870e-03 2.637700e-14 0 
    0.121060 1.832771e-03 3.751700e-14 0 
    0.122180 1.472643e-03 2.959500e-14 0 
    0.123311 1.219287e-03 2.405600e-14 0 
    0.124165 9.887917e-04 1.924100e-14 0 
    0.125314 1.559943e-03 2.980100e-14 0 
    0.126183 2.089782e-03 3.937500e-14 0 
    0.127350 2.265171e-03 4.190100e-14 0 
    0.128233 2.223846e-03 4.057200e-14 0 
    0.129420 2.084982e-03 3.734400e-14 0 
    0.130317 2.541604e-03 4.489800e-14 0 
    0.131522 2.685981e-03 4.658300e-14 0 
    0.132434 2.254783e-03 3.856800e-14 0 
    0.133352 2.291427e-03 3.865700e-14 0 
    0.134586 2.793206e-03 4.626200e-14 0 
    0.135519 2.723344e-03 4.448600e-14 0 
    0.136458 2.524047e-03 4.066500e-14 0 
    0.137404 2.918134e-03 4.636900e-14 0 
    0.138676 2.891386e-03 4.510500e-14 0 
    0.139637 2.679808e-03 4.123100e-14 0 
    0.140605 2.793205e-03 4.238600e-14 0 
    0.141579 2.838585e-03 4.248400e-14 0 
    0.142561 2.323263e-03 3.429400e-14 0 
    0.143549 2.371924e-03 3.453200e-14 0 
    0.144544 2.786773e-03 4.001500e-14 0 
    0.145881 2.845093e-03 4.010700e-14 0 
    0.146893 2.945120e-03 4.094700e-14 0 
    0.147571 3.076828e-03 4.238600e-14 0 
    0.147911 3.126829e-03 4.287700e-14 0 
    0.148936 3.076856e-03 4.161300e-14 0 
    0.149969 2.918168e-03 3.892500e-14 0 
    0.151008 2.986107e-03 3.928500e-14 0 
    0.151705 3.069738e-03 4.001500e-14 0 
    0.152757 3.134084e-03 4.029300e-14 0 
    0.153815 3.020630e-03 3.830200e-14 0 
    0.154525 2.767617e-03 3.477200e-14 0 
    0.155239 2.945157e-03 3.666300e-14 0 
    0.155955 2.911420e-03 3.591100e-14 0 
    0.157036 2.559164e-03 3.113300e-14 0 
    0.158125 2.594782e-03 3.113300e-14 0 
    0.158855 2.553353e-03 3.035500e-14 0 
    0.159956 2.774026e-03 3.252600e-14 0 
    0.161065 3.006843e-03 3.477200e-14 0 
    0.162181 3.170349e-03 3.616000e-14 0 
    0.162930 3.244210e-03 3.666300e-14 0 
    0.164059 3.229304e-03 3.599400e-14 0 
    0.165196 3.259120e-03 3.582800e-14 0 
    0.166341 3.199681e-03 3.469200e-14 0 
    0.167109 3.412765e-03 3.666300e-14 0 
    0.168267 3.500244e-03 3.708700e-14 0 
    0.169434 3.381501e-03 3.533700e-14 0 
    0.170216 3.623328e-03 3.751700e-14 0 
    0.171002 3.312108e-03 3.398000e-14 0 
    0.171396 3.776654e-03 3.856800e-14 0 
    0.172187 3.882453e-03 3.928500e-14 0 
    0.173380 3.733329e-03 3.725800e-14 0 
    0.174181 3.656863e-03 3.616000e-14 0 
    0.175388 3.516387e-03 3.429400e-14 0 
    0.176604 3.532671e-03 3.398000e-14 0 
    0.177419 3.785379e-03 3.607700e-14 0 
    0.178649 3.767940e-03 3.541800e-14 0 
    0.179473 3.972850e-03 3.700200e-14 0 
    0.180302 3.776657e-03 3.485200e-14 0 
    0.181552 3.837994e-03 3.493200e-14 0 
    0.182390 3.954676e-03 3.566400e-14 0 
    0.183654 4.198560e-03 3.734400e-14 0 
    0.184502 4.227664e-03 3.725800e-14 0 
    0.185780 3.972815e-03 3.453200e-14 0 
    0.186638 4.093545e-03 3.525500e-14 0 
    0.187499 4.009645e-03 3.421600e-14 0 
    0.188799 3.767921e-03 3.171200e-14 0 
    0.189671 3.829188e-03 3.193200e-14 0 
    0.190546 3.963720e-03 3.275100e-14 0 
    0.191867 4.266866e-03 3.477200e-14 0 
    0.192753 3.972847e-03 3.207900e-14 0 
    0.193642 3.864589e-03 3.091900e-14 0 
    0.194984 4.150508e-03 3.275100e-14 0 
    0.195884 4.028139e-03 3.149400e-14 0 
    0.196789 3.954561e-03 3.063500e-14 0 
    0.197697 4.160112e-03 3.193200e-14 0 
    0.199067 4.356138e-03 3.297800e-14 0 
    0.199986 4.093560e-03 3.070600e-14 0 
    0.201372 4.509236e-03 3.336000e-14 0 
    0.202302 4.678399e-03 3.429400e-14 0 
    0.202768 4.457674e-03 3.252600e-14 0 
    0.204174 4.406596e-03 3.171200e-14 0 
    0.205116 4.593062e-03 3.275100e-14 0 
    0.206063 4.509177e-03 3.185800e-14 0 
    0.207014 4.721741e-03 3.305400e-14 0 
    0.207970 4.509259e-03 3.127700e-14 0 
    0.208930 4.678449e-03 3.215300e-14 0 
    0.210378 4.356109e-03 2.952700e-14 0 
    0.211349 4.509275e-03 3.028500e-14 0 
    0.212324 4.967078e-03 3.305400e-14 0 
    0.213304 4.921583e-03 3.245100e-14 0 
    0.214289 4.721777e-03 3.084800e-14 0 
    0.215278 4.809490e-03 3.113300e-14 0 
    0.216272 4.910290e-03 3.149400e-14 0 
    0.217270 5.001502e-03 3.178500e-14 0 
    0.218273 4.787497e-03 3.014600e-14 0 
    0.219281 4.865316e-03 3.035500e-14 0 
    0.220293 5.082766e-03 3.142100e-14 0 
    0.221309 4.978581e-03 3.049500e-14 0 
    0.222331 5.013135e-03 3.042500e-14 0 
    0.223357 4.955743e-03 2.980100e-14 0 
    0.224388 5.189236e-03 3.091900e-14 0 
    0.225424 5.129873e-03 3.028500e-14 0 
    0.226464 4.967043e-03 2.905500e-14 0 
    0.227510 4.898988e-03 2.839400e-14 0 
    0.228560 5.153444e-03 2.959500e-14 0 
    0.229615 5.036281e-03 2.865700e-14 0 
    0.230675 4.899133e-03 2.762100e-14 0 
    0.231739 5.048257e-03 2.820100e-14 0 
    0.232809 5.166166e-03 2.859500e-14 0 
    0.233884 5.286740e-03 2.899400e-14 0 
    0.234963 5.025916e-03 2.731100e-14 0 
    0.235505 5.107737e-03 2.762800e-14 0 
    0.236592 4.968782e-03 2.663000e-14 0 
    0.237684 4.190702e-03 2.225400e-14 0 
    0.238781 4.789755e-03 2.520200e-14 0 
    0.239883 4.735092e-03 2.468600e-14 0 
    0.240991 5.016081e-03 2.591100e-14 0 
    0.242103 4.768434e-03 2.440600e-14 0 
    0.242661 4.857371e-03 2.474700e-14 0 
    0.243781 4.628344e-03 2.336400e-14 0 
    0.244906 4.891483e-03 2.446600e-14 0 
    0.246037 4.780588e-03 2.369200e-14 0 
    0.247172 4.892203e-03 2.402300e-14 0 
    0.247742 5.110992e-03 2.498200e-14 0 
    0.248886 4.983621e-03 2.413600e-14 0 
    0.250035 5.230840e-03 2.510100e-14 0 
    0.251189 5.207095e-03 2.475800e-14 0 
    0.252348 5.207286e-03 2.453200e-14 0 
    0.252930 5.088886e-03 2.386400e-14 0 
    0.254097 5.183947e-03 2.408700e-14 0 
    0.255270 4.684769e-03 2.156800e-14 0 
    0.256448 5.379186e-03 2.453800e-14 0 
    0.257040 4.951473e-03 2.248300e-14 0 
    0.257632 5.125420e-03 2.316600e-14 0 
    0.258226 5.009051e-03 2.253600e-14 0 
    0.259418 5.102511e-03 2.274600e-14 0 
    0.260016 5.032538e-03 2.233100e-14 0 
    0.261216 5.318824e-03 2.338500e-14 0 
    0.262422 5.258325e-03 2.290700e-14 0 
    0.263633 5.506441e-03 2.376800e-14 0 
    0.264241 5.468794e-03 2.349700e-14 0 
    0.265461 5.444007e-03 2.317600e-14 0 
    0.266686 5.357340e-03 2.259800e-14 0 
    0.267301 5.296099e-03 2.223700e-14 0 
    0.268534 5.507801e-03 2.291400e-14 0 
    0.269774 5.662614e-03 2.334200e-14 0 
    0.270396 5.998272e-03 2.461200e-14 0 
    0.271644 6.124362e-03 2.489900e-14 0 
    0.272270 5.702647e-03 2.307800e-14 0 
    0.273527 5.930746e-03 2.378100e-14 0 
    0.274789 5.972258e-03 2.372800e-14 0 
    0.275423 5.756345e-03 2.276500e-14 0 
    0.276694 5.918054e-03 2.319000e-14 0 
    0.277971 5.743837e-03 2.230100e-14 0 
    0.278612 5.757420e-03 2.225100e-14 0 
    0.279898 5.973645e-03 2.287500e-14 0 
    0.280543 5.448441e-03 2.076800e-14 0 
    0.281838 5.562669e-03 2.100900e-14 0 
    0.282488 5.718961e-03 2.150000e-14 0 
    0.283792 5.961146e-03 2.220500e-14 0 
    0.285102 5.759182e-03 2.125600e-14 0 
    0.285759 4.993127e-03 1.834400e-14 0 
    0.287078 5.289591e-03 1.925500e-14 0 
    0.287740 6.017766e-03 2.180500e-14 0 
    0.289068 6.258389e-03 2.246900e-14 0 
    0.289734 6.074038e-03 2.170700e-14 0 
    0.291072 6.018715e-03 2.131200e-14 0 
    0.291743 5.854990e-03 2.063700e-14 0 
    0.293089 6.317457e-03 2.206300e-14 0 
    0.293765 6.332250e-03 2.201300e-14 0 
    0.295121 6.347295e-03 2.186300e-14 0 
    0.295801 6.333122e-03 2.171400e-14 0 
    0.297852 6.771087e-03 2.289700e-14 0 
    0.299916 6.648175e-03 2.217300e-14 0 
    0.301995 6.618455e-03 2.177100e-14 0 
    0.303389 6.726333e-03 2.192300e-14 0 
    0.305492 6.789420e-03 2.182500e-14 0 
    0.307610 6.900607e-03 2.187800e-14 0 
    0.309742 6.965252e-03 2.178000e-14 0 
    0.311889 7.030370e-03 2.168200e-14 0 
    0.314051 7.112725e-03 2.163500e-14 0 
    0.316228 7.196011e-03 2.158800e-14 0 
    0.317687 7.246418e-03 2.154000e-14 0 
    0.319890 7.213896e-03 2.114900e-14 0 
    0.322107 7.314927e-03 2.115100e-14 0 
    0.324340 7.383737e-03 2.105700e-14 0 
    0.326588 7.166822e-03 2.015800e-14 0 
    0.328095 7.384897e-03 2.058100e-14 0 
    0.330370 7.201343e-03 1.979400e-14 0 
    0.332660 7.611379e-03 2.063400e-14 0 
    0.334195 7.825115e-03 2.101900e-14 0 
    0.336512 7.862276e-03 2.082900e-14 0 
    0.338844 7.917660e-03 2.068800e-14 0 
    0.339625 8.083772e-03 2.102500e-14 0 
    0.340408 8.196795e-03 2.122100e-14 0 
    0.341193 8.311088e-03 2.141800e-14 0 
    0.341979 7.919050e-03 2.031400e-14 0 
    0.342768 8.178864e-03 2.088400e-14 0 
    0.343558 8.104084e-03 2.059800e-14 0 
    0.344350 8.104337e-03 2.050400e-14 0 
    0.345144 7.598944e-03 1.913700e-14 0 
    0.345939 7.811906e-03 1.958300e-14 0 
    0.346737 8.351739e-03 2.084000e-14 0 
    0.347536 8.429325e-03 2.093700e-14 0 
    0.348337 8.162453e-03 2.018100e-14 0 
    0.349140 8.257420e-03 2.032200e-14 0 
    0.349945 8.547813e-03 2.094000e-14 0 
    0.350752 8.431038e-03 2.055900e-14 0 
    0.351560 8.587753e-03 2.084500e-14 0 
    0.352371 7.850559e-03 1.896800e-14 0 
    0.353183 8.688019e-03 2.089500e-14 0 
    0.353997 8.108643e-03 1.941200e-14 0 
    0.354813 8.316862e-03 1.981900e-14 0 
    0.355631 8.090504e-03 1.919100e-14 0 
    0.356451 8.260420e-03 1.950400e-14 0 
    0.357273 8.298988e-03 1.950500e-14 0 
    0.358096 8.414633e-03 1.968600e-14 0 
    0.358922 8.357307e-03 1.946200e-14 0 
    0.359749 8.204754e-03 1.901900e-14 0 
    0.360579 8.416015e-03 1.941900e-14 0 
    0.361410 8.772251e-03 2.014800e-14 0 
    0.362243 9.039307e-03 2.066600e-14 0 
    0.363078 9.081468e-03 2.066700e-14 0 
    0.363915 8.874852e-03 2.010400e-14 0 
    0.364754 9.082128e-03 2.047900e-14 0 
    0.365595 8.340811e-03 1.872100e-14 0 
    0.366437 8.113855e-03 1.812800e-14 0 
    0.367282 7.947627e-03 1.767500e-14 0 
    0.367397 8.105133e-03 1.801400e-14 1 
    0.367672 1.222728e-02 2.713500e-14 1 
    0.367947 8.118587e-03 1.799000e-14 1 
    0.368222 6.520400e-03 1.442700e-14 1 
    0.368497 1.039563e-02 2.296700e-14 1 
    0.368772 7.960111e-03 1.756000e-14 1 
    0.369047 1.053519e-02 2.320600e-14 1 
    0.369322 9.104616e-03 2.002500e-14 1 
    0.369597 8.913276e-03 1.957500e-14 1 
    0.369872 7.840311e-03 1.719300e-14 1 
    0.370147 9.264992e-03 2.028700e-14 1 
    0.370422 7.912586e-03 1.730000e-14 1 
    0.370697 8.728681e-03 1.905600e-14 1 
    0.370972 8.974215e-03 1.956300e-14 1 
    0.371247 9.147860e-03 1.991200e-14 1 
    0.371522 7.847385e-03 1.705600e-14 1 
    0.371797 9.391550e-03 2.038200e-14 1 
    0.372072 8.110596e-03 1.757600e-14 1 
    0.372347 1.030158e-02 2.229100e-14 1 
    0.372622 1.059589e-02 2.289400e-14 1 
    0.372897 1.089196e-02 2.349900e-14 1 
    0.373172 1.023495e-02 2.204900e-14 1 
    0.373447 9.181292e-03 1.975000e-14 1 
    0.373722 9.679002e-03 2.079000e-14 1 
    0.373997 7.216087e-03 1.547700e-14 1 
    0.374272 6.228403e-03 1.333900e-14 1 
    0.374547 1.035868e-02 2.215200e-14 1 
    0.374822 9.865784e-03 2.106700e-14 1 
    0.375097 9.539776e-03 2.034100e-14 1 
    0.375372 9.661797e-03 2.057100e-14 1 
    0.375647 8.027786e-03 1.706700e-14 1 
    0.375922 6.963648e-03 1.478300e-14 1 
    0.376197 8.580139e-03 1.818800e-14 1 
    0.376472 6.220108e-03 1.316600e-14 1 
    0.376747 9.388746e-03 1.984400e-14 1 
    0.377022 1.087888e-02 2.296000e-14 1 
    0.377297 9.083072e-03 1.914200e-14 1 
    0.377572 1.065973e-02 2.243200e-14 1 
    0.377847 8.198235e-03 1.722700e-14 1 
    0.378122 9.685211e-03 2.032200e-14 1 
    0.378397 1.189623e-02 2.492500e-14 1 
    0.378672 8.498873e-03 1.778100e-14 1 
    0.378947 1.003339e-02 2.096100e-14 1 
    0.379222 6.775337e-03 1.413400e-14 1 
    0.379497 8.937755e-03 1.861800e-14 1 
    0.379772 7.388256e-03 1.536800e-14 1 
    0.380047 9.446577e-03 1.962100e-14 1 
    0.380322 9.630934e-03 1.997500e-14 1 
    0.380597 1.203592e-02 2.492700e-14 1 
    0.380872 1.814454e-02 3.752400e-14 1 
    0.381147 2.674138e-02 5.522300e-14 1 
    0.381422 3.305804e-02 6.816900e-14 1 
    0.381697 3.219029e-02 6.628400e-14 1 
    0.381972 2.636849e-02 5.421800e-14 1 
    0.382247 1.651464e-02 3.390800e-14 1 
    0.382522 1.213262e-02 2.487500e-14 1 
    0.382797 9.078730e-03 1.858700e-14 1 
    0.383072 1.261266e-02 2.578500e-14 1 
    0.383347 1.131749e-02 2.310400e-14 1 
    0.383622 9.415179e-03 1.919300e-14 1 
    0.383897 1.015525e-02 2.067200e-14 1 
    0.384172 1.035331e-02 2.104500e-14 1 
    0.384447 1.203876e-02 2.443600e-14 1 
    0.384722 1.168399e-02 2.368200e-14 1 
    0.384997 1.172244e-02 2.372600e-14 1 
    0.385272 1.106629e-02 2.236600e-14 1 
    0.385547 1.110191e-02 2.240600e-14 1 
    0.385822 1.157276e-02 2.332300e-14 1 
    0.386097 1.221636e-02 2.458500e-14 1 
    0.386372 1.138634e-02 2.288200e-14 1 
    0.386647 1.290947e-02 2.590600e-14 1 
    0.386922 1.175063e-02 2.354700e-14 1 
    0.387197 1.309914e-02 2.621200e-14 1 
    0.387472 1.249420e-02 2.496600e-14 1 
    0.387747 1.155122e-02 2.304900e-14 1 
    0.388022 1.352791e-02 2.695500e-14 1 
    0.388297 1.327469e-02 2.641300e-14 1 
    0.388572 1.161401e-02 2.307600e-14 1 
    0.388847 1.001310e-02 1.986700e-14 1 
    0.389122 1.176603e-02 2.331200e-14 1 
    0.389397 1.167854e-02 2.310600e-14 1 
    0.389672 1.198507e-02 2.367900e-14 1 
    0.389947 1.437106e-02 2.835300e-14 1 
    0.390222 1.345131e-02 2.650100e-14 1 
    0.390497 1.453566e-02 2.859700e-14 1 
    0.390772 1.311411e-02 2.576400e-14 1 
    0.391047 1.454248e-02 2.853000e-14 1 
    0.391322 1.347416e-02 2.639700e-14 1 
    0.391597 1.217380e-02 2.381600e-14 1 
    0.391872 1.015261e-02 1.983400e-14 1 
    0.392147 1.214651e-02 2.369600e-14 1 
    0.392422 1.106916e-02 2.156400e-14 1 
    0.392697 1.062205e-02 2.066400e-14 1 
    0.392972 1.150996e-02 2.236000e-14 1 
    0.393247 1.231991e-02 2.390000e-14 1 
    0.393522 1.159485e-02 2.246200e-14 1 
    0.393797 1.260407e-02 2.438300e-14 1 
    0.394072 1.312638e-02 2.535800e-14 1 
    0.394347 1.331006e-02 2.567700e-14 1 
    0.394622 1.320146e-02 2.543200e-14 1 
    0.394897 1.357489e-02 2.611500e-14 1 
    0.395172 1.367761e-02 2.627600e-14 1 
    0.395447 1.476576e-02 2.832700e-14 1 
    0.395722 1.459839e-02 2.796700e-14 1 
    0.395997 1.492970e-02 2.856200e-14 1 
    0.396272 1.623339e-02 3.101300e-14 1 
    0.396547 1.527679e-02 2.914500e-14 1 
    0.396822 1.382461e-02 2.633800e-14 1 
    0.397097 1.283091e-02 2.441100e-14 1 
    0.397372 1.384559e-02 2.630500e-14 1 
    0.397647 1.427114e-02 2.707600e-14 1 
    0.397922 1.213585e-02 2.299300e-14 1 
    0.398197 1.282387e-02 2.426300e-14 1 
    0.398472 1.289716e-02 2.436800e-14 1 
    0.398747 1.269131e-02 2.394600e-14 1 
    0.399022 1.317427e-02 2.482300e-14 1 
    0.399297 1.412675e-02 2.658100e-14 1 
    0.399572 1.310205e-02 2.461900e-14 1 
    0.399847 1.315100e-02 2.467700e-14 1 
    0.400122 1.512389e-02 2.834000e-14 1 
    0.400397 1.590299e-02 2.975900e-14 1 
    0.400672 1.520937e-02 2.842200e-14 1 
    0.400947 1.360178e-02 2.538300e-14 1 
    0.401222 1.294111e-02 2.411700e-14 1 
    0.401497 1.360365e-02 2.531700e-14 1 
    0.401772 1.441272e-02 2.678600e-14 1 
    0.402047 1.404613e-02 2.606900e-14 1 
    0.402322 1.282225e-02 2.376500e-14 1 
    0.402597 1.395654e-02 2.583200e-14 1 
    0.402872 1.352278e-02 2.499500e-14 1 
    0.403147 1.425854e-02 2.631900e-14 1 
    0.403422 1.493496e-02 2.753000e-14 1 
    0.403697 1.521391e-02 2.800600e-14 1 
    0.403972 1.646676e-02 3.027100e-14 1 
    0.404247 1.491440e-02 2.738000e-14 1 
    0.404522 1.438597e-02 2.637400e-14 1 
    0.404797 1.512816e-02 2.769700e-14 1 
    0.405072 1.512794e-02 2.765900e-14 1 
    0.405347 1.161042e-02 2.119900e-14 1 
    0.405622 1.184336e-02 2.159500e-14 1 
    0.405897 1.177430e-02 2.144000e-14 1 
    0.406172 1.117435e-02 2.032000e-14 1 
    0.406447 1.232165e-02 2.237600e-14 1 
    0.406722 1.247178e-02 2.261800e-14 1 
    0.406997 1.074770e-02 1.946500e-14 1 
    0.407272 1.272337e-02 2.301200e-14 1 
    0.407547 1.578950e-02 2.851900e-14 1 
    0.407822 1.530410e-02 2.760500e-14 1 
    0.408097 1.706457e-02 3.073900e-14 1 
    0.408372 1.681908e-02 3.025600e-14 1 
    0.408647 1.731266e-02 3.110200e-14 1 
    0.408922 1.698035e-02 3.046400e-14 1 
    0.409197 1.541473e-02 2.761800e-14 1 
    0.409472 1.652361e-02 2.956500e-14 1 
    0.409747 1.531740e-02 2.737000e-14 1 
    0.410022 1.813434e-02 3.236000e-14 1 
    0.410297 1.694940e-02 3.020500e-14 1 
    0.410572 1.575787e-02 2.804400e-14 1 
    0.410847 1.688628e-02 3.001200e-14 1 
    0.411122 1.782274e-02 3.163400e-14 1 
    0.411397 1.699301e-02 3.012100e-14 1 
    0.411672 1.647512e-02 2.916400e-14 1 
    0.411947 1.778799e-02 3.144600e-14 1 
    0.412222 1.833682e-02 3.237300e-14 1 
    0.412497 1.713676e-02 3.021400e-14 1 
    0.412772 1.777980e-02 3.130600e-14 1 
    0.413047 1.814471e-02 3.190600e-14 1 
    0.413322 1.706415e-02 2.996600e-14 1 
    0.413597 1.733433e-02 3.040000e-14 1 
    0.413872 1.463388e-02 2.563000e-14 1 
    0.414147 1.749767e-02 3.060500e-14 1 
    0.414422 1.867619e-02 3.262300e-14 1 
    0.414697 1.648940e-02 2.876500e-14 1 
    0.414972 1.739467e-02 3.030400e-14 1 
    0.415247 1.673377e-02 2.911400e-14 1 
    0.415522 1.758815e-02 3.056000e-14 1 
    0.415797 1.910403e-02 3.315000e-14 1 
    0.416072 1.731275e-02 3.000200e-14 1 
    0.416347 1.667924e-02 2.886600e-14 1 
    0.416622 1.890856e-02 3.268100e-14 1 
    0.416897 1.720477e-02 2.969700e-14 1 
    0.417172 1.876186e-02 3.234200e-14 1 
    0.417447 1.581718e-02 2.723000e-14 1 
    0.417722 1.684892e-02 2.896800e-14 1 
    0.417997 1.578958e-02 2.711100e-14 1 
    0.418272 1.741234e-02 2.985800e-14 1 
    0.418547 1.473394e-02 2.523200e-14 1 
    0.418822 1.521230e-02 2.601700e-14 1 
    0.419097 1.611811e-02 2.753000e-14 1 
    0.419372 1.478739e-02 2.522400e-14 1 
    0.419647 1.571373e-02 2.676900e-14 1 
    0.419922 1.567555e-02 2.666900e-14 1 
    0.420197 1.678491e-02 2.851900e-14 1 
    0.420472 1.557402e-02 2.642700e-14 1 
    0.420747 1.626711e-02 2.756700e-14 1 
    0.421022 1.635574e-02 2.768100e-14 1 
    0.421297 1.457321e-02 2.463200e-14 1 
    0.421572 1.720062e-02 2.903500e-14 1 
    0.421847 1.872145e-02 3.156100e-14 1 
    0.422122 1.689035e-02 2.843700e-14 1 
    0.422397 1.579664e-02 2.656100e-14 1 
    0.422672 1.594228e-02 2.677100e-14 1 
    0.422947 1.610792e-02 2.701400e-14 1 
    0.423222 1.707820e-02 2.860400e-14 1 
    0.423497 1.762171e-02 2.947600e-14 1 
    0.423772 1.850241e-02 3.090900e-14 1 
    0.424047 1.703156e-02 2.841500e-14 1 
    0.424322 1.692102e-02 2.819400e-14 1 
    0.424597 1.882632e-02 3.132800e-14 1 
    0.424872 1.643299e-02 2.731000e-14 1 
    0.425147 1.720198e-02 2.855100e-14 1 
    0.425422 1.708005e-02 2.831200e-14 1 
    0.425697 1.605108e-02 2.657200e-14 1 
    0.425972 1.753312e-02 2.898800e-14 1 
    0.426247 1.874823e-02 3.095700e-14 1 
    0.426522 1.812055e-02 2.988200e-14 1 
    0.426797 1.785308e-02 2.940300e-14 1 
    0.427072 1.815393e-02 2.986000e-14 1 
    0.427347 1.661770e-02 2.729800e-14 1 
    0.427622 1.891510e-02 3.103200e-14 1 
    0.427897 1.708895e-02 2.800000e-14 1 
    0.428172 1.699420e-02 2.780900e-14 1 
    0.428447 1.768789e-02 2.890700e-14 1 
    0.428722 1.650853e-02 2.694500e-14 1 
    0.428997 1.658922e-02 2.704200e-14 1 
    0.429272 1.767499e-02 2.877500e-14 1 
    0.429547 1.790553e-02 2.911300e-14 1 
    0.429822 1.792169e-02 2.910200e-14 1 
    0.430097 1.835776e-02 2.977200e-14 1 
    0.430372 1.838927e-02 2.978500e-14 1 
    0.430647 1.719247e-02 2.781100e-14 1 
    0.430922 1.908499e-02 3.083300e-14 1 
    0.431197 2.012206e-02 3.246700e-14 1 
    0.431472 1.827798e-02 2.945400e-14 1 
    0.431747 1.880893e-02 3.027100e-14 1 
    0.432022 1.979349e-02 3.181500e-14 1 
    0.432297 1.961064e-02 3.148100e-14 1 
    0.432572 1.809062e-02 2.900400e-14 1 
    0.432847 1.894487e-02 3.033500e-14 1 
    0.433122 1.759326e-02 2.813500e-14 1 
    0.433397 1.588503e-02 2.537100e-14 1 
    0.433672 1.901026e-02 3.032400e-14 1 
    0.433947 1.935827e-02 3.084000e-14 1 
    0.434222 1.890327e-02 3.007700e-14 1 
    0.434497 1.681783e-02 2.672500e-14 1 
    0.434772 1.749379e-02 2.776400e-14 1 
    0.435047 1.851588e-02 2.934900e-14 1 
    0.435322 1.893158e-02 2.997000e-14 1 
    0.435597 1.821866e-02 2.880500e-14 1 
    0.435872 1.724805e-02 2.723600e-14 1 
    0.436147 1.705677e-02 2.690000e-14 1 
    0.436422 1.852264e-02 2.917500e-14 1 
    0.436697 1.860384e-02 2.926600e-14 1 
    0.436972 1.733522e-02 2.723600e-14 1 
    0.437247 1.688737e-02 2.649900e-14 1 
    0.437522 1.749629e-02 2.742000e-14 1 
    0.437797 1.853668e-02 2.901400e-14 1 
    0.438072 1.817040e-02 2.840500e-14 1 
    0.438347 1.831364e-02 2.859300e-14 1 
    0.438622 1.919788e-02 2.993600e-14 1 
    0.438897 1.824469e-02 2.841400e-14 1 
    0.439172 1.757643e-02 2.733900e-14 1 
    0.439447 1.844944e-02 2.866100e-14 1 
    0.439722 1.688831e-02 2.620300e-14 1 
    0.439997 1.690299e-02 2.619300e-14 1 
    0.440272 1.817826e-02 2.813400e-14 1 
    0.440547 1.694462e-02 2.619200e-14 1 
    0.440822 1.593587e-02 2.460200e-14 1 
    0.441097 1.651092e-02 2.545800e-14 1 
    0.441372 1.720620e-02 2.649700e-14 1 
    0.441647 1.696693e-02 2.609600e-14 1 
    0.441922 1.937067e-02 2.975600e-14 1 
    0.442197 1.874885e-02 2.876500e-14 1 
    0.442472 1.657029e-02 2.539100e-14 1 
    0.442747 1.669087e-02 2.554400e-14 1 
    0.443022 1.777931e-02 2.717600e-14 1 
    0.443297 1.862412e-02 2.843200e-14 1 
    0.443572 1.888137e-02 2.878900e-14 1 
    0.443847 1.964880e-02 2.992200e-14 1 
    0.444122 2.120574e-02 3.225300e-14 1 
    0.444397 2.071854e-02 3.147300e-14 1 
    0.444672 1.834766e-02 2.783700e-14 1 
    0.444947 1.731712e-02 2.624100e-14 1 
    0.445222 1.810830e-02 2.740600e-14 1 
    0.445497 1.837545e-02 2.777600e-14 1 
    0.445772 1.795700e-02 2.711000e-14 1 
    0.446047 1.766481e-02 2.663600e-14 1 
    0.446322 1.801861e-02 2.713600e-14 1 
    0.446597 1.860127e-02 2.797900e-14 1 
    0.446872 1.900560e-02 2.855200e-14 1 
    0.447147 1.945354e-02 2.918900e-14 1 
    0.447422 1.901705e-02 2.849900e-14 1 
    0.447697 1.868767e-02 2.797100e-14 1 
    0.447972 1.868923e-02 2.793900e-14 1 
    0.448247 1.733383e-02 2.588100e-14 1 
    0.448522 1.790498e-02 2.670100e-14 1 
    0.448797 1.807331e-02 2.691900e-14 1 
    0.449072 1.708176e-02 2.541100e-14 1 
    0.449347 1.838348e-02 2.731400e-14 1 
    0.449622 1.913714e-02 2.839900e-14 1 
    0.449897 1.969086e-02 2.918500e-14 1 
    0.450172 1.885636e-02 2.791400e-14 1 
    0.450447 1.719058e-02 2.541700e-14 1 
    0.450722 2.058658e-02 3.040100e-14 1 
    0.450997 2.016084e-02 2.973600e-14 1 
    0.451272 1.869610e-02 2.754200e-14 1 
    0.451547 1.874676e-02 2.758300e-14 1 
    0.451822 1.921872e-02 2.824300e-14 1 
    0.452097 1.858738e-02 2.728200e-14 1 
    0.452372 1.879759e-02 2.755700e-14 1 
    0.452647 1.965708e-02 2.878200e-14 1 
    0.452922 1.991210e-02 2.912000e-14 1 
    0.453197 1.953099e-02 2.852800e-14 1 
    0.453472 2.005028e-02 2.925100e-14 1 
    0.453747 1.983784e-02 2.890600e-14 1 
    0.454022 1.979455e-02 2.880800e-14 1 
    0.454297 1.913609e-02 2.781600e-14 1 
    0.454572 1.925156e-02 2.795000e-14 1 
    0.454847 2.021964e-02 2.932000e-14 1 
    0.455122 1.996239e-02 2.891200e-14 1 
    0.455397 2.020151e-02 2.922300e-14 1 
    0.455672 2.012002e-02 2.907000e-14 1 
    0.455947 1.951996e-02 2.816900e-14 1 
    0.456222 1.869223e-02 2.694200e-14 1 
    0.456497 1.948790e-02 2.805500e-14 1 
    0.456772 1.835342e-02 2.639000e-14 1 
    0.457047 1.852036e-02 2.659800e-14 1 
    0.457322 1.904809e-02 2.732300e-14 1 
    0.457597 2.100442e-02 3.009300e-14 1 
    0.457872 2.161948e-02 3.093700e-14 1 
    0.458147 2.174340e-02 3.107700e-14 1 
    0.458422 2.224446e-02 3.175500e-14 1 
    0.458697 2.079833e-02 2.965500e-14 1 
    0.458972 2.065054e-02 2.940900e-14 1 
    0.459247 2.070623e-02 2.945300e-14 1 
    0.459522 2.015597e-02 2.863600e-14 1 
    0.459797 1.969456e-02 2.794700e-14 1 
    0.460072 2.034889e-02 2.884100e-14 1 
    0.460347 2.053287e-02 2.906700e-14 1 
    0.460622 2.204262e-02 3.116700e-14 1 
    0.460897 2.180058e-02 3.078800e-14 1 
    0.461172 2.017266e-02 2.845500e-14 1 
    0.461447 2.014917e-02 2.838800e-14 1 
    0.461722 2.030040e-02 2.856700e-14 1 
    0.461997 2.164437e-02 3.042200e-14 1 
    0.462272 2.092862e-02 2.938100e-14 1 
    0.462547 2.191558e-02 3.073000e-14 1 
    0.462822 1.949116e-02 2.729800e-14 1 
    0.463097 1.846491e-02 2.583000e-14 1 
    0.463372 2.183494e-02 3.050800e-14 1 
    0.463647 2.055673e-02 2.868800e-14 1 
    0.463922 1.998925e-02 2.786300e-14 1 
    0.464197 2.040298e-02 2.840600e-14 1 
    0.464472 2.148354e-02 2.987500e-14 1 
    0.464747 2.234846e-02 3.104100e-14 1 
    0.465022 2.166564e-02 3.005700e-14 1 
    0.465297 2.032298e-02 2.816100e-14 1 
    0.465572 2.052186e-02 2.840300e-14 1 
    0.465847 1.922160e-02 2.657200e-14 1 
    0.466122 2.078620e-02 2.870100e-14 1 
    0.466397 2.100360e-02 2.896700e-14 1 
    0.466672 2.152855e-02 2.965600e-14 1 
    0.466947 2.119126e-02 2.915700e-14 1 
    0.467222 2.110999e-02 2.901100e-14 1 
    0.467497 2.125068e-02 2.917000e-14 1 
    0.467772 2.042598e-02 2.800500e-14 1 
    0.468047 1.817461e-02 2.488900e-14 1 
    0.468322 2.104209e-02 2.878200e-14 1 
    0.468597 2.093140e-02 2.859700e-14 1 
    0.468872 2.221713e-02 3.031800e-14 1 
    0.469147 2.054697e-02 2.800600e-14 1 
    0.469422 2.081052e-02 2.833200e-14 1 
    0.469697 2.028925e-02 2.759000e-14 1 
    0.469972 2.104558e-02 2.858500e-14 1 
    0.470247 2.179479e-02 2.956800e-14 1 
    0.470522 2.077533e-02 2.815200e-14 1 
    0.470797 2.280407e-02 3.086500e-14 1 
    0.471072 2.239430e-02 3.027500e-14 1 
    0.471347 2.183171e-02 2.948000e-14 1 
    0.471622 2.151465e-02 2.901800e-14 1 
    0.471897 2.188343e-02 2.948100e-14 1 
    0.472172 2.108553e-02 2.837300e-14 1 
    0.472447 2.309142e-02 3.103600e-14 1 
    0.472722 2.166877e-02 2.909000e-14 1 
    0.472997 2.217126e-02 2.973000e-14 1 
    0.473272 2.047534e-02 2.742400e-14 1 
    0.473547 2.161589e-02 2.891800e-14 1 
    0.473822 2.163577e-02 2.891100e-14 1 
    0.474097 2.026583e-02 2.704900e-14 1 
    0.474372 1.994205e-02 2.658600e-14 1 
    0.474647 2.092492e-02 2.786400e-14 1 
    0.474922 2.271824e-02 3.021700e-14 1 
    0.475197 2.096817e-02 2.785700e-14 1 
    0.475472 2.137903e-02 2.837000e-14 1 
    0.475747 2.096166e-02 2.778400e-14 1 
    0.476022 2.185075e-02 2.892900e-14 1 
    0.476297 2.204614e-02 2.915400e-14 1 
    0.476572 2.294754e-02 3.031100e-14 1 
    0.476847 2.289596e-02 3.020800e-14 1 
    0.477122 2.390581e-02 3.150400e-14 1 
    0.477397 2.221419e-02 2.924100e-14 1 
    0.477672 2.176443e-02 2.861600e-14 1 
    0.477947 1.983411e-02 2.604800e-14 1 
    0.478222 2.322868e-02 3.047100e-14 1 
    0.478497 2.035983e-02 2.667700e-14 1 
    0.478772 2.145753e-02 2.808300e-14 1 
    0.479047 2.135980e-02 2.792300e-14 1 
    0.479322 2.146627e-02 2.803000e-14 1 
    0.479597 2.147251e-02 2.800600e-14 1 
    0.479872 2.140349e-02 2.788400e-14 1 
    0.480147 2.168009e-02 2.821200e-14 1 
    0.480422 2.197728e-02 2.856600e-14 1 
    0.480697 2.369465e-02 3.076300e-14 1 
    0.480972 2.076301e-02 2.692600e-14 1 
    0.481247 2.162592e-02 2.801300e-14 1 
    0.481522 2.167537e-02 2.804500e-14 1 
    0.481797 2.144170e-02 2.771100e-14 1 
    0.482072 2.196970e-02 2.836100e-14 1 
    0.482347 2.152248e-02 2.775200e-14 1 
    0.482622 2.384366e-02 3.071000e-14 1 
    0.482897 2.314017e-02 2.977000e-14 1 
    0.483172 2.315642e-02 2.975700e-14 1 
    0.483447 2.420960e-02 3.107500e-14 1 
    0.483722 2.249941e-02 2.884700e-14 1 
    0.483997 2.240865e-02 2.869800e-14 1 
    0.484272 2.263268e-02 2.895200e-14 1 
    0.484547 2.049210e-02 2.618400e-14 1 
    0.484822 2.321691e-02 2.963200e-14 1 
    0.485097 2.361427e-02 3.010500e-14 1 
    0.485372 2.405804e-02 3.063600e-14 1 
    0.485647 2.307350e-02 2.934900e-14 1 
    0.485922 2.479734e-02 3.150600e-14 1 
    0.486197 2.413438e-02 3.062900e-14 1 
    0.486472 2.241044e-02 2.840900e-14 1 
    0.486747 2.196273e-02 2.781000e-14 1 
    0.487022 2.242557e-02 2.836400e-14 1 
    0.487297 2.219682e-02 2.804300e-14 1 
    0.487572 2.427742e-02 3.063700e-14 1 
    0.487847 2.145046e-02 2.703900e-14 1 
    0.488122 2.175819e-02 2.739600e-14 1 
    0.488397 2.121341e-02 2.668000e-14 1 
    0.488672 2.206834e-02 2.772400e-14 1 
    0.488947 2.421133e-02 3.038200e-14 1 
    0.489222 2.280973e-02 2.859100e-14 1 
    0.489497 2.029075e-02 2.540500e-14 1 
    0.489772 2.283066e-02 2.855300e-14 1 
    0.490047 2.195816e-02 2.743100e-14 1 
    0.490322 2.371861e-02 2.959700e-14 1 
    0.490597 2.011167e-02 2.506800e-14 1 
    0.490872 2.233656e-02 2.781000e-14 1 
    0.491147 2.355888e-02 2.929900e-14 1 
    0.491422 2.338482e-02 2.905000e-14 1 
    0.491697 2.129716e-02 2.642700e-14 1 
    0.491972 2.060699e-02 2.554200e-14 1 
    0.492247 2.327441e-02 2.881600e-14 1 
    0.492522 2.380983e-02 2.944600e-14 1 
    0.492797 2.297189e-02 2.837800e-14 1 
    0.493072 2.099422e-02 2.590600e-14 1 
    0.493347 2.270435e-02 2.798500e-14 1 
    0.493622 2.264358e-02 2.787900e-14 1 
    0.493897 2.286640e-02 2.812200e-14 1 
    0.494172 2.405347e-02 2.954900e-14 1 
    0.494447 2.358233e-02 2.893800e-14 1 
    0.494722 2.119615e-02 2.598100e-14 1 
    0.494997 2.269476e-02 2.778700e-14 1 
    0.495272 2.327435e-02 2.846500e-14 1 
    0.495547 2.134958e-02 2.608200e-14 1 
    0.495822 2.237713e-02 2.730700e-14 1 
    0.496097 2.325433e-02 2.834600e-14 1 
    0.496372 2.366776e-02 2.881800e-14 1 
    0.496647 2.712090e-02 3.298600e-14 1 
    0.496922 3.293078e-02 4.000800e-14 1 
    0.497197 3.756855e-02 4.559200e-14 1 
    0.497472 3.834678e-02 4.648500e-14 1 
    0.497747 3.178824e-02 3.849200e-14 1 
    0.498022 2.920505e-02 3.532500e-14 1 
    0.498297 2.253239e-02 2.722400e-14 1 
    0.498572 1.848480e-02 2.230900e-14 1 
    0.498847 2.026787e-02 2.443400e-14 1 
    0.499122 2.098943e-02 2.527600e-14 1 
    0.499397 2.190540e-02 2.635000e-14 1 
    0.499672 2.061876e-02 2.477500e-14 1 
    0.499947 2.094389e-02 2.513800e-14 1 
    0.500222 2.125553e-02 2.548400e-14 1 
    0.500497 2.186090e-02 2.618100e-14 1 
    0.500772 2.281195e-02 2.729000e-14 1 
    0.501047 2.290814e-02 2.737500e-14 1 
    0.501322 2.362360e-02 2.819900e-14 1 
    0.501597 2.096831e-02 2.500200e-14 1 
    0.501872 2.139011e-02 2.547700e-14 1 
    0.502147 2.287268e-02 2.721300e-14 1 
    0.502422 2.107941e-02 2.505200e-14 1 
    0.502697 2.288574e-02 2.716900e-14 1 
    0.502972 2.205487e-02 2.615400e-14 1 
    0.503247 2.347276e-02 2.780500e-14 1 
    0.503522 2.252146e-02 2.664900e-14 1 
    0.503797 2.196061e-02 2.595700e-14 1 
    0.504072 2.279852e-02 2.691800e-14 1 
    0.504347 2.380611e-02 2.807700e-14 1 
    0.504622 2.318783e-02 2.731800e-14 1 
    0.504897 2.167338e-02 2.550600e-14 1 
    0.505172 2.379218e-02 2.796900e-14 1 
    0.505447 2.411870e-02 2.832200e-14 1 
    0.505722 2.307419e-02 2.706600e-14 1 
    0.505997 2.389044e-02 2.799300e-14 1 
    0.506272 2.280658e-02 2.669400e-14 1 
    0.506547 2.431702e-02 2.843100e-14 1 
    0.506822 2.814766e-02 3.287400e-14 1 
    0.507097 2.902251e-02 3.385900e-14 1 
    0.507372 2.975677e-02 3.467800e-14 1 
    0.507647 2.944199e-02 3.427400e-14 1 
    0.507922 2.688545e-02 3.126400e-14 1 
    0.508197 2.355800e-02 2.736500e-14 1 
    0.508472 2.336374e-02 2.711000e-14 1 
    0.508747 2.441569e-02 2.830000e-14 1 
    0.509022 2.362332e-02 2.735200e-14 1 
    0.509297 2.531928e-02 2.928400e-14 1 
    0.509572 2.227654e-02 2.573700e-14 1 
    0.509847 2.305703e-02 2.661000e-14 1 
    0.510122 2.388774e-02 2.753900e-14 1 
    0.510397 2.292879e-02 2.640500e-14 1 
    0.510672 2.285528e-02 2.629200e-14 1 
    0.510947 2.156412e-02 2.478000e-14 1 
    0.511222 2.425396e-02 2.784100e-14 1 
    0.511497 2.783386e-02 3.191600e-14 1 
    0.511772 3.403179e-02 3.898100e-14 1 
    0.512047 3.853438e-02 4.409100e-14 1 
    0.512322 3.758276e-02 4.295600e-14 1 
    0.512597 3.726489e-02 4.254700e-14 1 
    0.512872 2.950932e-02 3.365600e-14 1 
    0.513147 2.556309e-02 2.912400e-14 1 
    0.513422 2.342281e-02 2.665700e-14 1 
    0.513697 2.137290e-02 2.429800e-14 1 
    0.513972 2.225081e-02 2.526900e-14 1 
    0.514247 2.397239e-02 2.719500e-14 1 
    0.514522 2.382596e-02 2.700000e-14 1 
    0.514797 2.187442e-02 2.476200e-14 1 
    0.515072 2.421474e-02 2.738200e-14 1 
    0.515347 2.297466e-02 2.595200e-14 1 
    0.515622 2.278649e-02 2.571200e-14 1 
    0.515897 2.352320e-02 2.651500e-14 1 
    0.516172 2.345326e-02 2.640800e-14 1 
    0.516447 2.355116e-02 2.649000e-14 1 
    0.516722 2.359049e-02 2.650600e-14 1 
    0.516997 2.335366e-02 2.621200e-14 1 
    0.517272 2.269799e-02 2.544900e-14 1 
    0.517547 2.549354e-02 2.855300e-14 1 
    0.517822 2.422463e-02 2.710300e-14 1 
    0.518097 2.352562e-02 2.629300e-14 1 
    0.518372 2.321650e-02 2.592000e-14 1 
    0.518647 2.329943e-02 2.598500e-14 1 
    0.518922 2.391297e-02 2.664100e-14 1 
    0.519197 2.372177e-02 2.640000e-14 1 
    0.519472 2.175900e-02 2.419000e-14 1 
    0.519747 2.449512e-02 2.720300e-14 1 
    0.520022 2.505288e-02 2.779300e-14 1 
    0.520297 2.348491e-02 2.602600e-14 1 
    0.520572 2.384126e-02 2.639300e-14 1 
    0.520847 2.286904e-02 2.529000e-14 1 
    0.521122 2.356306e-02 2.603000e-14 1 
    0.521397 2.408906e-02 2.658300e-14 1 
    0.521672 2.262858e-02 2.494500e-14 1 
    0.521947 2.302295e-02 2.535300e-14 1 
    0.522222 2.397354e-02 2.637200e-14 1 
    0.522497 2.310335e-02 2.538800e-14 1 
    0.522772 2.363690e-02 2.594700e-14 1 
    0.523047 2.493574e-02 2.734400e-14 1 
    0.523322 2.687538e-02 2.944000e-14 1 
    0.523597 2.474695e-02 2.708000e-14 1 
    0.523872 2.441527e-02 2.668900e-14 1 
    0.524147 2.102601e-02 2.296000e-14 1 
    0.524422 2.385602e-02 2.602300e-14 1 
    0.524697 2.335154e-02 2.544600e-14 1 
    0.524972 2.496988e-02 2.718100e-14 1 
    0.525247 2.302164e-02 2.503400e-14 1 
    0.525522 2.390373e-02 2.596600e-14 1 
    0.525797 2.257777e-02 2.450000e-14 1 
    0.526072 2.331634e-02 2.527500e-14 1 
    0.526347 2.385694e-02 2.583400e-14 1 
    0.526622 2.420173e-02 2.618000e-14 1 
    0.526897 2.426403e-02 2.622000e-14 1 
    0.527172 2.377893e-02 2.566900e-14 1 
    0.527447 2.401240e-02 2.589400e-14 1 
    0.527722 2.342384e-02 2.523300e-14 1 
    0.527997 2.212684e-02 2.381100e-14 1 
    0.528272 2.275827e-02 2.446500e-14 1 
    0.528547 2.181537e-02 2.342700e-14 1 
    0.528822 2.134403e-02 2.289700e-14 1 
    0.529097 2.230125e-02 2.389900e-14 1 
    0.529372 2.053280e-02 2.198100e-14 1 
    0.529647 2.223916e-02 2.378300e-14 1 
    0.529922 2.294184e-02 2.450900e-14 1 
    0.530197 2.376026e-02 2.535700e-14 1 
    0.530472 2.212746e-02 2.359000e-14 1 
    0.530747 2.358423e-02 2.511700e-14 1 
    0.531022 2.384742e-02 2.537100e-14 1 
    0.531297 2.529009e-02 2.687800e-14 1 
    0.531572 2.446387e-02 2.597300e-14 1 
    0.531847 2.658141e-02 2.819200e-14 1 
    0.532122 2.755181e-02 2.919100e-14 1 
    0.532397 2.494613e-02 2.640300e-14 1 
    0.532672 2.358821e-02 2.494000e-14 1 
    0.532947 2.355955e-02 2.488400e-14 1 
    0.533222 2.470032e-02 2.606200e-14 1 
    0.533497 2.582159e-02 2.721700e-14 1 
    0.533772 2.508275e-02 2.641100e-14 1 
    0.534047 2.341258e-02 2.462700e-14 1 
    0.534322 2.504977e-02 2.632200e-14 1 
    0.534597 2.617587e-02 2.747700e-14 1 
    0.534872 2.311592e-02 2.424000e-14 1 
    0.535147 2.304519e-02 2.414100e-14 1 
    0.535422 2.385150e-02 2.496000e-14 1 
    0.535697 2.588672e-02 2.706200e-14 1 
    0.535972 2.641890e-02 2.759000e-14 1 
    0.536247 2.550761e-02 2.661100e-14 1 
    0.536522 2.381240e-02 2.481700e-14 1 
    0.536797 2.454279e-02 2.555200e-14 1 
    0.537072 2.389105e-02 2.484800e-14 1 
    0.537347 2.319752e-02 2.410200e-14 1 
    0.537622 2.550370e-02 2.647100e-14 1 
    0.537897 2.675657e-02 2.774300e-14 1 
    0.538172 2.552695e-02 2.644100e-14 1 
    0.538447 2.498672e-02 2.585500e-14 1 
    0.538722 2.416964e-02 2.498400e-14 1 
    0.538997 2.283179e-02 2.357700e-14 1 
    0.539272 2.517192e-02 2.596700e-14 1 
    0.539547 2.607578e-02 2.687200e-14 1 
    0.539822 2.429953e-02 2.501600e-14 1 
    0.540097 2.633803e-02 2.708700e-14 1 
    0.540372 2.477539e-02 2.545400e-14 1 
    0.540647 2.493410e-02 2.559100e-14 1 
    0.540922 2.413630e-02 2.474700e-14 1 
    0.541197 2.607637e-02 2.670900e-14 1 
    0.541472 2.488809e-02 2.546600e-14 1 
    0.541747 2.461206e-02 2.515800e-14 1 
    0.542022 2.490734e-02 2.543400e-14 1 
    0.542297 2.344160e-02 2.391300e-14 1 
    0.542572 2.653777e-02 2.704400e-14 1 
    0.542847 2.526120e-02 2.571700e-14 1 
    0.543122 2.481975e-02 2.524200e-14 1 
    0.543397 2.549647e-02 2.590400e-14 1 
    0.543672 2.724157e-02 2.764900e-14 1 
    0.543947 2.599291e-02 2.635500e-14 1 
    0.544222 2.591850e-02 2.625300e-14 1 
    0.544497 2.550789e-02 2.581100e-14 1 
    0.544772 2.488570e-02 2.515600e-14 1 
    0.545047 2.614172e-02 2.639900e-14 1 
    0.545322 2.475854e-02 2.497700e-14 1 
    0.545597 2.480436e-02 2.499800e-14 1 
    0.545872 2.503597e-02 2.520600e-14 1 
    0.546147 2.693835e-02 2.709400e-14 1 
    0.546422 2.580502e-02 2.592800e-14 1 
    0.546697 2.408555e-02 2.417600e-14 1 
    0.546972 2.444188e-02 2.450900e-14 1 
    0.547247 2.722267e-02 2.727000e-14 1 
    0.547522 2.521752e-02 2.523600e-14 1 
    0.547797 2.511783e-02 2.511100e-14 1 
    0.548072 2.714060e-02 2.710600e-14 1 
    0.548347 2.746753e-02 2.740500e-14 1 
    0.548622 2.734359e-02 2.725400e-14 1 
    0.548897 2.795249e-02 2.783300e-14 1 
    0.549172 2.592969e-02 2.579300e-14 1 
    0.549447 2.483364e-02 2.467800e-14 1 
    0.549722 2.432966e-02 2.415300e-14 1 
    0.549997 2.600867e-02 2.579400e-14 1 
    0.550272 2.537357e-02 2.513900e-14 1 
    0.550547 2.776616e-02 2.748200e-14 1 
    0.550822 2.731858e-02 2.701200e-14 1 
    0.551097 2.831975e-02 2.797400e-14 1 
    0.551372 2.649153e-02 2.614200e-14 1 
    0.551647 2.636073e-02 2.598700e-14 1 
    0.551922 2.685918e-02 2.645200e-14 1 
    0.552197 2.541419e-02 2.500400e-14 1 
    0.552472 2.442922e-02 2.401100e-14 1 
    0.552747 2.679797e-02 2.631300e-14 1 
    0.553022 2.602438e-02 2.552800e-14 1 
    0.553297 2.627171e-02 2.574500e-14 1 
    0.553572 2.589026e-02 2.534600e-14 1 
    0.553847 2.720944e-02 2.661100e-14 1 
    0.554122 2.703893e-02 2.641800e-14 1 
    0.554397 2.614473e-02 2.551900e-14 1 
    0.554672 2.684138e-02 2.617300e-14 1 
    0.554947 2.556633e-02 2.490500e-14 1 
    0.555222 2.592563e-02 2.523000e-14 1 
    0.555497 2.682665e-02 2.608100e-14 1 
    0.555772 2.717137e-02 2.639000e-14 1 
    0.556047 2.687980e-02 2.608100e-14 1 
    0.556322 2.571793e-02 2.492900e-14 1 
    0.556597 2.478299e-02 2.399900e-14 1 
    0.556872 2.489328e-02 2.408200e-14 1 
    0.557147 2.646683e-02 2.557900e-14 1 
    0.557422 2.599271e-02 2.509600e-14 1 
    0.557697 2.840600e-02 2.739900e-14 1 
    0.557972 2.613327e-02 2.518200e-14 1 
    0.558247 2.648522e-02 2.549600e-14 1 
    0.558522 2.709466e-02 2.605700e-14 1 
    0.558797 2.598891e-02 2.496900e-14 1 
    0.559072 2.732413e-02 2.622600e-14 1 
    0.559347 2.524228e-02 2.420400e-14 1 
    0.559622 2.682673e-02 2.569800e-14 1 
    0.559897 2.535360e-02 2.426300e-14 1 
    0.560172 2.689203e-02 2.571000e-14 1 
    0.560447 2.453756e-02 2.343600e-14 1 
    0.560722 2.719011e-02 2.594400e-14 1 
    0.560997 2.684542e-02 2.559000e-14 1 
    0.561272 2.497633e-02 2.378500e-14 1 
    0.561547 2.629159e-02 2.501300e-14 1 
    0.561822 2.792607e-02 2.654200e-14 1 
    0.562097 2.697186e-02 2.561000e-14 1 
    0.562372 2.922791e-02 2.772500e-14 1 
    0.562647 2.862758e-02 2.712900e-14 1 
    0.562922 2.951748e-02 2.794500e-14 1 
    0.563197 2.721286e-02 2.573800e-14 1 
    0.563472 2.772628e-02 2.619800e-14 1 
    0.563747 2.674271e-02 2.524400e-14 1 
    0.564022 2.665959e-02 2.514100e-14 1 
    0.564297 2.807183e-02 2.644700e-14 1 
    0.564572 2.837119e-02 2.670300e-14 1 
    0.564847 2.662703e-02 2.503700e-14 1 
    0.565122 2.767599e-02 2.599800e-14 1 
    0.565397 2.847867e-02 2.672600e-14 1 
    0.565672 2.595077e-02 2.433000e-14 1 
    0.565947 2.609772e-02 2.444400e-14 1 
    0.566222 2.684232e-02 2.511700e-14 1 
    0.566497 2.952453e-02 2.760000e-14 1 
    0.566772 2.748020e-02 2.566400e-14 1 
    0.567047 2.768908e-02 2.583400e-14 1 
    0.567322 2.729861e-02 2.544500e-14 1 
    0.567597 2.854072e-02 2.657700e-14 1 
    0.567872 2.547796e-02 2.370200e-14 1 
    0.568147 2.615145e-02 2.430500e-14 1 
    0.568422 2.848374e-02 2.644700e-14 1 
    0.568697 2.889293e-02 2.680100e-14 1 
    0.568972 3.073593e-02 2.848300e-14 1 
    0.569247 2.854704e-02 2.642900e-14 1 
    0.569522 2.818756e-02 2.607100e-14 1 
    0.569797 2.773861e-02 2.563100e-14 1 
    0.570072 2.917256e-02 2.693000e-14 1 
    0.570347 2.847639e-02 2.626200e-14 1 
    0.570622 2.901289e-02 2.673100e-14 1 
    0.570897 2.849548e-02 2.622900e-14 1 
    0.571172 2.742570e-02 2.522000e-14 1 
    0.571447 2.592603e-02 2.381800e-14 1 
    0.571722 2.605667e-02 2.391500e-14 1 
    0.571997 2.728359e-02 2.501700e-14 1 
    0.572272 2.701945e-02 2.475100e-14 1 
    0.572547 2.819932e-02 2.580700e-14 1 
    0.572822 2.762047e-02 2.525300e-14 1 
    0.573097 2.801266e-02 2.558700e-14 1 
    0.573372 2.845159e-02 2.596300e-14 1 
    0.573647 2.745987e-02 2.503400e-14 1 
    0.573922 2.855122e-02 2.600400e-14 1 
    0.574197 2.873465e-02 2.614600e-14 1 
    0.574472 2.916040e-02 2.650800e-14 1 
    0.574747 2.471780e-02 2.244800e-14 1 
    0.575022 2.537190e-02 2.302000e-14 1 
    0.575297 2.828000e-02 2.563400e-14 1 
    0.575572 2.977462e-02 2.696300e-14 1 
    0.575847 2.813514e-02 2.545400e-14 1 
    0.576122 2.722933e-02 2.461100e-14 1 
    0.576397 2.772378e-02 2.503400e-14 1 
    0.576672 2.774359e-02 2.502800e-14 1 
    0.576947 2.679475e-02 2.414900e-14 1 
    0.577222 2.642159e-02 2.379000e-14 1 
    0.577497 2.541958e-02 2.286600e-14 1 
    0.577772 2.654096e-02 2.385200e-14 1 
    0.578047 2.665645e-02 2.393300e-14 1 
    0.578322 2.928277e-02 2.626600e-14 1 
    0.578597 2.986077e-02 2.675900e-14 1 
    0.578872 2.826396e-02 2.530400e-14 1 
    0.579147 2.853567e-02 2.552300e-14 1 
    0.579422 2.857845e-02 2.553700e-14 1 
    0.579697 2.781587e-02 2.483200e-14 1 
    0.579972 3.019684e-02 2.693200e-14 1 
    0.580247 3.060930e-02 2.727400e-14 1 
    0.580522 2.789622e-02 2.483300e-14 1 
    0.580797 3.014225e-02 2.680700e-14 1 
    0.581072 2.760808e-02 2.453000e-14 1 
    0.581347 2.951668e-02 2.620100e-14 1 
    0.581622 2.876318e-02 2.550800e-14 1 
    0.581897 2.807141e-02 2.487100e-14 1 
    0.582172 2.891476e-02 2.559400e-14 1 
    0.582447 2.805779e-02 2.481200e-14 1 
    0.582722 2.849742e-02 2.517700e-14 1 
    0.582997 2.793179e-02 2.465400e-14 1 
    0.583272 2.810784e-02 2.478600e-14 1 
    0.583547 2.712412e-02 2.389600e-14 1 
    0.583822 2.967651e-02 2.612000e-14 1 
    0.584097 2.890273e-02 2.541500e-14 1 
    0.584372 2.638926e-02 2.318300e-14 1 
    0.584647 2.666818e-02 2.340600e-14 1 
    0.584922 2.756914e-02 2.417400e-14 1 
    0.585197 3.098424e-02 2.714300e-14 1 
    0.585472 3.036437e-02 2.657500e-14 1 
    0.585747 3.161434e-02 2.764300e-14 1 
    0.586022 2.944041e-02 2.571800e-14 1 
    0.586297 2.929961e-02 2.557100e-14 1 
    0.586572 2.927205e-02 2.552300e-14 1 
    0.586847 2.913420e-02 2.537900e-14 1 
    0.587122 3.031630e-02 2.638400e-14 1 
    0.587397 2.650101e-02 2.304200e-14 1 
    0.587672 2.828946e-02 2.457400e-14 1 
    0.587947 3.005702e-02 2.608500e-14 1 
    0.588222 2.884760e-02 2.501200e-14 1 
    0.588497 2.909161e-02 2.520000e-14 1 
    0.588772 2.764323e-02 2.392300e-14 1 
    0.589047 2.879441e-02 2.489600e-14 1 
    0.589322 2.697714e-02 2.330300e-14 1 
    0.589597 3.009502e-02 2.597200e-14 1 
    0.589872 2.856429e-02 2.462800e-14 1 
    0.590147 3.044955e-02 2.622900e-14 1 
    0.590422 2.748697e-02 2.365500e-14 1 
    0.590697 3.199624e-02 2.751000e-14 1 
    0.590972 2.734960e-02 2.349300e-14 1 
    0.591247 3.016816e-02 2.589000e-14 1 
    0.591522 2.846889e-02 2.440900e-14 1 
    0.591797 2.892848e-02 2.478000e-14 1 
    0.592072 2.813392e-02 2.407700e-14 1 
    0.592347 2.756006e-02 2.356400e-14 1 
    0.592622 2.693594e-02 2.300900e-14 1 
    0.592897 2.727848e-02 2.328000e-14 1 
    0.593172 3.564037e-02 3.038800e-14 1 
    0.593447 2.987420e-02 2.544800e-14 1 
    0.593722 2.945774e-02 2.507000e-14 1 
    0.593997 3.008014e-02 2.557600e-14 1 
    0.594272 2.795255e-02 2.374500e-14 1 
    0.594547 2.854754e-02 2.422800e-14 1 
    0.594822 3.226895e-02 2.736100e-14 1 
    0.595097 3.084209e-02 2.612700e-14 1 
    0.595372 2.985683e-02 2.526900e-14 1 
    0.595647 2.968336e-02 2.509900e-14 1 
    0.595922 2.371038e-02 2.003000e-14 1 
    0.596197 3.019792e-02 2.548700e-14 1 
    0.596472 3.012736e-02 2.540400e-14 1 
    0.596747 2.888146e-02 2.433100e-14 1 
    0.597022 2.999878e-02 2.524900e-14 1 
    0.597297 3.055562e-02 2.569400e-14 1 
    0.597572 2.984459e-02 2.507300e-14 1 
    0.597847 3.231325e-02 2.712200e-14 1 
    0.598122 2.930807e-02 2.457700e-14 1 
    0.598397 2.940664e-02 2.463700e-14 1 
    0.598672 2.907885e-02 2.434000e-14 1 
    0.598947 2.774715e-02 2.320400e-14 1 
    0.599222 2.819873e-02 2.356000e-14 1 
    0.599497 2.977482e-02 2.485400e-14 1 
    0.599772 2.742195e-02 2.286900e-14 1 
    0.600047 2.762833e-02 2.302000e-14 1 
    0.600322 3.183534e-02 2.650100e-14 1 
    0.600597 3.228896e-02 2.685400e-14 1 
    0.600872 3.291667e-02 2.735100e-14 1 
    0.601147 3.521746e-02 2.923600e-14 1 
    0.601422 3.345924e-02 2.775100e-14 1 
    0.601697 3.230115e-02 2.676600e-14 1 
    0.601972 3.070364e-02 2.541900e-14 1 
    0.602247 2.830522e-02 2.341200e-14 1 
    0.602522 2.726739e-02 2.253300e-14 1 
    0.602797 2.641295e-02 2.180700e-14 1 
    0.603072 2.702624e-02 2.229300e-14 1 
    0.603347 2.598065e-02 2.141100e-14 1 
    0.603622 2.849535e-02 2.346200e-14 1 
    0.603897 2.913400e-02 2.396600e-14 1 
    0.604172 3.273047e-02 2.690000e-14 1 
    0.604447 3.066069e-02 2.517600e-14 1 
    0.604722 2.998404e-02 2.459800e-14 1 
    0.604997 2.966481e-02 2.431400e-14 1 
    0.605272 2.869286e-02 2.349600e-14 1 
    0.605547 2.962833e-02 2.424000e-14 1 
    0.605822 3.114657e-02 2.545900e-14 1 
    0.606097 2.925359e-02 2.389000e-14 1 
    0.606372 2.675291e-02 2.182800e-14 1 
    0.606647 2.597122e-02 2.117100e-14 1 
    0.606922 2.822331e-02 2.298600e-14 1 
    0.607197 3.113818e-02 2.533700e-14 1 
    0.607472 2.937540e-02 2.388100e-14 1 
    0.607747 2.888368e-02 2.346000e-14 1 
    0.608022 2.907372e-02 2.359300e-14 1 
    0.608297 2.956872e-02 2.397300e-14 1 
    0.608572 2.936954e-02 2.379000e-14 1 
    0.608847 2.834208e-02 2.293700e-14 1 
    0.609122 2.928413e-02 2.367800e-14 1 
    0.609397 2.912861e-02 2.353100e-14 1 
    0.609672 3.027125e-02 2.443200e-14 1 
    0.609947 3.251589e-02 2.622000e-14 1 
    0.610222 3.217657e-02 2.592300e-14 1 
    0.610497 3.362062e-02 2.706200e-14 1 
    0.610772 3.311374e-02 2.663000e-14 1 
    0.611047 2.979436e-02 2.393900e-14 1 
    0.611322 2.918960e-02 2.343200e-14 1 
    0.611597 3.049762e-02 2.446000e-14 1 
    0.611872 3.142857e-02 2.518400e-14 1 
    0.612147 3.184030e-02 2.549100e-14 1 
    0.612422 3.189766e-02 2.551400e-14 1 
    0.612697 2.798714e-02 2.236600e-14 1 
    0.612972 2.795466e-02 2.232000e-14 1 
    0.613247 3.223689e-02 2.571600e-14 1 
    0.613522 3.195589e-02 2.546900e-14 1 
    0.613797 3.167436e-02 2.522200e-14 1 
    0.614072 3.066954e-02 2.440000e-14 1 
    0.614347 3.018372e-02 2.399200e-14 1 
    0.614622 3.174445e-02 2.521000e-14 1 
    0.614897 2.861574e-02 2.270500e-14 1 
    0.615172 3.046667e-02 2.415200e-14 1 
    0.615447 3.062522e-02 2.425600e-14 1 
    0.615722 2.861802e-02 2.264600e-14 1 
    0.615997 3.170830e-02 2.506900e-14 1 
    0.616272 3.019467e-02 2.385100e-14 1 
    0.616547 2.614916e-02 2.063700e-14 1 
    0.616822 3.040331e-02 2.397300e-14 1 
    0.617097 3.334234e-02 2.626700e-14 1 
    0.617372 3.266821e-02 2.571300e-14 1 
    0.617647 3.071359e-02 2.415300e-14 1 
    0.617922 3.049403e-02 2.395900e-14 1 
    0.618197 3.024984e-02 2.374600e-14 1 
    0.618472 3.064141e-02 2.403200e-14 1 
    0.618747 3.168321e-02 2.482700e-14 1 
    0.619022 3.279964e-02 2.567900e-14 1 
    0.619297 3.402412e-02 2.661400e-14 1 
    0.619572 2.917536e-02 2.280100e-14 1 
    0.619847 2.870435e-02 2.241300e-14 1 
    0.620122 3.285350e-02 2.563000e-14 1 
    0.620397 3.341636e-02 2.604600e-14 1 
    0.620672 3.107937e-02 2.420300e-14 1 
    0.620947 3.024838e-02 2.353500e-14 1 
    0.621222 3.137890e-02 2.439300e-14 1 
    0.621497 3.362509e-02 2.611600e-14 1 
    0.621772 3.134556e-02 2.432400e-14 1 
    0.622047 3.309906e-02 2.566200e-14 1 
    0.622322 2.949173e-02 2.284500e-14 1 
    0.622597 3.058248e-02 2.366900e-14 1 
    0.622872 2.968355e-02 2.295300e-14 1 
    0.623147 3.228945e-02 2.494600e-14 1 
    0.623422 3.476519e-02 2.683500e-14 1 
    0.623697 3.519524e-02 2.714300e-14 1 
    0.623972 3.196361e-02 2.462900e-14 1 
    0.624247 2.705838e-02 2.083100e-14 1 
    0.624522 3.340458e-02 2.569400e-14 1 
    0.624797 3.034356e-02 2.331900e-14 1 
    0.625072 2.985975e-02 2.292700e-14 1 
    0.625347 3.111916e-02 2.387300e-14 1 
    0.625622 2.880464e-02 2.207800e-14 1 
    0.625897 3.455340e-02 2.646100e-14 1 
    0.626172 2.938333e-02 2.248200e-14 1 
    0.626447 2.672096e-02 2.042700e-14 1 
    0.626722 3.013543e-02 2.301700e-14 1 
    0.626997 2.998891e-02 2.288500e-14 1 
    0.627272 3.151827e-02 2.403100e-14 1 
    0.627547 3.216946e-02 2.450600e-14 1 
    0.627822 3.442072e-02 2.619800e-14 1 
    0.628097 3.238762e-02 2.462900e-14 1 
    0.628372 3.263315e-02 2.479400e-14 1 
    0.628647 3.214533e-02 2.440200e-14 1 
    0.628922 3.094596e-02 2.347100e-14 1 
    0.629197 3.258298e-02 2.469100e-14 1 
    0.629472 3.124313e-02 2.365500e-14 1 
    0.629747 3.233856e-02 2.446300e-14 1 
    0.630022 3.101990e-02 2.344500e-14 1 
    0.630297 2.851370e-02 2.153200e-14 1 
    0.630572 3.297074e-02 2.487600e-14 1 
    0.630847 3.107997e-02 2.342900e-14 1 
    0.631122 3.046579e-02 2.294600e-14 1 
    0.631397 3.248034e-02 2.444200e-14 1 
    0.631672 2.984325e-02 2.243800e-14 1 
    0.631947 3.197385e-02 2.401900e-14 1 
    0.632222 3.193907e-02 2.397200e-14 1 
    0.632497 2.916116e-02 2.186800e-14 1 
    0.632772 3.102303e-02 2.324400e-14 1 
    0.633047 3.367089e-02 2.520600e-14 1 
    0.633322 3.232573e-02 2.417800e-14 1 
    0.633597 2.992105e-02 2.236000e-14 1 
    0.633872 3.287476e-02 2.454600e-14 1 
    0.634147 3.115398e-02 2.324100e-14 1 
    0.634422 3.046188e-02 2.270500e-14 1 
    0.634697 3.149405e-02 2.345400e-14 1 
    0.634972 3.068541e-02 2.283200e-14 1 
    0.635247 2.963992e-02 2.203500e-14 1 
    0.635522 3.153963e-02 2.342700e-14 1 
    0.635797 3.084200e-02 2.288900e-14 1 
    0.636072 3.108851e-02 2.305200e-14 1 
    0.636347 2.917980e-02 2.161800e-14 1 
    0.636622 3.260403e-02 2.413400e-14 1 
    0.636897 3.045394e-02 2.252300e-14 1 
    0.637172 3.187684e-02 2.355500e-14 1 
    0.637447 3.145468e-02 2.322300e-14 1 
    0.637722 2.920843e-02 2.154600e-14 1 
    0.637997 3.014811e-02 2.222000e-14 1 
    0.638272 3.040496e-02 2.239000e-14 1 
    0.638547 2.824703e-02 2.078300e-14 1 
    0.638822 3.144225e-02 2.311400e-14 1 
    0.639097 3.166402e-02 2.325700e-14 1 
    0.639372 3.079737e-02 2.260100e-14 1 
    0.639647 3.024561e-02 2.217700e-14 1 
    0.639922 2.946627e-02 2.158700e-14 1 
    0.640197 2.672510e-02 1.956200e-14 1 
    0.640472 2.989160e-02 2.186100e-14 1 
    0.640747 3.131316e-02 2.288100e-14 1 
    0.641022 3.006349e-02 2.194900e-14 1 
    0.641297 3.211955e-02 2.343000e-14 1 
    0.641572 3.128820e-02 2.280400e-14 1 
    0.641847 3.225844e-02 2.349100e-14 1 
    0.642122 3.312172e-02 2.409900e-14 1 
    0.642397 3.114175e-02 2.263900e-14 1 
    0.642672 2.972282e-02 2.158900e-14 1 
    0.642947 2.851501e-02 2.069400e-14 1 
    0.643222 2.899452e-02 2.102400e-14 1 
    0.643497 2.952174e-02 2.138800e-14 1 
    0.643772 3.144098e-02 2.275900e-14 1 
    0.644047 3.229329e-02 2.335600e-14 1 
    0.644322 3.385970e-02 2.446800e-14 1 
    0.644597 3.743010e-02 2.702500e-14 1 
    0.644872 3.683549e-02 2.657300e-14 1 
    0.645147 3.323058e-02 2.395200e-14 1 
    0.645422 3.220500e-02 2.319300e-14 1 
    0.645697 3.292593e-02 2.369200e-14 1 
    0.645972 3.279959e-02 2.358100e-14 1 
    0.646247 3.075327e-02 2.209100e-14 1 
    0.646522 3.464028e-02 2.486200e-14 1 
    0.646797 3.150148e-02 2.259000e-14 1 
    0.647072 3.321285e-02 2.379700e-14 1 
    0.647347 3.536152e-02 2.531500e-14 1 
    0.647622 3.630031e-02 2.596500e-14 1 
    0.647897 3.253641e-02 2.325300e-14 1 
    0.648172 3.268308e-02 2.333800e-14 1 
    0.648447 2.903719e-02 2.071700e-14 1 
    0.648722 3.202454e-02 2.282900e-14 1 
    0.648997 2.734833e-02 1.947900e-14 1 
    0.649272 3.090273e-02 2.199200e-14 1 
    0.649547 3.093594e-02 2.199700e-14 1 
    0.649822 3.238660e-02 2.300900e-14 1 
    0.650097 3.439331e-02 2.441400e-14 1 
    0.650372 3.598041e-02 2.551900e-14 1 
    0.650647 3.415096e-02 2.420100e-14 1 
    0.650922 3.479561e-02 2.463700e-14 1 
    0.651197 3.306094e-02 2.338900e-14 1 
    0.651472 3.436353e-02 2.429000e-14 1 
    0.651747 3.349769e-02 2.365800e-14 1 
    0.652022 3.489489e-02 2.462400e-14 1 
    0.652297 3.438396e-02 2.424300e-14 1 
    0.652572 3.143626e-02 2.214600e-14 1 
    0.652847 2.830740e-02 1.992500e-14 1 
    0.653122 3.398186e-02 2.389900e-14 1 
    0.653397 4.081428e-02 2.868000e-14 1 
    0.653672 3.508739e-02 2.463500e-14 1 
    0.653947 2.997661e-02 2.102900e-14 1 
    0.654222 3.176236e-02 2.226300e-14 1 
    0.654497 3.765197e-02 2.636900e-14 1 
    0.654772 3.383366e-02 2.367500e-14 1 
    0.655047 2.922366e-02 2.043200e-14 1 
    0.655322 3.428561e-02 2.395100e-14 1 
    0.655597 3.719840e-02 2.596400e-14 1 
    0.655872 2.920555e-02 2.036800e-14 1 
    0.656147 3.157212e-02 2.200000e-14 1 
    0.656422 3.431463e-02 2.389100e-14 1 
    0.656697 3.145545e-02 2.188200e-14 1 
    0.656972 3.391753e-02 2.357500e-14 1 
    0.657247 3.262985e-02 2.266100e-14 1 
    0.657522 3.460411e-02 2.401200e-14 1 
    0.657797 3.562682e-02 2.470100e-14 1 
    0.658072 3.332099e-02 2.308300e-14 1 
    0.658347 3.285474e-02 2.274100e-14 1 
    0.658622 3.190184e-02 2.206300e-14 1 
    0.658897 3.078235e-02 2.127100e-14 1 
    0.659172 3.191170e-02 2.203300e-14 1 
    0.659447 3.091928e-02 2.133000e-14 1 
    0.659722 3.273099e-02 2.256100e-14 1 
    0.659997 3.452244e-02 2.377600e-14 1 
    0.660272 3.159396e-02 2.174100e-14 1 
    0.660547 3.154611e-02 2.169000e-14 1 
    0.660822 3.401054e-02 2.336500e-14 1 
    0.661097 3.183321e-02 2.185100e-14 1 
    0.661372 3.340960e-02 2.291400e-14 1 
    0.661647 3.391603e-02 2.324200e-14 1 
    0.661922 3.112260e-02 2.131000e-14 1 
    0.662197 3.288787e-02 2.250000e-14 1 
    0.662472 3.326775e-02 2.274100e-14 1 
    0.662747 3.448862e-02 2.355600e-14 1 
    0.663022 3.200714e-02 2.184300e-14 1 
    0.663297 3.425112e-02 2.335500e-14 1 
    0.663572 3.282644e-02 2.236500e-14 1 
    0.663847 3.357639e-02 2.285700e-14 1 
    0.664122 3.200905e-02 2.177200e-14 1 
    0.664397 2.765076e-02 1.879200e-14 1 
    0.664672 3.009319e-02 2.043500e-14 1 
    0.664947 3.062510e-02 2.077900e-14 1 
    0.665222 2.928304e-02 1.985200e-14 1 
    0.665497 3.404024e-02 2.305800e-14 1 
    0.665772 2.820858e-02 1.909200e-14 1 
    0.666047 3.134314e-02 2.119600e-14 1 
    0.666322 3.460420e-02 2.338200e-14 1 
    0.666597 2.952864e-02 1.993600e-14 1 
    0.666872 3.581316e-02 2.415900e-14 1 
    0.667147 3.178798e-02 2.142600e-14 1 
    0.667422 3.575199e-02 2.407800e-14 1 
    0.667697 3.563137e-02 2.397700e-14 1 
    0.667972 3.280513e-02 2.205700e-14 1 
    0.668247 3.627359e-02 2.436900e-14 1 
    0.668522 3.373067e-02 2.264200e-14 1 
    0.668797 3.301146e-02 2.214100e-14 1 
    0.669072 3.575290e-02 2.396000e-14 1 
    0.669347 4.455613e-02 2.983500e-14 1 
    0.669622 4.845940e-02 3.242200e-14 1 
    0.669897 5.027182e-02 3.360700e-14 1 
    0.670172 4.679941e-02 3.126000e-14 1 
    0.670447 6.035725e-02 4.028300e-14 1 
    0.670722 9.281977e-02 6.189800e-14 1 
    0.670997 1.466782e-01 9.773400e-14 1 
    0.671272 1.732731e-01 1.153600e-13 1 
    0.671547 1.667106e-01 1.109000e-13 1 
    0.671822 1.380995e-01 9.179200e-14 1 
    0.672097 9.698459e-02 6.441100e-14 1 
    0.672372 6.332342e-02 4.202100e-14 1 
    0.672647 5.063564e-02 3.357400e-14 1 
    0.672922 6.074182e-02 4.024200e-14 1 
    0.673197 7.507767e-02 4.969900e-14 1 
    0.673472 8.094162e-02 5.353700e-14 1 
    0.673747 7.614458e-02 5.032300e-14 1 
    0.674022 6.582435e-02 4.346700e-14 1 
    0.674297 5.277278e-02 3.482000e-14 1 
    0.674572 4.016703e-02 2.648100e-14 1 
    0.674847 3.395904e-02 2.237000e-14 1 
    0.675122 3.235196e-02 2.129400e-14 1 
    0.675397 3.398553e-02 2.235100e-14 1 
    0.675672 3.520932e-02 2.313700e-14 1 
    0.675947 3.095375e-02 2.032400e-14 1 
    0.676222 3.107040e-02 2.038400e-14 1 
    0.676497 3.207199e-02 2.102400e-14 1 
    0.676772 3.396069e-02 2.224400e-14 1 
    0.677047 3.755917e-02 2.458100e-14 1 
    0.677322 3.480039e-02 2.275700e-14 1 
    0.677597 3.102393e-02 2.027100e-14 1 
    0.677872 3.217798e-02 2.100800e-14 1 
    0.678147 3.437169e-02 2.242200e-14 1 
    0.678422 3.324893e-02 2.167200e-14 1 
    0.678697 3.319911e-02 2.162200e-14 1 
    0.678972 3.471199e-02 2.258900e-14 1 
    0.679247 3.812816e-02 2.479200e-14 1 
    0.679522 3.626740e-02 2.356300e-14 1 
    0.679797 3.281234e-02 2.130100e-14 1 
    0.680072 3.069291e-02 1.990900e-14 1 
    0.680347 3.255842e-02 2.110200e-14 1 
    0.680622 3.481760e-02 2.254800e-14 1 
    0.680897 3.541599e-02 2.291700e-14 1 
    0.681172 3.634630e-02 2.350000e-14 1 
    0.681447 3.366528e-02 2.174900e-14 1 
    0.681722 3.216654e-02 2.076400e-14 1 
    0.681997 3.131032e-02 2.019500e-14 1 
    0.682272 2.984600e-02 1.923500e-14 1 
    0.682547 2.767581e-02 1.782200e-14 1 
    0.682822 3.695621e-02 2.377900e-14 1 
    0.683912 3.446744e-02 2.210700e-14 0 
    0.685488 3.446201e-02 2.200200e-14 0 
    0.687068 3.501759e-02 2.225400e-14 0 
    0.688652 3.501325e-02 2.214900e-14 0 
    0.690240 3.476837e-02 2.189300e-14 0 
    0.691831 3.557339e-02 2.229700e-14 0 
    0.693426 3.564944e-02 2.224200e-14 0 
    0.695024 3.564488e-02 2.213700e-14 0 
    0.696626 3.564115e-02 2.203300e-14 0 
    0.698233 3.588216e-02 2.208000e-14 0 
    0.699842 3.620935e-02 2.217900e-14 0 
    0.701455 3.570728e-02 2.177100e-14 0 
    0.703072 3.578477e-02 2.171800e-14 0 
    0.704693 3.512728e-02 2.122100e-14 0 
    0.706318 3.594135e-02 2.161300e-14 0 
    0.707946 3.610221e-02 2.161000e-14 0 
    0.709578 3.693850e-02 2.200900e-14 0 
    0.711214 3.684769e-02 2.185400e-14 0 
    0.712853 3.744118e-02 2.210400e-14 0 
    0.714496 3.566895e-02 2.096100e-14 0 
    0.716143 3.751748e-02 2.194600e-14 0 
    0.717794 3.742618e-02 2.179200e-14 0 
    0.719449 3.724872e-02 2.158900e-14 0 
    0.721108 3.846416e-02 2.219100e-14 0 
    0.722770 3.647372e-02 2.094600e-14 0 
    0.724436 3.766369e-02 2.153000e-14 0 
    0.726106 3.612931e-02 2.055800e-14 0 
    0.727780 3.620781e-02 2.050800e-14 0 
    0.729457 3.611946e-02 2.036400e-14 0 
    0.731139 3.653212e-02 2.050200e-14 0 
    0.732825 3.678136e-02 2.054700e-14 0 
    0.734514 3.593861e-02 1.998400e-14 0 
    0.736207 3.495363e-02 1.934700e-14 0 
    0.737904 3.568124e-02 1.965900e-14 0 
    0.739605 3.744321e-02 2.053500e-14 0 
    0.741310 3.735227e-02 2.039100e-14 0 
    0.743019 3.848162e-02 2.091100e-14 0 
    0.744732 3.759992e-02 2.033800e-14 0 
    0.746449 3.615024e-02 1.946400e-14 0 
    0.748170 3.819978e-02 2.047300e-14 0 
    0.749894 3.854660e-02 2.056400e-14 0 
    0.751623 4.017268e-02 2.133300e-14 0 
    0.753356 4.016707e-02 2.123200e-14 0 
    0.755092 4.062608e-02 2.137600e-14 0 
    0.756833 4.043368e-02 2.117700e-14 0 
    0.758578 4.024247e-02 2.098000e-14 0 
    0.760326 4.203526e-02 2.181400e-14 0 
    0.762079 4.060124e-02 2.097300e-14 0 
    0.763836 4.003991e-02 2.058800e-14 0 
    0.765597 4.192065e-02 2.145600e-14 0 
    0.767361 4.077148e-02 2.077200e-14 0 
    0.769130 4.229464e-02 2.144900e-14 0 
    0.770904 4.219084e-02 2.129800e-14 0 
    0.772681 4.267414e-02 2.144300e-14 0 
    0.774462 4.256919e-02 2.129200e-14 0 
    0.776247 4.275963e-02 2.128900e-14 0 
    0.778037 4.235979e-02 2.099300e-14 0 
    0.779830 4.138966e-02 2.041800e-14 0 
    0.781628 4.234848e-02 2.079500e-14 0 
    0.783430 4.147398e-02 2.027200e-14 0 
    0.785236 4.080424e-02 1.985300e-14 0 
    0.787046 4.155626e-02 2.012600e-14 0 
    0.788860 4.135806e-02 1.993800e-14 0 
    0.790679 4.135313e-02 1.984400e-14 0 
    0.792501 4.125084e-02 1.970400e-14 0 
    0.794328 4.124355e-02 1.961000e-14 0 
    0.796159 4.104936e-02 1.942800e-14 0 
    0.797995 4.161250e-02 1.960400e-14 0 
    0.799834 4.247837e-02 1.992000e-14 0 
    0.801678 4.131410e-02 1.928500e-14 0 
    0.803526 4.226882e-02 1.964000e-14 0 
    0.805378 4.324657e-02 2.000200e-14 0 
    0.807235 4.323989e-02 1.990700e-14 0 
    0.809096 4.273903e-02 1.958600e-14 0 
    0.810961 4.214490e-02 1.922500e-14 0 
    0.812831 4.137047e-02 1.878500e-14 0 
    0.814704 4.213217e-02 1.904300e-14 0 
    0.816582 4.330461e-02 1.948300e-14 0 
    0.818465 4.231216e-02 1.894900e-14 0 
    0.820352 4.389383e-02 1.956700e-14 0 
    0.822243 4.449756e-02 1.974500e-14 0 
    0.824138 4.408257e-02 1.947100e-14 0 
    0.826038 4.346953e-02 1.911200e-14 0 
    0.827942 4.427110e-02 1.937500e-14 0 
    0.829851 4.426429e-02 1.928300e-14 0 
    0.831764 4.518350e-02 1.959300e-14 0 
    0.833681 4.414792e-02 1.905600e-14 0 
    0.835603 4.081634e-02 1.753700e-14 0 
    0.837529 4.362815e-02 1.865900e-14 0 
    0.839460 4.332218e-02 1.844300e-14 0 
    0.841395 4.556574e-02 1.930900e-14 0 
    0.843335 4.597998e-02 1.939500e-14 0 
    0.845279 4.441073e-02 1.864700e-14 0 
    0.847227 4.369209e-02 1.826100e-14 0 
    0.849180 4.439613e-02 1.847000e-14 0 
    0.851138 4.584230e-02 1.898400e-14 0 
    0.853100 4.407433e-02 1.816800e-14 0 
    0.855067 4.667839e-02 1.915300e-14 0 
    0.857038 4.603200e-02 1.880100e-14 0 
    0.859014 4.507861e-02 1.832700e-14 0 
    0.860994 4.654937e-02 1.883800e-14 0 
    0.862979 4.740473e-02 1.909600e-14 0 
    0.864968 4.557849e-02 1.827600e-14 0 
    0.866962 4.341876e-02 1.733000e-14 0 
    0.868960 4.683832e-02 1.860900e-14 0 
    0.870964 4.661716e-02 1.843600e-14 0 
    0.872971 4.596857e-02 1.809600e-14 0 
    0.874984 4.003051e-02 1.568600e-14 0 
    0.877001 4.745793e-02 1.851100e-14 0 
    0.879023 4.701510e-02 1.825400e-14 0 
    0.881049 4.646875e-02 1.795900e-14 0 
    0.883080 4.798295e-02 1.845900e-14 0 
    0.885116 4.742626e-02 1.816100e-14 0 
    0.887156 3.854163e-02 1.469100e-14 0 
    0.889201 4.654460e-02 1.766000e-14 0 
    0.891251 4.761998e-02 1.798500e-14 0 
    0.893305 4.905800e-02 1.844300e-14 0 
    0.895365 4.705853e-02 1.761000e-14 0 
    0.897429 4.770527e-02 1.777000e-14 0 
    0.899498 4.982957e-02 1.847600e-14 0 
    0.901571 4.399579e-02 1.623800e-14 0 
    0.903650 4.867653e-02 1.788300e-14 0 
    0.905733 4.889300e-02 1.788000e-14 0 
    0.907820 4.448143e-02 1.619200e-14 0 
    0.909913 4.820552e-02 1.746700e-14 0 
    0.912011 4.897982e-02 1.766600e-14 0 
    0.914113 4.796637e-02 1.722100e-14 0 
    0.916220 4.806743e-02 1.717800e-14 0 
    0.918333 4.696535e-02 1.670700e-14 0 
    0.920450 4.223715e-02 1.495600e-14 0 
    0.922571 4.391585e-02 1.547900e-14 0 
    0.924698 5.087931e-02 1.785100e-14 0 
    0.926830 5.205624e-02 1.818000e-14 0 
    0.928966 5.086104e-02 1.768100e-14 0 
    0.931108 5.026935e-02 1.739500e-14 0 
    0.933254 4.810910e-02 1.657100e-14 0 
    0.935406 4.711207e-02 1.615300e-14 0 
    0.937562 4.989625e-02 1.702900e-14 0 
    0.939723 5.057985e-02 1.718300e-14 0 
    0.941890 5.103813e-02 1.725900e-14 0 
    0.944061 5.009723e-02 1.686300e-14 0 
    0.946237 4.917342e-02 1.647600e-14 0 
    0.948418 5.160112e-02 1.721000e-14 0 
    0.950605 4.881817e-02 1.620700e-14 0 
    0.952796 5.170036e-02 1.708500e-14 0 
    0.954993 5.192994e-02 1.708200e-14 0 
    0.957194 5.203826e-02 1.703900e-14 0 
    0.959401 5.214964e-02 1.699700e-14 0 
    0.961612 5.130531e-02 1.664500e-14 0 
    0.963829 5.285509e-02 1.706900e-14 0 
    0.966051 5.235869e-02 1.683100e-14 0 
    0.968278 5.356918e-02 1.714100e-14 0 
    0.970510 5.380701e-02 1.713800e-14 0 
    0.972747 5.269277e-02 1.670600e-14 0 
    0.974990 5.280297e-02 1.666400e-14 0 
    0.977237 5.076739e-02 1.594800e-14 0 
    0.979490 5.302608e-02 1.658100e-14 0 
    0.981748 5.450133e-02 1.696400e-14 0 
    0.984011 5.436557e-02 1.684400e-14 0 
    0.986279 5.398094e-02 1.664800e-14 0 
    0.988553 5.409659e-02 1.660700e-14 0 
    0.990832 5.496480e-02 1.679600e-14 0 
    0.993116 5.444920e-02 1.656200e-14 0 
    0.995405 5.418855e-02 1.640700e-14 0 
    0.997700 5.417659e-02 1.632800e-14 0 
    1.000000 5.454333e-02 1.636300e-14 0 
    1.002305 5.415546e-02 1.617200e-14 0 
    1.004615 5.489991e-02 1.631900e-14 0 
    1.006931 5.539666e-02 1.639100e-14 0 
    1.009253 5.525520e-02 1.627400e-14 0 
    1.011580 5.537385e-02 1.623400e-14 0 
    1.013912 5.523538e-02 1.611900e-14 0 
    1.016249 5.586210e-02 1.622700e-14 0 
    1.018591 5.623746e-02 1.626100e-14 0 
    1.020939 5.609747e-02 1.614600e-14 0 
    1.025652 5.620282e-02 1.602800e-14 0 
    1.030386 5.566469e-02 1.572900e-14 0 
    1.035142 5.759771e-02 1.612600e-14 0 
    1.039921 5.757564e-02 1.597200e-14 0 
    1.044720 5.835202e-02 1.603900e-14 0 
    1.051962 5.926340e-02 1.606600e-14 0 
    1.054386 5.925150e-02 1.598900e-14 0 
    1.073990 5.930679e-02 1.542500e-14 0 
    1.093956 5.889954e-02 1.476500e-14 0 
    1.114294 5.849419e-02 1.413300e-14 0 
    1.135010 5.809138e-02 1.352800e-14 0 
    1.156113 5.917116e-02 1.328100e-14 0 
    1.174898 6.082898e-02 1.322000e-14 0 
    1.196741 6.139317e-02 1.286000e-14 0 
    1.216186 6.096885e-02 1.236600e-14 0 
    1.238796 6.224401e-02 1.216800e-14 0 
    1.258925 6.311041e-02 1.194600e-14 0 
    1.279381 6.325747e-02 1.159400e-14 0 
    1.300169 6.369577e-02 1.130400e-14 0 
    1.318256 6.398575e-02 1.104600e-14 0 
    1.339676 6.487955e-02 1.084500e-14 0 
    1.361444 6.487972e-02 1.050100e-14 0 
    1.380384 6.517943e-02 1.026200e-14 0 
    1.399587 6.562780e-02 1.005100e-14 0 
    1.422328 6.517824e-02 9.665500e-15 0 
    1.442115 6.398878e-02 9.230500e-15 0 
    1.462177 6.458069e-02 9.062000e-15 0 
    1.482518 6.669625e-02 9.103800e-15 0 
    1.503142 6.608474e-02 8.774500e-15 0 
    1.524053 6.872284e-02 8.876100e-15 0 
    1.545255 7.081138e-02 8.896600e-15 0 
    1.563147 7.346901e-02 9.020400e-15 0 
    1.584892 7.483485e-02 8.937700e-15 0 
    1.606941 7.517990e-02 8.734200e-15 0 
    1.625549 7.397778e-02 8.398900e-15 0 
    1.648162 7.605030e-02 8.398900e-15 0 
    1.667248 7.746420e-02 8.360300e-15 0 
    1.686554 7.800184e-02 8.226700e-15 0 
    1.706082 7.945187e-02 8.188900e-15 0 
    1.729816 8.037219e-02 8.058000e-15 0 
    1.749847 8.092875e-02 7.929100e-15 0 
    1.770110 7.945187e-02 7.607200e-15 0 
    1.790605 7.890515e-02 7.382900e-15 0 
    1.811340 7.746439e-02 7.083100e-15 0 
    1.832314 7.622584e-02 6.811200e-15 0 
    1.849270 7.363854e-02 6.459900e-15 0 
    1.870681 7.346857e-02 6.298300e-15 0 
    1.892343 7.262787e-02 6.084500e-15 0 
    1.914256 7.081163e-02 5.797300e-15 0 
    1.931967 7.032397e-02 5.652300e-15 0 
    1.954339 7.081117e-02 5.561900e-15 0 
    1.972423 7.000092e-02 5.397900e-15 0 
    1.995263 6.872264e-02 5.178700e-15 0 
    2.013724 6.793618e-02 5.026000e-15 0 
    2.037042 6.731384e-02 4.866600e-15 0 
    2.055892 6.746927e-02 4.788800e-15 0 
    2.074913 6.639004e-02 4.626200e-15 0 
    2.094113 6.684966e-02 4.573200e-15 0 
    2.118362 6.669708e-02 4.458900e-15 0 
    2.137962 6.654289e-02 4.367400e-15 0 
    2.157745 6.654315e-02 4.287700e-15 0 
    2.177709 6.639066e-02 4.199800e-15 0 
    2.197860 6.623702e-02 4.113600e-15 0 
    2.218197 6.517887e-02 3.974000e-15 0 
    2.238721 6.532808e-02 3.910400e-15 0 
    2.259436 6.473034e-02 3.803900e-15 0 
    2.280341 6.428358e-02 3.708700e-15 0 
    2.301442 6.398865e-02 3.624300e-15 0 
    2.322738 6.340156e-02 3.525500e-15 0 
    2.344228 5.822381e-02 3.178500e-15 0 
    2.360479 5.862712e-02 3.156600e-15 0 
    2.382319 5.261325e-02 2.781100e-15 0 
    2.404363 5.047743e-02 2.619500e-15 0 
    2.421028 5.177354e-02 2.649900e-15 0 
    2.443431 4.876387e-02 2.450300e-15 0 
    2.466040 4.798391e-02 2.367100e-15 0 
    2.483133 4.798548e-02 2.334700e-15 0 
    2.506110 4.561381e-02 2.178800e-15 0 
    2.523480 4.540562e-02 2.139100e-15 0 
    2.546831 3.972888e-02 1.837500e-15 0 
    2.564484 3.982118e-02 1.816500e-15 0 
    2.588213 4.074685e-02 1.824800e-15 0 
    2.606153 4.093558e-02 1.808100e-15 0 
    2.630268 4.227779e-02 1.833300e-15 0 
    2.648499 4.208260e-02 1.799800e-15 0 
    2.666859 4.247131e-02 1.791500e-15 0 
    2.691534 4.227806e-02 1.750800e-15 0 
    2.710192 4.237412e-02 1.730700e-15 0 
    2.728977 4.217911e-02 1.699100e-15 0 
    2.747895 4.217948e-02 1.675800e-15 0 
    2.773319 4.237393e-02 1.652800e-15 0 
    2.792545 4.217844e-02 1.622600e-15 0 
    2.811900 4.208253e-02 1.596700e-15 0 
    2.831393 4.169798e-02 1.560400e-15 0 
    2.851018 4.179303e-02 1.542500e-15 0 
    2.870782 4.159979e-02 1.514300e-15 0 
    2.897343 4.179390e-02 1.493600e-15 0 
    2.917428 4.160082e-02 1.466300e-15 0 
    2.937649 4.131364e-02 1.436200e-15 0 
    2.958014 4.131386e-02 1.416500e-15 0 
    2.978516 4.122021e-02 1.393900e-15 0 
    2.999164 4.102913e-02 1.368400e-15 0 
    3.019952 4.084289e-02 1.343500e-15 0 
    3.033890 4.065316e-02 1.325000e-15 0 
    3.054922 4.046593e-02 1.300800e-15 0 
    3.076096 4.037277e-02 1.280000e-15 0 
    3.097421 4.028208e-02 1.259600e-15 0 
    3.118889 4.037548e-02 1.245200e-15 0 
    3.140510 4.046708e-02 1.230900e-15 0 
    3.162278 4.046667e-02 1.214000e-15 0 
    3.176873 4.037345e-02 1.200100e-15 0 
    3.198896 4.055995e-02 1.189100e-15 0 
    3.221068 4.065380e-02 1.175500e-15 0 
    3.243397 4.074601e-02 1.162000e-15 0 
    3.265878 4.112438e-02 1.156700e-15 0 
    3.280952 4.140801e-02 1.154000e-15 0 
    3.303696 4.237337e-02 1.164700e-15 0 
    3.326594 4.447518e-02 1.205700e-15 0 
    3.341952 4.990150e-02 1.340400e-15 0 
    3.365115 6.487896e-02 1.718800e-15 0 
    3.388443 6.502765e-02 1.699100e-15 0 
    3.404082 4.978494e-02 1.288900e-15 0 
    3.427677 4.427012e-02 1.130400e-15 0 
    3.443501 4.179444e-02 1.057400e-15 0 
    3.467368 4.074873e-02 1.016800e-15 0 
    3.483372 3.991197e-02 9.867900e-16 0 
    3.507520 3.963724e-02 9.665500e-16 0 
    3.531830 3.936448e-02 9.467300e-16 0 
    3.548136 3.891385e-02 9.273100e-16 0 
    3.572728 3.873480e-02 9.103800e-16 0 
    3.589218 3.846839e-02 8.958300e-16 0 
    3.614099 3.820333e-02 8.774500e-16 0 
    3.630780 3.794030e-02 8.634200e-16 0 
    3.647538 3.759284e-02 8.476700e-16 0 
    3.672823 3.750611e-02 8.341100e-16 0 
    3.689775 3.733397e-02 8.226700e-16 0 
    3.715354 3.716228e-02 8.076500e-16 0 
    3.732502 3.682160e-02 7.929100e-16 0 
    3.749729 3.656799e-02 7.802300e-16 0 
    3.775723 3.640006e-02 7.659900e-16 0 
    3.793150 3.606636e-02 7.520100e-16 0 
    3.810657 3.590053e-02 7.416900e-16 0 
    3.837073 3.565353e-02 7.264800e-16 0 
    3.854783 3.557180e-02 7.181700e-16 0 
    3.872575 3.532655e-02 7.066800e-16 0 
    3.899421 3.524530e-02 6.953800e-16 0 
    3.917418 3.508338e-02 6.858400e-16 0 
    3.935499 3.484214e-02 6.748800e-16 0 
    3.953667 3.452266e-02 6.625600e-16 0 
    3.981071 3.452266e-02 6.534700e-16 0 
    3.999450 3.428497e-02 6.430200e-16 0 
    4.017909 3.412756e-02 6.342000e-16 0 
    4.036454 3.381441e-02 6.226200e-16 0 
    4.064435 3.373694e-02 6.126700e-16 0 
    4.083195 3.342721e-02 6.014800e-16 0 
    4.102040 3.327374e-02 5.932300e-16 0 
    4.120973 3.312081e-02 5.850900e-16 0 
    4.139998 3.281716e-02 5.744100e-16 0 
    4.159106 3.274196e-02 5.678400e-16 0 
    4.178302 3.259156e-02 5.600500e-16 0 
    4.207267 3.259126e-02 5.523600e-16 0 
    4.226686 3.244142e-02 5.447800e-16 0 
    4.246193 3.229261e-02 5.373100e-16 0 
    4.265796 3.207042e-02 5.287200e-16 0 
    4.285485 3.199678e-02 5.226700e-16 0 
    4.305264 3.177630e-02 5.143100e-16 0 
    4.325140 3.177605e-02 5.095900e-16 0 
    4.345102 3.163015e-02 5.026000e-16 0 
    4.365157 3.148518e-02 4.957100e-16 0 
    4.385309 3.083937e-02 4.810900e-16 0 
    4.405549 3.013743e-02 4.658300e-16 0 
    4.425883 3.034641e-02 4.647600e-16 0 
    4.446310 2.972371e-02 4.510500e-16 0 
    4.466837 2.951926e-02 4.438400e-16 0 
    4.487454 2.938359e-02 4.377500e-16 0 
    4.508165 2.891364e-02 4.268000e-16 0 
    4.528977 2.891388e-02 4.228900e-16 0 
    4.549880 2.878048e-02 4.170800e-16 0 
    4.570880 2.845132e-02 4.085300e-16 0 
    4.591982 2.864855e-02 4.075900e-16 0 
    4.613176 2.845110e-02 4.010700e-16 0 
    4.634468 2.825541e-02 3.946600e-16 0 
    4.655863 2.838611e-02 3.928500e-16 0 
    4.677352 2.838621e-02 3.892500e-16 0 
    4.698940 2.806078e-02 3.812600e-16 0 
    4.709772 2.819030e-02 3.812600e-16 0 
    4.731515 2.812583e-02 3.769000e-16 0 
    4.753353 2.806070e-02 3.725800e-16 0 
    4.775292 2.819034e-02 3.708700e-16 0 
    4.797337 2.819039e-02 3.674700e-16 0 
    4.819479 2.812603e-02 3.632700e-16 0 
    4.841723 2.832062e-02 3.624300e-16 0 
    4.852884 2.812556e-02 3.582800e-16 0 
    4.875287 2.819094e-02 3.558200e-16 0 
    4.897789 2.825586e-02 3.533700e-16 0 
    4.920395 2.812590e-02 3.485200e-16 0 
    4.943104 2.845127e-02 3.493200e-16 0 
    4.954504 2.825536e-02 3.453200e-16 0 
    4.977371 2.825583e-02 3.421600e-16 0 
    5.000344 2.832306e-02 3.398300e-16 0 
    5.023429 2.852798e-02 3.391500e-16 0 
    5.046614 2.873505e-02 3.384800e-16 0 
    5.058246 2.873888e-02 3.369700e-16 0 
    5.081593 2.901426e-02 3.370800e-16 0 
    5.105052 2.922369e-02 3.364000e-16 0 
    5.128614 2.950372e-02 3.365100e-16 0 
    5.140436 2.950777e-02 3.350100e-16 0 
    5.164162 2.972123e-02 3.343400e-16 0 
    5.188002 3.000525e-02 3.344400e-16 0 
    5.199961 3.014825e-02 3.344900e-16 0 
    5.211947 3.029192e-02 3.345400e-16 0 
    5.223961 3.043628e-02 3.345900e-16 0 
    5.236003 3.051096e-02 3.338700e-16 0 
    5.248072 3.065637e-02 3.339200e-16 0 
    5.260175 3.080254e-02 3.339700e-16 0 
    5.272300 3.094934e-02 3.340200e-16 0 
    5.284453 3.116852e-02 3.348400e-16 0 
    5.296634 3.138906e-02 3.356600e-16 0 
    5.308843 3.146629e-02 3.349400e-16 0 
    5.321080 3.161624e-02 3.349900e-16 0 
    5.333352 3.183999e-02 3.358100e-16 0 
    5.345646 3.199171e-02 3.358600e-16 0 
    5.357968 3.214415e-02 3.359100e-16 0 
    5.370318 3.237133e-02 3.367300e-16 0 
    5.382697 3.267526e-02 3.383300e-16 0 
    5.395105 3.290661e-02 3.391600e-16 0 
    5.407541 3.298734e-02 3.384300e-16 0 
    5.420011 3.314455e-02 3.384800e-16 0 
    5.432505 3.337918e-02 3.393100e-16 0 
    5.445027 3.361527e-02 3.401400e-16 0 
    5.457579 3.385283e-02 3.409700e-16 0 
    5.470159 3.409286e-02 3.418100e-16 0 
    5.482768 3.433338e-02 3.426400e-16 0 
    5.495406 3.465592e-02 3.442700e-16 0 
    5.508079 3.490090e-02 3.451100e-16 0 
    5.520776 3.514835e-02 3.459600e-16 0 
    5.533502 3.547796e-02 3.476000e-16 0 
    5.546257 3.572886e-02 3.484500e-16 0 
    5.559041 3.598235e-02 3.493100e-16 0 
    5.571855 3.632021e-02 3.509700e-16 0 
    5.584705 3.666155e-02 3.526400e-16 0 
    5.597578 3.700517e-02 3.543100e-16 0 
    5.610481 3.735330e-02 3.560000e-16 0 
    5.623413 3.770383e-02 3.576900e-16 0 
    5.636376 3.805789e-02 3.593900e-16 0 
    5.649368 3.850375e-02 3.619300e-16 0 
    5.662390 3.895506e-02 3.644900e-16 0 
    5.675448 3.932068e-02 3.662200e-16 0 
    5.688531 3.968986e-02 3.679600e-16 0 
    5.701643 4.024798e-02 3.714200e-16 0 
    5.714786 4.071897e-02 3.740400e-16 0 
    5.727959 4.119672e-02 3.766900e-16 0 
    5.741162 4.187138e-02 3.811000e-16 0 
    5.754402 4.236275e-02 3.838000e-16 0 
    5.767667 4.285879e-02 3.865100e-16 0 
    5.780962 4.356124e-02 3.910400e-16 0 
    5.794287 4.427484e-02 3.956200e-16 0 
    5.807643 4.489630e-02 3.993300e-16 0 
    5.821030 4.563211e-02 4.040100e-16 0 
    5.834448 4.637944e-02 4.087400e-16 0 
    5.847904 4.735736e-02 4.154400e-16 0 
    5.861383 4.824357e-02 4.212700e-16 0 
    5.874894 4.914733e-02 4.271900e-16 0 
    5.888436 5.018321e-02 4.341900e-16 0 
    5.902009 5.112195e-02 4.402800e-16 0 
    5.915614 5.232026e-02 4.485300e-16 0 
    5.929250 5.366916e-02 4.579800e-16 0 
    5.942924 5.492709e-02 4.665600e-16 0 
    5.956623 5.621311e-02 4.752900e-16 0 
    5.970353 5.792926e-02 4.875500e-16 0 
    5.984115 5.955977e-02 4.989700e-16 0 
    5.997909 6.123650e-02 5.106600e-16 0 
    6.011735 6.325029e-02 5.250300e-16 0 
    6.025599 6.533112e-02 5.398100e-16 0 
    6.048437 6.596875e-02 5.409700e-16 3 
    6.079422 6.739911e-02 5.470800e-16 3 
    6.110407 8.299284e-02 6.668400e-16 3 
    6.141393 9.610971e-02 7.644600e-16 3 
    6.172378 1.062382e-01 8.365600e-16 3 
    6.203363 1.085838e-01 8.465100e-16 3 
    6.234349 1.216437e-01 9.389200e-16 3 
    6.265334 1.592159e-01 1.216800e-15 3 
    6.296319 2.393815e-01 1.811500e-15 3 
    6.327305 3.354248e-01 2.513500e-15 3 
    6.358290 3.752378e-01 2.784500e-15 3 
    6.389276 3.440686e-01 2.528500e-15 3 
    6.420261 2.787966e-01 2.029100e-15 3 
    6.451246 2.251010e-01 1.622600e-15 3 
    6.482232 1.940313e-01 1.385300e-15 3 
    6.513217 1.687830e-01 1.193600e-15 3 
    6.544202 1.522628e-01 1.066600e-15 3 
    6.575188 1.419026e-01 9.846800e-16 3 
    6.606173 1.289796e-01 8.866300e-16 3 
    6.637158 1.215655e-01 8.278800e-16 3 
    6.668145 1.174447e-01 7.924000e-16 3 
    6.699129 1.137755e-01 7.605600e-16 3 
    6.730114 1.147353e-01 7.599300e-16 3 
    6.761100 1.156084e-01 7.587100e-16 3 
    6.792085 1.198136e-01 7.791500e-16 3 
    6.823071 1.176691e-01 7.582700e-16 3 
    6.854056 1.227694e-01 7.840000e-16 3 
    6.885041 1.231740e-01 7.795200e-16 3 
    6.916027 1.216178e-01 7.627900e-16 3 
    6.947012 1.185370e-01 7.368500e-16 3 
    6.977998 1.271587e-01 7.834400e-16 3 
    7.008983 1.243555e-01 7.594100e-16 3 
    7.039968 1.294768e-01 7.837400e-16 3 
    7.070954 1.369889e-01 8.219600e-16 3 
    7.101939 1.506317e-01 8.959501e-16 3 
    7.132924 1.982570e-01 1.169000e-15 3 
    7.163910 2.012834e-01 1.176600e-15 3 
    7.194895 1.842025e-01 1.067500e-15 3 
    7.225881 1.742882e-01 1.001400e-15 3 
    7.256866 1.847913e-01 1.052700e-15 3 
    7.287851 1.914007e-01 1.081100e-15 3 
    7.318838 1.972456e-01 1.104700e-15 3 
    7.349822 1.968124e-01 1.093000e-15 3 
    7.380807 2.049036e-01 1.128400e-15 3 
    7.411793 2.130367e-01 1.163400e-15 3 
    7.442778 2.368134e-01 1.282500e-15 3 
    7.473763 2.587116e-01 1.389500e-15 3 
    7.504748 2.650102e-01 1.411600e-15 3 
    7.533706 2.560675e-01 1.353500e-15 3 
    7.535734 2.862458e-01 1.512200e-15 3 
    7.566720 3.233395e-01 1.694200e-15 3 
    7.595799 3.270603e-01 1.700600e-15 3 
    7.597705 3.614170e-01 1.878300e-15 3 
    7.657894 4.036421e-01 2.064900e-15 3 
    7.719988 4.865003e-01 2.448900e-15 3 
    7.782082 5.419788e-01 2.684800e-15 3 
    7.844176 5.210658e-01 2.540500e-15 3 
    7.906271 5.021983e-01 2.410200e-15 3 
    7.968365 4.928470e-01 2.328600e-15 3 
    8.030459 4.638857e-01 2.158000e-15 3 
    8.092554 4.166219e-01 1.908500e-15 3 
    8.154648 3.605537e-01 1.626600e-15 3 
    8.216741 3.176798e-01 1.411600e-15 3 
    8.278836 2.800966e-01 1.226000e-15 3 
    8.340930 2.591060e-01 1.117300e-15 3 
    8.403025 2.483147e-01 1.055000e-15 3 
    8.465119 2.518548e-01 1.054400e-15 3 
    8.527213 2.619135e-01 1.080600e-15 3 
    8.589307 2.701192e-01 1.098400e-15 3 
    8.651402 2.878107e-01 1.153600e-15 3 
    8.713495 3.232380e-01 1.277200e-15 3 
    8.775590 3.368974e-01 1.312400e-15 3 
    8.837684 3.213486e-01 1.234300e-15 3 
    8.899778 2.781188e-01 1.053400e-15 3 
    8.961872 2.268609e-01 8.473900e-16 3 
    9.023966 1.831948e-01 6.749000e-16 3 
    9.086060 1.543008e-01 5.607100e-16 3 
    9.148155 1.411662e-01 5.060400e-16 3 
    9.210249 1.373999e-01 4.859200e-16 3 
    9.272344 1.197966e-01 4.180100e-16 3 
    9.334438 1.083193e-01 3.729500e-16 3 
    9.396532 1.065012e-01 3.618600e-16 3 
    9.458626 1.041827e-01 3.493500e-16 3 
    9.520720 1.029204e-01 3.406300e-16 3 
    9.582815 9.861660e-02 3.221700e-16 3 
    9.644909 1.000631e-01 3.227000e-16 3 
    9.707002 1.028978e-01 3.276100e-16 3 
    9.769098 1.054369e-01 3.314400e-16 3 
    9.831192 1.092236e-01 3.390200e-16 3 
    9.893286 1.143922e-01 3.506200e-16 3 
    9.955380 1.041807e-01 3.153500e-16 3 
   10.017470 1.031294e-01 3.083100e-16 3 
   10.079570 9.707325e-02 2.866400e-16 3 
   10.141659 9.686719e-02 2.825400e-16 3 
   10.203760 9.758166e-02 2.811700e-16 3 
   10.265850 9.823537e-02 2.796400e-16 3 
   10.327949 1.022328e-01 2.875300e-16 3 
   10.390041 9.833074e-02 2.732600e-16 3 
   10.452130 9.691302e-02 2.661300e-16 3 
   10.514230 9.796117e-02 2.658400e-16 3 
   10.576320 1.048301e-01 2.811500e-16 3 
   10.638420 1.141493e-01 3.025800e-16 3 
   10.700510 1.264396e-01 3.312800e-16 3 
   10.762600 1.466221e-01 3.797400e-16 3 
   10.824700 1.505961e-01 3.855700e-16 3 
   10.886791 1.462920e-01 3.702900e-16 3 
   10.948890 1.512743e-01 3.785700e-16 3 
   11.010980 1.485251e-01 3.675100e-16 3 
   11.073080 1.571491e-01 3.845000e-16 3 
   11.135170 1.735847e-01 4.199900e-16 3 
   11.197260 2.074473e-01 4.963700e-16 3 
   11.259360 2.548521e-01 6.030900e-16 3 
   11.321450 2.787854e-01 6.525100e-16 3 
   11.383550 3.886217e-01 8.996900e-16 3 
   11.445640 6.150139e-01 1.408400e-15 3 
   11.507740 7.082254e-01 1.604400e-15 3 
   11.569830 6.195531e-01 1.388500e-15 3 
   11.631920 4.799598e-01 1.064200e-15 3 
   11.694020 3.877002e-01 8.505300e-16 3 
   11.756110 3.278111e-01 7.115700e-16 3 
   11.818209 2.847221e-01 6.115600e-16 3 
   11.880299 2.578373e-01 5.480400e-16 3 
   11.942400 2.462921e-01 5.180700e-16 3 
   12.004490 2.394159e-01 4.984100e-16 3 
   12.066580 2.476259e-01 5.102100e-16 3 
   12.128680 2.617437e-01 5.337900e-16 3 
   12.190770 2.790690e-01 5.633400e-16 3 
   12.252870 2.775706e-01 5.546500e-16 3 
   12.314959 2.770492e-01 5.480400e-16 3 
   12.377051 2.659862e-01 5.208900e-16 3 
   12.439150 2.631019e-01 5.101100e-16 3 
   12.501240 2.820559e-01 5.414400e-16 3 
   12.563340 3.070097e-01 5.835300e-16 3 
   12.625430 3.070126e-01 5.778100e-16 3 
   12.687530 3.122240e-01 5.818800e-16 3 
   12.749620 3.317595e-01 6.122800e-16 3 
   12.811710 3.604184e-01 6.587400e-16 3 
   12.873810 3.827152e-01 6.927600e-16 3 
   12.935900 4.093354e-01 7.338500e-16 3 
   12.998000 4.509729e-01 8.007900e-16 3 
   13.060090 6.382009e-01 1.122500e-15 3 
   13.122180 6.633968e-01 1.155800e-15 3 
   13.184280 3.939169e-01 6.798500e-16 3 
   13.246370 2.651355e-01 4.533100e-16 3 
   13.308470 2.402216e-01 4.068900e-16 3 
   13.370559 2.391431e-01 4.013100e-16 3 
   13.432659 2.418268e-01 4.020700e-16 3 
   13.494750 2.403283e-01 3.959100e-16 3 
   13.556841 2.378216e-01 3.882000e-16 3 
   13.618941 2.382495e-01 3.853600e-16 3 
   13.681030 2.383680e-01 3.820600e-16 3 
   13.743130 2.431118e-01 3.861500e-16 3 
   13.805220 2.444432e-01 3.847800e-16 3 
   13.867320 2.401923e-01 3.747100e-16 3 
   13.929409 2.381699e-01 3.682500e-16 3 
   13.991500 2.348427e-01 3.598900e-16 3 
   14.053600 2.275769e-01 3.456800e-16 3 
   14.115691 2.261651e-01 3.405200e-16 3 
   14.177789 2.249701e-01 3.357600e-16 3 
   14.239880 2.280669e-01 3.374200e-16 3 
   14.301980 2.322832e-01 3.406800e-16 3 
   14.364070 2.228808e-01 3.240700e-16 3 
   14.426159 2.242429e-01 3.232500e-16 3 
   14.488261 2.258558e-01 3.227900e-16 3 
   14.541691 2.311548e-01 3.279400e-16 3 
   14.633380 2.229867e-01 3.124000e-16 3 
   14.725080 2.187866e-01 3.027100e-16 3 
   14.816770 2.080256e-01 2.842700e-16 3 
   14.908459 2.009324e-01 2.712100e-16 3 
   15.000150 2.047916e-01 2.730500e-16 3 
   15.091850 2.101046e-01 2.767400e-16 3 
   15.183541 2.099220e-01 2.731700e-16 3 
   15.275230 1.983250e-01 2.549900e-16 3 
   15.366930 2.039957e-01 2.591600e-16 3 
   15.458620 2.079428e-01 2.610500e-16 3 
   15.550309 2.301245e-01 2.855000e-16 3 
   15.642000 2.146754e-01 2.632200e-16 3 
   15.733700 2.287108e-01 2.771700e-16 3 
   15.825391 2.863231e-01 3.429800e-16 3 
   15.917080 3.818458e-01 4.521500e-16 3 
   16.008780 3.091945e-01 3.619400e-16 3 
   16.100470 2.401894e-01 2.779700e-16 3 
   16.192159 2.399264e-01 2.745300e-16 3 
   16.283859 2.562104e-01 2.898700e-16 3 
   16.375550 2.557161e-01 2.860800e-16 3 
   16.467239 2.628179e-01 2.907600e-16 3 
   16.558930 2.783203e-01 3.045100e-16 3 
   16.650631 3.188023e-01 3.449700e-16 3 
   16.742319 3.756744e-01 4.020700e-16 3 
   16.834009 4.143072e-01 4.386000e-16 3 
   16.925700 3.925340e-01 4.110600e-16 3 
   17.017400 3.567772e-01 3.696000e-16 3 
   17.109091 3.781663e-01 3.875700e-16 3 
   17.200781 3.794788e-01 3.847800e-16 3 
   17.292481 3.988860e-01 4.001800e-16 3 
   17.384170 4.755365e-01 4.720600e-16 3 
   17.475861 4.849537e-01 4.763700e-16 3 
   17.567561 4.189814e-01 4.072800e-16 3 
   17.659250 4.240628e-01 4.079500e-16 3 
   17.750941 4.329838e-01 4.122400e-16 3 
   17.842630 4.149709e-01 3.910400e-16 3 
   17.934330 3.742927e-01 3.491100e-16 3 
   18.026020 3.455493e-01 3.190300e-16 3 
   18.117709 3.132722e-01 2.863100e-16 3 
   18.209409 3.481286e-01 3.149700e-16 3 
   18.301100 3.629416e-01 3.250900e-16 3 
   18.392789 3.517701e-01 3.119500e-16 3 
   18.484489 3.241028e-01 2.845700e-16 3 
   18.576180 3.372873e-01 2.932300e-16 3 
   18.667870 3.384064e-01 2.913200e-16 3 
   18.759559 3.466892e-01 2.955400e-16 3 
   18.851259 3.558793e-01 3.004300e-16 3 
   18.942950 3.608090e-01 3.016500e-16 3 
   19.034639 4.051313e-01 3.354500e-16 3 
   19.126341 6.779197e-01 5.559500e-16 3 
   19.218031 5.660762e-01 4.598100e-16 3 
   19.309719 4.175594e-01 3.359600e-16 3 
   19.401409 3.776318e-01 3.009700e-16 3 
   19.493111 3.423252e-01 2.702700e-16 3 
   19.584800 3.713415e-01 2.904400e-16 3 
   19.676491 3.503062e-01 2.714400e-16 3 
   19.768191 3.851671e-01 2.956900e-16 3 
   19.859880 3.535403e-01 2.689100e-16 3 
   19.951570 3.640306e-01 2.743500e-16 3 
   20.043261 4.037008e-01 3.014700e-16 3 
   20.134961 3.778078e-01 2.795700e-16 3 
   20.226650 4.305824e-01 3.157400e-16 3 
   20.318341 3.814457e-01 2.771900e-16 3 
   20.410041 4.103490e-01 2.955200e-16 3 
   20.555241 3.732383e-01 2.650100e-16 3 
   20.730739 4.484009e-01 3.130100e-16 3 
   20.906339 4.508866e-01 3.094800e-16 3 
   21.082041 4.103926e-01 2.770100e-16 3 
   21.257830 4.759512e-01 3.159700e-16 3 
   21.433709 4.754677e-01 3.104900e-16 3 
   21.609689 4.441589e-01 2.853400e-16 3 
   21.785761 4.907881e-01 3.102200e-16 3 
   21.961930 5.350607e-01 3.328000e-16 3 
   22.138200 5.184440e-01 3.173500e-16 3 
   22.314559 4.970267e-01 2.994500e-16 3 
   22.491020 5.375794e-01 3.188200e-16 3 
   22.667570 5.629912e-01 3.287100e-16 3 
   22.844219 5.436372e-01 3.125200e-16 3 
   23.020969 5.453870e-01 3.087300e-16 3 
   23.197809 5.607761e-01 3.126200e-16 3 
   23.374750 6.101049e-01 3.349900e-16 3 
   23.551791 6.142787e-01 3.322300e-16 3 
   23.728920 5.956254e-01 3.173500e-16 3 
   23.906161 6.035088e-01 3.168000e-16 3 
   24.083481 6.441250e-01 3.331600e-16 3 
   24.260909 6.695035e-01 3.412400e-16 3 
   24.438441 6.672336e-01 3.351600e-16 3 
   24.616061 6.603850e-01 3.269500e-16 3 
   24.793780 6.891755e-01 3.363300e-16 3 
   24.971600 7.191550e-01 3.459800e-16 3 
   25.149509 7.275411e-01 3.450800e-16 3 
   25.327530 7.291104e-01 3.409800e-16 3 
   25.505641 7.362352e-01 3.395200e-16 3 
   25.683861 7.578182e-01 3.446400e-16 3 
   25.862169 7.762917e-01 3.481900e-16 3 
   26.040581 7.958321e-01 3.520800e-16 3 
   26.219091 8.007768e-01 3.494600e-16 3 
   26.397700 8.340926e-01 3.590900e-16 3 
   26.576409 8.713927e-01 3.701200e-16 3 
   26.755222 8.744009e-01 3.664500e-16 3 
   26.934131 8.531020e-01 3.527900e-16 3 
   27.113141 8.735949e-01 3.565100e-16 3 
   27.292250 8.879062e-01 3.576100e-16 3 
   27.471459 8.975170e-01 3.567800e-16 3 
   27.650781 9.458953e-01 3.711500e-16 3 
   27.830191 9.216524e-01 3.569900e-16 3 
   28.009700 9.555476e-01 3.653900e-16 3 
   28.189319 9.922906e-01 3.746200e-16 3 
   28.369041 9.904972e-01 3.692200e-16 3 
   28.548850 9.962196e-01 3.666900e-16 3 
   28.728769 1.013080e+00 3.682400e-16 3 
   28.908791 1.058159e+00 3.798500e-16 3 
   29.088922 1.052968e+00 3.733200e-16 3 
   29.269150 1.067856e+00 3.739500e-16 3 
   29.449472 1.044108e+00 3.611700e-16 3 
   29.629909 1.106164e+00 3.779900e-16 3 
   29.810441 1.066958e+00 3.601900e-16 3 
   29.991078 1.121693e+00 3.741200e-16 3 
   30.171819 1.109126e+00 3.655100e-16 3 
   30.352659 1.185140e+00 3.859200e-16 3 
   30.533609 1.206460e+00 3.882200e-16 3 
   30.714659 1.205118e+00 3.832300e-16 3 
   30.895809 1.200984e+00 3.774500e-16 3 
   31.077069 1.241548e+00 3.856600e-16 3 
   31.258441 1.246767e+00 3.828000e-16 3 
   31.439909 1.251631e+00 3.798700e-16 3 
   31.621481 1.300127e+00 3.900700e-16 3 
   31.803150 1.341237e+00 3.978200e-16 3 
   31.984941 1.359206e+00 3.985800e-16 3 
   32.166822 1.355014e+00 3.928700e-16 3 
   32.348819 1.402203e+00 4.019900e-16 3 
   32.530909 1.378101e+00 3.906700e-16 3 
   32.713119 1.441561e+00 4.041200e-16 3 
   32.895431 1.439602e+00 3.991100e-16 3 
   33.077838 1.458858e+00 4.000000e-16 3 
   33.260359 1.501736e+00 4.072500e-16 3 
   33.442991 1.496315e+00 4.013600e-16 3 
   33.625728 1.578744e+00 4.188800e-16 3 
   33.808572 1.528255e+00 4.011100e-16 3 
   33.991519 1.844672e+00 4.789600e-16 3 
   34.174569 2.484320e+00 6.381500e-16 3 
   34.357731 1.988828e+00 5.054400e-16 3 
   34.541013 1.634919e+00 4.111000e-16 3 
   34.724381 1.715668e+00 4.268600e-16 3 
   34.907872 1.681206e+00 4.139000e-16 3 
