# NGC 5194       
# 
# An Atlas of Galaxy Spectral Energy Distributions from the Ultraviolet to the Mid-Infrared
# Brown et al. (2014)
# http://dx.doi.org/10.5072/03/529D3551F0117
# http://dx.doi.org/10.17909/t9-5bxk-dh29
# 
# The Spectral Energy Distributions of Active Galactic Nuclei
# Brown et al. (2019)
# http://dx.doi.org/10.17909/t9-3dbt-8734
# 
# Column 1: Observed wavelength (um)
# Column 2: f_nu (Jy)
# Column 3: f_lam (erg/s/cm2/A)
# Column 4: Source (0 = model, 1 = Optical Spectrun, 2 = Akari, 3 = Spitzer IRS)
# 
    0.010023 4.346928e-13 1.298100e-21 0 
    0.010209 6.548373e-13 1.884900e-21 0 
    0.010423 9.018843e-13 2.490500e-21 0 
    0.010617 1.259428e-12 3.351900e-21 0 
    0.010814 1.787078e-12 4.584500e-21 0 
    0.011015 2.878317e-12 7.116900e-21 0 
    0.011429 5.107322e-12 1.173000e-20 0 
    0.011830 8.455714e-12 1.812600e-20 0 
    0.012106 3.492802e-11 7.149800e-20 0 
    0.012531 5.335219e-11 1.019300e-19 0 
    0.012706 6.355989e-11 1.181100e-19 0 
    0.012823 7.081971e-11 1.292100e-19 0 
    0.013122 9.061048e-11 1.578700e-19 0 
    0.013213 1.112154e-10 1.911100e-19 0 
    0.013428 1.300765e-10 2.164200e-19 0 
    0.013709 1.862891e-10 2.973700e-19 0 
    0.014028 2.323635e-10 3.542400e-19 0 
    0.014322 7.001418e-10 1.024000e-18 0 
    0.014723 2.009861e-09 2.781600e-18 0 
    0.015136 2.524589e-09 3.305900e-18 0 
    0.015524 3.178156e-09 3.956300e-18 0 
    0.015922 3.991770e-09 4.723800e-18 0 
    0.016218 4.689884e-09 5.349200e-18 0 
    0.016634 5.877079e-09 6.372200e-18 0 
    0.017022 7.148095e-09 7.401000e-18 0 
    0.017338 8.320882e-09 8.304100e-18 0 
    0.017742 1.002717e-08 9.556400e-18 0 
    0.018030 1.145910e-08 1.057500e-17 0 
    0.018239 1.256572e-08 1.133200e-17 0 
    0.018621 1.489949e-08 1.289100e-17 0 
    0.019143 1.841556e-08 1.507600e-17 0 
    0.019409 2.085337e-08 1.660700e-17 0 
    0.019815 2.433154e-08 1.859100e-17 0 
    0.020230 2.845536e-08 2.085900e-17 0 
    0.020512 3.178286e-08 2.266200e-17 0 
    0.021038 3.649069e-08 2.473400e-17 0 
    0.021627 4.668384e-08 2.994300e-17 0 
    0.022029 5.359882e-08 3.313500e-17 0 
    0.022336 5.850398e-08 3.518000e-17 0 
    0.022751 6.701470e-08 3.884100e-17 0 
    0.023014 1.086812e-07 6.155900e-17 0 
    0.023442 1.991487e-07 1.087200e-16 0 
    0.024044 2.749125e-07 1.426600e-16 0 
    0.024660 2.925239e-07 1.443100e-16 0 
    0.025235 3.452758e-07 1.626600e-16 0 
    0.025763 3.200074e-07 1.446400e-16 0 
    0.026062 3.865259e-07 1.707200e-16 0 
    0.026424 4.316909e-07 1.854800e-16 0 
    0.026915 4.679011e-07 1.937700e-16 0 
    0.027416 5.036970e-07 2.010400e-16 0 
    0.027925 5.434466e-07 2.090700e-16 0 
    0.028445 5.863949e-07 2.174200e-16 0 
    0.029040 6.083722e-07 2.164200e-16 0 
    0.029648 6.732291e-07 2.297700e-16 0 
    0.030130 7.114863e-07 2.351200e-16 0 
    0.030832 7.873605e-07 2.484800e-16 0 
    0.031842 9.061004e-07 2.681000e-16 0 
    0.032885 1.018989e-06 2.826800e-16 0 
    0.033884 1.127612e-06 2.946400e-16 0 
    0.034834 1.233591e-06 3.049900e-16 0 
    0.035727 1.340197e-06 3.149900e-16 0 
    0.036644 1.462783e-06 3.268100e-16 0 
    0.037584 1.574624e-06 3.344200e-16 0 
    0.038548 1.648808e-06 3.328800e-16 0 
    0.039537 1.828862e-06 3.509900e-16 0 
    0.040551 1.977755e-06 3.608200e-16 0 
    0.041495 2.099720e-06 3.658400e-16 0 
    0.042267 2.193702e-06 3.683800e-16 0 
    0.043053 2.291804e-06 3.709300e-16 0 
    0.044157 2.461349e-06 3.787000e-16 0 
    0.045186 2.589310e-06 3.804500e-16 0 
    0.046026 2.698833e-06 3.822000e-16 0 
    0.047098 2.845609e-06 3.848500e-16 0 
    0.048084 3.007234e-06 3.902000e-16 0 
    0.049091 3.112982e-06 3.875200e-16 0 
    0.050119 3.305009e-06 3.947200e-16 0 
    0.050699 3.397540e-06 3.965400e-16 0 
    0.051286 3.918902e-06 4.469800e-16 0 
    0.052119 4.094143e-06 4.521600e-16 0 
    0.053088 4.267430e-06 4.542500e-16 0 
    0.054075 4.356722e-06 4.469800e-16 0 
    0.055081 4.832523e-06 4.778500e-16 0 
    0.056105 5.372510e-06 5.120300e-16 0 
    0.057148 5.890801e-06 5.411200e-16 0 
    0.058076 6.027907e-06 5.361600e-16 0 
    0.059156 6.779100e-06 5.811600e-16 0 
    0.060117 7.033430e-06 5.838400e-16 0 
    0.061094 7.381844e-06 5.933200e-16 0 
    0.062087 8.875024e-06 6.907000e-16 0 
    0.063096 9.553724e-06 7.199300e-16 0 
    0.064121 1.026053e-05 7.486700e-16 0 
    0.065163 1.140704e-05 8.059200e-16 0 
    0.065917 1.205491e-05 8.323200e-16 0 
    0.066527 1.312705e-05 8.898000e-16 0 
    0.067608 1.413076e-05 9.274500e-16 0 
    0.068549 1.432762e-05 9.147300e-16 0 
    0.069663 1.787174e-05 1.104800e-15 0 
    0.070632 1.754589e-05 1.055100e-15 0 
    0.071779 2.183513e-05 1.271400e-15 0 
    0.072778 2.372364e-05 1.343700e-15 0 
    0.073621 2.553748e-05 1.413500e-15 0 
    0.074645 2.865245e-05 1.542700e-15 0 
    0.075683 3.149018e-05 1.649300e-15 0 
    0.076560 3.289827e-05 1.683800e-15 0 
    0.077625 3.829696e-05 1.906700e-15 0 
    0.078705 4.122631e-05 1.996600e-15 0 
    0.079616 4.562179e-05 2.159200e-15 0 
    0.080538 4.979370e-05 2.303000e-15 0 
    0.081658 5.409550e-05 2.433800e-15 0 
    0.082604 6.055786e-05 2.662500e-15 0 
    0.083560 5.298615e-05 2.276600e-15 0 
    0.084723 6.937045e-05 2.899300e-15 0 
    0.085704 7.399040e-05 3.022000e-15 0 
    0.086696 8.244516e-05 3.290700e-15 0 
    0.087700 9.060853e-05 3.534200e-15 0 
    0.088716 1.002705e-04 3.822000e-15 0 
    0.089536 1.084338e-04 4.057800e-15 0 
    0.090573 1.135442e-04 4.152300e-15 0 
    0.091622 1.538756e-04 5.499100e-15 0 
    0.092683 8.456132e-04 2.953200e-14 0 
    0.093541 1.841508e-03 6.313800e-14 0 
    0.094624 3.525072e-03 1.181100e-13 0 
    0.095719 5.083453e-03 1.664500e-13 0 
    0.096605 5.877314e-03 1.889300e-13 0 
    0.097724 1.071953e-03 3.367400e-14 0 
    0.098628 5.237925e-03 1.615400e-13 0 
    0.099541 5.664638e-03 1.715100e-13 0 
    0.100693 8.455993e-03 2.502000e-13 0 
    0.101625 8.359193e-03 2.428200e-13 0 
    0.102565 3.812296e-03 1.087200e-13 0 
    0.103753 6.254282e-03 1.743000e-13 0 
    0.104713 1.205508e-02 3.298300e-13 0 
    0.105682 1.208303e-02 3.245600e-13 0 
    0.106660 9.798833e-03 2.584000e-13 0 
    0.107647 1.191736e-02 3.085300e-13 0 
    0.108643 9.709003e-03 2.467700e-13 0 
    0.109648 1.312717e-02 3.275600e-13 0 
    0.110662 1.288736e-02 3.157100e-13 0 
    0.111686 1.268124e-02 3.049900e-13 0 
    0.112720 1.161903e-02 2.743400e-13 0 
    0.113763 1.510679e-02 3.501800e-13 0 
    0.114551 1.400154e-02 3.201100e-13 0 
    0.115611 1.517654e-02 3.406400e-13 0 
    0.116681 1.596522e-02 3.518000e-13 0 
    0.117761 1.125036e-02 2.433800e-13 0 
    0.118577 1.611287e-02 3.437900e-13 0 
    0.119674 1.153913e-02 2.417100e-13 0 
    0.120781 8.633209e-03 1.775400e-13 0 
    0.121619 6.027899e-03 1.222600e-13 0 
    0.122744 1.208300e-02 2.406000e-13 0 
    0.123595 1.828809e-02 3.591600e-13 0 
    0.124738 2.051944e-02 3.956300e-13 0 
    0.125603 1.996046e-02 3.795700e-13 0 
    0.126765 1.770790e-02 3.305900e-13 0 
    0.127644 2.307685e-02 4.249100e-13 0 
    0.128825 2.467033e-02 4.459600e-13 0 
    0.129718 1.996046e-02 3.558700e-13 0 
    0.130617 2.009876e-02 3.534200e-13 0 
    0.131826 2.553711e-02 4.408500e-13 0 
    0.132739 2.484076e-02 4.229500e-13 0 
    0.133660 2.249977e-02 3.778300e-13 0 
    0.134586 2.704993e-02 4.480100e-13 0 
    0.135831 2.674029e-02 4.348000e-13 0 
    0.136773 2.438750e-02 3.911000e-13 0 
    0.137721 2.595201e-02 4.104800e-13 0 
    0.138676 2.667921e-02 4.161900e-13 0 
    0.139637 2.323635e-02 3.575100e-13 0 
    0.140605 2.438799e-02 3.700800e-13 0 
    0.141579 2.601190e-02 3.893100e-13 0 
    0.142561 2.698844e-02 3.983800e-13 0 
    0.143880 2.755295e-02 3.992900e-13 0 
    0.144544 2.925294e-02 4.200400e-13 0 
    0.144877 2.986574e-02 4.268700e-13 0 
    0.145881 2.952350e-02 4.161900e-13 0 
    0.146893 2.774442e-02 3.857400e-13 0 
    0.147571 2.806573e-02 3.866300e-13 0 
    0.148594 2.905162e-02 3.947200e-13 0 
    0.149624 2.993486e-02 4.011400e-13 0 
    0.150661 2.885161e-02 3.813200e-13 0 
    0.151356 2.607156e-02 3.414200e-13 0 
    0.152055 2.813021e-02 3.650000e-13 0 
    0.152757 2.761662e-02 3.550500e-13 0 
    0.153815 2.444375e-02 3.099500e-13 0 
    0.154882 2.667913e-02 3.336500e-13 0 
    0.155597 2.565498e-02 3.179000e-13 0 
    0.156675 2.692566e-02 3.290700e-13 0 
    0.157761 2.918595e-02 3.518000e-13 0 
    0.158855 3.098679e-02 3.683800e-13 0 
    0.159588 3.200180e-02 3.769600e-13 0 
    0.160694 3.185471e-02 3.700800e-13 0 
    0.161808 3.237208e-02 3.709300e-13 0 
    0.162930 3.127318e-02 3.534200e-13 0 
    0.163682 3.358709e-02 3.760900e-13 0 
    0.164816 3.460734e-02 3.822000e-13 0 
    0.165577 3.259641e-02 3.566900e-13 0 
    0.166725 3.590661e-02 3.875200e-13 0 
    0.167494 3.252141e-02 3.477700e-13 0 
    0.167880 3.691218e-02 3.929100e-13 0 
    0.168655 3.865135e-02 4.076500e-13 0 
    0.169824 3.691256e-02 3.839700e-13 0 
    0.170608 3.598898e-02 3.709300e-13 0 
    0.171791 3.468760e-02 3.526100e-13 0 
    0.172584 3.484773e-02 3.509900e-13 0 
    0.173780 3.768494e-02 3.743600e-13 0 
    0.174582 3.725331e-02 3.666800e-13 0 
    0.175792 4.010260e-02 3.893100e-13 0 
    0.176604 3.742573e-02 3.599900e-13 0 
    0.177828 3.874109e-02 3.675300e-13 0 
    0.178649 3.982624e-02 3.743600e-13 0 
    0.179887 4.287180e-02 3.974600e-13 0 
    0.180717 4.306912e-02 3.956300e-13 0 
    0.181970 4.056684e-02 3.675300e-13 0 
    0.182810 4.179999e-02 3.752300e-13 0 
    0.183654 4.066006e-02 3.616500e-13 0 
    0.184927 3.812164e-02 3.344200e-13 0 
    0.185780 3.874105e-02 3.367400e-13 0 
    0.186638 4.028755e-02 3.469700e-13 0 
    0.187932 4.387020e-02 3.726400e-13 0 
    0.188799 4.094192e-02 3.445800e-13 0 
    0.189671 3.982682e-02 3.321200e-13 0 
    0.190985 4.277333e-02 3.518000e-13 0 
    0.191867 4.170293e-02 3.398500e-13 0 
    0.192753 4.113165e-02 3.321200e-13 0 
    0.193642 4.277309e-02 3.422100e-13 0 
    0.194984 4.541214e-02 3.583400e-13 0 
    0.195884 4.287140e-02 3.351900e-13 0 
    0.196789 4.722496e-02 3.658400e-13 0 
    0.197697 4.899713e-02 3.760900e-13 0 
    0.198610 4.689990e-02 3.566900e-13 0 
    0.199986 4.636284e-02 3.477700e-13 0 
    0.200909 4.810229e-02 3.575100e-13 0 
    0.201837 4.722505e-02 3.477700e-13 0 
    0.202768 4.956397e-02 3.616500e-13 0 
    0.203704 4.766152e-02 3.445800e-13 0 
    0.204645 4.979341e-02 3.566900e-13 0 
    0.205589 4.733321e-02 3.359600e-13 0 
    0.207014 4.866019e-02 3.406400e-13 0 
    0.207491 5.274363e-02 3.675300e-13 0 
    0.207970 5.083640e-02 3.526100e-13 0 
    0.208930 5.323185e-02 3.658400e-13 0 
    0.209894 5.095311e-02 3.469700e-13 0 
    0.210863 5.190041e-02 3.501800e-13 0 
    0.211836 5.298780e-02 3.542400e-13 0 
    0.212814 5.409715e-02 3.583400e-13 0 
    0.213796 5.130652e-02 3.367400e-13 0 
    0.214783 5.286543e-02 3.437900e-13 0 
    0.215774 5.522915e-02 3.558700e-13 0 
    0.216770 5.397183e-02 3.445800e-13 0 
    0.217771 5.422167e-02 3.430000e-13 0 
    0.218776 5.409629e-02 3.390700e-13 0 
    0.219786 5.690756e-02 3.534200e-13 0 
    0.220801 5.599779e-02 3.445800e-13 0 
    0.221820 5.397199e-02 3.290700e-13 0 
    0.222844 5.310912e-02 3.208400e-13 0 
    0.223872 5.690808e-02 3.406400e-13 0 
    0.224905 5.535723e-02 3.283200e-13 0 
    0.225944 5.360152e-02 3.149900e-13 0 
    0.226986 5.510176e-02 3.208400e-13 0 
    0.228034 5.690826e-02 3.283200e-13 0 
    0.229087 5.890802e-02 3.367400e-13 0 
    0.229615 5.586885e-02 3.179000e-13 0 
    0.230675 5.690557e-02 3.208300e-13 0 
    0.231739 5.509745e-02 3.077900e-13 0 
    0.232809 4.550996e-02 2.519000e-13 0 
    0.233884 5.261030e-02 2.885300e-13 0 
    0.234963 5.140932e-02 2.793600e-13 0 
    0.236048 5.572051e-02 3.000100e-13 0 
    0.237137 5.211951e-02 2.780500e-13 0 
    0.237684 5.382530e-02 2.858300e-13 0 
    0.238781 5.057732e-02 2.661200e-13 0 
    0.239883 5.394161e-02 2.812200e-13 0 
    0.240991 5.259035e-02 2.716600e-13 0 
    0.242103 5.418461e-02 2.773300e-13 0 
    0.242661 5.765761e-02 2.937500e-13 0 
    0.243781 5.621208e-02 2.837600e-13 0 
    0.244906 5.953911e-02 2.978000e-13 0 
    0.246037 5.939819e-02 2.943700e-13 0 
    0.246604 5.912292e-02 2.916600e-13 0 
    0.247742 5.764033e-02 2.817400e-13 0 
    0.248886 5.870869e-02 2.843300e-13 0 
    0.250035 5.491329e-02 2.635100e-13 0 
    0.250611 6.232436e-02 2.977000e-13 0 
    0.251768 5.618634e-02 2.659200e-13 0 
    0.252348 5.775944e-02 2.721100e-13 0 
    0.252930 5.618160e-02 2.634600e-13 0 
    0.254097 5.762021e-02 2.677300e-13 0 
    0.254683 5.709064e-02 2.640500e-13 0 
    0.255859 6.173458e-02 2.829100e-13 0 
    0.257040 6.060340e-02 2.751800e-13 0 
    0.257632 6.389849e-02 2.888100e-13 0 
    0.258821 6.359870e-02 2.848200e-13 0 
    0.260016 6.330392e-02 2.809000e-13 0 
    0.260615 6.157643e-02 2.719800e-13 0 
    0.261818 6.114769e-02 2.676100e-13 0 
    0.263027 6.446952e-02 2.795600e-13 0 
    0.263633 6.735010e-02 2.907100e-13 0 
    0.264850 7.333481e-02 3.136400e-13 0 
    0.266072 7.625491e-02 3.231400e-13 0 
    0.266686 6.922486e-02 2.920000e-13 0 
    0.267917 7.281553e-02 3.043300e-13 0 
    0.269154 7.399418e-02 3.064200e-13 0 
    0.269774 7.033752e-02 2.899400e-13 0 
    0.271019 7.314035e-02 2.987300e-13 0 
    0.271644 6.952537e-02 2.826600e-13 0 
    0.272898 6.951836e-02 2.800400e-13 0 
    0.274157 7.329554e-02 2.925500e-13 0 
    0.274789 6.457277e-02 2.565500e-13 0 
    0.276058 6.699193e-02 2.637200e-13 0 
    0.276694 6.998565e-02 2.742400e-13 0 
    0.277971 7.327828e-02 2.845100e-13 0 
    0.278612 6.901867e-02 2.667400e-13 0 
    0.279898 5.780138e-02 2.213400e-13 0 
    0.281190 6.178622e-02 2.344300e-13 0 
    0.281838 7.411066e-02 2.799000e-13 0 
    0.283139 7.904000e-02 2.957800e-13 0 
    0.283792 7.670698e-02 2.857300e-13 0 
    0.285102 7.495391e-02 2.766400e-13 0 
    0.285759 7.141283e-02 2.623600e-13 0 
    0.287078 8.030673e-02 2.923300e-13 0 
    0.287740 8.179525e-02 2.963800e-13 0 
    0.289068 8.160221e-02 2.929700e-13 0 
    0.289734 8.254390e-02 2.949900e-13 0 
    0.291743 9.091591e-02 3.204500e-13 0 
    0.293765 8.822231e-02 3.066900e-13 0 
    0.295121 8.720672e-02 3.003800e-13 0 
    0.297167 9.005378e-02 3.059300e-13 0 
    0.299227 9.129471e-02 3.058900e-13 0 
    0.301301 9.319710e-02 3.079800e-13 0 
    0.303389 9.469884e-02 3.086500e-13 0 
    0.305492 9.622467e-02 3.093200e-13 0 
    0.307610 9.845618e-02 3.121500e-13 0 
    0.309742 9.981289e-02 3.121100e-13 0 
    0.311172 1.018953e-01 3.157000e-13 0 
    0.313329 1.011792e-01 3.091800e-13 0 
    0.315501 1.025769e-01 3.091500e-13 0 
    0.317687 1.051942e-01 3.126900e-13 0 
    0.319154 1.002193e-01 2.951700e-13 0 
    0.321366 1.054139e-01 3.062100e-13 0 
    0.323594 1.011214e-01 2.897100e-13 0 
    0.325837 1.108625e-01 3.132600e-13 0 
    0.327341 1.166137e-01 3.264900e-13 0 
    0.329610 1.171350e-01 3.234500e-13 0 
    0.331131 1.171257e-01 3.204600e-13 0 
    0.332660 1.184718e-01 3.211700e-13 0 
    0.333426 1.229128e-01 3.316800e-13 0 
    0.334195 1.246158e-01 3.347300e-13 0 
    0.334966 1.179133e-01 3.152700e-13 0 
    0.335738 1.170935e-01 3.116400e-13 0 
    0.336512 1.217635e-01 3.225800e-13 0 
    0.337287 1.214794e-01 3.203500e-13 0 
    0.338065 1.097698e-01 2.881400e-13 0 
    0.338844 1.131007e-01 2.955200e-13 0 
    0.339625 1.248650e-01 3.247600e-13 0 
    0.340408 1.260130e-01 3.262400e-13 0 
    0.341193 1.231413e-01 3.173400e-13 0 
    0.341979 1.245592e-01 3.195200e-13 0 
    0.342768 1.322388e-01 3.376600e-13 0 
    0.343558 1.286314e-01 3.269400e-13 0 
    0.344350 1.310156e-01 3.314700e-13 0 
    0.345144 1.148955e-01 2.893500e-13 0 
    0.345939 1.286134e-01 3.224100e-13 0 
    0.346737 1.194691e-01 2.981100e-13 0 
    0.347536 1.259628e-01 3.128700e-13 0 
    0.348337 1.172779e-01 2.899600e-13 0 
    0.349140 1.239385e-01 3.050200e-13 0 
    0.349945 1.230779e-01 3.015100e-13 0 
    0.350752 1.318767e-01 3.215800e-13 0 
    0.351560 1.294611e-01 3.142400e-13 0 
    0.352371 1.265079e-01 3.056600e-13 0 
    0.353183 1.250542e-01 3.007600e-13 0 
    0.353997 1.336848e-01 3.200400e-13 0 
    0.354813 1.412721e-01 3.366500e-13 0 
    0.355631 1.412666e-01 3.350900e-13 0 
    0.356451 1.367772e-01 3.229500e-13 0 
    0.357273 1.361451e-01 3.199800e-13 0 
    0.358096 1.250184e-01 2.924800e-13 0 
    0.358922 1.210483e-01 2.818900e-13 0 
    0.359749 1.182850e-01 2.741900e-13 0 
    0.360579 1.412247e-01 3.258600e-13 0 
    0.361410 1.320975e-01 3.034000e-13 0 
    0.362243 1.351697e-01 3.090300e-13 0 
    0.363078 1.435010e-01 3.265700e-13 0 
    0.363915 1.428346e-01 3.235600e-13 0 
    0.364754 1.499023e-01 3.380100e-13 0 
    0.365595 1.398927e-01 3.139900e-13 0 
    0.366437 1.569508e-01 3.506600e-13 0 
    0.367282 1.558634e-01 3.466300e-13 0 
    0.368129 1.587559e-01 3.514400e-13 0 
    0.368978 1.451122e-01 3.197600e-13 0 
    0.369828 1.491689e-01 3.271900e-13 0 
    0.370681 1.536960e-01 3.355700e-13 0 
    0.371535 1.347852e-01 2.929300e-13 0 
    0.372392 1.609240e-01 3.481300e-13 0 
    0.373250 1.347692e-01 2.902100e-13 0 
    0.374111 1.417692e-01 3.038800e-13 0 
    0.374973 1.776447e-01 3.790300e-13 0 
    0.375837 1.181774e-01 2.509900e-13 0 
    0.376704 1.800975e-01 3.807400e-13 0 
    0.377572 1.661449e-01 3.496300e-13 0 
    0.378443 1.747703e-01 3.660900e-13 0 
    0.379315 2.235845e-01 4.661900e-13 0 
    0.380189 1.829875e-01 3.797900e-13 0 
    0.381066 1.586385e-01 3.277400e-13 0 
    0.381944 2.266605e-01 4.661200e-13 0 
    0.382825 2.115228e-01 4.329900e-13 0 
    0.383707 1.791998e-01 3.651400e-13 0 
    0.384592 1.170370e-01 2.373800e-13 0 
    0.385478 2.081099e-01 4.201600e-13 0 
    0.386367 2.313483e-01 4.649300e-13 0 
    0.387258 2.367257e-01 4.735500e-13 0 
    0.388150 2.183873e-01 4.348600e-13 0 
    0.389045 2.075898e-01 4.114600e-13 0 
    0.389942 1.303717e-01 2.572200e-13 0 
    0.390841 2.183504e-01 4.288200e-13 0 
    0.391742 2.438559e-01 4.767100e-13 0 
    0.392645 2.582914e-01 5.026100e-13 0 
    0.393550 2.495091e-01 4.832900e-13 0 
    0.394457 1.559801e-01 3.007400e-13 0 
    0.395367 2.443673e-01 4.689900e-13 0 
    0.396278 2.541108e-01 4.854500e-13 0 
    0.397192 2.009092e-01 3.820500e-13 0 
    0.398107 1.185710e-01 2.244400e-13 0 
    0.399025 2.500087e-01 4.710600e-13 0 
    0.399945 2.817945e-01 5.285100e-13 0 
    0.400077 2.778883e-01 5.208400e-13 1 
    0.400352 2.770042e-01 5.184700e-13 1 
    0.400627 2.989778e-01 5.588300e-13 1 
    0.400902 2.987669e-01 5.576700e-13 1 
    0.401177 2.994183e-01 5.581200e-13 1 
    0.401452 2.949081e-01 5.489600e-13 1 
    0.401727 3.039786e-01 5.650700e-13 1 
    0.402002 3.111608e-01 5.776300e-13 1 
    0.402277 3.122717e-01 5.789000e-13 1 
    0.402552 3.089663e-01 5.719900e-13 1 
    0.402827 3.093183e-01 5.718600e-13 1 
    0.403102 2.939954e-01 5.427900e-13 1 
    0.403377 2.856427e-01 5.266500e-13 1 
    0.403652 3.047101e-01 5.610400e-13 1 
    0.403927 3.047012e-01 5.602600e-13 1 
    0.404202 3.214051e-01 5.901700e-13 1 
    0.404477 3.263362e-01 5.984100e-13 1 
    0.404752 3.067662e-01 5.617600e-13 1 
    0.405027 3.016986e-01 5.517300e-13 1 
    0.405302 3.138373e-01 5.731500e-13 1 
    0.405577 3.055836e-01 5.573200e-13 1 
    0.405852 3.263186e-01 5.943300e-13 1 
    0.406127 3.246387e-01 5.904700e-13 1 
    0.406402 2.982891e-01 5.418100e-13 1 
    0.406677 2.896188e-01 5.253500e-13 1 
    0.406952 2.888182e-01 5.231900e-13 1 
    0.407227 3.045980e-01 5.510300e-13 1 
    0.407502 3.065816e-01 5.538700e-13 1 
    0.407777 3.066075e-01 5.531700e-13 1 
    0.408052 2.969087e-01 5.349500e-13 1 
    0.408327 2.930185e-01 5.272300e-13 1 
    0.408602 3.125186e-01 5.615600e-13 1 
    0.408877 2.930561e-01 5.258800e-13 1 
    0.409152 2.921224e-01 5.235000e-13 1 
    0.409427 2.923475e-01 5.232000e-13 1 
    0.409702 2.837601e-01 5.071500e-13 1 
    0.409977 2.809196e-01 5.014000e-13 1 
    0.410252 2.678714e-01 4.774700e-13 1 
    0.410527 2.504055e-01 4.457400e-13 1 
    0.410802 2.434676e-01 4.328100e-13 1 
    0.411077 2.450385e-01 4.350200e-13 1 
    0.411352 2.575271e-01 4.565800e-13 1 
    0.411627 2.710367e-01 4.798900e-13 1 
    0.411902 2.843613e-01 5.028100e-13 1 
    0.412177 2.951723e-01 5.212300e-13 1 
    0.412452 2.968536e-01 5.235000e-13 1 
    0.412727 3.070954e-01 5.408400e-13 1 
    0.413002 3.129630e-01 5.504400e-13 1 
    0.413277 3.071288e-01 5.394600e-13 1 
    0.413552 3.073723e-01 5.391700e-13 1 
    0.413827 3.037853e-01 5.321700e-13 1 
    0.414102 3.075388e-01 5.380300e-13 1 
    0.414377 3.102826e-01 5.421100e-13 1 
    0.414652 3.090612e-01 5.392600e-13 1 
    0.414927 3.222286e-01 5.614900e-13 1 
    0.415202 3.263279e-01 5.678800e-13 1 
    0.415477 3.195390e-01 5.553300e-13 1 
    0.415752 3.152318e-01 5.471200e-13 1 
    0.416027 3.122624e-01 5.412500e-13 1 
    0.416302 3.111849e-01 5.386700e-13 1 
    0.416577 3.219447e-01 5.565600e-13 1 
    0.416852 3.200183e-01 5.525000e-13 1 
    0.417127 3.202087e-01 5.521000e-13 1 
    0.417402 3.142254e-01 5.410700e-13 1 
    0.417677 3.180181e-01 5.468800e-13 1 
    0.417952 3.110246e-01 5.341500e-13 1 
    0.418227 3.083964e-01 5.289400e-13 1 
    0.418502 3.157786e-01 5.408900e-13 1 
    0.418777 3.125285e-01 5.346200e-13 1 
    0.419052 3.116747e-01 5.324600e-13 1 
    0.419327 3.150380e-01 5.375000e-13 1 
    0.419602 3.186968e-01 5.430300e-13 1 
    0.419877 3.278590e-01 5.579100e-13 1 
    0.420152 3.297067e-01 5.603200e-13 1 
    0.420427 3.170936e-01 5.381800e-13 1 
    0.420702 3.160337e-01 5.356800e-13 1 
    0.420977 3.264718e-01 5.526500e-13 1 
    0.421252 3.267092e-01 5.523300e-13 1 
    0.421527 3.286166e-01 5.548300e-13 1 
    0.421802 3.249475e-01 5.479200e-13 1 
    0.422077 3.233998e-01 5.446000e-13 1 
    0.422352 3.245289e-01 5.457900e-13 1 
    0.422627 3.192123e-01 5.361500e-13 1 
    0.422902 3.224416e-01 5.408700e-13 1 
    0.423177 3.164322e-01 5.301000e-13 1 
    0.423452 3.186965e-01 5.332000e-13 1 
    0.423727 3.188951e-01 5.328400e-13 1 
    0.424002 3.197406e-01 5.335600e-13 1 
    0.424277 3.289040e-01 5.481400e-13 1 
    0.424552 3.445252e-01 5.734300e-13 1 
    0.424827 3.323743e-01 5.524900e-13 1 
    0.425102 3.320397e-01 5.512200e-13 1 
    0.425377 3.269988e-01 5.421500e-13 1 
    0.425652 3.164302e-01 5.239500e-13 1 
    0.425927 3.281716e-01 5.426900e-13 1 
    0.426202 3.241996e-01 5.354300e-13 1 
    0.426477 3.285043e-01 5.418400e-13 1 
    0.426752 3.230760e-01 5.322000e-13 1 
    0.427027 3.307562e-01 5.441500e-13 1 
    0.427302 3.292774e-01 5.410200e-13 1 
    0.427577 3.148196e-01 5.166000e-13 1 
    0.427852 3.102822e-01 5.085000e-13 1 
    0.428127 3.177929e-01 5.201400e-13 1 
    0.428402 3.199449e-01 5.229900e-13 1 
    0.428677 3.243066e-01 5.294400e-13 1 
    0.428952 3.113890e-01 5.077000e-13 1 
    0.429227 3.109778e-01 5.063800e-13 1 
    0.429502 3.147030e-01 5.117900e-13 1 
    0.429777 3.121878e-01 5.070500e-13 1 
    0.430052 3.026929e-01 4.910000e-13 1 
    0.430327 2.877718e-01 4.662000e-13 1 
    0.430602 2.872744e-01 4.648000e-13 1 
    0.430877 2.930378e-01 4.735200e-13 1 
    0.431152 3.044540e-01 4.913400e-13 1 
    0.431427 3.082487e-01 4.968300e-13 1 
    0.431702 3.061693e-01 4.928500e-13 1 
    0.431977 3.336979e-01 5.364800e-13 1 
    0.432252 3.308408e-01 5.312100e-13 1 
    0.432527 3.361135e-01 5.389900e-13 1 
    0.432802 3.251271e-01 5.207100e-13 1 
    0.433077 3.048280e-01 4.875800e-13 1 
    0.433352 3.049899e-01 4.872200e-13 1 
    0.433627 3.149417e-01 5.024800e-13 1 
    0.433902 3.169039e-01 5.049700e-13 1 
    0.434177 3.179530e-01 5.060000e-13 1 
    0.434452 3.292655e-01 5.233400e-13 1 
    0.434727 3.121949e-01 4.955800e-13 1 
    0.435002 3.174973e-01 5.033600e-13 1 
    0.435277 3.195535e-01 5.059800e-13 1 
    0.435552 3.200649e-01 5.061500e-13 1 
    0.435827 3.323344e-01 5.248900e-13 1 
    0.436102 3.415849e-01 5.388200e-13 1 
    0.436377 3.397942e-01 5.353200e-13 1 
    0.436652 3.455930e-01 5.437700e-13 1 
    0.436927 3.640307e-01 5.720600e-13 1 
    0.437202 3.589396e-01 5.633500e-13 1 
    0.437477 3.549001e-01 5.563100e-13 1 
    0.437752 3.472853e-01 5.436900e-13 1 
    0.438027 3.438524e-01 5.376400e-13 1 
    0.438302 3.423824e-01 5.346700e-13 1 
    0.438577 3.417415e-01 5.330000e-13 1 
    0.438852 3.180449e-01 4.954200e-13 1 
    0.439127 3.204105e-01 4.984800e-13 1 
    0.439402 3.419793e-01 5.313700e-13 1 
    0.439677 3.498953e-01 5.429900e-13 1 
    0.439952 3.452103e-01 5.350500e-13 1 
    0.440227 3.380321e-01 5.232700e-13 1 
    0.440502 3.553297e-01 5.493600e-13 1 
    0.440777 3.467847e-01 5.354800e-13 1 
    0.441052 3.471137e-01 5.353200e-13 1 
    0.441327 3.660628e-01 5.638400e-13 1 
    0.441602 3.643025e-01 5.604300e-13 1 
    0.441877 3.558202e-01 5.467000e-13 1 
    0.442152 3.548035e-01 5.444600e-13 1 
    0.442427 3.622852e-01 5.552500e-13 1 
    0.442702 3.622130e-01 5.544500e-13 1 
    0.442977 3.605832e-01 5.512700e-13 1 
    0.443252 3.601469e-01 5.499200e-13 1 
    0.443527 3.736297e-01 5.698000e-13 1 
    0.443802 3.758723e-01 5.725100e-13 1 
    0.444077 3.687130e-01 5.609100e-13 1 
    0.444352 3.685709e-01 5.600000e-13 1 
    0.444627 3.620421e-01 5.494000e-13 1 
    0.444902 3.683820e-01 5.583300e-13 1 
    0.445177 3.739771e-01 5.661100e-13 1 
    0.445452 3.758680e-01 5.682700e-13 1 
    0.445727 3.789878e-01 5.722800e-13 1 
    0.446002 3.665392e-01 5.528000e-13 1 
    0.446277 3.658495e-01 5.510800e-13 1 
    0.446552 3.587828e-01 5.397700e-13 1 
    0.446827 3.629783e-01 5.454100e-13 1 
    0.447102 3.587875e-01 5.384500e-13 1 
    0.447377 3.774490e-01 5.657600e-13 1 
    0.447652 3.848467e-01 5.761400e-13 1 
    0.447927 3.809726e-01 5.696400e-13 1 
    0.448202 3.751327e-01 5.602200e-13 1 
    0.448477 3.836451e-01 5.722300e-13 1 
    0.448752 3.873311e-01 5.770200e-13 1 
    0.449027 3.947285e-01 5.873200e-13 1 
    0.449302 3.841159e-01 5.708300e-13 1 
    0.449577 3.936883e-01 5.843400e-13 1 
    0.449852 4.074926e-01 6.040900e-13 1 
    0.450127 4.061066e-01 6.013000e-13 1 
    0.450402 3.976162e-01 5.880100e-13 1 
    0.450677 4.083183e-01 6.031000e-13 1 
    0.450952 4.143278e-01 6.112300e-13 1 
    0.451227 4.121117e-01 6.072200e-13 1 
    0.451502 4.147887e-01 6.104200e-13 1 
    0.451777 4.027962e-01 5.920500e-13 1 
    0.452052 4.057389e-01 5.956500e-13 1 
    0.452327 4.120093e-01 6.041200e-13 1 
    0.452602 4.045281e-01 5.924300e-13 1 
    0.452877 3.930148e-01 5.748700e-13 1 
    0.453152 3.722936e-01 5.439000e-13 1 
    0.453427 3.775223e-01 5.508700e-13 1 
    0.453702 3.779324e-01 5.508000e-13 1 
    0.453977 3.893343e-01 5.667300e-13 1 
    0.454252 3.941807e-01 5.730900e-13 1 
    0.454527 4.071570e-01 5.912400e-13 1 
    0.454802 4.153169e-01 6.023600e-13 1 
    0.455077 3.920172e-01 5.678800e-13 1 
    0.455352 3.816884e-01 5.522500e-13 1 
    0.455627 3.926124e-01 5.673700e-13 1 
    0.455902 3.978670e-01 5.742700e-13 1 
    0.456177 4.094248e-01 5.902400e-13 1 
    0.456452 4.130230e-01 5.947100e-13 1 
    0.456727 4.134443e-01 5.946000e-13 1 
    0.457002 4.051985e-01 5.820400e-13 1 
    0.457277 4.113947e-01 5.902300e-13 1 
    0.457552 4.158255e-01 5.958700e-13 1 
    0.457827 3.976497e-01 5.691400e-13 1 
    0.458102 4.066967e-01 5.813900e-13 1 
    0.458377 4.164440e-01 5.946100e-13 1 
    0.458652 4.002201e-01 5.707600e-13 1 
    0.458927 4.078119e-01 5.808900e-13 1 
    0.459202 4.100158e-01 5.833300e-13 1 
    0.459477 4.028082e-01 5.723900e-13 1 
    0.459752 4.063484e-01 5.767300e-13 1 
    0.460027 4.061363e-01 5.757400e-13 1 
    0.460302 3.967626e-01 5.617800e-13 1 
    0.460577 4.070656e-01 5.756800e-13 1 
    0.460852 4.092155e-01 5.780300e-13 1 
    0.461127 4.104979e-01 5.791500e-13 1 
    0.461402 4.253081e-01 5.993300e-13 1 
    0.461677 4.329699e-01 6.094000e-13 1 
    0.461952 4.357123e-01 6.125300e-13 1 
    0.462227 4.240387e-01 5.954100e-13 1 
    0.462502 4.225042e-01 5.925500e-13 1 
    0.462777 4.255695e-01 5.961400e-13 1 
    0.463052 4.276836e-01 5.983900e-13 1 
    0.463327 4.388109e-01 6.132300e-13 1 
    0.463602 4.242727e-01 5.922100e-13 1 
    0.463877 4.164917e-01 5.806600e-13 1 
    0.464152 4.089570e-01 5.694800e-13 1 
    0.464427 4.104771e-01 5.709200e-13 1 
    0.464702 4.095093e-01 5.689000e-13 1 
    0.464977 3.984777e-01 5.529200e-13 1 
    0.465252 4.022105e-01 5.574400e-13 1 
    0.465527 4.121349e-01 5.705200e-13 1 
    0.465802 4.118264e-01 5.694200e-13 1 
    0.466077 4.217622e-01 5.824700e-13 1 
    0.466352 4.381582e-01 6.044000e-13 1 
    0.466627 4.177429e-01 5.755600e-13 1 
    0.466902 3.967409e-01 5.459800e-13 1 
    0.467177 3.987798e-01 5.481400e-13 1 
    0.467452 4.052075e-01 5.563200e-13 1 
    0.467727 4.093816e-01 5.613900e-13 1 
    0.468002 4.086074e-01 5.596700e-13 1 
    0.468277 4.141239e-01 5.665600e-13 1 
    0.468552 4.159131e-01 5.683400e-13 1 
    0.468827 4.073311e-01 5.559600e-13 1 
    0.469102 4.202496e-01 5.729200e-13 1 
    0.469377 4.234597e-01 5.766200e-13 1 
    0.469652 4.235149e-01 5.760200e-13 1 
    0.469927 4.246293e-01 5.768600e-13 1 
    0.470202 4.163639e-01 5.649700e-13 1 
    0.470477 4.081152e-01 5.531300e-13 1 
    0.470752 3.998759e-01 5.413300e-13 1 
    0.471027 3.976438e-01 5.376800e-13 1 
    0.471302 3.971606e-01 5.364000e-13 1 
    0.471577 4.007672e-01 5.406400e-13 1 
    0.471852 4.224824e-01 5.692700e-13 1 
    0.472127 4.320101e-01 5.814300e-13 1 
    0.472402 4.292999e-01 5.771100e-13 1 
    0.472677 4.373218e-01 5.872100e-13 1 
    0.472952 4.398663e-01 5.899400e-13 1 
    0.473227 4.399674e-01 5.893900e-13 1 
    0.473502 4.283569e-01 5.731700e-13 1 
    0.473777 4.244776e-01 5.673200e-13 1 
    0.474052 4.171276e-01 5.568500e-13 1 
    0.474327 4.304059e-01 5.739100e-13 1 
    0.474602 4.288779e-01 5.712100e-13 1 
    0.474877 4.313220e-01 5.738000e-13 1 
    0.475152 4.515689e-01 6.000400e-13 1 
    0.475427 4.390725e-01 5.827600e-13 1 
    0.475702 4.329879e-01 5.740200e-13 1 
    0.475977 4.264805e-01 5.647400e-13 1 
    0.476252 4.287502e-01 5.670900e-13 1 
    0.476527 4.222591e-01 5.578600e-13 1 
    0.476802 4.163735e-01 5.494500e-13 1 
    0.477077 4.123398e-01 5.435000e-13 1 
    0.477352 4.174865e-01 5.496500e-13 1 
    0.477627 4.260054e-01 5.602200e-13 1 
    0.477902 4.341091e-01 5.702200e-13 1 
    0.478177 4.443952e-01 5.830600e-13 1 
    0.478452 4.394812e-01 5.759500e-13 1 
    0.478727 4.401546e-01 5.761700e-13 1 
    0.479002 4.415935e-01 5.773900e-13 1 
    0.479277 4.469705e-01 5.837500e-13 1 
    0.479552 4.329341e-01 5.647700e-13 1 
    0.479827 4.407906e-01 5.743600e-13 1 
    0.480102 4.448303e-01 5.789600e-13 1 
    0.480377 4.507552e-01 5.860000e-13 1 
    0.480652 4.488996e-01 5.829200e-13 1 
    0.480927 4.382189e-01 5.684000e-13 1 
    0.481202 4.342358e-01 5.625900e-13 1 
    0.481477 4.301190e-01 5.566200e-13 1 
    0.481752 4.466785e-01 5.773900e-13 1 
    0.482027 4.541204e-01 5.863400e-13 1 
    0.482302 4.518706e-01 5.827700e-13 1 
    0.482577 4.599313e-01 5.924900e-13 1 
    0.482852 4.506713e-01 5.799000e-13 1 
    0.483127 4.466488e-01 5.740700e-13 1 
    0.483402 4.550168e-01 5.841600e-13 1 
    0.483677 4.457169e-01 5.715700e-13 1 
    0.483952 4.402281e-01 5.638900e-13 1 
    0.484227 4.421197e-01 5.656700e-13 1 
    0.484502 4.305798e-01 5.502800e-13 1 
    0.484777 4.372808e-01 5.582100e-13 1 
    0.485052 4.366007e-01 5.567100e-13 1 
    0.485327 4.326991e-01 5.511100e-13 1 
    0.485602 4.282219e-01 5.447900e-13 1 
    0.485877 4.291005e-01 5.452900e-13 1 
    0.486152 4.470443e-01 5.674500e-13 1 
    0.486427 4.794769e-01 6.079300e-13 1 
    0.486702 5.007698e-01 6.342100e-13 1 
    0.486977 4.840162e-01 6.123000e-13 1 
    0.487252 4.402536e-01 5.563100e-13 1 
    0.487527 4.086635e-01 5.158100e-13 1 
    0.487802 4.091643e-01 5.158600e-13 1 
    0.488077 4.267220e-01 5.373900e-13 1 
    0.488352 4.368936e-01 5.495800e-13 1 
    0.488627 4.306209e-01 5.410800e-13 1 
    0.488902 4.234888e-01 5.315200e-13 1 
    0.489177 4.305141e-01 5.397300e-13 1 
    0.489452 4.256640e-01 5.330500e-13 1 
    0.489727 4.416196e-01 5.524100e-13 1 
    0.490002 4.549452e-01 5.684400e-13 1 
    0.490277 4.514338e-01 5.634200e-13 1 
    0.490552 4.552051e-01 5.674900e-13 1 
    0.490827 4.661871e-01 5.805300e-13 1 
    0.491102 4.641210e-01 5.773100e-13 1 
    0.491377 4.603914e-01 5.720300e-13 1 
    0.491652 4.589247e-01 5.695700e-13 1 
    0.491927 4.490326e-01 5.566700e-13 1 
    0.492202 4.491068e-01 5.561400e-13 1 
    0.492477 4.435697e-01 5.486700e-13 1 
    0.492752 4.436039e-01 5.481000e-13 1 
    0.493027 4.523637e-01 5.583000e-13 1 
    0.493302 4.601284e-01 5.672500e-13 1 
    0.493577 4.653596e-01 5.730600e-13 1 
    0.493852 4.643093e-01 5.711300e-13 1 
    0.494127 4.593329e-01 5.643800e-13 1 
    0.494402 4.525683e-01 5.554500e-13 1 
    0.494677 4.592956e-01 5.630800e-13 1 
    0.494952 4.661105e-01 5.708000e-13 1 
    0.495227 4.608244e-01 5.637000e-13 1 
    0.495502 4.734160e-01 5.784600e-13 1 
    0.495777 4.763750e-01 5.814300e-13 1 
    0.496052 4.791510e-01 5.841700e-13 1 
    0.496327 4.798302e-01 5.843500e-13 1 
    0.496602 4.767698e-01 5.799800e-13 1 
    0.496877 4.709200e-01 5.722300e-13 1 
    0.497152 4.645210e-01 5.638300e-13 1 
    0.497427 4.688785e-01 5.684900e-13 1 
    0.497702 4.736328e-01 5.736200e-13 1 
    0.497977 4.721808e-01 5.712300e-13 1 
    0.498252 4.637487e-01 5.604100e-13 1 
    0.498527 4.504757e-01 5.437700e-13 1 
    0.498802 4.354807e-01 5.250900e-13 1 
    0.499077 4.362931e-01 5.254900e-13 1 
    0.499352 4.471554e-01 5.379800e-13 1 
    0.499627 4.608117e-01 5.538000e-13 1 
    0.499902 4.622854e-01 5.549600e-13 1 
    0.500177 4.594751e-01 5.509800e-13 1 
    0.500452 4.492194e-01 5.380900e-13 1 
    0.500727 4.443811e-01 5.317100e-13 1 
    0.501002 4.639958e-01 5.545700e-13 1 
    0.501277 4.699162e-01 5.610300e-13 1 
    0.501552 4.565042e-01 5.444200e-13 1 
    0.501827 4.479223e-01 5.336000e-13 1 
    0.502102 4.412366e-01 5.250600e-13 1 
    0.502377 4.371184e-01 5.195900e-13 1 
    0.502652 4.372012e-01 5.191200e-13 1 
    0.502927 4.417435e-01 5.239400e-13 1 
    0.503202 4.414671e-01 5.230400e-13 1 
    0.503477 4.390685e-01 5.196300e-13 1 
    0.503752 4.449365e-01 5.260000e-13 1 
    0.504027 4.603856e-01 5.436700e-13 1 
    0.504302 4.557932e-01 5.376600e-13 1 
    0.504577 4.434927e-01 5.225800e-13 1 
    0.504852 4.451402e-01 5.239500e-13 1 
    0.505127 4.513151e-01 5.306400e-13 1 
    0.505402 4.476176e-01 5.257200e-13 1 
    0.505677 4.468519e-01 5.242500e-13 1 
    0.505952 4.529356e-01 5.308100e-13 1 
    0.506227 4.709055e-01 5.512700e-13 1 
    0.506502 4.791563e-01 5.603200e-13 1 
    0.506777 4.707393e-01 5.498800e-13 1 
    0.507052 4.645742e-01 5.420900e-13 1 
    0.507327 4.591586e-01 5.351900e-13 1 
    0.507602 4.550272e-01 5.298000e-13 1 
    0.507877 4.506969e-01 5.241900e-13 1 
    0.508152 4.452116e-01 5.172500e-13 1 
    0.508427 4.365342e-01 5.066200e-13 1 
    0.508702 4.375328e-01 5.072300e-13 1 
    0.508977 4.600863e-01 5.328000e-13 1 
    0.509252 4.630127e-01 5.356100e-13 1 
    0.509527 4.549109e-01 5.256700e-13 1 
    0.509802 4.631297e-01 5.345900e-13 1 
    0.510077 4.746524e-01 5.473000e-13 1 
    0.510352 4.656315e-01 5.363200e-13 1 
    0.510627 4.558777e-01 5.245200e-13 1 
    0.510902 4.448753e-01 5.113100e-13 1 
    0.511177 4.465563e-01 5.126900e-13 1 
    0.511452 4.573171e-01 5.244800e-13 1 
    0.511727 4.645390e-01 5.321900e-13 1 
    0.512002 4.668472e-01 5.342600e-13 1 
    0.512277 4.695707e-01 5.368000e-13 1 
    0.512552 4.724393e-01 5.395000e-13 1 
    0.512827 4.634788e-01 5.287000e-13 1 
    0.513102 4.527693e-01 5.159300e-13 1 
    0.513377 4.403580e-01 5.012500e-13 1 
    0.513652 4.502578e-01 5.119700e-13 1 
    0.513927 4.561897e-01 5.181600e-13 1 
    0.514202 4.536903e-01 5.147700e-13 1 
    0.514477 4.662631e-01 5.284700e-13 1 
    0.514752 4.540166e-01 5.140400e-13 1 
    0.515027 4.357573e-01 4.928400e-13 1 
    0.515302 4.381435e-01 4.950100e-13 1 
    0.515577 4.425277e-01 4.994300e-13 1 
    0.515852 4.408178e-01 4.969700e-13 1 
    0.516127 4.496791e-01 5.064200e-13 1 
    0.516402 4.611009e-01 5.187300e-13 1 
    0.516677 4.474613e-01 5.028500e-13 1 
    0.516952 4.309769e-01 4.838100e-13 1 
    0.517227 4.136899e-01 4.639100e-13 1 
    0.517502 3.984095e-01 4.463000e-13 1 
    0.517777 4.044451e-01 4.525800e-13 1 
    0.518052 4.144649e-01 4.633000e-13 1 
    0.518327 4.279979e-01 4.779200e-13 1 
    0.518602 4.264081e-01 4.756400e-13 1 
    0.518877 4.301990e-01 4.793600e-13 1 
    0.519152 4.393875e-01 4.890800e-13 1 
    0.519427 4.426861e-01 4.922300e-13 1 
    0.519702 4.416604e-01 4.905700e-13 1 
    0.519977 4.566742e-01 5.067100e-13 1 
    0.520252 4.640142e-01 5.143100e-13 1 
    0.520527 4.715405e-01 5.221000e-13 1 
    0.520802 4.703120e-01 5.201900e-13 1 
    0.521077 4.702024e-01 5.195200e-13 1 
    0.521352 4.528229e-01 4.997900e-13 1 
    0.521627 4.588333e-01 5.058900e-13 1 
    0.521902 4.672436e-01 5.146200e-13 1 
    0.522177 4.807060e-01 5.288900e-13 1 
    0.522452 4.800661e-01 5.276300e-13 1 
    0.522727 4.814369e-01 5.285800e-13 1 
    0.523002 4.818706e-01 5.285000e-13 1 
    0.523277 4.780420e-01 5.237500e-13 1 
    0.523552 4.844653e-01 5.302300e-13 1 
    0.523827 4.905354e-01 5.363100e-13 1 
    0.524102 4.847054e-01 5.293800e-13 1 
    0.524377 4.817863e-01 5.256400e-13 1 
    0.524652 4.961006e-01 5.406900e-13 1 
    0.524927 4.899433e-01 5.334200e-13 1 
    0.525202 4.845907e-01 5.270400e-13 1 
    0.525477 4.966404e-01 5.395800e-13 1 
    0.525752 4.886560e-01 5.303500e-13 1 
    0.526027 4.741976e-01 5.141200e-13 1 
    0.526302 4.822646e-01 5.223200e-13 1 
    0.526577 4.850887e-01 5.248300e-13 1 
    0.526852 4.746314e-01 5.129800e-13 1 
    0.527127 4.514068e-01 4.873700e-13 1 
    0.527402 4.591098e-01 4.951700e-13 1 
    0.527677 4.611016e-01 4.968000e-13 1 
    0.527952 4.700094e-01 5.058700e-13 1 
    0.528227 4.780422e-01 5.139800e-13 1 
    0.528502 4.865470e-01 5.225800e-13 1 
    0.528777 5.053303e-01 5.421900e-13 1 
    0.529052 5.117713e-01 5.485300e-13 1 
    0.529327 5.144235e-01 5.508000e-13 1 
    0.529602 5.337127e-01 5.708600e-13 1 
    0.529877 5.252264e-01 5.612000e-13 1 
    0.530152 5.133020e-01 5.478900e-13 1 
    0.530427 5.109273e-01 5.447900e-13 1 
    0.530702 5.178506e-01 5.516000e-13 1 
    0.530977 5.153707e-01 5.483900e-13 1 
    0.531252 5.297433e-01 5.631000e-13 1 
    0.531527 5.365167e-01 5.697100e-13 1 
    0.531802 5.403715e-01 5.732100e-13 1 
    0.532077 5.332772e-01 5.651000e-13 1 
    0.532352 5.337719e-01 5.650400e-13 1 
    0.532627 5.186070e-01 5.484200e-13 1 
    0.532902 5.131032e-01 5.420400e-13 1 
    0.533177 5.085254e-01 5.366500e-13 1 
    0.533452 4.942809e-01 5.210800e-13 1 
    0.533727 5.033841e-01 5.301300e-13 1 
    0.534002 5.019448e-01 5.280700e-13 1 
    0.534277 5.062680e-01 5.320700e-13 1 
    0.534552 5.248104e-01 5.509900e-13 1 
    0.534827 5.128028e-01 5.378300e-13 1 
    0.535102 5.091498e-01 5.334500e-13 1 
    0.535377 5.175556e-01 5.417000e-13 1 
    0.535652 5.206410e-01 5.443700e-13 1 
    0.535927 5.395290e-01 5.635400e-13 1 
    0.536202 5.545351e-01 5.786200e-13 1 
    0.536477 5.481487e-01 5.713700e-13 1 
    0.536752 5.404134e-01 5.627300e-13 1 
    0.537027 5.440724e-01 5.659600e-13 1 
    0.537302 5.279914e-01 5.486700e-13 1 
    0.537577 5.155950e-01 5.352400e-13 1 
    0.537852 5.142326e-01 5.332800e-13 1 
    0.538127 5.434560e-01 5.630100e-13 1 
    0.538402 5.394703e-01 5.583100e-13 1 
    0.538677 5.423815e-01 5.607500e-13 1 
    0.538952 5.468955e-01 5.648400e-13 1 
    0.539227 5.397291e-01 5.568700e-13 1 
    0.539502 5.338182e-01 5.502100e-13 1 
    0.539777 5.343334e-01 5.501800e-13 1 
    0.540052 5.235034e-01 5.384800e-13 1 
    0.540327 5.321140e-01 5.467800e-13 1 
    0.540602 5.159780e-01 5.296600e-13 1 
    0.540877 5.128463e-01 5.259100e-13 1 
    0.541152 5.002387e-01 5.124600e-13 1 
    0.541427 4.993695e-01 5.110500e-13 1 
    0.541702 5.047479e-01 5.160300e-13 1 
    0.541977 5.297976e-01 5.410900e-13 1 
    0.542252 5.437630e-01 5.547900e-13 1 
    0.542527 5.333753e-01 5.436400e-13 1 
    0.542802 5.431775e-01 5.530700e-13 1 
    0.543077 5.460383e-01 5.554200e-13 1 
    0.543352 5.331485e-01 5.417600e-13 1 
    0.543627 5.279256e-01 5.359100e-13 1 
    0.543902 5.412198e-01 5.488500e-13 1 
    0.544177 5.309389e-01 5.378800e-13 1 
    0.544452 5.327206e-01 5.391400e-13 1 
    0.544727 5.498657e-01 5.559300e-13 1 
    0.545002 5.452132e-01 5.506700e-13 1 
    0.545277 5.358130e-01 5.406300e-13 1 
    0.545552 5.457090e-01 5.500600e-13 1 
    0.545827 5.478482e-01 5.516600e-13 1 
    0.546102 5.543053e-01 5.576000e-13 1 
    0.546377 5.553911e-01 5.581300e-13 1 
    0.546652 5.496650e-01 5.518200e-13 1 
    0.546927 5.545954e-01 5.562100e-13 1 
    0.547202 5.388643e-01 5.398900e-13 1 
    0.547477 5.319427e-01 5.324200e-13 1 
    0.547752 5.417283e-01 5.416700e-13 1 
    0.548027 5.320310e-01 5.314400e-13 1 
    0.548302 5.308013e-01 5.296800e-13 1 
    0.548577 5.457889e-01 5.440900e-13 1 
    0.548852 5.372388e-01 5.350300e-13 1 
    0.549127 5.517588e-01 5.489400e-13 1 
    0.549402 5.557424e-01 5.523500e-13 1 
    0.549677 5.415140e-01 5.376700e-13 1 
    0.549952 5.421668e-01 5.377800e-13 1 
    0.550227 5.325873e-01 5.277500e-13 1 
    0.550502 5.435549e-01 5.380800e-13 1 
    0.550777 5.400129e-01 5.340400e-13 1 
    0.551052 5.480324e-01 5.414300e-13 1 
    0.551327 5.473738e-01 5.402400e-13 1 
    0.551602 5.416623e-01 5.340700e-13 1 
    0.551877 5.284259e-01 5.205000e-13 1 
    0.552152 5.471230e-01 5.383800e-13 1 
    0.552427 5.529680e-01 5.435900e-13 1 
    0.552702 5.623980e-01 5.523100e-13 1 
    0.552977 5.546608e-01 5.441700e-13 1 
    0.553252 5.452954e-01 5.344500e-13 1 
    0.553527 5.319172e-01 5.208200e-13 1 
    0.553802 5.554174e-01 5.432900e-13 1 
    0.554077 5.543216e-01 5.416800e-13 1 
    0.554352 5.500473e-01 5.369700e-13 1 
    0.554627 5.695009e-01 5.554100e-13 1 
    0.554902 5.286409e-01 5.150500e-13 1 
    0.555177 5.833606e-01 5.678000e-13 1 
    0.555452 5.972670e-01 5.807600e-13 1 
    0.555727 5.642267e-01 5.480900e-13 1 
    0.556002 5.958330e-01 5.782200e-13 1 
    0.556277 5.525537e-01 5.356900e-13 1 
    0.556552 5.804821e-01 5.622100e-13 1 
    0.556827 5.639511e-01 5.456600e-13 1 
    0.557102 5.396896e-01 5.216700e-13 1 
    0.557377 5.612031e-01 5.419300e-13 1 
    0.557652 5.261192e-01 5.075500e-13 1 
    0.557927 5.431258e-01 5.234400e-13 1 
    0.558202 5.649222e-01 5.439100e-13 1 
    0.558477 5.763329e-01 5.543500e-13 1 
    0.558752 5.450349e-01 5.237300e-13 1 
    0.559027 5.653431e-01 5.427100e-13 1 
    0.559302 5.466194e-01 5.242200e-13 1 
    0.559577 5.533361e-01 5.301400e-13 1 
    0.559852 5.415099e-01 5.183000e-13 1 
    0.560127 5.487666e-01 5.247300e-13 1 
    0.560402 5.436736e-01 5.193500e-13 1 
    0.560677 5.463030e-01 5.213500e-13 1 
    0.560952 5.836971e-01 5.564900e-13 1 
    0.561227 5.657175e-01 5.388200e-13 1 
    0.561502 5.934285e-01 5.646600e-13 1 
    0.561777 5.762525e-01 5.477800e-13 1 
    0.562052 5.691615e-01 5.405100e-13 1 
    0.562327 5.606855e-01 5.319400e-13 1 
    0.562602 5.664882e-01 5.369200e-13 1 
    0.562877 5.584349e-01 5.287700e-13 1 
    0.563152 5.527964e-01 5.229200e-13 1 
    0.563427 5.774204e-01 5.456800e-13 1 
    0.563702 5.881207e-01 5.552500e-13 1 
    0.563977 5.725155e-01 5.399900e-13 1 
    0.564252 5.816384e-01 5.480600e-13 1 
    0.564527 5.949319e-01 5.600400e-13 1 
    0.564802 5.722033e-01 5.381200e-13 1 
    0.565077 5.876725e-01 5.521300e-13 1 
    0.565352 5.816710e-01 5.459600e-13 1 
    0.565627 5.866095e-01 5.500600e-13 1 
    0.565902 5.793554e-01 5.427300e-13 1 
    0.566177 5.798972e-01 5.427100e-13 1 
    0.566452 5.592406e-01 5.228700e-13 1 
    0.566727 5.729414e-01 5.351600e-13 1 
    0.567002 5.791880e-01 5.404700e-13 1 
    0.567277 5.624154e-01 5.243100e-13 1 
    0.567552 5.957522e-01 5.548500e-13 1 
    0.567827 5.813260e-01 5.408900e-13 1 
    0.568102 6.019852e-01 5.595700e-13 1 
    0.568377 6.177193e-01 5.736400e-13 1 
    0.568652 6.090689e-01 5.650600e-13 1 
    0.568927 5.927622e-01 5.494000e-13 1 
    0.569202 6.036815e-01 5.589800e-13 1 
    0.569477 5.993139e-01 5.544000e-13 1 
    0.569752 5.936494e-01 5.486300e-13 1 
    0.570027 5.853412e-01 5.404300e-13 1 
    0.570302 5.966499e-01 5.503400e-13 1 
    0.570577 5.949249e-01 5.482200e-13 1 
    0.570852 5.881664e-01 5.414700e-13 1 
    0.571127 5.768166e-01 5.305100e-13 1 
    0.571402 5.811160e-01 5.339500e-13 1 
    0.571677 5.755967e-01 5.283700e-13 1 
    0.571952 5.747440e-01 5.270800e-13 1 
    0.572227 5.783966e-01 5.299200e-13 1 
    0.572502 5.808427e-01 5.316500e-13 1 
    0.572777 5.834131e-01 5.334900e-13 1 
    0.573052 6.078145e-01 5.552700e-13 1 
    0.573327 5.975507e-01 5.453700e-13 1 
    0.573602 6.025000e-01 5.493600e-13 1 
    0.573877 5.969962e-01 5.438200e-13 1 
    0.574152 6.048868e-01 5.504800e-13 1 
    0.574427 6.131325e-01 5.574500e-13 1 
    0.574702 6.125307e-01 5.563700e-13 1 
    0.574977 6.134807e-01 5.567000e-13 1 
    0.575252 5.998052e-01 5.437700e-13 1 
    0.575527 6.139703e-01 5.560800e-13 1 
    0.575802 6.173643e-01 5.586200e-13 1 
    0.576077 6.013057e-01 5.435700e-13 1 
    0.576352 6.155326e-01 5.559000e-13 1 
    0.576627 6.111104e-01 5.513800e-13 1 
    0.576902 6.125366e-01 5.521400e-13 1 
    0.577177 6.156081e-01 5.543800e-13 1 
    0.577452 6.227416e-01 5.602700e-13 1 
    0.577727 6.154691e-01 5.532000e-13 1 
    0.578002 6.182045e-01 5.551300e-13 1 
    0.578277 6.133755e-01 5.502700e-13 1 
    0.578552 6.102548e-01 5.469500e-13 1 
    0.578827 6.003594e-01 5.375700e-13 1 
    0.579102 5.763035e-01 5.155400e-13 1 
    0.579377 5.810805e-01 5.193200e-13 1 
    0.579652 6.001793e-01 5.358800e-13 1 
    0.579927 6.150087e-01 5.486000e-13 1 
    0.580202 6.282271e-01 5.598600e-13 1 
    0.580477 6.361683e-01 5.664000e-13 1 
    0.580752 6.143875e-01 5.464900e-13 1 
    0.581027 6.192119e-01 5.502600e-13 1 
    0.581302 6.272435e-01 5.568700e-13 1 
    0.581577 6.204299e-01 5.503000e-13 1 
    0.581852 6.301351e-01 5.583800e-13 1 
    0.582127 6.253880e-01 5.536500e-13 1 
    0.582402 6.341535e-01 5.608800e-13 1 
    0.582677 6.397547e-01 5.653000e-13 1 
    0.582952 6.286798e-01 5.549900e-13 1 
    0.583227 6.333209e-01 5.585600e-13 1 
    0.583502 6.402625e-01 5.641500e-13 1 
    0.583777 6.417749e-01 5.649500e-13 1 
    0.584052 6.503732e-01 5.719800e-13 1 
    0.584327 6.502232e-01 5.713100e-13 1 
    0.584602 6.520885e-01 5.724100e-13 1 
    0.584877 6.538538e-01 5.734200e-13 1 
    0.585152 6.398026e-01 5.605700e-13 1 
    0.585427 6.420949e-01 5.620500e-13 1 
    0.585702 6.423895e-01 5.617800e-13 1 
    0.585977 6.134517e-01 5.359700e-13 1 
    0.586252 6.056644e-01 5.286700e-13 1 
    0.586527 6.126086e-01 5.342300e-13 1 
    0.586802 6.320413e-01 5.506600e-13 1 
    0.587077 6.228800e-01 5.421700e-13 1 
    0.587352 6.317547e-01 5.493800e-13 1 
    0.587627 6.377907e-01 5.541100e-13 1 
    0.587902 6.426506e-01 5.578100e-13 1 
    0.588177 6.430213e-01 5.576100e-13 1 
    0.588452 6.090067e-01 5.276200e-13 1 
    0.588727 5.820330e-01 5.037800e-13 1 
    0.589002 5.786334e-01 5.003700e-13 1 
    0.589277 5.771714e-01 4.986400e-13 1 
    0.589552 5.693107e-01 4.913900e-13 1 
    0.589827 5.242095e-01 4.520400e-13 1 
    0.590102 5.494686e-01 4.733800e-13 1 
    0.590377 5.601467e-01 4.821300e-13 1 
    0.590652 5.923111e-01 5.093400e-13 1 
    0.590927 6.095659e-01 5.236900e-13 1 
    0.591202 6.398659e-01 5.492100e-13 1 
    0.591477 6.426887e-01 5.511200e-13 1 
    0.591752 6.485973e-01 5.556700e-13 1 
    0.592027 6.293272e-01 5.386600e-13 1 
    0.592302 6.305786e-01 5.392300e-13 1 
    0.592577 6.452920e-01 5.513000e-13 1 
    0.592852 6.643552e-01 5.670600e-13 1 
    0.593127 6.649365e-01 5.670300e-13 1 
    0.593402 6.262677e-01 5.335600e-13 1 
    0.593677 6.220549e-01 5.294800e-13 1 
    0.593952 6.307454e-01 5.363800e-13 1 
    0.594227 6.322947e-01 5.372000e-13 1 
    0.594502 6.392654e-01 5.426200e-13 1 
    0.594777 6.308714e-01 5.350000e-13 1 
    0.595052 6.486282e-01 5.495500e-13 1 
    0.595327 6.463925e-01 5.471500e-13 1 
    0.595602 6.413849e-01 5.424100e-13 1 
    0.595877 6.342960e-01 5.359200e-13 1 
    0.596152 6.390753e-01 5.394600e-13 1 
    0.596427 6.458665e-01 5.446900e-13 1 
    0.596702 6.577016e-01 5.541600e-13 1 
    0.596977 6.560628e-01 5.522700e-13 1 
    0.597252 6.454667e-01 5.428500e-13 1 
    0.597527 6.591288e-01 5.538300e-13 1 
    0.597802 6.746379e-01 5.663400e-13 1 
    0.598077 6.587212e-01 5.524700e-13 1 
    0.598352 6.361032e-01 5.330100e-13 1 
    0.598627 6.512611e-01 5.452100e-13 1 
    0.598902 6.464196e-01 5.406600e-13 1 
    0.599177 6.415563e-01 5.361000e-13 1 
    0.599452 6.488292e-01 5.416800e-13 1 
    0.599727 6.579608e-01 5.488000e-13 1 
    0.600002 6.499004e-01 5.415800e-13 1 
    0.600277 6.434818e-01 5.357400e-13 1 
    0.600552 6.466321e-01 5.378700e-13 1 
    0.600827 6.336873e-01 5.266200e-13 1 
    0.601102 6.695327e-01 5.559000e-13 1 
    0.601377 6.530874e-01 5.417500e-13 1 
    0.601652 6.351994e-01 5.264300e-13 1 
    0.601927 6.201766e-01 5.135100e-13 1 
    0.602202 6.596070e-01 5.456600e-13 1 
    0.602477 6.294774e-01 5.202600e-13 1 
    0.602752 6.336368e-01 5.232200e-13 1 
    0.603027 6.423970e-01 5.299700e-13 1 
    0.603302 6.620674e-01 5.457000e-13 1 
    0.603577 6.566237e-01 5.407200e-13 1 
    0.603852 6.788938e-01 5.585500e-13 1 
    0.604127 6.772616e-01 5.567000e-13 1 
    0.604402 6.732025e-01 5.528600e-13 1 
    0.604677 6.841261e-01 5.613200e-13 1 
    0.604952 6.596920e-01 5.407800e-13 1 
    0.605227 6.807192e-01 5.575100e-13 1 
    0.605502 6.770728e-01 5.540200e-13 1 
    0.605777 6.652111e-01 5.438200e-13 1 
    0.606052 6.534984e-01 5.337600e-13 1 
    0.606327 6.460283e-01 5.271800e-13 1 
    0.606602 6.480249e-01 5.283300e-13 1 
    0.606877 6.573045e-01 5.354100e-13 1 
    0.607152 6.639582e-01 5.403400e-13 1 
    0.607427 6.632192e-01 5.392500e-13 1 
    0.607702 6.607546e-01 5.367600e-13 1 
    0.607977 6.625726e-01 5.377500e-13 1 
    0.608252 6.516414e-01 5.284000e-13 1 
    0.608527 6.709806e-01 5.435900e-13 1 
    0.608802 6.857949e-01 5.550900e-13 1 
    0.609077 6.826307e-01 5.520300e-13 1 
    0.609352 6.666126e-01 5.385900e-13 1 
    0.609627 6.585180e-01 5.315700e-13 1 
    0.609902 6.529248e-01 5.265800e-13 1 
    0.610177 6.700819e-01 5.399300e-13 1 
    0.610452 6.623386e-01 5.332100e-13 1 
    0.610727 6.638804e-01 5.339700e-13 1 
    0.611002 6.752675e-01 5.426400e-13 1 
    0.611277 6.533438e-01 5.245500e-13 1 
    0.611552 6.560386e-01 5.262400e-13 1 
    0.611827 6.687695e-01 5.359700e-13 1 
    0.612102 6.610408e-01 5.293000e-13 1 
    0.612377 6.795227e-01 5.436100e-13 1 
    0.612652 6.750409e-01 5.395400e-13 1 
    0.612927 6.689975e-01 5.342300e-13 1 
    0.613202 6.520506e-01 5.202300e-13 1 
    0.613477 6.739622e-01 5.372300e-13 1 
    0.613752 6.762115e-01 5.385400e-13 1 
    0.614027 6.693524e-01 5.326000e-13 1 
    0.614302 6.359388e-01 5.055600e-13 1 
    0.614577 6.407638e-01 5.089400e-13 1 
    0.614852 6.498433e-01 5.156900e-13 1 
    0.615127 6.637312e-01 5.262400e-13 1 
    0.615402 6.706241e-01 5.312300e-13 1 
    0.615677 6.550505e-01 5.184300e-13 1 
    0.615952 6.552311e-01 5.181100e-13 1 
    0.616227 6.600187e-01 5.214300e-13 1 
    0.616502 6.472039e-01 5.108500e-13 1 
    0.616777 6.472615e-01 5.104400e-13 1 
    0.617052 6.292707e-01 4.958100e-13 1 
    0.617327 6.214350e-01 4.892000e-13 1 
    0.617602 6.229551e-01 4.899600e-13 1 
    0.617877 6.323671e-01 4.969200e-13 1 
    0.618152 6.462404e-01 5.073700e-13 1 
    0.618427 6.472107e-01 5.076800e-13 1 
    0.618702 6.606992e-01 5.178000e-13 1 
    0.618977 6.589113e-01 5.159400e-13 1 
    0.619252 6.488492e-01 5.076100e-13 1 
    0.619527 6.465086e-01 5.053300e-13 1 
    0.619802 6.355453e-01 4.963200e-13 1 
    0.620077 6.355582e-01 4.958900e-13 1 
    0.620352 6.602257e-01 5.146800e-13 1 
    0.620627 6.779002e-01 5.279900e-13 1 
    0.620902 6.698397e-01 5.212500e-13 1 
    0.621177 6.713465e-01 5.219600e-13 1 
    0.621452 6.632643e-01 5.152200e-13 1 
    0.621727 6.627433e-01 5.143600e-13 1 
    0.622002 6.627237e-01 5.138900e-13 1 
    0.622277 6.435483e-01 4.985800e-13 1 
    0.622552 6.462359e-01 5.002200e-13 1 
    0.622827 6.541126e-01 5.058700e-13 1 
    0.623102 6.808459e-01 5.260800e-13 1 
    0.623377 6.906309e-01 5.331700e-13 1 
    0.623652 6.733232e-01 5.193500e-13 1 
    0.623927 6.656772e-01 5.130000e-13 1 
    0.624202 6.870313e-01 5.289900e-13 1 
    0.624477 6.716870e-01 5.167200e-13 1 
    0.624752 6.490809e-01 4.988900e-13 1 
    0.625027 6.540539e-01 5.022700e-13 1 
    0.625302 6.504328e-01 4.990500e-13 1 
    0.625577 6.561577e-01 5.030000e-13 1 
    0.625852 6.639289e-01 5.085100e-13 1 
    0.626127 6.560836e-01 5.020600e-13 1 
    0.626402 6.431491e-01 4.917300e-13 1 
    0.626677 6.460835e-01 4.935400e-13 1 
    0.626952 6.506468e-01 4.965900e-13 1 
    0.627227 6.600040e-01 5.032900e-13 1 
    0.627502 6.361042e-01 4.846400e-13 1 
    0.627777 6.383170e-01 4.859000e-13 1 
    0.628052 6.490926e-01 4.936700e-13 1 
    0.628327 6.434235e-01 4.889300e-13 1 
    0.628602 6.788118e-01 5.153700e-13 1 
    0.628877 6.415710e-01 4.866700e-13 1 
    0.629152 6.600503e-01 5.002500e-13 1 
    0.629427 6.931933e-01 5.249100e-13 1 
    0.629702 3.544402e-01 2.681600e-13 1 
    0.629977 5.284735e-01 3.994800e-13 1 
    0.630252 6.339989e-01 4.788300e-13 1 
    0.630527 7.030659e-01 5.305300e-13 1 
    0.630802 7.146882e-01 5.388300e-13 1 
    0.631077 7.166258e-01 5.398200e-13 1 
    0.631352 6.879530e-01 5.177700e-13 1 
    0.631627 6.972495e-01 5.243100e-13 1 
    0.631902 7.068411e-01 5.310600e-13 1 
    0.632177 7.228029e-01 5.425800e-13 1 
    0.632452 6.807257e-01 5.105500e-13 1 
    0.632727 6.616610e-01 4.958200e-13 1 
    0.633002 7.017044e-01 5.253700e-13 1 
    0.633277 7.116451e-01 5.323500e-13 1 
    0.633552 6.904545e-01 5.160500e-13 1 
    0.633827 7.111676e-01 5.310700e-13 1 
    0.634102 7.188750e-01 5.363600e-13 1 
    0.634377 6.928978e-01 5.165300e-13 1 
    0.634652 6.749303e-01 5.027000e-13 1 
    0.634927 6.985073e-01 5.198100e-13 1 
    0.635202 6.876402e-01 5.112800e-13 1 
    0.635477 7.263170e-01 5.395700e-13 1 
    0.635752 7.222169e-01 5.360600e-13 1 
    0.636027 6.705765e-01 4.973000e-13 1 
    0.636302 6.750703e-01 5.002000e-13 1 
    0.636577 7.043713e-01 5.214600e-13 1 
    0.636852 6.507404e-01 4.813400e-13 1 
    0.637127 6.729251e-01 4.973200e-13 1 
    0.637402 7.064420e-01 5.216400e-13 1 
    0.637677 6.987293e-01 5.155000e-13 1 
    0.637952 7.313344e-01 5.390900e-13 1 
    0.638227 6.951421e-01 5.119700e-13 1 
    0.638502 7.240482e-01 5.328000e-13 1 
    0.638777 7.036310e-01 5.173300e-13 1 
    0.639052 6.913319e-01 5.078500e-13 1 
    0.639327 7.178547e-01 5.268800e-13 1 
    0.639602 7.125815e-01 5.225600e-13 1 
    0.639877 7.115157e-01 5.213300e-13 1 
    0.640152 6.993828e-01 5.120000e-13 1 
    0.640427 6.851775e-01 5.011700e-13 1 
    0.640702 7.019534e-01 5.130000e-13 1 
    0.640977 7.005429e-01 5.115300e-13 1 
    0.641252 7.205804e-01 5.257100e-13 1 
    0.641527 7.184548e-01 5.237100e-13 1 
    0.641802 7.140319e-01 5.200400e-13 1 
    0.642077 7.174062e-01 5.220500e-13 1 
    0.642352 7.006084e-01 5.093900e-13 1 
    0.642627 7.042093e-01 5.115700e-13 1 
    0.642902 7.126653e-01 5.172700e-13 1 
    0.643177 7.087660e-01 5.140000e-13 1 
    0.643452 7.178736e-01 5.201600e-13 1 
    0.643727 7.041773e-01 5.098000e-13 1 
    0.644002 7.004381e-01 5.066600e-13 1 
    0.644277 7.013686e-01 5.069000e-13 1 
    0.644552 7.021198e-01 5.070100e-13 1 
    0.644827 7.044377e-01 5.082500e-13 1 
    0.645102 7.083957e-01 5.106700e-13 1 
    0.645377 7.045431e-01 5.074600e-13 1 
    0.645652 6.955001e-01 5.005200e-13 1 
    0.645927 6.968437e-01 5.010600e-13 1 
    0.646202 7.096304e-01 5.098200e-13 1 
    0.646477 7.139401e-01 5.124800e-13 1 
    0.646752 7.214913e-01 5.174600e-13 1 
    0.647027 7.010053e-01 5.023400e-13 1 
    0.647302 7.017410e-01 5.024400e-13 1 
    0.647577 7.129191e-01 5.100100e-13 1 
    0.647852 7.236958e-01 5.172800e-13 1 
    0.648127 7.265927e-01 5.189100e-13 1 
    0.648402 7.144285e-01 5.097900e-13 1 
    0.648677 7.286259e-01 5.194800e-13 1 
    0.648952 7.098012e-01 5.056300e-13 1 
    0.649227 7.082814e-01 5.041200e-13 1 
    0.649502 6.965072e-01 4.953200e-13 1 
    0.649777 7.124796e-01 5.062500e-13 1 
    0.650052 7.299573e-01 5.182300e-13 1 
    0.650327 7.065952e-01 5.012200e-13 1 
    0.650602 6.857325e-01 4.860100e-13 1 
    0.650877 6.552736e-01 4.640300e-13 1 
    0.651152 6.765892e-01 4.787200e-13 1 
    0.651427 7.132736e-01 5.042500e-13 1 
    0.651702 7.129699e-01 5.036100e-13 1 
    0.651977 7.196645e-01 5.079100e-13 1 
    0.652252 7.430323e-01 5.239600e-13 1 
    0.652527 7.223836e-01 5.089700e-13 1 
    0.652802 7.277797e-01 5.123400e-13 1 
    0.653077 7.413305e-01 5.214400e-13 1 
    0.653352 7.487706e-01 5.262300e-13 1 
    0.653627 7.296205e-01 5.123400e-13 1 
    0.653902 7.281678e-01 5.108900e-13 1 
    0.654177 7.700917e-01 5.398500e-13 1 
    0.654452 7.682835e-01 5.381300e-13 1 
    0.654727 7.435094e-01 5.203400e-13 1 
    0.655002 8.217023e-01 5.745800e-13 1 
    0.655277 8.437902e-01 5.895300e-13 1 
    0.655552 8.965698e-01 6.258800e-13 1 
    0.655827 9.051788e-01 6.313600e-13 1 
    0.656102 8.901973e-01 6.203900e-13 1 
    0.656377 9.533997e-01 6.638800e-13 1 
    0.656652 1.269616e+00 8.833300e-13 1 
    0.656927 1.687804e+00 1.173300e-12 1 
    0.657202 1.779776e+00 1.236200e-12 1 
    0.657477 1.444522e+00 1.002500e-12 1 
    0.657752 1.062630e+00 7.368500e-13 1 
    0.658027 8.501513e-01 5.890200e-13 1 
    0.658302 7.944672e-01 5.499800e-13 1 
    0.658577 9.483947e-01 6.559900e-13 1 
    0.658852 1.135800e+00 7.849600e-13 1 
    0.659127 1.252515e+00 8.649000e-13 1 
    0.659402 1.203021e+00 8.300300e-13 1 
    0.659677 1.032087e+00 7.115000e-13 1 
    0.659952 9.110265e-01 6.275200e-13 1 
    0.660227 8.118050e-01 5.587100e-13 1 
    0.660502 7.656268e-01 5.264900e-13 1 
    0.660777 7.500802e-01 5.153700e-13 1 
    0.661052 7.500929e-01 5.149500e-13 1 
    0.661327 7.392731e-01 5.071000e-13 1 
    0.661602 7.620364e-01 5.222800e-13 1 
    0.661877 7.570189e-01 5.184100e-13 1 
    0.662152 7.368365e-01 5.041700e-13 1 
    0.662427 7.445720e-01 5.090400e-13 1 
    0.662702 7.565357e-01 5.167900e-13 1 
    0.662977 7.453108e-01 5.087000e-13 1 
    0.663252 7.602994e-01 5.185000e-13 1 
    0.663527 7.722303e-01 5.262000e-13 1 
    0.663802 7.538058e-01 5.132200e-13 1 
    0.664077 7.224728e-01 4.914800e-13 1 
    0.664352 7.351205e-01 4.996700e-13 1 
    0.664627 7.405882e-01 5.029700e-13 1 
    0.664902 7.427191e-01 5.040000e-13 1 
    0.665177 7.548227e-01 5.117900e-13 1 
    0.665452 7.568198e-01 5.127200e-13 1 
    0.665727 7.514328e-01 5.086500e-13 1 
    0.666002 7.376233e-01 4.988900e-13 1 
    0.666277 7.410293e-01 5.007800e-13 1 
    0.666552 7.487646e-01 5.055900e-13 1 
    0.666827 7.237110e-01 4.882700e-13 1 
    0.667102 7.133455e-01 4.808800e-13 1 
    0.667377 7.412066e-01 4.992500e-13 1 
    0.667652 7.400494e-01 4.980600e-13 1 
    0.667927 7.498643e-01 5.042500e-13 1 
    0.668202 7.551849e-01 5.074100e-13 1 
    0.668477 7.482994e-01 5.023700e-13 1 
    0.668752 7.726183e-01 5.182700e-13 1 
    0.669027 7.636753e-01 5.118500e-13 1 
    0.669302 7.702612e-01 5.158400e-13 1 
    0.669577 7.628393e-01 5.104500e-13 1 
    0.669852 7.588144e-01 5.073400e-13 1 
    0.670127 7.569078e-01 5.056500e-13 1 
    0.670402 7.567502e-01 5.051300e-13 1 
    0.670677 7.104112e-01 4.738100e-13 1 
    0.670952 7.404355e-01 4.934300e-13 1 
    0.671227 7.334133e-01 4.883500e-13 1 
    0.671502 7.475418e-01 4.973500e-13 1 
    0.671777 7.834898e-01 5.208400e-13 1 
    0.672052 8.215434e-01 5.456900e-13 1 
    0.672327 8.482373e-01 5.629600e-13 1 
    0.672602 8.717772e-01 5.781100e-13 1 
    0.672877 8.476487e-01 5.616500e-13 1 
    0.673152 7.933614e-01 5.252500e-13 1 
    0.673427 8.139639e-01 5.384500e-13 1 
    0.673702 8.875059e-01 5.866200e-13 1 
    0.673977 8.756179e-01 5.782900e-13 1 
    0.674252 8.431455e-01 5.563900e-13 1 
    0.674527 7.866416e-01 5.186800e-13 1 
    0.674802 7.613429e-01 5.015900e-13 1 
    0.675077 7.752405e-01 5.103300e-13 1 
    0.675352 7.313265e-01 4.810300e-13 1 
    0.675627 7.305223e-01 4.801100e-13 1 
    0.675902 7.488884e-01 4.917800e-13 1 
    0.676177 7.489035e-01 4.913900e-13 1 
    0.676452 7.526091e-01 4.934200e-13 1 
    0.676727 7.325672e-01 4.798900e-13 1 
    0.677002 7.856417e-01 5.142400e-13 1 
    0.677277 7.873809e-01 5.149600e-13 1 
    0.677552 7.578897e-01 4.952700e-13 1 
    0.677827 7.446910e-01 4.862500e-13 1 
    0.678102 7.429810e-01 4.847400e-13 1 
    0.678377 7.476333e-01 4.873800e-13 1 
    0.678652 7.469654e-01 4.865500e-13 1 
    0.678927 7.397041e-01 4.814300e-13 1 
    0.679202 7.661833e-01 4.982600e-13 1 
    0.679477 7.632027e-01 4.959200e-13 1 
    0.679752 7.345721e-01 4.769300e-13 1 
    0.680027 7.525695e-01 4.882200e-13 1 
    0.680302 7.551376e-01 4.894900e-13 1 
    0.680577 7.414666e-01 4.802400e-13 1 
    0.680852 7.607629e-01 4.923400e-13 1 
    0.681127 7.735016e-01 5.001800e-13 1 
    0.681402 7.639116e-01 4.935800e-13 1 
    0.681677 7.778337e-01 5.021700e-13 1 
    0.681952 7.801822e-01 5.032800e-13 1 
    0.682227 7.807029e-01 5.032100e-13 1 
    0.682502 8.145291e-01 5.245900e-13 1 
    0.682777 8.370653e-01 5.386700e-13 1 
    0.683912 7.827400e-01 5.020400e-13 0 
    0.685488 7.809165e-01 4.985700e-13 0 
    0.687068 7.737262e-01 4.917100e-13 0 
    0.688652 7.808546e-01 4.939600e-13 0 
    0.690240 7.578115e-01 4.771800e-13 0 
    0.691831 7.808053e-01 4.894000e-13 0 
    0.693426 7.825824e-01 4.882600e-13 0 
    0.695024 8.044854e-01 4.996200e-13 0 
    0.696626 8.081658e-01 4.996000e-13 0 
    0.698233 8.156203e-01 5.018900e-13 0 
    0.699842 7.933600e-01 4.859500e-13 0 
    0.701455 8.212132e-01 5.007000e-13 0 
    0.703072 8.193028e-01 4.972400e-13 0 
    0.704693 8.192779e-01 4.949400e-13 0 
    0.706318 8.422013e-01 5.064500e-13 0 
    0.707946 7.987258e-01 4.781000e-13 0 
    0.709578 8.267820e-01 4.926200e-13 0 
    0.711214 7.913638e-01 4.693500e-13 0 
    0.712853 7.858854e-01 4.639600e-13 0 
    0.714496 7.876745e-01 4.628800e-13 0 
    0.716143 7.985927e-01 4.671400e-13 0 
    0.717794 8.040996e-01 4.682000e-13 0 
    0.719449 7.894023e-01 4.575300e-13 0 
    0.721108 7.660939e-01 4.419800e-13 0 
    0.722770 8.058836e-01 4.628000e-13 0 
    0.724436 8.322572e-01 4.757500e-13 0 
    0.726106 8.226896e-01 4.681200e-13 0 
    0.727780 8.341144e-01 4.724400e-13 0 
    0.729457 8.302473e-01 4.680900e-13 0 
    0.731139 8.094550e-01 4.542700e-13 0 
    0.732825 8.436780e-01 4.713000e-13 0 
    0.734514 8.573726e-01 4.767500e-13 0 
    0.736207 8.752951e-01 4.844800e-13 0 
    0.737904 8.813314e-01 4.855800e-13 0 
    0.739605 9.164699e-01 5.026200e-13 0 
    0.741310 9.038659e-01 4.934300e-13 0 
    0.743019 8.996835e-01 4.888900e-13 0 
    0.744732 9.291275e-01 5.025700e-13 0 
    0.746449 9.016944e-01 4.854900e-13 0 
    0.748170 8.933931e-01 4.788100e-13 0 
    0.749894 9.354730e-01 4.990600e-13 0 
    0.751623 9.375885e-01 4.978900e-13 0 
    0.753356 9.506005e-01 5.024800e-13 0 
    0.755092 9.418538e-01 4.955700e-13 0 
    0.756833 9.637488e-01 5.047600e-13 0 
    0.758578 9.526994e-01 4.966800e-13 0 
    0.760326 9.548405e-01 4.955100e-13 0 
    0.762079 9.548154e-01 4.932200e-13 0 
    0.763836 9.097081e-01 4.677600e-13 0 
    0.765597 9.481772e-01 4.853000e-13 0 
    0.767361 9.265639e-01 4.720600e-13 0 
    0.769130 9.351001e-01 4.742200e-13 0 
    0.770904 9.329212e-01 4.709400e-13 0 
    0.772681 9.307392e-01 4.676800e-13 0 
    0.774462 9.221593e-01 4.612400e-13 0 
    0.776247 9.178989e-01 4.570000e-13 0 
    0.778037 9.306320e-01 4.612100e-13 0 
    0.779830 9.199458e-01 4.538200e-13 0 
    0.781628 9.284287e-01 4.559000e-13 0 
    0.783430 9.676784e-01 4.729900e-13 0 
    0.785236 9.283463e-01 4.516800e-13 0 
    0.787046 9.521434e-01 4.611300e-13 0 
    0.788860 9.697925e-01 4.675200e-13 0 
    0.790679 9.787297e-01 4.696600e-13 0 
    0.792501 9.652620e-01 4.610700e-13 0 
    0.794328 9.519878e-01 4.526400e-13 0 
    0.796159 9.345767e-01 4.423200e-13 0 
    0.797995 9.541115e-01 4.494900e-13 0 
    0.799834 9.718206e-01 4.557300e-13 0 
    0.801678 9.584400e-01 4.473900e-13 0 
    0.803526 1.001259e+00 4.652300e-13 0 
    0.805378 1.015155e+00 4.695200e-13 0 
    0.807235 1.008134e+00 4.641300e-13 0 
    0.809096 9.783758e-01 4.483600e-13 0 
    0.810961 1.001109e+00 4.566700e-13 0 
    0.812831 1.010334e+00 4.587600e-13 0 
    0.814704 1.019641e+00 4.608600e-13 0 
    0.816582 1.010256e+00 4.545200e-13 0 
    0.818465 9.427961e-01 4.222200e-13 0 
    0.820352 9.849247e-01 4.390600e-13 0 
    0.822243 1.005517e+00 4.461800e-13 0 
    0.824138 1.003161e+00 4.430900e-13 0 
    0.826038 1.062561e+00 4.671700e-13 0 
    0.827942 1.035932e+00 4.533700e-13 0 
    0.829851 1.026391e+00 4.471300e-13 0 
    0.831764 1.031105e+00 4.471200e-13 0 
    0.833681 1.047818e+00 4.522800e-13 0 
    0.835603 1.009877e+00 4.339000e-13 0 
    0.837529 1.059852e+00 4.532800e-13 0 
    0.839460 1.050110e+00 4.470500e-13 0 
    0.841395 1.069588e+00 4.532500e-13 0 
    0.843335 1.045200e+00 4.408800e-13 0 
    0.845279 1.089369e+00 4.574000e-13 0 
    0.847227 1.049940e+00 4.388200e-13 0 
    0.849180 1.004958e+00 4.180900e-13 0 
    0.851138 1.076777e+00 4.459100e-13 0 
    0.853100 1.071801e+00 4.418100e-13 0 
    0.855067 1.059470e+00 4.347200e-13 0 
    0.857038 9.796459e-01 4.001200e-13 0 
    0.859014 1.084081e+00 4.407400e-13 0 
    0.860994 1.079052e+00 4.366800e-13 0 
    0.862979 1.071571e+00 4.316600e-13 0 
    0.864968 1.096492e+00 4.396700e-13 0 
    0.866962 1.059212e+00 4.227700e-13 0 
    0.868960 9.884902e-01 3.927300e-13 0 
    0.870964 1.018467e+00 4.027800e-13 0 
    0.872971 1.101356e+00 4.335600e-13 0 
    0.874984 1.111519e+00 4.355500e-13 0 
    0.877001 1.086166e+00 4.236600e-13 0 
    0.879023 1.111425e+00 4.315200e-13 0 
    0.881049 1.147785e+00 4.435900e-13 0 
    0.883080 1.053993e+00 4.054700e-13 0 
    0.885116 1.142424e+00 4.374700e-13 0 
    0.887156 1.137124e+00 4.334400e-13 0 
    0.889201 1.058745e+00 4.017100e-13 0 
    0.891251 1.108591e+00 4.186900e-13 0 
    0.893305 1.113654e+00 4.186700e-13 0 
    0.895365 1.113612e+00 4.167300e-13 0 
    0.897429 1.113570e+00 4.148000e-13 0 
    0.899498 1.070759e+00 3.970200e-13 0 
    0.901571 1.020183e+00 3.765300e-13 0 
    0.903650 1.031944e+00 3.791200e-13 0 
    0.905733 1.193011e+00 4.362800e-13 0 
    0.907820 1.217937e+00 4.433500e-13 0 
    0.909913 1.198390e+00 4.342300e-13 0 
    0.912011 1.181909e+00 4.262900e-13 0 
    0.914113 1.070435e+00 3.843100e-13 0 
    0.916220 1.128625e+00 4.033400e-13 0 
    0.918333 1.173614e+00 4.174900e-13 0 
    0.920450 1.181714e+00 4.184400e-13 0 
    0.922571 1.189833e+00 4.193800e-13 0 
    0.924698 1.128431e+00 3.959100e-13 0 
    0.926830 1.138823e+00 3.977200e-13 0 
    0.928966 1.228650e+00 4.271200e-13 0 
    0.931108 1.136096e+00 3.931300e-13 0 
    0.933254 1.206139e+00 4.154500e-13 0 
    0.935406 1.214449e+00 4.163900e-13 0 
    0.937562 1.200481e+00 4.097100e-13 0 
    0.939723 1.219945e+00 4.144400e-13 0 
    0.941890 1.200382e+00 4.059200e-13 0 
    0.944061 1.236789e+00 4.163100e-13 0 
    0.946237 1.225396e+00 4.105800e-13 0 
    0.948418 1.253898e+00 4.182000e-13 0 
    0.950605 1.256736e+00 4.172200e-13 0 
    0.952796 1.236572e+00 4.086400e-13 0 
    0.954993 1.242221e+00 4.086200e-13 0 
    0.957194 1.202753e+00 3.938200e-13 0 
    0.959401 1.247854e+00 4.067100e-13 0 
    0.961612 1.265141e+00 4.104500e-13 0 
    0.963829 1.273861e+00 4.113800e-13 0 
    0.966051 1.265026e+00 4.066500e-13 0 
    0.968278 1.270803e+00 4.066300e-13 0 
    0.970510 1.288442e+00 4.103800e-13 0 
    0.972747 1.276568e+00 4.047300e-13 0 
    0.974990 1.270643e+00 4.010000e-13 0 
    0.977237 1.273514e+00 4.000600e-13 0 
    0.979490 1.282271e+00 4.009600e-13 0 
    0.981748 1.297057e+00 4.037200e-13 0 
    0.984011 1.291037e+00 4.000000e-13 0 
    0.986279 1.302929e+00 4.018300e-13 0 
    0.988553 1.299856e+00 3.990400e-13 0 
    0.990832 1.302812e+00 3.981100e-13 0 
    0.993116 1.299752e+00 3.953500e-13 0 
    0.995405 1.311695e+00 3.971500e-13 0 
    0.997700 1.320737e+00 3.980500e-13 0 
    1.000000 1.320667e+00 3.962000e-13 0 
    1.004615 1.323600e+00 3.934400e-13 0 
    1.009253 1.314357e+00 3.871100e-13 0 
    1.013912 1.351055e+00 3.942700e-13 0 
    1.018591 1.350930e+00 3.906200e-13 0 
    1.023294 1.366436e+00 3.914800e-13 0 
    1.028017 1.378937e+00 3.914400e-13 0 
    1.032761 1.385187e+00 3.896100e-13 0 
    1.051962 1.391026e+00 3.771000e-13 0 
    1.071520 1.384101e+00 3.616500e-13 0 
    1.091441 1.380929e+00 3.477700e-13 0 
    1.111732 1.377753e+00 3.344200e-13 0 
    1.132400 1.400133e+00 3.275600e-13 0 
    1.150800 1.432760e+00 3.245600e-13 0 
    1.172195 1.445995e+00 3.157100e-13 0 
    1.191243 1.442664e+00 3.049900e-13 0 
    1.210599 1.459395e+00 2.987400e-13 0 
    1.233105 1.489934e+00 2.939600e-13 0 
    1.253141 1.496817e+00 2.859500e-13 0 
    1.270574 1.500277e+00 2.788000e-13 0 
    1.291219 1.514138e+00 2.724500e-13 0 
    1.312200 1.535218e+00 2.674800e-13 0 
    1.333521 1.538744e+00 2.595900e-13 0 
    1.352073 1.549438e+00 2.542700e-13 0 
    1.370882 1.563780e+00 2.496300e-13 0 
    1.393157 1.560149e+00 2.411500e-13 0 
    1.412538 1.535222e+00 2.308300e-13 0 
    1.432188 1.553003e+00 2.271400e-13 0 
    1.452112 1.600169e+00 2.276600e-13 0 
    1.472313 1.592830e+00 2.204400e-13 0 
    1.492794 1.652607e+00 2.224800e-13 0 
    1.513561 1.698907e+00 2.224800e-13 0 
    1.531087 1.758639e+00 2.250600e-13 0 
    1.552387 1.791283e+00 2.229900e-13 0 
    1.573983 1.807858e+00 2.189200e-13 0 
    1.592209 1.783041e+00 2.110000e-13 0 
    1.610645 1.828809e+00 2.114900e-13 0 
    1.633051 1.871421e+00 2.105200e-13 0 
    1.651962 1.880084e+00 2.066800e-13 0 
    1.671091 1.910566e+00 2.052500e-13 0 
    1.694338 1.923806e+00 2.010400e-13 0 
    1.713958 1.928275e+00 1.969200e-13 0 
    1.733803 1.897433e+00 1.893600e-13 0 
    1.753880 1.884416e+00 1.837800e-13 0 
    1.774190 1.854235e+00 1.767200e-13 0 
    1.794734 1.828816e+00 1.703300e-13 0 
    1.811340 1.774886e+00 1.622900e-13 0 
    1.832314 1.770791e+00 1.582300e-13 0 
    1.853532 1.750543e+00 1.528600e-13 0 
    1.874994 1.710692e+00 1.459800e-13 0 
    1.892343 1.698928e+00 1.423300e-13 0 
    1.914256 1.706744e+00 1.397300e-13 0 
    1.931967 1.679499e+00 1.349900e-13 0 
    1.954339 1.652672e+00 1.298100e-13 0 
    1.972423 1.629970e+00 1.256900e-13 0 
    1.995263 1.618705e+00 1.219800e-13 0 
    2.013724 1.618654e+00 1.197500e-13 0 
    2.032357 1.592849e+00 1.156900e-13 0 
    2.051161 1.600162e+00 1.141000e-13 0 
    2.074913 1.592804e+00 1.109900e-13 0 
    2.094113 1.585582e+00 1.084700e-13 0 
    2.113488 1.581854e+00 1.062400e-13 0 
    2.133045 1.574562e+00 1.038200e-13 0 
    2.152783 1.570932e+00 1.016900e-13 0 
    2.172701 1.545865e+00 9.824100e-14 0 
    2.192805 1.545867e+00 9.644800e-14 0 
    2.213094 1.531684e+00 9.381900e-14 0 
    2.233572 1.517656e+00 9.126300e-14 0 
    2.254240 1.507202e+00 8.898000e-14 0 
    2.275097 1.493382e+00 8.655500e-14 0 
    2.296149 1.371431e+00 7.803600e-14 0 
    2.312064 1.377750e+00 7.732000e-14 0 
    2.333458 1.233589e+00 6.796600e-14 0 
    2.355050 1.186234e+00 6.416400e-14 0 
    2.371374 1.216663e+00 6.490700e-14 0 
    2.393317 1.143321e+00 5.988100e-14 0 
    2.415460 1.125056e+00 5.784900e-14 0 
    2.432205 1.130239e+00 5.731800e-14 0 
    2.454708 1.074403e+00 5.349200e-14 0 
    2.471725 1.074424e+00 5.275900e-14 0 
    2.494594 9.336158e-01 4.500800e-14 0 
    2.511887 9.357732e-01 4.449300e-14 0 
    2.535128 9.575613e-01 4.469800e-14 0 
    2.552702 9.642150e-01 4.439100e-14 0 
    2.576320 9.957907e-01 4.500800e-14 0 
    2.594179 9.889388e-01 4.408500e-14 0 
    2.612160 9.981013e-01 4.388300e-14 0 
    2.636331 9.912202e-01 4.278500e-14 0 
    2.654604 9.958005e-01 4.239300e-14 0 
    2.673007 9.889348e-01 4.152300e-14 0 
    2.691534 9.889510e-01 4.095400e-14 0 
    2.716439 9.935141e-01 4.039200e-14 0 
    2.735267 9.866598e-01 3.956300e-14 0 
    2.754229 9.844062e-01 3.893100e-14 0 
    2.773319 9.753848e-01 3.804500e-14 0 
    2.792545 9.776218e-01 3.760900e-14 0 
    2.811900 9.709001e-01 3.683800e-14 0 
    2.831393 9.686682e-01 3.624900e-14 0 
    2.857590 9.664249e-01 3.550500e-14 0 
    2.877399 9.597786e-01 3.477700e-14 0 
    2.897343 9.597822e-01 3.430000e-14 0 
    2.917428 9.553747e-01 3.367400e-14 0 
    2.937649 9.487869e-01 3.298300e-14 0 
    2.951208 9.400883e-01 3.238100e-14 0 
    2.971666 9.379192e-01 3.186300e-14 0 
    2.992263 9.314768e-01 3.121000e-14 0 
    3.013007 9.293365e-01 3.071100e-14 0 
    3.033890 9.250511e-01 3.015000e-14 0 
    3.054922 9.271887e-01 2.980500e-14 0 
    3.076096 9.250726e-01 2.932900e-14 0 
    3.097421 9.250551e-01 2.892600e-14 0 
    3.111717 9.187024e-01 2.846400e-14 0 
    3.133284 9.208131e-01 2.813800e-14 0 
    3.155005 9.186931e-01 2.768800e-14 0 
    3.176873 9.186887e-01 2.730800e-14 0 
    3.191539 9.165971e-01 2.699600e-14 0 
    3.213660 9.187098e-01 2.668700e-14 0 
    3.235938 9.271983e-01 2.656400e-14 0 
    3.258367 9.488019e-01 2.681000e-14 0 
    3.273406 1.000406e+00 2.800900e-14 0 
    3.296098 1.153893e+00 3.186300e-14 0 
    3.311311 1.148597e+00 3.142600e-14 0 
    3.334262 9.912188e-01 2.674800e-14 0 
    3.357376 9.314784e-01 2.479100e-14 0 
    3.372872 9.019103e-01 2.378400e-14 0 
    3.396254 8.875060e-01 2.308300e-14 0 
    3.411929 8.733273e-01 2.250600e-14 0 
    3.435578 8.693055e-01 2.209500e-14 0 
    3.451438 8.593622e-01 2.164200e-14 0 
    3.475361 8.534409e-01 2.119800e-14 0 
    3.491405 8.456140e-01 2.081100e-14 0 
    3.515604 8.436575e-01 2.047800e-14 0 
    3.531830 8.339998e-01 2.005800e-14 0 
    3.556314 8.301733e-01 1.969200e-14 0 
    3.572728 8.225796e-01 1.933300e-14 0 
    3.597495 8.206934e-01 1.902400e-14 0 
    3.614099 8.131350e-01 1.867600e-14 0 
    3.639149 8.112909e-01 1.837800e-14 0 
    3.655950 8.020028e-01 1.800100e-14 0 
    3.672823 7.946291e-01 1.767200e-14 0 
    3.698280 7.891788e-01 1.731000e-14 0 
    3.715354 7.819424e-01 1.699400e-14 0 
    3.732502 7.765458e-01 1.672200e-14 0 
    3.758372 7.711975e-01 1.637900e-14 0 
    3.775723 7.694484e-01 1.619200e-14 0 
    3.793150 7.623715e-01 1.589600e-14 0 
    3.819441 7.588745e-01 1.560600e-14 0 
    3.837073 7.553947e-01 1.539200e-14 0 
    3.854783 7.484655e-01 1.511100e-14 0 
    3.872575 7.415935e-01 1.483500e-14 0 
    3.899421 7.398989e-01 1.459800e-14 0 
    3.917418 7.331374e-01 1.433200e-14 0 
    3.935499 7.297501e-01 1.413500e-14 0 
    3.953667 7.213930e-01 1.384500e-14 0 
    3.971915 7.164456e-01 1.362400e-14 0 
    3.999450 7.114843e-01 1.334400e-14 0 
    4.017909 7.082194e-01 1.316100e-14 0 
    4.036454 7.033671e-01 1.295100e-14 0 
    4.055084 6.968843e-01 1.271400e-14 0 
    4.073804 6.937077e-01 1.254000e-14 0 
    4.092607 6.889042e-01 1.233900e-14 0 
    4.120973 6.889201e-01 1.217000e-14 0 
    4.139998 6.857547e-01 1.200300e-14 0 
    4.159106 6.794718e-01 1.178400e-14 0 
    4.178302 6.748179e-01 1.159600e-14 0 
    4.197591 6.716657e-01 1.143600e-14 0 
    4.216965 6.670918e-01 1.125400e-14 0 
    4.236428 6.655466e-01 1.112500e-14 0 
    4.255986 6.609585e-01 1.094700e-14 0 
    4.275629 6.579333e-01 1.079700e-14 0 
    4.295363 6.414500e-01 1.043000e-14 0 
    4.315193 6.239861e-01 1.005300e-14 0 
    4.335110 6.283187e-01 1.003000e-14 0 
    4.355118 6.125915e-01 9.689300e-15 0 
    4.375219 6.055807e-01 9.490600e-15 0 
    4.395418 6.028004e-01 9.360400e-15 0 
    4.415704 5.904323e-01 9.084300e-15 0 
    4.436085 5.890733e-01 8.980300e-15 0 
    4.456564 5.863684e-01 8.857100e-15 0 
    4.477133 5.769939e-01 8.635600e-15 0 
    4.497797 5.796553e-01 8.595900e-15 0 
    4.518562 5.756687e-01 8.458500e-15 0 
    4.539417 5.703895e-01 8.304100e-15 0 
    4.560368 5.717014e-01 8.246900e-15 0 
    4.581416 5.703862e-01 8.152500e-15 0 
    4.591982 5.599818e-01 7.967000e-15 0 
    4.613176 5.651629e-01 7.967000e-15 0 
    4.634468 5.612708e-01 7.839600e-15 0 
    4.655863 5.599762e-01 7.749800e-15 0 
    4.677352 5.625612e-01 7.714200e-15 0 
    4.698940 5.612672e-01 7.625900e-15 0 
    4.720628 5.586904e-01 7.521300e-15 0 
    4.742421 5.625638e-01 7.504000e-15 0 
    4.753353 5.574030e-01 7.401000e-15 0 
    4.775292 5.574067e-01 7.333200e-15 0 
    4.797337 5.574098e-01 7.266000e-15 0 
    4.819479 5.535703e-01 7.149800e-15 0 
    4.841723 5.586921e-01 7.149800e-15 0 
    4.852884 5.535698e-01 7.051700e-15 0 
    4.875287 5.522990e-01 6.971000e-15 0 
    4.897789 5.522915e-01 6.907000e-15 0 
    4.920395 5.522931e-01 6.843700e-15 0 
    4.943104 5.522961e-01 6.781000e-15 0 
    4.954504 5.497571e-01 6.718800e-15 0 
    4.977371 5.522918e-01 6.687900e-15 0 
    5.000344 5.510592e-01 6.611800e-15 0 
    5.023429 5.549225e-01 6.597100e-15 0 
    5.035008 5.536640e-01 6.551900e-15 0 
    5.058246 5.549828e-01 6.507300e-15 0 
    5.081593 5.588697e-01 6.492800e-15 0 
    5.093306 5.614663e-01 6.493000e-15 0 
    5.105052 5.627819e-01 6.478300e-15 0 
    5.116820 5.628049e-01 6.448800e-15 0 
    5.128614 5.641224e-01 6.434200e-15 0 
    5.140436 5.667437e-01 6.434400e-15 0 
    5.152285 5.680676e-01 6.419800e-15 0 
    5.164162 5.694007e-01 6.405300e-15 0 
    5.176071 5.733694e-01 6.420300e-15 0 
    5.188002 5.747058e-01 6.405700e-15 0 
    5.199961 5.760515e-01 6.391200e-15 0 
    5.211947 5.773972e-01 6.376700e-15 0 
    5.223961 5.800895e-01 6.377000e-15 0 
    5.236003 5.814419e-01 6.362500e-15 0 
    5.248072 5.828034e-01 6.348100e-15 0 
    5.260175 5.855131e-01 6.348300e-15 0 
    5.272300 5.895960e-01 6.363200e-15 0 
    5.284453 5.923359e-01 6.363400e-15 0 
    5.296634 5.937232e-01 6.349000e-15 0 
    5.308843 5.937390e-01 6.320000e-15 0 
    5.321080 5.964982e-01 6.320200e-15 0 
    5.333352 6.006560e-01 6.335000e-15 0 
    5.345646 6.034475e-01 6.335200e-15 0 
    5.357968 6.062613e-01 6.335500e-15 0 
    5.370318 6.090786e-01 6.335700e-15 0 
    5.382697 6.119091e-01 6.335900e-15 0 
    5.395105 6.147529e-01 6.336100e-15 0 
    5.407541 6.190328e-01 6.350900e-15 0 
    5.420011 6.219107e-01 6.351100e-15 0 
    5.432505 6.233647e-01 6.336700e-15 0 
    5.445027 6.262614e-01 6.336900e-15 0 
    5.457579 6.306314e-01 6.351800e-15 0 
    5.470159 6.350182e-01 6.366600e-15 0 
    5.482768 6.379691e-01 6.366800e-15 0 
    5.495406 6.424135e-01 6.381700e-15 0 
    5.508079 6.454001e-01 6.381900e-15 0 
    5.520776 6.498929e-01 6.396800e-15 0 
    5.533502 6.559340e-01 6.426600e-15 0 
    5.546257 6.620170e-01 6.456400e-15 0 
    5.559041 6.635684e-01 6.441800e-15 0 
    5.571855 6.681938e-01 6.456900e-15 0 
    5.584705 6.759473e-01 6.501800e-15 0 
    5.597578 6.790879e-01 6.502000e-15 0 
    5.610481 6.854014e-01 6.532300e-15 0 
    5.623413 6.917587e-01 6.562600e-15 0 
    5.636376 6.965825e-01 6.578000e-15 0 
    5.649368 7.030421e-01 6.608500e-15 0 
    5.662390 7.112032e-01 6.654500e-15 0 
    5.675448 7.178157e-01 6.685500e-15 0 
    5.688531 7.261446e-01 6.732000e-15 0 
    5.701643 7.328877e-01 6.763300e-15 0 
    5.714786 7.413978e-01 6.810400e-15 0 
    5.727959 7.517316e-01 6.873600e-15 0 
    5.741162 7.604639e-01 6.921500e-15 0 
    5.754402 7.710726e-01 6.985800e-15 0 
    5.767667 7.818172e-01 7.050600e-15 0 
    5.780962 7.927222e-01 7.116100e-15 0 
    5.794287 8.037782e-01 7.182200e-15 0 
    5.807643 8.187421e-01 7.282300e-15 0 
    5.821030 8.320764e-01 7.366900e-15 0 
    5.834448 8.456185e-01 7.452400e-15 0 
    5.847904 8.633508e-01 7.573700e-15 0 
    5.861383 8.794285e-01 7.679300e-15 0 
    5.874894 8.978686e-01 7.804300e-15 0 
    5.888436 9.188178e-01 7.949700e-15 0 
    5.902009 9.424144e-01 8.116400e-15 0 
    5.924495 9.428349e-01 8.058500e-15 3 
    5.955481 1.010689e+00 8.548800e-15 3 
    5.986466 1.088441e+00 9.111400e-15 3 
    6.017451 1.334449e+00 1.105600e-14 3 
    6.048437 1.396883e+00 1.145500e-14 3 
    6.079422 1.532336e+00 1.243800e-14 3 
    6.110407 1.655401e+00 1.330100e-14 3 
    6.141393 2.060338e+00 1.638800e-14 3 
    6.172378 2.780537e+00 2.189500e-14 3 
    6.203363 3.510558e+00 2.736800e-14 3 
    6.234349 3.652860e+00 2.819500e-14 3 
    6.265334 3.393413e+00 2.593400e-14 3 
    6.296319 2.908521e+00 2.201000e-14 3 
    6.327305 2.470814e+00 1.851500e-14 3 
    6.358290 2.221241e+00 1.648300e-14 3 
    6.389276 2.041687e+00 1.500400e-14 3 
    6.420261 1.829882e+00 1.331800e-14 3 
    6.451246 1.660997e+00 1.197300e-14 3 
    6.482232 1.561018e+00 1.114500e-14 3 
    6.513217 1.555615e+00 1.100100e-14 3 
    6.544202 1.503356e+00 1.053100e-14 3 
    6.575188 1.552933e+00 1.077600e-14 3 
    6.606173 1.541418e+00 1.059600e-14 3 
    6.637158 1.655616e+00 1.127500e-14 3 
    6.668145 1.572253e+00 1.060800e-14 3 
    6.699129 1.610234e+00 1.076400e-14 3 
    6.730114 1.536085e+00 1.017400e-14 3 
    6.761100 1.646868e+00 1.080800e-14 3 
    6.792085 1.731196e+00 1.125800e-14 3 
    6.823071 1.763942e+00 1.136700e-14 3 
    6.854056 1.850623e+00 1.181800e-14 3 
    6.885041 1.891253e+00 1.196900e-14 3 
    6.916027 2.061854e+00 1.293200e-14 3 
    6.947012 2.152922e+00 1.338300e-14 3 
    6.977998 2.605695e+00 1.605400e-14 3 
    7.008983 2.631344e+00 1.606900e-14 3 
    7.039968 2.263458e+00 1.370100e-14 3 
    7.070954 2.033101e+00 1.219900e-14 3 
    7.101939 2.071638e+00 1.232200e-14 3 
    7.132924 2.296321e+00 1.354000e-14 3 
    7.163910 2.419814e+00 1.414500e-14 3 
    7.194895 2.350372e+00 1.362100e-14 3 
    7.225881 2.494232e+00 1.433100e-14 3 
    7.256866 2.636440e+00 1.501900e-14 3 
    7.287851 2.799928e+00 1.581500e-14 3 
    7.318838 2.874319e+00 1.609800e-14 3 
    7.349822 3.026374e+00 1.680700e-14 3 
    7.380807 3.374444e+00 1.858300e-14 3 
    7.411793 3.654621e+00 1.995800e-14 3 
    7.442778 3.768518e+00 2.040900e-14 3 
    7.473763 4.176624e+00 2.243200e-14 3 
    7.504748 4.629794e+00 2.466100e-14 3 
    7.533706 4.852133e+00 2.564700e-14 3 
    7.535734 5.262289e+00 2.780000e-14 3 
    7.566720 5.440585e+00 2.850700e-14 3 
    7.595799 5.726729e+00 2.977700e-14 3 
    7.597705 5.772319e+00 2.999900e-14 3 
    7.657894 5.826607e+00 2.980700e-14 3 
    7.719988 5.747255e+00 2.893000e-14 3 
    7.782082 5.714315e+00 2.830700e-14 3 
    7.844176 5.675218e+00 2.767000e-14 3 
    7.906271 5.346197e+00 2.565800e-14 3 
    7.968365 4.750260e+00 2.244400e-14 3 
    8.030459 4.283741e+00 1.992800e-14 3 
    8.092554 3.825456e+00 1.752400e-14 3 
    8.154648 3.526847e+00 1.591100e-14 3 
    8.216741 3.381818e+00 1.502700e-14 3 
    8.278836 3.376923e+00 1.478100e-14 3 
    8.340930 3.440291e+00 1.483500e-14 3 
    8.403025 3.442749e+00 1.462700e-14 3 
    8.465119 3.454883e+00 1.446400e-14 3 
    8.527213 3.712987e+00 1.531900e-14 3 
    8.589307 4.048592e+00 1.646300e-14 3 
    8.651402 3.793733e+00 1.520600e-14 3 
    8.713495 3.361200e+00 1.328100e-14 3 
    8.775590 2.806023e+00 1.093100e-14 3 
    8.837684 2.452200e+00 9.418900e-15 3 
    8.899778 2.061892e+00 7.809600e-15 3 
    8.961872 1.821789e+00 6.804900e-15 3 
    9.023966 1.831622e+00 6.747800e-15 3 
    9.086060 1.621134e+00 5.891000e-15 3 
    9.148155 1.618094e+00 5.800400e-15 3 
    9.210249 1.633546e+00 5.777100e-15 3 
    9.272344 1.565286e+00 5.461800e-15 3 
    9.334438 1.481791e+00 5.101900e-15 3 
    9.396532 1.559492e+00 5.298700e-15 3 
    9.458626 1.539077e+00 5.160900e-15 3 
    9.520720 1.567720e+00 5.188600e-15 3 
    9.582815 1.554045e+00 5.076900e-15 3 
    9.644909 1.754004e+00 5.656600e-15 3 
    9.707002 1.829050e+00 5.823400e-15 3 
    9.769098 1.566602e+00 4.924600e-15 3 
    9.831192 1.437510e+00 4.461900e-15 3 
    9.893286 1.463687e+00 4.486300e-15 3 
    9.955380 1.483076e+00 4.489200e-15 3 
   10.017470 1.482266e+00 4.431300e-15 3 
   10.079570 1.397714e+00 4.127200e-15 3 
   10.141659 1.440288e+00 4.201000e-15 3 
   10.203760 1.387459e+00 3.997800e-15 3 
   10.265850 1.440755e+00 4.101300e-15 3 
   10.327949 1.402985e+00 3.945900e-15 3 
   10.390041 1.504972e+00 4.182300e-15 3 
   10.452130 1.612122e+00 4.427000e-15 3 
   10.514230 1.845211e+00 5.007400e-15 3 
   10.576320 1.904019e+00 5.106500e-15 3 
   10.638420 1.989370e+00 5.273300e-15 3 
   10.700510 2.022010e+00 5.297800e-15 3 
   10.762600 2.089058e+00 5.410500e-15 3 
   10.824700 2.132413e+00 5.459600e-15 3 
   10.886791 2.265710e+00 5.734900e-15 3 
   10.948890 2.593125e+00 6.489400e-15 3 
   11.010980 3.042156e+00 7.527500e-15 3 
   11.073080 3.552306e+00 8.691500e-15 3 
   11.135170 4.695578e+00 1.136100e-14 3 
   11.197260 7.423669e+00 1.776300e-14 3 
   11.259360 9.116683e+00 2.157400e-14 3 
   11.321450 8.359589e+00 1.956600e-14 3 
   11.383550 6.884430e+00 1.593800e-14 3 
   11.445640 5.620451e+00 1.287100e-14 3 
   11.507740 4.781095e+00 1.083100e-14 3 
   11.569830 4.144291e+00 9.287900e-15 3 
   11.631920 3.702933e+00 8.210400e-15 3 
   11.694020 3.441590e+00 7.550100e-15 3 
   11.756110 3.334269e+00 7.237600e-15 3 
   11.818209 3.307713e+00 7.104700e-15 3 
   11.880299 3.480597e+00 7.398100e-15 3 
   11.942400 3.786823e+00 7.965500e-15 3 
   12.004490 3.879669e+00 8.076600e-15 3 
   12.066580 3.833370e+00 7.898300e-15 3 
   12.128680 3.704248e+00 7.554300e-15 3 
   12.190770 3.629819e+00 7.327300e-15 3 
   12.252870 3.880834e+00 7.754800e-15 3 
   12.314959 4.135518e+00 8.180600e-15 3 
   12.377051 4.162976e+00 8.152500e-15 3 
   12.439150 4.288462e+00 8.314600e-15 3 
   12.501240 4.595495e+00 8.821600e-15 3 
   12.563340 4.842350e+00 9.203800e-15 3 
   12.625430 5.090061e+00 9.579700e-15 3 
   12.687530 5.223533e+00 9.734900e-15 3 
   12.749620 5.823184e+00 1.074700e-14 3 
   12.811710 7.461254e+00 1.363700e-14 3 
   12.873810 6.536035e+00 1.183100e-14 3 
   12.935900 4.055704e+00 7.271000e-15 3 
   12.998000 3.245435e+00 5.762900e-15 3 
   13.060090 3.136651e+00 5.516900e-15 3 
   13.122180 3.093365e+00 5.389400e-15 3 
   13.184280 3.119294e+00 5.383500e-15 3 
   13.246370 3.062472e+00 5.236000e-15 3 
   13.308470 3.021116e+00 5.117200e-15 3 
   13.370559 2.990555e+00 5.018500e-15 3 
   13.432659 2.908153e+00 4.835200e-15 3 
   13.494750 2.881135e+00 4.746300e-15 3 
   13.556841 2.881856e+00 4.704100e-15 3 
   13.618941 2.829615e+00 4.576800e-15 3 
   13.681030 2.778048e+00 4.452700e-15 3 
   13.743130 2.638942e+00 4.191600e-15 3 
   13.805220 2.582097e+00 4.064500e-15 3 
   13.867320 2.625379e+00 4.095700e-15 3 
   13.929409 2.468107e+00 3.816100e-15 3 
   13.991500 2.475542e+00 3.793700e-15 3 
   14.053600 2.610340e+00 3.965000e-15 3 
   14.115691 2.716944e+00 4.090700e-15 3 
   14.177789 2.759863e+00 4.119000e-15 3 
   14.239880 2.811396e+00 4.159400e-15 3 
   14.301980 2.818312e+00 4.133500e-15 3 
   14.364070 2.659205e+00 3.866500e-15 3 
   14.426159 2.465458e+00 3.554000e-15 3 
   14.488261 2.435722e+00 3.481100e-15 3 
   14.541691 2.397965e+00 3.402000e-15 3 
   14.633380 2.339576e+00 3.277700e-15 3 
   14.725080 2.339502e+00 3.236900e-15 3 
   14.816770 2.278279e+00 3.113300e-15 3 
   14.908459 2.268704e+00 3.062200e-15 3 
   15.000150 2.252745e+00 3.003600e-15 3 
   15.091850 2.235427e+00 2.944400e-15 3 
   15.183541 2.288877e+00 2.978500e-15 3 
   15.275230 2.336671e+00 3.004300e-15 3 
   15.366930 2.338126e+00 2.970400e-15 3 
   15.458620 2.512280e+00 3.153900e-15 3 
   15.550309 3.087619e+00 3.830600e-15 3 
   15.642000 3.079607e+00 3.776000e-15 3 
   15.733700 2.666601e+00 3.231600e-15 3 
   15.825391 2.654445e+00 3.179700e-15 3 
   15.917080 2.766788e+00 3.276200e-15 3 
   16.008780 2.849162e+00 3.335200e-15 3 
   16.100470 2.895977e+00 3.351500e-15 3 
   16.192159 2.954137e+00 3.380200e-15 3 
   16.283859 3.295724e+00 3.728700e-15 3 
   16.375550 4.016212e+00 4.493100e-15 3 
   16.467239 4.752254e+00 5.257500e-15 3 
   16.558930 4.525092e+00 4.950900e-15 3 
   16.650631 4.251530e+00 4.600500e-15 3 
   16.742319 4.345665e+00 4.651000e-15 3 
   16.834009 4.470191e+00 4.732300e-15 3 
   16.925700 4.681740e+00 4.902700e-15 3 
   17.017400 5.694246e+00 5.898900e-15 3 
   17.109091 5.857444e+00 6.003100e-15 3 
   17.200781 4.986738e+00 5.056400e-15 3 
   17.292481 4.824150e+00 4.839800e-15 3 
   17.384170 4.873831e+00 4.838200e-15 3 
   17.475861 4.566019e+00 4.485200e-15 3 
   17.567561 3.917715e+00 3.808300e-15 3 
   17.659250 3.593957e+00 3.457400e-15 3 
   17.750941 3.569091e+00 3.398100e-15 3 
   17.842630 3.546949e+00 3.342400e-15 3 
   17.934330 3.454844e+00 3.222400e-15 3 
   18.026020 3.229986e+00 2.982100e-15 3 
   18.117709 3.122656e+00 2.853900e-15 3 
   18.209409 3.085155e+00 2.791300e-15 3 
   18.301100 3.080130e+00 2.758900e-15 3 
   18.392789 3.135992e+00 2.781000e-15 3 
   18.484489 3.159367e+00 2.774000e-15 3 
   18.576180 3.298682e+00 2.867800e-15 3 
   18.667870 4.046310e+00 3.483300e-15 3 
   18.759559 4.845015e+00 4.130200e-15 3 
   18.851259 3.892960e+00 3.286400e-15 3 
   18.942950 3.403075e+00 2.845100e-15 3 
   19.034639 3.380784e+00 2.799300e-15 3 
   19.126341 3.419413e+00 2.804200e-15 3 
   19.218031 3.342584e+00 2.715100e-15 3 
   19.309719 3.260831e+00 2.623600e-15 3 
   19.401409 3.173678e+00 2.529400e-15 3 
   19.493111 3.198303e+00 2.525100e-15 3 
   19.584800 3.277174e+00 2.563200e-15 3 
   19.676491 3.303157e+00 2.559500e-15 3 
   19.768191 3.301581e+00 2.534600e-15 3 
   19.859880 3.309535e+00 2.517300e-15 3 
   19.951570 3.254050e+00 2.452400e-15 3 
   20.043261 3.320318e+00 2.479500e-15 3 
   20.134961 3.344822e+00 2.475100e-15 3 
   20.226650 3.339216e+00 2.448600e-15 3 
   20.318341 3.294423e+00 2.394000e-15 3 
   20.410041 3.398654e+00 2.447600e-15 3 
   20.520050 3.283804e+00 2.339600e-15 3 
   20.696581 3.508031e+00 2.456900e-15 3 
   20.873220 3.478705e+00 2.395300e-15 3 
   21.049950 3.422508e+00 2.317200e-15 3 
   21.226789 3.600257e+00 2.397100e-15 3 
   21.403730 3.670455e+00 2.403600e-15 3 
   21.580780 3.586587e+00 2.310300e-15 3 
   21.757919 3.753644e+00 2.378700e-15 3 
   21.935169 3.863808e+00 2.409100e-15 3 
   22.112520 3.867702e+00 2.373000e-15 3 
   22.289980 3.818571e+00 2.305700e-15 3 
   22.467541 3.999118e+00 2.376700e-15 3 
   22.645200 4.167225e+00 2.437900e-15 3 
   22.822969 4.188807e+00 2.412500e-15 3 
   23.000839 4.155422e+00 2.356400e-15 3 
   23.178809 4.294655e+00 2.398100e-15 3 
   23.356889 4.456006e+00 2.450400e-15 3 
   23.535070 4.592196e+00 2.487200e-15 3 
   23.713359 4.568878e+00 2.437500e-15 3 
   23.891759 4.629890e+00 2.433300e-15 3 
   24.070259 4.695081e+00 2.431100e-15 3 
   24.248859 4.780499e+00 2.439000e-15 3 
   24.427570 4.755748e+00 2.391000e-15 3 
   24.606380 4.735815e+00 2.346500e-15 3 
   24.785311 4.833609e+00 2.360500e-15 3 
   24.964331 4.975356e+00 2.395000e-15 3 
   25.143459 5.126247e+00 2.432600e-15 3 
   25.322700 5.108752e+00 2.390100e-15 3 
   25.502050 5.174438e+00 2.386900e-15 3 
   25.681500 5.433066e+00 2.471300e-15 3 
   25.861059 5.865773e+00 2.631200e-15 3 
   26.040730 6.005653e+00 2.656900e-15 3 
   26.220509 5.628686e+00 2.456100e-15 3 
   26.400391 5.488257e+00 2.362300e-15 3 
   26.580378 5.533437e+00 2.349600e-15 3 
   26.760481 5.686975e+00 2.382400e-15 3 
   26.940678 5.706483e+00 2.358700e-15 3 
   27.121000 5.793181e+00 2.362800e-15 3 
   27.301419 5.877719e+00 2.365700e-15 3 
   27.481950 5.915681e+00 2.349800e-15 3 
   27.662591 5.964626e+00 2.338400e-15 3 
   27.843341 6.061951e+00 2.345800e-15 3 
   28.024200 6.298292e+00 2.405900e-15 3 
   28.205169 6.690155e+00 2.522900e-15 3 
   28.386250 6.626459e+00 2.467100e-15 3 
   28.567441 6.421064e+00 2.360400e-15 3 
   28.748741 6.409706e+00 2.326600e-15 3 
   28.930150 6.539956e+00 2.344200e-15 3 
   29.111669 6.627931e+00 2.346200e-15 3 
   29.293300 6.803854e+00 2.378700e-15 3 
   29.475041 6.901573e+00 2.383200e-15 3 
   29.656891 7.057944e+00 2.407400e-15 3 
   29.838859 7.039760e+00 2.372000e-15 3 
   30.020941 7.162589e+00 2.384200e-15 3 
   30.203119 7.224545e+00 2.375900e-15 3 
   30.385419 7.514216e+00 2.441600e-15 3 
   30.567828 7.631804e+00 2.450300e-15 3 
   30.750359 7.839527e+00 2.487200e-15 3 
   30.932991 7.886995e+00 2.472800e-15 3 
   31.115741 7.957870e+00 2.465800e-15 3 
   31.298609 8.083683e+00 2.475600e-15 3 
   31.481581 8.172197e+00 2.473700e-15 3 
   31.664672 8.436977e+00 2.524400e-15 3 
   31.847878 8.657281e+00 2.560600e-15 3 
   32.031188 8.658388e+00 2.531700e-15 3 
   32.214619 9.013825e+00 2.605700e-15 3 
   32.398172 9.498206e+00 2.714700e-15 3 
   32.581828 9.447668e+00 2.669900e-15 3 
   32.765597 9.590329e+00 2.679900e-15 3 
   32.949491 9.845931e+00 2.720700e-15 3 
   33.133500 1.006453e+01 2.750300e-15 3 
   33.317619 1.133116e+01 3.062300e-15 3 
   33.501850 1.443298e+01 3.857800e-15 3 
   33.686200 1.347641e+01 3.562800e-15 3 
   33.870672 1.077892e+01 2.818700e-15 3 
   34.055259 1.086077e+01 2.809400e-15 3 
   34.239959 1.080617e+01 2.765200e-15 3 
   34.424772 1.076750e+01 2.725800e-15 3 
   34.609709 1.238039e+01 3.100700e-15 3 
   34.794763 1.949672e+01 4.831200e-15 3 
   34.979931 2.207040e+01 5.411200e-15 3 
