# NGC 2403  
# 
# An Atlas of Galaxy Spectral Energy Distributions from the Ultraviolet to the Mid-Infrared
# Brown et al. (2014)
# http://dx.doi.org/10.5072/03/529D3551F0117
# http://dx.doi.org/10.17909/t9-5bxk-dh29
# 
# The Spectral Energy Distributions of Active Galactic Nuclei
# Brown et al. (2019)
# http://dx.doi.org/10.17909/t9-3dbt-8734
# 
# Column 1: Observed wavelength (um)
# Column 2: f_nu (Jy)
# Column 3: f_lam (erg/s/cm2/A)
# Column 4: Source (0 = model, 1 = Optical Spectrun, 2 = Akari, 3 = Spitzer IRS)
# 
    0.010209 7.208457e-12 2.074900e-20 0 
    0.010399 8.746659e-12 2.426500e-20 0 
    0.010593 1.101283e-11 2.944300e-20 0 
    0.010814 1.395866e-11 3.580900e-20 0 
    0.011015 2.186937e-11 5.407400e-20 0 
    0.011402 3.257074e-11 7.516000e-20 0 
    0.011803 4.579843e-11 9.862500e-20 0 
    0.012106 1.238441e-10 2.535100e-19 0 
    0.012503 1.745421e-10 3.349600e-19 0 
    0.012706 2.050588e-10 3.810500e-19 0 
    0.012794 2.227827e-10 4.083100e-19 0 
    0.013092 2.791771e-10 4.886400e-19 0 
    0.013213 3.205293e-10 5.507900e-19 0 
    0.013397 3.680289e-10 6.151600e-19 0 
    0.013709 4.807044e-10 7.673400e-19 0 
    0.013996 5.900278e-10 9.036200e-19 0 
    0.014322 9.657719e-10 1.412500e-18 0 
    0.014723 1.523581e-09 2.108600e-18 0 
    0.015101 1.944803e-09 2.558500e-18 0 
    0.015524 2.493892e-09 3.104500e-18 0 
    0.015922 3.154003e-09 3.732400e-18 0 
    0.016218 3.748523e-09 4.275500e-18 0 
    0.016596 4.665186e-09 5.081400e-18 0 
    0.017022 5.766188e-09 5.970200e-18 0 
    0.017298 6.712121e-09 6.729600e-18 0 
    0.017701 8.182075e-09 7.834100e-18 0 
    0.017989 9.438022e-09 8.749600e-18 0 
    0.018197 1.041991e-08 9.440300e-18 0 
    0.018621 1.252778e-08 1.083900e-17 0 
    0.019099 1.555509e-08 1.279300e-17 0 
    0.019409 1.773673e-08 1.412500e-17 0 
    0.019815 2.093395e-08 1.599500e-17 0 
    0.020230 2.459610e-08 1.803000e-17 0 
    0.020512 2.759788e-08 1.967800e-17 0 
    0.020989 3.249703e-08 2.213000e-17 0 
    0.021627 4.148116e-08 2.660600e-17 0 
    0.022029 4.773668e-08 2.951100e-17 0 
    0.022284 5.246332e-08 3.169500e-17 0 
    0.022699 6.023897e-08 3.507400e-17 0 
    0.023014 1.032400e-07 5.847700e-17 0 
    0.023388 1.789998e-07 9.817200e-17 0 
    0.023988 2.587299e-07 1.348900e-16 0 
    0.024604 2.850221e-07 1.412500e-16 0 
    0.025235 3.364030e-07 1.584800e-16 0 
    0.025704 3.012111e-07 1.367700e-16 0 
    0.026002 3.800831e-07 1.686500e-16 0 
    0.026424 4.303876e-07 1.849200e-16 0 
    0.026915 4.697362e-07 1.945300e-16 0 
    0.027416 5.115392e-07 2.041700e-16 0 
    0.027925 5.506208e-07 2.118300e-16 0 
    0.028445 6.010129e-07 2.228400e-16 0 
    0.029040 6.336718e-07 2.254200e-16 0 
    0.029580 6.979978e-07 2.393200e-16 0 
    0.030130 7.093681e-07 2.344200e-16 0 
    0.030832 8.032990e-07 2.535100e-16 0 
    0.031842 9.437841e-07 2.792500e-16 0 
    0.032810 1.063829e-06 2.964700e-16 0 
    0.033806 1.182655e-06 3.104500e-16 0 
    0.034834 1.308781e-06 3.235800e-16 0 
    0.035727 1.441629e-06 3.388300e-16 0 
    0.036644 1.599075e-06 3.572600e-16 0 
    0.037497 1.725286e-06 3.681200e-16 0 
    0.038548 1.823358e-06 3.681200e-16 0 
    0.039537 2.041141e-06 3.917300e-16 0 
    0.040551 2.232909e-06 4.073700e-16 0 
    0.041400 2.376120e-06 4.159000e-16 0 
    0.042267 2.505327e-06 4.207100e-16 0 
    0.043053 2.617413e-06 4.236300e-16 0 
    0.044157 2.850147e-06 4.385200e-16 0 
    0.045082 3.019043e-06 4.456400e-16 0 
    0.046026 3.161348e-06 4.477000e-16 0 
    0.046989 3.333146e-06 4.528800e-16 0 
    0.047973 3.547008e-06 4.623700e-16 0 
    0.048978 3.688623e-06 4.613000e-16 0 
    0.050003 3.943307e-06 4.731400e-16 0 
    0.050582 4.215619e-06 4.943000e-16 0 
    0.051168 5.356240e-06 6.137400e-16 0 
    0.052000 5.531843e-06 6.137400e-16 0 
    0.052966 5.752560e-06 6.151600e-16 0 
    0.054075 5.832519e-06 5.983900e-16 0 
    0.055081 6.410160e-06 6.338500e-16 0 
    0.055976 7.159306e-06 6.854700e-16 0 
    0.057016 7.724283e-06 7.128300e-16 0 
    0.058076 7.904208e-06 7.030500e-16 0 
    0.059020 8.607268e-06 7.412900e-16 0 
    0.059979 8.807710e-06 7.344900e-16 0 
    0.061094 9.222826e-06 7.412900e-16 0 
    0.062087 1.066275e-05 8.298300e-16 0 
    0.063096 1.121676e-05 8.452500e-16 0 
    0.063973 1.179935e-05 8.649400e-16 0 
    0.065013 1.264344e-05 8.974000e-16 0 
    0.065766 1.308781e-05 9.077900e-16 0 
    0.066527 1.395925e-05 9.462100e-16 0 
    0.067453 1.471865e-05 9.704800e-16 0 
    0.068549 1.495790e-05 9.549700e-16 0 
    0.069502 1.709524e-05 1.061700e-15 0 
    0.070469 1.693862e-05 1.023300e-15 0 
    0.071614 1.962702e-05 1.148100e-15 0 
    0.072611 2.069576e-05 1.177600e-15 0 
    0.073451 2.177082e-05 1.210600e-15 0 
    0.074473 2.354373e-05 1.273500e-15 0 
    0.075509 2.505287e-05 1.318200e-15 0 
    0.076560 2.617325e-05 1.339600e-15 0 
    0.077446 2.863190e-05 1.432100e-15 0 
    0.078524 3.082187e-05 1.499600e-15 0 
    0.079616 3.287465e-05 1.555900e-15 0 
    0.080538 3.474316e-05 1.606900e-15 0 
    0.081470 3.671567e-05 1.659500e-15 0 
    0.082604 3.998297e-05 1.757900e-15 0 
    0.083560 3.809528e-05 1.636800e-15 0 
    0.084528 4.444894e-05 1.866300e-15 0 
    0.085507 4.708328e-05 1.931900e-15 0 
    0.086497 5.080095e-05 2.037000e-15 0 
    0.087498 5.468354e-05 2.142800e-15 0 
    0.088512 5.913908e-05 2.264600e-15 0 
    0.089536 6.322233e-05 2.365900e-15 0 
    0.090573 6.635238e-05 2.426500e-15 0 
    0.091622 1.006623e-04 3.597400e-15 0 
    0.092470 5.174599e-04 1.815500e-14 0 
    0.093541 1.193635e-03 4.092500e-14 0 
    0.094624 3.325703e-03 1.114300e-13 0 
    0.095499 7.225519e-03 2.376800e-13 0 
    0.096605 1.011273e-02 3.250800e-13 0 
    0.097499 2.263962e-03 7.144800e-14 0 
    0.098628 1.666739e-02 5.140300e-13 0 
    0.099541 1.810795e-02 5.482600e-13 0 
    0.100462 2.248365e-02 6.683200e-13 0 
    0.101625 1.713424e-02 4.977200e-13 0 
    0.102565 2.970729e-03 8.472000e-14 0 
    0.103514 1.227063e-02 3.435500e-13 0 
    0.104472 2.896463e-02 7.961400e-13 0 
    0.105439 3.175903e-02 8.570100e-13 0 
    0.106660 2.856717e-02 7.533300e-13 0 
    0.107647 3.356390e-02 8.689400e-13 0 
    0.108643 2.943547e-02 7.481500e-13 0 
    0.109648 3.555228e-02 8.871300e-13 0 
    0.110662 3.498337e-02 8.570100e-13 0 
    0.111429 3.466293e-02 8.375100e-13 0 
    0.112461 3.426665e-02 8.128100e-13 0 
    0.113501 3.925248e-02 9.140900e-13 0 
    0.114551 3.705634e-02 8.472000e-13 0 
    0.115611 3.925209e-02 8.810200e-13 0 
    0.116681 4.235140e-02 9.332299e-13 0 
    0.117490 3.731379e-02 8.109400e-13 0 
    0.118577 4.205966e-02 8.974000e-13 0 
    0.119674 2.798111e-02 5.861200e-13 0 
    0.120504 1.994682e-02 4.120900e-13 0 
    0.121619 4.675935e-03 9.483900e-14 0 
    0.122462 2.050532e-02 4.101900e-13 0 
    0.123595 4.138754e-02 8.128100e-13 0 
    0.124451 4.884983e-02 9.462100e-13 0 
    0.125603 4.941605e-02 9.397000e-13 0 
    0.126474 4.196305e-02 7.870200e-13 0 
    0.127644 5.381031e-02 9.908000e-13 0 
    0.128529 5.686633e-02 1.032700e-12 0 
    0.129420 5.115252e-02 9.161900e-13 0 
    0.130617 5.068366e-02 8.912300e-13 0 
    0.131522 5.900360e-02 1.023300e-12 0 
    0.132434 5.819245e-02 9.953800e-13 0 
    0.133660 5.481099e-02 9.204200e-13 0 
    0.134586 6.206855e-02 1.028000e-12 0 
    0.135519 6.121615e-02 9.999700e-13 0 
    0.136458 5.832651e-02 9.397000e-13 0 
    0.137404 6.107509e-02 9.704800e-13 0 
    0.138676 6.366049e-02 9.930901e-13 0 
    0.139637 6.221124e-02 9.571700e-13 0 
    0.140605 6.469459e-02 9.817200e-13 0 
    0.141579 6.395368e-02 9.571700e-13 0 
    0.142561 6.544347e-02 9.660200e-13 0 
    0.143549 6.574582e-02 9.571700e-13 0 
    0.144212 6.837047e-02 9.862500e-13 0 
    0.144877 6.964125e-02 9.953800e-13 0 
    0.145546 6.916175e-02 9.794600e-13 0 
    0.146555 6.774350e-02 9.462100e-13 0 
    0.147571 6.774378e-02 9.332299e-13 0 
    0.148594 6.852803e-02 9.310800e-13 0 
    0.149624 6.996268e-02 9.375300e-13 0 
    0.150661 6.964123e-02 9.204200e-13 0 
    0.151356 6.650684e-02 8.709400e-13 0 
    0.151705 6.948127e-02 9.057100e-13 0 
    0.152405 6.805595e-02 8.790000e-13 0 
    0.153462 6.484339e-02 8.260100e-13 0 
    0.154525 7.044719e-02 8.850900e-13 0 
    0.155597 6.789975e-02 8.413700e-13 0 
    0.156675 6.774332e-02 8.279200e-13 0 
    0.157398 7.093577e-02 8.589900e-13 0 
    0.158489 7.359798e-02 8.790000e-13 0 
    0.159588 7.635999e-02 8.994700e-13 0 
    0.160694 7.427859e-02 8.629500e-13 0 
    0.161436 7.531276e-02 8.669400e-13 0 
    0.162555 7.326002e-02 8.317400e-13 0 
    0.163682 7.618514e-02 8.530800e-13 0 
    0.164437 7.706626e-02 8.550400e-13 0 
    0.165577 7.309128e-02 7.998100e-13 0 
    0.166725 7.995872e-02 8.629500e-13 0 
    0.167109 7.531206e-02 8.090700e-13 0 
    0.167880 7.904305e-02 8.413700e-13 0 
    0.168655 8.200932e-02 8.649400e-13 0 
    0.169434 7.977537e-02 8.336600e-13 0 
    0.170608 7.849891e-02 8.090700e-13 0 
    0.171396 7.706654e-02 7.870200e-13 0 
    0.172584 7.760146e-02 7.816100e-13 0 
    0.173380 8.107050e-02 8.090700e-13 0 
    0.174582 8.014318e-02 7.888400e-13 0 
    0.175388 8.430757e-02 8.222200e-13 0 
    0.176604 7.922623e-02 7.620600e-13 0 
    0.177419 8.353499e-02 7.961400e-13 0 
    0.178649 8.489195e-02 7.979700e-13 0 
    0.179473 8.787470e-02 8.184400e-13 0 
    0.180717 8.848422e-02 8.128100e-13 0 
    0.181552 8.627136e-02 7.852100e-13 0 
    0.182390 8.727033e-02 7.870200e-13 0 
    0.183654 8.627151e-02 7.673400e-13 0 
    0.184502 8.296016e-02 7.311200e-13 0 
    0.185780 8.334146e-02 7.244100e-13 0 
    0.186638 8.508722e-02 7.328000e-13 0 
    0.187499 8.971427e-02 7.655700e-13 0 
    0.188799 8.666978e-02 7.294400e-13 0 
    0.189671 8.489282e-02 7.079300e-13 0 
    0.190546 8.909807e-02 7.361900e-13 0 
    0.191426 8.727115e-02 7.144800e-13 0 
    0.192753 8.767411e-02 7.079300e-13 0 
    0.193642 8.930340e-02 7.144800e-13 0 
    0.194536 9.265409e-02 7.344900e-13 0 
    0.195434 8.950868e-02 7.030500e-13 0 
    0.196789 9.481265e-02 7.344900e-13 0 
    0.197697 9.679829e-02 7.430000e-13 0 
    0.198610 9.437702e-02 7.177700e-13 0 
    0.199526 9.265392e-02 6.982100e-13 0 
    0.200447 9.481306e-02 7.079300e-13 0 
    0.201372 9.372749e-02 6.934100e-13 0 
    0.202768 9.769303e-02 7.128300e-13 0 
    0.203704 9.591091e-02 6.934100e-13 0 
    0.204645 9.769388e-02 6.998200e-13 0 
    0.205589 9.524972e-02 6.760600e-13 0 
    0.206538 9.702121e-02 6.823200e-13 0 
    0.207491 1.004300e-01 6.998200e-13 0 
    0.207970 9.905319e-02 6.870500e-13 0 
    0.208449 1.008946e-01 6.966100e-13 0 
    0.209411 9.837098e-02 6.729600e-13 0 
    0.210378 1.001992e-01 6.791800e-13 0 
    0.211836 1.013595e-01 6.776200e-13 0 
    0.212814 1.032441e-01 6.838900e-13 0 
    0.213796 9.996956e-02 6.561300e-13 0 
    0.214783 1.022971e-01 6.652500e-13 0 
    0.215774 1.041993e-01 6.714100e-13 0 
    0.216770 1.020622e-01 6.516100e-13 0 
    0.217771 1.022972e-01 6.471200e-13 0 
    0.218776 1.025336e-01 6.426700e-13 0 
    0.219786 1.063808e-01 6.606700e-13 0 
    0.220801 1.044405e-01 6.426700e-13 0 
    0.221820 1.022986e-01 6.237200e-13 0 
    0.222844 1.006630e-01 6.081200e-13 0 
    0.223357 1.061375e-01 6.382500e-13 0 
    0.224388 1.034826e-01 6.165800e-13 0 
    0.225424 1.018284e-01 6.011600e-13 0 
    0.226464 1.034813e-01 6.053200e-13 0 
    0.227510 1.061373e-01 6.151600e-13 0 
    0.228560 1.083590e-01 6.222800e-13 0 
    0.229615 1.056500e-01 6.011600e-13 0 
    0.230675 1.061630e-01 5.985400e-13 0 
    0.231739 1.049893e-01 5.865000e-13 0 
    0.232809 9.211116e-02 5.098400e-13 0 
    0.233346 1.026607e-01 5.656200e-13 0 
    0.234423 9.944318e-02 5.428700e-13 0 
    0.235505 1.048927e-01 5.673700e-13 0 
    0.236592 1.006743e-01 5.395600e-13 0 
    0.237684 1.040143e-01 5.523500e-13 0 
    0.238781 9.937193e-02 5.228600e-13 0 
    0.239332 1.040774e-01 5.451000e-13 0 
    0.240436 1.019836e-01 5.292400e-13 0 
    0.241546 1.039212e-01 5.343500e-13 0 
    0.242661 1.081137e-01 5.508100e-13 0 
    0.243781 1.052095e-01 5.311000e-13 0 
    0.244343 1.094325e-01 5.498800e-13 0 
    0.245471 1.089750e-01 5.425600e-13 0 
    0.246604 1.087691e-01 5.365700e-13 0 
    0.247742 1.073222e-01 5.245800e-13 0 
    0.248886 1.108843e-01 5.370200e-13 0 
    0.249460 1.083824e-01 5.224900e-13 0 
    0.250611 1.145893e-01 5.473500e-13 0 
    0.251189 1.089519e-01 5.180300e-13 0 
    0.251768 1.104901e-01 5.229300e-13 0 
    0.252348 1.070071e-01 5.041200e-13 0 
    0.253513 1.080445e-01 5.043400e-13 0 
    0.254683 1.083392e-01 5.010800e-13 0 
    0.255859 1.137565e-01 5.213100e-13 0 
    0.256448 1.124767e-01 5.130800e-13 0 
    0.257632 1.172877e-01 5.301200e-13 0 
    0.258821 1.178793e-01 5.279100e-13 0 
    0.259418 1.173627e-01 5.231800e-13 0 
    0.260615 1.152719e-01 5.091500e-13 0 
    0.261818 1.153217e-01 5.047000e-13 0 
    0.262422 1.177620e-01 5.130100e-13 0 
    0.263633 1.205588e-01 5.203800e-13 0 
    0.264850 1.283476e-01 5.489200e-13 0 
    0.265461 1.295653e-01 5.515800e-13 0 
    0.266686 1.249343e-01 5.269900e-13 0 
    0.267917 1.287868e-01 5.382600e-13 0 
    0.268534 1.294095e-01 5.383800e-13 0 
    0.269774 1.265222e-01 5.215400e-13 0 
    0.270396 1.286075e-01 5.277000e-13 0 
    0.271644 1.251585e-01 5.088400e-13 0 
    0.272898 1.252145e-01 5.044000e-13 0 
    0.273527 1.293462e-01 5.186500e-13 0 
    0.274789 1.207666e-01 4.798100e-13 0 
    0.275423 1.224775e-01 4.843700e-13 0 
    0.276694 1.268388e-01 4.970200e-13 0 
    0.277332 1.304214e-01 5.087100e-13 0 
    0.278612 1.278064e-01 4.939400e-13 0 
    0.279898 1.139602e-01 4.363900e-13 0 
    0.280543 1.196333e-01 4.560100e-13 0 
    0.281838 1.333701e-01 5.037100e-13 0 
    0.282488 1.355686e-01 5.096600e-13 0 
    0.283792 1.337708e-01 4.982900e-13 0 
    0.284446 1.310572e-01 4.859400e-13 0 
    0.285759 1.293221e-01 4.751100e-13 0 
    0.286418 1.367008e-01 4.999100e-13 0 
    0.287740 1.380319e-01 5.001500e-13 0 
    0.288403 1.383832e-01 4.991200e-13 0 
    0.289734 1.400524e-01 5.005100e-13 0 
    0.291072 1.467231e-01 5.195400e-13 0 
    0.293089 1.444829e-01 5.045900e-13 0 
    0.295121 1.442549e-01 4.968800e-13 0 
    0.297167 1.467064e-01 4.983900e-13 0 
    0.299227 1.481744e-01 4.964700e-13 0 
    0.301301 1.506926e-01 4.979800e-13 0 
    0.303389 1.525521e-01 4.972100e-13 0 
    0.304789 1.536846e-01 4.963100e-13 0 
    0.306902 1.552263e-01 4.944100e-13 0 
    0.309030 1.567816e-01 4.925100e-13 0 
    0.311172 1.587172e-01 4.917500e-13 0 
    0.313329 1.588407e-01 4.853800e-13 0 
    0.315501 1.604334e-01 4.835200e-13 0 
    0.316957 1.623763e-01 4.848900e-13 0 
    0.319154 1.595354e-01 4.698700e-13 0 
    0.321366 1.645119e-01 4.778800e-13 0 
    0.322849 1.615970e-01 4.651100e-13 0 
    0.325087 1.693441e-01 4.807200e-13 0 
    0.327341 1.750330e-01 4.900500e-13 0 
    0.328852 1.751278e-01 4.858200e-13 0 
    0.331131 1.760796e-01 4.817600e-13 0 
    0.332660 1.667023e-01 4.519200e-13 0 
    0.333426 1.686789e-01 4.551800e-13 0 
    0.334195 1.603890e-01 4.308200e-13 0 
    0.334966 1.723052e-01 4.607000e-13 0 
    0.335738 1.661155e-01 4.421100e-13 0 
    0.336512 1.557885e-01 4.127200e-13 0 
    0.337287 1.576332e-01 4.156900e-13 0 
    0.338065 1.709100e-01 4.486300e-13 0 
    0.338844 1.725405e-01 4.508300e-13 0 
    0.339625 1.729870e-01 4.499200e-13 0 
    0.340408 1.774704e-01 4.594600e-13 0 
    0.341193 1.660549e-01 4.279300e-13 0 
    0.341979 1.715417e-01 4.400400e-13 0 
    0.342768 1.780285e-01 4.545800e-13 0 
    0.343558 1.809708e-01 4.599700e-13 0 
    0.344350 1.740749e-01 4.404100e-13 0 
    0.345144 1.729249e-01 4.354900e-13 0 
    0.345939 1.725736e-01 4.326100e-13 0 
    0.346737 1.714350e-01 4.277800e-13 0 
    0.347536 1.803949e-01 4.480700e-13 0 
    0.348337 1.763375e-01 4.359800e-13 0 
    0.349140 1.830066e-01 4.503900e-13 0 
    0.349945 1.772508e-01 4.342200e-13 0 
    0.350752 1.810137e-01 4.414000e-13 0 
    0.351560 1.777618e-01 4.314800e-13 0 
    0.352371 1.857637e-01 4.488300e-13 0 
    0.353183 1.790950e-01 4.307300e-13 0 
    0.353997 1.875907e-01 4.490900e-13 0 
    0.354813 1.915702e-01 4.565100e-13 0 
    0.355631 1.947395e-01 4.619300e-13 0 
    0.356451 1.908020e-01 4.505100e-13 0 
    0.357273 1.848030e-01 4.343400e-13 0 
    0.358096 1.798165e-01 4.206800e-13 0 
    0.358922 1.733641e-01 4.037200e-13 0 
    0.359749 1.841120e-01 4.267800e-13 0 
    0.360579 1.910776e-01 4.408900e-13 0 
    0.361329 1.726769e-01 3.967800e-13 1 
    0.361604 2.907218e-01 6.670100e-13 1 
    0.361879 2.291825e-01 5.250200e-13 1 
    0.362154 1.256645e-01 2.874400e-13 1 
    0.362429 1.373665e-01 3.137300e-13 1 
    0.362704 1.578563e-01 3.599800e-13 1 
    0.362979 1.174629e-01 2.674600e-13 1 
    0.363254 1.768484e-01 4.020700e-13 1 
    0.363529 2.301979e-01 5.225700e-13 1 
    0.363804 2.305463e-01 5.225700e-13 1 
    0.364079 1.715552e-01 3.882700e-13 1 
    0.364354 2.857040e-01 6.456400e-13 1 
    0.364629 2.625404e-01 5.924000e-13 1 
    0.364904 9.413166e-02 2.120800e-13 1 
    0.365179 1.815238e-01 4.083600e-13 1 
    0.365454 1.626319e-01 3.653100e-13 1 
    0.365729 1.799532e-01 4.036100e-13 1 
    0.366004 2.162678e-01 4.843300e-13 1 
    0.366279 2.380898e-01 5.324000e-13 1 
    0.366554 2.481439e-01 5.540500e-13 1 
    0.366829 2.631748e-01 5.867300e-13 1 
    0.367104 1.635422e-01 3.640600e-13 1 
    0.367379 1.118879e-01 2.487000e-13 1 
    0.367654 1.865158e-01 4.139600e-13 1 
    0.367929 2.039736e-01 4.520300e-13 1 
    0.368204 2.030043e-01 4.492100e-13 1 
    0.368479 2.975729e-01 6.574900e-13 1 
    0.368754 2.538012e-01 5.599400e-13 1 
    0.369029 2.235026e-01 4.923600e-13 1 
    0.369304 1.792423e-01 3.942700e-13 1 
    0.369579 3.224038e-01 7.081200e-13 1 
    0.369854 2.808613e-01 6.159600e-13 1 
    0.370129 2.238917e-01 4.902900e-13 1 
    0.370404 3.029265e-01 6.623800e-13 1 
    0.370679 2.004892e-01 4.377400e-13 1 
    0.370954 1.826364e-01 3.981700e-13 1 
    0.371229 2.137862e-01 4.653900e-13 1 
    0.371504 2.607200e-01 5.667200e-13 1 
    0.371779 1.552483e-01 3.369600e-13 1 
    0.372054 2.088313e-01 4.525900e-13 1 
    0.372329 2.337237e-01 5.057900e-13 1 
    0.372604 5.553349e-01 1.200000e-12 1 
    0.372879 6.543627e-01 1.411900e-12 1 
    0.373154 6.565815e-01 1.414600e-12 1 
    0.373429 4.930924e-01 1.060800e-12 1 
    0.373704 3.015610e-01 6.478000e-13 1 
    0.373979 1.530351e-01 3.282600e-13 1 
    0.374254 1.640594e-01 3.513900e-13 1 
    0.374529 2.211201e-01 4.729100e-13 1 
    0.374804 2.602824e-01 5.558500e-13 1 
    0.375079 2.245086e-01 4.787500e-13 1 
    0.375354 9.999478e-02 2.129200e-13 1 
    0.375629 1.667063e-01 3.544500e-13 1 
    0.375904 2.363353e-01 5.017600e-13 1 
    0.376179 2.324548e-01 4.928000e-13 1 
    0.376454 2.285338e-01 4.837800e-13 1 
    0.376729 2.281062e-01 4.821700e-13 1 
    0.377004 2.358397e-01 4.977900e-13 1 
    0.377279 2.081430e-01 4.386900e-13 1 
    0.377554 2.898124e-01 6.099300e-13 1 
    0.377829 2.572060e-01 5.405200e-13 1 
    0.378104 2.985536e-01 6.265000e-13 1 
    0.378379 2.544763e-01 5.332300e-13 1 
    0.378654 2.951741e-01 6.176100e-13 1 
    0.378929 3.079515e-01 6.434100e-13 1 
    0.379204 2.886842e-01 6.022800e-13 1 
    0.379479 2.673872e-01 5.570400e-13 1 
    0.379754 2.705342e-01 5.627800e-13 1 
    0.380029 2.334775e-01 4.849900e-13 1 
    0.380304 2.146615e-01 4.452600e-13 1 
    0.380579 2.401502e-01 4.974100e-13 1 
    0.380854 2.454774e-01 5.077100e-13 1 
    0.381129 2.787817e-01 5.757600e-13 1 
    0.381404 2.609763e-01 5.382100e-13 1 
    0.381679 2.730119e-01 5.622200e-13 1 
    0.381954 2.906301e-01 5.976400e-13 1 
    0.382229 3.370358e-01 6.920700e-13 1 
    0.382504 3.222950e-01 6.608500e-13 1 
    0.382779 2.826708e-01 5.787700e-13 1 
    0.383054 2.962046e-01 6.056100e-13 1 
    0.383329 2.213570e-01 4.519300e-13 1 
    0.383604 1.747577e-01 3.562800e-13 1 
    0.383879 1.984588e-01 4.040200e-13 1 
    0.384154 2.264380e-01 4.603200e-13 1 
    0.384429 2.435853e-01 4.944700e-13 1 
    0.384704 2.978048e-01 6.036700e-13 1 
    0.384979 3.179080e-01 6.435000e-13 1 
    0.385254 2.993743e-01 6.051200e-13 1 
    0.385529 2.887139e-01 5.827400e-13 1 
    0.385804 2.984585e-01 6.015500e-13 1 
    0.386079 3.092784e-01 6.224700e-13 1 
    0.386354 2.878511e-01 5.785200e-13 1 
    0.386629 3.013208e-01 6.047300e-13 1 
    0.386904 3.664477e-01 7.343900e-13 1 
    0.387179 3.999384e-01 8.003700e-13 1 
    0.387454 3.948372e-01 7.890400e-13 1 
    0.387729 3.811663e-01 7.606400e-13 1 
    0.388004 3.386908e-01 6.749200e-13 1 
    0.388279 3.654235e-01 7.271600e-13 1 
    0.388554 3.607227e-01 7.167900e-13 1 
    0.388829 3.421535e-01 6.789300e-13 1 
    0.389104 3.533317e-01 7.001200e-13 1 
    0.389379 3.327517e-01 6.584100e-13 1 
    0.389654 3.904568e-01 7.715000e-13 1 
    0.389929 3.914085e-01 7.722900e-13 1 
    0.390204 3.873169e-01 7.631400e-13 1 
    0.390479 4.090416e-01 8.048100e-13 1 
    0.390754 4.545440e-01 8.930800e-13 1 
    0.391029 4.244504e-01 8.327800e-13 1 
    0.391304 4.352964e-01 8.528600e-13 1 
    0.391579 4.371556e-01 8.553000e-13 1 
    0.391854 3.680276e-01 7.190400e-13 1 
    0.392129 3.004981e-01 5.862800e-13 1 
    0.392404 2.708781e-01 5.277500e-13 1 
    0.392679 2.489302e-01 4.843100e-13 1 
    0.392954 2.765791e-01 5.373500e-13 1 
    0.393229 2.842855e-01 5.515500e-13 1 
    0.393504 2.611932e-01 5.060400e-13 1 
    0.393779 2.488072e-01 4.813700e-13 1 
    0.394054 3.258417e-01 6.295300e-13 1 
    0.394329 3.050715e-01 5.885800e-13 1 
    0.394604 2.977842e-01 5.737200e-13 1 
    0.394879 3.392453e-01 6.526900e-13 1 
    0.395154 2.748910e-01 5.281400e-13 1 
    0.395429 2.807570e-01 5.386600e-13 1 
    0.395704 3.547775e-01 6.797300e-13 1 
    0.395979 2.429554e-01 4.648400e-13 1 
    0.396254 2.966631e-01 5.668100e-13 1 
    0.396529 2.628711e-01 5.015500e-13 1 
    0.396804 1.913059e-01 3.645000e-13 1 
    0.397079 2.455948e-01 4.672900e-13 1 
    0.397354 2.250620e-01 4.276300e-13 1 
    0.397629 3.047126e-01 5.781700e-13 1 
    0.397904 3.149558e-01 5.967800e-13 1 
    0.398179 3.294068e-01 6.233000e-13 1 
    0.398454 2.869159e-01 5.421500e-13 1 
    0.398729 3.635612e-01 6.860300e-13 1 
    0.399004 3.630068e-01 6.840400e-13 1 
    0.399279 4.004671e-01 7.535900e-13 1 
    0.399554 4.296323e-01 8.073600e-13 1 
    0.399829 3.956402e-01 7.424600e-13 1 
    0.400104 4.043328e-01 7.577300e-13 1 
    0.400379 3.789785e-01 7.092400e-13 1 
    0.400654 3.260342e-01 6.093200e-13 1 
    0.400929 3.794042e-01 7.080900e-13 1 
    0.401204 3.514341e-01 6.549900e-13 1 
    0.401479 3.411596e-01 6.349700e-13 1 
    0.401754 4.469232e-01 8.306800e-13 1 
    0.402029 4.025490e-01 7.471800e-13 1 
    0.402304 3.626863e-01 6.722700e-13 1 
    0.402579 3.542793e-01 6.557900e-13 1 
    0.402854 3.638301e-01 6.725500e-13 1 
    0.403129 2.712938e-01 5.008100e-13 1 
    0.403404 3.593618e-01 6.624800e-13 1 
    0.403679 3.529154e-01 6.497100e-13 1 
    0.403954 3.677235e-01 6.760500e-13 1 
    0.404229 3.951311e-01 7.254500e-13 1 
    0.404504 3.597535e-01 6.596000e-13 1 
    0.404779 3.841480e-01 7.033700e-13 1 
    0.405054 3.438607e-01 6.287500e-13 1 
    0.405329 3.581448e-01 6.539800e-13 1 
    0.405604 3.508493e-01 6.397900e-13 1 
    0.405879 3.723513e-01 6.780800e-13 1 
    0.406154 4.055128e-01 7.374700e-13 1 
    0.406429 4.013103e-01 7.288400e-13 1 
    0.406704 4.000947e-01 7.256500e-13 1 
    0.406979 4.211688e-01 7.628400e-13 1 
    0.407254 3.514651e-01 6.357300e-13 1 
    0.407529 4.041609e-01 7.300600e-13 1 
    0.407804 4.162204e-01 7.508300e-13 1 
    0.408079 3.433762e-01 6.185900e-13 1 
    0.408354 3.470908e-01 6.244400e-13 1 
    0.408629 3.201351e-01 5.751700e-13 1 
    0.408904 3.174284e-01 5.695400e-13 1 
    0.409179 3.745854e-01 6.711900e-13 1 
    0.409454 3.313485e-01 5.929200e-13 1 
    0.409729 2.980895e-01 5.326900e-13 1 
    0.410004 3.774815e-01 6.736600e-13 1 
    0.410279 3.371122e-01 6.008100e-13 1 
    0.410554 2.981056e-01 5.305800e-13 1 
    0.410829 2.898748e-01 5.152400e-13 1 
    0.411104 3.390946e-01 6.019200e-13 1 
    0.411379 4.080708e-01 7.233900e-13 1 
    0.411654 3.897106e-01 6.899200e-13 1 
    0.411929 4.150338e-01 7.337700e-13 1 
    0.412204 3.944454e-01 6.964400e-13 1 
    0.412479 4.023275e-01 7.094100e-13 1 
    0.412754 3.716304e-01 6.544100e-13 1 
    0.413029 3.673435e-01 6.460000e-13 1 
    0.413304 4.169208e-01 7.322100e-13 1 
    0.413579 3.955932e-01 6.938300e-13 1 
    0.413854 4.189219e-01 7.337700e-13 1 
    0.414129 4.475195e-01 7.828200e-13 1 
    0.414404 4.187538e-01 7.315300e-13 1 
    0.414679 3.969895e-01 6.925900e-13 1 
    0.414954 4.065618e-01 7.083500e-13 1 
    0.415229 4.241010e-01 7.379300e-13 1 
    0.415504 4.026566e-01 6.996900e-13 1 
    0.415779 3.914748e-01 6.793600e-13 1 
    0.416054 4.417536e-01 7.656000e-13 1 
    0.416329 4.524949e-01 7.831800e-13 1 
    0.416604 4.400759e-01 7.606800e-13 1 
    0.416879 4.219286e-01 7.283500e-13 1 
    0.417154 3.623798e-01 6.247300e-13 1 
    0.417429 3.908418e-01 6.729100e-13 1 
    0.417704 4.146263e-01 7.129200e-13 1 
    0.417979 3.901370e-01 6.699300e-13 1 
    0.418254 3.806208e-01 6.527300e-13 1 
    0.418529 4.252576e-01 7.283200e-13 1 
    0.418804 4.213031e-01 7.206000e-13 1 
    0.419079 3.941894e-01 6.733400e-13 1 
    0.419354 4.031012e-01 6.876600e-13 1 
    0.419629 4.234752e-01 7.214700e-13 1 
    0.419904 4.378539e-01 7.449900e-13 1 
    0.420179 4.145286e-01 7.043800e-13 1 
    0.420454 4.082358e-01 6.927800e-13 1 
    0.420729 4.251024e-01 7.204600e-13 1 
    0.421004 4.493736e-01 7.606000e-13 1 
    0.421279 4.398151e-01 7.434500e-13 1 
    0.421554 4.152024e-01 7.009300e-13 1 
    0.421829 4.006550e-01 6.754900e-13 1 
    0.422104 4.265077e-01 7.181400e-13 1 
    0.422379 4.358827e-01 7.329700e-13 1 
    0.422654 3.930596e-01 6.601000e-13 1 
    0.422929 4.136285e-01 6.937400e-13 1 
    0.423204 4.400587e-01 7.371100e-13 1 
    0.423479 4.060730e-01 6.793000e-13 1 
    0.423754 4.181527e-01 6.986000e-13 1 
    0.424029 4.298193e-01 7.171600e-13 1 
    0.424304 3.999753e-01 6.665000e-13 1 
    0.424579 4.075964e-01 6.783200e-13 1 
    0.424854 4.255430e-01 7.072700e-13 1 
    0.425129 4.115991e-01 6.832100e-13 1 
    0.425404 4.172592e-01 6.917100e-13 1 
    0.425679 4.274751e-01 7.077300e-13 1 
    0.425954 4.394460e-01 7.266100e-13 1 
    0.426229 4.511622e-01 7.450200e-13 1 
    0.426504 4.699290e-01 7.750100e-13 1 
    0.426779 4.410346e-01 7.264200e-13 1 
    0.427054 4.192439e-01 6.896400e-13 1 
    0.427329 4.080300e-01 6.703300e-13 1 
    0.427604 4.005163e-01 6.571400e-13 1 
    0.427879 4.378613e-01 7.174900e-13 1 
    0.428154 3.925098e-01 6.423500e-13 1 
    0.428429 3.895695e-01 6.367200e-13 1 
    0.428704 4.380811e-01 7.150900e-13 1 
    0.428979 3.966247e-01 6.465900e-13 1 
    0.429254 3.848863e-01 6.266500e-13 1 
    0.429529 4.121069e-01 6.701100e-13 1 
    0.429804 3.904054e-01 6.340100e-13 1 
    0.430079 3.721432e-01 6.035800e-13 1 
    0.430354 3.819412e-01 6.186800e-13 1 
    0.430629 3.645900e-01 5.898200e-13 1 
    0.430904 3.713998e-01 6.000700e-13 1 
    0.431179 4.037523e-01 6.515100e-13 1 
    0.431454 3.798815e-01 6.122100e-13 1 
    0.431729 4.154135e-01 6.686200e-13 1 
    0.432004 3.700076e-01 5.947800e-13 1 
    0.432279 3.658072e-01 5.872800e-13 1 
    0.432554 3.887937e-01 6.233900e-13 1 
    0.432829 4.086843e-01 6.544500e-13 1 
    0.433104 3.909836e-01 6.253100e-13 1 
    0.433379 4.051283e-01 6.471100e-13 1 
    0.433654 4.243291e-01 6.769200e-13 1 
    0.433929 3.913573e-01 6.235300e-13 1 
    0.434204 4.512100e-01 7.179800e-13 1 
    0.434479 4.144238e-01 6.586100e-13 1 
    0.434754 3.564370e-01 5.657400e-13 1 
    0.435029 3.838878e-01 6.085400e-13 1 
    0.435304 4.362240e-01 6.906300e-13 1 
    0.435579 4.066210e-01 6.429500e-13 1 
    0.435854 3.699197e-01 5.841800e-13 1 
    0.436129 3.918929e-01 6.181000e-13 1 
    0.436404 4.099847e-01 6.458200e-13 1 
    0.436679 4.224959e-01 6.646900e-13 1 
    0.436954 4.219654e-01 6.630200e-13 1 
    0.437229 4.316027e-01 6.773100e-13 1 
    0.437504 3.859203e-01 6.048600e-13 1 
    0.437779 4.029387e-01 6.307400e-13 1 
    0.438054 4.235105e-01 6.621100e-13 1 
    0.438329 3.647312e-01 5.695000e-13 1 
    0.438604 3.976680e-01 6.201500e-13 1 
    0.438879 4.150720e-01 6.464800e-13 1 
    0.439154 3.977339e-01 6.187000e-13 1 
    0.439429 4.257872e-01 6.615100e-13 1 
    0.439704 4.474201e-01 6.942500e-13 1 
    0.439979 4.307963e-01 6.676200e-13 1 
    0.440254 3.853923e-01 5.965100e-13 1 
    0.440529 4.347203e-01 6.720200e-13 1 
    0.440804 4.118232e-01 6.358300e-13 1 
    0.441079 4.031998e-01 6.217400e-13 1 
    0.441354 4.163123e-01 6.411600e-13 1 
    0.441629 4.068910e-01 6.258700e-13 1 
    0.441904 4.390266e-01 6.744600e-13 1 
    0.442179 4.253587e-01 6.526500e-13 1 
    0.442454 4.182857e-01 6.410000e-13 1 
    0.442729 4.166040e-01 6.376300e-13 1 
    0.443004 4.355695e-01 6.658300e-13 1 
    0.443279 4.866296e-01 7.429600e-13 1 
    0.443554 4.343105e-01 6.622600e-13 1 
    0.443829 4.120449e-01 6.275300e-13 1 
    0.444104 4.216611e-01 6.413800e-13 1 
    0.444379 4.257248e-01 6.467600e-13 1 
    0.444654 4.481985e-01 6.800600e-13 1 
    0.444929 4.218104e-01 6.392300e-13 1 
    0.445204 4.617157e-01 6.988400e-13 1 
    0.445479 4.659245e-01 7.043400e-13 1 
    0.445754 4.810048e-01 7.262400e-13 1 
    0.446029 4.558289e-01 6.873800e-13 1 
    0.446304 4.814423e-01 7.251100e-13 1 
    0.446579 4.123207e-01 6.202400e-13 1 
    0.446854 4.381945e-01 6.583500e-13 1 
    0.447129 4.423793e-01 6.638200e-13 1 
    0.447404 4.819101e-01 7.222500e-13 1 
    0.447679 4.808927e-01 7.198400e-13 1 
    0.447954 4.087902e-01 6.111600e-13 1 
    0.448229 4.423486e-01 6.605200e-13 1 
    0.448504 4.325521e-01 6.451000e-13 1 
    0.448779 4.875756e-01 7.262700e-13 1 
    0.449054 4.291841e-01 6.385100e-13 1 
    0.449329 4.550143e-01 6.761100e-13 1 
    0.449604 4.671812e-01 6.933400e-13 1 
    0.449879 4.780276e-01 7.085700e-13 1 
    0.450154 4.269596e-01 6.321000e-13 1 
    0.450429 4.842828e-01 7.160900e-13 1 
    0.450704 4.858697e-01 7.175600e-13 1 
    0.450979 5.178311e-01 7.638300e-13 1 
    0.451254 4.673584e-01 6.885400e-13 1 
    0.451529 5.311305e-01 7.815400e-13 1 
    0.451804 4.994780e-01 7.340700e-13 1 
    0.452079 4.688713e-01 6.882500e-13 1 
    0.452354 4.258160e-01 6.242900e-13 1 
    0.452629 4.684899e-01 6.860200e-13 1 
    0.452904 4.318913e-01 6.316600e-13 1 
    0.453179 4.095102e-01 5.982000e-13 1 
    0.453454 4.377113e-01 6.386200e-13 1 
    0.453729 4.566128e-01 6.653900e-13 1 
    0.454004 4.480904e-01 6.521800e-13 1 
    0.454279 4.605340e-01 6.694800e-13 1 
    0.454554 4.730619e-01 6.868600e-13 1 
    0.454829 4.687730e-01 6.798100e-13 1 
    0.455104 4.246574e-01 6.150900e-13 1 
    0.455379 4.540713e-01 6.569000e-13 1 
    0.455654 4.704059e-01 6.797100e-13 1 
    0.455929 4.830928e-01 6.972000e-13 1 
    0.456204 4.613234e-01 6.649800e-13 1 
    0.456479 5.010331e-01 7.213500e-13 1 
    0.456754 4.390775e-01 6.313900e-13 1 
    0.457029 4.634112e-01 6.655800e-13 1 
    0.457304 4.913228e-01 7.048200e-13 1 
    0.457579 4.738027e-01 6.788700e-13 1 
    0.457854 4.795992e-01 6.863500e-13 1 
    0.458129 5.216551e-01 7.456400e-13 1 
    0.458404 4.964911e-01 7.088200e-13 1 
    0.458679 4.209762e-01 6.002900e-13 1 
    0.458954 4.587572e-01 6.533800e-13 1 
    0.459229 4.858795e-01 6.911800e-13 1 
    0.459504 4.994399e-01 7.096200e-13 1 
    0.459779 4.930970e-01 6.997700e-13 1 
    0.460054 4.530291e-01 6.421400e-13 1 
    0.460329 4.530835e-01 6.414500e-13 1 
    0.460604 4.517439e-01 6.387900e-13 1 
    0.460879 5.116873e-01 7.226900e-13 1 
    0.461154 5.191884e-01 7.324100e-13 1 
    0.461429 5.049675e-01 7.115000e-13 1 
    0.461704 4.902426e-01 6.899300e-13 1 
    0.461979 4.904639e-01 6.894200e-13 1 
    0.462254 5.452014e-01 7.654500e-13 1 
    0.462529 5.112430e-01 7.169200e-13 1 
    0.462804 4.853490e-01 6.798000e-13 1 
    0.463079 4.635239e-01 6.484600e-13 1 
    0.463354 4.878559e-01 6.816900e-13 1 
    0.463629 4.555618e-01 6.358100e-13 1 
    0.463904 4.806431e-01 6.700200e-13 1 
    0.464179 5.417796e-01 7.543500e-13 1 
    0.464454 4.995515e-01 6.947300e-13 1 
    0.464729 5.185945e-01 7.203600e-13 1 
    0.465004 4.714291e-01 6.540700e-13 1 
    0.465279 5.165755e-01 7.158600e-13 1 
    0.465554 4.742644e-01 6.564500e-13 1 
    0.465829 4.783185e-01 6.612800e-13 1 
    0.466104 5.207191e-01 7.190500e-13 1 
    0.466379 5.353848e-01 7.384300e-13 1 
    0.466654 5.067850e-01 6.981600e-13 1 
    0.466929 4.719174e-01 6.493600e-13 1 
    0.467204 5.034619e-01 6.919500e-13 1 
    0.467479 5.246554e-01 7.202300e-13 1 
    0.467754 4.970922e-01 6.815900e-13 1 
    0.468029 5.060739e-01 6.930900e-13 1 
    0.468304 5.450112e-01 7.455400e-13 1 
    0.468579 5.159003e-01 7.048900e-13 1 
    0.468854 4.925232e-01 6.721600e-13 1 
    0.469129 4.959475e-01 6.760400e-13 1 
    0.469404 4.840285e-01 6.590200e-13 1 
    0.469679 5.053835e-01 6.872900e-13 1 
    0.469954 5.158184e-01 7.006600e-13 1 
    0.470229 5.030447e-01 6.825100e-13 1 
    0.470504 4.823592e-01 6.536800e-13 1 
    0.470779 4.618386e-01 6.251400e-13 1 
    0.471054 4.410693e-01 5.963300e-13 1 
    0.471329 4.283146e-01 5.784100e-13 1 
    0.471604 5.020320e-01 6.771700e-13 1 
    0.471879 4.930948e-01 6.643400e-13 1 
    0.472154 4.592866e-01 6.180700e-13 1 
    0.472429 5.097715e-01 6.852100e-13 1 
    0.472704 5.131881e-01 6.890000e-13 1 
    0.472979 5.057840e-01 6.782700e-13 1 
    0.473254 4.783911e-01 6.407900e-13 1 
    0.473529 5.060042e-01 6.769900e-13 1 
    0.473804 4.667900e-01 6.238000e-13 1 
    0.474079 5.069631e-01 6.767000e-13 1 
    0.474354 4.587539e-01 6.116400e-13 1 
    0.474629 5.155140e-01 6.865200e-13 1 
    0.474904 4.658777e-01 6.197000e-13 1 
    0.475179 4.752685e-01 6.314600e-13 1 
    0.475454 4.793905e-01 6.362000e-13 1 
    0.475729 4.892393e-01 6.485200e-13 1 
    0.476004 4.789520e-01 6.341500e-13 1 
    0.476279 5.291990e-01 6.998700e-13 1 
    0.476554 4.924668e-01 6.505400e-13 1 
    0.476829 4.804317e-01 6.339100e-13 1 
    0.477104 5.135217e-01 6.767900e-13 1 
    0.477379 5.107715e-01 6.723900e-13 1 
    0.477654 5.071241e-01 6.668200e-13 1 
    0.477929 5.220984e-01 6.857200e-13 1 
    0.478204 5.003879e-01 6.564500e-13 1 
    0.478479 4.750702e-01 6.225200e-13 1 
    0.478754 4.696953e-01 6.147700e-13 1 
    0.479029 5.035922e-01 6.583800e-13 1 
    0.479304 4.857384e-01 6.343100e-13 1 
    0.479579 4.757161e-01 6.205100e-13 1 
    0.479854 4.969852e-01 6.475100e-13 1 
    0.480129 5.169958e-01 6.728100e-13 1 
    0.480404 5.002715e-01 6.503000e-13 1 
    0.480679 5.289249e-01 6.867600e-13 1 
    0.480954 4.980018e-01 6.458700e-13 1 
    0.481229 5.135085e-01 6.652200e-13 1 
    0.481504 5.307344e-01 6.867500e-13 1 
    0.481779 5.076887e-01 6.561800e-13 1 
    0.482054 5.420404e-01 6.997800e-13 1 
    0.482329 5.328803e-01 6.871700e-13 1 
    0.482604 5.078063e-01 6.540900e-13 1 
    0.482879 5.057659e-01 6.507200e-13 1 
    0.483154 5.074160e-01 6.521000e-13 1 
    0.483429 5.031483e-01 6.458800e-13 1 
    0.483704 4.898699e-01 6.281200e-13 1 
    0.483979 4.771381e-01 6.111000e-13 1 
    0.484254 4.833241e-01 6.183200e-13 1 
    0.484529 4.977715e-01 6.360800e-13 1 
    0.484804 4.706810e-01 6.007800e-13 1 
    0.485079 4.820781e-01 6.146300e-13 1 
    0.485354 4.559114e-01 5.806100e-13 1 
    0.485629 4.586058e-01 5.833800e-13 1 
    0.485904 5.601064e-01 7.116900e-13 1 
    0.486179 6.955030e-01 8.827300e-13 1 
    0.486454 7.655775e-01 9.705700e-13 1 
    0.486729 6.810232e-01 8.624000e-13 1 
    0.487004 5.703297e-01 7.214100e-13 1 
    0.487279 4.597408e-01 5.808700e-13 1 
    0.487554 4.475583e-01 5.648400e-13 1 
    0.487829 4.627465e-01 5.833500e-13 1 
    0.488104 4.893563e-01 6.162000e-13 1 
    0.488379 4.860678e-01 6.113700e-13 1 
    0.488654 5.028127e-01 6.317200e-13 1 
    0.488929 5.295550e-01 6.645700e-13 1 
    0.489204 5.060273e-01 6.343300e-13 1 
    0.489479 4.963740e-01 6.215300e-13 1 
    0.489754 4.959964e-01 6.203600e-13 1 
    0.490029 5.275941e-01 6.591400e-13 1 
    0.490304 5.024078e-01 6.269700e-13 1 
    0.490579 5.438530e-01 6.779300e-13 1 
    0.490854 5.185540e-01 6.456700e-13 1 
    0.491129 4.699208e-01 5.844600e-13 1 
    0.491404 5.012839e-01 6.227700e-13 1 
    0.491679 4.899109e-01 6.079600e-13 1 
    0.491954 4.913384e-01 6.090500e-13 1 
    0.492229 4.908864e-01 6.078100e-13 1 
    0.492504 4.902707e-01 6.063700e-13 1 
    0.492779 4.580605e-01 5.659000e-13 1 
    0.493054 4.829875e-01 5.960300e-13 1 
    0.493329 5.017713e-01 6.185200e-13 1 
    0.493604 5.200276e-01 6.403100e-13 1 
    0.493879 5.162086e-01 6.349000e-13 1 
    0.494154 5.521339e-01 6.783300e-13 1 
    0.494429 5.508336e-01 6.759800e-13 1 
    0.494704 5.397647e-01 6.616600e-13 1 
    0.494979 5.464574e-01 6.691200e-13 1 
    0.495254 5.299608e-01 6.482000e-13 1 
    0.495529 5.535165e-01 6.762600e-13 1 
    0.495804 5.829250e-01 7.114000e-13 1 
    0.496079 6.277868e-01 7.653000e-13 1 
    0.496354 5.830446e-01 7.099700e-13 1 
    0.496629 5.848665e-01 7.114000e-13 1 
    0.496904 5.071111e-01 6.161400e-13 1 
    0.497179 5.241517e-01 6.361400e-13 1 
    0.497454 4.794959e-01 5.813000e-13 1 
    0.497729 4.802574e-01 5.815800e-13 1 
    0.498004 5.067795e-01 6.130200e-13 1 
    0.498279 4.895293e-01 5.915000e-13 1 
    0.498554 4.769957e-01 5.757200e-13 1 
    0.498829 4.623766e-01 5.574600e-13 1 
    0.499104 4.490114e-01 5.407500e-13 1 
    0.499379 5.041703e-01 6.065100e-13 1 
    0.499654 4.605120e-01 5.533800e-13 1 
    0.499929 4.730990e-01 5.678800e-13 1 
    0.500204 5.368044e-01 6.436400e-13 1 
    0.500479 5.912395e-01 7.081300e-13 1 
    0.500754 7.054980e-01 8.440500e-13 1 
    0.501029 7.597927e-01 9.080100e-13 1 
    0.501304 7.332179e-01 8.752900e-13 1 
    0.501579 6.135318e-01 7.316100e-13 1 
    0.501854 5.266423e-01 6.273100e-13 1 
    0.502129 5.781506e-01 6.879100e-13 1 
    0.502404 5.113654e-01 6.077800e-13 1 
    0.502679 4.815946e-01 5.717700e-13 1 
    0.502954 5.311795e-01 6.299500e-13 1 
    0.503229 5.126916e-01 6.073600e-13 1 
    0.503504 5.205196e-01 6.159600e-13 1 
    0.503779 5.303518e-01 6.269100e-13 1 
    0.504054 5.080392e-01 5.998800e-13 1 
    0.504329 4.453374e-01 5.252700e-13 1 
    0.504604 4.962136e-01 5.846400e-13 1 
    0.504879 5.008585e-01 5.894700e-13 1 
    0.505154 5.132957e-01 6.034500e-13 1 
    0.505429 4.912977e-01 5.769600e-13 1 
    0.505704 4.908777e-01 5.758400e-13 1 
    0.505979 4.796095e-01 5.620100e-13 1 
    0.506254 5.450073e-01 6.379500e-13 1 
    0.506529 5.248600e-01 6.137000e-13 1 
    0.506804 5.188290e-01 6.059900e-13 1 
    0.507079 5.358228e-01 6.251600e-13 1 
    0.507354 5.390726e-01 6.282700e-13 1 
    0.507629 4.753041e-01 5.533500e-13 1 
    0.507904 5.215653e-01 6.065500e-13 1 
    0.508179 5.238605e-01 6.085600e-13 1 
    0.508454 4.799870e-01 5.569900e-13 1 
    0.508729 4.373635e-01 5.069800e-13 1 
    0.509004 5.186883e-01 6.006000e-13 1 
    0.509279 5.200616e-01 6.015400e-13 1 
    0.509554 4.867484e-01 5.624000e-13 1 
    0.509829 4.794761e-01 5.534000e-13 1 
    0.510104 5.059100e-01 5.832800e-13 1 
    0.510379 5.088261e-01 5.860100e-13 1 
    0.510654 4.537876e-01 5.220600e-13 1 
    0.510929 5.057379e-01 5.812000e-13 1 
    0.511204 5.178506e-01 5.944800e-13 1 
    0.511479 5.162889e-01 5.920500e-13 1 
    0.511754 5.105762e-01 5.848700e-13 1 
    0.512029 4.611723e-01 5.277100e-13 1 
    0.512304 5.088573e-01 5.816500e-13 1 
    0.512579 4.969237e-01 5.674000e-13 1 
    0.512854 5.031295e-01 5.738700e-13 1 
    0.513129 5.035990e-01 5.737900e-13 1 
    0.513404 5.160090e-01 5.873000e-13 1 
    0.513679 4.971062e-01 5.651800e-13 1 
    0.513954 4.922852e-01 5.591000e-13 1 
    0.514229 5.436535e-01 6.167800e-13 1 
    0.514504 5.036280e-01 5.707600e-13 1 
    0.514779 4.692751e-01 5.312600e-13 1 
    0.515054 5.265555e-01 5.954700e-13 1 
    0.515329 5.084665e-01 5.744000e-13 1 
    0.515604 5.081320e-01 5.734100e-13 1 
    0.515879 4.706263e-01 5.305200e-13 1 
    0.516154 5.149446e-01 5.798600e-13 1 
    0.516429 5.154668e-01 5.798300e-13 1 
    0.516704 4.960456e-01 5.573900e-13 1 
    0.516979 4.892595e-01 5.491800e-13 1 
    0.517254 4.554087e-01 5.106400e-13 1 
    0.517529 4.804804e-01 5.381800e-13 1 
    0.517804 5.080357e-01 5.684400e-13 1 
    0.518079 5.298868e-01 5.922600e-13 1 
    0.518354 5.241711e-01 5.852500e-13 1 
    0.518629 4.704391e-01 5.247000e-13 1 
    0.518904 4.983938e-01 5.552900e-13 1 
    0.519179 5.051398e-01 5.622100e-13 1 
    0.519454 5.863639e-01 6.519200e-13 1 
    0.519729 5.464042e-01 6.068500e-13 1 
    0.520004 5.476406e-01 6.075800e-13 1 
    0.520279 5.260053e-01 5.829600e-13 1 
    0.520554 5.812806e-01 6.435400e-13 1 
    0.520829 5.079035e-01 5.617100e-13 1 
    0.521104 4.790040e-01 5.291900e-13 1 
    0.521379 5.359520e-01 5.914800e-13 1 
    0.521654 5.528449e-01 6.094800e-13 1 
    0.521929 5.017064e-01 5.525200e-13 1 
    0.522204 5.399674e-01 5.940300e-13 1 
    0.522479 4.911897e-01 5.398000e-13 1 
    0.522754 5.225776e-01 5.736900e-13 1 
    0.523029 5.437083e-01 5.962600e-13 1 
    0.523304 5.265076e-01 5.767900e-13 1 
    0.523579 4.957731e-01 5.425500e-13 1 
    0.523854 5.236906e-01 5.725000e-13 1 
    0.524129 5.348811e-01 5.841200e-13 1 
    0.524404 4.993167e-01 5.447100e-13 1 
    0.524679 5.703694e-01 6.215700e-13 1 
    0.524954 5.104783e-01 5.557200e-13 1 
    0.525229 5.103419e-01 5.549900e-13 1 
    0.525504 4.851390e-01 5.270300e-13 1 
    0.525779 5.130608e-01 5.567800e-13 1 
    0.526054 5.682247e-01 6.160000e-13 1 
    0.526329 5.241076e-01 5.675800e-13 1 
    0.526604 5.091537e-01 5.508100e-13 1 
    0.526879 5.036986e-01 5.443400e-13 1 
    0.527154 5.113201e-01 5.520000e-13 1 
    0.527429 5.338485e-01 5.757200e-13 1 
    0.527704 5.290681e-01 5.699700e-13 1 
    0.527979 5.122899e-01 5.513200e-13 1 
    0.528254 5.148515e-01 5.535000e-13 1 
    0.528529 5.138792e-01 5.518800e-13 1 
    0.528804 5.985466e-01 6.421400e-13 1 
    0.529079 5.280871e-01 5.659600e-13 1 
    0.529354 5.278236e-01 5.650900e-13 1 
    0.529629 5.114482e-01 5.469900e-13 1 
    0.529904 5.290332e-01 5.652100e-13 1 
    0.530179 5.364223e-01 5.725100e-13 1 
    0.530454 5.494630e-01 5.858200e-13 1 
    0.530729 4.867221e-01 5.183900e-13 1 
    0.531004 5.648422e-01 6.009700e-13 1 
    0.531279 5.664812e-01 6.020900e-13 1 
    0.531554 5.398017e-01 5.731400e-13 1 
    0.531829 5.347507e-01 5.671900e-13 1 
    0.532104 5.483752e-01 5.810400e-13 1 
    0.532379 5.520032e-01 5.842800e-13 1 
    0.532654 5.550987e-01 5.869500e-13 1 
    0.532929 5.525668e-01 5.836700e-13 1 
    0.533204 5.208969e-01 5.496500e-13 1 
    0.533479 5.492018e-01 5.789200e-13 1 
    0.533754 4.881552e-01 5.140400e-13 1 
    0.534029 5.573979e-01 5.863500e-13 1 
    0.534304 5.668696e-01 5.957000e-13 1 
    0.534579 5.583752e-01 5.861700e-13 1 
    0.534854 5.746455e-01 6.026300e-13 1 
    0.535129 5.565943e-01 5.831000e-13 1 
    0.535404 5.810069e-01 6.080500e-13 1 
    0.535679 5.738658e-01 5.999600e-13 1 
    0.535954 5.894685e-01 6.156400e-13 1 
    0.536229 5.831726e-01 6.084400e-13 1 
    0.536504 5.779086e-01 6.023300e-13 1 
    0.536779 5.402181e-01 5.624700e-13 1 
    0.537054 4.994017e-01 5.194400e-13 1 
    0.537329 5.670509e-01 5.892000e-13 1 
    0.537604 5.726507e-01 5.944100e-13 1 
    0.537879 5.520687e-01 5.724600e-13 1 
    0.538154 5.309898e-01 5.500400e-13 1 
    0.538429 5.476127e-01 5.666800e-13 1 
    0.538704 5.917412e-01 6.117200e-13 1 
    0.538979 5.783629e-01 5.972800e-13 1 
    0.539254 5.923879e-01 6.111400e-13 1 
    0.539529 5.916339e-01 6.097400e-13 1 
    0.539804 5.756183e-01 5.926300e-13 1 
    0.540079 5.426611e-01 5.581300e-13 1 
    0.540354 5.537252e-01 5.689300e-13 1 
    0.540629 5.337905e-01 5.478900e-13 1 
    0.540904 5.447201e-01 5.585400e-13 1 
    0.541179 5.184175e-01 5.310300e-13 1 
    0.541454 5.312871e-01 5.436600e-13 1 
    0.541729 4.939986e-01 5.049900e-13 1 
    0.542004 5.738764e-01 5.860500e-13 1 
    0.542279 5.380045e-01 5.488600e-13 1 
    0.542554 5.847656e-01 5.959600e-13 1 
    0.542829 5.578271e-01 5.679300e-13 1 
    0.543104 5.558263e-01 5.653200e-13 1 
    0.543379 5.790063e-01 5.883000e-13 1 
    0.543654 5.572187e-01 5.655900e-13 1 
    0.543929 6.211555e-01 6.298500e-13 1 
    0.544204 5.900751e-01 5.977300e-13 1 
    0.544479 5.735759e-01 5.804300e-13 1 
    0.544754 5.900319e-01 5.964800e-13 1 
    0.545029 5.982918e-01 6.042200e-13 1 
    0.545304 5.970719e-01 6.023800e-13 1 
    0.545579 6.451902e-01 6.502700e-13 1 
    0.545854 6.294829e-01 6.338000e-13 1 
    0.546129 6.278208e-01 6.314900e-13 1 
    0.546404 5.807338e-01 5.835400e-13 1 
    0.546679 5.240573e-01 5.260600e-13 1 
    0.546954 4.808178e-01 4.821700e-13 1 
    0.547229 5.251123e-01 5.260600e-13 1 
    0.547504 5.285879e-01 5.290100e-13 1 
    0.547779 5.552744e-01 5.551600e-13 1 
    0.548054 5.612686e-01 5.605900e-13 1 
    0.548329 5.623933e-01 5.611500e-13 1 
    0.548604 5.522532e-01 5.504800e-13 1 
    0.548879 5.582599e-01 5.559100e-13 1 
    0.549154 5.205603e-01 5.178500e-13 1 
    0.549429 5.273406e-01 5.240700e-13 1 
    0.549704 5.757129e-01 5.715700e-13 1 
    0.549979 5.648957e-01 5.602700e-13 1 
    0.550254 5.677115e-01 5.625000e-13 1 
    0.550529 5.904243e-01 5.844200e-13 1 
    0.550804 5.850073e-01 5.784800e-13 1 
    0.551079 5.897724e-01 5.826100e-13 1 
    0.551354 5.759418e-01 5.683800e-13 1 
    0.551629 5.760499e-01 5.679200e-13 1 
    0.551904 5.331177e-01 5.250700e-13 1 
    0.552179 5.747091e-01 5.654700e-13 1 
    0.552454 5.745085e-01 5.647100e-13 1 
    0.552729 5.976985e-01 5.869200e-13 1 
    0.553004 5.882118e-01 5.770300e-13 1 
    0.553279 5.956948e-01 5.837900e-13 1 
    0.553554 6.111792e-01 5.983700e-13 1 
    0.553829 6.327974e-01 6.189200e-13 1 
    0.554104 6.329654e-01 6.184700e-13 1 
    0.554379 6.261972e-01 6.112500e-13 1 
    0.554654 6.005461e-01 5.856300e-13 1 
    0.554929 6.303864e-01 6.141200e-13 1 
    0.555204 5.707174e-01 5.554400e-13 1 
    0.555479 5.518335e-01 5.365300e-13 1 
    0.555754 6.075017e-01 5.900700e-13 1 
    0.556029 5.999616e-01 5.821700e-13 1 
    0.556304 6.241268e-01 6.050200e-13 1 
    0.556579 6.031626e-01 5.841200e-13 1 
    0.556854 6.213821e-01 6.011700e-13 1 
    0.557129 6.318561e-01 6.107000e-13 1 
    0.557404 5.749386e-01 5.551400e-13 1 
    0.557679 5.964159e-01 5.753100e-13 1 
    0.557954 5.626873e-01 5.422400e-13 1 
    0.558229 5.859695e-01 5.641200e-13 1 
    0.558504 5.884290e-01 5.659300e-13 1 
    0.558779 5.673916e-01 5.451600e-13 1 
    0.559054 6.044759e-01 5.802200e-13 1 
    0.559329 5.555258e-01 5.327100e-13 1 
    0.559604 5.440471e-01 5.211900e-13 1 
    0.559879 5.862518e-01 5.610700e-13 1 
    0.560154 5.594250e-01 5.348700e-13 1 
    0.560429 6.638095e-01 6.340500e-13 1 
    0.560704 5.699872e-01 5.439000e-13 1 
    0.560979 5.427797e-01 5.174300e-13 1 
    0.561254 5.286326e-01 5.034500e-13 1 
    0.561529 6.205080e-01 5.903700e-13 1 
    0.561804 5.937409e-01 5.643500e-13 1 
    0.562079 5.685316e-01 5.398600e-13 1 
    0.562354 5.970017e-01 5.663400e-13 1 
    0.562629 5.542393e-01 5.252600e-13 1 
    0.562904 5.675401e-01 5.373400e-13 1 
    0.563179 5.644262e-01 5.338700e-13 1 
    0.563454 6.090015e-01 5.754700e-13 1 
    0.563729 6.560147e-01 6.192900e-13 1 
    0.564004 6.401030e-01 6.036800e-13 1 
    0.564279 6.015629e-01 5.667800e-13 1 
    0.564554 6.112542e-01 5.753500e-13 1 
    0.564829 6.455821e-01 6.070700e-13 1 
    0.565104 5.971173e-01 5.609500e-13 1 
    0.565379 5.997871e-01 5.629100e-13 1 
    0.565654 5.922756e-01 5.553200e-13 1 
    0.565929 6.260214e-01 5.863900e-13 1 
    0.566204 6.230501e-01 5.830400e-13 1 
    0.566479 6.449310e-01 6.029300e-13 1 
    0.566754 5.879751e-01 5.491500e-13 1 
    0.567029 5.962195e-01 5.563100e-13 1 
    0.567304 5.848901e-01 5.452100e-13 1 
    0.567579 5.728828e-01 5.335000e-13 1 
    0.567854 6.282775e-01 5.845200e-13 1 
    0.568129 6.788618e-01 6.309700e-13 1 
    0.568404 6.481801e-01 6.018700e-13 1 
    0.568679 6.230112e-01 5.779400e-13 1 
    0.568954 6.160716e-01 5.709500e-13 1 
    0.569229 5.865764e-01 5.430900e-13 1 
    0.569504 6.002897e-01 5.552500e-13 1 
    0.569779 6.211926e-01 5.740300e-13 1 
    0.570054 6.209798e-01 5.732800e-13 1 
    0.570329 5.799982e-01 5.349300e-13 1 
    0.570604 6.008852e-01 5.536600e-13 1 
    0.570879 6.331423e-01 5.828200e-13 1 
    0.571154 6.194641e-01 5.696800e-13 1 
    0.571429 5.801370e-01 5.330000e-13 1 
    0.571704 5.956214e-01 5.467000e-13 1 
    0.571979 6.120073e-01 5.612000e-13 1 
    0.572254 6.043544e-01 5.536500e-13 1 
    0.572529 6.086395e-01 5.570400e-13 1 
    0.572804 5.987140e-01 5.474300e-13 1 
    0.573079 5.996612e-01 5.477700e-13 1 
    0.573354 6.265576e-01 5.717900e-13 1 
    0.573629 6.580566e-01 5.999600e-13 1 
    0.573904 6.360602e-01 5.793500e-13 1 
    0.574179 6.385272e-01 5.810400e-13 1 
    0.574454 6.228701e-01 5.662500e-13 1 
    0.574729 5.930668e-01 5.386400e-13 1 
    0.575004 6.006768e-01 5.450300e-13 1 
    0.575279 6.086978e-01 5.517800e-13 1 
    0.575554 6.367195e-01 5.766300e-13 1 
    0.575829 6.393507e-01 5.784600e-13 1 
    0.576104 6.113521e-01 5.526000e-13 1 
    0.576379 6.205292e-01 5.603600e-13 1 
    0.576654 6.481006e-01 5.847000e-13 1 
    0.576929 5.982815e-01 5.392400e-13 1 
    0.577204 6.194749e-01 5.578100e-13 1 
    0.577479 6.090493e-01 5.479000e-13 1 
    0.577754 6.091511e-01 5.474700e-13 1 
    0.578029 6.324622e-01 5.678800e-13 1 
    0.578304 6.138341e-01 5.506300e-13 1 
    0.578579 5.964975e-01 5.345700e-13 1 
    0.578854 6.014653e-01 5.385100e-13 1 
    0.579129 6.229877e-01 5.572500e-13 1 
    0.579404 6.008632e-01 5.369500e-13 1 
    0.579679 5.933690e-01 5.297500e-13 1 
    0.579954 6.085968e-01 5.428300e-13 1 
    0.580229 6.248852e-01 5.568300e-13 1 
    0.580504 6.632200e-01 5.904300e-13 1 
    0.580779 6.407656e-01 5.699000e-13 1 
    0.581054 6.018819e-01 5.348100e-13 1 
    0.581329 6.264344e-01 5.561000e-13 1 
    0.581604 6.252232e-01 5.545000e-13 1 
    0.581879 6.243135e-01 5.531700e-13 1 
    0.582154 6.201817e-01 5.489900e-13 1 
    0.582429 6.139041e-01 5.429200e-13 1 
    0.582704 6.403233e-01 5.657500e-13 1 
    0.582979 6.226771e-01 5.496400e-13 1 
    0.583254 6.103830e-01 5.382800e-13 1 
    0.583529 6.370869e-01 5.613000e-13 1 
    0.583804 6.203054e-01 5.460000e-13 1 
    0.584079 6.241535e-01 5.488700e-13 1 
    0.584354 6.323106e-01 5.555200e-13 1 
    0.584629 6.094705e-01 5.349500e-13 1 
    0.584904 5.722405e-01 5.018000e-13 1 
    0.585179 6.014747e-01 5.269400e-13 1 
    0.585454 6.412629e-01 5.612700e-13 1 
    0.585729 6.553485e-01 5.730600e-13 1 
    0.586004 7.227784e-01 6.314300e-13 1 
    0.586279 5.972418e-01 5.212700e-13 1 
    0.586554 6.358421e-01 5.544400e-13 1 
    0.586829 6.459775e-01 5.627500e-13 1 
    0.587104 5.903755e-01 5.138300e-13 1 
    0.587379 5.738504e-01 4.989800e-13 1 
    0.587654 6.200070e-01 5.386100e-13 1 
    0.587929 6.820458e-01 5.919500e-13 1 
    0.588204 6.332083e-01 5.490500e-13 1 
    0.588479 6.283404e-01 5.443200e-13 1 
    0.588754 6.197420e-01 5.363700e-13 1 
    0.589029 6.049973e-01 5.231200e-13 1 
    0.589304 3.879109e-01 3.351000e-13 1 
    0.589579 2.681644e-01 2.314400e-13 1 
    0.589854 1.376866e-01 1.187200e-13 1 
    0.590129 2.929962e-01 2.524000e-13 1 
    0.590404 4.622710e-01 3.978500e-13 1 
    0.590679 5.479850e-01 4.711800e-13 1 
    0.590954 5.813459e-01 4.994000e-13 1 
    0.591229 5.940049e-01 5.098000e-13 1 
    0.591504 6.473424e-01 5.550600e-13 1 
    0.591779 6.166714e-01 5.282700e-13 1 
    0.592054 5.543366e-01 4.744300e-13 1 
    0.592329 6.737793e-01 5.761200e-13 1 
    0.592604 6.685755e-01 5.711400e-13 1 
    0.592879 7.058699e-01 6.024400e-13 1 
    0.593154 6.977057e-01 5.949200e-13 1 
    0.593429 6.394250e-01 5.447200e-13 1 
    0.593704 5.736684e-01 4.882500e-13 1 
    0.593979 5.704955e-01 4.851000e-13 1 
    0.594254 6.477607e-01 5.502900e-13 1 
    0.594529 6.455563e-01 5.479100e-13 1 
    0.594804 5.912569e-01 5.013600e-13 1 
    0.595079 5.711232e-01 4.838400e-13 1 
    0.595354 6.393504e-01 5.411400e-13 1 
    0.595629 6.847018e-01 5.789900e-13 1 
    0.595904 5.259410e-01 4.443300e-13 1 
    0.596179 6.184945e-01 5.220400e-13 1 
    0.596454 7.211202e-01 6.081000e-13 1 
    0.596729 6.171793e-01 5.199700e-13 1 
    0.597004 6.268606e-01 5.276400e-13 1 
    0.597279 6.613882e-01 5.561900e-13 1 
    0.597554 6.512971e-01 5.472000e-13 1 
    0.597829 5.621537e-01 4.718700e-13 1 
    0.598104 5.591295e-01 4.689000e-13 1 
    0.598379 5.878229e-01 4.925100e-13 1 
    0.598654 5.493708e-01 4.598700e-13 1 
    0.598929 6.448637e-01 5.393100e-13 1 
    0.599204 5.730365e-01 4.788000e-13 1 
    0.599479 6.151303e-01 5.135000e-13 1 
    0.599754 6.348671e-01 5.294900e-13 1 
    0.600029 5.820442e-01 4.849900e-13 1 
    0.600304 6.790716e-01 5.653200e-13 1 
    0.600579 6.854169e-01 5.700800e-13 1 
    0.600854 6.548281e-01 5.441400e-13 1 
    0.601129 6.220384e-01 5.164200e-13 1 
    0.601404 5.615548e-01 4.657800e-13 1 
    0.601679 5.900163e-01 4.889400e-13 1 
    0.601954 6.512371e-01 5.391800e-13 1 
    0.602229 6.738712e-01 5.574100e-13 1 
    0.602504 6.064705e-01 5.012000e-13 1 
    0.602779 6.170647e-01 5.094900e-13 1 
    0.603054 6.211312e-01 5.123800e-13 1 
    0.603329 6.209455e-01 5.117600e-13 1 
    0.603604 6.610059e-01 5.442800e-13 1 
    0.603879 6.388530e-01 5.255600e-13 1 
    0.604154 6.962780e-01 5.722800e-13 1 
    0.604429 6.647626e-01 5.458800e-13 1 
    0.604704 6.299101e-01 5.167900e-13 1 
    0.604979 6.696450e-01 5.488900e-13 1 
    0.605254 6.759688e-01 5.535700e-13 1 
    0.605529 6.936942e-01 5.675700e-13 1 
    0.605804 6.337085e-01 5.180200e-13 1 
    0.606079 6.161623e-01 5.032200e-13 1 
    0.606354 6.167338e-01 5.032300e-13 1 
    0.606629 6.199920e-01 5.054300e-13 1 
    0.606904 6.480441e-01 5.278200e-13 1 
    0.607179 6.707147e-01 5.457900e-13 1 
    0.607454 6.676693e-01 5.428200e-13 1 
    0.607729 6.496717e-01 5.277100e-13 1 
    0.608004 6.249745e-01 5.071900e-13 1 
    0.608279 6.233323e-01 5.054000e-13 1 
    0.608554 6.579054e-01 5.329500e-13 1 
    0.608829 6.628370e-01 5.364600e-13 1 
    0.609104 6.431047e-01 5.200200e-13 1 
    0.609379 6.375831e-01 5.150900e-13 1 
    0.609654 6.589355e-01 5.318600e-13 1 
    0.609929 6.558968e-01 5.289300e-13 1 
    0.610204 6.741626e-01 5.431700e-13 1 
    0.610479 6.691055e-01 5.386100e-13 1 
    0.610754 6.285892e-01 5.055400e-13 1 
    0.611029 6.563358e-01 5.273800e-13 1 
    0.611304 6.875819e-01 5.519900e-13 1 
    0.611579 6.564955e-01 5.265600e-13 1 
    0.611854 6.349860e-01 5.088500e-13 1 
    0.612129 6.831065e-01 5.469200e-13 1 
    0.612404 7.445267e-01 5.955600e-13 1 
    0.612679 6.871375e-01 5.491600e-13 1 
    0.612954 6.447229e-01 5.148000e-13 1 
    0.613229 6.779928e-01 5.408800e-13 1 
    0.613504 6.483520e-01 5.167700e-13 1 
    0.613779 6.075941e-01 4.838500e-13 1 
    0.614054 6.604372e-01 5.254600e-13 1 
    0.614329 6.383471e-01 5.074300e-13 1 
    0.614604 5.816411e-01 4.619400e-13 1 
    0.614879 6.040901e-01 4.793400e-13 1 
    0.615154 6.596773e-01 5.229800e-13 1 
    0.615429 6.878278e-01 5.448100e-13 1 
    0.615704 6.882152e-01 5.446300e-13 1 
    0.615979 6.878942e-01 5.438900e-13 1 
    0.616254 6.566459e-01 5.187200e-13 1 
    0.616529 6.021165e-01 4.752200e-13 1 
    0.616804 6.255059e-01 4.932400e-13 1 
    0.617079 6.518430e-01 5.135500e-13 1 
    0.617354 6.257961e-01 4.925900e-13 1 
    0.617629 6.075221e-01 4.777800e-13 1 
    0.617904 6.044615e-01 4.749500e-13 1 
    0.618179 6.607928e-01 5.187500e-13 1 
    0.618454 6.727535e-01 5.276700e-13 1 
    0.618729 6.533046e-01 5.119600e-13 1 
    0.619004 6.721625e-01 5.262700e-13 1 
    0.619279 6.769912e-01 5.295800e-13 1 
    0.619554 6.430719e-01 5.026000e-13 1 
    0.619829 6.781943e-01 5.295800e-13 1 
    0.620104 6.736178e-01 5.255400e-13 1 
    0.620379 6.208340e-01 4.839300e-13 1 
    0.620654 6.369470e-01 4.960500e-13 1 
    0.620929 6.772878e-01 5.270000e-13 1 
    0.621204 6.587989e-01 5.121600e-13 1 
    0.621479 6.484777e-01 5.036900e-13 1 
    0.621754 6.609582e-01 5.129300e-13 1 
    0.622029 6.791350e-01 5.265700e-13 1 
    0.622304 6.634964e-01 5.139900e-13 1 
    0.622579 6.136686e-01 4.749700e-13 1 
    0.622854 6.740193e-01 5.212200e-13 1 
    0.623129 6.180408e-01 4.775100e-13 1 
    0.623404 5.988569e-01 4.622800e-13 1 
    0.623679 6.513135e-01 5.023300e-13 1 
    0.623954 5.123303e-01 3.947900e-13 1 
    0.624229 5.829341e-01 4.488000e-13 1 
    0.624504 6.038582e-01 4.645000e-13 1 
    0.624779 6.247012e-01 4.801100e-13 1 
    0.625054 6.441738e-01 4.946400e-13 1 
    0.625329 7.307948e-01 5.606600e-13 1 
    0.625604 6.949741e-01 5.327100e-13 1 
    0.625879 7.268580e-01 5.566600e-13 1 
    0.626154 5.606976e-01 4.290300e-13 1 
    0.626429 6.479921e-01 4.953900e-13 1 
    0.626704 6.330864e-01 4.835700e-13 1 
    0.626979 6.059022e-01 4.624000e-13 1 
    0.627254 7.185402e-01 5.478800e-13 1 
    0.627529 7.197348e-01 5.483100e-13 1 
    0.627804 6.102699e-01 4.645100e-13 1 
    0.628079 6.390497e-01 4.859900e-13 1 
    0.628354 6.259484e-01 4.756100e-13 1 
    0.628629 6.584923e-01 4.999000e-13 1 
    0.628904 6.557066e-01 4.973500e-13 1 
    0.629179 8.757749e-01 6.636900e-13 1 
    0.629454 1.394668e+00 1.056000e-12 1 
    0.629729 1.477577e+00 1.117800e-12 1 
    0.630004 1.308001e+00 9.886500e-13 1 
    0.630279 3.899422e-01 2.944800e-13 1 
    0.630554 3.409671e-01 2.572700e-13 1 
    0.630829 4.488557e-01 3.383800e-13 1 
    0.631104 4.753353e-01 3.580300e-13 1 
    0.631379 6.419424e-01 4.831000e-13 1 
    0.631654 7.079356e-01 5.323000e-13 1 
    0.631929 7.003524e-01 5.261400e-13 1 
    0.632204 6.589423e-01 4.946000e-13 1 
    0.632479 6.227129e-01 4.670000e-13 1 
    0.632754 7.057590e-01 5.288200e-13 1 
    0.633029 6.566025e-01 4.915600e-13 1 
    0.633304 5.847525e-01 4.373900e-13 1 
    0.633579 7.748120e-01 5.790500e-13 1 
    0.633854 6.588507e-01 4.919600e-13 1 
    0.634129 7.121673e-01 5.313100e-13 1 
    0.634404 6.383955e-01 4.758600e-13 1 
    0.634679 6.514767e-01 4.851900e-13 1 
    0.634954 6.741886e-01 5.016700e-13 1 
    0.635229 7.652814e-01 5.689600e-13 1 
    0.635504 7.340522e-01 5.452700e-13 1 
    0.635779 6.482530e-01 4.811200e-13 1 
    0.636054 6.379176e-01 4.730400e-13 1 
    0.636329 6.718883e-01 4.978000e-13 1 
    0.636604 6.505983e-01 4.816100e-13 1 
    0.636879 6.670877e-01 4.933900e-13 1 
    0.637154 6.413439e-01 4.739400e-13 1 
    0.637429 6.118167e-01 4.517300e-13 1 
    0.637704 6.783467e-01 5.004200e-13 1 
    0.637979 6.059943e-01 4.466600e-13 1 
    0.638254 7.167507e-01 5.278400e-13 1 
    0.638529 6.381894e-01 4.695800e-13 1 
    0.638804 7.209383e-01 5.300100e-13 1 
    0.639079 7.043781e-01 5.173900e-13 1 
    0.639354 6.417472e-01 4.709800e-13 1 
    0.639629 6.579552e-01 4.824600e-13 1 
    0.639904 6.717063e-01 4.921200e-13 1 
    0.640179 6.870376e-01 5.029200e-13 1 
    0.640454 6.868076e-01 5.023200e-13 1 
    0.640729 6.898744e-01 5.041300e-13 1 
    0.641004 6.683200e-01 4.879600e-13 1 
    0.641279 6.803123e-01 4.962900e-13 1 
    0.641554 6.870560e-01 5.007800e-13 1 
    0.641829 7.083247e-01 5.158400e-13 1 
    0.642104 6.818027e-01 4.961000e-13 1 
    0.642379 6.375317e-01 4.634900e-13 1 
    0.642654 7.010333e-01 5.092200e-13 1 
    0.642929 7.459040e-01 5.413500e-13 1 
    0.643204 7.365028e-01 5.340700e-13 1 
    0.643479 6.952707e-01 5.037400e-13 1 
    0.643754 6.492568e-01 4.700000e-13 1 
    0.644029 6.870168e-01 4.969100e-13 1 
    0.644304 7.328525e-01 5.296100e-13 1 
    0.644579 7.130504e-01 5.148600e-13 1 
    0.644854 7.130906e-01 5.144500e-13 1 
    0.645129 7.628373e-01 5.498700e-13 1 
    0.645404 7.803162e-01 5.619900e-13 1 
    0.645679 7.204890e-01 5.184600e-13 1 
    0.645954 7.588645e-01 5.456100e-13 1 
    0.646229 7.400083e-01 5.316000e-13 1 
    0.646504 7.052364e-01 5.061900e-13 1 
    0.646779 6.872909e-01 4.928900e-13 1 
    0.647054 6.555674e-01 4.697400e-13 1 
    0.647329 6.602173e-01 4.726700e-13 1 
    0.647604 6.755550e-01 4.832400e-13 1 
    0.647879 6.863566e-01 4.905500e-13 1 
    0.648154 6.957896e-01 4.968700e-13 1 
    0.648429 6.431078e-01 4.588600e-13 1 
    0.648704 6.610192e-01 4.712400e-13 1 
    0.648979 7.036690e-01 5.012200e-13 1 
    0.649254 7.478799e-01 5.322600e-13 1 
    0.649529 7.254503e-01 5.158600e-13 1 
    0.649804 7.336370e-01 5.212400e-13 1 
    0.650079 7.043096e-01 4.999800e-13 1 
    0.650354 6.394455e-01 4.535500e-13 1 
    0.650629 5.699837e-01 4.039400e-13 1 
    0.650904 6.273512e-01 4.442200e-13 1 
    0.651179 6.076267e-01 4.298900e-13 1 
    0.651454 6.885624e-01 4.867400e-13 1 
    0.651729 7.477877e-01 5.281600e-13 1 
    0.652004 6.786302e-01 4.789100e-13 1 
    0.652279 8.012978e-01 5.650000e-13 1 
    0.652554 7.721516e-01 5.439900e-13 1 
    0.652829 7.700466e-01 5.420500e-13 1 
    0.653104 7.559370e-01 5.316700e-13 1 
    0.653379 7.397252e-01 5.198300e-13 1 
    0.653654 7.111375e-01 4.993200e-13 1 
    0.653929 7.137173e-01 5.007100e-13 1 
    0.654204 8.317276e-01 5.830100e-13 1 
    0.654479 8.275439e-01 5.795900e-13 1 
    0.654754 8.492745e-01 5.943100e-13 1 
    0.655029 8.983291e-01 6.281100e-13 1 
    0.655304 9.795862e-01 6.843500e-13 1 
    0.655579 7.964754e-01 5.559600e-13 1 
    0.655854 1.038871e+00 7.245500e-13 1 
    0.656129 1.532168e+00 1.067700e-12 1 
    0.656404 2.324092e+00 1.618200e-12 1 
    0.656679 2.772217e+00 1.928600e-12 1 
    0.656954 2.285549e+00 1.588700e-12 1 
    0.657229 1.434722e+00 9.964500e-13 1 
    0.657504 9.652939e-01 6.698600e-13 1 
    0.657779 7.784080e-01 5.397200e-13 1 
    0.658054 7.246986e-01 5.020600e-13 1 
    0.658329 9.472327e-01 6.556800e-13 1 
    0.658604 1.181430e+00 8.171100e-13 1 
    0.658879 1.197437e+00 8.274900e-13 1 
    0.659154 1.030813e+00 7.117500e-13 1 
    0.659429 7.903047e-01 5.452300e-13 1 
    0.659704 7.014995e-01 4.835600e-13 1 
    0.659979 7.233839e-01 4.982300e-13 1 
    0.660254 7.587309e-01 5.221400e-13 1 
    0.660529 7.067164e-01 4.859400e-13 1 
    0.660804 7.048597e-01 4.842600e-13 1 
    0.661079 7.019358e-01 4.818500e-13 1 
    0.661354 7.413746e-01 5.085000e-13 1 
    0.661629 7.658342e-01 5.248400e-13 1 
    0.661904 7.472376e-01 5.116700e-13 1 
    0.662179 7.687595e-01 5.259700e-13 1 
    0.662454 7.396445e-01 5.056300e-13 1 
    0.662729 7.442116e-01 5.083300e-13 1 
    0.663004 7.576649e-01 5.170900e-13 1 
    0.663279 7.450074e-01 5.080300e-13 1 
    0.663554 7.503806e-01 5.112700e-13 1 
    0.663829 7.045856e-01 4.796700e-13 1 
    0.664104 7.241192e-01 4.925600e-13 1 
    0.664379 7.638271e-01 5.191400e-13 1 
    0.664654 7.798476e-01 5.295900e-13 1 
    0.664929 7.499567e-01 5.088700e-13 1 
    0.665204 7.142629e-01 4.842500e-13 1 
    0.665479 7.187065e-01 4.868600e-13 1 
    0.665754 7.792842e-01 5.274600e-13 1 
    0.666029 7.857983e-01 5.314300e-13 1 
    0.666304 7.696360e-01 5.200700e-13 1 
    0.666579 7.141085e-01 4.821500e-13 1 
    0.666854 7.449815e-01 5.025800e-13 1 
    0.667129 7.529692e-01 5.075500e-13 1 
    0.667404 8.322973e-01 5.605600e-13 1 
    0.667679 7.181613e-01 4.832900e-13 1 
    0.667954 7.015758e-01 4.717400e-13 1 
    0.668229 7.069463e-01 4.749600e-13 1 
    0.668504 7.610369e-01 5.108800e-13 1 
    0.668779 7.943432e-01 5.328000e-13 1 
    0.669054 7.642443e-01 5.121900e-13 1 
    0.669329 7.278827e-01 4.874200e-13 1 
    0.669604 7.183179e-01 4.806200e-13 1 
    0.669879 8.058136e-01 5.387200e-13 1 
    0.670154 8.045890e-01 5.374600e-13 1 
    0.670429 6.531322e-01 4.359300e-13 1 
    0.670704 7.779300e-01 5.188000e-13 1 
    0.670979 8.058059e-01 5.369500e-13 1 
    0.671254 6.816704e-01 4.538600e-13 1 
    0.671529 8.646238e-01 5.752000e-13 1 
    0.671804 1.241929e+00 8.255300e-13 1 
    0.672079 1.303548e+00 8.657800e-13 1 
    0.672354 1.136644e+00 7.543100e-13 1 
    0.672629 1.012070e+00 6.710900e-13 1 
    0.672904 8.920458e-01 5.910200e-13 1 
    0.673179 1.019829e+00 6.751300e-13 1 
    0.673454 1.219827e+00 8.068700e-13 1 
    0.673729 1.107694e+00 7.321000e-13 1 
    0.674004 7.725964e-01 5.102100e-13 1 
    0.674279 6.986489e-01 4.610000e-13 1 
    0.674554 6.716596e-01 4.428300e-13 1 
    0.674829 7.317577e-01 4.820600e-13 1 
    0.675104 6.299742e-01 4.146700e-13 1 
    0.675379 7.047465e-01 4.635100e-13 1 
    0.675654 7.636624e-01 5.018500e-13 1 
    0.675929 6.620800e-01 4.347400e-13 1 
    0.676204 7.126575e-01 4.675700e-13 1 
    0.676479 7.542251e-01 4.944400e-13 1 
    0.676754 7.342897e-01 4.809800e-13 1 
    0.677029 7.623123e-01 4.989300e-13 1 
    0.677304 7.670757e-01 5.016400e-13 1 
    0.677579 7.636432e-01 4.989900e-13 1 
    0.677854 7.778639e-01 5.078700e-13 1 
    0.678129 7.203078e-01 4.699100e-13 1 
    0.678404 7.353280e-01 4.793200e-13 1 
    0.678679 7.595533e-01 4.947100e-13 1 
    0.678954 7.390100e-01 4.809400e-13 1 
    0.679229 7.091750e-01 4.611500e-13 1 
    0.679504 7.278644e-01 4.729200e-13 1 
    0.679779 7.553786e-01 4.904000e-13 1 
    0.680054 7.834300e-01 5.082000e-13 1 
    0.680329 7.531456e-01 4.881600e-13 1 
    0.680604 6.910189e-01 4.475300e-13 1 
    0.680879 7.122383e-01 4.609000e-13 1 
    0.681154 7.583447e-01 4.903400e-13 1 
    0.681429 7.894492e-01 5.100400e-13 1 
    0.681704 7.742086e-01 4.997900e-13 1 
    0.681979 7.638261e-01 4.926900e-13 1 
    0.682254 8.890176e-01 5.729800e-13 1 
    0.682529 1.029706e+00 6.631200e-13 1 
    0.682804 9.654511e-01 6.212400e-13 1 
    0.683912 7.337525e-01 4.706200e-13 0 
    0.685488 7.319379e-01 4.673000e-13 0 
    0.687068 7.201155e-01 4.576400e-13 0 
    0.688652 7.317073e-01 4.628700e-13 0 
    0.690240 7.400566e-01 4.660000e-13 0 
    0.691831 7.433445e-01 4.659200e-13 0 
    0.693426 7.449327e-01 4.647700e-13 0 
    0.695024 7.551813e-01 4.690000e-13 0 
    0.696626 7.515813e-01 4.646200e-13 0 
    0.698233 7.601557e-01 4.677600e-13 0 
    0.699842 7.547981e-01 4.623300e-13 0 
    0.701455 7.494739e-01 4.569600e-13 0 
    0.703072 7.632810e-01 4.632400e-13 0 
    0.704693 7.702146e-01 4.653000e-13 0 
    0.706318 7.808052e-01 4.695300e-13 0 
    0.707946 7.629076e-01 4.566600e-13 0 
    0.709578 7.645325e-01 4.555300e-13 0 
    0.711214 7.661569e-01 4.544000e-13 0 
    0.712853 7.713351e-01 4.553700e-13 0 
    0.714496 7.588820e-01 4.459600e-13 0 
    0.716143 7.569997e-01 4.428100e-13 0 
    0.717794 7.482144e-01 4.356600e-13 0 
    0.719449 7.193701e-01 4.169400e-13 0 
    0.721108 7.360034e-01 4.246200e-13 0 
    0.722770 7.758981e-01 4.455800e-13 0 
    0.724436 7.511395e-01 4.293800e-13 0 
    0.726106 7.632180e-01 4.342800e-13 0 
    0.727780 7.899051e-01 4.474000e-13 0 
    0.729457 7.861356e-01 4.432200e-13 0 
    0.731139 7.878051e-01 4.421200e-13 0 
    0.732825 7.986389e-01 4.461400e-13 0 
    0.734514 8.096079e-01 4.501900e-13 0 
    0.736207 8.113209e-01 4.490700e-13 0 
    0.737904 8.149203e-01 4.489900e-13 0 
    0.739605 8.091636e-01 4.437700e-13 0 
    0.741310 8.183941e-01 4.467700e-13 0 
    0.743019 8.201291e-01 4.456600e-13 0 
    0.744732 8.314025e-01 4.497100e-13 0 
    0.746449 8.350920e-01 4.496300e-13 0 
    0.748170 8.349356e-01 4.474800e-13 0 
    0.749894 8.386379e-01 4.474000e-13 0 
    0.751623 8.384985e-01 4.452700e-13 0 
    0.753356 8.383400e-01 4.431400e-13 0 
    0.755092 8.478908e-01 4.461300e-13 0 
    0.756833 8.380390e-01 4.389200e-13 0 
    0.758578 8.495421e-01 4.429000e-13 0 
    0.760326 8.281412e-01 4.297600e-13 0 
    0.762079 8.298929e-01 4.286900e-13 0 
    0.763836 8.451790e-01 4.345800e-13 0 
    0.765597 8.353455e-01 4.275500e-13 0 
    0.767361 7.921115e-01 4.035600e-13 0 
    0.769130 8.179119e-01 4.147900e-13 0 
    0.770904 8.215308e-01 4.147100e-13 0 
    0.772681 8.119888e-01 4.080100e-13 0 
    0.774462 8.326504e-01 4.164700e-13 0 
    0.776247 8.154236e-01 4.059800e-13 0 
    0.778037 8.152741e-01 4.040400e-13 0 
    0.779830 8.245497e-01 4.067600e-13 0 
    0.781628 8.358709e-01 4.104500e-13 0 
    0.783430 8.473401e-01 4.141700e-13 0 
    0.785236 8.471817e-01 4.121900e-13 0 
    0.787046 8.588142e-01 4.159300e-13 0 
    0.788860 8.507672e-01 4.101400e-13 0 
    0.790679 8.447550e-01 4.053700e-13 0 
    0.792501 8.407182e-01 4.015800e-13 0 
    0.794328 8.386258e-01 3.987400e-13 0 
    0.796159 8.365171e-01 3.959100e-13 0 
    0.797995 8.578280e-01 4.041300e-13 0 
    0.799834 8.596324e-01 4.031200e-13 0 
    0.801678 8.614584e-01 4.021200e-13 0 
    0.803526 8.712670e-01 4.048300e-13 0 
    0.805378 8.811688e-01 4.075500e-13 0 
    0.807235 8.830433e-01 4.065400e-13 0 
    0.809096 8.828644e-01 4.045900e-13 0 
    0.810961 8.745971e-01 3.989600e-13 0 
    0.812831 8.906819e-01 4.044300e-13 0 
    0.814704 8.843706e-01 3.997200e-13 0 
    0.816582 8.680705e-01 3.905500e-13 0 
    0.818465 8.984050e-01 4.023400e-13 0 
    0.820352 8.757454e-01 3.903900e-13 0 
    0.822243 8.918668e-01 3.957500e-13 0 
    0.824138 8.245303e-01 3.641900e-13 0 
    0.826038 9.080791e-01 3.992500e-13 0 
    0.827942 9.205189e-01 4.028600e-13 0 
    0.829851 8.850104e-01 3.855400e-13 0 
    0.831764 8.807704e-01 3.819300e-13 0 
    0.833681 8.969516e-01 3.871600e-13 0 
    0.835603 9.030008e-01 3.879800e-13 0 
    0.837529 9.069811e-01 3.879000e-13 0 
    0.839460 8.943495e-01 3.807400e-13 0 
    0.841395 9.086953e-01 3.850700e-13 0 
    0.843335 9.148107e-01 3.858800e-13 0 
    0.845279 8.795215e-01 3.692900e-13 0 
    0.847227 9.102340e-01 3.804300e-13 0 
    0.849180 9.205888e-01 3.829900e-13 0 
    0.851138 7.690853e-01 3.184900e-13 0 
    0.853100 9.096760e-01 3.749800e-13 0 
    0.855067 8.448805e-01 3.466700e-13 0 
    0.857038 9.134907e-01 3.731000e-13 0 
    0.859014 9.345813e-01 3.799600e-13 0 
    0.860994 8.760563e-01 3.545300e-13 0 
    0.862979 9.277632e-01 3.737300e-13 0 
    0.864968 9.318452e-01 3.736500e-13 0 
    0.866962 8.897214e-01 3.551200e-13 0 
    0.868960 8.834066e-01 3.509800e-13 0 
    0.870964 9.121650e-01 3.607400e-13 0 
    0.872971 9.310565e-01 3.665200e-13 0 
    0.874984 9.117749e-01 3.572800e-13 0 
    0.877001 9.032158e-01 3.523000e-13 0 
    0.879023 9.412549e-01 3.654500e-13 0 
    0.881049 9.388712e-01 3.628500e-13 0 
    0.883080 9.473638e-01 3.644500e-13 0 
    0.885116 9.298796e-01 3.560800e-13 0 
    0.887156 9.043417e-01 3.447100e-13 0 
    0.889201 9.146040e-01 3.470200e-13 0 
    0.891251 9.314029e-01 3.517700e-13 0 
    0.893305 9.463408e-01 3.557700e-13 0 
    0.895365 9.461410e-01 3.540600e-13 0 
    0.897429 9.096217e-01 3.388300e-13 0 
    0.899498 9.199430e-01 3.411000e-13 0 
    0.901571 8.743073e-01 3.226900e-13 0 
    0.903650 8.842509e-01 3.248600e-13 0 
    0.905733 9.942123e-01 3.635800e-13 0 
    0.907820 9.624549e-01 3.503500e-13 0 
    0.909913 9.425012e-01 3.415100e-13 0 
    0.912011 9.250880e-01 3.336600e-13 0 
    0.914113 9.291622e-01 3.335900e-13 0 
    0.916220 9.353813e-01 3.342800e-13 0 
    0.918333 9.160029e-01 3.258500e-13 0 
    0.920450 9.611804e-01 3.403500e-13 0 
    0.922571 9.009571e-01 3.175600e-13 0 
    0.924698 9.153772e-01 3.211600e-13 0 
    0.926830 9.605206e-01 3.354500e-13 0 
    0.928966 9.781567e-01 3.400400e-13 0 
    0.931108 8.939536e-01 3.093400e-13 0 
    0.933254 9.777141e-01 3.367700e-13 0 
    0.935406 9.775034e-01 3.351500e-13 0 
    0.937562 9.750118e-01 3.327600e-13 0 
    0.939723 9.815428e-01 3.334500e-13 0 
    0.941890 9.723239e-01 3.288000e-13 0 
    0.944061 9.833769e-01 3.310100e-13 0 
    0.946237 9.808718e-01 3.286500e-13 0 
    0.948418 9.851587e-01 3.285700e-13 0 
    0.950605 9.759117e-01 3.239900e-13 0 
    0.952796 9.645287e-01 3.187400e-13 0 
    0.954993 9.208884e-01 3.029200e-13 0 
    0.957194 9.685061e-01 3.171200e-13 0 
    0.959401 9.840227e-01 3.207200e-13 0 
    0.961612 9.837859e-01 3.191700e-13 0 
    0.963829 9.858191e-01 3.183600e-13 0 
    0.966051 9.810682e-01 3.153700e-13 0 
    0.968278 9.830967e-01 3.145700e-13 0 
    0.970510 9.896747e-01 3.152200e-13 0 
    0.972747 9.826352e-01 3.115400e-13 0 
    0.974990 9.823875e-01 3.100300e-13 0 
    0.977237 9.866980e-01 3.099600e-13 0 
    0.979490 9.819147e-01 3.070400e-13 0 
    0.981748 9.907522e-01 3.083800e-13 0 
    0.984011 9.905159e-01 3.068900e-13 0 
    0.986279 9.925579e-01 3.061100e-13 0 
    0.988553 9.900389e-01 3.039300e-13 0 
    0.990832 9.875404e-01 3.017700e-13 0 
    0.993116 9.895670e-01 3.010000e-13 0 
    0.995405 9.915907e-01 3.002300e-13 0 
    0.997700 9.913573e-01 2.987800e-13 0 
    1.000000 9.911333e-01 2.973400e-13 0 
    1.002305 9.728024e-01 2.905000e-13 0 
    1.006931 9.611866e-01 2.844000e-13 0 
    1.013912 9.873766e-01 2.881400e-13 0 
    1.018591 9.868618e-01 2.853500e-13 0 
    1.023294 9.886659e-01 2.832500e-13 0 
    1.028017 9.904155e-01 2.811500e-13 0 
    1.030386 9.879075e-01 2.791500e-13 0 
    1.049542 9.858769e-01 2.685000e-13 0 
    1.071520 9.814430e-01 2.564400e-13 0 
    1.091441 9.657411e-01 2.432100e-13 0 
    1.111732 9.814664e-01 2.382300e-13 0 
    1.129796 9.769439e-01 2.296100e-13 0 
    1.150800 9.859716e-01 2.233500e-13 0 
    1.169499 9.837155e-01 2.157700e-13 0 
    1.191243 9.836923e-01 2.079600e-13 0 
    1.210599 9.837260e-01 2.013700e-13 0 
    1.230269 9.882550e-01 1.958800e-13 0 
    1.250259 9.928071e-01 1.905400e-13 0 
    1.270574 9.950905e-01 1.849200e-13 0 
    1.291219 9.974025e-01 1.794700e-13 0 
    1.309182 9.996943e-01 1.749800e-13 0 
    1.330455 1.002000e+00 1.698200e-13 0 
    1.352073 1.015937e+00 1.667200e-13 0 
    1.370882 1.018277e+00 1.625500e-13 0 
    1.389953 1.020595e+00 1.584800e-13 0 
    1.409289 1.022972e+00 1.545200e-13 0 
    1.432188 1.032418e+00 1.510000e-13 0 
    1.452112 1.049254e+00 1.492800e-13 0 
    1.472313 1.054083e+00 1.458800e-13 0 
    1.489361 1.066287e+00 1.442100e-13 0 
    1.510080 1.078602e+00 1.419000e-13 0 
    1.531087 1.101162e+00 1.409200e-13 0 
    1.552387 1.121650e+00 1.396300e-13 0 
    1.570363 1.121637e+00 1.364500e-13 0 
    1.592209 1.121710e+00 1.327400e-13 0 
    1.610645 1.139881e+00 1.318200e-13 0 
    1.629296 1.155727e+00 1.306100e-13 0 
    1.651962 1.147808e+00 1.261800e-13 0 
    1.671091 1.147829e+00 1.233100e-13 0 
    1.690442 1.134655e+00 1.191200e-13 0 
    1.710014 1.132035e+00 1.161400e-13 0 
    1.729816 1.106240e+00 1.109100e-13 0 
    1.749847 1.106288e+00 1.083900e-13 0 
    1.770110 1.096129e+00 1.049500e-13 0 
    1.790605 1.086069e+00 1.016200e-13 0 
    1.811340 1.063816e+00 9.727200e-14 0 
    1.832314 1.063818e+00 9.505800e-14 0 
    1.849270 1.051634e+00 9.225400e-14 0 
    1.870681 1.030062e+00 8.830500e-14 0 
    1.892343 1.030064e+00 8.629500e-14 0 
    1.909854 1.022977e+00 8.413700e-14 0 
    1.931967 1.011270e+00 8.128100e-14 0 
    1.949844 9.859698e-01 7.780100e-14 0 
    1.972423 9.859704e-01 7.603000e-14 0 
    1.990672 9.769297e-01 7.395800e-14 0 
    2.009093 9.724491e-01 7.227500e-14 0 
    2.032357 9.613130e-01 6.982100e-14 0 
    2.051161 9.591013e-01 6.838900e-14 0 
    2.070141 9.459491e-01 6.622000e-14 0 
    2.089297 9.372731e-01 6.441500e-14 0 
    2.108628 9.308206e-01 6.280400e-14 0 
    2.133045 9.286761e-01 6.123300e-14 0 
    2.152783 9.201595e-01 5.956400e-14 0 
    2.172701 9.012941e-01 5.727800e-14 0 
    2.192805 9.033690e-01 5.636200e-14 0 
    2.213094 8.930294e-01 5.470000e-14 0 
    2.228435 8.807725e-01 5.320900e-14 0 
    2.249056 8.747069e-01 5.187800e-14 0 
    2.269865 8.667006e-01 5.046500e-14 0 
    2.290868 8.107052e-01 4.634300e-14 0 
    2.312064 8.182037e-01 4.591800e-14 0 
    2.333458 7.513955e-01 4.139900e-14 0 
    2.349632 7.309132e-01 3.971800e-14 0 
    2.371374 7.496574e-01 3.999300e-14 0 
    2.393317 7.061055e-01 3.698200e-14 0 
    2.409905 7.012342e-01 3.622300e-14 0 
    2.432205 7.093619e-01 3.597400e-14 0 
    2.449063 6.790034e-01 3.396200e-14 0 
    2.471725 6.900187e-01 3.388300e-14 0 
    2.488857 6.336674e-01 3.068900e-14 0 
    2.511887 6.395386e-01 3.040800e-14 0 
    2.529297 6.454493e-01 3.026800e-14 0 
    2.552702 6.469370e-01 2.978400e-14 0 
    2.570395 6.544384e-01 2.971600e-14 0 
    2.588213 6.469523e-01 2.897300e-14 0 
    2.612160 6.514280e-01 2.864100e-14 0 
    2.630268 6.424803e-01 2.786000e-14 0 
    2.648499 6.454552e-01 2.760500e-14 0 
    2.673007 6.410226e-01 2.691500e-14 0 
    2.691534 6.410047e-01 2.654500e-14 0 
    2.710192 6.380724e-01 2.606100e-14 0 
    2.728977 6.336672e-01 2.552600e-14 0 
    2.754229 6.322239e-01 2.500300e-14 0 
    2.773319 6.278663e-01 2.449000e-14 0 
    2.792545 6.264120e-01 2.409800e-14 0 
    2.811900 6.221055e-01 2.360400e-14 0 
    2.831393 6.192433e-01 2.317300e-14 0 
    2.851018 6.135786e-01 2.264600e-14 0 
    2.870782 6.065388e-01 2.207900e-14 0 
    2.890680 6.051438e-01 2.172600e-14 0 
    2.910719 6.009957e-01 2.128100e-14 0 
    2.930893 5.954681e-01 2.079600e-14 0 
    2.951208 5.913838e-01 2.037000e-14 0 
    2.971666 5.873070e-01 1.995200e-14 0 
    2.992263 5.832698e-01 1.954300e-14 0 
    3.013007 5.792504e-01 1.914200e-14 0 
    3.033890 5.726113e-01 1.866300e-14 0 
    3.047896 5.686827e-01 1.836500e-14 0 
    3.069022 5.660757e-01 1.803000e-14 0 
    3.090294 5.621718e-01 1.766000e-14 0 
    3.111717 5.583093e-01 1.729800e-14 0 
    3.133284 5.557342e-01 1.698200e-14 0 
    3.155005 5.519193e-01 1.663400e-14 0 
    3.169567 5.468457e-01 1.633000e-14 0 
    3.191539 5.443356e-01 1.603200e-14 0 
    3.213660 5.430946e-01 1.577600e-14 0 
    3.228493 5.418310e-01 1.559500e-14 0 
    3.250874 5.481012e-01 1.555900e-14 0 
    3.273406 5.712981e-01 1.599500e-14 0 
    3.288518 6.336849e-01 1.757900e-14 0 
    3.311311 6.322292e-01 1.729800e-14 0 
    3.334262 5.583110e-01 1.506600e-14 0 
    3.349655 5.270497e-01 1.409200e-14 0 
    3.372872 5.126904e-01 1.352000e-14 0 
    3.388443 5.022028e-01 1.312200e-14 0 
    3.411929 4.964221e-01 1.279300e-14 0 
    3.427677 4.896187e-01 1.250200e-14 0 
    3.451438 4.862651e-01 1.224600e-14 0 
    3.475361 4.817967e-01 1.196700e-14 0 
    3.491405 4.763004e-01 1.172200e-14 0 
    3.507520 4.719314e-01 1.150800e-14 0 
    3.531830 4.676020e-01 1.124600e-14 0 
    3.548136 4.632851e-01 1.104000e-14 0 
    3.572728 4.601136e-01 1.081400e-14 0 
    3.589218 4.548376e-01 1.059200e-14 0 
    3.614099 4.527624e-01 1.039900e-14 0 
    3.630780 4.486026e-01 1.020900e-14 0 
    3.647538 4.424511e-01 9.976700e-15 0 
    3.672823 4.404184e-01 9.794600e-15 0 
    3.689775 4.353762e-01 9.593700e-15 0 
    3.715354 4.333766e-01 9.418600e-15 0 
    3.732502 4.294035e-01 9.246700e-15 0 
    3.749729 4.225405e-01 9.015500e-15 0 
    3.775723 4.235150e-01 8.912300e-15 0 
    3.793150 4.196304e-01 8.749600e-15 0 
    3.810657 4.148245e-01 8.570100e-15 0 
    3.828249 4.119707e-01 8.433100e-15 0 
    3.854783 4.110245e-01 8.298300e-15 0 
    3.872575 4.063193e-01 8.128100e-15 0 
    3.890453 4.025925e-01 7.979700e-15 0 
    3.908409 3.989035e-01 7.834100e-15 0 
    3.935499 3.979836e-01 7.708800e-15 0 
    3.953667 3.943354e-01 7.568100e-15 0 
    3.971915 3.907216e-01 7.430000e-15 0 
    3.990248 3.871401e-01 7.294400e-15 0 
    4.008669 3.835880e-01 7.161200e-15 0 
    4.027171 3.809471e-01 7.046700e-15 0 
    4.055084 3.783258e-01 6.902200e-15 0 
    4.073804 3.774566e-01 6.823200e-15 0 
    4.092607 3.748579e-01 6.714100e-15 0 
    4.111496 3.722743e-01 6.606700e-15 0 
    4.130477 3.697141e-01 6.501100e-15 0 
    4.149541 3.671713e-01 6.397200e-15 0 
    4.168693 3.638026e-01 6.280400e-15 0 
    4.187938 3.621299e-01 6.194200e-15 0 
    4.207267 3.596391e-01 6.095200e-15 0 
    4.236428 3.596404e-01 6.011600e-15 0 
    4.255986 3.571603e-01 5.915400e-15 0 
    4.275629 3.547063e-01 5.820900e-15 0 
    4.295363 3.442428e-01 5.597400e-15 0 
    4.315193 3.348595e-01 5.394900e-15 0 
    4.335110 3.379577e-01 5.394900e-15 0 
    4.355118 3.272386e-01 5.175900e-15 0 
    4.375219 3.234962e-01 5.069800e-15 0 
    4.395418 3.212673e-01 4.988700e-15 0 
    4.415704 3.125145e-01 4.808300e-15 0 
    4.436085 3.125133e-01 4.764200e-15 0 
    4.456564 3.096457e-01 4.677200e-15 0 
    4.466837 3.012050e-01 4.528800e-15 0 
    4.487454 3.046966e-01 4.539300e-15 0 
    4.508165 3.012086e-01 4.446200e-15 0 
    4.528977 2.963931e-01 4.335000e-15 0 
    4.549880 2.977622e-01 4.315100e-15 0 
    4.570880 2.977593e-01 4.275500e-15 0 
    4.591982 2.909839e-01 4.139900e-15 0 
    4.613176 2.950311e-01 4.159000e-15 0 
    4.634468 2.923267e-01 4.083100e-15 0 
    4.655863 2.916504e-01 4.036300e-15 0 
    4.677352 2.923288e-01 4.008600e-15 0 
    4.688134 2.903153e-01 3.962700e-15 0 
    4.709772 2.883136e-01 3.899300e-15 0 
    4.731515 2.909818e-01 3.899300e-15 0 
    4.753353 2.889819e-01 3.837000e-15 0 
    4.775292 2.883112e-01 3.793000e-15 0 
    4.797337 2.883173e-01 3.758300e-15 0 
    4.808395 2.843610e-01 3.689700e-15 0 
    4.830588 2.876531e-01 3.698200e-15 0 
    4.852884 2.856674e-01 3.639000e-15 0 
    4.875287 2.843575e-01 3.589100e-15 0 
    4.886525 2.830513e-01 3.556200e-15 0 
    4.909079 2.824008e-01 3.515500e-15 0 
    4.931736 2.824030e-01 3.483300e-15 0 
    4.954504 2.817517e-01 3.443400e-15 0 
    4.977371 2.824014e-01 3.419700e-15 0 
    4.988845 2.804610e-01 3.380600e-15 0 
    5.011870 2.817915e-01 3.365500e-15 0 
    5.035008 2.831403e-01 3.350600e-15 0 
    5.046614 2.805674e-01 3.304900e-15 0 
    5.069906 2.825635e-01 3.297900e-15 0 
    5.081593 2.838849e-01 3.298100e-15 0 
    5.093306 2.852211e-01 3.298400e-15 0 
    5.105052 2.852437e-01 3.283500e-15 0 
    5.116820 2.852687e-01 3.268700e-15 0 
    5.128614 2.852964e-01 3.254000e-15 0 
    5.140436 2.859702e-01 3.246700e-15 0 
    5.152285 2.866530e-01 3.239500e-15 0 
    5.164162 2.880028e-01 3.239800e-15 0 
    5.176071 2.900203e-01 3.247500e-15 0 
    5.188002 2.900490e-01 3.232900e-15 0 
    5.199961 2.900718e-01 3.218300e-15 0 
    5.211947 2.907586e-01 3.211100e-15 0 
    5.223961 2.914547e-01 3.204000e-15 0 
    5.236003 2.921511e-01 3.196900e-15 0 
    5.248072 2.928477e-01 3.189800e-15 0 
    5.260175 2.942184e-01 3.190000e-15 0 
    5.272300 2.962898e-01 3.197700e-15 0 
    5.284453 2.969871e-01 3.190500e-15 0 
    5.296634 2.963285e-01 3.168800e-15 0 
    5.308843 2.970386e-01 3.161800e-15 0 
    5.321080 2.984284e-01 3.162000e-15 0 
    5.333352 2.998350e-01 3.162300e-15 0 
    5.345646 3.005521e-01 3.155300e-15 0 
    5.357968 3.019584e-01 3.155500e-15 0 
    5.370318 3.026791e-01 3.148500e-15 0 
    5.382697 3.040954e-01 3.148700e-15 0 
    5.395105 3.055281e-01 3.149000e-15 0 
    5.407541 3.069578e-01 3.149200e-15 0 
    5.420011 3.076897e-01 3.142200e-15 0 
    5.432505 3.084212e-01 3.135200e-15 0 
    5.445027 3.098743e-01 3.135500e-15 0 
    5.457579 3.120493e-01 3.143000e-15 0 
    5.470159 3.135095e-01 3.143200e-15 0 
    5.482768 3.142550e-01 3.136200e-15 0 
    5.495406 3.164604e-01 3.143700e-15 0 
    5.508079 3.179419e-01 3.143900e-15 0 
    5.520776 3.194298e-01 3.144100e-15 0 
    5.533502 3.231597e-01 3.166200e-15 0 
    5.546257 3.246717e-01 3.166400e-15 0 
    5.559041 3.246971e-01 3.152100e-15 0 
    5.571855 3.284828e-01 3.174200e-15 0 
    5.584705 3.307794e-01 3.181700e-15 0 
    5.597578 3.323374e-01 3.182000e-15 0 
    5.610481 3.346687e-01 3.189600e-15 0 
    5.623413 3.370039e-01 3.197100e-15 0 
    5.636376 3.393748e-01 3.204800e-15 0 
    5.649368 3.425369e-01 3.219800e-15 0 
    5.662390 3.465225e-01 3.242300e-15 0 
    5.675448 3.489601e-01 3.250100e-15 0 
    5.688531 3.514013e-01 3.257800e-15 0 
    5.701643 3.546811e-01 3.273100e-15 0 
    5.714786 3.596385e-01 3.303600e-15 0 
    5.727959 3.638247e-01 3.326700e-15 0 
    5.741162 3.672178e-01 3.342300e-15 0 
    5.754402 3.723573e-01 3.373500e-15 0 
    5.767667 3.766929e-01 3.397100e-15 0 
    5.780962 3.810828e-01 3.420900e-15 0 
    5.794287 3.882022e-01 3.468800e-15 0 
    5.807643 3.927259e-01 3.493100e-15 0 
    5.821030 3.991356e-01 3.533800e-15 0 
    5.834448 4.065831e-01 3.583200e-15 0 
    5.847904 4.132142e-01 3.624900e-15 0 
    5.861383 4.209273e-01 3.675600e-15 0 
    5.874894 4.297731e-01 3.735600e-15 0 
    5.888436 4.388069e-01 3.796600e-15 0 
    5.902009 4.490530e-01 3.867400e-15 0 
    5.924495 3.849611e-01 3.290300e-15 3 
    5.955481 4.881900e-01 4.129300e-15 3 
    5.986466 5.792459e-01 4.848900e-15 3 
    6.017451 5.661148e-01 4.690300e-15 3 
    6.048437 7.083071e-01 5.808400e-15 3 
    6.079422 7.295656e-01 5.921900e-15 3 
    6.110407 7.693055e-01 6.181300e-15 3 
    6.141393 1.039762e+00 8.270300e-15 3 
    6.172378 1.447988e+00 1.140200e-14 3 
    6.203363 1.829934e+00 1.426600e-14 3 
    6.234349 1.770526e+00 1.366600e-14 3 
    6.265334 1.606029e+00 1.227400e-14 3 
    6.296319 1.390434e+00 1.052200e-14 3 
    6.327305 1.116037e+00 8.363000e-15 3 
    6.358290 1.001748e+00 7.433600e-15 3 
    6.389276 9.165818e-01 6.735800e-15 3 
    6.420261 8.670849e-01 6.310700e-15 3 
    6.451246 8.281541e-01 5.969600e-15 3 
    6.482232 7.072974e-01 5.049800e-15 3 
    6.513217 6.983651e-01 4.938700e-15 3 
    6.544202 6.879519e-01 4.819100e-15 3 
    6.575188 7.277284e-01 5.049800e-15 3 
    6.606173 7.289879e-01 5.011200e-15 3 
    6.637158 7.418334e-01 5.052000e-15 3 
    6.668145 7.490137e-01 5.053600e-15 3 
    6.699129 7.462967e-01 4.988800e-15 3 
    6.730114 7.252243e-01 4.803400e-15 3 
    6.761100 7.638555e-01 5.013000e-15 3 
    6.792085 8.371804e-01 5.444200e-15 3 
    6.823071 8.110070e-01 5.226200e-15 3 
    6.854056 8.351608e-01 5.333300e-15 3 
    6.885041 7.962572e-01 5.039200e-15 3 
    6.916027 7.759853e-01 4.867000e-15 3 
    6.947012 8.965763e-01 5.573300e-15 3 
    6.977998 9.497463e-01 5.851500e-15 3 
    7.008983 9.585434e-01 5.853600e-15 3 
    7.039968 8.020646e-01 4.855000e-15 3 
    7.070954 9.318200e-01 5.591100e-15 3 
    7.101939 8.675593e-01 5.160200e-15 3 
    7.132924 9.985436e-01 5.887800e-15 3 
    7.163910 1.050040e+00 6.138000e-15 3 
    7.194895 9.324875e-01 5.404000e-15 3 
    7.225881 9.676353e-01 5.559700e-15 3 
    7.256866 1.091650e+00 6.218800e-15 3 
    7.287851 1.170535e+00 6.611600e-15 3 
    7.318838 1.243092e+00 6.962100e-15 3 
    7.349822 1.352622e+00 7.511800e-15 3 
    7.380807 1.444203e+00 7.953200e-15 3 
    7.411793 1.538885e+00 8.403900e-15 3 
    7.442778 1.791232e+00 9.700700e-15 3 
    7.473763 1.773408e+00 9.524700e-15 3 
    7.504748 2.009354e+00 1.070300e-14 3 
    7.533706 2.177756e+00 1.151100e-14 3 
    7.535734 2.343044e+00 1.237800e-14 3 
    7.566720 2.261201e+00 1.184800e-14 3 
    7.595799 2.573826e+00 1.338300e-14 3 
    7.597705 2.315547e+00 1.203400e-14 3 
    7.657894 2.493710e+00 1.275700e-14 3 
    7.719988 2.401014e+00 1.208600e-14 3 
    7.782082 2.343097e+00 1.160700e-14 3 
    7.844176 2.288342e+00 1.115700e-14 3 
    7.906271 2.205947e+00 1.058700e-14 3 
    7.968365 1.851531e+00 8.748100e-15 3 
    8.030459 1.680951e+00 7.819800e-15 3 
    8.092554 1.512937e+00 6.930600e-15 3 
    8.154648 1.421844e+00 6.414500e-15 3 
    8.216741 1.400167e+00 6.221600e-15 3 
    8.278836 1.397992e+00 6.119100e-15 3 
    8.340930 1.445363e+00 6.232600e-15 3 
    8.403025 1.468093e+00 6.237400e-15 3 
    8.465119 1.445012e+00 6.049600e-15 3 
    8.527213 1.545547e+00 6.376600e-15 3 
    8.589307 1.844331e+00 7.499700e-15 3 
    8.651402 1.677815e+00 6.725000e-15 3 
    8.713495 1.440019e+00 5.689900e-15 3 
    8.775590 1.124643e+00 4.381100e-15 3 
    8.837684 9.200990e-01 3.534100e-15 3 
    8.899778 8.478479e-01 3.211300e-15 3 
    8.961872 7.267450e-01 2.714600e-15 3 
    9.023966 7.257216e-01 2.673600e-15 3 
    9.086060 6.456468e-01 2.346200e-15 3 
    9.148155 6.408604e-01 2.297300e-15 3 
    9.210249 6.113321e-01 2.162000e-15 3 
    9.272344 6.426733e-01 2.242500e-15 3 
    9.334438 6.148596e-01 2.117000e-15 3 
    9.396532 5.920461e-01 2.011600e-15 3 
    9.458626 6.519657e-01 2.186200e-15 3 
    9.520720 6.704945e-01 2.219100e-15 3 
    9.582815 6.345477e-01 2.073000e-15 3 
    9.644909 5.786110e-01 1.866000e-15 3 
    9.707002 6.746260e-01 2.147900e-15 3 
    9.769098 7.173233e-01 2.254900e-15 3 
    9.831192 6.690919e-01 2.076800e-15 3 
    9.893286 6.639004e-01 2.034900e-15 3 
    9.955380 6.020246e-01 1.822300e-15 3 
   10.017470 6.482925e-01 1.938100e-15 3 
   10.079570 6.152759e-01 1.816800e-15 3 
   10.141659 6.684090e-01 1.949600e-15 3 
   10.203760 6.298020e-01 1.814700e-15 3 
   10.265850 5.521612e-01 1.571800e-15 3 
   10.327949 5.718037e-01 1.608200e-15 3 
   10.390041 6.388655e-01 1.775400e-15 3 
   10.452130 7.564992e-01 2.077400e-15 3 
   10.514230 8.233691e-01 2.234400e-15 3 
   10.576320 8.787608e-01 2.356800e-15 3 
   10.638420 9.017486e-01 2.390300e-15 3 
   10.700510 9.155493e-01 2.398800e-15 3 
   10.762600 1.008177e+00 2.611100e-15 3 
   10.824700 9.819974e-01 2.514200e-15 3 
   10.886791 1.016723e+00 2.573500e-15 3 
   10.948890 1.249610e+00 3.127200e-15 3 
   11.010980 1.457648e+00 3.606800e-15 3 
   11.073080 1.632552e+00 3.994400e-15 3 
   11.135170 2.310302e+00 5.589800e-15 3 
   11.197260 3.529492e+00 8.445200e-15 3 
   11.259360 4.020612e+00 9.514500e-15 3 
   11.321450 3.381989e+00 7.915700e-15 3 
   11.383550 2.613820e+00 6.051200e-15 3 
   11.445640 2.020978e+00 4.628100e-15 3 
   11.507740 1.618624e+00 3.666800e-15 3 
   11.569830 1.436864e+00 3.220200e-15 3 
   11.631920 1.321626e+00 2.930400e-15 3 
   11.694020 1.270363e+00 2.786900e-15 3 
   11.756110 1.251456e+00 2.716500e-15 3 
   11.818209 1.271417e+00 2.730900e-15 3 
   11.880299 1.378341e+00 2.929700e-15 3 
   11.942400 1.473607e+00 3.099700e-15 3 
   12.004490 1.416820e+00 2.949500e-15 3 
   12.066580 1.421079e+00 2.928000e-15 3 
   12.128680 1.368811e+00 2.791500e-15 3 
   12.190770 1.359133e+00 2.743600e-15 3 
   12.252870 1.350295e+00 2.698200e-15 3 
   12.314959 1.434434e+00 2.837500e-15 3 
   12.377051 1.494842e+00 2.927400e-15 3 
   12.439150 1.648210e+00 3.195600e-15 3 
   12.501240 1.673092e+00 3.211700e-15 3 
   12.563340 1.846594e+00 3.509800e-15 3 
   12.625430 1.899375e+00 3.574700e-15 3 
   12.687530 2.124795e+00 3.959900e-15 3 
   12.749620 2.360592e+00 4.356600e-15 3 
   12.811710 2.695068e+00 4.925800e-15 3 
   12.873810 2.135219e+00 3.865000e-15 3 
   12.935900 1.364693e+00 2.446600e-15 3 
   12.998000 1.119393e+00 1.987700e-15 3 
   13.060090 1.101686e+00 1.937700e-15 3 
   13.122180 1.042964e+00 1.817100e-15 3 
   13.184280 1.109874e+00 1.915500e-15 3 
   13.246370 1.061922e+00 1.815600e-15 3 
   13.308470 1.081171e+00 1.831300e-15 3 
   13.370559 1.021622e+00 1.714400e-15 3 
   13.432659 1.059282e+00 1.761200e-15 3 
   13.494750 1.149771e+00 1.894100e-15 3 
   13.556841 1.108241e+00 1.809000e-15 3 
   13.618941 1.070070e+00 1.730800e-15 3 
   13.681030 1.037237e+00 1.662500e-15 3 
   13.743130 9.862980e-01 1.566600e-15 3 
   13.805220 9.580663e-01 1.508100e-15 3 
   13.867320 9.389493e-01 1.464800e-15 3 
   13.929409 8.906553e-01 1.377100e-15 3 
   13.991500 9.153834e-01 1.402800e-15 3 
   14.053600 9.443309e-01 1.434400e-15 3 
   14.115691 9.629220e-01 1.449800e-15 3 
   14.177789 9.658517e-01 1.441500e-15 3 
   14.239880 1.008328e+00 1.491800e-15 3 
   14.301980 9.415281e-01 1.380900e-15 3 
   14.364070 8.807391e-01 1.280600e-15 3 
   14.426159 8.382142e-01 1.208300e-15 3 
   14.488261 8.958946e-01 1.280400e-15 3 
   14.541691 8.383714e-01 1.189400e-15 3 
   14.633380 9.067224e-01 1.270300e-15 3 
   14.725080 8.234403e-01 1.139300e-15 3 
   14.816770 7.380823e-01 1.008600e-15 3 
   14.908459 7.967358e-01 1.075400e-15 3 
   15.000150 8.262165e-01 1.101600e-15 3 
   15.091850 8.449283e-01 1.112900e-15 3 
   15.183541 8.609897e-01 1.120400e-15 3 
   15.275230 8.415530e-01 1.082000e-15 3 
   15.366930 8.433437e-01 1.071400e-15 3 
   15.458620 1.093522e+00 1.372800e-15 3 
   15.550309 1.771032e+00 2.197200e-15 3 
   15.642000 1.546083e+00 1.895700e-15 3 
   15.733700 1.061161e+00 1.286000e-15 3 
   15.825391 1.031324e+00 1.235400e-15 3 
   15.917080 1.124720e+00 1.331800e-15 3 
   16.008780 1.106109e+00 1.294800e-15 3 
   16.100470 1.108619e+00 1.283000e-15 3 
   16.192159 1.163232e+00 1.331000e-15 3 
   16.283859 1.449299e+00 1.639700e-15 3 
   16.375550 1.962921e+00 2.196000e-15 3 
   16.467239 2.349236e+00 2.599000e-15 3 
   16.558930 2.021023e+00 2.211200e-15 3 
   16.650631 1.820381e+00 1.969800e-15 3 
   16.742319 1.875242e+00 2.007000e-15 3 
   16.834009 1.825370e+00 1.932400e-15 3 
   16.925700 1.941661e+00 2.033300e-15 3 
   17.017400 2.354479e+00 2.439100e-15 3 
   17.109091 2.234827e+00 2.290400e-15 3 
   17.200781 2.071364e+00 2.100300e-15 3 
   17.292481 2.089123e+00 2.095900e-15 3 
   17.384170 2.157070e+00 2.141300e-15 3 
   17.475861 1.915505e+00 1.881600e-15 3 
   17.567561 1.634344e+00 1.588700e-15 3 
   17.659250 1.542614e+00 1.484000e-15 3 
   17.750941 1.545125e+00 1.471100e-15 3 
   17.842630 1.510191e+00 1.423100e-15 3 
   17.934330 1.376298e+00 1.283700e-15 3 
   18.026020 1.264548e+00 1.167500e-15 3 
   18.117709 1.189692e+00 1.087300e-15 3 
   18.209409 1.199997e+00 1.085700e-15 3 
   18.301100 1.167567e+00 1.045800e-15 3 
   18.392789 1.175349e+00 1.042300e-15 3 
   18.484489 1.230604e+00 1.080500e-15 3 
   18.576180 1.388465e+00 1.207100e-15 3 
   18.667870 2.758177e+00 2.374400e-15 3 
   18.759559 3.275447e+00 2.792200e-15 3 
   18.851259 1.802910e+00 1.522000e-15 3 
   18.942950 1.384267e+00 1.157300e-15 3 
   19.034639 1.355913e+00 1.122700e-15 3 
   19.126341 1.273165e+00 1.044100e-15 3 
   19.218031 1.178578e+00 9.573300e-16 3 
   19.309719 1.180690e+00 9.499600e-16 3 
   19.401409 1.249207e+00 9.956100e-16 3 
   19.493111 1.204769e+00 9.511800e-16 3 
   19.584800 1.240473e+00 9.702200e-16 3 
   19.676491 1.185768e+00 9.188100e-16 3 
   19.768191 1.226702e+00 9.417300e-16 3 
   19.859880 1.210906e+00 9.210400e-16 3 
   19.951570 1.226465e+00 9.243200e-16 3 
   20.043261 1.191967e+00 8.901200e-16 3 
   20.134961 1.172492e+00 8.676200e-16 3 
   20.226650 1.217397e+00 8.927000e-16 3 
   20.318341 1.267004e+00 9.207100e-16 3 
   20.410041 1.200387e+00 8.644800e-16 3 
   20.520050 1.220928e+00 8.698700e-16 3 
   20.696581 1.281718e+00 8.976700e-16 3 
   20.873220 1.257376e+00 8.657800e-16 3 
   21.049950 1.237269e+00 8.376900e-16 3 
   21.226789 1.325957e+00 8.828400e-16 3 
   21.403730 1.315399e+00 8.613900e-16 3 
   21.580780 1.248669e+00 8.043300e-16 3 
   21.757919 1.289387e+00 8.170900e-16 3 
   21.935169 1.485331e+00 9.261100e-16 3 
   22.112520 1.357558e+00 8.329200e-16 3 
   22.289980 1.385497e+00 8.365800e-16 3 
   22.467541 1.452820e+00 8.634200e-16 3 
   22.645200 1.472537e+00 8.614600e-16 3 
   22.822969 1.469008e+00 8.460600e-16 3 
   23.000839 1.504797e+00 8.533200e-16 3 
   23.178809 1.513113e+00 8.449100e-16 3 
   23.356889 1.572495e+00 8.647300e-16 3 
   23.535070 1.637124e+00 8.866900e-16 3 
   23.713359 1.607383e+00 8.575400e-16 3 
   23.891759 1.628158e+00 8.557000e-16 3 
   24.070259 1.660573e+00 8.598400e-16 3 
   24.248859 1.689599e+00 8.620300e-16 3 
   24.427570 1.681916e+00 8.456000e-16 3 
   24.606380 1.684873e+00 8.348200e-16 3 
   24.785311 1.747512e+00 8.534000e-16 3 
   24.964331 1.784169e+00 8.588500e-16 3 
   25.143459 1.843034e+00 8.745900e-16 3 
   25.322700 1.885542e+00 8.821400e-16 3 
   25.502050 1.883947e+00 8.690400e-16 3 
   25.681500 1.981015e+00 9.010900e-16 3 
   25.861059 2.147521e+00 9.633100e-16 3 
   26.040730 2.144802e+00 9.488600e-16 3 
   26.220509 1.965537e+00 8.576700e-16 3 
   26.400391 1.959770e+00 8.435400e-16 3 
   26.580378 1.976527e+00 8.392700e-16 3 
   26.760481 1.982826e+00 8.306500e-16 3 
   26.940678 2.007878e+00 8.299300e-16 3 
   27.121000 2.008783e+00 8.193000e-16 3 
   27.301419 2.072246e+00 8.340500e-16 3 
   27.481950 2.081943e+00 8.269800e-16 3 
   27.662591 2.093817e+00 8.208700e-16 3 
   27.843341 2.088735e+00 8.082800e-16 3 
   28.024200 2.198447e+00 8.397900e-16 3 
   28.205169 2.414889e+00 9.106700e-16 3 
   28.386250 2.295504e+00 8.546400e-16 3 
   28.567441 2.255289e+00 8.290500e-16 3 
   28.748741 2.277559e+00 8.267100e-16 3 
   28.930150 2.304468e+00 8.260200e-16 3 
   29.111669 2.383479e+00 8.437200e-16 3 
   29.293300 2.414743e+00 8.442200e-16 3 
   29.475041 2.435040e+00 8.408500e-16 3 
   29.656891 2.406720e+00 8.209100e-16 3 
   29.838859 2.501400e+00 8.428300e-16 3 
   30.020941 2.523639e+00 8.400400e-16 3 
   30.203119 2.534353e+00 8.334600e-16 3 
   30.385419 2.617173e+00 8.504000e-16 3 
   30.567828 2.654016e+00 8.521100e-16 3 
   30.750359 2.764732e+00 8.771500e-16 3 
   30.932991 2.754069e+00 8.634800e-16 3 
   31.115741 2.750852e+00 8.523700e-16 3 
   31.298609 2.832424e+00 8.674200e-16 3 
   31.481581 2.811920e+00 8.511600e-16 3 
   31.664672 2.928344e+00 8.761800e-16 3 
   31.847878 3.053681e+00 9.032000e-16 3 
   32.031188 3.044988e+00 8.903500e-16 3 
   32.214619 3.225322e+00 9.323700e-16 3 
   32.398172 3.221210e+00 9.206600e-16 3 
   32.581828 3.296227e+00 9.315100e-16 3 
   32.765597 3.263303e+00 9.118900e-16 3 
   32.949491 3.439399e+00 9.504000e-16 3 
   33.133500 3.650025e+00 9.974300e-16 3 
   33.317619 4.919432e+00 1.329500e-15 3 
   33.501850 8.125987e+00 2.172000e-15 3 
   33.686200 6.043732e+00 1.597800e-15 3 
   33.870672 3.782775e+00 9.892000e-16 3 
   34.055259 3.739262e+00 9.672500e-16 3 
   34.239959 3.695794e+00 9.457200e-16 3 
   34.424772 3.761712e+00 9.522800e-16 3 
   34.609709 4.935866e+00 1.236200e-15 3 
   34.794763 9.107104e+00 2.256700e-15 3 
   34.979931 8.708330e+00 2.135100e-15 3 
