# NGC 5195  
# 
# An Atlas of Galaxy Spectral Energy Distributions from the Ultraviolet to the Mid-Infrared
# Brown et al. (2014)
# http://dx.doi.org/10.5072/03/529D3551F0117
# http://dx.doi.org/10.17909/t9-5bxk-dh29
# 
# The Spectral Energy Distributions of Active Galactic Nuclei
# Brown et al. (2019)
# http://dx.doi.org/10.17909/t9-3dbt-8734
# 
# Column 1: Observed wavelength (um)
# Column 2: f_nu (Jy)
# Column 3: f_lam (erg/s/cm2/A)
# Column 4: Source (0 = model, 1 = Optical Spectrun, 2 = Akari, 3 = Spitzer IRS)
# 
    0.010023 2.332660e-12 6.965900e-21 0 
    0.010209 3.458003e-12 9.953600e-21 0 
    0.010423 4.708049e-12 1.300100e-20 0 
    0.010617 6.469416e-12 1.721800e-20 0 
    0.010814 9.074745e-12 2.328000e-20 0 
    0.011015 1.428340e-11 3.531700e-20 0 
    0.011429 2.471021e-11 5.675200e-20 0 
    0.011830 3.988637e-11 8.550200e-20 0 
    0.012106 1.651433e-10 3.380500e-19 0 
    0.012531 2.442486e-10 4.666400e-19 0 
    0.012706 2.869962e-10 5.333100e-19 0 
    0.012823 3.168389e-10 5.780700e-19 0 
    0.013122 3.961504e-10 6.902100e-19 0 
    0.013213 4.851323e-10 8.336400e-19 0 
    0.013428 5.596018e-10 9.310600e-19 0 
    0.013709 7.886449e-10 1.258900e-18 0 
    0.014028 9.635239e-10 1.468900e-18 0 
    0.014322 3.019020e-09 4.415500e-18 0 
    0.014723 8.746537e-09 1.210500e-17 0 
    0.015136 1.068744e-08 1.399500e-17 0 
    0.015524 1.308761e-08 1.629200e-17 0 
    0.015922 1.599057e-08 1.892300e-17 0 
    0.016218 1.840112e-08 2.098800e-17 0 
    0.016634 2.253455e-08 2.443300e-17 0 
    0.017022 2.678435e-08 2.773200e-17 0 
    0.017338 3.060973e-08 3.054800e-17 0 
    0.017742 3.604634e-08 3.435400e-17 0 
    0.018030 4.062969e-08 3.749500e-17 0 
    0.018239 4.404101e-08 3.971700e-17 0 
    0.018621 5.127038e-08 4.435900e-17 0 
    0.019143 6.178421e-08 5.058000e-17 0 
    0.019409 6.900184e-08 5.495100e-17 0 
    0.019815 7.903988e-08 6.039200e-17 0 
    0.020230 9.095918e-08 6.667700e-17 0 
    0.020512 1.004325e-07 7.161100e-17 0 
    0.021038 1.126853e-07 7.638000e-17 0 
    0.021627 1.415311e-07 9.077800e-17 0 
    0.022029 1.598987e-07 9.885000e-17 0 
    0.022336 1.725352e-07 1.037500e-16 0 
    0.022751 1.949139e-07 1.129700e-16 0 
    0.023014 3.117839e-07 1.766000e-16 0 
    0.023442 5.739080e-07 3.133100e-16 0 
    0.024044 7.724566e-07 4.008500e-16 0 
    0.024660 8.088141e-07 3.990100e-16 0 
    0.025235 9.372712e-07 4.415500e-16 0 
    0.025763 8.587146e-07 3.881300e-16 0 
    0.026062 1.025362e-06 4.528800e-16 0 
    0.026424 1.132013e-06 4.863800e-16 0 
    0.026915 1.210163e-06 5.011600e-16 0 
    0.027416 1.290811e-06 5.152000e-16 0 
    0.027925 1.373550e-06 5.284200e-16 0 
    0.028445 1.461726e-06 5.419700e-16 0 
    0.029040 1.499173e-06 5.333100e-16 0 
    0.029648 1.636237e-06 5.584400e-16 0 
    0.030130 1.713383e-06 5.662100e-16 0 
    0.030832 1.865767e-06 5.888100e-16 0 
    0.031842 2.107925e-06 6.237000e-16 0 
    0.032885 2.327295e-06 6.456200e-16 0 
    0.033884 2.528402e-06 6.606600e-16 0 
    0.034834 2.721835e-06 6.729400e-16 0 
    0.035727 2.916403e-06 6.854500e-16 0 
    0.036644 3.125103e-06 6.982000e-16 0 
    0.037584 3.325536e-06 7.062800e-16 0 
    0.038548 3.434473e-06 6.933900e-16 0 
    0.039537 3.748544e-06 7.194100e-16 0 
    0.040551 3.988946e-06 7.277400e-16 0 
    0.041495 4.186470e-06 7.294200e-16 0 
    0.042267 4.333690e-06 7.277400e-16 0 
    0.043053 4.496368e-06 7.277400e-16 0 
    0.044157 4.751762e-06 7.311000e-16 0 
    0.045186 4.930205e-06 7.244000e-16 0 
    0.046026 5.103420e-06 7.227300e-16 0 
    0.047098 5.319370e-06 7.194100e-16 0 
    0.048084 5.544423e-06 7.194100e-16 0 
    0.049091 5.686703e-06 7.079100e-16 0 
    0.050119 5.941012e-06 7.095400e-16 0 
    0.050699 6.023620e-06 7.030400e-16 0 
    0.051286 6.321990e-06 7.210700e-16 0 
    0.052119 6.484114e-06 7.161100e-16 0 
    0.053088 6.635114e-06 7.062800e-16 0 
    0.054075 6.711992e-06 6.886200e-16 0 
    0.055081 6.900239e-06 6.823100e-16 0 
    0.056105 7.208710e-06 6.870300e-16 0 
    0.057148 7.496532e-06 6.886200e-16 0 
    0.058076 7.583115e-06 6.744900e-16 0 
    0.059156 7.867774e-06 6.744900e-16 0 
    0.060117 7.904056e-06 6.561100e-16 0 
    0.061094 7.342653e-06 5.901700e-16 0 
    0.062087 8.430566e-06 6.561100e-16 0 
    0.063096 8.547964e-06 6.441400e-16 0 
    0.064121 8.807661e-06 6.426600e-16 0 
    0.065163 8.971407e-06 6.338400e-16 0 
    0.065917 9.033361e-06 6.237000e-16 0 
    0.066527 9.265205e-06 6.280300e-16 0 
    0.067608 9.480993e-06 6.222700e-16 0 
    0.068549 9.415787e-06 6.011400e-16 0 
    0.069663 9.905161e-06 6.123200e-16 0 
    0.070632 9.791674e-06 5.888100e-16 0 
    0.071779 1.034790e-05 6.025300e-16 0 
    0.072778 1.054049e-05 5.970100e-16 0 
    0.073621 1.071183e-05 5.929000e-16 0 
    0.074645 1.091085e-05 5.874600e-16 0 
    0.075683 1.111349e-05 5.820700e-16 0 
    0.076560 1.056484e-05 5.407300e-16 0 
    0.077625 1.155738e-05 5.754100e-16 0 
    0.078705 1.169125e-05 5.662100e-16 0 
    0.079616 1.199114e-05 5.675200e-16 0 
    0.080538 1.224216e-05 5.662100e-16 0 
    0.081658 1.249833e-05 5.623100e-16 0 
    0.082604 1.284873e-05 5.649100e-16 0 
    0.083560 1.207398e-05 5.187700e-16 0 
    0.084723 1.323908e-05 5.533200e-16 0 
    0.085704 1.342331e-05 5.482500e-16 0 
    0.086696 1.376742e-05 5.495100e-16 0 
    0.087700 1.418581e-05 5.533200e-16 0 
    0.088716 1.461715e-05 5.571600e-16 0 
    0.089536 1.492281e-05 5.584400e-16 0 
    0.090573 1.506102e-05 5.507800e-16 0 
    0.091622 1.958206e-05 6.998100e-16 0 
    0.092683 6.469234e-05 2.259300e-15 0 
    0.093541 1.290817e-04 4.425700e-15 0 
    0.094624 2.365150e-04 7.924600e-15 0 
    0.095719 3.364028e-04 1.101500e-14 0 
    0.096605 3.835668e-04 1.233000e-14 0 
    0.097724 7.958953e-05 2.500200e-15 0 
    0.098628 3.387434e-04 1.044700e-14 0 
    0.099541 3.663139e-04 1.109100e-14 0 
    0.100693 5.443334e-04 1.610600e-14 0 
    0.101625 5.356259e-04 1.555900e-14 0 
    0.102565 2.409089e-04 6.870300e-15 0 
    0.103753 3.943463e-04 1.099000e-14 0 
    0.104713 7.635895e-04 2.089200e-14 0 
    0.105682 7.636029e-04 2.051100e-14 0 
    0.106660 6.135647e-04 1.618000e-14 0 
    0.107647 7.444824e-04 1.927400e-14 0 
    0.108643 5.954766e-04 1.513500e-14 0 
    0.109648 8.125731e-04 2.027600e-14 0 
    0.110662 7.958726e-04 1.949700e-14 0 
    0.111686 7.777806e-04 1.870600e-14 0 
    0.112720 7.109741e-04 1.678700e-14 0 
    0.113763 9.244054e-04 2.142800e-14 0 
    0.114551 8.508698e-04 1.945300e-14 0 
    0.115611 9.243858e-04 2.074800e-14 0 
    0.116681 9.702116e-04 2.137900e-14 0 
    0.117761 6.821036e-04 1.475600e-14 0 
    0.118577 9.724245e-04 2.074800e-14 0 
    0.119674 6.774243e-04 1.419000e-14 0 
    0.120781 4.964314e-04 1.020900e-14 0 
    0.121619 3.387328e-04 6.870300e-15 0 
    0.122744 7.060973e-04 1.406000e-14 0 
    0.123595 1.088599e-03 2.137900e-14 0 
    0.124738 1.224227e-03 2.360400e-14 0 
    0.125603 1.182630e-03 2.248900e-14 0 
    0.126765 1.030046e-03 1.923000e-14 0 
    0.127644 1.364158e-03 2.511800e-14 0 
    0.128825 1.458335e-03 2.636200e-14 0 
    0.129718 1.161046e-03 2.070000e-14 0 
    0.130617 1.158372e-03 2.036900e-14 0 
    0.131826 1.492315e-03 2.576200e-14 0 
    0.132739 1.444928e-03 2.460200e-14 0 
    0.133660 1.290805e-03 2.167600e-14 0 
    0.134586 1.569827e-03 2.600000e-14 0 
    0.135831 1.548329e-03 2.517600e-14 0 
    0.136773 1.395905e-03 2.238600e-14 0 
    0.137721 1.492329e-03 2.360400e-14 0 
    0.138676 1.527072e-03 2.382200e-14 0 
    0.139637 1.348516e-03 2.074800e-14 0 
    0.140605 1.418613e-03 2.152700e-14 0 
    0.141579 1.468468e-03 2.197800e-14 0 
    0.142561 1.534096e-03 2.264500e-14 0 
    0.143880 1.548331e-03 2.243800e-14 0 
    0.144544 1.655211e-03 2.376700e-14 0 
    0.144877 1.693770e-03 2.420900e-14 0 
    0.145881 1.662847e-03 2.344100e-14 0 
    0.146893 1.551858e-03 2.157600e-14 0 
    0.147571 1.559030e-03 2.147700e-14 0 
    0.148594 1.613840e-03 2.192700e-14 0 
    0.149624 1.666738e-03 2.233500e-14 0 
    0.150661 1.595343e-03 2.108500e-14 0 
    0.151356 1.428430e-03 1.870600e-14 0 
    0.152055 1.548318e-03 2.009000e-14 0 
    0.152757 1.509600e-03 1.940800e-14 0 
    0.153815 1.326957e-03 1.682600e-14 0 
    0.154882 1.488882e-03 1.862000e-14 0 
    0.155597 1.415342e-03 1.753800e-14 0 
    0.156675 1.458341e-03 1.782300e-14 0 
    0.157761 1.580754e-03 1.905400e-14 0 
    0.158855 1.686029e-03 2.004400e-14 0 
    0.159588 1.737195e-03 2.046300e-14 0 
    0.160694 1.725291e-03 2.004400e-14 0 
    0.161808 1.753310e-03 2.009000e-14 0 
    0.162930 1.674445e-03 1.892300e-14 0 
    0.163682 1.802463e-03 2.018300e-14 0 
    0.164816 1.857224e-03 2.051100e-14 0 
    0.165577 1.721343e-03 1.883600e-14 0 
    0.166725 1.918009e-03 2.070000e-14 0 
    0.167494 1.709438e-03 1.828000e-14 0 
    0.167880 1.953694e-03 2.079600e-14 0 
    0.168655 2.064692e-03 2.177600e-14 0 
    0.169824 1.953731e-03 2.032300e-14 0 
    0.170608 1.891670e-03 1.949700e-14 0 
    0.171791 1.819129e-03 1.849200e-14 0 
    0.172584 1.827523e-03 1.840700e-14 0 
    0.173780 1.980885e-03 1.967800e-14 0 
    0.174582 1.949225e-03 1.918600e-14 0 
    0.175792 2.117668e-03 2.055800e-14 0 
    0.176604 1.940266e-03 1.866300e-14 0 
    0.177828 2.027021e-03 1.923000e-14 0 
    0.178649 2.083761e-03 1.958700e-14 0 
    0.179887 2.269144e-03 2.103700e-14 0 
    0.180717 2.258671e-03 2.074800e-14 0 
    0.181970 2.112835e-03 1.914200e-14 0 
    0.182810 2.176946e-03 1.954200e-14 0 
    0.183654 2.103103e-03 1.870600e-14 0 
    0.184927 1.949172e-03 1.709900e-14 0 
    0.185780 1.985488e-03 1.725800e-14 0 
    0.186638 2.074233e-03 1.786400e-14 0 
    0.187932 2.274390e-03 1.931900e-14 0 
    0.188799 2.117673e-03 1.782300e-14 0 
    0.189671 2.059933e-03 1.717800e-14 0 
    0.190985 2.202255e-03 1.811300e-14 0 
    0.191867 2.147177e-03 1.749800e-14 0 
    0.192753 2.122592e-03 1.713900e-14 0 
    0.193642 2.171964e-03 1.737700e-14 0 
    0.194984 2.343476e-03 1.849200e-14 0 
    0.195884 2.222550e-03 1.737700e-14 0 
    0.196789 2.465291e-03 1.909800e-14 0 
    0.197697 2.540076e-03 1.949700e-14 0 
    0.198610 2.442623e-03 1.857700e-14 0 
    0.199986 2.409129e-03 1.807100e-14 0 
    0.200909 2.488063e-03 1.849200e-14 0 
    0.201837 2.425822e-03 1.786400e-14 0 
    0.202768 2.534320e-03 1.849200e-14 0 
    0.203704 2.465237e-03 1.782300e-14 0 
    0.204645 2.605328e-03 1.866300e-14 0 
    0.205589 2.505296e-03 1.778200e-14 0 
    0.207014 2.546003e-03 1.782300e-14 0 
    0.207491 2.747037e-03 1.914200e-14 0 
    0.207970 2.850131e-03 1.976900e-14 0 
    0.208930 3.082250e-03 2.118300e-14 0 
    0.209894 2.923229e-03 1.990600e-14 0 
    0.210863 2.936646e-03 1.981400e-14 0 
    0.211836 3.053859e-03 2.041600e-14 0 
    0.212814 3.053891e-03 2.022900e-14 0 
    0.213796 2.856643e-03 1.874900e-14 0 
    0.214783 3.103590e-03 2.018300e-14 0 
    0.215774 3.219980e-03 2.074800e-14 0 
    0.216770 3.075132e-03 1.963300e-14 0 
    0.217771 3.089213e-03 1.954200e-14 0 
    0.218776 3.249734e-03 2.036900e-14 0 
    0.219786 3.379480e-03 2.098800e-14 0 
    0.220801 3.317810e-03 2.041600e-14 0 
    0.221820 3.032941e-03 1.849200e-14 0 
    0.222844 3.089314e-03 1.866300e-14 0 
    0.223872 3.546898e-03 2.123100e-14 0 
    0.224905 3.410762e-03 2.022900e-14 0 
    0.225944 3.096394e-03 1.819600e-14 0 
    0.226986 3.125021e-03 1.819600e-14 0 
    0.228034 3.302662e-03 1.905400e-14 0 
    0.229087 3.697102e-03 2.113400e-14 0 
    0.229615 3.364081e-03 1.914200e-14 0 
    0.230675 3.611073e-03 2.035900e-14 0 
    0.231739 3.336565e-03 1.863900e-14 0 
    0.232809 2.654356e-03 1.469200e-14 0 
    0.233884 2.935113e-03 1.609700e-14 0 
    0.234963 2.668552e-03 1.450100e-14 0 
    0.236048 3.310803e-03 1.782600e-14 0 
    0.237137 2.751528e-03 1.467900e-14 0 
    0.237684 2.994919e-03 1.590400e-14 0 
    0.238781 2.576570e-03 1.355700e-14 0 
    0.239883 2.855518e-03 1.488700e-14 0 
    0.240991 2.781872e-03 1.437000e-14 0 
    0.242103 2.964689e-03 1.517400e-14 0 
    0.242661 3.612360e-03 1.840400e-14 0 
    0.243781 3.568128e-03 1.801200e-14 0 
    0.244906 3.990999e-03 1.996200e-14 0 
    0.246037 4.099377e-03 2.031600e-14 0 
    0.246604 3.832874e-03 1.890800e-14 0 
    0.247742 3.615461e-03 1.767200e-14 0 
    0.248886 3.219449e-03 1.559200e-14 0 
    0.250035 3.284045e-03 1.575900e-14 0 
    0.250611 4.123206e-03 1.969500e-14 0 
    0.251768 3.011945e-03 1.425500e-14 0 
    0.252348 2.955791e-03 1.392500e-14 0 
    0.252930 2.913997e-03 1.366500e-14 0 
    0.254097 3.373536e-03 1.567500e-14 0 
    0.254683 3.419168e-03 1.581400e-14 0 
    0.255859 4.640076e-03 2.126400e-14 0 
    0.257040 4.009982e-03 1.820800e-14 0 
    0.257632 4.644649e-03 2.099300e-14 0 
    0.258821 4.401132e-03 1.971000e-14 0 
    0.260016 4.199152e-03 1.863300e-14 0 
    0.260615 3.890241e-03 1.718300e-14 0 
    0.261818 3.746185e-03 1.639500e-14 0 
    0.263027 4.397285e-03 1.906800e-14 0 
    0.263633 5.997822e-03 2.588900e-14 0 
    0.264850 7.509078e-03 3.211500e-14 0 
    0.266072 9.620239e-03 4.076700e-14 0 
    0.266686 6.760566e-03 2.851700e-14 0 
    0.267917 7.578481e-03 3.167400e-14 0 
    0.269154 8.456374e-03 3.501900e-14 0 
    0.269774 6.776118e-03 2.793200e-14 0 
    0.271019 7.971914e-03 3.256000e-14 0 
    0.271644 6.358524e-03 2.585100e-14 0 
    0.272898 5.584009e-03 2.249400e-14 0 
    0.274157 6.630296e-03 2.646400e-14 0 
    0.274789 4.553192e-03 1.809000e-14 0 
    0.276058 5.443793e-03 2.143000e-14 0 
    0.276694 6.541760e-03 2.563400e-14 0 
    0.277971 6.986561e-03 2.712600e-14 0 
    0.278612 5.129437e-03 1.982400e-14 0 
    0.279898 3.308420e-03 1.266900e-14 0 
    0.281190 3.734373e-03 1.416900e-14 0 
    0.281838 6.606678e-03 2.495200e-14 0 
    0.283139 8.760992e-03 3.278500e-14 0 
    0.283792 8.401177e-03 3.129400e-14 0 
    0.285102 6.806380e-03 2.512100e-14 0 
    0.285759 5.008370e-03 1.840000e-14 0 
    0.287078 8.795198e-03 3.201600e-14 0 
    0.287740 1.104145e-02 4.000800e-14 0 
    0.289068 1.024672e-02 3.678800e-14 0 
    0.289734 1.203279e-02 4.300200e-14 0 
    0.291743 1.580141e-02 5.569500e-14 0 
    0.293765 1.419111e-02 4.933300e-14 0 
    0.295121 1.341401e-02 4.620400e-14 0 
    0.297167 1.425206e-02 4.841700e-14 0 
    0.299227 1.462793e-02 4.901200e-14 0 
    0.301301 1.501358e-02 4.961400e-14 0 
    0.303389 1.602440e-02 5.222800e-14 0 
    0.305492 1.679079e-02 5.397500e-14 0 
    0.307610 1.833812e-02 5.814000e-14 0 
    0.309742 1.830761e-02 5.724700e-14 0 
    0.311172 2.094842e-02 6.490400e-14 0 
    0.313329 1.988012e-02 6.074900e-14 0 
    0.315501 2.016864e-02 6.078500e-14 0 
    0.317687 2.217828e-02 6.592500e-14 0 
    0.319154 1.956275e-02 5.761700e-14 0 
    0.321366 2.186114e-02 6.350300e-14 0 
    0.323594 1.887628e-02 5.408000e-14 0 
    0.325837 2.601017e-02 7.349600e-14 0 
    0.327341 3.031298e-02 8.486900e-14 0 
    0.329610 3.011939e-02 8.317000e-14 0 
    0.331894 2.884409e-02 7.855600e-14 0 
    0.332660 2.778408e-02 7.532100e-14 0 
    0.333426 3.072745e-02 8.291800e-14 0 
    0.334195 3.092184e-02 8.305900e-14 0 
    0.334966 2.910713e-02 7.782500e-14 0 
    0.335738 2.727298e-02 7.258600e-14 0 
    0.336512 3.051148e-02 8.083200e-14 0 
    0.337287 3.070375e-02 8.096800e-14 0 
    0.338065 2.301035e-02 6.040100e-14 0 
    0.338844 2.504121e-02 6.543000e-14 0 
    0.339625 3.157804e-02 8.213100e-14 0 
    0.340408 3.105365e-02 8.039600e-14 0 
    0.341193 3.205073e-02 8.259600e-14 0 
    0.341979 3.159122e-02 8.103800e-14 0 
    0.342768 3.542360e-02 9.045100e-14 0 
    0.343558 3.296204e-02 8.377900e-14 0 
    0.344350 3.386439e-02 8.567700e-14 0 
    0.345144 2.319868e-02 5.842300e-14 0 
    0.345939 3.312730e-02 8.304400e-14 0 
    0.346737 2.760001e-02 6.887000e-14 0 
    0.347536 3.123404e-02 7.758000e-14 0 
    0.348337 2.743791e-02 6.783800e-14 0 
    0.349140 3.133773e-02 7.712400e-14 0 
    0.349945 2.778366e-02 6.806300e-14 0 
    0.350752 3.560441e-02 8.682100e-14 0 
    0.351560 3.541763e-02 8.596900e-14 0 
    0.352371 3.169113e-02 7.657000e-14 0 
    0.353183 2.875092e-02 6.914700e-14 0 
    0.353997 3.551103e-02 8.501300e-14 0 
    0.354813 4.055829e-02 9.665000e-14 0 
    0.355631 3.933618e-02 9.330700e-14 0 
    0.356451 3.660182e-02 8.642200e-14 0 
    0.357273 3.421497e-02 8.041500e-14 0 
    0.358096 3.019411e-02 7.063900e-14 0 
    0.358922 2.504014e-02 5.831200e-14 0 
    0.359749 2.638386e-02 6.115900e-14 0 
    0.360579 4.169175e-02 9.619900e-14 0 
    0.361410 3.394349e-02 7.796100e-14 0 
    0.361564 3.120054e-02 7.160000e-14 1 
    0.361839 2.452184e-02 5.618800e-14 1 
    0.362114 3.676788e-02 8.412000e-14 1 
    0.362389 3.162018e-02 7.223300e-14 1 
    0.362664 3.856099e-02 8.795500e-14 1 
    0.362939 4.071347e-02 9.272400e-14 1 
    0.363214 5.095800e-02 1.158800e-13 1 
    0.363489 3.974033e-02 9.023400e-14 1 
    0.363764 3.342687e-02 7.578400e-14 1 
    0.364039 4.030199e-02 9.123300e-14 1 
    0.364314 3.976564e-02 8.988300e-14 1 
    0.364589 4.124888e-02 9.309500e-14 1 
    0.364864 4.316912e-02 9.728200e-14 1 
    0.365139 4.060502e-02 9.136600e-14 1 
    0.365414 3.722343e-02 8.363100e-14 1 
    0.365689 3.268591e-02 7.332600e-14 1 
    0.365964 3.457840e-02 7.745500e-14 1 
    0.366239 3.868696e-02 8.652800e-14 1 
    0.366514 4.370329e-02 9.760100e-14 1 
    0.366789 5.091670e-02 1.135400e-13 1 
    0.367064 4.564406e-02 1.016300e-13 1 
    0.367339 3.734992e-02 8.303800e-14 1 
    0.367614 4.854681e-02 1.077700e-13 1 
    0.367889 4.587653e-02 1.016900e-13 1 
    0.368164 4.459783e-02 9.870800e-14 1 
    0.368439 5.093691e-02 1.125700e-13 1 
    0.368714 4.197275e-02 9.262100e-14 1 
    0.368989 3.713888e-02 8.183200e-14 1 
    0.369264 4.767002e-02 1.048800e-13 1 
    0.369539 4.350134e-02 9.556600e-14 1 
    0.369814 3.756088e-02 8.239300e-14 1 
    0.370089 5.036691e-02 1.103200e-13 1 
    0.370364 4.368437e-02 9.554100e-14 1 
    0.370639 4.514681e-02 9.859300e-14 1 
    0.370914 3.352756e-02 7.311000e-14 1 
    0.371189 4.392237e-02 9.563500e-14 1 
    0.371464 3.575664e-02 7.774000e-14 1 
    0.371739 4.080148e-02 8.857700e-14 1 
    0.372014 4.762151e-02 1.032300e-13 1 
    0.372289 3.739265e-02 8.093700e-14 1 
    0.372564 3.970163e-02 8.580800e-14 1 
    0.372839 5.379645e-02 1.161000e-13 1 
    0.373114 5.818219e-02 1.253800e-13 1 
    0.373389 7.533292e-02 1.621000e-13 1 
    0.373664 7.047328e-02 1.514200e-13 1 
    0.373939 5.109402e-02 1.096200e-13 1 
    0.374214 5.689668e-02 1.218900e-13 1 
    0.374489 4.450673e-02 9.520700e-14 1 
    0.374764 4.868397e-02 1.039900e-13 1 
    0.375039 3.490569e-02 7.445000e-14 1 
    0.375314 4.562240e-02 9.716500e-14 1 
    0.375589 4.427391e-02 9.415500e-14 1 
    0.375864 3.549503e-02 7.537500e-14 1 
    0.376139 5.297031e-02 1.123200e-13 1 
    0.376414 5.163092e-02 1.093200e-13 1 
    0.376689 5.124287e-02 1.083400e-13 1 
    0.376964 4.598037e-02 9.707200e-14 1 
    0.377239 4.285216e-02 9.033600e-14 1 
    0.377514 4.662247e-02 9.814100e-14 1 
    0.377789 4.698206e-02 9.875400e-14 1 
    0.378064 4.637108e-02 9.732800e-14 1 
    0.378339 6.114480e-02 1.281500e-13 1 
    0.378614 5.213587e-02 1.091100e-13 1 
    0.378889 5.184317e-02 1.083400e-13 1 
    0.379164 5.391200e-02 1.125000e-13 1 
    0.379439 6.011393e-02 1.252600e-13 1 
    0.379714 5.939847e-02 1.235900e-13 1 
    0.379989 5.316019e-02 1.104500e-13 1 
    0.380264 5.138145e-02 1.066000e-13 1 
    0.380539 3.928934e-02 8.139500e-14 1 
    0.380814 5.284986e-02 1.093300e-13 1 
    0.381089 5.737023e-02 1.185100e-13 1 
    0.381364 5.514058e-02 1.137400e-13 1 
    0.381639 6.771190e-02 1.394700e-13 1 
    0.381914 6.073053e-02 1.249100e-13 1 
    0.382189 5.397229e-02 1.108500e-13 1 
    0.382464 6.277306e-02 1.287400e-13 1 
    0.382739 6.447963e-02 1.320500e-13 1 
    0.383014 5.750629e-02 1.176000e-13 1 
    0.383289 4.995935e-02 1.020200e-13 1 
    0.383564 4.100075e-02 8.360600e-14 1 
    0.383839 4.160617e-02 8.471900e-14 1 
    0.384114 4.274140e-02 8.690600e-14 1 
    0.384389 3.645359e-02 7.401500e-14 1 
    0.384664 4.002195e-02 8.114400e-14 1 
    0.384939 4.841667e-02 9.802400e-14 1 
    0.385214 5.571048e-02 1.126300e-13 1 
    0.385489 5.546313e-02 1.119700e-13 1 
    0.385764 5.681217e-02 1.145300e-13 1 
    0.386039 5.714158e-02 1.150300e-13 1 
    0.386314 5.666586e-02 1.139100e-13 1 
    0.386589 6.534000e-02 1.311600e-13 1 
    0.386864 7.389398e-02 1.481200e-13 1 
    0.387139 6.704479e-02 1.342000e-13 1 
    0.387414 7.163276e-02 1.431800e-13 1 
    0.387689 7.096795e-02 1.416500e-13 1 
    0.387964 6.555476e-02 1.306600e-13 1 
    0.388239 6.517544e-02 1.297200e-13 1 
    0.388514 6.617346e-02 1.315200e-13 1 
    0.388789 6.142008e-02 1.219000e-13 1 
    0.389064 5.399396e-02 1.070100e-13 1 
    0.389339 6.049246e-02 1.197200e-13 1 
    0.389614 5.852360e-02 1.156600e-13 1 
    0.389889 6.632853e-02 1.309000e-13 1 
    0.390164 6.382410e-02 1.257800e-13 1 
    0.390439 5.894447e-02 1.160000e-13 1 
    0.390714 6.320526e-02 1.242100e-13 1 
    0.390989 6.841549e-02 1.342600e-13 1 
    0.391264 6.931803e-02 1.358400e-13 1 
    0.391539 6.145909e-02 1.202700e-13 1 
    0.391814 7.224055e-02 1.411700e-13 1 
    0.392089 8.222707e-02 1.604600e-13 1 
    0.392364 8.026927e-02 1.564200e-13 1 
    0.392639 7.609603e-02 1.480800e-13 1 
    0.392914 6.908053e-02 1.342400e-13 1 
    0.393189 5.914903e-02 1.147800e-13 1 
    0.393464 5.384428e-02 1.043400e-13 1 
    0.393739 4.762637e-02 9.216200e-14 1 
    0.394014 3.829685e-02 7.400500e-14 1 
    0.394289 4.404134e-02 8.498700e-14 1 
    0.394564 5.210635e-02 1.004100e-13 1 
    0.394839 6.226559e-02 1.198200e-13 1 
    0.395114 5.881375e-02 1.130200e-13 1 
    0.395389 6.150119e-02 1.180200e-13 1 
    0.395664 7.043184e-02 1.349700e-13 1 
    0.395939 6.931744e-02 1.326500e-13 1 
    0.396214 7.212961e-02 1.378400e-13 1 
    0.396489 6.757655e-02 1.289600e-13 1 
    0.396764 6.146791e-02 1.171400e-13 1 
    0.397039 5.169172e-02 9.837300e-14 1 
    0.397314 4.680975e-02 8.895900e-14 1 
    0.397589 5.052668e-02 9.589000e-14 1 
    0.397864 4.242537e-02 8.040400e-14 1 
    0.398139 5.632554e-02 1.066000e-13 1 
    0.398414 6.824491e-02 1.289800e-13 1 
    0.398689 7.671067e-02 1.447800e-13 1 
    0.398964 7.771320e-02 1.464700e-13 1 
    0.399239 7.998279e-02 1.505400e-13 1 
    0.399514 8.515270e-02 1.600500e-13 1 
    0.399789 9.345333e-02 1.754100e-13 1 
    0.400064 9.047694e-02 1.695900e-13 1 
    0.400339 9.558047e-02 1.789100e-13 1 
    0.400614 9.067239e-02 1.694900e-13 1 
    0.400889 9.192725e-02 1.716000e-13 1 
    0.401164 8.892596e-02 1.657700e-13 1 
    0.401439 9.375360e-02 1.745300e-13 1 
    0.401714 9.610905e-02 1.786700e-13 1 
    0.401989 9.489944e-02 1.761800e-13 1 
    0.402264 9.425800e-02 1.747500e-13 1 
    0.402539 9.543477e-02 1.766900e-13 1 
    0.402814 9.939993e-02 1.837800e-13 1 
    0.403089 1.009601e-01 1.864100e-13 1 
    0.403364 9.928107e-02 1.830600e-13 1 
    0.403639 9.723873e-02 1.790500e-13 1 
    0.403914 8.773476e-02 1.613300e-13 1 
    0.404189 9.026667e-02 1.657600e-13 1 
    0.404464 9.164920e-02 1.680700e-13 1 
    0.404739 9.419285e-02 1.725000e-13 1 
    0.405014 9.475286e-02 1.732900e-13 1 
    0.405289 9.784371e-02 1.787000e-13 1 
    0.405564 9.412216e-02 1.716700e-13 1 
    0.405839 9.879024e-02 1.799400e-13 1 
    0.406114 9.721990e-02 1.768400e-13 1 
    0.406389 1.009299e-01 1.833400e-13 1 
    0.406664 9.636436e-02 1.748100e-13 1 
    0.406939 9.223884e-02 1.671000e-13 1 
    0.407214 9.881406e-02 1.787700e-13 1 
    0.407489 8.983158e-02 1.623000e-13 1 
    0.407764 9.024107e-02 1.628200e-13 1 
    0.408039 9.070691e-02 1.634400e-13 1 
    0.408314 9.380241e-02 1.687900e-13 1 
    0.408589 9.204789e-02 1.654100e-13 1 
    0.408864 9.399956e-02 1.686900e-13 1 
    0.409139 1.041139e-01 1.865900e-13 1 
    0.409414 1.043769e-01 1.868100e-13 1 
    0.409689 9.487164e-02 1.695700e-13 1 
    0.409964 9.338557e-02 1.666900e-13 1 
    0.410239 8.705955e-02 1.551900e-13 1 
    0.410514 7.566065e-02 1.346900e-13 1 
    0.410789 7.702766e-02 1.369400e-13 1 
    0.411064 8.707211e-02 1.545900e-13 1 
    0.411339 8.489881e-02 1.505300e-13 1 
    0.411614 8.983536e-02 1.590700e-13 1 
    0.411889 9.133529e-02 1.615100e-13 1 
    0.412164 9.232367e-02 1.630400e-13 1 
    0.412439 1.025115e-01 1.807900e-13 1 
    0.412714 9.299038e-02 1.637800e-13 1 
    0.412989 1.062475e-01 1.868800e-13 1 
    0.413264 1.012768e-01 1.779000e-13 1 
    0.413539 1.097856e-01 1.925900e-13 1 
    0.413814 1.030078e-01 1.804600e-13 1 
    0.414089 1.010814e-01 1.768500e-13 1 
    0.414364 1.029384e-01 1.798600e-13 1 
    0.414639 1.031152e-01 1.799300e-13 1 
    0.414914 1.101382e-01 1.919300e-13 1 
    0.415189 1.065722e-01 1.854700e-13 1 
    0.415464 1.107410e-01 1.924700e-13 1 
    0.415739 1.122877e-01 1.949000e-13 1 
    0.416014 1.113575e-01 1.930300e-13 1 
    0.416289 1.124868e-01 1.947300e-13 1 
    0.416564 1.124851e-01 1.944700e-13 1 
    0.416839 1.110351e-01 1.917100e-13 1 
    0.417114 1.084849e-01 1.870600e-13 1 
    0.417389 1.162643e-01 2.002100e-13 1 
    0.417664 1.077827e-01 1.853600e-13 1 
    0.417939 1.097063e-01 1.884200e-13 1 
    0.418214 1.006741e-01 1.726800e-13 1 
    0.418489 1.052433e-01 1.802800e-13 1 
    0.418764 1.069424e-01 1.829500e-13 1 
    0.419039 1.096992e-01 1.874200e-13 1 
    0.419314 1.076748e-01 1.837200e-13 1 
    0.419589 1.033208e-01 1.760600e-13 1 
    0.419864 1.104372e-01 1.879400e-13 1 
    0.420139 1.132238e-01 1.924300e-13 1 
    0.420414 1.059250e-01 1.797900e-13 1 
    0.420689 1.060401e-01 1.797500e-13 1 
    0.420964 1.130073e-01 1.913100e-13 1 
    0.421239 1.122323e-01 1.897500e-13 1 
    0.421514 1.129533e-01 1.907200e-13 1 
    0.421789 1.189301e-01 2.005500e-13 1 
    0.422064 1.182124e-01 1.990800e-13 1 
    0.422339 1.204118e-01 2.025200e-13 1 
    0.422614 1.183599e-01 1.988100e-13 1 
    0.422889 1.202607e-01 2.017400e-13 1 
    0.423164 1.101804e-01 1.845900e-13 1 
    0.423439 1.056917e-01 1.768400e-13 1 
    0.423714 1.092222e-01 1.825100e-13 1 
    0.423989 1.123841e-01 1.875500e-13 1 
    0.424264 1.143480e-01 1.905800e-13 1 
    0.424539 1.182631e-01 1.968500e-13 1 
    0.424814 1.192405e-01 1.982200e-13 1 
    0.425089 1.156002e-01 1.919200e-13 1 
    0.425364 1.155508e-01 1.915900e-13 1 
    0.425639 1.162438e-01 1.924900e-13 1 
    0.425914 1.157773e-01 1.914700e-13 1 
    0.426189 1.173194e-01 1.937700e-13 1 
    0.426464 1.202898e-01 1.984200e-13 1 
    0.426739 1.163052e-01 1.916000e-13 1 
    0.427014 1.229586e-01 2.023000e-13 1 
    0.427289 1.236891e-01 2.032400e-13 1 
    0.427564 1.154451e-01 1.894500e-13 1 
    0.427839 1.167835e-01 1.914000e-13 1 
    0.428114 1.164449e-01 1.906000e-13 1 
    0.428389 1.129365e-01 1.846200e-13 1 
    0.428664 1.196660e-01 1.953700e-13 1 
    0.428939 1.205739e-01 1.966000e-13 1 
    0.429214 1.145202e-01 1.864900e-13 1 
    0.429489 1.113406e-01 1.810800e-13 1 
    0.429764 1.065764e-01 1.731100e-13 1 
    0.430039 1.083156e-01 1.757100e-13 1 
    0.430314 1.076332e-01 1.743800e-13 1 
    0.430589 1.047178e-01 1.694400e-13 1 
    0.430864 1.028714e-01 1.662400e-13 1 
    0.431139 9.694306e-02 1.564600e-13 1 
    0.431414 9.494502e-02 1.530400e-13 1 
    0.431689 9.948894e-02 1.601600e-13 1 
    0.431964 1.109979e-01 1.784600e-13 1 
    0.432239 1.234140e-01 1.981700e-13 1 
    0.432514 1.293765e-01 2.074800e-13 1 
    0.432789 1.267190e-01 2.029600e-13 1 
    0.433064 1.208786e-01 1.933600e-13 1 
    0.433339 1.229789e-01 1.964700e-13 1 
    0.433614 1.275285e-01 2.034800e-13 1 
    0.433889 1.240506e-01 1.976800e-13 1 
    0.434164 1.211165e-01 1.927600e-13 1 
    0.434439 1.151297e-01 1.830000e-13 1 
    0.434714 1.085480e-01 1.723200e-13 1 
    0.434989 1.094611e-01 1.735500e-13 1 
    0.435264 1.122519e-01 1.777500e-13 1 
    0.435539 1.174903e-01 1.858100e-13 1 
    0.435814 1.227479e-01 1.938800e-13 1 
    0.436089 1.279108e-01 2.017800e-13 1 
    0.436364 1.291194e-01 2.034300e-13 1 
    0.436639 1.334258e-01 2.099500e-13 1 
    0.436914 1.402115e-01 2.203500e-13 1 
    0.437189 1.409934e-01 2.213000e-13 1 
    0.437464 1.418342e-01 2.223400e-13 1 
    0.437739 1.422681e-01 2.227400e-13 1 
    0.438014 1.384499e-01 2.164900e-13 1 
    0.438289 1.343464e-01 2.098100e-13 1 
    0.438564 1.319826e-01 2.058600e-13 1 
    0.438839 1.271283e-01 1.980400e-13 1 
    0.439114 1.242925e-01 1.933800e-13 1 
    0.439389 1.259734e-01 1.957500e-13 1 
    0.439664 1.231736e-01 1.911600e-13 1 
    0.439939 1.336179e-01 2.071100e-13 1 
    0.440214 1.365239e-01 2.113500e-13 1 
    0.440489 1.366687e-01 2.113100e-13 1 
    0.440764 1.387821e-01 2.143100e-13 1 
    0.441039 1.370880e-01 2.114300e-13 1 
    0.441314 1.349673e-01 2.079000e-13 1 
    0.441589 1.363121e-01 2.097100e-13 1 
    0.441864 1.380699e-01 2.121500e-13 1 
    0.442139 1.358504e-01 2.084800e-13 1 
    0.442414 1.354975e-01 2.076800e-13 1 
    0.442689 1.377368e-01 2.108500e-13 1 
    0.442964 1.435721e-01 2.195100e-13 1 
    0.443239 1.435277e-01 2.191700e-13 1 
    0.443514 1.434698e-01 2.188100e-13 1 
    0.443789 1.430701e-01 2.179300e-13 1 
    0.444064 1.422221e-01 2.163700e-13 1 
    0.444339 1.487623e-01 2.260400e-13 1 
    0.444614 1.509299e-01 2.290500e-13 1 
    0.444889 1.456407e-01 2.207500e-13 1 
    0.445164 1.426105e-01 2.158900e-13 1 
    0.445439 1.499958e-01 2.267900e-13 1 
    0.445714 1.491679e-01 2.252600e-13 1 
    0.445989 1.465342e-01 2.210100e-13 1 
    0.446264 1.510233e-01 2.275000e-13 1 
    0.446539 1.437653e-01 2.163000e-13 1 
    0.446814 1.432437e-01 2.152500e-13 1 
    0.447089 1.446194e-01 2.170500e-13 1 
    0.447364 1.440502e-01 2.159300e-13 1 
    0.447639 1.509668e-01 2.260200e-13 1 
    0.447914 1.569037e-01 2.346200e-13 1 
    0.448189 1.651514e-01 2.466500e-13 1 
    0.448464 1.627128e-01 2.427100e-13 1 
    0.448739 1.584219e-01 2.360200e-13 1 
    0.449014 1.630651e-01 2.426400e-13 1 
    0.449289 1.588105e-01 2.360200e-13 1 
    0.449564 1.584592e-01 2.352100e-13 1 
    0.449839 1.599482e-01 2.371300e-13 1 
    0.450114 1.603937e-01 2.375000e-13 1 
    0.450389 1.659450e-01 2.454200e-13 1 
    0.450664 1.669737e-01 2.466400e-13 1 
    0.450939 1.688450e-01 2.491000e-13 1 
    0.451214 1.668929e-01 2.459200e-13 1 
    0.451489 1.769419e-01 2.604100e-13 1 
    0.451764 1.747833e-01 2.569200e-13 1 
    0.452039 1.730141e-01 2.540100e-13 1 
    0.452314 1.714038e-01 2.513400e-13 1 
    0.452589 1.739884e-01 2.548200e-13 1 
    0.452864 1.698657e-01 2.484800e-13 1 
    0.453139 1.617971e-01 2.363900e-13 1 
    0.453414 1.539895e-01 2.247100e-13 1 
    0.453689 1.511094e-01 2.202400e-13 1 
    0.453964 1.536557e-01 2.236800e-13 1 
    0.454239 1.580305e-01 2.297700e-13 1 
    0.454514 1.635104e-01 2.374500e-13 1 
    0.454789 1.710578e-01 2.481100e-13 1 
    0.455064 1.696357e-01 2.457500e-13 1 
    0.455339 1.719901e-01 2.488600e-13 1 
    0.455614 1.706618e-01 2.466400e-13 1 
    0.455889 1.686302e-01 2.434100e-13 1 
    0.456164 1.648732e-01 2.377000e-13 1 
    0.456439 1.728291e-01 2.488700e-13 1 
    0.456714 1.735936e-01 2.496700e-13 1 
    0.456989 1.755361e-01 2.521600e-13 1 
    0.457264 1.776292e-01 2.548600e-13 1 
    0.457539 1.764892e-01 2.529200e-13 1 
    0.457814 1.787904e-01 2.559100e-13 1 
    0.458089 1.827685e-01 2.612900e-13 1 
    0.458364 1.747942e-01 2.495900e-13 1 
    0.458639 1.780961e-01 2.540000e-13 1 
    0.458914 1.790960e-01 2.551200e-13 1 
    0.459189 1.701175e-01 2.420400e-13 1 
    0.459464 1.731431e-01 2.460500e-13 1 
    0.459739 1.786767e-01 2.536100e-13 1 
    0.460014 1.818319e-01 2.577800e-13 1 
    0.460289 1.778544e-01 2.518400e-13 1 
    0.460564 1.783286e-01 2.522100e-13 1 
    0.460839 1.711157e-01 2.417200e-13 1 
    0.461114 1.790525e-01 2.526300e-13 1 
    0.461389 1.831831e-01 2.581500e-13 1 
    0.461664 1.913585e-01 2.693500e-13 1 
    0.461939 1.895807e-01 2.665300e-13 1 
    0.462214 1.880546e-01 2.640700e-13 1 
    0.462489 1.922855e-01 2.696900e-13 1 
    0.462764 1.870605e-01 2.620500e-13 1 
    0.463039 1.878189e-01 2.628000e-13 1 
    0.463314 1.880134e-01 2.627600e-13 1 
    0.463589 1.883226e-01 2.628800e-13 1 
    0.463864 1.905759e-01 2.657100e-13 1 
    0.464139 1.892437e-01 2.635400e-13 1 
    0.464414 1.863838e-01 2.592500e-13 1 
    0.464689 1.809975e-01 2.514600e-13 1 
    0.464964 1.806713e-01 2.507100e-13 1 
    0.465239 1.849543e-01 2.563500e-13 1 
    0.465514 1.807811e-01 2.502700e-13 1 
    0.465789 1.763446e-01 2.438400e-13 1 
    0.466064 1.808538e-01 2.497800e-13 1 
    0.466339 1.860039e-01 2.565900e-13 1 
    0.466614 1.863685e-01 2.567900e-13 1 
    0.466889 1.840450e-01 2.532900e-13 1 
    0.467164 1.830761e-01 2.516600e-13 1 
    0.467439 1.859210e-01 2.552700e-13 1 
    0.467714 1.784469e-01 2.447200e-13 1 
    0.467989 1.785984e-01 2.446400e-13 1 
    0.468264 1.911021e-01 2.614600e-13 1 
    0.468539 1.838407e-01 2.512300e-13 1 
    0.468814 1.875366e-01 2.559800e-13 1 
    0.469089 1.923702e-01 2.622700e-13 1 
    0.469364 1.883734e-01 2.565200e-13 1 
    0.469639 1.877266e-01 2.553400e-13 1 
    0.469914 1.878582e-01 2.552200e-13 1 
    0.470189 1.933104e-01 2.623200e-13 1 
    0.470464 1.890803e-01 2.562800e-13 1 
    0.470739 1.829490e-01 2.476800e-13 1 
    0.471014 1.784965e-01 2.413700e-13 1 
    0.471289 1.728708e-01 2.334900e-13 1 
    0.471564 1.759560e-01 2.373800e-13 1 
    0.471839 1.854970e-01 2.499600e-13 1 
    0.472114 1.843983e-01 2.481900e-13 1 
    0.472389 1.923267e-01 2.585600e-13 1 
    0.472664 2.021723e-01 2.714800e-13 1 
    0.472939 1.975241e-01 2.649300e-13 1 
    0.473214 2.015831e-01 2.700600e-13 1 
    0.473489 2.002482e-01 2.679600e-13 1 
    0.473764 1.925277e-01 2.573300e-13 1 
    0.474039 1.846991e-01 2.465800e-13 1 
    0.474314 1.914977e-01 2.553600e-13 1 
    0.474589 1.888218e-01 2.515000e-13 1 
    0.474864 1.985040e-01 2.640900e-13 1 
    0.475139 1.957540e-01 2.601300e-13 1 
    0.475414 2.042529e-01 2.711100e-13 1 
    0.475689 2.030863e-01 2.692500e-13 1 
    0.475964 2.004668e-01 2.654700e-13 1 
    0.476239 1.974854e-01 2.612200e-13 1 
    0.476514 1.927711e-01 2.546900e-13 1 
    0.476789 1.970553e-01 2.600500e-13 1 
    0.477064 1.977075e-01 2.606100e-13 1 
    0.477339 1.913354e-01 2.519200e-13 1 
    0.477614 1.921794e-01 2.527400e-13 1 
    0.477889 1.977448e-01 2.597600e-13 1 
    0.478164 2.050985e-01 2.691100e-13 1 
    0.478439 2.042815e-01 2.677300e-13 1 
    0.478714 2.036303e-01 2.665700e-13 1 
    0.478989 2.104336e-01 2.751600e-13 1 
    0.479264 2.025824e-01 2.645900e-13 1 
    0.479539 2.051759e-01 2.676700e-13 1 
    0.479814 2.068233e-01 2.695100e-13 1 
    0.480089 2.031038e-01 2.643600e-13 1 
    0.480364 2.076285e-01 2.699400e-13 1 
    0.480639 2.060182e-01 2.675400e-13 1 
    0.480914 2.083663e-01 2.702800e-13 1 
    0.481189 2.106037e-01 2.728700e-13 1 
    0.481464 2.130157e-01 2.756800e-13 1 
    0.481739 2.096079e-01 2.709600e-13 1 
    0.482014 2.152530e-01 2.779400e-13 1 
    0.482289 2.139402e-01 2.759300e-13 1 
    0.482564 2.154262e-01 2.775300e-13 1 
    0.482839 2.131773e-01 2.743200e-13 1 
    0.483114 2.145950e-01 2.758300e-13 1 
    0.483389 2.109293e-01 2.708100e-13 1 
    0.483664 2.113877e-01 2.710900e-13 1 
    0.483939 2.071706e-01 2.653800e-13 1 
    0.484214 2.059759e-01 2.635500e-13 1 
    0.484489 2.084399e-01 2.664000e-13 1 
    0.484764 2.050498e-01 2.617700e-13 1 
    0.485039 2.103328e-01 2.682100e-13 1 
    0.485314 2.133428e-01 2.717400e-13 1 
    0.485589 2.109280e-01 2.683600e-13 1 
    0.485864 2.010949e-01 2.555600e-13 1 
    0.486139 1.999598e-01 2.538300e-13 1 
    0.486414 2.028517e-01 2.572100e-13 1 
    0.486689 1.961805e-01 2.484700e-13 1 
    0.486964 1.835338e-01 2.321900e-13 1 
    0.487239 1.796974e-01 2.270800e-13 1 
    0.487514 1.828395e-01 2.307900e-13 1 
    0.487789 1.835137e-01 2.313800e-13 1 
    0.488064 1.920976e-01 2.419300e-13 1 
    0.488339 1.999374e-01 2.515200e-13 1 
    0.488614 2.028048e-01 2.548400e-13 1 
    0.488889 2.120439e-01 2.661500e-13 1 
    0.489164 2.165657e-01 2.715200e-13 1 
    0.489439 2.115151e-01 2.648900e-13 1 
    0.489714 2.024559e-01 2.532600e-13 1 
    0.489989 2.072130e-01 2.589200e-13 1 
    0.490264 2.177010e-01 2.717200e-13 1 
    0.490539 2.204478e-01 2.748400e-13 1 
    0.490814 2.271029e-01 2.828200e-13 1 
    0.491089 2.352598e-01 2.926500e-13 1 
    0.491364 2.331733e-01 2.897300e-13 1 
    0.491639 2.274723e-01 2.823300e-13 1 
    0.491914 2.268879e-01 2.812900e-13 1 
    0.492189 2.209966e-01 2.736800e-13 1 
    0.492464 2.145339e-01 2.653800e-13 1 
    0.492739 2.199774e-01 2.718100e-13 1 
    0.493014 2.121938e-01 2.619000e-13 1 
    0.493289 2.099567e-01 2.588500e-13 1 
    0.493564 2.274219e-01 2.800700e-13 1 
    0.493839 2.292850e-01 2.820500e-13 1 
    0.494114 2.293695e-01 2.818400e-13 1 
    0.494389 2.213309e-01 2.716600e-13 1 
    0.494664 2.196604e-01 2.693100e-13 1 
    0.494939 2.317284e-01 2.837900e-13 1 
    0.495214 2.336536e-01 2.858300e-13 1 
    0.495489 2.320064e-01 2.835000e-13 1 
    0.495764 2.396784e-01 2.925500e-13 1 
    0.496039 2.443651e-01 2.979400e-13 1 
    0.496314 2.410234e-01 2.935400e-13 1 
    0.496589 2.390958e-01 2.908700e-13 1 
    0.496864 2.423890e-01 2.945500e-13 1 
    0.497139 2.429786e-01 2.949400e-13 1 
    0.497414 2.279075e-01 2.763400e-13 1 
    0.497689 2.280687e-01 2.762300e-13 1 
    0.497964 2.388595e-01 2.889800e-13 1 
    0.498239 2.337448e-01 2.824800e-13 1 
    0.498514 2.326360e-01 2.808300e-13 1 
    0.498789 2.315327e-01 2.791900e-13 1 
    0.499064 2.137309e-01 2.574400e-13 1 
    0.499339 2.186042e-01 2.630200e-13 1 
    0.499614 2.216491e-01 2.663900e-13 1 
    0.499889 2.246003e-01 2.696400e-13 1 
    0.500164 2.267237e-01 2.718900e-13 1 
    0.500439 2.352292e-01 2.817800e-13 1 
    0.500714 2.336910e-01 2.796300e-13 1 
    0.500989 2.377461e-01 2.841700e-13 1 
    0.501264 2.450510e-01 2.925800e-13 1 
    0.501539 2.362980e-01 2.818200e-13 1 
    0.501814 2.386976e-01 2.843700e-13 1 
    0.502089 2.351107e-01 2.797900e-13 1 
    0.502364 2.287646e-01 2.719400e-13 1 
    0.502639 2.102099e-01 2.496100e-13 1 
    0.502914 2.202196e-01 2.612100e-13 1 
    0.503189 2.234230e-01 2.647200e-13 1 
    0.503464 2.229491e-01 2.638700e-13 1 
    0.503739 2.431884e-01 2.875100e-13 1 
    0.504014 2.343682e-01 2.767800e-13 1 
    0.504289 2.305721e-01 2.720000e-13 1 
    0.504564 2.332846e-01 2.749000e-13 1 
    0.504839 2.314491e-01 2.724400e-13 1 
    0.505114 2.241321e-01 2.635400e-13 1 
    0.505389 2.298166e-01 2.699300e-13 1 
    0.505664 2.363569e-01 2.773100e-13 1 
    0.505939 2.285082e-01 2.678100e-13 1 
    0.506214 2.338903e-01 2.738200e-13 1 
    0.506489 2.434309e-01 2.846800e-13 1 
    0.506764 2.455444e-01 2.868400e-13 1 
    0.507039 2.464451e-01 2.875800e-13 1 
    0.507314 2.443275e-01 2.848000e-13 1 
    0.507589 2.511281e-01 2.924100e-13 1 
    0.507864 2.327351e-01 2.707000e-13 1 
    0.508139 2.403633e-01 2.792700e-13 1 
    0.508414 2.348852e-01 2.726100e-13 1 
    0.508689 2.338800e-01 2.711500e-13 1 
    0.508964 2.340293e-01 2.710300e-13 1 
    0.509239 2.320521e-01 2.684500e-13 1 
    0.509514 2.377718e-01 2.747700e-13 1 
    0.509789 2.484759e-01 2.868300e-13 1 
    0.510064 2.442519e-01 2.816500e-13 1 
    0.510339 2.456786e-01 2.829900e-13 1 
    0.510614 2.487246e-01 2.861900e-13 1 
    0.510889 2.390569e-01 2.747700e-13 1 
    0.511164 2.443136e-01 2.805100e-13 1 
    0.511439 2.404263e-01 2.757500e-13 1 
    0.511714 2.421775e-01 2.774600e-13 1 
    0.511989 2.371428e-01 2.714000e-13 1 
    0.512264 2.489176e-01 2.845700e-13 1 
    0.512539 2.515054e-01 2.872200e-13 1 
    0.512814 2.562723e-01 2.923500e-13 1 
    0.513089 2.497112e-01 2.845600e-13 1 
    0.513364 2.331386e-01 2.653900e-13 1 
    0.513639 2.368709e-01 2.693500e-13 1 
    0.513914 2.433400e-01 2.764100e-13 1 
    0.514189 2.432656e-01 2.760300e-13 1 
    0.514464 2.454315e-01 2.781900e-13 1 
    0.514739 2.353518e-01 2.664800e-13 1 
    0.515014 2.413237e-01 2.729500e-13 1 
    0.515289 2.348549e-01 2.653500e-13 1 
    0.515564 2.365410e-01 2.669700e-13 1 
    0.515839 2.410065e-01 2.717200e-13 1 
    0.516114 2.438562e-01 2.746400e-13 1 
    0.516389 2.468894e-01 2.777600e-13 1 
    0.516664 2.451504e-01 2.755100e-13 1 
    0.516939 2.512458e-01 2.820600e-13 1 
    0.517214 2.490967e-01 2.793500e-13 1 
    0.517489 2.416313e-01 2.706900e-13 1 
    0.517764 2.202274e-01 2.464500e-13 1 
    0.518039 2.069358e-01 2.313300e-13 1 
    0.518314 2.194418e-01 2.450500e-13 1 
    0.518589 2.327808e-01 2.596700e-13 1 
    0.518864 2.362853e-01 2.633000e-13 1 
    0.519139 2.316488e-01 2.578600e-13 1 
    0.519414 2.251495e-01 2.503600e-13 1 
    0.519689 2.349757e-01 2.610100e-13 1 
    0.519964 2.408750e-01 2.672800e-13 1 
    0.520239 2.449821e-01 2.715500e-13 1 
    0.520514 2.413488e-01 2.672400e-13 1 
    0.520789 2.527420e-01 2.795600e-13 1 
    0.521064 2.552806e-01 2.820700e-13 1 
    0.521339 2.570269e-01 2.837000e-13 1 
    0.521614 2.470588e-01 2.724100e-13 1 
    0.521889 2.526941e-01 2.783300e-13 1 
    0.522164 2.551872e-01 2.807800e-13 1 
    0.522439 2.579125e-01 2.834800e-13 1 
    0.522714 2.672462e-01 2.934300e-13 1 
    0.522989 2.640082e-01 2.895700e-13 1 
    0.523264 2.677267e-01 2.933400e-13 1 
    0.523539 2.609732e-01 2.856400e-13 1 
    0.523814 2.641101e-01 2.887700e-13 1 
    0.524089 2.597914e-01 2.837500e-13 1 
    0.524364 2.672771e-01 2.916200e-13 1 
    0.524639 2.672364e-01 2.912700e-13 1 
    0.524914 2.783819e-01 3.031000e-13 1 
    0.525189 2.845763e-01 3.095200e-13 1 
    0.525464 2.798399e-01 3.040500e-13 1 
    0.525739 2.757289e-01 2.992700e-13 1 
    0.526014 2.717195e-01 2.946100e-13 1 
    0.526289 2.652269e-01 2.872700e-13 1 
    0.526564 2.746911e-01 2.972100e-13 1 
    0.526839 2.748115e-01 2.970300e-13 1 
    0.527114 2.687728e-01 2.902000e-13 1 
    0.527389 2.587807e-01 2.791200e-13 1 
    0.527664 2.459088e-01 2.649600e-13 1 
    0.527939 2.569051e-01 2.765200e-13 1 
    0.528214 2.557778e-01 2.750200e-13 1 
    0.528489 2.664807e-01 2.862300e-13 1 
    0.528764 2.745774e-01 2.946200e-13 1 
    0.529039 2.828490e-01 3.031800e-13 1 
    0.529314 2.823960e-01 3.023800e-13 1 
    0.529589 2.876911e-01 3.077300e-13 1 
    0.529864 2.940356e-01 3.141900e-13 1 
    0.530139 2.943034e-01 3.141500e-13 1 
    0.530414 2.961750e-01 3.158200e-13 1 
    0.530689 2.913471e-01 3.103500e-13 1 
    0.530964 2.861140e-01 3.044600e-13 1 
    0.531239 2.870690e-01 3.051600e-13 1 
    0.531514 2.978002e-01 3.162400e-13 1 
    0.531789 2.983818e-01 3.165300e-13 1 
    0.532064 2.980111e-01 3.158100e-13 1 
    0.532339 3.011247e-01 3.187800e-13 1 
    0.532614 3.067407e-01 3.243900e-13 1 
    0.532889 3.058175e-01 3.230800e-13 1 
    0.533164 2.896459e-01 3.056800e-13 1 
    0.533439 2.919272e-01 3.077700e-13 1 
    0.533714 2.805304e-01 2.954500e-13 1 
    0.533989 2.780156e-01 2.925000e-13 1 
    0.534264 2.803763e-01 2.946800e-13 1 
    0.534539 2.890465e-01 3.034800e-13 1 
    0.534814 2.942731e-01 3.086500e-13 1 
    0.535089 2.906628e-01 3.045500e-13 1 
    0.535364 2.916591e-01 3.052800e-13 1 
    0.535639 3.005852e-01 3.143000e-13 1 
    0.535914 3.049147e-01 3.185000e-13 1 
    0.536189 3.106039e-01 3.241100e-13 1 
    0.536464 3.168032e-01 3.302400e-13 1 
    0.536739 3.203739e-01 3.336200e-13 1 
    0.537014 3.196737e-01 3.325500e-13 1 
    0.537289 3.172780e-01 3.297200e-13 1 
    0.537564 3.112069e-01 3.230800e-13 1 
    0.537839 3.054410e-01 3.167700e-13 1 
    0.538114 3.009274e-01 3.117700e-13 1 
    0.538389 3.002205e-01 3.107200e-13 1 
    0.538664 3.116307e-01 3.222000e-13 1 
    0.538939 3.143597e-01 3.246900e-13 1 
    0.539214 3.109590e-01 3.208500e-13 1 
    0.539489 3.109949e-01 3.205600e-13 1 
    0.539764 3.063009e-01 3.154000e-13 1 
    0.540039 3.044550e-01 3.131800e-13 1 
    0.540314 3.045315e-01 3.129400e-13 1 
    0.540589 3.025621e-01 3.106000e-13 1 
    0.540864 2.955080e-01 3.030500e-13 1 
    0.541139 2.941492e-01 3.013500e-13 1 
    0.541414 2.955035e-01 3.024300e-13 1 
    0.541689 2.954321e-01 3.020500e-13 1 
    0.541964 2.944985e-01 3.007900e-13 1 
    0.542239 2.991686e-01 3.052500e-13 1 
    0.542514 3.069184e-01 3.128400e-13 1 
    0.542789 3.169521e-01 3.227400e-13 1 
    0.543064 3.124858e-01 3.178700e-13 1 
    0.543339 3.085316e-01 3.135300e-13 1 
    0.543614 3.132964e-01 3.180500e-13 1 
    0.543889 3.166801e-01 3.211600e-13 1 
    0.544164 3.068733e-01 3.109000e-13 1 
    0.544439 3.034586e-01 3.071300e-13 1 
    0.544714 3.095511e-01 3.129800e-13 1 
    0.544989 3.138141e-01 3.169700e-13 1 
    0.545264 3.206519e-01 3.235500e-13 1 
    0.545539 3.180390e-01 3.205900e-13 1 
    0.545814 3.180419e-01 3.202700e-13 1 
    0.546089 3.157780e-01 3.176700e-13 1 
    0.546364 3.116781e-01 3.132300e-13 1 
    0.546639 3.100596e-01 3.112900e-13 1 
    0.546914 3.105112e-01 3.114300e-13 1 
    0.547189 3.201354e-01 3.207600e-13 1 
    0.547464 3.186290e-01 3.189300e-13 1 
    0.547739 3.184891e-01 3.184700e-13 1 
    0.548014 3.193296e-01 3.189900e-13 1 
    0.548289 3.195599e-01 3.189000e-13 1 
    0.548564 3.178544e-01 3.168800e-13 1 
    0.548839 3.133837e-01 3.121100e-13 1 
    0.549114 3.083809e-01 3.068200e-13 1 
    0.549389 3.133782e-01 3.114800e-13 1 
    0.549664 3.257471e-01 3.234500e-13 1 
    0.549939 3.256900e-01 3.230700e-13 1 
    0.550214 3.257636e-01 3.228200e-13 1 
    0.550489 3.210285e-01 3.178100e-13 1 
    0.550764 3.182552e-01 3.147500e-13 1 
    0.551039 3.262756e-01 3.223600e-13 1 
    0.551314 3.233795e-01 3.191800e-13 1 
    0.551589 3.167754e-01 3.123500e-13 1 
    0.551864 3.155991e-01 3.108800e-13 1 
    0.552139 3.164624e-01 3.114200e-13 1 
    0.552414 3.208262e-01 3.154000e-13 1 
    0.552689 3.205857e-01 3.148500e-13 1 
    0.552964 3.319125e-01 3.256500e-13 1 
    0.553239 3.376194e-01 3.309200e-13 1 
    0.553514 3.284574e-01 3.216200e-13 1 
    0.553789 3.241529e-01 3.170900e-13 1 
    0.554064 3.227046e-01 3.153600e-13 1 
    0.554339 3.235885e-01 3.159100e-13 1 
    0.554614 3.300205e-01 3.218700e-13 1 
    0.554889 3.212135e-01 3.129700e-13 1 
    0.555164 3.383394e-01 3.293300e-13 1 
    0.555439 3.342938e-01 3.250700e-13 1 
    0.555714 3.399572e-01 3.302500e-13 1 
    0.555989 3.263626e-01 3.167300e-13 1 
    0.556264 3.321315e-01 3.220100e-13 1 
    0.556539 3.401827e-01 3.294900e-13 1 
    0.556814 3.361164e-01 3.252300e-13 1 
    0.557089 3.278311e-01 3.169000e-13 1 
    0.557364 3.348339e-01 3.233500e-13 1 
    0.557639 3.480693e-01 3.358000e-13 1 
    0.557914 3.217889e-01 3.101400e-13 1 
    0.558189 3.307472e-01 3.184600e-13 1 
    0.558464 3.370509e-01 3.242100e-13 1 
    0.558739 3.357283e-01 3.226200e-13 1 
    0.559014 3.286111e-01 3.154700e-13 1 
    0.559289 3.322502e-01 3.186500e-13 1 
    0.559564 3.256885e-01 3.120500e-13 1 
    0.559839 3.403634e-01 3.257900e-13 1 
    0.560114 3.177643e-01 3.038600e-13 1 
    0.560389 3.297900e-01 3.150500e-13 1 
    0.560664 3.363168e-01 3.209700e-13 1 
    0.560939 3.504076e-01 3.340900e-13 1 
    0.561214 3.479901e-01 3.314600e-13 1 
    0.561489 3.423306e-01 3.257500e-13 1 
    0.561764 3.465160e-01 3.294100e-13 1 
    0.562039 3.527415e-01 3.350000e-13 1 
    0.562314 3.527916e-01 3.347200e-13 1 
    0.562589 3.522189e-01 3.338500e-13 1 
    0.562864 3.496169e-01 3.310600e-13 1 
    0.563139 3.420199e-01 3.235500e-13 1 
    0.563414 3.483112e-01 3.291800e-13 1 
    0.563689 3.480476e-01 3.286100e-13 1 
    0.563964 3.522040e-01 3.322100e-13 1 
    0.564239 3.533328e-01 3.329500e-13 1 
    0.564514 3.512554e-01 3.306700e-13 1 
    0.564789 3.513531e-01 3.304400e-13 1 
    0.565064 3.521424e-01 3.308600e-13 1 
    0.565339 3.542857e-01 3.325500e-13 1 
    0.565614 3.468884e-01 3.252900e-13 1 
    0.565889 3.540360e-01 3.316700e-13 1 
    0.566164 3.505764e-01 3.281100e-13 1 
    0.566439 3.515374e-01 3.286900e-13 1 
    0.566714 3.550155e-01 3.316200e-13 1 
    0.566989 3.483520e-01 3.250800e-13 1 
    0.567264 3.403449e-01 3.173000e-13 1 
    0.567539 3.437994e-01 3.202100e-13 1 
    0.567814 3.558899e-01 3.311500e-13 1 
    0.568089 3.557829e-01 3.307300e-13 1 
    0.568364 3.592071e-01 3.335900e-13 1 
    0.568639 3.626158e-01 3.364300e-13 1 
    0.568914 3.616396e-01 3.352000e-13 1 
    0.569189 3.544299e-01 3.282000e-13 1 
    0.569464 3.579181e-01 3.311100e-13 1 
    0.569739 3.511659e-01 3.245500e-13 1 
    0.570014 3.548949e-01 3.276800e-13 1 
    0.570289 3.671516e-01 3.386700e-13 1 
    0.570564 3.739516e-01 3.446100e-13 1 
    0.570839 3.679905e-01 3.387900e-13 1 
    0.571114 3.576467e-01 3.289500e-13 1 
    0.571389 3.513418e-01 3.228400e-13 1 
    0.571664 3.503838e-01 3.216500e-13 1 
    0.571939 3.507755e-01 3.217000e-13 1 
    0.572214 3.533831e-01 3.237800e-13 1 
    0.572489 3.594256e-01 3.290000e-13 1 
    0.572764 3.743258e-01 3.423100e-13 1 
    0.573039 3.680960e-01 3.362900e-13 1 
    0.573314 3.716595e-01 3.392200e-13 1 
    0.573589 3.825114e-01 3.487900e-13 1 
    0.573864 3.731633e-01 3.399400e-13 1 
    0.574139 3.803555e-01 3.461600e-13 1 
    0.574414 3.858123e-01 3.507900e-13 1 
    0.574689 3.792351e-01 3.444800e-13 1 
    0.574964 3.804577e-01 3.452600e-13 1 
    0.575239 3.807776e-01 3.452200e-13 1 
    0.575514 3.788011e-01 3.431000e-13 1 
    0.575789 3.837163e-01 3.472200e-13 1 
    0.576064 3.819591e-01 3.453000e-13 1 
    0.576339 3.816484e-01 3.446900e-13 1 
    0.576614 3.862685e-01 3.485300e-13 1 
    0.576889 3.715833e-01 3.349600e-13 1 
    0.577164 3.793773e-01 3.416600e-13 1 
    0.577439 3.682576e-01 3.313300e-13 1 
    0.577714 3.814691e-01 3.428900e-13 1 
    0.577989 3.832689e-01 3.441800e-13 1 
    0.578264 3.830986e-01 3.437000e-13 1 
    0.578539 3.842887e-01 3.444400e-13 1 
    0.578814 3.703932e-01 3.316700e-13 1 
    0.579089 3.664640e-01 3.278400e-13 1 
    0.579364 3.653800e-01 3.265600e-13 1 
    0.579639 3.700163e-01 3.303900e-13 1 
    0.579914 3.683609e-01 3.286000e-13 1 
    0.580189 3.791904e-01 3.379400e-13 1 
    0.580464 3.856373e-01 3.433600e-13 1 
    0.580739 3.898363e-01 3.467700e-13 1 
    0.581014 3.964170e-01 3.522900e-13 1 
    0.581289 3.926024e-01 3.485700e-13 1 
    0.581564 3.957699e-01 3.510500e-13 1 
    0.581839 3.903892e-01 3.459500e-13 1 
    0.582114 3.997719e-01 3.539300e-13 1 
    0.582389 3.926313e-01 3.472800e-13 1 
    0.582664 4.065255e-01 3.592300e-13 1 
    0.582939 3.963636e-01 3.499200e-13 1 
    0.583214 3.942886e-01 3.477600e-13 1 
    0.583489 4.004597e-01 3.528700e-13 1 
    0.583764 4.103224e-01 3.612200e-13 1 
    0.584039 4.104930e-01 3.610300e-13 1 
    0.584314 4.084783e-01 3.589200e-13 1 
    0.584589 4.016407e-01 3.525800e-13 1 
    0.584864 4.021669e-01 3.527100e-13 1 
    0.585139 4.038691e-01 3.538700e-13 1 
    0.585414 4.021011e-01 3.519900e-13 1 
    0.585689 3.968304e-01 3.470500e-13 1 
    0.585964 4.008198e-01 3.502100e-13 1 
    0.586239 3.828209e-01 3.341700e-13 1 
    0.586514 3.938900e-01 3.435100e-13 1 
    0.586789 3.975419e-01 3.463700e-13 1 
    0.587064 3.844506e-01 3.346500e-13 1 
    0.587339 3.925726e-01 3.414000e-13 1 
    0.587614 3.854475e-01 3.348900e-13 1 
    0.587889 3.913727e-01 3.397200e-13 1 
    0.588164 3.985424e-01 3.456200e-13 1 
    0.588439 3.992268e-01 3.458900e-13 1 
    0.588714 4.088076e-01 3.538600e-13 1 
    0.588989 3.798990e-01 3.285300e-13 1 
    0.589264 3.344539e-01 2.889600e-13 1 
    0.589539 2.923296e-01 2.523300e-13 1 
    0.589814 2.742226e-01 2.364800e-13 1 
    0.590089 2.500693e-01 2.154500e-13 1 
    0.590364 2.825414e-01 2.432000e-13 1 
    0.590639 3.122131e-01 2.684900e-13 1 
    0.590914 3.428360e-01 2.945500e-13 1 
    0.591189 3.817404e-01 3.276700e-13 1 
    0.591464 3.835299e-01 3.289000e-13 1 
    0.591739 3.759148e-01 3.220700e-13 1 
    0.592014 3.955056e-01 3.385400e-13 1 
    0.592289 4.021292e-01 3.438900e-13 1 
    0.592564 3.962643e-01 3.385600e-13 1 
    0.592839 4.084646e-01 3.486600e-13 1 
    0.593114 3.991227e-01 3.403700e-13 1 
    0.593389 4.043989e-01 3.445500e-13 1 
    0.593664 3.958924e-01 3.369900e-13 1 
    0.593939 4.003513e-01 3.404700e-13 1 
    0.594214 3.963674e-01 3.367700e-13 1 
    0.594489 4.081144e-01 3.464300e-13 1 
    0.594764 4.028439e-01 3.416400e-13 1 
    0.595039 4.040663e-01 3.423600e-13 1 
    0.595314 4.060229e-01 3.437000e-13 1 
    0.595589 4.088930e-01 3.458100e-13 1 
    0.595864 4.070693e-01 3.439500e-13 1 
    0.596139 4.008232e-01 3.383600e-13 1 
    0.596414 3.964266e-01 3.343400e-13 1 
    0.596689 4.015157e-01 3.383200e-13 1 
    0.596964 4.089063e-01 3.442300e-13 1 
    0.597239 4.020541e-01 3.381500e-13 1 
    0.597514 4.101599e-01 3.446500e-13 1 
    0.597789 4.132653e-01 3.469400e-13 1 
    0.598064 4.129542e-01 3.463600e-13 1 
    0.598339 4.192292e-01 3.513000e-13 1 
    0.598614 4.133557e-01 3.460600e-13 1 
    0.598889 4.125519e-01 3.450700e-13 1 
    0.599164 4.176697e-01 3.490300e-13 1 
    0.599439 4.167117e-01 3.479100e-13 1 
    0.599714 4.206907e-01 3.509100e-13 1 
    0.599989 4.097850e-01 3.415000e-13 1 
    0.600264 4.117101e-01 3.427900e-13 1 
    0.600539 4.206107e-01 3.498800e-13 1 
    0.600814 4.184210e-01 3.477400e-13 1 
    0.601089 4.122524e-01 3.423000e-13 1 
    0.601364 4.076029e-01 3.381300e-13 1 
    0.601639 4.134657e-01 3.426800e-13 1 
    0.601914 4.167422e-01 3.450800e-13 1 
    0.602189 4.124330e-01 3.412000e-13 1 
    0.602464 4.123743e-01 3.408400e-13 1 
    0.602739 4.140950e-01 3.419500e-13 1 
    0.603014 4.154184e-01 3.427300e-13 1 
    0.603289 4.180660e-01 3.446000e-13 1 
    0.603564 4.222358e-01 3.477200e-13 1 
    0.603839 4.285519e-01 3.526000e-13 1 
    0.604114 4.328595e-01 3.558200e-13 1 
    0.604389 4.346296e-01 3.569500e-13 1 
    0.604664 4.354883e-01 3.573300e-13 1 
    0.604939 4.306636e-01 3.530500e-13 1 
    0.605214 4.297732e-01 3.520000e-13 1 
    0.605489 4.309216e-01 3.526200e-13 1 
    0.605764 4.348358e-01 3.555000e-13 1 
    0.606039 4.363448e-01 3.564100e-13 1 
    0.606314 4.319251e-01 3.524800e-13 1 
    0.606589 4.335926e-01 3.535200e-13 1 
    0.606864 4.298978e-01 3.501900e-13 1 
    0.607139 4.227063e-01 3.440200e-13 1 
    0.607414 4.288819e-01 3.487300e-13 1 
    0.607689 4.310921e-01 3.502100e-13 1 
    0.607964 4.355482e-01 3.535100e-13 1 
    0.608239 4.445992e-01 3.605300e-13 1 
    0.608514 4.413355e-01 3.575600e-13 1 
    0.608789 4.347791e-01 3.519300e-13 1 
    0.609064 4.378923e-01 3.541300e-13 1 
    0.609339 4.338447e-01 3.505400e-13 1 
    0.609614 4.297892e-01 3.469500e-13 1 
    0.609889 4.298299e-01 3.466700e-13 1 
    0.610164 4.322529e-01 3.483100e-13 1 
    0.610439 4.335245e-01 3.490200e-13 1 
    0.610714 4.344746e-01 3.494700e-13 1 
    0.610989 4.304610e-01 3.459300e-13 1 
    0.611264 4.310603e-01 3.461000e-13 1 
    0.611539 4.255393e-01 3.413600e-13 1 
    0.611814 4.291288e-01 3.439300e-13 1 
    0.612089 4.394679e-01 3.519000e-13 1 
    0.612364 4.413629e-01 3.531000e-13 1 
    0.612639 4.402456e-01 3.518900e-13 1 
    0.612914 4.266161e-01 3.406900e-13 1 
    0.613189 4.202059e-01 3.352700e-13 1 
    0.613464 4.247603e-01 3.386000e-13 1 
    0.613739 4.402835e-01 3.506600e-13 1 
    0.614014 4.428020e-01 3.523500e-13 1 
    0.614289 4.228721e-01 3.361900e-13 1 
    0.614564 4.325042e-01 3.435400e-13 1 
    0.614839 4.252804e-01 3.375000e-13 1 
    0.615114 4.283095e-01 3.396000e-13 1 
    0.615389 4.374280e-01 3.465200e-13 1 
    0.615664 4.365681e-01 3.455300e-13 1 
    0.615939 4.342646e-01 3.434000e-13 1 
    0.616214 4.359182e-01 3.444000e-13 1 
    0.616489 4.291750e-01 3.387700e-13 1 
    0.616764 4.360374e-01 3.438800e-13 1 
    0.617039 4.229482e-01 3.332600e-13 1 
    0.617314 4.085014e-01 3.215900e-13 1 
    0.617589 4.054963e-01 3.189400e-13 1 
    0.617864 4.066846e-01 3.195900e-13 1 
    0.618139 4.191337e-01 3.290800e-13 1 
    0.618414 4.107617e-01 3.222200e-13 1 
    0.618689 4.265274e-01 3.342900e-13 1 
    0.618964 4.432913e-01 3.471200e-13 1 
    0.619239 4.250237e-01 3.325200e-13 1 
    0.619514 4.294311e-01 3.356700e-13 1 
    0.619789 4.359075e-01 3.404300e-13 1 
    0.620064 4.293737e-01 3.350300e-13 1 
    0.620339 4.199418e-01 3.273800e-13 1 
    0.620614 4.208663e-01 3.278100e-13 1 
    0.620889 4.396278e-01 3.421200e-13 1 
    0.621164 4.404804e-01 3.424800e-13 1 
    0.621439 4.548504e-01 3.533400e-13 1 
    0.621714 4.484501e-01 3.480600e-13 1 
    0.621989 4.513229e-01 3.499800e-13 1 
    0.622264 4.405188e-01 3.413000e-13 1 
    0.622539 4.351853e-01 3.368700e-13 1 
    0.622814 4.293118e-01 3.320300e-13 1 
    0.623089 4.298981e-01 3.321900e-13 1 
    0.623364 4.387876e-01 3.387600e-13 1 
    0.623639 4.350652e-01 3.355900e-13 1 
    0.623914 4.375510e-01 3.372100e-13 1 
    0.624189 4.340537e-01 3.342200e-13 1 
    0.624464 4.199299e-01 3.230600e-13 1 
    0.624739 4.274553e-01 3.285600e-13 1 
    0.625014 4.389650e-01 3.371100e-13 1 
    0.625289 4.347247e-01 3.335600e-13 1 
    0.625564 4.331505e-01 3.320600e-13 1 
    0.625839 4.333356e-01 3.319100e-13 1 
    0.626114 4.312468e-01 3.300200e-13 1 
    0.626389 4.310371e-01 3.295700e-13 1 
    0.626664 4.201581e-01 3.209700e-13 1 
    0.626939 4.186665e-01 3.195500e-13 1 
    0.627214 4.248168e-01 3.239600e-13 1 
    0.627489 4.379466e-01 3.336800e-13 1 
    0.627764 4.536211e-01 3.453200e-13 1 
    0.628039 4.276048e-01 3.252300e-13 1 
    0.628314 4.538900e-01 3.449200e-13 1 
    0.628589 4.736617e-01 3.596300e-13 1 
    0.628864 4.500844e-01 3.414300e-13 1 
    0.629139 4.400945e-01 3.335600e-13 1 
    0.629414 4.449031e-01 3.369100e-13 1 
    0.629689 4.615092e-01 3.491800e-13 1 
    0.629964 4.448344e-01 3.362700e-13 1 
    0.630239 4.292818e-01 3.242300e-13 1 
    0.630514 4.354740e-01 3.286200e-13 1 
    0.630789 4.515973e-01 3.404900e-13 1 
    0.631064 4.513673e-01 3.400200e-13 1 
    0.631339 4.538467e-01 3.415900e-13 1 
    0.631614 4.563299e-01 3.431600e-13 1 
    0.631889 4.576989e-01 3.438900e-13 1 
    0.632164 4.582972e-01 3.440400e-13 1 
    0.632439 4.541763e-01 3.406500e-13 1 
    0.632714 4.631250e-01 3.470600e-13 1 
    0.632989 4.567562e-01 3.419900e-13 1 
    0.633264 4.575275e-01 3.422700e-13 1 
    0.633539 4.746086e-01 3.547400e-13 1 
    0.633814 4.601036e-01 3.436000e-13 1 
    0.634089 4.694556e-01 3.502800e-13 1 
    0.634364 4.549198e-01 3.391400e-13 1 
    0.634639 4.700690e-01 3.501300e-13 1 
    0.634914 4.642550e-01 3.455000e-13 1 
    0.635189 4.641865e-01 3.451500e-13 1 
    0.635464 4.766492e-01 3.541100e-13 1 
    0.635739 4.680490e-01 3.474200e-13 1 
    0.636014 4.673753e-01 3.466200e-13 1 
    0.636289 4.735421e-01 3.508900e-13 1 
    0.636564 4.717634e-01 3.492700e-13 1 
    0.636839 4.619103e-01 3.416800e-13 1 
    0.637114 4.550299e-01 3.363000e-13 1 
    0.637389 4.645773e-01 3.430600e-13 1 
    0.637664 4.657373e-01 3.436200e-13 1 
    0.637939 4.716467e-01 3.476800e-13 1 
    0.638214 4.785976e-01 3.525000e-13 1 
    0.638489 4.841196e-01 3.562600e-13 1 
    0.638764 4.955940e-01 3.643900e-13 1 
    0.639039 4.796724e-01 3.523800e-13 1 
    0.639314 4.776603e-01 3.506000e-13 1 
    0.639589 4.785349e-01 3.509400e-13 1 
    0.639864 4.822628e-01 3.533700e-13 1 
    0.640139 4.798773e-01 3.513200e-13 1 
    0.640414 4.777879e-01 3.494900e-13 1 
    0.640689 4.685520e-01 3.424400e-13 1 
    0.640964 4.814026e-01 3.515300e-13 1 
    0.641239 4.837758e-01 3.529600e-13 1 
    0.641514 4.789368e-01 3.491300e-13 1 
    0.641789 4.688854e-01 3.415100e-13 1 
    0.642064 4.702493e-01 3.422100e-13 1 
    0.642339 4.754796e-01 3.457200e-13 1 
    0.642614 4.815442e-01 3.498300e-13 1 
    0.642889 4.778785e-01 3.468700e-13 1 
    0.643164 4.766741e-01 3.457000e-13 1 
    0.643439 4.726795e-01 3.425100e-13 1 
    0.643714 5.031529e-01 3.642800e-13 1 
    0.643989 4.895791e-01 3.541500e-13 1 
    0.644264 4.743766e-01 3.428600e-13 1 
    0.644539 4.761111e-01 3.438200e-13 1 
    0.644814 4.851935e-01 3.500800e-13 1 
    0.645089 4.894082e-01 3.528200e-13 1 
    0.645364 5.181888e-01 3.732500e-13 1 
    0.645639 5.615661e-01 4.041500e-13 1 
    0.645914 4.960010e-01 3.566600e-13 1 
    0.646189 4.723302e-01 3.393500e-13 1 
    0.646464 4.672298e-01 3.354000e-13 1 
    0.646739 4.784745e-01 3.431800e-13 1 
    0.647014 4.808212e-01 3.445700e-13 1 
    0.647289 4.789256e-01 3.429200e-13 1 
    0.647564 4.709458e-01 3.369200e-13 1 
    0.647839 4.795300e-01 3.427700e-13 1 
    0.648114 4.861819e-01 3.472300e-13 1 
    0.648389 4.891311e-01 3.490400e-13 1 
    0.648664 4.852262e-01 3.459600e-13 1 
    0.648939 4.916176e-01 3.502200e-13 1 
    0.649214 4.882270e-01 3.475100e-13 1 
    0.649489 4.838881e-01 3.441300e-13 1 
    0.649764 4.968370e-01 3.530400e-13 1 
    0.650039 4.815951e-01 3.419200e-13 1 
    0.650314 4.460273e-01 3.164000e-13 1 
    0.650589 4.546442e-01 3.222400e-13 1 
    0.650864 4.515408e-01 3.197700e-13 1 
    0.651139 4.552719e-01 3.221400e-13 1 
    0.651414 4.743133e-01 3.353300e-13 1 
    0.651689 4.828115e-01 3.410500e-13 1 
    0.651964 4.819014e-01 3.401200e-13 1 
    0.652239 4.851725e-01 3.421400e-13 1 
    0.652514 4.899104e-01 3.451900e-13 1 
    0.652789 4.994569e-01 3.516200e-13 1 
    0.653064 5.060619e-01 3.559700e-13 1 
    0.653339 5.000854e-01 3.514700e-13 1 
    0.653614 5.002787e-01 3.513100e-13 1 
    0.653889 5.096502e-01 3.575900e-13 1 
    0.654164 5.035887e-01 3.530400e-13 1 
    0.654439 5.010855e-01 3.509900e-13 1 
    0.654714 5.147377e-01 3.602500e-13 1 
    0.654989 5.219486e-01 3.649900e-13 1 
    0.655264 5.285699e-01 3.693100e-13 1 
    0.655539 5.494116e-01 3.835500e-13 1 
    0.655814 5.486971e-01 3.827300e-13 1 
    0.656089 5.331158e-01 3.715500e-13 1 
    0.656364 5.372534e-01 3.741200e-13 1 
    0.656639 5.431221e-01 3.778900e-13 1 
    0.656914 5.666787e-01 3.939500e-13 1 
    0.657189 5.889785e-01 4.091100e-13 1 
    0.657464 5.600491e-01 3.886900e-13 1 
    0.657739 5.182218e-01 3.593600e-13 1 
    0.658014 5.042946e-01 3.494100e-13 1 
    0.658289 4.991695e-01 3.455700e-13 1 
    0.658564 5.225875e-01 3.614800e-13 1 
    0.658839 5.597028e-01 3.868300e-13 1 
    0.659114 6.224676e-01 4.298500e-13 1 
    0.659389 6.454225e-01 4.453300e-13 1 
    0.659664 6.384618e-01 4.401600e-13 1 
    0.659939 6.037897e-01 4.159100e-13 1 
    0.660214 5.625646e-01 3.871900e-13 1 
    0.660489 5.269267e-01 3.623600e-13 1 
    0.660764 5.198705e-01 3.572100e-13 1 
    0.661039 5.162977e-01 3.544600e-13 1 
    0.661314 5.096716e-01 3.496200e-13 1 
    0.661589 5.098767e-01 3.494700e-13 1 
    0.661864 5.175434e-01 3.544300e-13 1 
    0.662139 5.263329e-01 3.601500e-13 1 
    0.662414 5.294322e-01 3.619700e-13 1 
    0.662689 5.233284e-01 3.575000e-13 1 
    0.662964 5.238801e-01 3.575800e-13 1 
    0.663239 5.210743e-01 3.553700e-13 1 
    0.663514 5.309425e-01 3.618000e-13 1 
    0.663789 5.358623e-01 3.648500e-13 1 
    0.664064 5.315732e-01 3.616300e-13 1 
    0.664339 5.198030e-01 3.533300e-13 1 
    0.664614 5.261524e-01 3.573500e-13 1 
    0.664889 5.314360e-01 3.606400e-13 1 
    0.665164 5.223042e-01 3.541500e-13 1 
    0.665439 5.410094e-01 3.665300e-13 1 
    0.665714 5.192536e-01 3.515000e-13 1 
    0.665989 5.489563e-01 3.713000e-13 1 
    0.666264 5.295671e-01 3.578900e-13 1 
    0.666539 5.293676e-01 3.574600e-13 1 
    0.666814 5.241872e-01 3.536700e-13 1 
    0.667089 5.262069e-01 3.547400e-13 1 
    0.667364 5.266556e-01 3.547500e-13 1 
    0.667639 5.289024e-01 3.559700e-13 1 
    0.667914 5.223343e-01 3.512600e-13 1 
    0.668189 5.005002e-01 3.363000e-13 1 
    0.668464 5.258462e-01 3.530400e-13 1 
    0.668739 5.328977e-01 3.574800e-13 1 
    0.669014 5.242352e-01 3.513800e-13 1 
    0.669289 5.305493e-01 3.553200e-13 1 
    0.669564 5.380837e-01 3.600700e-13 1 
    0.669839 5.278023e-01 3.529000e-13 1 
    0.670114 5.335945e-01 3.564800e-13 1 
    0.670389 5.302124e-01 3.539300e-13 1 
    0.670664 5.363898e-01 3.577600e-13 1 
    0.670939 5.339638e-01 3.558500e-13 1 
    0.671214 5.267426e-01 3.507500e-13 1 
    0.671489 5.217335e-01 3.471300e-13 1 
    0.671764 5.349167e-01 3.556100e-13 1 
    0.672039 5.436800e-01 3.611400e-13 1 
    0.672314 5.521707e-01 3.664800e-13 1 
    0.672589 5.637811e-01 3.738800e-13 1 
    0.672864 5.628387e-01 3.729500e-13 1 
    0.673139 5.597041e-01 3.705700e-13 1 
    0.673414 5.567755e-01 3.683300e-13 1 
    0.673689 5.506797e-01 3.640000e-13 1 
    0.673964 5.458452e-01 3.605100e-13 1 
    0.674239 5.581709e-01 3.683500e-13 1 
    0.674514 5.664669e-01 3.735200e-13 1 
    0.674789 5.514018e-01 3.632900e-13 1 
    0.675064 5.372990e-01 3.537100e-13 1 
    0.675339 5.256810e-01 3.457800e-13 1 
    0.675614 5.290001e-01 3.476800e-13 1 
    0.675889 5.306186e-01 3.484600e-13 1 
    0.676164 5.276672e-01 3.462400e-13 1 
    0.676439 5.399323e-01 3.540000e-13 1 
    0.676714 5.534227e-01 3.625500e-13 1 
    0.676989 5.499311e-01 3.599700e-13 1 
    0.677264 5.445833e-01 3.561800e-13 1 
    0.677539 5.467700e-01 3.573200e-13 1 
    0.677814 5.480562e-01 3.578700e-13 1 
    0.678089 5.366687e-01 3.501500e-13 1 
    0.678364 5.503266e-01 3.587700e-13 1 
    0.678639 5.466740e-01 3.561000e-13 1 
    0.678914 5.367616e-01 3.493600e-13 1 
    0.679189 5.533112e-01 3.598400e-13 1 
    0.679464 5.653935e-01 3.674000e-13 1 
    0.679739 5.259922e-01 3.415200e-13 1 
    0.680014 5.186955e-01 3.365100e-13 1 
    0.680289 5.495977e-01 3.562700e-13 1 
    0.680564 5.349584e-01 3.465000e-13 1 
    0.680839 5.124454e-01 3.316500e-13 1 
    0.681114 5.345398e-01 3.456700e-13 1 
    0.681389 5.405740e-01 3.492900e-13 1 
    0.681664 5.530143e-01 3.570400e-13 1 
    0.681939 5.593046e-01 3.608100e-13 1 
    0.682214 5.503389e-01 3.547400e-13 1 
    0.682489 5.518540e-01 3.554300e-13 1 
    0.682764 5.471088e-01 3.520900e-13 1 
    0.683912 5.538770e-01 3.552500e-13 0 
    0.685488 5.524071e-01 3.526800e-13 0 
    0.687068 5.471361e-01 3.477100e-13 0 
    0.688652 5.532818e-01 3.500000e-13 0 
    0.690240 5.318402e-01 3.348900e-13 0 
    0.691831 5.541420e-01 3.473300e-13 0 
    0.693426 5.552254e-01 3.464100e-13 0 
    0.695024 5.745175e-01 3.568000e-13 0 
    0.696626 5.782850e-01 3.574900e-13 0 
    0.698233 5.847589e-01 3.598300e-13 0 
    0.699842 5.646986e-01 3.458900e-13 0 
    0.701455 5.897253e-01 3.595600e-13 0 
    0.703072 5.881633e-01 3.569600e-13 0 
    0.704693 5.906468e-01 3.568200e-13 0 
    0.706318 6.111676e-01 3.675200e-13 0 
    0.707946 5.675448e-01 3.397200e-13 0 
    0.709578 5.940639e-01 3.539600e-13 0 
    0.711214 5.593417e-01 3.317400e-13 0 
    0.712853 5.565531e-01 3.285700e-13 0 
    0.714496 5.576241e-01 3.276900e-13 0 
    0.716143 5.651555e-01 3.305900e-13 0 
    0.717794 5.701687e-01 3.319900e-13 0 
    0.719449 5.621383e-01 3.258100e-13 0 
    0.721108 5.453379e-01 3.146200e-13 0 
    0.722770 5.721461e-01 3.285700e-13 0 
    0.724436 5.988753e-01 3.423400e-13 0 
    0.726106 5.931512e-01 3.375100e-13 0 
    0.727780 5.997912e-01 3.397200e-13 0 
    0.729457 5.995433e-01 3.380200e-13 0 
    0.731139 5.816416e-01 3.264200e-13 0 
    0.732825 6.130405e-01 3.424600e-13 0 
    0.734514 6.213186e-01 3.454900e-13 0 
    0.736207 6.399402e-01 3.542100e-13 0 
    0.737904 6.441281e-01 3.548900e-13 0 
    0.739605 6.773146e-01 3.714600e-13 0 
    0.741310 6.662263e-01 3.637000e-13 0 
    0.743019 6.644250e-01 3.610500e-13 0 
    0.744732 6.906754e-01 3.735900e-13 0 
    0.746449 6.669704e-01 3.591100e-13 0 
    0.748170 6.590595e-01 3.532200e-13 0 
    0.749894 6.962156e-01 3.714200e-13 0 
    0.751623 6.863986e-01 3.645000e-13 0 
    0.753356 7.102261e-01 3.754200e-13 0 
    0.755092 7.018148e-01 3.692700e-13 0 
    0.756833 7.211695e-01 3.777100e-13 0 
    0.758578 7.093648e-01 3.698200e-13 0 
    0.760326 7.106915e-01 3.688100e-13 0 
    0.762079 7.120366e-01 3.678100e-13 0 
    0.763836 6.688424e-01 3.439100e-13 0 
    0.765597 7.049296e-01 3.608000e-13 0 
    0.767361 6.838625e-01 3.484100e-13 0 
    0.769130 6.946898e-01 3.523000e-13 0 
    0.770904 6.912023e-01 3.489200e-13 0 
    0.772681 6.893178e-01 3.463700e-13 0 
    0.774462 6.811431e-01 3.406900e-13 0 
    0.776247 6.746256e-01 3.358800e-13 0 
    0.778037 6.852870e-01 3.396200e-13 0 
    0.779830 6.818610e-01 3.363700e-13 0 
    0.781628 6.862919e-01 3.370000e-13 0 
    0.783430 7.166700e-01 3.503000e-13 0 
    0.785236 6.825507e-01 3.320900e-13 0 
    0.787046 7.029834e-01 3.404600e-13 0 
    0.788860 7.174083e-01 3.458500e-13 0 
    0.790679 7.253885e-01 3.480900e-13 0 
    0.792501 7.167814e-01 3.423800e-13 0 
    0.794328 7.050102e-01 3.352100e-13 0 
    0.796159 6.934528e-01 3.282000e-13 0 
    0.797995 7.092847e-01 3.341500e-13 0 
    0.799834 7.238169e-01 3.394300e-13 0 
    0.801678 7.119479e-01 3.323300e-13 0 
    0.803526 7.520577e-01 3.494400e-13 0 
    0.805378 7.621878e-01 3.525200e-13 0 
    0.807235 7.566057e-01 3.483300e-13 0 
    0.809096 7.305960e-01 3.348100e-13 0 
    0.810961 7.524701e-01 3.432500e-13 0 
    0.812831 7.573318e-01 3.438800e-13 0 
    0.814704 7.657598e-01 3.461100e-13 0 
    0.816582 7.566693e-01 3.404300e-13 0 
    0.818465 7.074655e-01 3.168300e-13 0 
    0.820352 7.353848e-01 3.278200e-13 0 
    0.822243 7.556360e-01 3.353000e-13 0 
    0.824138 7.552969e-01 3.336100e-13 0 
    0.826038 8.015434e-01 3.524100e-13 0 
    0.827942 7.811364e-01 3.418600e-13 0 
    0.829851 7.718419e-01 3.362400e-13 0 
    0.831764 7.714841e-01 3.345400e-13 0 
    0.833681 7.872767e-01 3.398200e-13 0 
    0.835603 7.549754e-01 3.243800e-13 0 
    0.837529 7.938364e-01 3.395100e-13 0 
    0.839460 7.916521e-01 3.370200e-13 0 
    0.841395 8.041318e-01 3.407600e-13 0 
    0.843335 7.854645e-01 3.313200e-13 0 
    0.845279 8.202183e-01 3.443900e-13 0 
    0.847227 7.811268e-01 3.264700e-13 0 
    0.849180 7.456242e-01 3.102000e-13 0 
    0.851138 7.985699e-01 3.307000e-13 0 
    0.853100 8.000239e-01 3.297800e-13 0 
    0.855067 7.814664e-01 3.206500e-13 0 
    0.857038 7.272669e-01 2.970400e-13 0 
    0.859014 8.062842e-01 3.278000e-13 0 
    0.860994 8.059036e-01 3.261400e-13 0 
    0.862979 8.055278e-01 3.244900e-13 0 
    0.864968 8.163278e-01 3.273300e-13 0 
    0.866962 7.882522e-01 3.146200e-13 0 
    0.868960 7.506616e-01 2.982400e-13 0 
    0.870964 7.537739e-01 2.981000e-13 0 
    0.872971 8.241878e-01 3.244500e-13 0 
    0.874984 8.314129e-01 3.257900e-13 0 
    0.877001 8.348401e-01 3.256300e-13 0 
    0.879023 8.344445e-01 3.239800e-13 0 
    0.881049 8.633423e-01 3.336600e-13 0 
    0.883080 7.481171e-01 2.878000e-13 0 
    0.885116 8.605199e-01 3.295200e-13 0 
    0.887156 8.640450e-01 3.293500e-13 0 
    0.889201 8.004301e-01 3.037000e-13 0 
    0.891251 8.262338e-01 3.120500e-13 0 
    0.893305 8.373083e-01 3.147800e-13 0 
    0.895365 8.292295e-01 3.103100e-13 0 
    0.897429 8.269092e-01 3.080200e-13 0 
    0.899498 7.947757e-01 2.946900e-13 0 
    0.901571 7.603486e-01 2.806300e-13 0 
    0.903650 7.939640e-01 2.916900e-13 0 
    0.905733 8.965630e-01 3.278700e-13 0 
    0.907820 9.148747e-01 3.330300e-13 0 
    0.909913 8.935975e-01 3.237900e-13 0 
    0.912011 8.869933e-01 3.199200e-13 0 
    0.914113 7.992817e-01 2.869600e-13 0 
    0.916220 8.345903e-01 2.982600e-13 0 
    0.918333 8.774906e-01 3.121500e-13 0 
    0.920450 8.810891e-01 3.119900e-13 0 
    0.922571 8.867432e-01 3.125500e-13 0 
    0.924698 8.601399e-01 3.017800e-13 0 
    0.926830 8.577253e-01 2.995500e-13 0 
    0.928966 9.206823e-01 3.200600e-13 0 
    0.931108 8.296250e-01 2.870800e-13 0 
    0.933254 9.154983e-01 3.153400e-13 0 
    0.935406 9.234876e-01 3.166300e-13 0 
    0.937562 9.082354e-01 3.099700e-13 0 
    0.939723 9.267624e-01 3.148400e-13 0 
    0.941890 9.135645e-01 3.089300e-13 0 
    0.944061 9.430032e-01 3.174200e-13 0 
    0.946237 9.316864e-01 3.121700e-13 0 
    0.948418 9.573043e-01 3.192800e-13 0 
    0.950605 9.634112e-01 3.198400e-13 0 
    0.952796 9.474919e-01 3.131100e-13 0 
    0.954993 9.579465e-01 3.151100e-13 0 
    0.957194 9.442874e-01 3.091900e-13 0 
    0.959401 9.613183e-01 3.133200e-13 0 
    0.961612 9.674495e-01 3.138700e-13 0 
    0.963829 9.781396e-01 3.158800e-13 0 
    0.966051 9.641764e-01 3.099400e-13 0 
    0.968278 9.680957e-01 3.097700e-13 0 
    0.970510 9.855618e-01 3.139100e-13 0 
    0.972747 9.737406e-01 3.087200e-13 0 
    0.974990 9.687304e-01 3.057200e-13 0 
    0.977237 9.703994e-01 3.048400e-13 0 
    0.979490 9.788446e-01 3.060800e-13 0 
    0.981748 9.941899e-01 3.094500e-13 0 
    0.984011 9.890634e-01 3.064400e-13 0 
    0.986279 9.976485e-01 3.076800e-13 0 
    0.988553 9.947947e-01 3.053900e-13 0 
    0.990832 9.988305e-01 3.052200e-13 0 
    0.993116 9.891068e-01 3.008600e-13 0 
    0.995405 1.002292e+00 3.034700e-13 0 
    0.997700 1.011000e+00 3.047000e-13 0 
    1.000000 1.010400e+00 3.031200e-13 0 
    1.004615 1.020925e+00 3.034700e-13 0 
    1.009253 1.017403e+00 2.996500e-13 0 
    1.013912 1.037510e+00 3.027700e-13 0 
    1.018591 1.033896e+00 2.989500e-13 0 
    1.023294 1.047061e+00 2.999800e-13 0 
    1.028017 1.057946e+00 3.003200e-13 0 
    1.032761 1.059094e+00 2.978900e-13 0 
    1.051962 1.063761e+00 2.883800e-13 0 
    1.071520 1.058905e+00 2.766800e-13 0 
    1.091441 1.066242e+00 2.685200e-13 0 
    1.111732 1.058919e+00 2.570300e-13 0 
    1.132400 1.078610e+00 2.523400e-13 0 
    1.150800 1.106266e+00 2.506000e-13 0 
    1.172195 1.119065e+00 2.443300e-13 0 
    1.191243 1.116516e+00 2.360400e-13 0 
    1.210599 1.132040e+00 2.317300e-13 0 
    1.233105 1.155718e+00 2.280200e-13 0 
    1.253141 1.163743e+00 2.223200e-13 0 
    1.270574 1.169118e+00 2.172600e-13 0 
    1.291219 1.182634e+00 2.128000e-13 0 
    1.312200 1.199109e+00 2.089200e-13 0 
    1.333521 1.204665e+00 2.032300e-13 0 
    1.352073 1.215809e+00 1.995200e-13 0 
    1.370882 1.229888e+00 1.963300e-13 0 
    1.393157 1.224247e+00 1.892300e-13 0 
    1.412538 1.207401e+00 1.815400e-13 0 
    1.432188 1.221399e+00 1.786400e-13 0 
    1.452112 1.264334e+00 1.798800e-13 0 
    1.472313 1.255607e+00 1.737700e-13 0 
    1.492794 1.305714e+00 1.757800e-13 0 
    1.513561 1.348557e+00 1.766000e-13 0 
    1.531087 1.402317e+00 1.794600e-13 0 
    1.552387 1.428431e+00 1.778200e-13 0 
    1.573983 1.448301e+00 1.753800e-13 0 
    1.592209 1.431757e+00 1.694300e-13 0 
    1.610645 1.471850e+00 1.702100e-13 0 
    1.633051 1.499217e+00 1.686500e-13 0 
    1.651962 1.513036e+00 1.663300e-13 0 
    1.671091 1.530594e+00 1.644300e-13 0 
    1.694338 1.548308e+00 1.618000e-13 0 
    1.713958 1.544715e+00 1.577500e-13 0 
    1.733803 1.520071e+00 1.517000e-13 0 
    1.753880 1.506159e+00 1.468900e-13 0 
    1.774190 1.482066e+00 1.412500e-13 0 
    1.794734 1.461722e+00 1.361400e-13 0 
    1.811340 1.421856e+00 1.300100e-13 0 
    1.832314 1.415357e+00 1.264700e-13 0 
    1.853532 1.399083e+00 1.221700e-13 0 
    1.874994 1.370382e+00 1.169400e-13 0 
    1.892343 1.354797e+00 1.135000e-13 0 
    1.914256 1.360949e+00 1.114200e-13 0 
    1.931967 1.339220e+00 1.076400e-13 0 
    1.954339 1.317834e+00 1.035100e-13 0 
    1.972423 1.296753e+00 9.999500e-14 0 
    1.995263 1.284865e+00 9.682300e-14 0 
    2.013724 1.284867e+00 9.505600e-14 0 
    2.032357 1.261420e+00 9.161800e-14 0 
    2.051161 1.267227e+00 9.036000e-14 0 
    2.074913 1.261414e+00 8.789800e-14 0 
    2.094113 1.252737e+00 8.570000e-14 0 
    2.113488 1.249849e+00 8.394200e-14 0 
    2.133045 1.244104e+00 8.203100e-14 0 
    2.152783 1.238393e+00 8.016400e-14 0 
    2.172701 1.221400e+00 7.762100e-14 0 
    2.192805 1.218591e+00 7.602900e-14 0 
    2.213094 1.204643e+00 7.378700e-14 0 
    2.233572 1.193598e+00 7.177600e-14 0 
    2.254240 1.188112e+00 7.014200e-14 0 
    2.275097 1.174518e+00 6.807400e-14 0 
    2.296149 1.071173e+00 6.095100e-14 0 
    2.312064 1.076113e+00 6.039200e-14 0 
    2.333458 9.568726e-01 5.272000e-14 0 
    2.355050 9.180356e-01 4.965700e-14 0 
    2.371374 9.437590e-01 5.034800e-14 0 
    2.393317 8.827942e-01 4.623600e-14 0 
    2.415460 8.706746e-01 4.476900e-14 0 
    2.432205 8.726922e-01 4.425700e-14 0 
    2.454708 8.295833e-01 4.130300e-14 0 
    2.471725 8.276641e-01 4.064200e-14 0 
    2.494594 7.093389e-01 3.419600e-14 0 
    2.511887 7.077241e-01 3.365000e-14 0 
    2.535128 7.275435e-01 3.396100e-14 0 
    2.552702 7.309102e-01 3.365000e-14 0 
    2.576320 7.583257e-01 3.427500e-14 0 
    2.594179 7.548552e-01 3.365000e-14 0 
    2.612160 7.635816e-01 3.357200e-14 0 
    2.636331 7.583176e-01 3.273200e-14 0 
    2.654604 7.600810e-01 3.235800e-14 0 
    2.673007 7.565805e-01 3.176700e-14 0 
    2.691534 7.548376e-01 3.125900e-14 0 
    2.716439 7.565731e-01 3.075900e-14 0 
    2.735267 7.513856e-01 3.012900e-14 0 
    2.754229 7.496518e-01 2.964700e-14 0 
    2.773319 7.427742e-01 2.897200e-14 0 
    2.792545 7.427627e-01 2.857400e-14 0 
    2.811900 7.376500e-01 2.798800e-14 0 
    2.831393 7.359677e-01 2.754100e-14 0 
    2.857590 7.342706e-01 2.697600e-14 0 
    2.877399 7.292241e-01 2.642300e-14 0 
    2.897343 7.275317e-01 2.600000e-14 0 
    2.917428 7.225315e-01 2.546700e-14 0 
    2.937649 7.175664e-01 2.494500e-14 0 
    2.951208 7.109670e-01 2.448900e-14 0 
    2.971666 7.077003e-01 2.404200e-14 0 
    2.992263 7.028308e-01 2.354900e-14 0 
    3.013007 7.012313e-01 2.317300e-14 0 
    3.033890 6.980071e-01 2.275000e-14 0 
    3.054922 6.980124e-01 2.243800e-14 0 
    3.076096 6.980073e-01 2.213000e-14 0 
    3.097421 6.963978e-01 2.177600e-14 0 
    3.111717 6.916089e-01 2.142800e-14 0 
    3.133284 6.916080e-01 2.113400e-14 0 
    3.155005 6.900153e-01 2.079600e-14 0 
    3.176873 6.884109e-01 2.046300e-14 0 
    3.191539 6.852748e-01 2.018300e-14 0 
    3.213660 6.852713e-01 1.990600e-14 0 
    3.235938 6.852765e-01 1.963300e-14 0 
    3.258367 6.884388e-01 1.945300e-14 0 
    3.273406 6.948084e-01 1.945300e-14 0 
    3.296098 7.225459e-01 1.995200e-14 0 
    3.318944 7.208838e-01 1.963300e-14 0 
    3.334262 6.852706e-01 1.849200e-14 0 
    3.357376 6.712085e-01 1.786400e-14 0 
    3.372872 6.619849e-01 1.745700e-14 0 
    3.396254 6.559309e-01 1.706000e-14 0 
    3.411929 6.484181e-01 1.671000e-14 0 
    3.435578 6.454382e-01 1.640500e-14 0 
    3.451438 6.395383e-01 1.610600e-14 0 
    3.475361 6.365981e-01 1.581200e-14 0 
    3.491405 6.307465e-01 1.552300e-14 0 
    3.515604 6.278611e-01 1.524000e-14 0 
    3.531830 6.206559e-01 1.492700e-14 0 
    3.556314 6.192574e-01 1.468900e-14 0 
    3.572728 6.121374e-01 1.438700e-14 0 
    3.597495 6.093511e-01 1.412500e-14 0 
    3.614099 6.051490e-01 1.389900e-14 0 
    3.639149 6.023542e-01 1.364500e-14 0 
    3.655950 5.954540e-01 1.336500e-14 0 
    3.672823 5.899915e-01 1.312100e-14 0 
    3.698280 5.846123e-01 1.282300e-14 0 
    3.715354 5.792558e-01 1.258900e-14 0 
    3.732502 5.752345e-01 1.238700e-14 0 
    3.758372 5.699583e-01 1.210500e-14 0 
    3.775723 5.673446e-01 1.193900e-14 0 
    3.793150 5.608437e-01 1.169400e-14 0 
    3.819441 5.595520e-01 1.150700e-14 0 
    3.837073 5.557000e-01 1.132300e-14 0 
    3.854783 5.506380e-01 1.111700e-14 0 
    3.872575 5.443352e-01 1.088900e-14 0 
    3.899421 5.418221e-01 1.069000e-14 0 
    3.917418 5.380877e-01 1.051900e-14 0 
    3.935499 5.331538e-01 1.032700e-14 0 
    3.953667 5.270416e-01 1.011500e-14 0 
    3.971915 5.222260e-01 9.930700e-15 0 
    3.999450 5.186307e-01 9.727000e-15 0 
    4.017909 5.150613e-01 9.571500e-15 0 
    4.036454 5.115120e-01 9.418400e-15 0 
    4.055084 5.068224e-01 9.246500e-15 0 
    4.073804 5.033364e-01 9.098700e-15 0 
    4.092607 4.998701e-01 8.953200e-15 0 
    4.120973 4.987227e-01 8.810100e-15 0 
    4.139998 4.952883e-01 8.669200e-15 0 
    4.159106 4.907488e-01 8.511000e-15 0 
    4.178302 4.873691e-01 8.374900e-15 0 
    4.197591 4.828992e-01 8.222000e-15 0 
    4.216965 4.795782e-01 8.090600e-15 0 
    4.236428 4.773749e-01 7.979600e-15 0 
    4.255986 4.740885e-01 7.852000e-15 0 
    4.275629 4.708211e-01 7.726400e-15 0 
    4.295363 4.558846e-01 7.412700e-15 0 
    4.315193 4.404089e-01 7.095400e-15 0 
    4.335110 4.434627e-01 7.079100e-15 0 
    4.355118 4.293951e-01 6.791700e-15 0 
    4.375219 4.244795e-01 6.652400e-15 0 
    4.395418 4.205899e-01 6.531000e-15 0 
    4.415704 4.110141e-01 6.323800e-15 0 
    4.436085 4.072473e-01 6.208400e-15 0 
    4.456564 4.053755e-01 6.123200e-15 0 
    4.477133 3.988966e-01 5.970100e-15 0 
    4.497797 3.988919e-01 5.915300e-15 0 
    4.518562 3.961453e-01 5.820700e-15 0 
    4.539417 3.916160e-01 5.701400e-15 0 
    4.560368 3.925148e-01 5.662100e-15 0 
    4.581416 3.907102e-01 5.584400e-15 0 
    4.591982 3.818167e-01 5.432200e-15 0 
    4.613176 3.844626e-01 5.419700e-15 0 
    4.634468 3.818196e-01 5.333100e-15 0 
    4.655863 3.809382e-01 5.272000e-15 0 
    4.677352 3.826979e-01 5.247800e-15 0 
    4.698940 3.791878e-01 5.152000e-15 0 
    4.720628 3.765829e-01 5.069700e-15 0 
    4.742421 3.791908e-01 5.058000e-15 0 
    4.753353 3.731309e-01 4.954300e-15 0 
    4.775292 3.731247e-01 4.908800e-15 0 
    4.797337 3.731255e-01 4.863800e-15 0 
    4.819479 3.680068e-01 4.753100e-15 0 
    4.841723 3.722712e-01 4.764100e-15 0 
    4.852884 3.671599e-01 4.677100e-15 0 
    4.875287 3.646314e-01 4.602300e-15 0 
    4.897789 3.629595e-01 4.539200e-15 0 
    4.920395 3.612901e-01 4.476900e-15 0 
    4.943104 3.621241e-01 4.446100e-15 0 
    4.954504 3.579787e-01 4.375000e-15 0 
    4.977371 3.596309e-01 4.354900e-15 0 
    5.000344 3.563491e-01 4.275600e-15 0 
    5.023429 3.564337e-01 4.237400e-15 0 
    5.035008 3.544366e-01 4.194300e-15 0 
    5.058246 3.528971e-01 4.137800e-15 0 
    5.081593 3.538039e-01 4.110400e-15 0 
    5.093306 3.542521e-01 4.096700e-15 0 
    5.105052 3.530819e-01 4.064400e-15 0 
    5.116820 3.527218e-01 4.041600e-15 0 
    5.128614 3.523682e-01 4.019000e-15 0 
    5.140436 3.528143e-01 4.005600e-15 0 
    5.152285 3.524607e-01 3.983200e-15 0 
    5.164162 3.521051e-01 3.960900e-15 0 
    5.176071 3.525611e-01 3.947800e-15 0 
    5.188002 3.522055e-01 3.925700e-15 0 
    5.199961 3.518482e-01 3.903700e-15 0 
    5.211947 3.514982e-01 3.881900e-15 0 
    5.223961 3.519561e-01 3.869100e-15 0 
    5.236003 3.507934e-01 3.838600e-15 0 
    5.248072 3.512464e-01 3.825900e-15 0 
    5.260175 3.517063e-01 3.813300e-15 0 
    5.272300 3.529775e-01 3.809500e-15 0 
    5.284453 3.534338e-01 3.796900e-15 0 
    5.296634 3.522689e-01 3.767000e-15 0 
    5.308843 3.511139e-01 3.737400e-15 0 
    5.321080 3.515736e-01 3.725100e-15 0 
    5.333352 3.520309e-01 3.712800e-15 0 
    5.345646 3.524937e-01 3.700600e-15 0 
    5.357968 3.529531e-01 3.688400e-15 0 
    5.370318 3.526113e-01 3.667900e-15 0 
    5.382697 3.530702e-01 3.655800e-15 0 
    5.395105 3.535355e-01 3.643800e-15 0 
    5.407541 3.539976e-01 3.631800e-15 0 
    5.420011 3.536541e-01 3.611600e-15 0 
    5.432505 3.533092e-01 3.591500e-15 0 
    5.445027 3.529632e-01 3.571500e-15 0 
    5.457579 3.542449e-01 3.568000e-15 0 
    5.470159 3.538951e-01 3.548100e-15 0 
    5.482768 3.535444e-01 3.528300e-15 0 
    5.495406 3.540185e-01 3.516800e-15 0 
    5.508079 3.544902e-01 3.505300e-15 0 
    5.520776 3.541453e-01 3.485800e-15 0 
    5.533502 3.554328e-01 3.482400e-15 0 
    5.546257 3.575450e-01 3.487000e-15 0 
    5.559041 3.555589e-01 3.451700e-15 0 
    5.571855 3.560306e-01 3.440400e-15 0 
    5.584705 3.573316e-01 3.437100e-15 0 
    5.597578 3.578110e-01 3.425900e-15 0 
    5.610481 3.582874e-01 3.414700e-15 0 
    5.623413 3.587709e-01 3.403600e-15 0 
    5.636376 3.584255e-01 3.384700e-15 0 
    5.649368 3.597286e-01 3.381400e-15 0 
    5.662390 3.610469e-01 3.378200e-15 0 
    5.675448 3.623705e-01 3.375000e-15 0 
    5.688531 3.628566e-01 3.364000e-15 0 
    5.701643 3.625049e-01 3.345300e-15 0 
    5.714786 3.646679e-01 3.349800e-15 0 
    5.727959 3.660120e-01 3.346700e-15 0 
    5.741162 3.673497e-01 3.343500e-15 0 
    5.754402 3.686928e-01 3.340300e-15 0 
    5.767667 3.700397e-01 3.337100e-15 0 
    5.780962 3.714023e-01 3.334000e-15 0 
    5.794287 3.736200e-01 3.338500e-15 0 
    5.807643 3.758503e-01 3.343000e-15 0 
    5.821030 3.772349e-01 3.339900e-15 0 
    5.834448 3.794867e-01 3.344400e-15 0 
    5.847904 3.817634e-01 3.349000e-15 0 
    5.861383 3.849339e-01 3.361300e-15 0 
    5.874894 3.872283e-01 3.365800e-15 0 
    5.888436 3.904487e-01 3.378200e-15 0 
    5.902009 3.936906e-01 3.390600e-15 0 
    5.924495 3.772392e-01 3.224300e-15 3 
    5.955481 3.886083e-01 3.287000e-15 3 
    5.986466 3.901778e-01 3.266200e-15 3 
    6.017451 4.551924e-01 3.771300e-15 3 
    6.048437 4.674773e-01 3.833500e-15 3 
    6.079422 4.964260e-01 4.029500e-15 3 
    6.110407 5.452955e-01 4.381400e-15 3 
    6.141393 5.891727e-01 4.686300e-15 3 
    6.172378 7.089449e-01 5.582500e-15 3 
    6.203363 8.175439e-01 6.373500e-15 3 
    6.234349 7.688173e-01 5.934200e-15 3 
    6.265334 6.870438e-01 5.250700e-15 3 
    6.296319 6.690921e-01 5.063300e-15 3 
    6.327305 5.893788e-01 4.416500e-15 3 
    6.358290 5.864195e-01 4.351600e-15 3 
    6.389276 5.652604e-01 4.154000e-15 3 
    6.420261 5.263900e-01 3.831100e-15 3 
    6.451246 4.945813e-01 3.565100e-15 3 
    6.482232 4.661905e-01 3.328400e-15 3 
    6.513217 4.899316e-01 3.464700e-15 3 
    6.544202 4.940189e-01 3.460600e-15 3 
    6.575188 4.723216e-01 3.277500e-15 3 
    6.606173 4.845809e-01 3.331100e-15 3 
    6.637158 5.047903e-01 3.437700e-15 3 
    6.668145 4.790865e-01 3.232400e-15 3 
    6.699129 5.064220e-01 3.385300e-15 3 
    6.730114 4.612332e-01 3.054900e-15 3 
    6.761100 4.999268e-01 3.280900e-15 3 
    6.792085 5.408565e-01 3.517200e-15 3 
    6.823071 5.487200e-01 3.536000e-15 3 
    6.854056 5.587261e-01 3.568000e-15 3 
    6.885041 5.747867e-01 3.637600e-15 3 
    6.916027 6.071085e-01 3.807800e-15 3 
    6.947012 5.898134e-01 3.666400e-15 3 
    6.977998 5.710489e-01 3.518300e-15 3 
    7.008983 5.904763e-01 3.605900e-15 3 
    7.039968 6.090900e-01 3.686900e-15 3 
    7.070954 5.783147e-01 3.470000e-15 3 
    7.101939 5.975167e-01 3.554000e-15 3 
    7.132924 6.093561e-01 3.593000e-15 3 
    7.163910 6.197427e-01 3.622700e-15 3 
    7.194895 5.890858e-01 3.413900e-15 3 
    7.225881 6.301630e-01 3.620700e-15 3 
    7.256866 6.284519e-01 3.580100e-15 3 
    7.287851 6.954763e-01 3.928300e-15 3 
    7.318838 6.856728e-01 3.840200e-15 3 
    7.349822 7.074444e-01 3.928800e-15 3 
    7.380807 7.698048e-01 4.239300e-15 3 
    7.411793 7.840093e-01 4.281500e-15 3 
    7.442778 7.473886e-01 4.047600e-15 3 
    7.473763 8.553404e-01 4.593900e-15 3 
    7.504748 9.302204e-01 4.954900e-15 3 
    7.533706 9.035482e-01 4.775900e-15 3 
    7.535734 1.009167e+00 5.331300e-15 3 
    7.566720 1.031282e+00 5.403600e-15 3 
    7.595799 1.042185e+00 5.419000e-15 3 
    7.597705 1.031336e+00 5.359900e-15 3 
    7.657894 1.048602e+00 5.364300e-15 3 
    7.719988 1.021255e+00 5.140700e-15 3 
    7.782082 9.996973e-01 4.952200e-15 3 
    7.844176 1.009848e+00 4.923600e-15 3 
    7.906271 9.801847e-01 4.704200e-15 3 
    7.968365 9.111298e-01 4.304900e-15 3 
    8.030459 8.605531e-01 4.003300e-15 3 
    8.092554 7.743034e-01 3.547000e-15 3 
    8.154648 7.201764e-01 3.249000e-15 3 
    8.216741 7.049448e-01 3.132400e-15 3 
    8.278836 7.225394e-01 3.162600e-15 3 
    8.340930 7.266006e-01 3.133200e-15 3 
    8.403025 6.939632e-01 2.948400e-15 3 
    8.465119 6.765493e-01 2.832400e-15 3 
    8.527213 7.089553e-01 2.925000e-15 3 
    8.589307 8.077510e-01 3.284600e-15 3 
    8.651402 7.356189e-01 2.948500e-15 3 
    8.713495 6.734042e-01 2.660800e-15 3 
    8.775590 5.858738e-01 2.282300e-15 3 
    8.837684 5.207238e-01 2.000100e-15 3 
    8.899778 4.667612e-01 1.767900e-15 3 
    8.961872 4.351475e-01 1.625400e-15 3 
    9.023966 4.280335e-01 1.576900e-15 3 
    9.086060 3.992157e-01 1.450700e-15 3 
    9.148155 3.818717e-01 1.368900e-15 3 
    9.210249 3.609743e-01 1.276600e-15 3 
    9.272344 3.651416e-01 1.274100e-15 3 
    9.334438 3.621486e-01 1.246900e-15 3 
    9.396532 3.984450e-01 1.353800e-15 3 
    9.458626 3.555065e-01 1.192100e-15 3 
    9.520720 3.607334e-01 1.193900e-15 3 
    9.582815 3.710558e-01 1.212200e-15 3 
    9.644909 4.823619e-01 1.555600e-15 3 
    9.707002 4.983293e-01 1.586600e-15 3 
    9.769098 4.007963e-01 1.259900e-15 3 
    9.831192 3.571948e-01 1.108700e-15 3 
    9.893286 3.524881e-01 1.080400e-15 3 
    9.955380 3.459255e-01 1.047100e-15 3 
   10.017470 3.789874e-01 1.133000e-15 3 
   10.079570 3.483787e-01 1.028700e-15 3 
   10.141659 3.483297e-01 1.016000e-15 3 
   10.203760 3.564262e-01 1.027000e-15 3 
   10.265850 3.577209e-01 1.018300e-15 3 
   10.327949 3.746484e-01 1.053700e-15 3 
   10.390041 3.573674e-01 9.931200e-16 3 
   10.452130 3.928158e-01 1.078700e-15 3 
   10.514230 4.351947e-01 1.181000e-15 3 
   10.576320 4.632809e-01 1.242500e-15 3 
   10.638420 4.804698e-01 1.273600e-15 3 
   10.700510 5.076971e-01 1.330200e-15 3 
   10.762600 5.420238e-01 1.403800e-15 3 
   10.824700 5.238855e-01 1.341300e-15 3 
   10.886791 5.338240e-01 1.351200e-15 3 
   10.948890 5.921183e-01 1.481800e-15 3 
   11.010980 6.711131e-01 1.660600e-15 3 
   11.073080 7.674763e-01 1.877800e-15 3 
   11.135170 1.046203e+00 2.531300e-15 3 
   11.197260 1.815107e+00 4.343100e-15 3 
   11.259360 2.471951e+00 5.849700e-15 3 
   11.321450 2.322792e+00 5.436600e-15 3 
   11.383550 1.946759e+00 4.506900e-15 3 
   11.445640 1.528015e+00 3.499200e-15 3 
   11.507740 1.294352e+00 2.932200e-15 3 
   11.569830 1.133445e+00 2.540200e-15 3 
   11.631920 9.878367e-01 2.190300e-15 3 
   11.694020 9.468578e-01 2.077200e-15 3 
   11.756110 9.046973e-01 1.963800e-15 3 
   11.818209 8.815510e-01 1.893500e-15 3 
   11.880299 9.475300e-01 2.014000e-15 3 
   11.942400 1.014415e+00 2.133800e-15 3 
   12.004490 1.069088e+00 2.225600e-15 3 
   12.066580 1.058966e+00 2.181900e-15 3 
   12.128680 1.022183e+00 2.084600e-15 3 
   12.190770 9.893293e-01 1.997100e-15 3 
   12.252870 1.016750e+00 2.031700e-15 3 
   12.314959 1.099623e+00 2.175200e-15 3 
   12.377051 1.089497e+00 2.133600e-15 3 
   12.439150 1.125627e+00 2.182400e-15 3 
   12.501240 1.172837e+00 2.251400e-15 3 
   12.563340 1.237025e+00 2.351200e-15 3 
   12.625430 1.304595e+00 2.455300e-15 3 
   12.687530 1.326797e+00 2.472700e-15 3 
   12.749620 1.421579e+00 2.623600e-15 3 
   12.811710 1.515340e+00 2.769600e-15 3 
   12.873810 1.345823e+00 2.436100e-15 3 
   12.935900 1.057573e+00 1.896000e-15 3 
   12.998000 9.456020e-01 1.679100e-15 3 
   13.060090 9.013842e-01 1.585400e-15 3 
   13.122180 8.879921e-01 1.547100e-15 3 
   13.184280 8.994876e-01 1.552400e-15 3 
   13.246370 8.935331e-01 1.527700e-15 3 
   13.308470 8.703449e-01 1.474200e-15 3 
   13.370559 8.700827e-01 1.460100e-15 3 
   13.432659 8.620647e-01 1.433300e-15 3 
   13.494750 8.733913e-01 1.438800e-15 3 
   13.556841 8.678466e-01 1.416600e-15 3 
   13.618941 8.704985e-01 1.408000e-15 3 
   13.681030 8.418308e-01 1.349300e-15 3 
   13.743130 7.559352e-01 1.200700e-15 3 
   13.805220 7.425792e-01 1.168900e-15 3 
   13.867320 7.187629e-01 1.121300e-15 3 
   13.929409 6.891243e-01 1.065500e-15 3 
   13.991500 7.157061e-01 1.096800e-15 3 
   14.053600 7.319486e-01 1.111800e-15 3 
   14.115691 7.560977e-01 1.138400e-15 3 
   14.177789 7.411228e-01 1.106100e-15 3 
   14.239880 7.629716e-01 1.128800e-15 3 
   14.301980 7.900273e-01 1.158700e-15 3 
   14.364070 7.236559e-01 1.052200e-15 3 
   14.426159 6.879488e-01 9.916900e-16 3 
   14.488261 6.460951e-01 9.233900e-16 3 
   14.541691 6.924424e-01 9.823700e-16 3 
   14.633380 6.644062e-01 9.308200e-16 3 
   14.725080 6.575742e-01 9.098099e-16 3 
   14.816770 6.650791e-01 9.088400e-16 3 
   14.908459 6.675866e-01 9.010800e-16 3 
   15.000150 6.630208e-01 8.840100e-16 3 
   15.091850 6.686086e-01 8.806600e-16 3 
   15.183541 6.840657e-01 8.901700e-16 3 
   15.275230 6.992746e-01 8.990700e-16 3 
   15.366930 7.123318e-01 9.049600e-16 3 
   15.458620 7.464673e-01 9.371100e-16 3 
   15.550309 8.789870e-01 1.090500e-15 3 
   15.642000 8.802488e-01 1.079300e-15 3 
   15.733700 7.961020e-01 9.647800e-16 3 
   15.825391 8.237571e-01 9.867600e-16 3 
   15.917080 8.695934e-01 1.029700e-15 3 
   16.008780 8.713555e-01 1.020000e-15 3 
   16.100470 8.646886e-01 1.000700e-15 3 
   16.192159 8.628717e-01 9.873200e-16 3 
   16.283859 9.518507e-01 1.076900e-15 3 
   16.375550 1.135652e+00 1.270500e-15 3 
   16.467239 1.331083e+00 1.472600e-15 3 
   16.558930 1.303721e+00 1.426400e-15 3 
   16.650631 1.196860e+00 1.295100e-15 3 
   16.742319 1.200080e+00 1.284400e-15 3 
   16.834009 1.240938e+00 1.313700e-15 3 
   16.925700 1.363546e+00 1.427900e-15 3 
   17.017400 1.862366e+00 1.929300e-15 3 
   17.109091 1.942789e+00 1.991100e-15 3 
   17.200781 1.461287e+00 1.481700e-15 3 
   17.292481 1.336963e+00 1.341300e-15 3 
   17.384170 1.305544e+00 1.296000e-15 3 
   17.475861 1.237300e+00 1.215400e-15 3 
   17.567561 1.134999e+00 1.103300e-15 3 
   17.659250 1.098956e+00 1.057200e-15 3 
   17.750941 1.107877e+00 1.054800e-15 3 
   17.842630 1.109377e+00 1.045400e-15 3 
   17.934330 1.024896e+00 9.559400e-16 3 
   18.026020 9.785273e-01 9.034300e-16 3 
   18.117709 9.570717e-01 8.747000e-16 3 
   18.209409 9.476741e-01 8.574100e-16 3 
   18.301100 9.494492e-01 8.504300e-16 3 
   18.392789 1.003258e+00 8.896899e-16 3 
   18.484489 9.800758e-01 8.605300e-16 3 
   18.576180 9.726959e-01 8.456400e-16 3 
   18.667870 1.061557e+00 9.138500e-16 3 
   18.759559 1.156894e+00 9.862100e-16 3 
   18.851259 1.057628e+00 8.928400e-16 3 
   18.942950 1.018494e+00 8.515000e-16 3 
   19.034639 1.012182e+00 8.380900e-16 3 
   19.126341 1.017105e+00 8.341100e-16 3 
   19.218031 9.775745e-01 7.940600e-16 3 
   19.309719 1.003231e+00 8.071800e-16 3 
   19.401409 1.018867e+00 8.120300e-16 3 
   19.493111 9.895348e-01 7.812500e-16 3 
   19.584800 1.019770e+00 7.976000e-16 3 
   19.676491 1.041885e+00 8.073200e-16 3 
   19.768191 1.059187e+00 8.131300e-16 3 
   19.859880 1.040624e+00 7.915200e-16 3 
   19.951570 1.022882e+00 7.708900e-16 3 
   20.043261 1.037353e+00 7.746600e-16 3 
   20.134961 1.056070e+00 7.814700e-16 3 
   20.226650 1.049345e+00 7.694700e-16 3 
   20.318341 1.033023e+00 7.506800e-16 3 
   20.410041 1.050589e+00 7.566000e-16 3 
   20.520050 1.017900e+00 7.252200e-16 3 
   20.696581 1.090761e+00 7.639300e-16 3 
   20.873220 1.098915e+00 7.566700e-16 3 
   21.049950 1.061107e+00 7.184200e-16 3 
   21.226789 1.130887e+00 7.529600e-16 3 
   21.403730 1.144978e+00 7.497900e-16 3 
   21.580780 1.115517e+00 7.185600e-16 3 
   21.757919 1.163098e+00 7.370600e-16 3 
   21.935169 1.249070e+00 7.788000e-16 3 
   22.112520 1.223093e+00 7.504200e-16 3 
   22.289980 1.207263e+00 7.289600e-16 3 
   22.467541 1.295645e+00 7.700100e-16 3 
   22.645200 1.346165e+00 7.875300e-16 3 
   22.822969 1.342901e+00 7.734300e-16 3 
   23.000839 1.369152e+00 7.764000e-16 3 
   23.178809 1.413040e+00 7.890300e-16 3 
   23.356889 1.445892e+00 7.951100e-16 3 
   23.535070 1.474130e+00 7.984100e-16 3 
   23.713359 1.489032e+00 7.944000e-16 3 
   23.891759 1.506289e+00 7.916500e-16 3 
   24.070259 1.547208e+00 8.011400e-16 3 
   24.248859 1.592088e+00 8.122800e-16 3 
   24.427570 1.592350e+00 8.005700e-16 3 
   24.606380 1.604809e+00 7.951500e-16 3 
   24.785311 1.656205e+00 8.088100e-16 3 
   24.964331 1.709902e+00 8.231000e-16 3 
   25.143459 1.756613e+00 8.335800e-16 3 
   25.322700 1.767960e+00 8.271300e-16 3 
   25.502050 1.772997e+00 8.178600e-16 3 
   25.681500 1.868673e+00 8.499900e-16 3 
   25.861059 1.970424e+00 8.838700e-16 3 
   26.040730 2.020887e+00 8.940400e-16 3 
   26.220509 1.965354e+00 8.575900e-16 3 
   26.400391 1.926803e+00 8.293500e-16 3 
   26.580378 1.927306e+00 8.183700e-16 3 
   26.760481 2.060239e+00 8.630800e-16 3 
   26.940678 2.092240e+00 8.648000e-16 3 
   27.121000 2.176292e+00 8.876200e-16 3 
   27.301419 2.208474e+00 8.888800e-16 3 
   27.481950 2.221666e+00 8.824800e-16 3 
   27.662591 2.268568e+00 8.893800e-16 3 
   27.843341 2.227634e+00 8.620300e-16 3 
   28.024200 2.305674e+00 8.807500e-16 3 
   28.205169 2.639415e+00 9.953401e-16 3 
   28.386250 2.669708e+00 9.939600e-16 3 
   28.567441 2.515597e+00 9.247400e-16 3 
   28.748741 2.491454e+00 9.043500e-16 3 
   28.930150 2.559543e+00 9.174500e-16 3 
   29.111669 2.623827e+00 9.288000e-16 3 
   29.293300 2.737817e+00 9.571700e-16 3 
   29.475041 2.756285e+00 9.517800e-16 3 
   29.656891 2.820275e+00 9.619700e-16 3 
   29.838859 2.858938e+00 9.633000e-16 3 
   30.020941 2.886936e+00 9.609700e-16 3 
   30.203119 2.920895e+00 9.605800e-16 3 
   30.385419 3.035631e+00 9.863700e-16 3 
   30.567828 3.085394e+00 9.906100e-16 3 
   30.750359 3.173382e+00 1.006800e-15 3 
   30.932991 3.212464e+00 1.007200e-15 3 
   31.115741 3.308303e+00 1.025100e-15 3 
   31.298609 3.360365e+00 1.029100e-15 3 
   31.481581 3.380278e+00 1.023200e-15 3 
   31.664672 3.497582e+00 1.046500e-15 3 
   31.847878 3.607482e+00 1.067000e-15 3 
   32.031188 3.553370e+00 1.039000e-15 3 
   32.214619 3.775450e+00 1.091400e-15 3 
   32.398172 3.934057e+00 1.124400e-15 3 
   32.581828 3.766116e+00 1.064300e-15 3 
   32.765597 3.982640e+00 1.112900e-15 3 
   32.949491 4.106000e+00 1.134600e-15 3 
   33.133500 4.219322e+00 1.153000e-15 3 
   33.317619 4.475037e+00 1.209400e-15 3 
   33.501850 4.785802e+00 1.279200e-15 3 
   33.686200 4.644195e+00 1.227800e-15 3 
   33.870672 4.484110e+00 1.172600e-15 3 
   34.055259 4.759658e+00 1.231200e-15 3 
   34.239959 4.619548e+00 1.182100e-15 3 
   34.424772 4.630838e+00 1.172300e-15 3 
   34.609709 4.935467e+00 1.236100e-15 3 
   34.794763 5.462971e+00 1.353700e-15 3 
   34.979931 5.860207e+00 1.436800e-15 3 
