# NGC 2537       
# 
# An Atlas of Galaxy Spectral Energy Distributions from the Ultraviolet to the Mid-Infrared
# Brown et al. (2014)
# http://dx.doi.org/10.5072/03/529D3551F0117
# http://dx.doi.org/10.17909/t9-5bxk-dh29
# 
# The Spectral Energy Distributions of Active Galactic Nuclei
# Brown et al. (2019)
# http://dx.doi.org/10.17909/t9-3dbt-8734
# 
# Column 1: Observed wavelength (um)
# Column 2: f_nu (Jy)
# Column 3: f_lam (erg/s/cm2/A)
# Column 4: Source (0 = model, 1 = Optical Spectrun, 2 = Akari, 3 = Spitzer IRS)
# 
    0.010023 1.873556e-09 5.594900e-18 0 
    0.010209 2.241990e-09 6.453400e-18 0 
    0.010423 2.475447e-09 6.835800e-18 0 
    0.010617 2.822751e-09 7.512600e-18 0 
    0.010814 3.270689e-09 8.390500e-18 0 
    0.011015 4.673641e-09 1.155600e-17 0 
    0.011429 5.857093e-09 1.345200e-17 0 
    0.011830 6.976453e-09 1.495500e-17 0 
    0.012106 1.939414e-08 3.970000e-17 0 
    0.012531 2.326182e-08 4.444200e-17 0 
    0.012706 2.504295e-08 4.653600e-17 0 
    0.012823 2.628128e-08 4.795000e-17 0 
    0.013122 2.908466e-08 5.067400e-17 0 
    0.013213 3.270936e-08 5.620700e-17 0 
    0.013428 3.488901e-08 5.804800e-17 0 
    0.013709 4.165616e-08 6.649500e-17 0 
    0.014028 4.598926e-08 7.011100e-17 0 
    0.014322 8.388028e-08 1.226800e-16 0 
    0.014723 1.471196e-07 2.036100e-16 0 
    0.015136 1.635611e-07 2.141800e-16 0 
    0.015524 1.830916e-07 2.279200e-16 0 
    0.015922 2.049544e-07 2.425400e-16 0 
    0.016218 2.221584e-07 2.533900e-16 0 
    0.016634 2.486889e-07 2.696400e-16 0 
    0.017022 2.733294e-07 2.830000e-16 0 
    0.017338 2.955761e-07 2.949800e-16 0 
    0.017742 3.248410e-07 3.095900e-16 0 
    0.018030 3.472622e-07 3.204700e-16 0 
    0.018239 3.644746e-07 3.286900e-16 0 
    0.018621 3.968921e-07 3.433900e-16 0 
    0.019143 4.412478e-07 3.612300e-16 0 
    0.019409 4.706229e-07 3.747900e-16 0 
    0.019815 5.089324e-07 3.888600e-16 0 
    0.020230 5.516456e-07 4.043800e-16 0 
    0.020512 5.843688e-07 4.166700e-16 0 
    0.021038 6.204036e-07 4.205200e-16 0 
    0.021627 7.139387e-07 4.579200e-16 0 
    0.022029 7.667535e-07 4.740100e-16 0 
    0.022336 8.010788e-07 4.817100e-16 0 
    0.022751 8.623176e-07 4.997900e-16 0 
    0.023014 1.311152e-06 7.426600e-16 0 
    0.023442 2.226685e-06 1.215600e-15 0 
    0.024044 2.868601e-06 1.488600e-15 0 
    0.024660 2.855306e-06 1.408600e-15 0 
    0.025235 3.088081e-06 1.454800e-15 0 
    0.025763 2.658690e-06 1.201700e-15 0 
    0.026062 3.145504e-06 1.389300e-15 0 
    0.026424 3.347071e-06 1.438100e-15 0 
    0.026915 3.432772e-06 1.421600e-15 0 
    0.027416 3.504884e-06 1.398900e-15 0 
    0.027925 3.578008e-06 1.376500e-15 0 
    0.028445 3.670160e-06 1.360800e-15 0 
    0.029040 3.602951e-06 1.281700e-15 0 
    0.029648 3.755398e-06 1.281700e-15 0 
    0.030130 3.712365e-06 1.226800e-15 0 
    0.030832 3.878498e-06 1.224000e-15 0 
    0.031842 4.108375e-06 1.215600e-15 0 
    0.032810 4.233142e-06 1.179700e-15 0 
    0.033884 4.351778e-06 1.137100e-15 0 
    0.034834 4.422466e-06 1.093400e-15 0 
    0.035727 4.515118e-06 1.061200e-15 0 
    0.036644 4.652295e-06 1.039400e-15 0 
    0.037584 4.727828e-06 1.004100e-15 0 
    0.038548 4.652356e-06 9.392700e-16 0 
    0.039537 4.871633e-06 9.349500e-16 0 
    0.040551 4.985059e-06 9.094700e-16 0 
    0.041495 5.042681e-06 8.786000e-16 0 
    0.042267 5.042812e-06 8.468200e-16 0 
    0.043053 5.054475e-06 8.180700e-16 0 
    0.044157 5.160189e-06 7.939400e-16 0 
    0.045186 5.184133e-06 7.617100e-16 0 
    0.046026 5.184131e-06 7.341600e-16 0 
    0.047098 5.232046e-06 7.076000e-16 0 
    0.048084 5.304816e-06 6.883200e-16 0 
    0.049091 5.268340e-06 6.558300e-16 0 
    0.050119 5.391070e-06 6.438600e-16 0 
    0.050699 5.529248e-06 6.453400e-16 0 
    0.051286 6.865400e-06 7.830500e-16 0 
    0.052119 6.928787e-06 7.652200e-16 0 
    0.053088 6.976884e-06 7.426600e-16 0 
    0.054075 6.818039e-06 6.995000e-16 0 
    0.055081 7.510562e-06 7.426600e-16 0 
    0.056105 8.235093e-06 7.848500e-16 0 
    0.057016 8.742983e-06 8.068400e-16 0 
    0.058076 8.642968e-06 7.687600e-16 0 
    0.059020 9.455118e-06 8.143100e-16 0 
    0.060117 9.498696e-06 7.884800e-16 0 
    0.061094 9.992338e-06 8.031400e-16 0 
    0.062087 1.149924e-05 8.949300e-16 0 
    0.063096 1.204125e-05 9.073800e-16 0 
    0.064121 1.249308e-05 9.115700e-16 0 
    0.065163 1.351047e-05 9.545300e-16 0 
    0.065917 1.395283e-05 9.633600e-16 0 
    0.066527 1.484722e-05 1.006400e-15 0 
    0.067608 1.551191e-05 1.018100e-15 0 
    0.068549 1.533445e-05 9.790100e-16 0 
    0.069663 1.843629e-05 1.139700e-15 0 
    0.070632 1.772881e-05 1.066100e-15 0 
    0.071779 2.121514e-05 1.235300e-15 0 
    0.072778 2.231827e-05 1.264100e-15 0 
    0.073621 2.342366e-05 1.296500e-15 0 
    0.074645 2.562506e-05 1.379700e-15 0 
    0.075683 2.733171e-05 1.431500e-15 0 
    0.076560 2.829314e-05 1.448100e-15 0 
    0.077625 3.152615e-05 1.569600e-15 0 
    0.078524 3.362535e-05 1.636000e-15 0 
    0.079616 3.594681e-05 1.701300e-15 0 
    0.080538 3.807715e-05 1.761100e-15 0 
    0.081658 4.014821e-05 1.806300e-15 0 
    0.082604 4.392008e-05 1.931000e-15 0 
    0.083560 3.878420e-05 1.666400e-15 0 
    0.084528 4.793569e-05 2.012700e-15 0 
    0.085704 5.054460e-05 2.064400e-15 0 
    0.086696 5.478556e-05 2.186700e-15 0 
    0.087700 5.897425e-05 2.300300e-15 0 
    0.088716 6.392443e-05 2.436600e-15 0 
    0.089536 6.771168e-05 2.533900e-15 0 
    0.090573 6.992910e-05 2.557300e-15 0 
    0.091622 9.675325e-05 3.457700e-15 0 
    0.092683 5.329322e-04 1.861200e-14 0 
    0.093541 1.139385e-03 3.906500e-14 0 
    0.094624 2.176048e-03 7.291000e-14 0 
    0.095719 3.024571e-03 9.903500e-14 0 
    0.096605 3.611376e-03 1.160900e-13 0 
    0.097724 7.562629e-04 2.375700e-14 0 
    0.098628 3.529131e-03 1.088400e-13 0 
    0.099541 3.586514e-03 1.085900e-13 0 
    0.100693 4.838031e-03 1.431500e-13 0 
    0.101625 4.546572e-03 1.320700e-13 0 
    0.102565 1.970913e-03 5.620700e-14 0 
    0.103753 3.504838e-03 9.767600e-14 0 
    0.104713 6.247019e-03 1.709200e-13 0 
    0.105682 6.247018e-03 1.678000e-13 0 
    0.106660 5.256255e-03 1.386100e-13 0 
    0.107647 6.146982e-03 1.591400e-13 0 
    0.108643 5.172207e-03 1.314600e-13 0 
    0.109648 6.511485e-03 1.624800e-13 0 
    0.110662 6.348367e-03 1.555200e-13 0 
    0.111686 6.290103e-03 1.512800e-13 0 
    0.112720 5.790032e-03 1.367100e-13 0 
    0.113763 7.041753e-03 1.632300e-13 0 
    0.114551 6.511102e-03 1.488600e-13 0 
    0.115611 6.912845e-03 1.551600e-13 0 
    0.116681 7.205678e-03 1.587800e-13 0 
    0.117761 5.366319e-03 1.160900e-13 0 
    0.118577 7.057905e-03 1.505900e-13 0 
    0.119674 5.280472e-03 1.106100e-13 0 
    0.120781 4.089469e-03 8.409900e-14 0 
    0.121619 2.447201e-03 4.963500e-14 0 
    0.122744 5.031069e-03 1.001800e-13 0 
    0.123595 7.305869e-03 1.434800e-13 0 
    0.124738 8.103424e-03 1.562400e-13 0 
    0.125603 7.955369e-03 1.512800e-13 0 
    0.126765 7.139619e-03 1.332900e-13 0 
    0.127644 8.824283e-03 1.624800e-13 0 
    0.128825 9.261055e-03 1.674100e-13 0 
    0.129718 7.864268e-03 1.402100e-13 0 
    0.130617 7.828064e-03 1.376500e-13 0 
    0.131826 9.411976e-03 1.624800e-13 0 
    0.132739 9.155166e-03 1.558800e-13 0 
    0.133660 8.446570e-03 1.418400e-13 0 
    0.134586 9.653230e-03 1.598800e-13 0 
    0.135831 9.520847e-03 1.548100e-13 0 
    0.136773 8.824022e-03 1.415100e-13 0 
    0.137721 9.218629e-03 1.458100e-13 0 
    0.138676 9.389873e-03 1.464800e-13 0 
    0.139637 8.330406e-03 1.281700e-13 0 
    0.140605 8.663112e-03 1.314600e-13 0 
    0.141579 9.092237e-03 1.360800e-13 0 
    0.142561 9.261482e-03 1.367100e-13 0 
    0.143549 9.347024e-03 1.360800e-13 0 
    0.144544 9.832926e-03 1.411900e-13 0 
    0.144877 9.946152e-03 1.421600e-13 0 
    0.145546 9.787546e-03 1.386100e-13 0 
    0.146555 9.282235e-03 1.296500e-13 0 
    0.147571 9.325722e-03 1.284700e-13 0 
    0.148594 9.498891e-03 1.290600e-13 0 
    0.149624 9.697450e-03 1.299500e-13 0 
    0.150661 9.368525e-03 1.238200e-13 0 
    0.151356 8.622812e-03 1.129200e-13 0 
    0.152055 9.134227e-03 1.185200e-13 0 
    0.152757 8.988527e-03 1.155600e-13 0 
    0.153815 8.103226e-03 1.027500e-13 0 
    0.154882 8.663023e-03 1.083400e-13 0 
    0.155597 8.311439e-03 1.029900e-13 0 
    0.156675 8.583288e-03 1.049000e-13 0 
    0.157761 9.176402e-03 1.106100e-13 0 
    0.158855 9.564873e-03 1.137100e-13 0 
    0.159588 9.810401e-03 1.155600e-13 0 
    0.160694 9.630954e-03 1.118900e-13 0 
    0.161808 9.720440e-03 1.113800e-13 0 
    0.162555 9.368235e-03 1.063600e-13 0 
    0.163682 9.923682e-03 1.111200e-13 0 
    0.164816 1.010784e-02 1.116300e-13 0 
    0.165577 9.564439e-03 1.046600e-13 0 
    0.166725 1.036744e-02 1.118900e-13 0 
    0.167494 9.542181e-03 1.020400e-13 0 
    0.167880 1.051158e-02 1.118900e-13 0 
    0.168655 1.085632e-02 1.145000e-13 0 
    0.169824 1.041515e-02 1.083400e-13 0 
    0.170608 1.013121e-02 1.044200e-13 0 
    0.171791 9.855091e-03 1.001800e-13 0 
    0.172584 9.832603e-03 9.903500e-14 0 
    0.173780 1.043896e-02 1.037000e-13 0 
    0.174582 1.027240e-02 1.011100e-13 0 
    0.175792 1.088089e-02 1.056300e-13 0 
    0.176604 1.020160e-02 9.812700e-14 0 
    0.177828 1.053577e-02 9.995100e-14 0 
    0.178649 1.070657e-02 1.006400e-13 0 
    0.179887 1.131498e-02 1.049000e-13 0 
    0.180717 1.131513e-02 1.039400e-13 0 
    0.181970 1.075645e-02 9.745200e-14 0 
    0.182810 1.095636e-02 9.835300e-14 0 
    0.183654 1.070698e-02 9.523300e-14 0 
    0.184927 1.006162e-02 8.826500e-14 0 
    0.185780 1.017801e-02 8.846800e-14 0 
    0.186638 1.048740e-02 9.032100e-14 0 
    0.187932 1.118582e-02 9.501400e-14 0 
    0.188799 1.051149e-02 8.846800e-14 0 
    0.189671 1.020158e-02 8.507200e-14 0 
    0.190985 1.080604e-02 8.887700e-14 0 
    0.191867 1.056016e-02 8.605800e-14 0 
    0.192753 1.039128e-02 8.390500e-14 0 
    0.193642 1.068234e-02 8.546500e-14 0 
    0.194984 1.126331e-02 8.887700e-14 0 
    0.195884 1.068236e-02 8.352000e-14 0 
    0.196789 1.149927e-02 8.908200e-14 0 
    0.197697 1.182138e-02 9.073800e-14 0 
    0.198610 1.136766e-02 8.645500e-14 0 
    0.199986 1.121163e-02 8.409900e-14 0 
    0.200909 1.149915e-02 8.546500e-14 0 
    0.201837 1.131544e-02 8.332800e-14 0 
    0.202768 1.171294e-02 8.546500e-14 0 
    0.203704 1.134136e-02 8.199500e-14 0 
    0.204645 1.168608e-02 8.371200e-14 0 
    0.205589 1.113435e-02 7.902900e-14 0 
    0.207014 1.142009e-02 7.994500e-14 0 
    0.207491 1.218056e-02 8.487700e-14 0 
    0.207970 1.182136e-02 8.199500e-14 0 
    0.208930 1.223689e-02 8.409900e-14 0 
    0.209894 1.174005e-02 7.994500e-14 0 
    0.210863 1.193081e-02 8.049900e-14 0 
    0.211836 1.209667e-02 8.087000e-14 0 
    0.212814 1.226508e-02 8.124400e-14 0 
    0.213796 1.171301e-02 7.687600e-14 0 
    0.214783 1.198580e-02 7.794500e-14 0 
    0.215774 1.237849e-02 7.976100e-14 0 
    0.216770 1.206887e-02 7.705300e-14 0 
    0.217771 1.209665e-02 7.652200e-14 0 
    0.218776 1.206880e-02 7.564600e-14 0 
    0.219786 1.257966e-02 7.812500e-14 0 
    0.220801 1.235013e-02 7.599600e-14 0 
    0.221820 1.193085e-02 7.274300e-14 0 
    0.222844 1.173999e-02 7.092300e-14 0 
    0.223872 1.246435e-02 7.460900e-14 0 
    0.224905 1.212457e-02 7.191000e-14 0 
    0.225944 1.176701e-02 6.914900e-14 0 
    0.226986 1.198571e-02 6.978900e-14 0 
    0.228034 1.232163e-02 7.108700e-14 0 
    0.229087 1.263774e-02 7.224200e-14 0 
    0.229615 1.204124e-02 6.851600e-14 0 
    0.230675 1.224171e-02 6.901800e-14 0 
    0.231739 1.194318e-02 6.671800e-14 0 
    0.232809 1.014841e-02 5.617200e-14 0 
    0.233884 1.144670e-02 6.277700e-14 0 
    0.234963 1.114182e-02 6.054500e-14 0 
    0.236048 1.197394e-02 6.447000e-14 0 
    0.236592 1.120411e-02 6.004800e-14 0 
    0.237684 1.155202e-02 6.134500e-14 0 
    0.238781 1.088785e-02 5.728800e-14 0 
    0.239883 1.151414e-02 6.002800e-14 0 
    0.240991 1.125951e-02 5.816200e-14 0 
    0.242103 1.150278e-02 5.887400e-14 0 
    0.242661 1.213234e-02 6.181100e-14 0 
    0.243781 1.180957e-02 5.961500e-14 0 
    0.244906 1.240285e-02 6.203600e-14 0 
    0.246037 1.235423e-02 6.122600e-14 0 
    0.246604 1.227339e-02 6.054600e-14 0 
    0.247742 1.197448e-02 5.853000e-14 0 
    0.248886 1.214933e-02 5.884000e-14 0 
    0.250035 1.153052e-02 5.533100e-14 0 
    0.250611 1.276425e-02 6.097000e-14 0 
    0.251768 1.167591e-02 5.526000e-14 0 
    0.252348 1.189703e-02 5.604800e-14 0 
    0.252930 1.160353e-02 5.441400e-14 0 
    0.254097 1.182728e-02 5.495500e-14 0 
    0.254683 1.175001e-02 5.434500e-14 0 
    0.255859 1.257015e-02 5.760500e-14 0 
    0.257040 1.234928e-02 5.607400e-14 0 
    0.257632 1.293568e-02 5.846700e-14 0 
    0.258821 1.288520e-02 5.770500e-14 0 
    0.260016 1.280569e-02 5.682300e-14 0 
    0.260615 1.243233e-02 5.491300e-14 0 
    0.261818 1.235544e-02 5.407300e-14 0 
    0.263027 1.291720e-02 5.601300e-14 0 
    0.263633 1.343759e-02 5.800200e-14 0 
    0.264850 1.454234e-02 6.219500e-14 0 
    0.266072 1.509877e-02 6.398300e-14 0 
    0.266686 1.387081e-02 5.850900e-14 0 
    0.267917 1.443486e-02 6.033000e-14 0 
    0.269154 1.468003e-02 6.079200e-14 0 
    0.269774 1.392777e-02 5.741200e-14 0 
    0.271019 1.442779e-02 5.892800e-14 0 
    0.271644 1.372011e-02 5.578000e-14 0 
    0.272898 1.363582e-02 5.492900e-14 0 
    0.274157 1.432163e-02 5.716300e-14 0 
    0.274789 1.276907e-02 5.073200e-14 0 
    0.276058 1.322743e-02 5.207100e-14 0 
    0.276694 1.376056e-02 5.392100e-14 0 
    0.277971 1.435354e-02 5.572900e-14 0 
    0.278612 1.352454e-02 5.226900e-14 0 
    0.279898 1.141430e-02 4.370900e-14 0 
    0.281190 1.212768e-02 4.601500e-14 0 
    0.281838 1.441914e-02 5.445800e-14 0 
    0.283139 1.521476e-02 5.693600e-14 0 
    0.283792 1.480582e-02 5.515100e-14 0 
    0.285102 1.438007e-02 5.307400e-14 0 
    0.285759 1.370633e-02 5.035500e-14 0 
    0.287078 1.528473e-02 5.563900e-14 0 
    0.287740 1.561087e-02 5.656500e-14 0 
    0.289068 1.558678e-02 5.596000e-14 0 
    0.289734 1.577342e-02 5.637000e-14 0 
    0.291743 1.723558e-02 6.075000e-14 0 
    0.293089 1.662502e-02 5.806100e-14 0 
    0.295121 1.649199e-02 5.680600e-14 0 
    0.297167 1.685716e-02 5.726700e-14 0 
    0.299227 1.703348e-02 5.707200e-14 0 
    0.301301 1.733064e-02 5.727100e-14 0 
    0.303389 1.759284e-02 5.734000e-14 0 
    0.305492 1.785905e-02 5.740900e-14 0 
    0.307610 1.817126e-02 5.761100e-14 0 
    0.309742 1.836198e-02 5.741700e-14 0 
    0.311172 1.871847e-02 5.799500e-14 0 
    0.313329 1.852694e-02 5.661400e-14 0 
    0.315501 1.872165e-02 5.642400e-14 0 
    0.317687 1.918148e-02 5.701700e-14 0 
    0.319154 1.833365e-02 5.399700e-14 0 
    0.321366 1.917734e-02 5.570700e-14 0 
    0.323594 1.846475e-02 5.290100e-14 0 
    0.325837 2.017863e-02 5.701800e-14 0 
    0.327341 2.119648e-02 5.934500e-14 0 
    0.329610 2.122373e-02 5.860600e-14 0 
    0.331131 2.109549e-02 5.771800e-14 0 
    0.332660 2.096837e-02 5.684400e-14 0 
    0.333426 2.201668e-02 5.941200e-14 0 
    0.334195 2.152493e-02 5.781800e-14 0 
    0.334966 2.109252e-02 5.639600e-14 0 
    0.335738 2.090843e-02 5.564700e-14 0 
    0.336512 2.165269e-02 5.736300e-14 0 
    0.337287 2.161223e-02 5.699300e-14 0 
    0.338065 1.935923e-02 5.081700e-14 0 
    0.338844 2.009458e-02 5.250500e-14 0 
    0.339625 2.209359e-02 5.746300e-14 0 
    0.340408 2.282750e-02 5.909900e-14 0 
    0.341193 2.156001e-02 5.556100e-14 0 
    0.341979 2.212297e-02 5.675000e-14 0 
    0.342768 2.333624e-02 5.958700e-14 0 
    0.343558 2.286793e-02 5.812300e-14 0 
    0.344350 2.314305e-02 5.855200e-14 0 
    0.345144 2.035240e-02 5.125500e-14 0 
    0.345939 2.284572e-02 5.727000e-14 0 
    0.346737 2.108613e-02 5.261600e-14 0 
    0.347536 2.229421e-02 5.537500e-14 0 
    0.348337 2.057702e-02 5.087500e-14 0 
    0.349140 2.216078e-02 5.453900e-14 0 
    0.349945 2.171569e-02 5.319800e-14 0 
    0.350752 2.327957e-02 5.676700e-14 0 
    0.351560 2.291770e-02 5.562800e-14 0 
    0.352371 2.214944e-02 5.351600e-14 0 
    0.353183 2.195642e-02 5.280600e-14 0 
    0.353997 2.353729e-02 5.634800e-14 0 
    0.354813 2.494345e-02 5.944000e-14 0 
    0.355631 2.472597e-02 5.865100e-14 0 
    0.356451 2.428574e-02 5.734200e-14 0 
    0.357273 2.390857e-02 5.619200e-14 0 
    0.358096 2.191540e-02 5.127100e-14 0 
    0.358922 2.118098e-02 4.932500e-14 0 
    0.359749 2.143616e-02 4.969000e-14 0 
    0.360579 2.496591e-02 5.760600e-14 0 
    0.361126 2.366239e-02 5.443300e-14 1 
    0.361401 2.237056e-02 5.138300e-14 1 
    0.361676 2.477271e-02 5.681400e-14 1 
    0.361951 2.249853e-02 5.152000e-14 1 
    0.362226 2.390254e-02 5.465200e-14 1 
    0.362501 2.303039e-02 5.257800e-14 1 
    0.362776 2.736448e-02 6.237800e-14 1 
    0.363051 2.755581e-02 6.271900e-14 1 
    0.363326 2.631975e-02 5.981500e-14 1 
    0.363601 2.339556e-02 5.308900e-14 1 
    0.363876 2.390321e-02 5.415900e-14 1 
    0.364151 2.092787e-02 4.734600e-14 1 
    0.364426 2.715579e-02 6.134300e-14 1 
    0.364701 2.303501e-02 5.195600e-14 1 
    0.364976 2.320208e-02 5.225400e-14 1 
    0.365251 2.391521e-02 5.377900e-14 1 
    0.365526 2.610591e-02 5.861700e-14 1 
    0.365801 2.627411e-02 5.890600e-14 1 
    0.366076 2.472917e-02 5.535900e-14 1 
    0.366351 2.372171e-02 5.302400e-14 1 
    0.366626 2.453201e-02 5.475300e-14 1 
    0.366901 2.533524e-02 5.646100e-14 1 
    0.367176 2.265261e-02 5.040700e-14 1 
    0.367451 2.608096e-02 5.794900e-14 1 
    0.367726 2.669966e-02 5.923500e-14 1 
    0.368001 2.414127e-02 5.347900e-14 1 
    0.368276 2.358060e-02 5.215900e-14 1 
    0.368551 2.348634e-02 5.187300e-14 1 
    0.368826 2.487266e-02 5.485300e-14 1 
    0.369101 2.634932e-02 5.802300e-14 1 
    0.369376 2.251101e-02 4.949700e-14 1 
    0.369651 2.595512e-02 5.698500e-14 1 
    0.369926 2.564297e-02 5.621600e-14 1 
    0.370201 2.717266e-02 5.948100e-14 1 
    0.370476 2.586065e-02 5.652500e-14 1 
    0.370751 2.469769e-02 5.390300e-14 1 
    0.371026 2.349586e-02 5.120400e-14 1 
    0.371301 2.518645e-02 5.480700e-14 1 
    0.371576 2.815175e-02 6.116900e-14 1 
    0.371851 2.993430e-02 6.494600e-14 1 
    0.372126 2.901248e-02 6.285300e-14 1 
    0.372401 3.541535e-02 7.661100e-14 1 
    0.372676 5.841141e-02 1.261700e-13 1 
    0.372951 9.538497e-02 2.057300e-13 1 
    0.373226 1.274806e-01 2.745500e-13 1 
    0.373501 1.105422e-01 2.377200e-13 1 
    0.373776 7.183811e-02 1.542600e-13 1 
    0.374051 4.177697e-02 8.957700e-14 1 
    0.374326 2.820335e-02 6.038400e-14 1 
    0.374601 2.875746e-02 6.148000e-14 1 
    0.374876 2.737002e-02 5.842800e-14 1 
    0.375151 2.529348e-02 5.391600e-14 1 
    0.375426 2.525870e-02 5.376300e-14 1 
    0.375701 2.612663e-02 5.552900e-14 1 
    0.375976 2.902173e-02 6.159200e-14 1 
    0.376251 2.972389e-02 6.299000e-14 1 
    0.376526 2.985195e-02 6.316900e-14 1 
    0.376801 2.978814e-02 6.294200e-14 1 
    0.377076 2.980320e-02 6.288200e-14 1 
    0.377351 2.813606e-02 5.927800e-14 1 
    0.377626 3.035413e-02 6.385800e-14 1 
    0.377901 3.217205e-02 6.758400e-14 1 
    0.378176 3.353512e-02 7.034500e-14 1 
    0.378451 3.503335e-02 7.338100e-14 1 
    0.378726 3.522629e-02 7.367800e-14 1 
    0.379001 3.478381e-02 7.264700e-14 1 
    0.379276 3.413663e-02 7.119200e-14 1 
    0.379551 3.117724e-02 6.492600e-14 1 
    0.379826 2.955374e-02 6.145600e-14 1 
    0.380101 2.926281e-02 6.076300e-14 1 
    0.380376 2.930951e-02 6.077200e-14 1 
    0.380651 2.887085e-02 5.977600e-14 1 
    0.380926 3.122410e-02 6.455500e-14 1 
    0.381201 3.502072e-02 7.230000e-14 1 
    0.381476 3.799096e-02 7.831900e-14 1 
    0.381751 3.598411e-02 7.407500e-14 1 
    0.382026 3.562441e-02 7.322900e-14 1 
    0.382301 3.440515e-02 7.062100e-14 1 
    0.382576 3.469422e-02 7.111200e-14 1 
    0.382851 3.371320e-02 6.900200e-14 1 
    0.383126 3.254431e-02 6.651400e-14 1 
    0.383401 3.052526e-02 6.229800e-14 1 
    0.383676 2.803121e-02 5.712600e-14 1 
    0.383951 2.856034e-02 5.812100e-14 1 
    0.384226 2.868246e-02 5.828600e-14 1 
    0.384501 2.912074e-02 5.909200e-14 1 
    0.384776 3.037694e-02 6.155300e-14 1 
    0.385051 3.314794e-02 6.707200e-14 1 
    0.385326 3.706360e-02 7.488800e-14 1 
    0.385601 3.692521e-02 7.450200e-14 1 
    0.385876 3.749706e-02 7.554800e-14 1 
    0.386151 3.913112e-02 7.872800e-14 1 
    0.386426 3.780413e-02 7.595000e-14 1 
    0.386701 4.014039e-02 8.052900e-14 1 
    0.386976 4.304875e-02 8.624100e-14 1 
    0.387251 4.204572e-02 8.411200e-14 1 
    0.387526 4.028382e-02 8.047300e-14 1 
    0.387801 4.042573e-02 8.064200e-14 1 
    0.388076 3.778679e-02 7.527100e-14 1 
    0.388351 3.553840e-02 7.069200e-14 1 
    0.388626 3.520866e-02 6.993700e-14 1 
    0.388901 3.351768e-02 6.648400e-14 1 
    0.389176 3.527405e-02 6.986900e-14 1 
    0.389451 3.426171e-02 6.776800e-14 1 
    0.389726 3.272088e-02 6.462900e-14 1 
    0.390001 3.544810e-02 6.991700e-14 1 
    0.390276 3.600430e-02 7.091400e-14 1 
    0.390551 3.673840e-02 7.225800e-14 1 
    0.390826 3.789908e-02 7.443600e-14 1 
    0.391101 3.945603e-02 7.738500e-14 1 
    0.391376 4.018296e-02 7.870000e-14 1 
    0.391651 4.061013e-02 7.942500e-14 1 
    0.391926 4.019817e-02 7.850900e-14 1 
    0.392201 4.027101e-02 7.854100e-14 1 
    0.392476 3.861923e-02 7.521400e-14 1 
    0.392751 3.816536e-02 7.422600e-14 1 
    0.393026 3.620557e-02 7.031600e-14 1 
    0.393301 3.251648e-02 6.306300e-14 1 
    0.393576 3.128041e-02 6.058100e-14 1 
    0.393851 3.080914e-02 5.958500e-14 1 
    0.394126 3.318635e-02 6.409300e-14 1 
    0.394401 3.503138e-02 6.756200e-14 1 
    0.394676 3.776104e-02 7.272500e-14 1 
    0.394951 3.774400e-02 7.259100e-14 1 
    0.395226 3.924303e-02 7.536900e-14 1 
    0.395501 3.902966e-02 7.485500e-14 1 
    0.395776 4.025039e-02 7.708900e-14 1 
    0.396051 3.855008e-02 7.373000e-14 1 
    0.396326 3.577420e-02 6.832600e-14 1 
    0.396601 3.207768e-02 6.118100e-14 1 
    0.396876 2.922451e-02 5.566200e-14 1 
    0.397151 2.870824e-02 5.460300e-14 1 
    0.397426 2.992314e-02 5.683500e-14 1 
    0.397701 3.018442e-02 5.725200e-14 1 
    0.397976 3.216058e-02 6.091600e-14 1 
    0.398251 3.473055e-02 6.569300e-14 1 
    0.398526 3.800422e-02 7.178600e-14 1 
    0.398801 4.134621e-02 7.799100e-14 1 
    0.399076 4.135388e-02 7.789800e-14 1 
    0.399351 4.263624e-02 8.020300e-14 1 
    0.399626 4.389274e-02 8.245300e-14 1 
    0.399901 4.298192e-02 8.063100e-14 1 
    0.400176 4.401471e-02 8.245500e-14 1 
    0.400451 4.492353e-02 8.404200e-14 1 
    0.400726 4.493868e-02 8.395500e-14 1 
    0.401001 4.405862e-02 8.219800e-14 1 
    0.401276 4.538364e-02 8.455400e-14 1 
    0.401551 4.747538e-02 8.833000e-14 1 
    0.401826 4.762385e-02 8.848500e-14 1 
    0.402101 4.691890e-02 8.705600e-14 1 
    0.402376 4.762154e-02 8.823900e-14 1 
    0.402651 4.649772e-02 8.603900e-14 1 
    0.402926 4.537610e-02 8.384900e-14 1 
    0.403201 4.680691e-02 8.637500e-14 1 
    0.403476 4.494223e-02 8.282100e-14 1 
    0.403751 4.524967e-02 8.327400e-14 1 
    0.404026 4.710748e-02 8.657500e-14 1 
    0.404301 4.731711e-02 8.684200e-14 1 
    0.404576 4.510469e-02 8.266900e-14 1 
    0.404851 4.632537e-02 8.479100e-14 1 
    0.405126 4.611041e-02 8.428300e-14 1 
    0.405401 4.628862e-02 8.449400e-14 1 
    0.405676 4.578641e-02 8.346400e-14 1 
    0.405951 4.427470e-02 8.059900e-14 1 
    0.406226 4.606631e-02 8.374700e-14 1 
    0.406501 4.381585e-02 7.954800e-14 1 
    0.406776 4.598706e-02 8.337700e-14 1 
    0.407051 4.620280e-02 8.365500e-14 1 
    0.407326 4.800292e-02 8.679700e-14 1 
    0.407601 4.585259e-02 8.279700e-14 1 
    0.407876 4.715721e-02 8.503800e-14 1 
    0.408151 4.565157e-02 8.221200e-14 1 
    0.408426 4.352565e-02 7.827800e-14 1 
    0.408701 4.566444e-02 8.201400e-14 1 
    0.408976 4.559657e-02 8.178200e-14 1 
    0.409251 4.567912e-02 8.182000e-14 1 
    0.409526 4.489526e-02 8.030800e-14 1 
    0.409801 4.215663e-02 7.530800e-14 1 
    0.410076 4.133766e-02 7.374600e-14 1 
    0.410351 4.248708e-02 7.569500e-14 1 
    0.410626 4.261374e-02 7.581900e-14 1 
    0.410901 4.278339e-02 7.601900e-14 1 
    0.411176 4.123456e-02 7.316900e-14 1 
    0.411451 4.116445e-02 7.294700e-14 1 
    0.411726 4.402842e-02 7.791800e-14 1 
    0.412001 4.472436e-02 7.904400e-14 1 
    0.412276 4.559428e-02 8.047400e-14 1 
    0.412551 4.568463e-02 8.052600e-14 1 
    0.412826 4.475311e-02 7.877900e-14 1 
    0.413101 4.617741e-02 8.117800e-14 1 
    0.413376 4.709217e-02 8.267600e-14 1 
    0.413651 4.674476e-02 8.195700e-14 1 
    0.413926 4.715931e-02 8.257400e-14 1 
    0.414201 4.716824e-02 8.248000e-14 1 
    0.414476 4.724005e-02 8.249600e-14 1 
    0.414751 4.600288e-02 8.022900e-14 1 
    0.415026 4.760263e-02 8.290900e-14 1 
    0.415301 4.640150e-02 8.071000e-14 1 
    0.415576 4.607496e-02 8.003600e-14 1 
    0.415851 4.740817e-02 8.224300e-14 1 
    0.416126 4.695141e-02 8.134300e-14 1 
    0.416401 4.867687e-02 8.422100e-14 1 
    0.416676 4.873308e-02 8.420700e-14 1 
    0.416951 4.717542e-02 8.140800e-14 1 
    0.417226 4.884789e-02 8.418300e-14 1 
    0.417501 4.792050e-02 8.247600e-14 1 
    0.417776 4.768984e-02 8.197100e-14 1 
    0.418051 4.829326e-02 8.289900e-14 1 
    0.418326 4.712251e-02 8.078300e-14 1 
    0.418601 4.667282e-02 7.990700e-14 1 
    0.418876 4.824777e-02 8.249500e-14 1 
    0.419151 4.842300e-02 8.268600e-14 1 
    0.419426 4.748324e-02 8.097500e-14 1 
    0.419701 4.778039e-02 8.137500e-14 1 
    0.419976 4.844566e-02 8.240000e-14 1 
    0.420251 4.811763e-02 8.173500e-14 1 
    0.420526 4.746914e-02 8.052800e-14 1 
    0.420801 4.747753e-02 8.043700e-14 1 
    0.421076 4.824173e-02 8.162500e-14 1 
    0.421351 4.926879e-02 8.325400e-14 1 
    0.421626 4.918557e-02 8.300500e-14 1 
    0.421901 4.834789e-02 8.148500e-14 1 
    0.422176 4.929734e-02 8.297700e-14 1 
    0.422451 4.835207e-02 8.128000e-14 1 
    0.422726 4.726066e-02 7.934200e-14 1 
    0.423001 4.677703e-02 7.842800e-14 1 
    0.423276 4.680204e-02 7.836800e-14 1 
    0.423551 4.730478e-02 7.910700e-14 1 
    0.423826 4.753029e-02 7.938100e-14 1 
    0.424101 4.799188e-02 8.004800e-14 1 
    0.424376 4.961016e-02 8.264000e-14 1 
    0.424651 4.947191e-02 8.230300e-14 1 
    0.424926 4.749746e-02 7.891600e-14 1 
    0.425201 4.695992e-02 7.792200e-14 1 
    0.425476 4.778523e-02 7.918900e-14 1 
    0.425751 4.873944e-02 8.066600e-14 1 
    0.426026 4.918055e-02 8.129100e-14 1 
    0.426301 4.852804e-02 8.010900e-14 1 
    0.426576 4.840142e-02 7.979700e-14 1 
    0.426851 4.908212e-02 8.081500e-14 1 
    0.427126 4.942572e-02 8.127600e-14 1 
    0.427401 4.840127e-02 7.948900e-14 1 
    0.427676 4.675889e-02 7.669300e-14 1 
    0.427951 4.769813e-02 7.813300e-14 1 
    0.428226 4.910482e-02 8.033400e-14 1 
    0.428501 4.935091e-02 8.063300e-14 1 
    0.428776 4.945043e-02 8.069200e-14 1 
    0.429051 4.808785e-02 7.836800e-14 1 
    0.429326 4.752097e-02 7.734500e-14 1 
    0.429601 4.753512e-02 7.726900e-14 1 
    0.429876 4.623283e-02 7.505600e-14 1 
    0.430151 4.530271e-02 7.345200e-14 1 
    0.430426 4.439418e-02 7.188700e-14 1 
    0.430701 4.470136e-02 7.229200e-14 1 
    0.430976 4.527172e-02 7.312100e-14 1 
    0.431251 4.530658e-02 7.308400e-14 1 
    0.431526 4.580446e-02 7.379300e-14 1 
    0.431801 4.617362e-02 7.429300e-14 1 
    0.432076 4.774961e-02 7.673100e-14 1 
    0.432351 4.898058e-02 7.860900e-14 1 
    0.432626 4.805405e-02 7.702400e-14 1 
    0.432901 4.668465e-02 7.473400e-14 1 
    0.433176 4.681841e-02 7.485300e-14 1 
    0.433451 4.680899e-02 7.474300e-14 1 
    0.433726 4.758450e-02 7.588500e-14 1 
    0.434001 5.103968e-02 8.129200e-14 1 
    0.434276 5.649445e-02 8.986600e-14 1 
    0.434551 5.828567e-02 9.259800e-14 1 
    0.434826 5.477022e-02 8.690300e-14 1 
    0.435101 5.050047e-02 8.002700e-14 1 
    0.435376 4.737037e-02 7.497200e-14 1 
    0.435651 4.884291e-02 7.720500e-14 1 
    0.435926 4.897808e-02 7.732100e-14 1 
    0.436201 5.089947e-02 8.025300e-14 1 
    0.436476 5.123039e-02 8.067300e-14 1 
    0.436751 5.194797e-02 8.170000e-14 1 
    0.437026 5.332170e-02 8.375500e-14 1 
    0.437301 5.145483e-02 8.072100e-14 1 
    0.437576 5.057944e-02 7.924800e-14 1 
    0.437851 4.977201e-02 7.788500e-14 1 
    0.438126 5.110529e-02 7.987100e-14 1 
    0.438401 5.154617e-02 8.045900e-14 1 
    0.438676 4.994051e-02 7.785500e-14 1 
    0.438951 4.901727e-02 7.632000e-14 1 
    0.439226 4.960731e-02 7.714200e-14 1 
    0.439501 5.098423e-02 7.918400e-14 1 
    0.439776 5.248439e-02 8.141200e-14 1 
    0.440051 5.248744e-02 8.131500e-14 1 
    0.440326 5.210777e-02 8.062600e-14 1 
    0.440601 5.056095e-02 7.813500e-14 1 
    0.440876 4.965094e-02 7.663300e-14 1 
    0.441151 5.102719e-02 7.865900e-14 1 
    0.441426 5.279712e-02 8.128600e-14 1 
    0.441701 5.278294e-02 8.116300e-14 1 
    0.441976 5.134584e-02 7.885500e-14 1 
    0.442251 5.035621e-02 7.723900e-14 1 
    0.442526 5.188300e-02 7.948200e-14 1 
    0.442801 5.317884e-02 8.136600e-14 1 
    0.443076 5.273056e-02 8.058000e-14 1 
    0.443351 5.275083e-02 8.051100e-14 1 
    0.443626 5.378916e-02 8.199400e-14 1 
    0.443901 5.323385e-02 8.104700e-14 1 
    0.444176 5.250343e-02 7.983600e-14 1 
    0.444451 5.401048e-02 8.202600e-14 1 
    0.444726 5.331324e-02 8.086700e-14 1 
    0.445001 5.450002e-02 8.256500e-14 1 
    0.445276 5.423497e-02 8.206200e-14 1 
    0.445551 5.371040e-02 8.116800e-14 1 
    0.445826 5.360844e-02 8.091400e-14 1 
    0.446101 5.298072e-02 7.986800e-14 1 
    0.446376 5.276180e-02 7.944000e-14 1 
    0.446651 5.127275e-02 7.710300e-14 1 
    0.446926 5.417758e-02 8.137100e-14 1 
    0.447201 5.483357e-02 8.225500e-14 1 
    0.447476 5.599698e-02 8.389700e-14 1 
    0.447751 5.498524e-02 8.228000e-14 1 
    0.448026 5.543485e-02 8.285100e-14 1 
    0.448301 5.604823e-02 8.366500e-14 1 
    0.448576 5.665427e-02 8.446600e-14 1 
    0.448851 5.538938e-02 8.247900e-14 1 
    0.449126 5.586406e-02 8.308400e-14 1 
    0.449401 5.594932e-02 8.310900e-14 1 
    0.449676 5.389193e-02 7.995500e-14 1 
    0.449951 5.619298e-02 8.326700e-14 1 
    0.450226 5.765899e-02 8.533500e-14 1 
    0.450501 5.848984e-02 8.645900e-14 1 
    0.450776 5.687946e-02 8.397600e-14 1 
    0.451051 5.770977e-02 8.509800e-14 1 
    0.451326 5.848563e-02 8.613700e-14 1 
    0.451601 5.769628e-02 8.487100e-14 1 
    0.451876 5.800275e-02 8.521800e-14 1 
    0.452151 5.836776e-02 8.565000e-14 1 
    0.452426 5.762208e-02 8.445300e-14 1 
    0.452701 5.705547e-02 8.352100e-14 1 
    0.452976 5.771712e-02 8.438700e-14 1 
    0.453251 5.461186e-02 7.975000e-14 1 
    0.453526 5.414610e-02 7.897400e-14 1 
    0.453801 5.445342e-02 7.932600e-14 1 
    0.454076 5.556136e-02 8.084200e-14 1 
    0.454351 5.562937e-02 8.084300e-14 1 
    0.454626 5.762303e-02 8.363900e-14 1 
    0.454901 5.650978e-02 8.192400e-14 1 
    0.455176 5.458155e-02 7.903300e-14 1 
    0.455451 5.697219e-02 8.239500e-14 1 
    0.455726 5.524383e-02 7.979900e-14 1 
    0.456001 5.561480e-02 8.023800e-14 1 
    0.456276 5.594352e-02 8.061500e-14 1 
    0.456551 5.636671e-02 8.112700e-14 1 
    0.456826 5.863493e-02 8.429000e-14 1 
    0.457101 5.610840e-02 8.056100e-14 1 
    0.457376 5.876295e-02 8.427100e-14 1 
    0.457651 5.893417e-02 8.441500e-14 1 
    0.457926 5.671234e-02 8.113500e-14 1 
    0.458201 5.936633e-02 8.483000e-14 1 
    0.458476 5.859121e-02 8.362200e-14 1 
    0.458751 5.541003e-02 7.898700e-14 1 
    0.459026 5.738125e-02 8.169900e-14 1 
    0.459301 5.663854e-02 8.054500e-14 1 
    0.459576 5.845873e-02 8.303400e-14 1 
    0.459851 5.630412e-02 7.987800e-14 1 
    0.460126 5.718658e-02 8.103300e-14 1 
    0.460401 5.854727e-02 8.286200e-14 1 
    0.460676 5.764101e-02 8.148200e-14 1 
    0.460951 5.870352e-02 8.288500e-14 1 
    0.461226 6.002586e-02 8.465100e-14 1 
    0.461501 6.009604e-02 8.464900e-14 1 
    0.461776 5.850016e-02 8.230300e-14 1 
    0.462051 5.937045e-02 8.342800e-14 1 
    0.462326 5.900938e-02 8.282200e-14 1 
    0.462601 5.889984e-02 8.257000e-14 1 
    0.462876 5.882562e-02 8.236800e-14 1 
    0.463151 5.889340e-02 8.236500e-14 1 
    0.463426 6.054903e-02 8.458000e-14 1 
    0.463701 6.048401e-02 8.438900e-14 1 
    0.463976 6.010083e-02 8.375500e-14 1 
    0.464251 5.823952e-02 8.106500e-14 1 
    0.464526 5.868832e-02 8.159300e-14 1 
    0.464801 5.952621e-02 8.266000e-14 1 
    0.465076 5.791965e-02 8.033400e-14 1 
    0.465351 5.968377e-02 8.268300e-14 1 
    0.465626 5.897816e-02 8.160900e-14 1 
    0.465901 5.933075e-02 8.200000e-14 1 
    0.466176 5.945659e-02 8.207700e-14 1 
    0.466451 6.039996e-02 8.328100e-14 1 
    0.466726 6.021198e-02 8.292400e-14 1 
    0.467001 5.800465e-02 7.979000e-14 1 
    0.467276 5.795725e-02 7.963100e-14 1 
    0.467551 5.869078e-02 8.054400e-14 1 
    0.467826 5.916547e-02 8.110000e-14 1 
    0.468101 5.870843e-02 8.037900e-14 1 
    0.468376 6.028527e-02 8.244100e-14 1 
    0.468651 5.967302e-02 8.150800e-14 1 
    0.468926 6.022097e-02 8.216000e-14 1 
    0.469201 6.059249e-02 8.257000e-14 1 
    0.469476 6.002657e-02 8.170300e-14 1 
    0.469751 6.007631e-02 8.167500e-14 1 
    0.470026 5.958479e-02 8.091200e-14 1 
    0.470301 5.927189e-02 8.039300e-14 1 
    0.470576 5.896772e-02 7.988700e-14 1 
    0.470851 5.857183e-02 7.925800e-14 1 
    0.471126 5.811349e-02 7.854600e-14 1 
    0.471401 6.065094e-02 8.188000e-14 1 
    0.471676 6.076177e-02 8.193400e-14 1 
    0.471951 5.926902e-02 7.982800e-14 1 
    0.472226 5.984729e-02 8.051300e-14 1 
    0.472501 6.065897e-02 8.151000e-14 1 
    0.472776 6.098441e-02 8.185200e-14 1 
    0.473051 6.087263e-02 8.160700e-14 1 
    0.473326 6.078660e-02 8.139700e-14 1 
    0.473601 5.945464e-02 7.952100e-14 1 
    0.473876 5.759775e-02 7.694800e-14 1 
    0.474151 5.861185e-02 7.821200e-14 1 
    0.474426 5.969197e-02 7.956100e-14 1 
    0.474701 6.009619e-02 8.000700e-14 1 
    0.474976 5.955296e-02 7.919200e-14 1 
    0.475251 6.060670e-02 8.050000e-14 1 
    0.475526 6.080952e-02 8.067600e-14 1 
    0.475801 6.151829e-02 8.152200e-14 1 
    0.476076 6.026504e-02 7.976900e-14 1 
    0.476351 5.978783e-02 7.904600e-14 1 
    0.476626 6.013933e-02 7.941900e-14 1 
    0.476901 5.945215e-02 7.842100e-14 1 
    0.477176 5.918071e-02 7.797300e-14 1 
    0.477451 6.010683e-02 7.910200e-14 1 
    0.477726 5.925711e-02 7.789400e-14 1 
    0.478001 6.224920e-02 8.173300e-14 1 
    0.478276 6.175889e-02 8.099600e-14 1 
    0.478551 6.164824e-02 8.075800e-14 1 
    0.478826 6.234427e-02 8.157600e-14 1 
    0.479101 6.106086e-02 7.980500e-14 1 
    0.479376 6.138606e-02 8.013800e-14 1 
    0.479651 6.108457e-02 7.965300e-14 1 
    0.479926 6.185791e-02 8.056900e-14 1 
    0.480201 6.314558e-02 8.215200e-14 1 
    0.480476 6.315944e-02 8.207600e-14 1 
    0.480751 6.214395e-02 8.066400e-14 1 
    0.481026 6.136588e-02 7.956300e-14 1 
    0.481301 6.214105e-02 8.047600e-14 1 
    0.481576 6.282202e-02 8.126500e-14 1 
    0.481851 6.304239e-02 8.145700e-14 1 
    0.482126 6.234110e-02 8.045900e-14 1 
    0.482401 6.295988e-02 8.116500e-14 1 
    0.482676 6.299441e-02 8.111700e-14 1 
    0.482951 6.215734e-02 7.994800e-14 1 
    0.483226 6.152140e-02 7.904000e-14 1 
    0.483501 6.098675e-02 7.826400e-14 1 
    0.483776 6.133387e-02 7.862000e-14 1 
    0.484051 6.201438e-02 7.940200e-14 1 
    0.484326 6.259388e-02 8.005300e-14 1 
    0.484601 6.097806e-02 7.789800e-14 1 
    0.484876 6.047206e-02 7.716400e-14 1 
    0.485151 5.926811e-02 7.554200e-14 1 
    0.485426 5.975789e-02 7.608000e-14 1 
    0.485701 5.962431e-02 7.582400e-14 1 
    0.485976 6.417441e-02 8.151800e-14 1 
    0.486251 7.996401e-02 1.014600e-13 1 
    0.486526 1.003719e-01 1.272100e-13 1 
    0.486801 1.032896e-01 1.307600e-13 1 
    0.487076 8.675186e-02 1.097000e-13 1 
    0.487351 6.845779e-02 8.646900e-14 1 
    0.487626 6.117422e-02 7.718200e-14 1 
    0.487901 5.857949e-02 7.382500e-14 1 
    0.488176 5.845330e-02 7.358300e-14 1 
    0.488451 5.959360e-02 7.493400e-14 1 
    0.488726 6.123795e-02 7.691500e-14 1 
    0.489001 6.075531e-02 7.622300e-14 1 
    0.489276 6.019646e-02 7.543700e-14 1 
    0.489551 6.009318e-02 7.522300e-14 1 
    0.489826 6.178344e-02 7.725200e-14 1 
    0.490101 6.375922e-02 7.963300e-14 1 
    0.490376 6.313824e-02 7.876900e-14 1 
    0.490651 6.251013e-02 7.789800e-14 1 
    0.490926 6.353300e-02 7.908400e-14 1 
    0.491201 6.308545e-02 7.843900e-14 1 
    0.491476 6.452489e-02 8.013900e-14 1 
    0.491751 6.340414e-02 7.865900e-14 1 
    0.492026 6.253900e-02 7.749900e-14 1 
    0.492301 6.184064e-02 7.654800e-14 1 
    0.492576 6.100878e-02 7.543400e-14 1 
    0.492851 6.113036e-02 7.550000e-14 1 
    0.493126 6.210158e-02 7.661400e-14 1 
    0.493401 6.316899e-02 7.784400e-14 1 
    0.493676 6.266506e-02 7.713700e-14 1 
    0.493951 6.252507e-02 7.687900e-14 1 
    0.494226 6.259308e-02 7.687700e-14 1 
    0.494501 6.135044e-02 7.526700e-14 1 
    0.494776 6.184138e-02 7.578500e-14 1 
    0.495051 6.333975e-02 7.753500e-14 1 
    0.495326 6.473175e-02 7.915100e-14 1 
    0.495601 6.834631e-02 8.347800e-14 1 
    0.495876 7.497933e-02 9.147800e-14 1 
    0.496151 8.578058e-02 1.045400e-13 1 
    0.496426 9.330992e-02 1.135900e-13 1 
    0.496701 8.952351e-02 1.088600e-13 1 
    0.496976 7.795427e-02 9.468700e-14 1 
    0.497251 6.800105e-02 8.250600e-14 1 
    0.497526 6.378242e-02 7.730200e-14 1 
    0.497801 6.433287e-02 7.788300e-14 1 
    0.498076 6.567331e-02 7.941800e-14 1 
    0.498351 6.437907e-02 7.776700e-14 1 
    0.498626 6.332469e-02 7.640900e-14 1 
    0.498901 6.355634e-02 7.660400e-14 1 
    0.499176 6.333738e-02 7.625600e-14 1 
    0.499451 6.415804e-02 7.715900e-14 1 
    0.499726 6.433360e-02 7.728500e-14 1 
    0.500001 6.544442e-02 7.853300e-14 1 
    0.500276 6.824528e-02 8.180400e-14 1 
    0.500551 8.035096e-02 9.620900e-14 1 
    0.500826 1.101631e-01 1.317600e-13 1 
    0.501101 1.464009e-01 1.749100e-13 1 
    0.501376 1.544717e-01 1.843500e-13 1 
    0.501651 1.243169e-01 1.482000e-13 1 
    0.501926 8.772191e-02 1.044600e-13 1 
    0.502201 6.885807e-02 8.190700e-14 1 
    0.502476 6.495186e-02 7.717600e-14 1 
    0.502751 6.487554e-02 7.700100e-14 1 
    0.503026 6.394873e-02 7.581800e-14 1 
    0.503301 6.304595e-02 7.466600e-14 1 
    0.503576 6.379533e-02 7.547100e-14 1 
    0.503851 6.393357e-02 7.555200e-14 1 
    0.504126 6.432444e-02 7.593100e-14 1 
    0.504401 6.293172e-02 7.420600e-14 1 
    0.504676 6.231777e-02 7.340200e-14 1 
    0.504951 6.309793e-02 7.424000e-14 1 
    0.505226 6.422003e-02 7.547800e-14 1 
    0.505501 6.485213e-02 7.613800e-14 1 
    0.505776 6.539681e-02 7.669400e-14 1 
    0.506051 6.637876e-02 7.776100e-14 1 
    0.506326 6.703202e-02 7.844100e-14 1 
    0.506601 6.689012e-02 7.819000e-14 1 
    0.506876 6.563190e-02 7.663600e-14 1 
    0.507151 6.427652e-02 7.497200e-14 1 
    0.507426 6.346309e-02 7.394300e-14 1 
    0.507701 6.398384e-02 7.446900e-14 1 
    0.507976 6.476621e-02 7.529800e-14 1 
    0.508251 6.434039e-02 7.472200e-14 1 
    0.508526 6.374716e-02 7.395300e-14 1 
    0.508801 6.266843e-02 7.262300e-14 1 
    0.509076 6.391536e-02 7.398800e-14 1 
    0.509351 6.455261e-02 7.464500e-14 1 
    0.509626 6.446996e-02 7.446900e-14 1 
    0.509901 6.469555e-02 7.464900e-14 1 
    0.510176 6.526335e-02 7.522300e-14 1 
    0.510451 6.545099e-02 7.535800e-14 1 
    0.510726 6.532851e-02 7.513600e-14 1 
    0.511001 6.459635e-02 7.421400e-14 1 
    0.511276 6.465545e-02 7.420200e-14 1 
    0.511551 6.486894e-02 7.436700e-14 1 
    0.511826 6.517535e-02 7.463800e-14 1 
    0.512101 6.588180e-02 7.536600e-14 1 
    0.512376 6.587294e-02 7.527500e-14 1 
    0.512651 6.523057e-02 7.446100e-14 1 
    0.512926 6.461039e-02 7.367400e-14 1 
    0.513201 6.379475e-02 7.266600e-14 1 
    0.513476 6.210278e-02 7.066300e-14 1 
    0.513751 6.242535e-02 7.095400e-14 1 
    0.514026 6.431797e-02 7.302700e-14 1 
    0.514301 6.471920e-02 7.340400e-14 1 
    0.514576 6.413176e-02 7.266000e-14 1 
    0.514851 6.342101e-02 7.177800e-14 1 
    0.515126 6.348436e-02 7.177300e-14 1 
    0.515401 6.310678e-02 7.127000e-14 1 
    0.515676 6.425023e-02 7.248400e-14 1 
    0.515951 6.468703e-02 7.289900e-14 1 
    0.516226 6.461654e-02 7.274200e-14 1 
    0.516501 6.557821e-02 7.374600e-14 1 
    0.516776 6.448368e-02 7.243800e-14 1 
    0.517051 6.116154e-02 6.863300e-14 1 
    0.517326 5.921764e-02 6.638100e-14 1 
    0.517601 5.784908e-02 6.477800e-14 1 
    0.517876 5.907811e-02 6.608400e-14 1 
    0.518151 6.036514e-02 6.745200e-14 1 
    0.518426 6.058422e-02 6.762500e-14 1 
    0.518701 6.025570e-02 6.718700e-14 1 
    0.518976 6.046146e-02 6.734500e-14 1 
    0.519251 6.072507e-02 6.756700e-14 1 
    0.519526 6.116188e-02 6.798100e-14 1 
    0.519801 6.163013e-02 6.842900e-14 1 
    0.520076 6.349675e-02 7.042700e-14 1 
    0.520351 6.483471e-02 7.183500e-14 1 
    0.520626 6.531977e-02 7.229600e-14 1 
    0.520901 6.451418e-02 7.132900e-14 1 
    0.521176 6.312732e-02 6.972200e-14 1 
    0.521451 6.371784e-02 7.030000e-14 1 
    0.521726 6.467787e-02 7.128400e-14 1 
    0.522001 6.551448e-02 7.213000e-14 1 
    0.522276 6.608543e-02 7.268200e-14 1 
    0.522551 6.576365e-02 7.225200e-14 1 
    0.522826 6.647070e-02 7.295200e-14 1 
    0.523101 6.536402e-02 7.166200e-14 1 
    0.523376 6.374449e-02 6.981300e-14 1 
    0.523651 6.392392e-02 6.993600e-14 1 
    0.523926 6.455928e-02 7.055700e-14 1 
    0.524201 6.657073e-02 7.267900e-14 1 
    0.524476 6.841483e-02 7.461400e-14 1 
    0.524751 6.936225e-02 7.556800e-14 1 
    0.525026 6.886161e-02 7.494400e-14 1 
    0.525301 6.701138e-02 7.285400e-14 1 
    0.525576 6.679428e-02 7.254200e-14 1 
    0.525851 6.547239e-02 7.103200e-14 1 
    0.526126 6.461357e-02 7.002700e-14 1 
    0.526401 6.469591e-02 7.004300e-14 1 
    0.526676 6.460264e-02 6.986900e-14 1 
    0.526951 6.386671e-02 6.900100e-14 1 
    0.527226 6.295957e-02 6.795000e-14 1 
    0.527501 6.218215e-02 6.704100e-14 1 
    0.527776 6.320057e-02 6.806800e-14 1 
    0.528051 6.472941e-02 6.964200e-14 1 
    0.528326 6.678332e-02 7.177700e-14 1 
    0.528601 6.793700e-02 7.294100e-14 1 
    0.528876 6.737463e-02 7.226200e-14 1 
    0.529151 6.928245e-02 7.423100e-14 1 
    0.529426 6.964599e-02 7.454300e-14 1 
    0.529701 6.961828e-02 7.443600e-14 1 
    0.529976 6.955390e-02 7.429000e-14 1 
    0.530251 6.776103e-02 7.230000e-14 1 
    0.530526 6.803867e-02 7.252100e-14 1 
    0.530801 6.930573e-02 7.379500e-14 1 
    0.531076 6.958063e-02 7.401100e-14 1 
    0.531351 7.179938e-02 7.629200e-14 1 
    0.531626 7.244369e-02 7.689700e-14 1 
    0.531901 7.155673e-02 7.587700e-14 1 
    0.532176 7.088306e-02 7.508500e-14 1 
    0.532451 7.097997e-02 7.511000e-14 1 
    0.532726 7.116209e-02 7.522500e-14 1 
    0.533001 6.985111e-02 7.376300e-14 1 
    0.533276 6.669072e-02 7.035300e-14 1 
    0.533551 6.616075e-02 6.972200e-14 1 
    0.533826 6.823705e-02 7.183600e-14 1 
    0.534101 7.133308e-02 7.501800e-14 1 
    0.534376 7.182347e-02 7.545600e-14 1 
    0.534651 7.059202e-02 7.408600e-14 1 
    0.534926 7.240634e-02 7.591200e-14 1 
    0.535201 7.259919e-02 7.603600e-14 1 
    0.535476 7.251611e-02 7.587100e-14 1 
    0.535751 7.255331e-02 7.583200e-14 1 
    0.536026 7.329823e-02 7.653200e-14 1 
    0.536301 7.540404e-02 7.865000e-14 1 
    0.536576 7.525299e-02 7.841200e-14 1 
    0.536851 7.397363e-02 7.700000e-14 1 
    0.537126 7.278194e-02 7.568200e-14 1 
    0.537401 7.212101e-02 7.491800e-14 1 
    0.537676 7.099028e-02 7.366800e-14 1 
    0.537951 7.091050e-02 7.351000e-14 1 
    0.538226 7.227019e-02 7.484300e-14 1 
    0.538501 7.222614e-02 7.472100e-14 1 
    0.538776 7.198836e-02 7.439900e-14 1 
    0.539051 7.187396e-02 7.420500e-14 1 
    0.539326 7.188526e-02 7.414100e-14 1 
    0.539601 7.086379e-02 7.301300e-14 1 
    0.539876 7.032201e-02 7.238100e-14 1 
    0.540151 7.077005e-02 7.276800e-14 1 
    0.540426 7.046635e-02 7.238200e-14 1 
    0.540701 6.863776e-02 7.043200e-14 1 
    0.540976 6.843055e-02 7.014800e-14 1 
    0.541251 6.850990e-02 7.015800e-14 1 
    0.541526 6.735864e-02 6.890900e-14 1 
    0.541801 6.971381e-02 7.124600e-14 1 
    0.542076 7.169460e-02 7.319600e-14 1 
    0.542351 7.267529e-02 7.412200e-14 1 
    0.542626 7.302676e-02 7.440500e-14 1 
    0.542901 7.282767e-02 7.412700e-14 1 
    0.543176 7.231729e-02 7.353300e-14 1 
    0.543451 7.136472e-02 7.249100e-14 1 
    0.543726 7.207653e-02 7.314000e-14 1 
    0.544001 7.130899e-02 7.228800e-14 1 
    0.544276 7.160328e-02 7.251300e-14 1 
    0.544551 7.091752e-02 7.174600e-14 1 
    0.544826 7.333317e-02 7.411500e-14 1 
    0.545101 7.289912e-02 7.360200e-14 1 
    0.545376 7.292312e-02 7.355200e-14 1 
    0.545651 7.255305e-02 7.310500e-14 1 
    0.545926 7.204901e-02 7.252400e-14 1 
    0.546201 7.101877e-02 7.141500e-14 1 
    0.546476 7.140486e-02 7.173100e-14 1 
    0.546751 7.251704e-02 7.277500e-14 1 
    0.547026 7.158956e-02 7.177200e-14 1 
    0.547301 7.258414e-02 7.269600e-14 1 
    0.547576 7.163364e-02 7.167200e-14 1 
    0.547851 7.153954e-02 7.150600e-14 1 
    0.548126 7.098245e-02 7.087800e-14 1 
    0.548401 7.190880e-02 7.173100e-14 1 
    0.548676 7.025094e-02 7.000700e-14 1 
    0.548951 7.284667e-02 7.252100e-14 1 
    0.549226 7.414939e-02 7.374400e-14 1 
    0.549501 7.362278e-02 7.314700e-14 1 
    0.549776 7.524604e-02 7.468500e-14 1 
    0.550051 7.415851e-02 7.353200e-14 1 
    0.550326 7.281934e-02 7.213200e-14 1 
    0.550601 7.405324e-02 7.328100e-14 1 
    0.550876 7.317739e-02 7.234200e-14 1 
    0.551151 7.274622e-02 7.184400e-14 1 
    0.551426 7.333676e-02 7.235500e-14 1 
    0.551701 7.353371e-02 7.247700e-14 1 
    0.551976 7.178608e-02 7.068400e-14 1 
    0.552251 7.337745e-02 7.217900e-14 1 
    0.552526 7.435317e-02 7.306600e-14 1 
    0.552801 7.499254e-02 7.362100e-14 1 
    0.553076 7.432079e-02 7.288900e-14 1 
    0.553351 7.360779e-02 7.211800e-14 1 
    0.553626 7.439410e-02 7.281600e-14 1 
    0.553901 7.363658e-02 7.200300e-14 1 
    0.554176 7.356230e-02 7.185900e-14 1 
    0.554451 7.510887e-02 7.329700e-14 1 
    0.554726 7.557625e-02 7.368000e-14 1 
    0.555001 7.515529e-02 7.319700e-14 1 
    0.555276 7.615580e-02 7.409800e-14 1 
    0.555551 7.578888e-02 7.366800e-14 1 
    0.555826 7.474864e-02 7.258500e-14 1 
    0.556101 7.430412e-02 7.208200e-14 1 
    0.556376 7.290827e-02 7.065800e-14 1 
    0.556651 7.495624e-02 7.257100e-14 1 
    0.556926 7.362423e-02 7.121100e-14 1 
    0.557201 7.268896e-02 7.023700e-14 1 
    0.557476 7.362780e-02 7.107400e-14 1 
    0.557751 7.539277e-02 7.270600e-14 1 
    0.558026 7.419457e-02 7.148000e-14 1 
    0.558301 7.574829e-02 7.290500e-14 1 
    0.558576 7.483179e-02 7.195200e-14 1 
    0.558851 7.303473e-02 7.015500e-14 1 
    0.559126 7.323167e-02 7.027500e-14 1 
    0.559401 7.202072e-02 6.904500e-14 1 
    0.559676 7.134395e-02 6.832900e-14 1 
    0.559951 7.252611e-02 6.939300e-14 1 
    0.560226 7.371365e-02 7.046000e-14 1 
    0.560501 7.308125e-02 6.978700e-14 1 
    0.560776 7.645912e-02 7.294100e-14 1 
    0.561051 7.567163e-02 7.211900e-14 1 
    0.561326 7.818355e-02 7.444000e-14 1 
    0.561601 7.666638e-02 7.292400e-14 1 
    0.561876 7.615953e-02 7.237100e-14 1 
    0.562151 7.571056e-02 7.187400e-14 1 
    0.562426 7.477453e-02 7.091600e-14 1 
    0.562701 7.533845e-02 7.138100e-14 1 
    0.562976 7.431655e-02 7.034400e-14 1 
    0.563251 7.510827e-02 7.102400e-14 1 
    0.563526 7.575642e-02 7.156700e-14 1 
    0.563801 7.946683e-02 7.499900e-14 1 
    0.564076 7.404513e-02 6.981400e-14 1 
    0.564351 7.571617e-02 7.132000e-14 1 
    0.564626 7.495897e-02 7.053800e-14 1 
    0.564901 7.311839e-02 6.873900e-14 1 
    0.565176 7.663511e-02 7.197500e-14 1 
    0.565451 7.564073e-02 7.097200e-14 1 
    0.565726 7.524385e-02 7.053100e-14 1 
    0.566001 7.675757e-02 7.188000e-14 1 
    0.566276 7.473820e-02 6.992100e-14 1 
    0.566551 7.186528e-02 6.716800e-14 1 
    0.566826 7.453431e-02 6.959500e-14 1 
    0.567101 7.590058e-02 7.080200e-14 1 
    0.567376 7.661911e-02 7.140300e-14 1 
    0.567651 7.660317e-02 7.131900e-14 1 
    0.567926 7.739130e-02 7.198300e-14 1 
    0.568201 7.953791e-02 7.390800e-14 1 
    0.568476 7.930467e-02 7.362000e-14 1 
    0.568751 7.624584e-02 7.071200e-14 1 
    0.569026 7.888725e-02 7.309100e-14 1 
    0.569301 7.811005e-02 7.230100e-14 1 
    0.569576 7.692571e-02 7.113600e-14 1 
    0.569851 7.613081e-02 7.033300e-14 1 
    0.570126 7.792813e-02 7.192400e-14 1 
    0.570401 7.842412e-02 7.231200e-14 1 
    0.570676 7.709177e-02 7.101500e-14 1 
    0.570951 7.587084e-02 6.982300e-14 1 
    0.571226 7.338141e-02 6.746700e-14 1 
    0.571501 7.461917e-02 6.853900e-14 1 
    0.571776 7.430305e-02 6.818300e-14 1 
    0.572051 7.638381e-02 7.002500e-14 1 
    0.572326 7.720519e-02 7.071000e-14 1 
    0.572601 7.927723e-02 7.253800e-14 1 
    0.572876 7.778139e-02 7.110100e-14 1 
    0.573151 8.040197e-02 7.342600e-14 1 
    0.573426 7.952119e-02 7.255200e-14 1 
    0.573701 7.897761e-02 7.198700e-14 1 
    0.573976 7.982864e-02 7.269300e-14 1 
    0.574251 7.853884e-02 7.145000e-14 1 
    0.574526 7.921923e-02 7.200000e-14 1 
    0.574801 7.978186e-02 7.244200e-14 1 
    0.575076 7.734261e-02 7.016000e-14 1 
    0.575351 7.974704e-02 7.227200e-14 1 
    0.575626 7.857190e-02 7.113900e-14 1 
    0.575901 7.839604e-02 7.091200e-14 1 
    0.576176 7.870220e-02 7.112100e-14 1 
    0.576451 8.161183e-02 7.368000e-14 1 
    0.576726 7.836913e-02 7.068500e-14 1 
    0.577001 7.904872e-02 7.123000e-14 1 
    0.577276 7.767890e-02 6.992900e-14 1 
    0.577551 7.912498e-02 7.116300e-14 1 
    0.577826 7.889652e-02 7.089000e-14 1 
    0.578101 8.027168e-02 7.205700e-14 1 
    0.578376 7.891075e-02 7.076800e-14 1 
    0.578651 7.968115e-02 7.139100e-14 1 
    0.578926 7.625565e-02 6.825700e-14 1 
    0.579201 7.689282e-02 6.876200e-14 1 
    0.579476 7.715614e-02 6.893200e-14 1 
    0.579751 7.775261e-02 6.939900e-14 1 
    0.580026 7.975412e-02 7.111800e-14 1 
    0.580301 8.007336e-02 7.133500e-14 1 
    0.580576 7.990320e-02 7.111600e-14 1 
    0.580851 8.091010e-02 7.194400e-14 1 
    0.581126 7.929707e-02 7.044300e-14 1 
    0.581401 8.122791e-02 7.209000e-14 1 
    0.581676 7.868033e-02 6.976300e-14 1 
    0.581951 7.910921e-02 7.007700e-14 1 
    0.582226 7.873879e-02 6.968300e-14 1 
    0.582501 8.160230e-02 7.214900e-14 1 
    0.582776 7.971518e-02 7.041400e-14 1 
    0.583051 8.262333e-02 7.291400e-14 1 
    0.583326 8.090694e-02 7.133200e-14 1 
    0.583601 8.148051e-02 7.177000e-14 1 
    0.583876 8.314937e-02 7.317100e-14 1 
    0.584151 8.361672e-02 7.351300e-14 1 
    0.584426 8.219604e-02 7.219600e-14 1 
    0.584701 8.169907e-02 7.169200e-14 1 
    0.584976 8.087710e-02 7.090400e-14 1 
    0.585251 8.331995e-02 7.297700e-14 1 
    0.585526 8.239376e-02 7.209800e-14 1 
    0.585801 8.053458e-02 7.040500e-14 1 
    0.586076 7.979272e-02 6.969100e-14 1 
    0.586351 8.065724e-02 7.038000e-14 1 
    0.586626 8.086941e-02 7.049900e-14 1 
    0.586901 8.109681e-02 7.063100e-14 1 
    0.587176 8.178768e-02 7.116600e-14 1 
    0.587451 8.159052e-02 7.092800e-14 1 
    0.587726 8.469628e-02 7.355900e-14 1 
    0.588001 8.747698e-02 7.590300e-14 1 
    0.588276 9.477666e-02 8.216000e-14 1 
    0.588551 9.249250e-02 8.010500e-14 1 
    0.588826 8.541003e-02 7.390200e-14 1 
    0.589101 8.141789e-02 7.038200e-14 1 
    0.589376 7.221352e-02 6.236700e-14 1 
    0.589651 6.912854e-02 5.964700e-14 1 
    0.589926 7.060249e-02 6.086200e-14 1 
    0.590201 7.555202e-02 6.506800e-14 1 
    0.590476 7.760516e-02 6.677400e-14 1 
    0.590751 8.046470e-02 6.917000e-14 1 
    0.591026 8.119401e-02 6.973200e-14 1 
    0.591301 8.086517e-02 6.938500e-14 1 
    0.591576 7.946941e-02 6.812400e-14 1 
    0.591851 7.975347e-02 6.830400e-14 1 
    0.592126 8.005083e-02 6.849500e-14 1 
    0.592401 7.907590e-02 6.759800e-14 1 
    0.592676 8.126160e-02 6.940200e-14 1 
    0.592951 8.054595e-02 6.872700e-14 1 
    0.593226 8.002007e-02 6.821500e-14 1 
    0.593501 8.087274e-02 6.887800e-14 1 
    0.593776 8.266471e-02 7.033900e-14 1 
    0.594051 8.228607e-02 6.995200e-14 1 
    0.594326 8.234107e-02 6.993400e-14 1 
    0.594601 8.149099e-02 6.914800e-14 1 
    0.594876 8.194504e-02 6.946900e-14 1 
    0.595151 8.261116e-02 6.996900e-14 1 
    0.595426 8.139347e-02 6.887400e-14 1 
    0.595701 8.102155e-02 6.849600e-14 1 
    0.595976 8.123135e-02 6.861000e-14 1 
    0.596251 8.185146e-02 6.907000e-14 1 
    0.596526 8.266476e-02 6.969200e-14 1 
    0.596801 8.300218e-02 6.991200e-14 1 
    0.597076 8.060578e-02 6.783100e-14 1 
    0.597351 8.085489e-02 6.797800e-14 1 
    0.597626 8.187701e-02 6.877400e-14 1 
    0.597901 8.110156e-02 6.806000e-14 1 
    0.598176 8.213274e-02 6.886200e-14 1 
    0.598451 8.299500e-02 6.952100e-14 1 
    0.598726 8.105787e-02 6.783600e-14 1 
    0.599001 8.228052e-02 6.879600e-14 1 
    0.599276 8.302286e-02 6.935300e-14 1 
    0.599551 8.350048e-02 6.968800e-14 1 
    0.599826 8.283353e-02 6.906800e-14 1 
    0.600101 8.407389e-02 7.003800e-14 1 
    0.600376 8.263827e-02 6.877900e-14 1 
    0.600651 8.087520e-02 6.725000e-14 1 
    0.600926 7.988641e-02 6.636700e-14 1 
    0.601201 7.987279e-02 6.629500e-14 1 
    0.601476 7.847588e-02 6.507600e-14 1 
    0.601751 7.998520e-02 6.626700e-14 1 
    0.602026 8.155639e-02 6.750700e-14 1 
    0.602301 7.973365e-02 6.593800e-14 1 
    0.602576 8.117778e-02 6.707100e-14 1 
    0.602851 8.123130e-02 6.705400e-14 1 
    0.603126 8.124237e-02 6.700200e-14 1 
    0.603401 8.240026e-02 6.789500e-14 1 
    0.603676 8.339252e-02 6.865000e-14 1 
    0.603951 8.326789e-02 6.848500e-14 1 
    0.604226 8.506331e-02 6.989800e-14 1 
    0.604501 8.600315e-02 7.060600e-14 1 
    0.604776 8.495977e-02 6.968600e-14 1 
    0.605051 8.272582e-02 6.779200e-14 1 
    0.605326 8.353877e-02 6.839600e-14 1 
    0.605601 8.145819e-02 6.663200e-14 1 
    0.605876 8.136699e-02 6.649700e-14 1 
    0.606151 8.148497e-02 6.653300e-14 1 
    0.606426 8.371517e-02 6.829200e-14 1 
    0.606701 8.486961e-02 6.917100e-14 1 
    0.606976 8.306148e-02 6.763600e-14 1 
    0.607251 8.368129e-02 6.807900e-14 1 
    0.607526 8.344460e-02 6.782500e-14 1 
    0.607801 8.373320e-02 6.799800e-14 1 
    0.608076 8.605833e-02 6.982300e-14 1 
    0.608351 8.383299e-02 6.795600e-14 1 
    0.608626 8.472744e-02 6.861900e-14 1 
    0.608901 8.256834e-02 6.681000e-14 1 
    0.609176 8.408279e-02 6.797400e-14 1 
    0.609451 8.334281e-02 6.731500e-14 1 
    0.609726 8.207597e-02 6.623200e-14 1 
    0.610001 8.371285e-02 6.749200e-14 1 
    0.610276 8.465363e-02 6.818900e-14 1 
    0.610551 8.273809e-02 6.658600e-14 1 
    0.610826 8.283877e-02 6.660700e-14 1 
    0.611101 8.192249e-02 6.581100e-14 1 
    0.611376 8.570290e-02 6.878600e-14 1 
    0.611651 8.479609e-02 6.799700e-14 1 
    0.611926 8.446545e-02 6.767100e-14 1 
    0.612201 8.534469e-02 6.831400e-14 1 
    0.612476 8.262794e-02 6.608000e-14 1 
    0.612751 8.415269e-02 6.723900e-14 1 
    0.613026 8.033621e-02 6.413200e-14 1 
    0.613301 8.257234e-02 6.585800e-14 1 
    0.613576 8.208923e-02 6.541400e-14 1 
    0.613851 8.653510e-02 6.889500e-14 1 
    0.614126 8.593002e-02 6.835200e-14 1 
    0.614401 7.988539e-02 6.348700e-14 1 
    0.614676 8.108661e-02 6.438400e-14 1 
    0.614951 8.353154e-02 6.626600e-14 1 
    0.615226 8.260576e-02 6.547300e-14 1 
    0.615501 8.618265e-02 6.824700e-14 1 
    0.615776 8.247040e-02 6.524900e-14 1 
    0.616051 8.266805e-02 6.534700e-14 1 
    0.616326 8.156051e-02 6.441400e-14 1 
    0.616601 8.190706e-02 6.463000e-14 1 
    0.616876 7.842339e-02 6.182600e-14 1 
    0.617151 7.993303e-02 6.296000e-14 1 
    0.617426 7.990136e-02 6.287900e-14 1 
    0.617701 8.080307e-02 6.353200e-14 1 
    0.617976 7.931691e-02 6.230800e-14 1 
    0.618251 8.262631e-02 6.485000e-14 1 
    0.618526 8.327879e-02 6.530400e-14 1 
    0.618801 8.348560e-02 6.540800e-14 1 
    0.619076 8.354066e-02 6.539300e-14 1 
    0.619351 8.444090e-02 6.603900e-14 1 
    0.619626 8.630889e-02 6.744000e-14 1 
    0.619901 8.340865e-02 6.511600e-14 1 
    0.620176 8.215061e-02 6.407700e-14 1 
    0.620451 8.224657e-02 6.409500e-14 1 
    0.620726 8.471993e-02 6.596400e-14 1 
    0.621001 8.318431e-02 6.471100e-14 1 
    0.621276 8.241013e-02 6.405200e-14 1 
    0.621551 8.641975e-02 6.710900e-14 1 
    0.621826 8.481940e-02 6.580800e-14 1 
    0.622101 8.206797e-02 6.361700e-14 1 
    0.622376 8.166539e-02 6.324900e-14 1 
    0.622651 8.117025e-02 6.281000e-14 1 
    0.622926 8.424149e-02 6.512900e-14 1 
    0.623201 8.293455e-02 6.406200e-14 1 
    0.623476 8.330059e-02 6.428800e-14 1 
    0.623751 8.284497e-02 6.388000e-14 1 
    0.624026 8.223786e-02 6.335600e-14 1 
    0.624301 8.354978e-02 6.431000e-14 1 
    0.624576 8.321250e-02 6.399400e-14 1 
    0.624851 8.248799e-02 6.338100e-14 1 
    0.625126 8.282375e-02 6.358300e-14 1 
    0.625401 8.242728e-02 6.322300e-14 1 
    0.625676 8.174816e-02 6.264700e-14 1 
    0.625951 8.048394e-02 6.162400e-14 1 
    0.626226 8.229717e-02 6.295700e-14 1 
    0.626501 8.251601e-02 6.306900e-14 1 
    0.626776 8.157099e-02 6.229200e-14 1 
    0.627051 8.102264e-02 6.181900e-14 1 
    0.627326 8.355203e-02 6.369300e-14 1 
    0.627601 8.289136e-02 6.313400e-14 1 
    0.627876 8.502189e-02 6.470000e-14 1 
    0.628151 8.062586e-02 6.130100e-14 1 
    0.628426 8.237620e-02 6.257700e-14 1 
    0.628701 8.229943e-02 6.246400e-14 1 
    0.628976 8.411476e-02 6.378600e-14 1 
    0.629251 8.402995e-02 6.366600e-14 1 
    0.629526 9.644561e-02 7.300900e-14 1 
    0.629801 9.226856e-02 6.978600e-14 1 
    0.630076 8.164746e-02 6.169900e-14 1 
    0.630351 7.917709e-02 5.978000e-14 1 
    0.630626 8.970010e-02 6.766600e-14 1 
    0.630901 9.118873e-02 6.872900e-14 1 
    0.631176 9.042235e-02 6.809200e-14 1 
    0.631451 8.849288e-02 6.658100e-14 1 
    0.631726 8.922978e-02 6.707700e-14 1 
    0.632001 8.806794e-02 6.614600e-14 1 
    0.632276 8.675338e-02 6.510200e-14 1 
    0.632551 8.639406e-02 6.477600e-14 1 
    0.632826 8.503419e-02 6.370100e-14 1 
    0.633101 8.393773e-02 6.282500e-14 1 
    0.633376 8.669312e-02 6.483100e-14 1 
    0.633651 8.677644e-02 6.483700e-14 1 
    0.633926 8.738358e-02 6.523400e-14 1 
    0.634201 8.655847e-02 6.456200e-14 1 
    0.634476 8.621891e-02 6.425300e-14 1 
    0.634751 8.758566e-02 6.521500e-14 1 
    0.635026 8.541542e-02 6.354400e-14 1 
    0.635301 8.711057e-02 6.474900e-14 1 
    0.635576 8.761554e-02 6.506800e-14 1 
    0.635851 8.734368e-02 6.481000e-14 1 
    0.636126 8.732887e-02 6.474300e-14 1 
    0.636401 8.621232e-02 6.386000e-14 1 
    0.636676 8.506672e-02 6.295700e-14 1 
    0.636951 8.575419e-02 6.341100e-14 1 
    0.637226 8.612062e-02 6.362700e-14 1 
    0.637501 8.721505e-02 6.438000e-14 1 
    0.637776 9.111655e-02 6.720200e-14 1 
    0.638051 8.910124e-02 6.565900e-14 1 
    0.638326 8.989111e-02 6.618400e-14 1 
    0.638601 8.775961e-02 6.455900e-14 1 
    0.638876 8.705426e-02 6.398500e-14 1 
    0.639151 8.819544e-02 6.476800e-14 1 
    0.639426 9.085266e-02 6.666200e-14 1 
    0.639701 8.678681e-02 6.362400e-14 1 
    0.639976 8.647372e-02 6.334000e-14 1 
    0.640251 8.706045e-02 6.371500e-14 1 
    0.640526 8.692328e-02 6.356000e-14 1 
    0.640801 8.735518e-02 6.382100e-14 1 
    0.641076 8.670000e-02 6.328800e-14 1 
    0.641351 8.878444e-02 6.475400e-14 1 
    0.641626 8.519524e-02 6.208300e-14 1 
    0.641901 8.783390e-02 6.395100e-14 1 
    0.642176 8.446571e-02 6.144600e-14 1 
    0.642451 8.371121e-02 6.084500e-14 1 
    0.642726 8.283690e-02 6.015800e-14 1 
    0.643001 8.666745e-02 6.288600e-14 1 
    0.643276 8.821335e-02 6.395300e-14 1 
    0.643551 8.672190e-02 6.281800e-14 1 
    0.643826 8.755596e-02 6.336800e-14 1 
    0.644101 8.855040e-02 6.403300e-14 1 
    0.644376 8.688487e-02 6.277500e-14 1 
    0.644651 8.816975e-02 6.364900e-14 1 
    0.644926 9.032463e-02 6.514900e-14 1 
    0.645201 8.839936e-02 6.370600e-14 1 
    0.645476 8.648181e-02 6.227100e-14 1 
    0.645751 8.627334e-02 6.206800e-14 1 
    0.646026 8.789659e-02 6.318200e-14 1 
    0.646301 9.049578e-02 6.499500e-14 1 
    0.646576 8.677961e-02 6.227300e-14 1 
    0.646851 8.712262e-02 6.246600e-14 1 
    0.647126 8.645828e-02 6.193700e-14 1 
    0.647401 8.753629e-02 6.265600e-14 1 
    0.647676 8.937389e-02 6.391700e-14 1 
    0.647951 8.870809e-02 6.338700e-14 1 
    0.648226 9.021348e-02 6.440800e-14 1 
    0.648501 9.315541e-02 6.645200e-14 1 
    0.648776 9.040591e-02 6.443600e-14 1 
    0.649051 8.885929e-02 6.328000e-14 1 
    0.649326 9.120997e-02 6.489900e-14 1 
    0.649601 9.004381e-02 6.401500e-14 1 
    0.649876 8.823502e-02 6.267600e-14 1 
    0.650151 8.358115e-02 5.932000e-14 1 
    0.650426 8.333176e-02 5.909300e-14 1 
    0.650701 8.343894e-02 5.911900e-14 1 
    0.650976 8.667079e-02 6.135700e-14 1 
    0.651251 9.038729e-02 6.393400e-14 1 
    0.651526 8.882797e-02 6.277800e-14 1 
    0.651801 9.057119e-02 6.395600e-14 1 
    0.652076 8.799861e-02 6.208700e-14 1 
    0.652351 8.676779e-02 6.116700e-14 1 
    0.652626 8.933260e-02 6.292200e-14 1 
    0.652901 9.378580e-02 6.600300e-14 1 
    0.653176 9.082145e-02 6.386300e-14 1 
    0.653451 9.049656e-02 6.358100e-14 1 
    0.653726 9.146593e-02 6.420800e-14 1 
    0.654001 8.901937e-02 6.243800e-14 1 
    0.654276 9.367467e-02 6.564800e-14 1 
    0.654551 9.365775e-02 6.558100e-14 1 
    0.654826 9.408379e-02 6.582400e-14 1 
    0.655101 9.536161e-02 6.666200e-14 1 
    0.655376 1.056699e-01 7.380600e-14 1 
    0.655651 1.135308e-01 7.923000e-14 1 
    0.655926 1.128431e-01 7.868400e-14 1 
    0.656201 1.224123e-01 8.528500e-14 1 
    0.656476 1.770818e-01 1.232700e-13 1 
    0.656751 3.114575e-01 2.166300e-13 1 
    0.657026 4.250640e-01 2.954000e-13 1 
    0.657301 3.851965e-01 2.674700e-13 1 
    0.657576 2.316400e-01 1.607100e-13 1 
    0.657851 1.272511e-01 8.821200e-14 1 
    0.658126 9.642190e-02 6.678500e-14 1 
    0.658401 9.727412e-02 6.731900e-14 1 
    0.658676 1.154905e-01 7.985900e-14 1 
    0.658951 1.464322e-01 1.011700e-13 1 
    0.659226 1.558110e-01 1.075600e-13 1 
    0.659501 1.315655e-01 9.074700e-14 1 
    0.659776 1.053436e-01 7.260000e-14 1 
    0.660051 9.191999e-02 6.329600e-14 1 
    0.660326 9.097483e-02 6.259300e-14 1 
    0.660601 8.850209e-02 6.084100e-14 1 
    0.660876 8.792356e-02 6.039300e-14 1 
    0.661151 8.934162e-02 6.131600e-14 1 
    0.661426 8.853225e-02 6.071000e-14 1 
    0.661701 8.916779e-02 6.109500e-14 1 
    0.661976 9.006575e-02 6.165900e-14 1 
    0.662251 9.496056e-02 6.495600e-14 1 
    0.662526 9.438249e-02 6.450700e-14 1 
    0.662801 9.251327e-02 6.317700e-14 1 
    0.663076 9.017919e-02 6.153200e-14 1 
    0.663351 9.114728e-02 6.214100e-14 1 
    0.663626 8.964771e-02 6.106800e-14 1 
    0.663901 8.931064e-02 6.078800e-14 1 
    0.664176 8.889205e-02 6.045300e-14 1 
    0.664451 9.117757e-02 6.195600e-14 1 
    0.664726 9.294686e-02 6.310600e-14 1 
    0.665001 8.972330e-02 6.086700e-14 1 
    0.665276 9.285435e-02 6.293900e-14 1 
    0.665551 9.134535e-02 6.186500e-14 1 
    0.665826 9.274786e-02 6.276300e-14 1 
    0.666101 9.367490e-02 6.333800e-14 1 
    0.666376 9.119449e-02 6.161000e-14 1 
    0.666651 9.131866e-02 6.164300e-14 1 
    0.666926 9.196780e-02 6.203000e-14 1 
    0.667201 9.285533e-02 6.257700e-14 1 
    0.667476 9.243736e-02 6.224400e-14 1 
    0.667751 9.208846e-02 6.195800e-14 1 
    0.668026 9.384821e-02 6.309000e-14 1 
    0.668301 9.658441e-02 6.487600e-14 1 
    0.668576 9.701405e-02 6.511100e-14 1 
    0.668851 9.493312e-02 6.366200e-14 1 
    0.669126 9.483211e-02 6.354200e-14 1 
    0.669401 9.117592e-02 6.104200e-14 1 
    0.669676 9.164551e-02 6.130600e-14 1 
    0.669951 9.032043e-02 6.037000e-14 1 
    0.670226 9.132743e-02 6.099300e-14 1 
    0.670501 9.190891e-02 6.133100e-14 1 
    0.670776 9.068249e-02 6.046300e-14 1 
    0.671051 9.149687e-02 6.095600e-14 1 
    0.671326 9.173863e-02 6.106700e-14 1 
    0.671601 9.829236e-02 6.537600e-14 1 
    0.671876 1.123427e-01 7.466000e-14 1 
    0.672151 1.393989e-01 9.256500e-14 1 
    0.672426 1.619776e-01 1.074700e-13 1 
    0.672701 1.555183e-01 1.031000e-13 1 
    0.672976 1.271372e-01 8.421600e-14 1 
    0.673251 1.127018e-01 7.459300e-14 1 
    0.673526 1.224896e-01 8.100500e-14 1 
    0.673801 1.398132e-01 9.238600e-14 1 
    0.674076 1.369830e-01 9.044200e-14 1 
    0.674351 1.205419e-01 7.952200e-14 1 
    0.674626 9.949990e-02 6.558700e-14 1 
    0.674901 9.114686e-02 6.003200e-14 1 
    0.675176 8.781281e-02 5.778900e-14 1 
    0.675451 8.975340e-02 5.901800e-14 1 
    0.675726 8.994674e-02 5.909700e-14 1 
    0.676001 8.974121e-02 5.891400e-14 1 
    0.676276 9.136465e-02 5.993100e-14 1 
    0.676551 8.905271e-02 5.836700e-14 1 
    0.676826 9.209204e-02 6.031000e-14 1 
    0.677101 8.913797e-02 5.832800e-14 1 
    0.677376 9.018771e-02 5.896700e-14 1 
    0.677651 9.198911e-02 6.009600e-14 1 
    0.677926 9.062529e-02 5.915700e-14 1 
    0.678201 9.235928e-02 6.024000e-14 1 
    0.678476 9.593730e-02 6.252300e-14 1 
    0.678751 9.207762e-02 5.995900e-14 1 
    0.679026 9.152364e-02 5.955000e-14 1 
    0.679301 8.716787e-02 5.667000e-14 1 
    0.679576 8.993550e-02 5.842200e-14 1 
    0.679851 9.071701e-02 5.888200e-14 1 
    0.680126 9.039260e-02 5.862400e-14 1 
    0.680401 9.090243e-02 5.890700e-14 1 
    0.680676 9.438751e-02 6.111600e-14 1 
    0.680951 8.939406e-02 5.783600e-14 1 
    0.681226 9.152211e-02 5.916500e-14 1 
    0.681501 9.393682e-02 6.067700e-14 1 
    0.681776 9.392897e-02 6.062300e-14 1 
    0.682051 8.923033e-02 5.754400e-14 1 
    0.682326 9.132907e-02 5.885000e-14 1 
    0.682601 9.543777e-02 6.144800e-14 1 
    0.682876 9.293905e-02 5.979100e-14 1 
    0.683912 9.486615e-02 6.084600e-14 0 
    0.685488 9.334441e-02 5.959500e-14 0 
    0.687068 9.333934e-02 5.931800e-14 0 
    0.688652 9.355047e-02 5.917900e-14 0 
    0.690240 9.162726e-02 5.769600e-14 0 
    0.691831 9.375566e-02 5.876500e-14 0 
    0.693426 9.396727e-02 5.862700e-14 0 
    0.695024 9.615117e-02 5.971400e-14 0 
    0.696626 9.748460e-02 6.026400e-14 0 
    0.698233 9.747986e-02 5.998400e-14 0 
    0.699842 9.680315e-02 5.929400e-14 0 
    0.701455 9.746802e-02 5.942700e-14 0 
    0.703072 9.701663e-02 5.888000e-14 0 
    0.704693 9.836003e-02 5.942100e-14 0 
    0.706318 1.006467e-01 6.052300e-14 0 
    0.707946 9.633326e-02 5.766300e-14 0 
    0.709578 9.902688e-02 5.900300e-14 0 
    0.711214 9.566001e-02 5.673500e-14 0 
    0.712853 9.455999e-02 5.582500e-14 0 
    0.714496 9.499127e-02 5.582200e-14 0 
    0.716143 9.586565e-02 5.607700e-14 0 
    0.717794 9.674612e-02 5.633200e-14 0 
    0.719449 9.432178e-02 5.466800e-14 0 
    0.721108 9.259582e-02 5.342100e-14 0 
    0.722770 9.762720e-02 5.606500e-14 0 
    0.724436 9.897869e-02 5.658000e-14 0 
    0.726106 9.716672e-02 5.528900e-14 0 
    0.727780 9.965446e-02 5.644400e-14 0 
    0.729457 9.873609e-02 5.566700e-14 0 
    0.731139 9.850238e-02 5.528000e-14 0 
    0.732825 1.005611e-01 5.617600e-14 0 
    0.734514 1.024243e-01 5.695400e-14 0 
    0.736207 1.026549e-01 5.682000e-14 0 
    0.737904 1.035988e-01 5.707900e-14 0 
    0.739605 1.072333e-01 5.881000e-14 0 
    0.741310 1.055136e-01 5.760100e-14 0 
    0.743019 1.047806e-01 5.693800e-14 0 
    0.744732 1.069688e-01 5.786000e-14 0 
    0.746449 1.047696e-01 5.641000e-14 0 
    0.748170 1.054902e-01 5.653700e-14 0 
    0.749894 1.076921e-01 5.745200e-14 0 
    0.751623 1.084322e-01 5.758100e-14 0 
    0.753356 1.099354e-01 5.811100e-14 0 
    0.755092 1.099295e-01 5.784100e-14 0 
    0.756833 1.114528e-01 5.837300e-14 0 
    0.758578 1.104251e-01 5.756900e-14 0 
    0.760326 1.104182e-01 5.730100e-14 0 
    0.762079 1.091469e-01 5.638100e-14 0 
    0.763836 1.064127e-01 5.471600e-14 0 
    0.765597 1.078867e-01 5.521900e-14 0 
    0.767361 1.086278e-01 5.534300e-14 0 
    0.769130 1.061497e-01 5.383200e-14 0 
    0.770904 1.068796e-01 5.395300e-14 0 
    0.772681 1.066266e-01 5.357800e-14 0 
    0.774462 1.061311e-01 5.308400e-14 0 
    0.776247 1.066149e-01 5.308100e-14 0 
    0.778037 1.075954e-01 5.332300e-14 0 
    0.779830 1.053817e-01 5.198600e-14 0 
    0.781628 1.058621e-01 5.198300e-14 0 
    0.783430 1.105898e-01 5.405500e-14 0 
    0.785236 1.063381e-01 5.173800e-14 0 
    0.787046 1.095627e-01 5.306200e-14 0 
    0.788860 1.108254e-01 5.342700e-14 0 
    0.790679 1.121019e-01 5.379400e-14 0 
    0.792501 1.108124e-01 5.293100e-14 0 
    0.794328 1.090336e-01 5.184200e-14 0 
    0.796159 1.065449e-01 5.042600e-14 0 
    0.797995 1.100299e-01 5.183600e-14 0 
    0.799834 1.105312e-01 5.183300e-14 0 
    0.801678 1.095118e-01 5.111900e-14 0 
    0.803526 1.144013e-01 5.315600e-14 0 
    0.805378 1.157184e-01 5.352100e-14 0 
    0.807235 1.159790e-01 5.339500e-14 0 
    0.809096 1.125516e-01 5.157900e-14 0 
    0.810961 1.125450e-01 5.133900e-14 0 
    0.812831 1.159585e-01 5.265300e-14 0 
    0.814704 1.170245e-01 5.289300e-14 0 
    0.816582 1.156775e-01 5.204400e-14 0 
    0.818465 1.104640e-01 4.947000e-14 0 
    0.820352 1.099510e-01 4.901400e-14 0 
    0.822243 1.151258e-01 5.108500e-14 0 
    0.824138 1.140632e-01 5.038100e-14 0 
    0.826038 1.199824e-01 5.275200e-14 0 
    0.827942 1.186008e-01 5.190500e-14 0 
    0.829851 1.169677e-01 5.095500e-14 0 
    0.831764 1.172285e-01 5.083400e-14 0 
    0.833681 1.183070e-01 5.106600e-14 0 
    0.835603 1.158717e-01 4.978500e-14 0 
    0.837529 1.188381e-01 5.082500e-14 0 
    0.839460 1.182851e-01 5.035600e-14 0 
    0.841395 1.201997e-01 5.093600e-14 0 
    0.843335 1.163783e-01 4.909000e-14 0 
    0.845279 1.221360e-01 5.128200e-14 0 
    0.847227 1.182541e-01 4.942400e-14 0 
    0.849180 1.150237e-01 4.785300e-14 0 
    0.851138 1.207152e-01 4.999000e-14 0 
    0.853100 1.198774e-01 4.941500e-14 0 
    0.855067 1.190441e-01 4.884600e-14 0 
    0.857038 1.126353e-01 4.600400e-14 0 
    0.859014 1.209623e-01 4.917800e-14 0 
    0.860994 1.201220e-01 4.861200e-14 0 
    0.862979 1.195619e-01 4.816300e-14 0 
    0.864968 1.214978e-01 4.871800e-14 0 
    0.866962 1.162886e-01 4.641500e-14 0 
    0.868960 1.123350e-01 4.463100e-14 0 
    0.870964 1.107853e-01 4.381300e-14 0 
    0.872971 1.209088e-01 4.759700e-14 0 
    0.874984 1.206224e-01 4.726600e-14 0 
    0.877001 1.178693e-01 4.597500e-14 0 
    0.879023 1.222846e-01 4.747800e-14 0 
    0.881049 1.239771e-01 4.791400e-14 0 
    0.883080 1.148976e-01 4.420100e-14 0 
    0.885116 1.239596e-01 4.746800e-14 0 
    0.887156 1.230992e-01 4.692200e-14 0 
    0.889201 1.180931e-01 4.480700e-14 0 
    0.891251 1.213945e-01 4.584800e-14 0 
    0.893305 1.222260e-01 4.595000e-14 0 
    0.895365 1.219380e-01 4.563100e-14 0 
    0.897429 1.213706e-01 4.521000e-14 0 
    0.899498 1.172408e-01 4.347100e-14 0 
    0.901571 1.166953e-01 4.307000e-14 0 
    0.903650 1.111778e-01 4.084500e-14 0 
    0.905733 1.303157e-01 4.765600e-14 0 
    0.907820 1.330350e-01 4.842700e-14 0 
    0.909913 1.285076e-01 4.656400e-14 0 
    0.912011 1.276148e-01 4.602800e-14 0 
    0.914113 1.150458e-01 4.130400e-14 0 
    0.916220 1.252697e-01 4.476800e-14 0 
    0.918333 1.275882e-01 4.538700e-14 0 
    0.920450 1.278750e-01 4.528000e-14 0 
    0.922571 1.290494e-01 4.548600e-14 0 
    0.924698 1.198746e-01 4.205800e-14 0 
    0.926830 1.226586e-01 4.283700e-14 0 
    0.928966 1.347914e-01 4.685800e-14 0 
    0.931108 1.243455e-01 4.302800e-14 0 
    0.933254 1.307983e-01 4.505300e-14 0 
    0.935406 1.313935e-01 4.505000e-14 0 
    0.937562 1.298814e-01 4.432700e-14 0 
    0.939723 1.313757e-01 4.463100e-14 0 
    0.941890 1.298620e-01 4.391400e-14 0 
    0.944061 1.322676e-01 4.452200e-14 0 
    0.946237 1.316484e-01 4.411000e-14 0 
    0.948418 1.334703e-01 4.451500e-14 0 
    0.950605 1.337703e-01 4.441000e-14 0 
    0.952796 1.322301e-01 4.369700e-14 0 
    0.954993 1.322204e-01 4.349300e-14 0 
    0.957194 1.280174e-01 4.191700e-14 0 
    0.959401 1.325050e-01 4.318700e-14 0 
    0.961612 1.334154e-01 4.328400e-14 0 
    0.963829 1.340220e-01 4.328100e-14 0 
    0.966051 1.333963e-01 4.288100e-14 0 
    0.968278 1.336933e-01 4.277900e-14 0 
    0.970510 1.349194e-01 4.297300e-14 0 
    0.972747 1.342899e-01 4.257600e-14 0 
    0.974990 1.339720e-01 4.228000e-14 0 
    0.977237 1.339631e-01 4.208300e-14 0 
    0.979490 1.345719e-01 4.208000e-14 0 
    0.981748 1.351803e-01 4.207600e-14 0 
    0.984011 1.348617e-01 4.178400e-14 0 
    0.986279 1.354744e-01 4.178100e-14 0 
    0.988553 1.351519e-01 4.149000e-14 0 
    0.990832 1.354518e-01 4.139100e-14 0 
    0.993116 1.351301e-01 4.110300e-14 0 
    0.995405 1.357439e-01 4.110000e-14 0 
    0.997700 1.360487e-01 4.100300e-14 0 
    1.000000 1.360367e-01 4.081100e-14 0 
    1.004615 1.350816e-01 4.015300e-14 0 
    1.009253 1.341316e-01 3.950500e-14 0 
    1.013912 1.369182e-01 3.995600e-14 0 
    1.018591 1.362689e-01 3.940200e-14 0 
    1.023294 1.371916e-01 3.930500e-14 0 
    1.028017 1.378057e-01 3.911900e-14 0 
    1.030386 1.374754e-01 3.884600e-14 0 
    1.051962 1.376972e-01 3.732900e-14 0 
    1.071520 1.363549e-01 3.562800e-14 0 
    1.091441 1.347932e-01 3.394600e-14 0 
    1.111732 1.351056e-01 3.279400e-14 0 
    1.132400 1.354140e-01 3.168000e-14 0 
    1.150800 1.369810e-01 3.103000e-14 0 
    1.172195 1.369828e-01 2.990800e-14 0 
    1.191243 1.363527e-01 2.882600e-14 0 
    1.210599 1.366674e-01 2.797600e-14 0 
    1.233105 1.382533e-01 2.727700e-14 0 
    1.253141 1.385688e-01 2.647200e-14 0 
    1.270574 1.382483e-01 2.569100e-14 0 
    1.291219 1.385704e-01 2.493400e-14 0 
    1.312200 1.398502e-01 2.436600e-14 0 
    1.330455 1.392074e-01 2.359300e-14 0 
    1.352073 1.408187e-01 2.310900e-14 0 
    1.370882 1.414688e-01 2.258300e-14 0 
    1.393157 1.414712e-01 2.186700e-14 0 
    1.412538 1.404998e-01 2.112500e-14 0 
    1.432188 1.414687e-01 2.069100e-14 0 
    1.452112 1.447644e-01 2.059600e-14 0 
    1.472313 1.441018e-01 1.994300e-14 0 
    1.492794 1.481389e-01 1.994300e-14 0 
    1.513561 1.512430e-01 1.980600e-14 0 
    1.531087 1.551175e-01 1.985100e-14 0 
    1.552387 1.580014e-01 1.966900e-14 0 
    1.573983 1.591001e-01 1.926600e-14 0 
    1.592209 1.576428e-01 1.865500e-14 0 
    1.610645 1.613146e-01 1.865500e-14 0 
    1.633051 1.643139e-01 1.848400e-14 0 
    1.651962 1.639297e-01 1.802100e-14 0 
    1.671091 1.650673e-01 1.773300e-14 0 
    1.694338 1.650699e-01 1.725000e-14 0 
    1.713958 1.646946e-01 1.681900e-14 0 
    1.733803 1.613159e-01 1.609900e-14 0 
    1.753880 1.605722e-01 1.566000e-14 0 
    1.774190 1.580066e-01 1.505900e-14 0 
    1.790605 1.554825e-01 1.454800e-14 0 
    1.811340 1.522909e-01 1.392500e-14 0 
    1.832314 1.519436e-01 1.357700e-14 0 
    1.853532 1.505472e-01 1.314600e-14 0 
    1.870681 1.467785e-01 1.258300e-14 0 
    1.892343 1.461032e-01 1.224000e-14 0 
    1.914256 1.461109e-01 1.196200e-14 0 
    1.931967 1.434398e-01 1.152900e-14 0 
    1.954339 1.408228e-01 1.106100e-14 0 
    1.972423 1.392134e-01 1.073500e-14 0 
    1.990672 1.376140e-01 1.041800e-14 0 
    2.013724 1.379269e-01 1.020400e-14 0 
    2.032357 1.357274e-01 9.858000e-15 0 
    2.051161 1.357276e-01 9.678100e-15 0 
    2.074913 1.347935e-01 9.392700e-15 0 
    2.094113 1.335575e-01 9.136700e-15 0 
    2.113488 1.332501e-01 8.949300e-15 0 
    2.133045 1.320284e-01 8.705400e-15 0 
    2.152783 1.314213e-01 8.507200e-15 0 
    2.172701 1.290227e-01 8.199500e-15 0 
    2.192805 1.290236e-01 8.049900e-15 0 
    2.213094 1.275465e-01 7.812500e-15 0 
    2.233572 1.260864e-01 7.582100e-15 0 
    2.254240 1.252190e-01 7.392500e-15 0 
    2.275097 1.240703e-01 7.191000e-15 0 
    2.290868 1.136751e-01 6.498100e-15 0 
    2.312064 1.147281e-01 6.438600e-15 0 
    2.333458 1.031978e-01 5.685800e-15 0 
    2.355050 9.946479e-02 5.380100e-15 0 
    2.371374 1.020162e-01 5.442400e-15 0 
    2.393317 9.564558e-02 5.009400e-15 0 
    2.415460 9.455110e-02 4.861700e-15 0 
    2.432205 9.498714e-02 4.817100e-15 0 
    2.454708 9.071327e-02 4.516400e-15 0 
    2.471725 9.071274e-02 4.454400e-15 0 
    2.494594 8.010659e-02 3.861800e-15 0 
    2.511887 8.010638e-02 3.808800e-15 0 
    2.535128 8.178411e-02 3.817600e-15 0 
    2.552702 8.197272e-02 3.773900e-15 0 
    2.576320 8.407404e-02 3.800000e-15 0 
    2.594179 8.349618e-02 3.722100e-15 0 
    2.612160 8.407541e-02 3.696500e-15 0 
    2.636331 8.330328e-02 3.595700e-15 0 
    2.654604 8.349663e-02 3.554600e-15 0 
    2.673007 8.292210e-02 3.481700e-15 0 
    2.691534 8.273054e-02 3.426000e-15 0 
    2.716439 8.292075e-02 3.371200e-15 0 
    2.735267 8.216137e-02 3.294500e-15 0 
    2.754229 8.197191e-02 3.241800e-15 0 
    2.773319 8.122011e-02 3.168000e-15 0 
    2.792545 8.103481e-02 3.117400e-15 0 
    2.811900 8.047523e-02 3.053400e-15 0 
    2.831393 8.010640e-02 2.997700e-15 0 
    2.851018 7.955442e-02 2.936200e-15 0 
    2.877399 7.918994e-02 2.869400e-15 0 
    2.897343 7.900714e-02 2.823500e-15 0 
    2.917428 7.846363e-02 2.765600e-15 0 
    2.930893 7.738565e-02 2.702600e-15 0 
    2.951208 7.685377e-02 2.647200e-15 0 
    2.971666 7.667782e-02 2.604900e-15 0 
    2.992263 7.597461e-02 2.545600e-15 0 
    3.013007 7.562453e-02 2.499100e-15 0 
    3.033890 7.493068e-02 2.442200e-15 0 
    3.054922 7.493103e-02 2.408700e-15 0 
    3.076096 7.475901e-02 2.370200e-15 0 
    3.097421 7.424490e-02 2.321600e-15 0 
    3.111717 7.373439e-02 2.284500e-15 0 
    3.133284 7.356557e-02 2.248000e-15 0 
    3.155005 7.305946e-02 2.201900e-15 0 
    3.176873 7.289156e-02 2.166700e-15 0 
    3.191539 7.238795e-02 2.132000e-15 0 
    3.213660 7.205573e-02 2.093100e-15 0 
    3.235938 7.222052e-02 2.069100e-15 0 
    3.258367 7.272261e-02 2.054900e-15 0 
    3.273406 7.424553e-02 2.078700e-15 0 
    3.296098 7.992114e-02 2.206900e-15 0 
    3.311311 7.937039e-02 2.171600e-15 0 
    3.334262 7.272199e-02 1.962400e-15 0 
    3.357376 7.009290e-02 1.865500e-15 0 
    3.372872 6.849650e-02 1.806300e-15 0 
    3.396254 6.755780e-02 1.757100e-15 0 
    3.411929 6.663068e-02 1.717100e-15 0 
    3.435578 6.617265e-02 1.681900e-15 0 
    3.451438 6.541508e-02 1.647400e-15 0 
    3.475361 6.496426e-02 1.613600e-15 0 
    3.491405 6.422050e-02 1.580500e-15 0 
    3.515604 6.377899e-02 1.548100e-15 0 
    3.531830 6.304687e-02 1.516300e-15 0 
    3.556314 6.261291e-02 1.485200e-15 0 
    3.572728 6.189876e-02 1.454800e-15 0 
    3.597495 6.161240e-02 1.428200e-15 0 
    3.614099 6.104608e-02 1.402100e-15 0 
    3.639149 6.062830e-02 1.373400e-15 0 
    3.655950 5.993301e-02 1.345200e-15 0 
    3.672823 5.924645e-02 1.317600e-15 0 
    3.698280 5.870287e-02 1.287600e-15 0 
    3.715354 5.816484e-02 1.264100e-15 0 
    3.732502 5.763027e-02 1.241000e-15 0 
    3.758372 5.697228e-02 1.210000e-15 0 
    3.775723 5.671070e-02 1.193400e-15 0 
    3.793150 5.618988e-02 1.171600e-15 0 
    3.819441 5.593089e-02 1.150200e-15 0 
    3.837073 5.541786e-02 1.129200e-15 0 
    3.854783 5.491025e-02 1.108600e-15 0 
    3.872575 5.428356e-02 1.085900e-15 0 
    3.899421 5.403522e-02 1.066100e-15 0 
    3.917418 5.353765e-02 1.046600e-15 0 
    3.935499 5.317082e-02 1.029900e-15 0 
    3.953667 5.256347e-02 1.008800e-15 0 
    3.971915 5.207956e-02 9.903500e-16 0 
    3.999450 5.172124e-02 9.700400e-16 0 
    4.017909 5.124676e-02 9.523300e-16 0 
    4.036454 5.089432e-02 9.371100e-16 0 
    4.055084 5.031171e-02 9.178900e-16 0 
    4.073804 5.008027e-02 9.052900e-16 0 
    4.092607 4.973577e-02 8.908200e-16 0 
    4.111496 4.939296e-02 8.765700e-16 0 
    4.139998 4.927973e-02 8.625600e-16 0 
    4.159106 4.882810e-02 8.468200e-16 0 
    4.178302 4.849192e-02 8.332800e-16 0 
    4.197591 4.815777e-02 8.199500e-16 0 
    4.216965 4.771657e-02 8.049900e-16 0 
    4.236428 4.760647e-02 7.957700e-16 0 
    4.255986 4.717036e-02 7.812500e-16 0 
    4.275629 4.695354e-02 7.705300e-16 0 
    4.295363 4.546423e-02 7.392500e-16 0 
    4.315193 4.422523e-02 7.125100e-16 0 
    4.335110 4.453170e-02 7.108700e-16 0 
    4.355118 4.321833e-02 6.835800e-16 0 
    4.375219 4.272360e-02 6.695600e-16 0 
    4.395418 4.233204e-02 6.573400e-16 0 
    4.415704 4.136854e-02 6.364900e-16 0 
    4.436085 4.117800e-02 6.277500e-16 0 
    4.456564 4.089505e-02 6.177200e-16 0 
    4.477133 4.014823e-02 6.008800e-16 0 
    4.497797 4.033358e-02 5.981200e-16 0 
    4.518562 3.996366e-02 5.872000e-16 0 
    4.539417 3.941575e-02 5.738400e-16 0 
    4.560368 3.950659e-02 5.698900e-16 0 
    4.581416 3.941524e-02 5.633600e-16 0 
    4.591982 3.851834e-02 5.480100e-16 0 
    4.613176 3.878534e-02 5.467500e-16 0 
    4.634468 3.851846e-02 5.380100e-16 0 
    4.655863 3.834166e-02 5.306300e-16 0 
    4.677352 3.842950e-02 5.269700e-16 0 
    4.698940 3.825293e-02 5.197400e-16 0 
    4.720628 3.807724e-02 5.126100e-16 0 
    4.731515 3.816501e-02 5.114300e-16 0 
    4.753353 3.781544e-02 5.021000e-16 0 
    4.775292 3.772825e-02 4.963500e-16 0 
    4.797337 3.764166e-02 4.906700e-16 0 
    4.819479 3.729620e-02 4.817100e-16 0 
    4.841723 3.764128e-02 4.817100e-16 0 
    4.852884 3.721055e-02 4.740100e-16 0 
    4.875287 3.703992e-02 4.675100e-16 0 
    4.897789 3.695484e-02 4.621600e-16 0 
    4.920395 3.678511e-02 4.558200e-16 0 
    4.931736 3.661599e-02 4.516400e-16 0 
    4.954504 3.644755e-02 4.454400e-16 0 
    4.977371 3.661548e-02 4.433900e-16 0 
    5.000344 3.645169e-02 4.373600e-16 0 
    5.011870 3.643823e-02 4.351900e-16 0 
    5.035008 3.666136e-02 4.338400e-16 0 
    5.058246 3.671570e-02 4.305000e-16 0 
    5.081593 3.710964e-02 4.311300e-16 0 
    5.093306 3.717801e-02 4.299400e-16 0 
    5.105052 3.733318e-02 4.297500e-16 0 
    5.116820 3.740251e-02 4.285700e-16 0 
    5.128614 3.747168e-02 4.273900e-16 0 
    5.140436 3.762613e-02 4.271800e-16 0 
    5.152285 3.769538e-02 4.260000e-16 0 
    5.164162 3.785070e-02 4.257900e-16 0 
    5.176071 3.809424e-02 4.265600e-16 0 
    5.188002 3.816329e-02 4.253700e-16 0 
    5.199961 3.823218e-02 4.241800e-16 0 
    5.211947 3.838872e-02 4.239600e-16 0 
    5.223961 3.845674e-02 4.227600e-16 0 
    5.236003 3.861414e-02 4.225400e-16 0 
    5.248072 3.868219e-02 4.213400e-16 0 
    5.260175 3.892906e-02 4.220800e-16 0 
    5.272300 3.917730e-02 4.228200e-16 0 
    5.284453 3.942700e-02 4.235600e-16 0 
    5.296634 3.940511e-02 4.213800e-16 0 
    5.308843 3.938218e-02 4.192000e-16 0 
    5.321080 3.954130e-02 4.189600e-16 0 
    5.333352 3.979216e-02 4.196800e-16 0 
    5.345646 4.004440e-02 4.204000e-16 0 
    5.357968 4.011248e-02 4.191800e-16 0 
    5.370318 4.036587e-02 4.198900e-16 0 
    5.382697 4.052706e-02 4.196300e-16 0 
    5.395105 4.068890e-02 4.193700e-16 0 
    5.407541 4.085135e-02 4.191100e-16 0 
    5.420011 4.110852e-02 4.198100e-16 0 
    5.432505 4.117727e-02 4.185800e-16 0 
    5.445027 4.133964e-02 4.183000e-16 0 
    5.457579 4.159995e-02 4.190000e-16 0 
    5.470159 4.176402e-02 4.187200e-16 0 
    5.482768 4.192873e-02 4.184400e-16 0 
    5.495406 4.219069e-02 4.191200e-16 0 
    5.508079 4.235720e-02 4.188400e-16 0 
    5.520776 4.262179e-02 4.195200e-16 0 
    5.533502 4.298590e-02 4.211600e-16 0 
    5.546257 4.335348e-02 4.228100e-16 0 
    5.559041 4.332283e-02 4.205700e-16 0 
    5.571855 4.359212e-02 4.212400e-16 0 
    5.584705 4.406580e-02 4.238600e-16 0 
    5.597578 4.423681e-02 4.235500e-16 0 
    5.610481 4.451128e-02 4.242200e-16 0 
    5.623413 4.488958e-02 4.258600e-16 0 
    5.636376 4.506395e-02 4.255500e-16 0 
    5.649368 4.534215e-02 4.262100e-16 0 
    5.662390 4.583250e-02 4.288400e-16 0 
    5.675448 4.622237e-02 4.305000e-16 0 
    5.688531 4.650690e-02 4.311600e-16 0 
    5.701643 4.679307e-02 4.318200e-16 0 
    5.714786 4.729862e-02 4.344800e-16 0 
    5.727959 4.780784e-02 4.371400e-16 0 
    5.741162 4.832404e-02 4.398300e-16 0 
    5.754402 4.873261e-02 4.415100e-16 0 
    5.767667 4.925695e-02 4.442100e-16 0 
    5.780962 4.978729e-02 4.469300e-16 0 
    5.794287 5.043898e-02 4.507000e-16 0 
    5.807643 5.109901e-02 4.545000e-16 0 
    5.821030 5.176744e-02 4.583300e-16 0 
    5.834448 5.244436e-02 4.621900e-16 0 
    5.847904 5.325196e-02 4.671500e-16 0 
    5.861383 5.407146e-02 4.721600e-16 0 
    5.874894 5.490433e-02 4.772300e-16 0 
    5.888436 5.587779e-02 4.834600e-16 0 
    5.902009 5.686719e-02 4.897600e-16 0 
    5.912810 5.227067e-02 4.485300e-16 3 
    5.943050 5.428660e-02 4.611000e-16 3 
    5.973300 5.939226e-02 4.993700e-16 3 
    6.003540 6.830533e-02 5.685400e-16 3 
    6.033780 7.381660e-02 6.082700e-16 3 
    6.064020 6.841861e-02 5.581800e-16 3 
    6.094260 7.044469e-02 5.690200e-16 3 
    6.124510 9.222367e-02 7.376000e-16 3 
    6.154750 1.231118e-01 9.749900e-16 3 
    6.184990 1.753950e-01 1.375500e-15 3 
    6.215230 2.141854e-01 1.663400e-15 3 
    6.245470 2.095267e-01 1.611500e-15 3 
    6.275720 1.787670e-01 1.361700e-15 3 
    6.305960 1.425580e-01 1.075500e-15 3 
    6.336200 1.233101e-01 9.214300e-16 3 
    6.366440 1.022179e-01 7.565800e-16 3 
    6.396680 9.778740e-02 7.169600e-16 3 
    6.426930 8.182743e-02 5.943100e-16 3 
    6.457170 8.689108e-02 6.251900e-16 3 
    6.487410 7.608677e-02 5.423600e-16 3 
    6.517650 6.437100e-02 4.546000e-16 3 
    6.547890 7.032906e-02 4.921000e-16 3 
    6.578140 7.189053e-02 4.984100e-16 3 
    6.608380 8.012114e-02 5.504000e-16 3 
    6.638620 7.510187e-02 5.112300e-16 3 
    6.668860 8.325475e-02 5.616000e-16 3 
    6.699100 7.689237e-02 5.140100e-16 3 
    6.729350 7.880650e-02 5.220800e-16 3 
    6.759590 7.245694e-02 4.757300e-16 3 
    6.789830 7.469565e-02 4.860700e-16 3 
    6.820070 7.536405e-02 4.860800e-16 3 
    6.850310 7.608860e-02 4.864300e-16 3 
    6.880560 7.255652e-02 4.597800e-16 3 
    6.910800 8.087695e-02 5.080300e-16 3 
    6.941040 7.359035e-02 4.582400e-16 3 
    6.971280 7.161997e-02 4.421100e-16 3 
    7.001520 9.332346e-02 5.711200e-16 3 
    7.031770 7.601961e-02 4.612300e-16 3 
    7.062010 5.736110e-02 3.450500e-16 3 
    7.092250 9.442318e-02 5.631600e-16 3 
    7.122490 8.983075e-02 5.312300e-16 3 
    7.152730 1.020059e-01 5.981400e-16 3 
    7.182980 1.036719e-01 6.028000e-16 3 
    7.213220 1.012306e-01 5.836800e-16 3 
    7.243460 9.472871e-02 5.416400e-16 3 
    7.273700 1.082224e-01 6.136600e-16 3 
    7.303940 1.275611e-01 7.173400e-16 3 
    7.334190 1.361505e-01 7.593400e-16 3 
    7.364430 1.489107e-01 8.237000e-16 3 
    7.394670 1.685036e-01 9.244700e-16 3 
    7.424910 1.784443e-01 9.710500e-16 3 
    7.455150 2.074959e-01 1.120000e-15 3 
    7.485400 2.472471e-01 1.323800e-15 3 
    7.515640 2.554433e-01 1.356700e-15 3 
    7.545880 2.508220e-01 1.321500e-15 3 
    7.576120 2.771156e-01 1.448400e-15 3 
    7.697090 2.263759e-01 1.146300e-15 3 
    7.757570 2.133377e-01 1.063500e-15 3 
    7.818050 1.960750e-01 9.623800e-16 3 
    7.878540 2.077943e-01 1.004300e-15 3 
    7.939020 1.816090e-01 8.644200e-16 3 
    7.999510 1.506695e-01 7.063500e-16 3 
    8.059990 1.318368e-01 6.088200e-16 3 
    8.120470 1.184803e-01 5.390200e-16 3 
    8.180959 9.644785e-02 4.323200e-16 3 
    8.241440 1.096296e-01 4.842200e-16 3 
    8.301920 1.195197e-01 5.202400e-16 3 
    8.362409 1.116571e-01 4.790100e-16 3 
    8.422890 1.125307e-01 4.758500e-16 3 
    8.483370 1.182811e-01 4.930600e-16 3 
    8.543860 1.292957e-01 5.313700e-16 3 
    8.604340 1.298074e-01 5.260000e-16 3 
    8.664830 1.315164e-01 5.255100e-16 3 
    8.725310 1.256517e-01 4.951400e-16 3 
    8.785791 1.021277e-01 3.969200e-16 3 
    8.846280 9.180550e-02 3.519400e-16 3 
    8.906760 8.590157e-02 3.248500e-16 3 
    8.967241 9.233642e-02 3.444900e-16 3 
    9.027730 1.321820e-01 4.865600e-16 3 
    9.088210 6.838362e-02 2.483800e-16 3 
    9.148690 5.868103e-02 2.103300e-16 3 
    9.209180 6.501457e-02 2.299800e-16 3 
    9.269660 6.162083e-02 2.151400e-16 3 
    9.330150 6.227098e-02 2.146000e-16 3 
    9.390630 5.990040e-02 2.037800e-16 3 
    9.451110 6.428611e-02 2.159100e-16 3 
    9.511599 6.187882e-02 2.051900e-16 3 
    9.572080 6.053339e-02 1.982000e-16 3 
    9.632560 6.665143e-02 2.155000e-16 3 
    9.693050 6.445955e-02 2.058200e-16 3 
    9.753530 6.696929e-02 2.111900e-16 3 
    9.814009 6.330450e-02 1.971800e-16 3 
    9.874500 6.644042e-02 2.044200e-16 3 
    9.934980 6.510833e-02 1.978900e-16 3 
    9.995470 6.398866e-02 1.921400e-16 3 
   10.055950 6.683836e-02 1.982900e-16 3 
   10.116430 6.722515e-02 1.970600e-16 3 
   10.176920 6.690258e-02 1.937900e-16 3 
   10.237400 6.698396e-02 1.917400e-16 3 
   10.297880 6.777775e-02 1.917400e-16 3 
   10.358370 6.776447e-02 1.894700e-16 3 
   10.418850 6.693705e-02 1.849900e-16 3 
   10.479330 1.235763e-01 3.375900e-16 3 
   10.539820 1.929743e-01 5.211400e-16 3 
   10.600300 1.261912e-01 3.369100e-16 3 
   10.660791 8.006437e-02 2.113400e-16 3 
   10.721270 8.783762e-02 2.292500e-16 3 
   10.781750 9.357426e-02 2.414900e-16 3 
   10.842241 8.869855e-02 2.263600e-16 3 
   10.902720 9.332033e-02 2.355200e-16 3 
   10.963200 1.066622e-01 2.662300e-16 3 
   11.023690 1.194032e-01 2.947700e-16 3 
   11.084170 1.267371e-01 3.094700e-16 3 
   11.144651 1.481745e-01 3.579000e-16 3 
   11.205140 2.482728e-01 5.932200e-16 3 
   11.265620 2.922496e-01 6.908200e-16 3 
   11.326110 2.325816e-01 5.439200e-16 3 
   11.386590 1.822595e-01 4.217200e-16 3 
   11.447070 1.519574e-01 3.479000e-16 3 
   11.507560 1.423557e-01 3.225000e-16 3 
   11.568040 1.219542e-01 2.734000e-16 3 
   11.628520 1.178284e-01 2.614100e-16 3 
   11.689009 1.171354e-01 2.571900e-16 3 
   11.749490 1.191882e-01 2.590100e-16 3 
   11.809970 1.129286e-01 2.429000e-16 3 
   11.870459 1.169159e-01 2.489200e-16 3 
   11.930940 1.215599e-01 2.561900e-16 3 
   11.991430 1.191145e-01 2.485100e-16 3 
   12.051910 1.191958e-01 2.461900e-16 3 
   12.112390 1.181847e-01 2.416700e-16 3 
   12.172880 1.196743e-01 2.422900e-16 3 
   12.233360 1.135383e-01 2.276000e-16 3 
   12.293841 1.200141e-01 2.382200e-16 3 
   12.354330 1.248611e-01 2.454200e-16 3 
   12.414810 1.252337e-01 2.437600e-16 3 
   12.475291 1.289055e-01 2.484800e-16 3 
   12.535780 1.326782e-01 2.532900e-16 3 
   12.596260 1.367540e-01 2.585700e-16 3 
   12.656750 1.409701e-01 2.640000e-16 3 
   12.717230 1.538033e-01 2.853000e-16 3 
   12.777710 2.119896e-01 3.895200e-16 3 
   12.838200 2.801765e-01 5.099700e-16 3 
   12.898680 1.899791e-01 3.425600e-16 3 
   12.959160 1.143446e-01 2.042600e-16 3 
   13.019651 1.118210e-01 1.979000e-16 3 
   13.080130 1.072334e-01 1.880300e-16 3 
   13.140609 1.069610e-01 1.858300e-16 3 
   13.201100 1.038005e-01 1.786900e-16 3 
   13.261580 1.097836e-01 1.872700e-16 3 
   13.322059 1.056936e-01 1.786600e-16 3 
   13.382550 1.047035e-01 1.753900e-16 3 
   13.443030 1.018992e-01 1.691600e-16 3 
   13.503520 1.049882e-01 1.727300e-16 3 
   13.564000 1.041461e-01 1.698200e-16 3 
   13.624480 1.059308e-01 1.712000e-16 3 
   13.684970 1.078849e-01 1.728200e-16 3 
   13.745450 1.003635e-01 1.593600e-16 3 
   13.805930 1.001559e-01 1.576400e-16 3 
   13.866420 1.039645e-01 1.622100e-16 3 
   13.926900 1.080478e-01 1.671200e-16 3 
   13.987380 1.041102e-01 1.596400e-16 3 
   14.047870 1.048416e-01 1.593800e-16 3 
   14.108350 1.047842e-01 1.579300e-16 3 
   14.168841 1.057047e-01 1.579600e-16 3 
   14.229320 1.050433e-01 1.556400e-16 3 
   14.289800 1.021332e-01 1.500500e-16 3 
   14.350291 1.009610e-01 1.470800e-16 3 
   14.410770 9.997249e-02 1.444200e-16 3 
   14.471250 9.675767e-02 1.386100e-16 3 
   14.577409 9.685081e-02 1.367300e-16 3 
   14.662091 9.939815e-02 1.387100e-16 3 
   14.746770 9.899109e-02 1.365600e-16 3 
   14.831450 9.677298e-02 1.319800e-16 3 
   14.916120 9.809613e-02 1.322700e-16 3 
   15.000800 1.008032e-01 1.343900e-16 3 
   15.085480 9.987363e-02 1.316600e-16 3 
   15.170150 9.920286e-02 1.293200e-16 3 
   15.254830 9.904906e-02 1.276900e-16 3 
   15.339509 1.031165e-01 1.314700e-16 3 
   15.424180 9.894483e-02 1.247700e-16 3 
   15.508859 2.092405e-01 2.609800e-16 3 
   15.593541 2.569294e-01 3.169900e-16 3 
   15.678211 1.434771e-01 1.751100e-16 3 
   15.762891 1.053176e-01 1.271600e-16 3 
   15.847570 1.081851e-01 1.292300e-16 3 
   15.932239 1.088450e-01 1.286400e-16 3 
   16.016920 1.134428e-01 1.326600e-16 3 
   16.101600 1.130467e-01 1.308100e-16 3 
   16.186280 1.110250e-01 1.271300e-16 3 
   16.270950 1.213939e-01 1.375600e-16 3 
   16.355631 1.315152e-01 1.474900e-16 3 
   16.440309 1.498273e-01 1.663000e-16 3 
   16.524981 1.423904e-01 1.564300e-16 3 
   16.609659 1.406532e-01 1.529500e-16 3 
   16.694339 1.383843e-01 1.489600e-16 3 
   16.779011 1.430668e-01 1.524500e-16 3 
   16.863689 1.420877e-01 1.498900e-16 3 
   16.948370 1.470036e-01 1.535300e-16 3 
   17.033039 1.580888e-01 1.634700e-16 3 
   17.117720 1.553377e-01 1.590400e-16 3 
   17.202400 1.506739e-01 1.527500e-16 3 
   17.287069 1.519018e-01 1.524900e-16 3 
   17.371750 1.553652e-01 1.544500e-16 3 
   17.456430 1.637501e-01 1.612100e-16 3 
   17.541109 1.522042e-01 1.484000e-16 3 
   17.625780 1.529937e-01 1.477400e-16 3 
   17.710461 1.537773e-01 1.470800e-16 3 
   17.795139 1.540585e-01 1.459500e-16 3 
   17.879811 1.534927e-01 1.440400e-16 3 
   17.964491 1.458385e-01 1.355700e-16 3 
   18.049170 1.385402e-01 1.275800e-16 3 
   18.133841 1.409940e-01 1.286300e-16 3 
   18.218519 1.404883e-01 1.269800e-16 3 
   18.303200 1.340029e-01 1.200000e-16 3 
   18.387870 1.438899e-01 1.276700e-16 3 
   18.472550 1.405889e-01 1.236000e-16 3 
   18.557230 1.359576e-01 1.184400e-16 3 
   18.641898 2.014692e-01 1.739200e-16 3 
   18.726580 3.657525e-01 3.128900e-16 3 
   18.811261 2.578486e-01 2.186000e-16 3 
   18.895941 1.487379e-01 1.249700e-16 3 
   18.980609 1.548173e-01 1.289200e-16 3 
   19.065291 1.641500e-01 1.354800e-16 3 
   19.149969 1.639978e-01 1.341600e-16 3 
   19.234641 1.693112e-01 1.372900e-16 3 
   19.319320 1.720245e-01 1.382700e-16 3 
   19.404000 1.712015e-01 1.364100e-16 3 
   19.488670 1.730407e-01 1.366800e-16 3 
   19.573352 1.766037e-01 1.382900e-16 3 
   19.658030 1.789595e-01 1.389300e-16 3 
   19.742700 1.808292e-01 1.391800e-16 3 
   19.827380 1.867475e-01 1.425100e-16 3 
   19.912059 1.913990e-01 1.448200e-16 3 
   19.996731 1.915507e-01 1.437100e-16 3 
   20.081409 1.908913e-01 1.420100e-16 3 
   20.166091 1.922064e-01 1.417900e-16 3 
   20.250770 1.889438e-01 1.382200e-16 3 
   20.335439 1.856750e-01 1.347000e-16 3 
   20.420120 1.931318e-01 1.389500e-16 3 
   20.589470 1.923354e-01 1.361100e-16 3 
   20.758830 2.004394e-01 1.395400e-16 3 
   20.928181 2.017230e-01 1.381700e-16 3 
   21.097530 2.004311e-01 1.350900e-16 3 
   21.266889 2.066319e-01 1.370600e-16 3 
   21.436239 2.107170e-01 1.375700e-16 3 
   21.605600 2.155847e-01 1.385500e-16 3 
   21.774950 2.157059e-01 1.364800e-16 3 
   21.944300 2.236489e-01 1.393300e-16 3 
   22.113661 2.299996e-01 1.411000e-16 3 
   22.283011 2.311690e-01 1.396700e-16 3 
   22.452359 2.351498e-01 1.399400e-16 3 
   22.621719 2.451245e-01 1.437000e-16 3 
   22.791070 2.511458e-01 1.450500e-16 3 
   22.960430 2.607790e-01 1.484000e-16 3 
   23.129780 2.588266e-01 1.451400e-16 3 
   23.299130 2.625401e-01 1.450900e-16 3 
   23.468491 2.724109e-01 1.483800e-16 3 
   23.637841 2.743823e-01 1.473200e-16 3 
   23.807191 2.815585e-01 1.490300e-16 3 
   23.976548 2.815162e-01 1.469100e-16 3 
   24.145900 2.827280e-01 1.454800e-16 3 
   24.315259 2.926795e-01 1.485100e-16 3 
   24.484609 2.969904e-01 1.486200e-16 3 
   24.653959 2.976889e-01 1.469300e-16 3 
   24.823320 3.062706e-01 1.491100e-16 3 
   24.992670 3.069033e-01 1.474000e-16 3 
   25.162020 3.122162e-01 1.479400e-16 3 
   25.331381 3.139735e-01 1.467900e-16 3 
   25.500731 3.195295e-01 1.474100e-16 3 
   25.670089 3.271924e-01 1.489600e-16 3 
   25.839439 3.280073e-01 1.473800e-16 3 
   26.008789 3.397619e-01 1.506800e-16 3 
   26.178150 3.430361e-01 1.501700e-16 3 
   26.347500 3.479284e-01 1.503600e-16 3 
   26.516850 3.477981e-01 1.483900e-16 3 
   26.686209 3.534419e-01 1.488900e-16 3 
   26.855559 3.592643e-01 1.494400e-16 3 
   27.024919 3.652218e-01 1.500200e-16 3 
   27.194269 3.666827e-01 1.487500e-16 3 
   27.363622 3.731110e-01 1.494900e-16 3 
   27.532981 3.818121e-01 1.511000e-16 3 
   27.702328 3.880582e-01 1.517000e-16 3 
   27.871678 3.942415e-01 1.522500e-16 3 
   28.041041 3.980775e-01 1.518800e-16 3 
   28.210391 4.077017e-01 1.536900e-16 3 
   28.379750 4.118599e-01 1.534100e-16 3 
   28.549100 4.129321e-01 1.519900e-16 3 
   28.718450 4.222167e-01 1.535800e-16 3 
   28.887809 4.315785e-01 1.551500e-16 3 
   29.057159 4.427325e-01 1.573100e-16 3 
   29.226509 4.402204e-01 1.546100e-16 3 
   29.395869 4.554185e-01 1.581100e-16 3 
   29.565219 4.602731e-01 1.579700e-16 3 
   29.734578 4.654435e-01 1.579300e-16 3 
   29.903931 4.769903e-01 1.600200e-16 3 
   30.073281 4.821067e-01 1.599200e-16 3 
   30.242641 4.860886e-01 1.594400e-16 3 
   30.411991 4.956481e-01 1.607700e-16 3 
   30.581341 4.977233e-01 1.596600e-16 3 
   30.750700 5.116987e-01 1.623400e-16 3 
   30.920050 5.138447e-01 1.612400e-16 3 
   31.089409 5.192314e-01 1.611600e-16 3 
   31.258759 5.314502e-01 1.631700e-16 3 
   31.428109 5.431505e-01 1.649700e-16 3 
   31.597469 5.460250e-01 1.640700e-16 3 
   31.766822 5.564684e-01 1.654300e-16 3 
   31.936172 5.664291e-01 1.666100e-16 3 
   32.105531 5.786028e-01 1.684000e-16 3 
   32.274878 5.795145e-01 1.669000e-16 3 
   32.444241 5.948756e-01 1.695400e-16 3 
   32.613591 6.105685e-01 1.722100e-16 3 
   32.782941 6.254877e-01 1.746000e-16 3 
   32.952300 6.480739e-01 1.790500e-16 3 
   33.121650 6.563247e-01 1.794800e-16 3 
   33.291000 8.307377e-01 2.248700e-16 3 
   33.460363 1.354226e+00 3.628700e-16 3 
   33.629713 9.934708e-01 2.635300e-16 3 
   33.799069 7.168797e-01 1.882600e-16 3 
   33.968419 6.976198e-01 1.813800e-16 3 
   34.137772 6.977563e-01 1.796200e-16 3 
   34.307128 7.082275e-01 1.805200e-16 3 
   34.476478 6.944754e-01 1.752800e-16 3 
   34.645828 8.479155e-01 2.119200e-16 3 
   34.815191 1.057636e+00 2.617700e-16 3 
   34.984538 9.561654e-01 2.343700e-16 3 
