# NGC 7592       
# 
# An Atlas of Galaxy Spectral Energy Distributions from the Ultraviolet to the Mid-Infrared
# Brown et al. (2014)
# http://dx.doi.org/10.5072/03/529D3551F0117
# http://dx.doi.org/10.17909/t9-5bxk-dh29
# 
# The Spectral Energy Distributions of Active Galactic Nuclei
# Brown et al. (2019)
# http://dx.doi.org/10.17909/t9-3dbt-8734
# 
# Column 1: Observed wavelength (um)
# Column 2: f_nu (Jy)
# Column 3: f_lam (erg/s/cm2/A)
# Column 4: Source (0 = model, 1 = Optical Spectrun, 2 = Akari, 3 = Spitzer IRS)
# 
    0.010447 4.590057e-16 1.261700e-24 0 
    0.010666 6.558849e-16 1.729600e-24 0 
    0.010864 9.501919e-16 2.415200e-24 0 
    0.011066 1.395758e-15 3.419400e-24 0 
    0.011272 2.354130e-15 5.558400e-24 0 
    0.011668 4.464966e-15 9.838900e-24 0 
    0.012078 7.885197e-15 1.621600e-23 0 
    0.012388 3.325277e-14 6.500500e-23 0 
    0.012794 5.417967e-14 9.929900e-23 0 
    0.013002 6.727143e-14 1.193800e-22 0 
    0.013122 7.600329e-14 1.324200e-22 0 
    0.013428 1.022905e-13 1.701900e-22 0 
    0.013521 1.270094e-13 2.084200e-22 0 
    0.013740 1.533899e-13 2.437500e-22 0 
    0.014028 2.284606e-13 3.482900e-22 0 
    0.014355 2.984248e-13 4.344600e-22 0 
    0.014655 8.786201e-13 1.227300e-21 0 
    0.015066 2.505075e-12 3.310900e-21 0 
    0.015453 3.325462e-12 4.177800e-21 0 
    0.015885 4.444261e-12 5.283800e-21 0 
    0.016293 5.899624e-12 6.667200e-21 0 
    0.016596 7.208298e-12 7.851400e-21 0 
    0.017022 9.480861e-12 9.816300e-21 0 
    0.017418 1.210108e-11 1.196600e-20 0 
    0.017742 1.458264e-11 1.389800e-20 0 
    0.018113 1.827301e-11 1.670900e-20 0 
    0.018450 2.171768e-11 1.914000e-20 0 
    0.018664 2.431331e-11 2.093900e-20 0 
    0.019055 3.004958e-11 2.482800e-20 0 
    0.019588 3.897649e-11 3.047500e-20 0 
    0.019861 4.537597e-11 3.451000e-20 0 
    0.020277 5.505937e-11 4.017400e-20 0 
    0.020701 6.680519e-11 4.676800e-20 0 
    0.020989 7.652588e-11 5.211300e-20 0 
    0.021528 9.179803e-11 5.942200e-20 0 
    0.022131 1.232616e-10 7.550000e-20 0 
    0.022542 1.458181e-10 8.608900e-20 0 
    0.022856 1.628642e-10 9.352900e-20 0 
    0.023281 1.922311e-10 1.064000e-19 0 
    0.023550 3.160865e-10 1.709800e-19 0 
    0.023988 5.954106e-10 3.104200e-19 0 
    0.024604 8.606761e-10 4.265300e-19 0 
    0.025177 9.502304e-10 4.497200e-19 0 
    0.025823 1.166370e-09 5.247400e-19 0 
    0.026303 1.106195e-09 4.796700e-19 0 
    0.026607 1.364021e-09 5.780300e-19 0 
    0.027040 1.566172e-09 6.426100e-19 0 
    0.027542 1.745071e-09 6.901500e-19 0 
    0.028054 1.935588e-09 7.378100e-19 0 
    0.028576 2.142046e-09 7.869500e-19 0 
    0.029107 2.370402e-09 8.393600e-19 0 
    0.029717 2.540002e-09 8.628700e-19 0 
    0.030339 2.889523e-09 9.417700e-19 0 
    0.030832 3.103337e-09 9.793700e-19 0 
    0.031550 3.554914e-09 1.071400e-18 0 
    0.032584 4.274119e-09 1.207700e-18 0 
    0.033574 4.975520e-09 1.324200e-18 0 
    0.034594 5.712462e-09 1.432000e-18 0 
    0.035645 6.513769e-09 1.538000e-18 0 
    0.036559 7.325243e-09 1.644200e-18 0 
    0.037497 8.237901e-09 1.757700e-18 0 
    0.038459 9.137354e-09 1.853300e-18 0 
    0.039446 9.858732e-09 1.900800e-18 0 
    0.040458 1.126753e-08 2.065100e-18 0 
    0.041495 1.255505e-08 2.187500e-18 0 
    0.042364 1.357757e-08 2.269600e-18 0 
    0.043251 1.454866e-08 2.333200e-18 0 
    0.044055 1.555327e-08 2.404100e-18 0 
    0.045186 1.717268e-08 2.523200e-18 0 
    0.046238 1.852750e-08 2.599800e-18 0 
    0.047098 1.971629e-08 2.666500e-18 0 
    0.048195 2.132215e-08 2.753900e-18 0 
    0.049204 2.305792e-08 2.857200e-18 0 
    0.050234 2.442452e-08 2.903700e-18 0 
    0.051168 2.641291e-08 3.026500e-18 0 
    0.051880 3.018735e-08 3.364700e-18 0 
    0.052481 5.493270e-08 5.983400e-18 0 
    0.053211 5.967952e-08 6.323300e-18 0 
    0.054325 6.650050e-08 6.760000e-18 0 
    0.055335 6.867879e-08 6.728900e-18 0 
    0.056364 9.656719e-08 9.119000e-18 0 
    0.057412 1.196278e-07 1.088800e-17 0 
    0.058345 1.418505e-07 1.250100e-17 0 
    0.059429 1.448158e-07 1.230100e-17 0 
    0.060395 1.874236e-07 1.541500e-17 0 
    0.061518 2.074139e-07 1.644200e-17 0 
    0.062517 2.563373e-07 1.967600e-17 0 
    0.063533 3.096220e-07 2.301200e-17 0 
    0.064565 3.554877e-07 2.558300e-17 0 
    0.065615 3.791703e-07 2.642100e-17 0 
    0.066527 4.558470e-07 3.089900e-17 0 
    0.067453 5.114854e-07 3.372500e-17 0 
    0.068077 5.595360e-07 3.622000e-17 0 
    0.069183 5.967863e-07 3.740600e-17 0 
    0.070146 6.220611e-07 3.792700e-17 0 
    0.071121 8.429822e-07 4.999700e-17 0 
    0.072277 8.507924e-07 4.885900e-17 0 
    0.073282 1.071079e-06 5.983400e-17 0 
    0.074302 1.169027e-06 6.352500e-17 0 
    0.075336 1.270085e-06 6.713500e-17 0 
    0.076384 1.509486e-06 7.761500e-17 0 
    0.077268 1.681985e-06 8.451700e-17 0 
    0.078343 1.869930e-06 9.140000e-17 0 
    0.079433 2.132225e-06 1.013800e-16 0 
    0.080353 2.397983e-06 1.114200e-16 0 
    0.081470 2.611138e-06 1.180200e-16 0 
    0.082414 2.836820e-06 1.253000e-16 0 
    0.083560 3.060796e-06 1.315100e-16 0 
    0.084528 3.497945e-06 1.468700e-16 0 
    0.085507 2.997937e-06 1.230100e-16 0 
    0.086497 3.970305e-06 1.592000e-16 0 
    0.087498 4.244431e-06 1.663200e-16 0 
    0.088716 4.762457e-06 1.815300e-16 0 
    0.089536 5.282200e-06 1.976700e-16 0 
    0.090573 5.968023e-06 2.182500e-16 0 
    0.091622 6.528752e-06 2.333200e-16 0 
    0.092683 6.773610e-06 2.365600e-16 0 
    0.093756 1.101088e-05 3.757900e-16 0 
    0.094842 8.371951e-05 2.792200e-15 0 
    0.095719 1.926734e-04 6.308800e-15 0 
    0.096828 3.800268e-04 1.216000e-14 0 
    0.097724 5.319021e-04 1.670900e-14 0 
    0.098855 6.135057e-04 1.883400e-14 0 
    0.099770 9.995860e-05 3.012600e-15 0 
    0.100925 5.209726e-04 1.534400e-14 0 
    0.101859 5.673190e-04 1.640400e-14 0 
    0.103039 8.449391e-04 2.387500e-14 0 
    0.103992 8.527465e-04 2.365600e-14 0 
    0.104954 4.091098e-04 1.114200e-14 0 
    0.105925 6.558900e-04 1.753700e-14 0 
    0.107152 1.210117e-03 3.161900e-14 0 
    0.108143 1.185279e-03 3.040500e-14 0 
    0.109144 9.634361e-04 2.426300e-14 0 
    0.110154 1.169021e-03 2.890300e-14 0 
    0.111173 9.634592e-04 2.338600e-14 0 
    0.112202 1.296655e-03 3.089900e-14 0 
    0.113240 1.226933e-03 2.870400e-14 0 
    0.114288 1.204554e-03 2.766600e-14 0 
    0.115345 1.066176e-03 2.404100e-14 0 
    0.116145 1.405488e-03 3.125700e-14 0 
    0.117220 1.311671e-03 2.863800e-14 0 
    0.118304 1.411947e-03 3.026500e-14 0 
    0.119399 1.464959e-03 3.082800e-14 0 
    0.120504 9.634342e-04 1.990400e-14 0 
    0.121339 1.505982e-03 3.068600e-14 0 
    0.122462 1.218501e-03 2.437500e-14 0 
    0.123311 8.685947e-04 1.713700e-14 0 
    0.124451 6.483815e-04 1.255900e-14 0 
    0.125603 1.272975e-03 2.420700e-14 0 
    0.126474 1.729132e-03 3.243000e-14 0 
    0.127644 1.848548e-03 3.403700e-14 0 
    0.128529 1.794040e-03 3.258000e-14 0 
    0.129718 1.705392e-03 3.040500e-14 0 
    0.130617 2.012890e-03 3.539500e-14 0 
    0.131522 2.083664e-03 3.613700e-14 0 
    0.132739 1.674277e-03 2.850700e-14 0 
    0.133660 1.773458e-03 2.978100e-14 0 
    0.134586 2.171856e-03 3.597100e-14 0 
    0.135831 2.083627e-03 3.388000e-14 0 
    0.136773 1.931171e-03 3.097000e-14 0 
    0.137721 2.227556e-03 3.523300e-14 0 
    0.138676 2.212210e-03 3.451000e-14 0 
    0.139959 2.040928e-03 3.125700e-14 0 
    0.140929 2.107780e-03 3.183800e-14 0 
    0.141906 2.151941e-03 3.205900e-14 0 
    0.142889 1.749147e-03 2.570100e-14 0 
    0.143880 1.887214e-03 2.734900e-14 0 
    0.144877 2.083612e-03 2.978100e-14 0 
    0.145881 2.137065e-03 3.012600e-14 0 
    0.146893 2.217310e-03 3.082800e-14 0 
    0.147571 2.321812e-03 3.198500e-14 0 
    0.148252 2.337870e-03 3.191100e-14 0 
    0.148936 2.300488e-03 3.111300e-14 0 
    0.149969 2.161881e-03 2.883700e-14 0 
    0.151008 2.232682e-03 2.937300e-14 0 
    0.152055 2.274154e-03 2.950800e-14 0 
    0.153109 2.311104e-03 2.957600e-14 0 
    0.154170 2.176867e-03 2.747600e-14 0 
    0.154882 1.949060e-03 2.437500e-14 0 
    0.155239 2.069314e-03 2.576000e-14 0 
    0.156315 2.132226e-03 2.617900e-14 0 
    0.157398 1.865657e-03 2.259200e-14 0 
    0.158125 1.935689e-03 2.322500e-14 0 
    0.159221 1.904730e-03 2.254000e-14 0 
    0.160325 2.055043e-03 2.398500e-14 0 
    0.161436 2.227570e-03 2.564200e-14 0 
    0.162555 2.327173e-03 2.642100e-14 0 
    0.163305 2.370387e-03 2.666500e-14 0 
    0.164437 2.420038e-03 2.685000e-14 0 
    0.165577 2.453709e-03 2.685000e-14 0 
    0.166341 2.397824e-03 2.599800e-14 0 
    0.167494 2.599132e-03 2.779400e-14 0 
    0.168655 2.653494e-03 2.798600e-14 0 
    0.169434 2.575288e-03 2.691200e-14 0 
    0.170608 2.778563e-03 2.863800e-14 0 
    0.171396 2.635276e-03 2.691200e-14 0 
    0.171791 2.863072e-03 2.910400e-14 0 
    0.172584 2.929676e-03 2.950800e-14 0 
    0.173780 2.810767e-03 2.792200e-14 0 
    0.174582 2.753156e-03 2.709900e-14 0 
    0.175792 2.641368e-03 2.564200e-14 0 
    0.176604 2.659692e-03 2.558300e-14 0 
    0.177828 2.856487e-03 2.709900e-14 0 
    0.178649 2.810795e-03 2.642100e-14 0 
    0.179887 2.977274e-03 2.760200e-14 0 
    0.180717 2.856433e-03 2.623900e-14 0 
    0.181970 2.856445e-03 2.587900e-14 0 
    0.182810 2.956846e-03 2.654300e-14 0 
    0.184077 3.146500e-03 2.785800e-14 0 
    0.184927 3.205036e-03 2.811600e-14 0 
    0.185780 2.909548e-03 2.529000e-14 0 
    0.187068 3.089076e-03 2.648200e-14 0 
    0.187932 3.004892e-03 2.552400e-14 0 
    0.188799 2.784949e-03 2.343900e-14 0 
    0.190108 2.810810e-03 2.333200e-14 0 
    0.190985 2.923007e-03 2.404100e-14 0 
    0.191867 3.197573e-03 2.605800e-14 0 
    0.193197 2.916208e-03 2.343900e-14 0 
    0.194089 2.765897e-03 2.202700e-14 0 
    0.194984 3.060763e-03 2.415200e-14 0 
    0.196336 2.916272e-03 2.269600e-14 0 
    0.197242 2.862975e-03 2.207700e-14 0 
    0.198153 3.060807e-03 2.338600e-14 0 
    0.199067 3.190292e-03 2.415200e-14 0 
    0.200447 2.963603e-03 2.212800e-14 0 
    0.201372 3.294743e-03 2.437500e-14 0 
    0.202302 3.457983e-03 2.534800e-14 0 
    0.203236 3.264599e-03 2.371100e-14 0 
    0.204174 3.227270e-03 2.322500e-14 0 
    0.205589 3.410511e-03 2.420700e-14 0 
    0.206538 3.363721e-03 2.365600e-14 0 
    0.207491 3.571349e-03 2.488600e-14 0 
    0.208449 3.325304e-03 2.295900e-14 0 
    0.209411 3.465993e-03 2.371100e-14 0 
    0.210378 3.371496e-03 2.285300e-14 0 
    0.211349 3.442147e-03 2.311800e-14 0 
    0.212324 3.713812e-03 2.471400e-14 0 
    0.212814 3.410623e-03 2.259200e-14 0 
    0.213796 3.629273e-03 2.382000e-14 0 
    0.214783 3.466032e-03 2.254000e-14 0 
    0.215774 3.604397e-03 2.322500e-14 0 
    0.216770 3.671268e-03 2.343900e-14 0 
    0.217771 3.756788e-03 2.376500e-14 0 
    0.218776 3.662951e-03 2.295900e-14 0 
    0.219786 3.621009e-03 2.248800e-14 0 
    0.220801 3.817854e-03 2.349300e-14 0 
    0.221820 3.809218e-03 2.322500e-14 0 
    0.222844 3.817984e-03 2.306500e-14 0 
    0.223872 3.748209e-03 2.243600e-14 0 
    0.224905 3.915910e-03 2.322500e-14 0 
    0.225944 3.897890e-03 2.290600e-14 0 
    0.226986 3.826759e-03 2.228200e-14 0 
    0.228034 3.756791e-03 2.167400e-14 0 
    0.229087 3.897928e-03 2.228200e-14 0 
    0.230144 3.888606e-03 2.202500e-14 0 
    0.231207 3.798097e-03 2.131500e-14 0 
    0.232274 3.911463e-03 2.175000e-14 0 
    0.232809 3.955699e-03 2.189500e-14 0 
    0.233884 4.036258e-03 2.213600e-14 0 
    0.234963 3.852571e-03 2.093500e-14 0 
    0.236048 3.949339e-03 2.126400e-14 0 
    0.237137 3.848465e-03 2.053100e-14 0 
    0.238232 3.199250e-03 1.691100e-14 0 
    0.239332 3.722233e-03 1.949500e-14 0 
    0.240436 3.737383e-03 1.939500e-14 0 
    0.240991 3.867712e-03 1.997900e-14 0 
    0.242103 3.760079e-03 1.924500e-14 0 
    0.243220 3.810236e-03 1.932300e-14 0 
    0.244343 3.730075e-03 1.874300e-14 0 
    0.245471 3.876671e-03 1.930100e-14 0 
    0.246604 3.786251e-03 1.867800e-14 0 
    0.247172 3.846682e-03 1.888900e-14 0 
    0.248313 3.961407e-03 1.927400e-14 0 
    0.249460 3.860145e-03 1.860900e-14 0 
    0.250611 4.011830e-03 1.916300e-14 0 
    0.251768 4.028040e-03 1.906400e-14 0 
    0.252348 3.999074e-03 1.884000e-14 0 
    0.253513 3.951034e-03 1.844300e-14 0 
    0.254683 4.031479e-03 1.864600e-14 0 
    0.255859 3.742786e-03 1.715200e-14 0 
    0.256448 4.102676e-03 1.871500e-14 0 
    0.257632 3.879796e-03 1.753600e-14 0 
    0.258226 4.033513e-03 1.814700e-14 0 
    0.258821 3.940476e-03 1.764700e-14 0 
    0.259418 3.957553e-03 1.764200e-14 0 
    0.260615 3.909711e-03 1.726900e-14 0 
    0.261818 4.082073e-03 1.786500e-14 0 
    0.263027 4.070278e-03 1.765000e-14 0 
    0.263633 4.192614e-03 1.809700e-14 0 
    0.264850 4.199846e-03 1.796200e-14 0 
    0.266072 4.206833e-03 1.782700e-14 0 
    0.266686 4.138319e-03 1.745600e-14 0 
    0.267917 4.135696e-03 1.728500e-14 0 
    0.269154 4.219614e-03 1.747400e-14 0 
    0.269774 4.276921e-03 1.763000e-14 0 
    0.271019 4.455066e-03 1.819600e-14 0 
    0.272270 4.535085e-03 1.835300e-14 0 
    0.272898 4.309771e-03 1.736100e-14 0 
    0.274157 4.448091e-03 1.775400e-14 0 
    0.274789 4.456792e-03 1.770700e-14 0 
    0.276058 4.342587e-03 1.709500e-14 0 
    0.277332 4.400195e-03 1.716300e-14 0 
    0.277971 4.328289e-03 1.680500e-14 0 
    0.279254 4.345461e-03 1.671700e-14 0 
    0.279898 4.455621e-03 1.706200e-14 0 
    0.281190 4.203509e-03 1.594900e-14 0 
    0.282488 4.269005e-03 1.604900e-14 0 
    0.283139 4.346959e-03 1.626700e-14 0 
    0.284446 4.486433e-03 1.663500e-14 0 
    0.285102 4.392812e-03 1.621300e-14 0 
    0.286418 4.040784e-03 1.477700e-14 0 
    0.287078 4.200630e-03 1.529100e-14 0 
    0.288403 4.518691e-03 1.629800e-14 0 
    0.289734 4.599390e-03 1.643700e-14 0 
    0.290402 4.441836e-03 1.580100e-14 0 
    0.291743 4.459405e-03 1.571800e-14 0 
    0.292415 4.406722e-03 1.546100e-14 0 
    0.293765 4.632470e-03 1.610400e-14 0 
    0.294442 4.631016e-03 1.602500e-14 0 
    0.295801 4.649072e-03 1.594000e-14 0 
    0.296483 4.647388e-03 1.586100e-14 0 
    0.297852 4.807214e-03 1.625600e-14 0 
    0.299916 4.769128e-03 1.590600e-14 0 
    0.301995 4.731203e-03 1.556300e-14 0 
    0.304089 4.802898e-03 1.558200e-14 0 
    0.306196 4.830934e-03 1.545800e-14 0 
    0.308319 4.847774e-03 1.529900e-14 0 
    0.310456 4.921312e-03 1.531800e-14 0 
    0.312608 4.949709e-03 1.519500e-14 0 
    0.314775 4.989835e-03 1.510800e-14 0 
    0.316228 4.974674e-03 1.492400e-14 0 
    0.318420 5.038133e-03 1.490700e-14 0 
    0.320627 5.020834e-03 1.465200e-14 0 
    0.322849 5.061480e-03 1.456800e-14 0 
    0.325087 5.090681e-03 1.445100e-14 0 
    0.326588 4.970698e-03 1.398100e-14 0 
    0.328852 5.092124e-03 1.412600e-14 0 
    0.331131 5.016384e-03 1.372500e-14 0 
    0.332660 5.176431e-03 1.403300e-14 0 
    0.334966 5.303051e-03 1.417900e-14 0 
    0.337287 5.308539e-03 1.399900e-14 0 
    0.338844 5.304465e-03 1.386000e-14 0 
    0.340408 5.549765e-03 1.436800e-14 0 
    0.341193 5.598673e-03 1.442800e-14 0 
    0.341979 5.394107e-03 1.383700e-14 0 
    0.342768 5.530249e-03 1.412100e-14 0 
    0.343558 5.502264e-03 1.398500e-14 0 
    0.344350 5.449795e-03 1.378800e-14 0 
    0.345144 5.385216e-03 1.356200e-14 0 
    0.345939 5.248094e-03 1.315600e-14 0 
    0.346737 5.442656e-03 1.358100e-14 0 
    0.347536 5.631628e-03 1.398800e-14 0 
    0.348337 5.813740e-03 1.437400e-14 0 
    0.349140 5.498852e-03 1.353300e-14 0 
    0.349945 5.560160e-03 1.362100e-14 0 
    0.350752 5.806463e-03 1.415900e-14 0 
    0.351560 5.803995e-03 1.408800e-14 0 
    0.352371 5.814662e-03 1.404900e-14 0 
    0.353183 5.512183e-03 1.325700e-14 0 
    0.353997 5.561012e-03 1.331300e-14 0 
    0.354813 5.407073e-03 1.288500e-14 0 
    0.355631 5.633547e-03 1.336300e-14 0 
    0.356451 5.465159e-03 1.290400e-14 0 
    0.357273 5.576766e-03 1.310700e-14 0 
    0.358096 5.678146e-03 1.328400e-14 0 
    0.358922 5.688912e-03 1.324800e-14 0 
    0.359749 5.646997e-03 1.309000e-14 0 
    0.360579 5.696921e-03 1.314500e-14 0 
    0.361410 5.590416e-03 1.284000e-14 0 
    0.362243 5.810859e-03 1.328500e-14 0 
    0.363078 5.916335e-03 1.346400e-14 0 
    0.363915 5.996176e-03 1.358300e-14 0 
    0.364754 5.965760e-03 1.345200e-14 0 
    0.365595 5.721081e-03 1.284100e-14 0 
    0.366437 5.562610e-03 1.242800e-14 0 
    0.367282 5.421024e-03 1.205600e-14 0 
    0.368129 5.609130e-03 1.241700e-14 0 
    0.368978 5.925020e-03 1.305600e-14 0 
    0.369828 5.774090e-03 1.266500e-14 0 
    0.370681 5.906099e-03 1.289500e-14 0 
    0.371535 6.153286e-03 1.337300e-14 0 
    0.372392 5.955201e-03 1.288300e-14 0 
    0.373250 6.261770e-03 1.348400e-14 0 
    0.374111 5.949659e-03 1.275300e-14 0 
    0.374862 5.542638e-03 1.183300e-14 1 
    0.375137 4.557704e-03 9.716000e-15 1 
    0.375412 5.363955e-03 1.141800e-14 1 
    0.375687 6.443074e-03 1.369500e-14 1 
    0.375962 4.559162e-03 9.676500e-15 1 
    0.376237 5.448896e-03 1.154800e-14 1 
    0.376512 5.518768e-03 1.167900e-14 1 
    0.376787 5.966461e-03 1.260800e-14 1 
    0.377062 6.419709e-03 1.354600e-14 1 
    0.377337 6.103494e-03 1.286000e-14 1 
    0.377612 5.681294e-03 1.195300e-14 1 
    0.377887 5.704328e-03 1.198400e-14 1 
    0.378162 5.104856e-03 1.070900e-14 1 
    0.378437 5.443586e-03 1.140300e-14 1 
    0.378712 6.422473e-03 1.343400e-14 1 
    0.378987 6.639590e-03 1.386800e-14 1 
    0.379262 5.418920e-03 1.130200e-14 1 
    0.379537 5.958800e-03 1.241000e-14 1 
    0.379812 4.753033e-03 9.884500e-15 1 
    0.380087 5.612991e-03 1.165600e-14 1 
    0.380362 5.699723e-03 1.181900e-14 1 
    0.380637 6.858351e-03 1.420100e-14 1 
    0.380912 5.914030e-03 1.222800e-14 1 
    0.381187 8.029474e-03 1.657800e-14 1 
    0.381462 1.066418e-02 2.198600e-14 1 
    0.381737 1.767719e-02 3.639200e-14 1 
    0.382012 2.512483e-02 5.165000e-14 1 
    0.382287 2.536610e-02 5.207100e-14 1 
    0.382562 2.013144e-02 4.126600e-14 1 
    0.382837 1.117894e-02 2.288200e-14 1 
    0.383112 9.062366e-03 1.852300e-14 1 
    0.383387 7.500185e-03 1.530800e-14 1 
    0.383662 6.160666e-03 1.255600e-14 1 
    0.383937 8.243526e-03 1.677700e-14 1 
    0.384212 6.813103e-03 1.384600e-14 1 
    0.384487 6.031967e-03 1.224100e-14 1 
    0.384762 5.628549e-03 1.140600e-14 1 
    0.385037 7.959731e-03 1.610700e-14 1 
    0.385312 8.221515e-03 1.661300e-14 1 
    0.385587 7.238605e-03 1.460600e-14 1 
    0.385862 7.362089e-03 1.483400e-14 1 
    0.386137 5.992401e-03 1.205700e-14 1 
    0.386412 7.061070e-03 1.418700e-14 1 
    0.386687 7.205200e-03 1.445600e-14 1 
    0.386962 6.234658e-03 1.249100e-14 1 
    0.387237 6.729369e-03 1.346300e-14 1 
    0.387512 7.335087e-03 1.465400e-14 1 
    0.387787 7.809671e-03 1.558000e-14 1 
    0.388062 7.044700e-03 1.403400e-14 1 
    0.388337 6.954150e-03 1.383400e-14 1 
    0.388612 7.396421e-03 1.469300e-14 1 
    0.388887 6.509577e-03 1.291300e-14 1 
    0.389162 7.198279e-03 1.425900e-14 1 
    0.389437 7.239294e-03 1.432000e-14 1 
    0.389712 7.744129e-03 1.529700e-14 1 
    0.389987 7.674455e-03 1.513800e-14 1 
    0.390262 7.474594e-03 1.472300e-14 1 
    0.390537 8.589879e-03 1.689600e-14 1 
    0.390812 8.442627e-03 1.658300e-14 1 
    0.391087 8.724214e-03 1.711200e-14 1 
    0.391362 9.633520e-03 1.886900e-14 1 
    0.391637 7.466006e-03 1.460300e-14 1 
    0.391912 7.986429e-03 1.559900e-14 1 
    0.392187 7.296777e-03 1.423200e-14 1 
    0.392462 8.028884e-03 1.563800e-14 1 
    0.392737 6.945020e-03 1.350800e-14 1 
    0.393012 6.631416e-03 1.288000e-14 1 
    0.393287 6.265871e-03 1.215300e-14 1 
    0.393562 6.237463e-03 1.208100e-14 1 
    0.393837 5.193519e-03 1.004500e-14 1 
    0.394112 8.137438e-03 1.571700e-14 1 
    0.394387 8.473361e-03 1.634300e-14 1 
    0.394662 8.460261e-03 1.629500e-14 1 
    0.394937 9.359554e-03 1.800200e-14 1 
    0.395212 9.096653e-03 1.747200e-14 1 
    0.395487 8.222472e-03 1.577100e-14 1 
    0.395762 8.669336e-03 1.660500e-14 1 
    0.396037 9.475025e-03 1.812300e-14 1 
    0.396312 1.056564e-02 2.018100e-14 1 
    0.396587 9.962719e-03 1.900300e-14 1 
    0.396862 1.038289e-02 1.977700e-14 1 
    0.397137 9.337420e-03 1.776100e-14 1 
    0.397412 8.264807e-03 1.569900e-14 1 
    0.397687 7.842377e-03 1.487600e-14 1 
    0.397962 9.304986e-03 1.762600e-14 1 
    0.398237 8.734759e-03 1.652300e-14 1 
    0.398512 6.883434e-03 1.300300e-14 1 
    0.398787 7.623950e-03 1.438200e-14 1 
    0.399062 8.372860e-03 1.577300e-14 1 
    0.399337 8.143604e-03 1.532000e-14 1 
    0.399612 8.150565e-03 1.531200e-14 1 
    0.399887 7.442194e-03 1.396200e-14 1 
    0.400162 8.589887e-03 1.609300e-14 1 
    0.400437 1.018542e-02 1.905600e-14 1 
    0.400712 9.027252e-03 1.686600e-14 1 
    0.400987 9.589015e-03 1.789100e-14 1 
    0.401262 9.932782e-03 1.850700e-14 1 
    0.401537 9.093483e-03 1.692000e-14 1 
    0.401812 9.387409e-03 1.744300e-14 1 
    0.402087 9.594811e-03 1.780400e-14 1 
    0.402362 8.503275e-03 1.575700e-14 1 
    0.402637 8.499771e-03 1.572900e-14 1 
    0.402912 9.354462e-03 1.728700e-14 1 
    0.403187 8.679066e-03 1.601700e-14 1 
    0.403462 7.904132e-03 1.456700e-14 1 
    0.403737 8.827187e-03 1.624600e-14 1 
    0.404012 9.736414e-03 1.789500e-14 1 
    0.404287 1.027924e-02 1.886700e-14 1 
    0.404562 8.959864e-03 1.642300e-14 1 
    0.404837 9.132119e-03 1.671600e-14 1 
    0.405112 1.043010e-02 1.906600e-14 1 
    0.405387 9.330600e-03 1.703300e-14 1 
    0.405662 8.676240e-03 1.581700e-14 1 
    0.405937 9.280683e-03 1.689600e-14 1 
    0.406212 7.964946e-03 1.448100e-14 1 
    0.406487 8.913148e-03 1.618300e-14 1 
    0.406762 8.563416e-03 1.552700e-14 1 
    0.407037 8.249716e-03 1.493800e-14 1 
    0.407312 8.138099e-03 1.471600e-14 1 
    0.407587 6.973465e-03 1.259300e-14 1 
    0.407862 8.214987e-03 1.481500e-14 1 
    0.408137 8.674158e-03 1.562200e-14 1 
    0.408412 8.997212e-03 1.618200e-14 1 
    0.408687 9.877862e-03 1.774200e-14 1 
    0.408962 1.079988e-02 1.937200e-14 1 
    0.409237 1.071840e-02 1.920000e-14 1 
    0.409512 1.034598e-02 1.850800e-14 1 
    0.409787 9.897524e-03 1.768200e-14 1 
    0.410062 1.110020e-02 1.980400e-14 1 
    0.410337 1.050557e-02 1.871800e-14 1 
    0.410612 9.934044e-03 1.767600e-14 1 
    0.410887 1.048254e-02 1.862700e-14 1 
    0.411162 1.185746e-02 2.104200e-14 1 
    0.411437 1.116122e-02 1.978000e-14 1 
    0.411712 1.160895e-02 2.054600e-14 1 
    0.411987 1.086406e-02 1.920200e-14 1 
    0.412262 1.031884e-02 1.821400e-14 1 
    0.412537 1.026226e-02 1.809000e-14 1 
    0.412812 1.074743e-02 1.892000e-14 1 
    0.413087 1.082887e-02 1.903800e-14 1 
    0.413362 1.047764e-02 1.839600e-14 1 
    0.413637 9.552266e-03 1.674900e-14 1 
    0.413912 1.029367e-02 1.802500e-14 1 
    0.414187 1.051035e-02 1.838000e-14 1 
    0.414462 1.018705e-02 1.779100e-14 1 
    0.414737 9.846242e-03 1.717300e-14 1 
    0.415012 1.010445e-02 1.760000e-14 1 
    0.415287 1.095544e-02 1.905700e-14 1 
    0.415562 1.168720e-02 2.030300e-14 1 
    0.415837 1.054411e-02 1.829300e-14 1 
    0.416112 1.078489e-02 1.868600e-14 1 
    0.416387 1.109389e-02 1.919600e-14 1 
    0.416662 1.100091e-02 1.901000e-14 1 
    0.416937 1.080799e-02 1.865200e-14 1 
    0.417212 1.074218e-02 1.851400e-14 1 
    0.417487 1.096609e-02 1.887500e-14 1 
    0.417762 1.092934e-02 1.878700e-14 1 
    0.418037 1.144703e-02 1.965100e-14 1 
    0.418312 1.126495e-02 1.931300e-14 1 
    0.418587 1.097781e-02 1.879600e-14 1 
    0.418862 1.156711e-02 1.977900e-14 1 
    0.419137 1.105001e-02 1.887000e-14 1 
    0.419412 1.049282e-02 1.789500e-14 1 
    0.419687 1.049308e-02 1.787200e-14 1 
    0.419962 1.138750e-02 1.937000e-14 1 
    0.420237 1.126703e-02 1.914000e-14 1 
    0.420512 1.037758e-02 1.760600e-14 1 
    0.420787 1.048678e-02 1.776800e-14 1 
    0.421062 1.064350e-02 1.801000e-14 1 
    0.421337 1.146456e-02 1.937400e-14 1 
    0.421612 1.064763e-02 1.797000e-14 1 
    0.421887 1.109463e-02 1.870000e-14 1 
    0.422162 1.088394e-02 1.832100e-14 1 
    0.422437 1.101472e-02 1.851700e-14 1 
    0.422712 1.218039e-02 2.045000e-14 1 
    0.422987 1.096410e-02 1.838400e-14 1 
    0.423262 1.077532e-02 1.804400e-14 1 
    0.423537 1.088500e-02 1.820400e-14 1 
    0.423812 1.130806e-02 1.888700e-14 1 
    0.424087 1.178796e-02 1.966300e-14 1 
    0.424362 1.192871e-02 1.987200e-14 1 
    0.424637 1.135093e-02 1.888500e-14 1 
    0.424912 1.138008e-02 1.890900e-14 1 
    0.425187 1.250965e-02 2.075900e-14 1 
    0.425462 1.192606e-02 1.976500e-14 1 
    0.425737 1.212093e-02 2.006200e-14 1 
    0.426012 1.190973e-02 1.968700e-14 1 
    0.426287 1.219466e-02 2.013200e-14 1 
    0.426562 1.261374e-02 2.079700e-14 1 
    0.426837 1.209498e-02 1.991600e-14 1 
    0.427112 1.157363e-02 1.903300e-14 1 
    0.427387 1.091391e-02 1.792500e-14 1 
    0.427662 1.147726e-02 1.882600e-14 1 
    0.427937 1.130218e-02 1.851500e-14 1 
    0.428212 1.091697e-02 1.786100e-14 1 
    0.428487 1.260299e-02 2.059300e-14 1 
    0.428762 1.140769e-02 1.861600e-14 1 
    0.429037 1.110327e-02 1.809600e-14 1 
    0.429312 1.134175e-02 1.846100e-14 1 
    0.429587 1.151868e-02 1.872500e-14 1 
    0.429862 1.138869e-02 1.849000e-14 1 
    0.430137 1.115226e-02 1.808300e-14 1 
    0.430412 1.172661e-02 1.899000e-14 1 
    0.430687 1.109362e-02 1.794200e-14 1 
    0.430962 1.197761e-02 1.934700e-14 1 
    0.431237 1.108416e-02 1.788100e-14 1 
    0.431512 1.155573e-02 1.861800e-14 1 
    0.431787 1.285318e-02 2.068200e-14 1 
    0.432062 1.205937e-02 1.938000e-14 1 
    0.432337 1.102115e-02 1.768900e-14 1 
    0.432612 1.231405e-02 1.973900e-14 1 
    0.432887 1.109293e-02 1.775900e-14 1 
    0.433162 1.139473e-02 1.821900e-14 1 
    0.433437 1.063957e-02 1.699000e-14 1 
    0.433712 1.133151e-02 1.807200e-14 1 
    0.433987 1.121718e-02 1.786700e-14 1 
    0.434262 1.116477e-02 1.776100e-14 1 
    0.434537 1.088687e-02 1.729700e-14 1 
    0.434812 1.156804e-02 1.835600e-14 1 
    0.435087 1.131450e-02 1.793100e-14 1 
    0.435362 1.038111e-02 1.643100e-14 1 
    0.435637 1.111413e-02 1.756900e-14 1 
    0.435912 1.165452e-02 1.840000e-14 1 
    0.436187 1.168635e-02 1.842700e-14 1 
    0.436462 1.096386e-02 1.726600e-14 1 
    0.436737 1.150793e-02 1.810000e-14 1 
    0.437012 1.113856e-02 1.749700e-14 1 
    0.437287 1.156307e-02 1.814100e-14 1 
    0.437562 1.238877e-02 1.941200e-14 1 
    0.437837 1.120430e-02 1.753400e-14 1 
    0.438112 1.152932e-02 1.802000e-14 1 
    0.438387 1.109858e-02 1.732500e-14 1 
    0.438662 1.093804e-02 1.705300e-14 1 
    0.438937 1.211097e-02 1.885800e-14 1 
    0.439212 1.145869e-02 1.782000e-14 1 
    0.439487 1.130178e-02 1.755400e-14 1 
    0.439762 1.136234e-02 1.762600e-14 1 
    0.440037 9.995313e-03 1.548600e-14 1 
    0.440312 1.227938e-02 1.900100e-14 1 
    0.440587 1.126331e-02 1.740700e-14 1 
    0.440862 1.067097e-02 1.647100e-14 1 
    0.441137 1.112474e-02 1.715000e-14 1 
    0.441412 1.126721e-02 1.734800e-14 1 
    0.441687 1.114795e-02 1.714300e-14 1 
    0.441962 1.072169e-02 1.646700e-14 1 
    0.442237 1.096255e-02 1.681600e-14 1 
    0.442512 1.133192e-02 1.736100e-14 1 
    0.442787 1.301449e-02 1.991400e-14 1 
    0.443062 1.070773e-02 1.636400e-14 1 
    0.443337 1.169131e-02 1.784500e-14 1 
    0.443612 1.075991e-02 1.640300e-14 1 
    0.443887 1.174858e-02 1.788800e-14 1 
    0.444162 9.992884e-03 1.519600e-14 1 
    0.444437 1.248485e-02 1.896200e-14 1 
    0.444712 1.402972e-02 2.128200e-14 1 
    0.444987 1.532822e-02 2.322300e-14 1 
    0.445262 1.390253e-02 2.103700e-14 1 
    0.445537 1.330898e-02 2.011400e-14 1 
    0.445812 1.118688e-02 1.688600e-14 1 
    0.446087 1.109655e-02 1.672900e-14 1 
    0.446362 1.188926e-02 1.790200e-14 1 
    0.446637 1.185604e-02 1.783000e-14 1 
    0.446912 1.195320e-02 1.795400e-14 1 
    0.447187 1.286247e-02 1.929600e-14 1 
    0.447462 1.225827e-02 1.836700e-14 1 
    0.447737 1.312333e-02 1.963900e-14 1 
    0.448012 1.215060e-02 1.816100e-14 1 
    0.448287 1.256008e-02 1.875000e-14 1 
    0.448562 1.272305e-02 1.897000e-14 1 
    0.448837 1.327721e-02 1.977200e-14 1 
    0.449112 1.105997e-02 1.645000e-14 1 
    0.449387 1.192170e-02 1.771000e-14 1 
    0.449662 1.183385e-02 1.755800e-14 1 
    0.449937 1.233487e-02 1.827900e-14 1 
    0.450212 1.243981e-02 1.841200e-14 1 
    0.450487 1.061910e-02 1.569800e-14 1 
    0.450762 1.053725e-02 1.555800e-14 1 
    0.451037 1.159983e-02 1.710600e-14 1 
    0.451312 1.196839e-02 1.762800e-14 1 
    0.451587 1.257641e-02 1.850100e-14 1 
    0.451862 1.291978e-02 1.898300e-14 1 
    0.452137 1.212802e-02 1.779800e-14 1 
    0.452412 1.173002e-02 1.719300e-14 1 
    0.452687 1.295813e-02 1.897000e-14 1 
    0.452962 1.251018e-02 1.829200e-14 1 
    0.453237 1.237267e-02 1.806900e-14 1 
    0.453512 1.255223e-02 1.830900e-14 1 
    0.453787 1.269170e-02 1.849000e-14 1 
    0.454062 1.258063e-02 1.830600e-14 1 
    0.454337 1.246170e-02 1.811100e-14 1 
    0.454612 1.277716e-02 1.854700e-14 1 
    0.454887 1.398863e-02 2.028100e-14 1 
    0.455162 1.382531e-02 2.002000e-14 1 
    0.455437 1.400796e-02 2.026000e-14 1 
    0.455712 1.393973e-02 2.013700e-14 1 
    0.455987 1.367864e-02 1.973600e-14 1 
    0.456262 1.294155e-02 1.865000e-14 1 
    0.456537 1.287726e-02 1.853500e-14 1 
    0.456812 1.250255e-02 1.797400e-14 1 
    0.457087 1.213596e-02 1.742600e-14 1 
    0.457362 1.276695e-02 1.831000e-14 1 
    0.457637 1.270482e-02 1.819900e-14 1 
    0.457912 1.391040e-02 1.990200e-14 1 
    0.458187 1.355622e-02 1.937200e-14 1 
    0.458462 1.370492e-02 1.956100e-14 1 
    0.458737 1.385885e-02 1.975700e-14 1 
    0.459012 1.415078e-02 2.014900e-14 1 
    0.459287 1.329513e-02 1.890800e-14 1 
    0.459562 1.353845e-02 1.923100e-14 1 
    0.459837 1.278357e-02 1.813700e-14 1 
    0.460112 1.274805e-02 1.806500e-14 1 
    0.460387 1.335253e-02 1.889900e-14 1 
    0.460662 1.349157e-02 1.907300e-14 1 
    0.460937 1.320386e-02 1.864400e-14 1 
    0.461212 1.378190e-02 1.943700e-14 1 
    0.461487 1.378556e-02 1.941900e-14 1 
    0.461762 1.388516e-02 1.953600e-14 1 
    0.462037 1.433720e-02 2.014800e-14 1 
    0.462312 1.443620e-02 2.026300e-14 1 
    0.462587 1.437492e-02 2.015300e-14 1 
    0.462862 1.479693e-02 2.072000e-14 1 
    0.463137 1.428185e-02 1.997500e-14 1 
    0.463412 1.408979e-02 1.968300e-14 1 
    0.463687 1.342352e-02 1.873000e-14 1 
    0.463962 1.371283e-02 1.911100e-14 1 
    0.464237 1.357320e-02 1.889400e-14 1 
    0.464512 1.338502e-02 1.861000e-14 1 
    0.464787 1.370187e-02 1.902800e-14 1 
    0.465062 1.324010e-02 1.836500e-14 1 
    0.465337 1.341528e-02 1.858600e-14 1 
    0.465612 1.317027e-02 1.822500e-14 1 
    0.465887 1.326035e-02 1.832800e-14 1 
    0.466162 1.355127e-02 1.870800e-14 1 
    0.466437 1.331489e-02 1.836000e-14 1 
    0.466712 1.326670e-02 1.827200e-14 1 
    0.466987 1.348224e-02 1.854700e-14 1 
    0.467262 1.422081e-02 1.954000e-14 1 
    0.467537 1.435486e-02 1.970100e-14 1 
    0.467812 1.402816e-02 1.923000e-14 1 
    0.468087 1.399938e-02 1.916800e-14 1 
    0.468362 1.384107e-02 1.892900e-14 1 
    0.468637 1.478413e-02 2.019500e-14 1 
    0.468912 1.489970e-02 2.032900e-14 1 
    0.469187 1.387814e-02 1.891300e-14 1 
    0.469462 1.379009e-02 1.877100e-14 1 
    0.469737 1.501984e-02 2.042100e-14 1 
    0.470012 1.478780e-02 2.008200e-14 1 
    0.470287 1.413275e-02 1.917000e-14 1 
    0.470562 1.430060e-02 1.937500e-14 1 
    0.470837 1.418430e-02 1.919500e-14 1 
    0.471112 1.375033e-02 1.858600e-14 1 
    0.471387 1.460484e-02 1.971800e-14 1 
    0.471662 1.438459e-02 1.939800e-14 1 
    0.471937 1.497748e-02 2.017400e-14 1 
    0.472212 1.449620e-02 1.950300e-14 1 
    0.472487 1.374513e-02 1.847100e-14 1 
    0.472762 1.415525e-02 1.900000e-14 1 
    0.473037 1.552848e-02 2.081900e-14 1 
    0.473312 1.517466e-02 2.032100e-14 1 
    0.473587 1.507716e-02 2.016700e-14 1 
    0.473862 1.457747e-02 1.947600e-14 1 
    0.474137 1.407809e-02 1.878700e-14 1 
    0.474412 1.580944e-02 2.107300e-14 1 
    0.474687 1.605385e-02 2.137400e-14 1 
    0.474962 1.474825e-02 1.961300e-14 1 
    0.475237 1.373546e-02 1.824500e-14 1 
    0.475512 1.361268e-02 1.806100e-14 1 
    0.475787 1.331452e-02 1.764500e-14 1 
    0.476062 1.448500e-02 1.917400e-14 1 
    0.476337 1.542294e-02 2.039200e-14 1 
    0.476612 1.522647e-02 2.010900e-14 1 
    0.476887 1.545555e-02 2.038800e-14 1 
    0.477162 1.528971e-02 2.014600e-14 1 
    0.477437 1.530430e-02 2.014200e-14 1 
    0.477712 1.517893e-02 1.995400e-14 1 
    0.477987 1.473794e-02 1.935200e-14 1 
    0.478262 1.465731e-02 1.922400e-14 1 
    0.478537 1.439327e-02 1.885600e-14 1 
    0.478812 1.450381e-02 1.897900e-14 1 
    0.479087 1.513484e-02 1.978200e-14 1 
    0.479362 1.507945e-02 1.968700e-14 1 
    0.479637 1.487974e-02 1.940400e-14 1 
    0.479912 1.513634e-02 1.971600e-14 1 
    0.480187 1.514908e-02 1.971000e-14 1 
    0.480462 1.497945e-02 1.946700e-14 1 
    0.480737 1.522232e-02 1.976000e-14 1 
    0.481012 1.514719e-02 1.964000e-14 1 
    0.481287 1.543167e-02 1.998600e-14 1 
    0.481562 1.498937e-02 1.939100e-14 1 
    0.481837 1.412890e-02 1.825700e-14 1 
    0.482112 1.517936e-02 1.959200e-14 1 
    0.482387 1.567836e-02 2.021300e-14 1 
    0.482662 1.485836e-02 1.913400e-14 1 
    0.482937 1.417638e-02 1.823500e-14 1 
    0.483212 1.494205e-02 1.919800e-14 1 
    0.483487 1.514763e-02 1.944000e-14 1 
    0.483762 1.493864e-02 1.915000e-14 1 
    0.484037 1.480646e-02 1.895900e-14 1 
    0.484312 1.466457e-02 1.875600e-14 1 
    0.484587 1.468202e-02 1.875700e-14 1 
    0.484862 1.488754e-02 1.899800e-14 1 
    0.485137 1.413795e-02 1.802100e-14 1 
    0.485412 1.464251e-02 1.864300e-14 1 
    0.485687 1.472830e-02 1.873100e-14 1 
    0.485962 1.447576e-02 1.838900e-14 1 
    0.486237 1.481054e-02 1.879300e-14 1 
    0.486512 1.491882e-02 1.890900e-14 1 
    0.486787 1.382750e-02 1.750600e-14 1 
    0.487062 1.428833e-02 1.806900e-14 1 
    0.487337 1.520221e-02 1.920300e-14 1 
    0.487612 1.509969e-02 1.905200e-14 1 
    0.487887 1.428440e-02 1.800300e-14 1 
    0.488162 1.509644e-02 1.900500e-14 1 
    0.488437 1.498383e-02 1.884200e-14 1 
    0.488712 1.405889e-02 1.765900e-14 1 
    0.488987 1.432179e-02 1.796900e-14 1 
    0.489262 1.455095e-02 1.823600e-14 1 
    0.489537 1.451299e-02 1.816800e-14 1 
    0.489812 1.467565e-02 1.835100e-14 1 
    0.490087 1.509004e-02 1.884800e-14 1 
    0.490362 1.542919e-02 1.925000e-14 1 
    0.490637 1.489123e-02 1.855800e-14 1 
    0.490912 1.515374e-02 1.886400e-14 1 
    0.491187 1.499058e-02 1.864000e-14 1 
    0.491462 1.411288e-02 1.752900e-14 1 
    0.491737 1.539655e-02 1.910200e-14 1 
    0.492012 1.561954e-02 1.935700e-14 1 
    0.492287 1.383314e-02 1.712400e-14 1 
    0.492562 1.481017e-02 1.831300e-14 1 
    0.492837 1.491577e-02 1.842300e-14 1 
    0.493112 1.581752e-02 1.951500e-14 1 
    0.493387 1.442733e-02 1.778000e-14 1 
    0.493662 1.513878e-02 1.863600e-14 1 
    0.493937 1.511905e-02 1.859100e-14 1 
    0.494212 1.504959e-02 1.848500e-14 1 
    0.494487 1.407279e-02 1.726600e-14 1 
    0.494762 1.463841e-02 1.794000e-14 1 
    0.495037 1.506476e-02 1.844200e-14 1 
    0.495312 1.506514e-02 1.842200e-14 1 
    0.495587 1.534549e-02 1.874400e-14 1 
    0.495862 1.424624e-02 1.738200e-14 1 
    0.496137 1.466245e-02 1.787000e-14 1 
    0.496412 1.383183e-02 1.683900e-14 1 
    0.496687 1.410701e-02 1.715500e-14 1 
    0.496962 1.425436e-02 1.731500e-14 1 
    0.497237 1.464348e-02 1.776800e-14 1 
    0.497512 1.536511e-02 1.862300e-14 1 
    0.497787 2.030572e-02 2.458400e-14 1 
    0.498062 2.582034e-02 3.122600e-14 1 
    0.498337 2.802018e-02 3.384900e-14 1 
    0.498612 2.577795e-02 3.110600e-14 1 
    0.498887 2.041962e-02 2.461300e-14 1 
    0.499162 1.633012e-02 1.966200e-14 1 
    0.499437 1.547509e-02 1.861200e-14 1 
    0.499712 1.468557e-02 1.764300e-14 1 
    0.499987 1.361179e-02 1.633500e-14 1 
    0.500262 1.521343e-02 1.823700e-14 1 
    0.500537 1.493119e-02 1.787900e-14 1 
    0.500812 1.487068e-02 1.778700e-14 1 
    0.501087 1.445347e-02 1.726900e-14 1 
    0.501362 1.525779e-02 1.821000e-14 1 
    0.501637 1.597157e-02 1.904100e-14 1 
    0.501912 1.617718e-02 1.926500e-14 1 
    0.502187 1.562664e-02 1.858900e-14 1 
    0.502462 1.403217e-02 1.667400e-14 1 
    0.502737 1.432387e-02 1.700200e-14 1 
    0.503012 1.454534e-02 1.724600e-14 1 
    0.503287 1.463133e-02 1.732900e-14 1 
    0.503562 1.506994e-02 1.782900e-14 1 
    0.503837 1.526326e-02 1.803800e-14 1 
    0.504112 1.448620e-02 1.710100e-14 1 
    0.504387 1.427728e-02 1.683600e-14 1 
    0.504662 1.430983e-02 1.685600e-14 1 
    0.504937 1.495179e-02 1.759300e-14 1 
    0.505212 1.497743e-02 1.760400e-14 1 
    0.505487 1.528759e-02 1.794900e-14 1 
    0.505762 1.561459e-02 1.831300e-14 1 
    0.506037 1.641772e-02 1.923400e-14 1 
    0.506312 1.488293e-02 1.741700e-14 1 
    0.506587 1.540552e-02 1.800900e-14 1 
    0.506862 1.522957e-02 1.778400e-14 1 
    0.507137 1.548186e-02 1.805900e-14 1 
    0.507412 1.637318e-02 1.907800e-14 1 
    0.507687 1.703358e-02 1.982600e-14 1 
    0.507962 1.980001e-02 2.302100e-14 1 
    0.508237 2.071174e-02 2.405500e-14 1 
    0.508512 2.101085e-02 2.437600e-14 1 
    0.508787 1.844235e-02 2.137300e-14 1 
    0.509062 1.708537e-02 1.977900e-14 1 
    0.509337 1.630913e-02 1.886000e-14 1 
    0.509612 1.593806e-02 1.841100e-14 1 
    0.509887 1.609912e-02 1.857700e-14 1 
    0.510162 1.618676e-02 1.865800e-14 1 
    0.510437 1.555459e-02 1.791000e-14 1 
    0.510712 1.483061e-02 1.705800e-14 1 
    0.510987 1.528525e-02 1.756200e-14 1 
    0.511262 1.696152e-02 1.946700e-14 1 
    0.511537 1.718126e-02 1.969800e-14 1 
    0.511812 1.643047e-02 1.881700e-14 1 
    0.512087 1.676019e-02 1.917400e-14 1 
    0.512362 1.734435e-02 1.982100e-14 1 
    0.512637 2.106140e-02 2.404300e-14 1 
    0.512912 2.660427e-02 3.033800e-14 1 
    0.513187 3.246187e-02 3.697800e-14 1 
    0.513462 3.119339e-02 3.549500e-14 1 
    0.513737 2.671368e-02 3.036500e-14 1 
    0.514012 1.993540e-02 2.263600e-14 1 
    0.514287 1.837067e-02 2.083700e-14 1 
    0.514562 1.638510e-02 1.856500e-14 1 
    0.514837 1.603331e-02 1.814700e-14 1 
    0.515112 1.587266e-02 1.794600e-14 1 
    0.515387 1.609414e-02 1.817700e-14 1 
    0.515662 1.557242e-02 1.756900e-14 1 
    0.515937 1.471859e-02 1.658800e-14 1 
    0.516212 1.602846e-02 1.804500e-14 1 
    0.516487 1.590416e-02 1.788600e-14 1 
    0.516762 1.507903e-02 1.694000e-14 1 
    0.517037 1.555666e-02 1.745800e-14 1 
    0.517312 1.695677e-02 1.900900e-14 1 
    0.517587 1.580142e-02 1.769500e-14 1 
    0.517862 1.564747e-02 1.750400e-14 1 
    0.518137 1.649365e-02 1.843100e-14 1 
    0.518412 1.614477e-02 1.802200e-14 1 
    0.518687 1.697619e-02 1.893000e-14 1 
    0.518962 1.643849e-02 1.831100e-14 1 
    0.519237 1.644244e-02 1.829600e-14 1 
    0.519512 1.477753e-02 1.642600e-14 1 
    0.519787 1.599727e-02 1.776300e-14 1 
    0.520062 1.707442e-02 1.893900e-14 1 
    0.520337 1.584703e-02 1.755900e-14 1 
    0.520612 1.673382e-02 1.852200e-14 1 
    0.520887 1.630291e-02 1.802600e-14 1 
    0.521162 1.615535e-02 1.784400e-14 1 
    0.521437 1.613797e-02 1.780600e-14 1 
    0.521712 1.644623e-02 1.812700e-14 1 
    0.521987 1.625922e-02 1.790200e-14 1 
    0.522262 1.624908e-02 1.787200e-14 1 
    0.522537 1.562363e-02 1.716600e-14 1 
    0.522812 1.509433e-02 1.656700e-14 1 
    0.523087 1.575504e-02 1.727400e-14 1 
    0.523362 1.668098e-02 1.827000e-14 1 
    0.523637 1.621136e-02 1.773700e-14 1 
    0.523912 1.565107e-02 1.710600e-14 1 
    0.524187 1.665576e-02 1.818500e-14 1 
    0.524462 1.726004e-02 1.882500e-14 1 
    0.524737 1.715424e-02 1.869000e-14 1 
    0.525012 1.476131e-02 1.606600e-14 1 
    0.525287 1.611226e-02 1.751800e-14 1 
    0.525562 1.526366e-02 1.657800e-14 1 
    0.525837 1.654419e-02 1.795000e-14 1 
    0.526112 1.660302e-02 1.799500e-14 1 
    0.526387 1.607360e-02 1.740300e-14 1 
    0.526662 1.557726e-02 1.684800e-14 1 
    0.526937 1.634877e-02 1.766400e-14 1 
    0.527212 1.681057e-02 1.814400e-14 1 
    0.527487 1.681142e-02 1.812600e-14 1 
    0.527762 1.680202e-02 1.809700e-14 1 
    0.528037 1.479714e-02 1.592100e-14 1 
    0.528312 1.555593e-02 1.672000e-14 1 
    0.528587 1.604712e-02 1.723000e-14 1 
    0.528862 1.590532e-02 1.706000e-14 1 
    0.529137 1.539830e-02 1.649900e-14 1 
    0.529412 1.477527e-02 1.581500e-14 1 
    0.529687 1.514321e-02 1.619200e-14 1 
    0.529962 1.477509e-02 1.578200e-14 1 
    0.530237 1.392074e-02 1.485400e-14 1 
    0.530512 1.592029e-02 1.697000e-14 1 
    0.530787 1.547476e-02 1.647800e-14 1 
    0.531062 1.532534e-02 1.630200e-14 1 
    0.531337 1.380446e-02 1.466900e-14 1 
    0.531612 1.439811e-02 1.528400e-14 1 
    0.531887 1.536545e-02 1.629400e-14 1 
    0.532162 1.653206e-02 1.751300e-14 1 
    0.532437 1.634409e-02 1.729600e-14 1 
    0.532712 1.645463e-02 1.739500e-14 1 
    0.532987 1.766474e-02 1.865500e-14 1 
    0.533262 1.771805e-02 1.869200e-14 1 
    0.533537 1.799442e-02 1.896400e-14 1 
    0.533812 1.694439e-02 1.783900e-14 1 
    0.534087 1.727848e-02 1.817200e-14 1 
    0.534362 1.820049e-02 1.912200e-14 1 
    0.534637 1.800200e-02 1.889400e-14 1 
    0.534912 1.664614e-02 1.745300e-14 1 
    0.535187 1.762947e-02 1.846500e-14 1 
    0.535462 1.566731e-02 1.639300e-14 1 
    0.535737 1.584414e-02 1.656100e-14 1 
    0.536012 1.762065e-02 1.839900e-14 1 
    0.536287 1.612019e-02 1.681500e-14 1 
    0.536562 1.635553e-02 1.704300e-14 1 
    0.536837 1.695061e-02 1.764500e-14 1 
    0.537112 1.649967e-02 1.715800e-14 1 
    0.537387 1.641645e-02 1.705400e-14 1 
    0.537662 1.631570e-02 1.693200e-14 1 
    0.537937 1.762687e-02 1.827400e-14 1 
    0.538212 1.680968e-02 1.740900e-14 1 
    0.538487 1.738553e-02 1.798700e-14 1 
    0.538762 1.662538e-02 1.718300e-14 1 
    0.539037 1.771453e-02 1.829000e-14 1 
    0.539312 1.663898e-02 1.716200e-14 1 
    0.539587 1.632598e-02 1.682200e-14 1 
    0.539862 1.590448e-02 1.637100e-14 1 
    0.540137 1.520979e-02 1.564000e-14 1 
    0.540412 1.732996e-02 1.780200e-14 1 
    0.540687 1.624644e-02 1.667200e-14 1 
    0.540962 1.502511e-02 1.540300e-14 1 
    0.541237 1.574441e-02 1.612400e-14 1 
    0.541512 1.612598e-02 1.649800e-14 1 
    0.541787 1.739380e-02 1.777700e-14 1 
    0.542062 1.658873e-02 1.693700e-14 1 
    0.542337 1.706049e-02 1.740100e-14 1 
    0.542612 1.794636e-02 1.828600e-14 1 
    0.542887 1.689764e-02 1.720000e-14 1 
    0.543162 1.681839e-02 1.710200e-14 1 
    0.543437 1.662476e-02 1.688800e-14 1 
    0.543712 1.794332e-02 1.820900e-14 1 
    0.543987 1.764286e-02 1.788600e-14 1 
    0.544262 1.662887e-02 1.684100e-14 1 
    0.544537 1.776751e-02 1.797600e-14 1 
    0.544812 1.735112e-02 1.753700e-14 1 
    0.545087 1.664961e-02 1.681100e-14 1 
    0.545362 1.687361e-02 1.702000e-14 1 
    0.545637 1.786914e-02 1.800600e-14 1 
    0.545912 1.758417e-02 1.770100e-14 1 
    0.546187 1.694061e-02 1.703600e-14 1 
    0.546462 1.676556e-02 1.684300e-14 1 
    0.546737 1.668280e-02 1.674300e-14 1 
    0.547012 1.750449e-02 1.755000e-14 1 
    0.547287 1.721459e-02 1.724200e-14 1 
    0.547562 1.831326e-02 1.832400e-14 1 
    0.547837 1.759535e-02 1.758800e-14 1 
    0.548112 1.714235e-02 1.711800e-14 1 
    0.548387 1.753547e-02 1.749300e-14 1 
    0.548662 1.711255e-02 1.705400e-14 1 
    0.548937 1.734667e-02 1.727000e-14 1 
    0.549212 1.742136e-02 1.732700e-14 1 
    0.549487 1.840098e-02 1.828300e-14 1 
    0.549762 1.733639e-02 1.720800e-14 1 
    0.550037 1.814942e-02 1.799700e-14 1 
    0.550312 1.760832e-02 1.744300e-14 1 
    0.550587 1.658512e-02 1.641300e-14 1 
    0.550862 1.751507e-02 1.731600e-14 1 
    0.551137 1.774013e-02 1.752100e-14 1 
    0.551412 1.751155e-02 1.727800e-14 1 
    0.551687 1.810731e-02 1.784800e-14 1 
    0.551962 1.792124e-02 1.764700e-14 1 
    0.552237 1.774087e-02 1.745200e-14 1 
    0.552512 1.787862e-02 1.757000e-14 1 
    0.552787 1.709989e-02 1.678800e-14 1 
    0.553062 1.777964e-02 1.743800e-14 1 
    0.553337 1.724824e-02 1.690000e-14 1 
    0.553612 1.682201e-02 1.646600e-14 1 
    0.553887 1.775092e-02 1.735800e-14 1 
    0.554162 1.798454e-02 1.756900e-14 1 
    0.554437 1.710376e-02 1.669200e-14 1 
    0.554712 1.622531e-02 1.581900e-14 1 
    0.554987 1.881431e-02 1.832500e-14 1 
    0.555262 1.682788e-02 1.637400e-14 1 
    0.555537 1.775293e-02 1.725700e-14 1 
    0.555812 1.720311e-02 1.670600e-14 1 
    0.556087 1.735311e-02 1.683500e-14 1 
    0.556362 1.769633e-02 1.715100e-14 1 
    0.556637 1.736680e-02 1.681500e-14 1 
    0.556912 1.672748e-02 1.618000e-14 1 
    0.557187 1.697063e-02 1.639900e-14 1 
    0.557462 1.687448e-02 1.629000e-14 1 
    0.557737 1.852425e-02 1.786500e-14 1 
    0.558012 1.823322e-02 1.756700e-14 1 
    0.558287 1.820133e-02 1.751900e-14 1 
    0.558562 1.860094e-02 1.788600e-14 1 
    0.558837 1.785724e-02 1.715400e-14 1 
    0.559112 1.638473e-02 1.572400e-14 1 
    0.559387 1.803218e-02 1.728800e-14 1 
    0.559662 1.811882e-02 1.735400e-14 1 
    0.559937 1.919009e-02 1.836200e-14 1 
    0.560212 1.750690e-02 1.673500e-14 1 
    0.560487 1.895660e-02 1.810300e-14 1 
    0.560762 1.657382e-02 1.581200e-14 1 
    0.561037 1.693842e-02 1.614400e-14 1 
    0.561312 1.716613e-02 1.634500e-14 1 
    0.561587 1.664576e-02 1.583400e-14 1 
    0.561862 1.715874e-02 1.630600e-14 1 
    0.562137 1.790866e-02 1.700200e-14 1 
    0.562412 1.841857e-02 1.746900e-14 1 
    0.562687 1.897062e-02 1.797500e-14 1 
    0.562962 1.775315e-02 1.680500e-14 1 
    0.563237 1.764572e-02 1.668700e-14 1 
    0.563512 1.891091e-02 1.786600e-14 1 
    0.563787 1.703601e-02 1.607900e-14 1 
    0.564062 1.740262e-02 1.640900e-14 1 
    0.564337 1.741853e-02 1.640800e-14 1 
    0.564612 1.778936e-02 1.674100e-14 1 
    0.564887 1.661221e-02 1.561800e-14 1 
    0.565162 1.677318e-02 1.575400e-14 1 
    0.565437 1.668614e-02 1.565700e-14 1 
    0.565712 1.763366e-02 1.653000e-14 1 
    0.565987 1.828188e-02 1.712100e-14 1 
    0.566262 1.787746e-02 1.672600e-14 1 
    0.566537 1.808312e-02 1.690200e-14 1 
    0.566812 1.801072e-02 1.681800e-14 1 
    0.567087 1.769268e-02 1.650500e-14 1 
    0.567362 1.839764e-02 1.714600e-14 1 
    0.567637 1.881395e-02 1.751700e-14 1 
    0.567912 1.879133e-02 1.747900e-14 1 
    0.568187 1.864919e-02 1.733000e-14 1 
    0.568462 1.836887e-02 1.705300e-14 1 
    0.568737 1.760602e-02 1.632900e-14 1 
    0.569012 1.838285e-02 1.703300e-14 1 
    0.569287 1.856050e-02 1.718100e-14 1 
    0.569562 1.848761e-02 1.709700e-14 1 
    0.569837 1.718712e-02 1.587900e-14 1 
    0.570112 1.788194e-02 1.650500e-14 1 
    0.570387 1.734178e-02 1.599100e-14 1 
    0.570662 1.763205e-02 1.624300e-14 1 
    0.570937 1.787397e-02 1.645000e-14 1 
    0.571212 1.837627e-02 1.689600e-14 1 
    0.571487 1.904389e-02 1.749300e-14 1 
    0.571762 1.711928e-02 1.571000e-14 1 
    0.572037 1.711939e-02 1.569500e-14 1 
    0.572312 1.906507e-02 1.746200e-14 1 
    0.572587 1.858396e-02 1.700500e-14 1 
    0.572862 1.684610e-02 1.540000e-14 1 
    0.573137 1.766050e-02 1.612900e-14 1 
    0.573412 1.771034e-02 1.615900e-14 1 
    0.573687 2.008709e-02 1.831000e-14 1 
    0.573962 2.040944e-02 1.858600e-14 1 
    0.574237 1.925949e-02 1.752200e-14 1 
    0.574512 1.926584e-02 1.751100e-14 1 
    0.574787 1.863454e-02 1.692100e-14 1 
    0.575062 1.874607e-02 1.700600e-14 1 
    0.575337 1.919653e-02 1.739800e-14 1 
    0.575612 1.870022e-02 1.693200e-14 1 
    0.575887 1.853016e-02 1.676200e-14 1 
    0.576162 1.797689e-02 1.624600e-14 1 
    0.576437 1.837396e-02 1.658900e-14 1 
    0.576712 1.963651e-02 1.771200e-14 1 
    0.576987 1.932455e-02 1.741400e-14 1 
    0.577262 1.844769e-02 1.660800e-14 1 
    0.577537 1.904343e-02 1.712800e-14 1 
    0.577812 2.043376e-02 1.836100e-14 1 
    0.578087 2.027498e-02 1.820100e-14 1 
    0.578362 1.869312e-02 1.676500e-14 1 
    0.578637 1.879572e-02 1.684100e-14 1 
    0.578912 1.890296e-02 1.692100e-14 1 
    0.579187 1.869952e-02 1.672300e-14 1 
    0.579462 1.929146e-02 1.723600e-14 1 
    0.579737 1.768084e-02 1.578200e-14 1 
    0.580012 1.827625e-02 1.629800e-14 1 
    0.580287 1.849225e-02 1.647500e-14 1 
    0.580562 1.789860e-02 1.593100e-14 1 
    0.580837 1.962266e-02 1.744900e-14 1 
    0.581112 1.862029e-02 1.654200e-14 1 
    0.581387 1.808696e-02 1.605300e-14 1 
    0.581662 1.821685e-02 1.615300e-14 1 
    0.581937 1.809862e-02 1.603300e-14 1 
    0.582212 1.833267e-02 1.622500e-14 1 
    0.582487 1.832059e-02 1.619900e-14 1 
    0.582762 1.836619e-02 1.622400e-14 1 
    0.583037 1.943279e-02 1.715000e-14 1 
    0.583312 1.817177e-02 1.602200e-14 1 
    0.583587 1.851246e-02 1.630700e-14 1 
    0.583862 1.822651e-02 1.604000e-14 1 
    0.584137 1.903417e-02 1.673500e-14 1 
    0.584412 1.882554e-02 1.653600e-14 1 
    0.584687 1.939593e-02 1.702100e-14 1 
    0.584962 1.936058e-02 1.697400e-14 1 
    0.585237 1.768796e-02 1.549300e-14 1 
    0.585512 1.868050e-02 1.634700e-14 1 
    0.585787 1.995282e-02 1.744400e-14 1 
    0.586062 2.007574e-02 1.753500e-14 1 
    0.586337 1.966141e-02 1.715700e-14 1 
    0.586612 1.863261e-02 1.624400e-14 1 
    0.586887 1.972013e-02 1.717600e-14 1 
    0.587162 1.945591e-02 1.693000e-14 1 
    0.587437 1.937637e-02 1.684500e-14 1 
    0.587712 2.054011e-02 1.784000e-14 1 
    0.587987 2.070108e-02 1.796300e-14 1 
    0.588262 1.973536e-02 1.710900e-14 1 
    0.588537 1.961295e-02 1.698700e-14 1 
    0.588812 1.965440e-02 1.700700e-14 1 
    0.589087 2.078092e-02 1.796500e-14 1 
    0.589362 2.037309e-02 1.759600e-14 1 
    0.589637 1.869084e-02 1.612800e-14 1 
    0.589912 2.052017e-02 1.769000e-14 1 
    0.590187 1.944791e-02 1.675000e-14 1 
    0.590462 1.895934e-02 1.631400e-14 1 
    0.590737 1.981453e-02 1.703400e-14 1 
    0.591012 1.996455e-02 1.714700e-14 1 
    0.591287 1.935382e-02 1.660700e-14 1 
    0.591562 1.989441e-02 1.705500e-14 1 
    0.591837 1.840908e-02 1.576700e-14 1 
    0.592112 1.880717e-02 1.609300e-14 1 
    0.592387 2.072548e-02 1.771800e-14 1 
    0.592662 1.804831e-02 1.541500e-14 1 
    0.592937 1.902252e-02 1.623200e-14 1 
    0.593212 1.869882e-02 1.594100e-14 1 
    0.593487 1.973057e-02 1.680500e-14 1 
    0.593762 1.909311e-02 1.624700e-14 1 
    0.594037 1.821449e-02 1.548500e-14 1 
    0.594312 1.828198e-02 1.552800e-14 1 
    0.594587 1.924520e-02 1.633100e-14 1 
    0.594862 1.790064e-02 1.517600e-14 1 
    0.595137 2.051221e-02 1.737400e-14 1 
    0.595412 2.122602e-02 1.796200e-14 1 
    0.595687 1.972336e-02 1.667500e-14 1 
    0.595962 2.010148e-02 1.697900e-14 1 
    0.596237 1.885920e-02 1.591500e-14 1 
    0.596512 1.997373e-02 1.684000e-14 1 
    0.596787 2.024146e-02 1.705000e-14 1 
    0.597062 1.937129e-02 1.630200e-14 1 
    0.597337 1.954138e-02 1.643000e-14 1 
    0.597612 1.982247e-02 1.665100e-14 1 
    0.597887 2.066289e-02 1.734100e-14 1 
    0.598162 1.944035e-02 1.630000e-14 1 
    0.598437 2.188752e-02 1.833500e-14 1 
    0.598712 2.019064e-02 1.689800e-14 1 
    0.598987 2.001305e-02 1.673400e-14 1 
    0.599262 1.984350e-02 1.657700e-14 1 
    0.599537 1.833527e-02 1.530300e-14 1 
    0.599812 2.052873e-02 1.711800e-14 1 
    0.600087 1.988857e-02 1.656900e-14 1 
    0.600362 1.722397e-02 1.433600e-14 1 
    0.600637 1.899787e-02 1.579800e-14 1 
    0.600912 1.835447e-02 1.524900e-14 1 
    0.601187 1.990252e-02 1.652000e-14 1 
    0.601462 2.103614e-02 1.744500e-14 1 
    0.601737 2.145609e-02 1.777700e-14 1 
    0.602012 2.225370e-02 1.842100e-14 1 
    0.602287 2.279156e-02 1.884900e-14 1 
    0.602562 2.146414e-02 1.773500e-14 1 
    0.602837 1.879448e-02 1.551500e-14 1 
    0.603112 1.970159e-02 1.624900e-14 1 
    0.603387 1.823899e-02 1.502900e-14 1 
    0.603662 1.840381e-02 1.515100e-14 1 
    0.603937 1.757682e-02 1.445700e-14 1 
    0.604212 1.900809e-02 1.562000e-14 1 
    0.604487 1.830677e-02 1.503000e-14 1 
    0.604762 1.814422e-02 1.488300e-14 1 
    0.605037 1.827054e-02 1.497300e-14 1 
    0.605312 1.985658e-02 1.625800e-14 1 
    0.605587 1.910693e-02 1.563000e-14 1 
    0.605862 1.941060e-02 1.586400e-14 1 
    0.606137 1.945394e-02 1.588500e-14 1 
    0.606412 1.963462e-02 1.601800e-14 1 
    0.606687 1.970151e-02 1.605800e-14 1 
    0.606962 2.076564e-02 1.691000e-14 1 
    0.607237 1.955165e-02 1.590700e-14 1 
    0.607512 1.956937e-02 1.590700e-14 1 
    0.607787 1.977795e-02 1.606200e-14 1 
    0.608062 1.922029e-02 1.559500e-14 1 
    0.608337 1.999016e-02 1.620500e-14 1 
    0.608612 2.014405e-02 1.631500e-14 1 
    0.608887 1.886342e-02 1.526400e-14 1 
    0.609162 1.956201e-02 1.581500e-14 1 
    0.609437 1.985453e-02 1.603700e-14 1 
    0.609712 1.852300e-02 1.494800e-14 1 
    0.609987 1.911769e-02 1.541400e-14 1 
    0.610262 2.025467e-02 1.631600e-14 1 
    0.610537 2.060468e-02 1.658300e-14 1 
    0.610812 2.015066e-02 1.620300e-14 1 
    0.611087 2.035428e-02 1.635200e-14 1 
    0.611362 1.973098e-02 1.583700e-14 1 
    0.611637 1.964523e-02 1.575400e-14 1 
    0.611912 2.029445e-02 1.626000e-14 1 
    0.612187 1.951942e-02 1.562500e-14 1 
    0.612462 2.011088e-02 1.608400e-14 1 
    0.612737 2.020779e-02 1.614700e-14 1 
    0.613012 2.002301e-02 1.598500e-14 1 
    0.613287 1.876342e-02 1.496600e-14 1 
    0.613562 1.816412e-02 1.447500e-14 1 
    0.613837 1.859362e-02 1.480400e-14 1 
    0.614112 2.062166e-02 1.640400e-14 1 
    0.614387 1.978957e-02 1.572800e-14 1 
    0.614662 1.973424e-02 1.567000e-14 1 
    0.614937 2.035316e-02 1.614700e-14 1 
    0.615212 2.081168e-02 1.649600e-14 1 
    0.615487 2.046788e-02 1.620900e-14 1 
    0.615762 2.075664e-02 1.642300e-14 1 
    0.616037 2.114330e-02 1.671400e-14 1 
    0.616312 1.975171e-02 1.560000e-14 1 
    0.616587 1.861359e-02 1.468800e-14 1 
    0.616862 1.999499e-02 1.576400e-14 1 
    0.617137 1.887533e-02 1.486800e-14 1 
    0.617412 2.195063e-02 1.727500e-14 1 
    0.617687 2.071366e-02 1.628700e-14 1 
    0.617962 2.163333e-02 1.699500e-14 1 
    0.618237 2.029700e-02 1.593100e-14 1 
    0.618512 1.998988e-02 1.567600e-14 1 
    0.618787 1.977920e-02 1.549700e-14 1 
    0.619062 1.977507e-02 1.548000e-14 1 
    0.619337 1.966990e-02 1.538400e-14 1 
    0.619612 1.974880e-02 1.543200e-14 1 
    0.619887 2.107281e-02 1.645200e-14 1 
    0.620162 2.206968e-02 1.721500e-14 1 
    0.620437 2.109868e-02 1.644300e-14 1 
    0.620712 2.154890e-02 1.677900e-14 1 
    0.620987 2.013862e-02 1.566700e-14 1 
    0.621262 2.131050e-02 1.656400e-14 1 
    0.621537 2.157016e-02 1.675100e-14 1 
    0.621812 2.111110e-02 1.638000e-14 1 
    0.622087 2.121363e-02 1.644500e-14 1 
    0.622362 1.895227e-02 1.467900e-14 1 
    0.622637 1.966426e-02 1.521700e-14 1 
    0.622912 2.085087e-02 1.612100e-14 1 
    0.623187 2.206544e-02 1.704500e-14 1 
    0.623462 2.273664e-02 1.754800e-14 1 
    0.623737 2.200195e-02 1.696600e-14 1 
    0.624012 1.883484e-02 1.451100e-14 1 
    0.624287 1.940487e-02 1.493700e-14 1 
    0.624562 2.034775e-02 1.564900e-14 1 
    0.624837 1.903304e-02 1.462500e-14 1 
    0.625112 1.879580e-02 1.443000e-14 1 
    0.625387 2.173262e-02 1.667000e-14 1 
    0.625662 2.029553e-02 1.555400e-14 1 
    0.625937 2.027550e-02 1.552500e-14 1 
    0.626212 2.183444e-02 1.670400e-14 1 
    0.626487 2.036217e-02 1.556400e-14 1 
    0.626762 1.975022e-02 1.508300e-14 1 
    0.627037 1.913454e-02 1.460000e-14 1 
    0.627312 2.227719e-02 1.698300e-14 1 
    0.627587 2.073570e-02 1.579400e-14 1 
    0.627862 2.201273e-02 1.675200e-14 1 
    0.628137 2.168612e-02 1.648900e-14 1 
    0.628412 1.970428e-02 1.496900e-14 1 
    0.628687 2.060029e-02 1.563600e-14 1 
    0.628962 2.239453e-02 1.698300e-14 1 
    0.629237 1.996854e-02 1.513000e-14 1 
    0.629512 2.000845e-02 1.514700e-14 1 
    0.629787 2.106643e-02 1.593400e-14 1 
    0.630062 2.002490e-02 1.513300e-14 1 
    0.630337 2.198133e-02 1.659700e-14 1 
    0.630612 2.219140e-02 1.674100e-14 1 
    0.630887 2.123561e-02 1.600600e-14 1 
    0.631162 2.013073e-02 1.516000e-14 1 
    0.631437 2.166206e-02 1.629900e-14 1 
    0.631712 2.046779e-02 1.538700e-14 1 
    0.631987 1.937260e-02 1.455100e-14 1 
    0.632262 2.034488e-02 1.526800e-14 1 
    0.632537 2.260982e-02 1.695300e-14 1 
    0.632812 2.077140e-02 1.556100e-14 1 
    0.633087 1.938265e-02 1.450800e-14 1 
    0.633362 2.110570e-02 1.578400e-14 1 
    0.633637 2.101697e-02 1.570400e-14 1 
    0.633912 2.180542e-02 1.627900e-14 1 
    0.634187 2.159643e-02 1.610900e-14 1 
    0.634462 2.002244e-02 1.492200e-14 1 
    0.634737 2.222884e-02 1.655200e-14 1 
    0.635012 2.200482e-02 1.637100e-14 1 
    0.635287 2.081311e-02 1.547100e-14 1 
    0.635562 2.276197e-02 1.690500e-14 1 
    0.635837 1.986136e-02 1.473800e-14 1 
    0.636112 1.989742e-02 1.475200e-14 1 
    0.636387 2.098515e-02 1.554500e-14 1 
    0.636662 1.896309e-02 1.403500e-14 1 
    0.636937 2.015326e-02 1.490300e-14 1 
    0.637212 2.173663e-02 1.606000e-14 1 
    0.637487 1.972209e-02 1.455900e-14 1 
    0.637762 1.844568e-02 1.360500e-14 1 
    0.638037 2.121488e-02 1.563400e-14 1 
    0.638312 2.178050e-02 1.603700e-14 1 
    0.638587 1.987177e-02 1.461900e-14 1 
    0.638862 1.991066e-02 1.463500e-14 1 
    0.639137 2.157268e-02 1.584300e-14 1 
    0.639412 2.155309e-02 1.581500e-14 1 
    0.639687 2.129474e-02 1.561200e-14 1 
    0.639962 2.146732e-02 1.572500e-14 1 
    0.640237 2.168662e-02 1.587200e-14 1 
    0.640512 2.080133e-02 1.521100e-14 1 
    0.640787 2.011158e-02 1.469400e-14 1 
    0.641062 2.056035e-02 1.500900e-14 1 
    0.641337 2.116618e-02 1.543800e-14 1 
    0.641612 2.087146e-02 1.521000e-14 1 
    0.641887 1.948163e-02 1.418500e-14 1 
    0.642162 2.028870e-02 1.476000e-14 1 
    0.642437 1.962646e-02 1.426600e-14 1 
    0.642712 2.077648e-02 1.508900e-14 1 
    0.642987 2.096240e-02 1.521100e-14 1 
    0.643262 2.133619e-02 1.546900e-14 1 
    0.643537 2.133649e-02 1.545600e-14 1 
    0.643812 2.227628e-02 1.612300e-14 1 
    0.644087 2.219575e-02 1.605100e-14 1 
    0.644362 2.070476e-02 1.496000e-14 1 
    0.644637 2.122803e-02 1.532500e-14 1 
    0.644912 2.250497e-02 1.623300e-14 1 
    0.645187 2.391172e-02 1.723300e-14 1 
    0.645462 2.699844e-02 1.944100e-14 1 
    0.645737 2.678239e-02 1.926900e-14 1 
    0.646012 2.663410e-02 1.914600e-14 1 
    0.646287 2.491642e-02 1.789600e-14 1 
    0.646562 2.446524e-02 1.755700e-14 1 
    0.646837 2.097430e-02 1.503900e-14 1 
    0.647112 1.983219e-02 1.420800e-14 1 
    0.647387 1.968001e-02 1.408700e-14 1 
    0.647662 2.077755e-02 1.486000e-14 1 
    0.647937 2.058949e-02 1.471300e-14 1 
    0.648212 2.302020e-02 1.643600e-14 1 
    0.648487 2.070997e-02 1.477400e-14 1 
    0.648762 2.406100e-02 1.715000e-14 1 
    0.649037 2.177577e-02 1.550800e-14 1 
    0.649312 2.482417e-02 1.766400e-14 1 
    0.649587 2.230357e-02 1.585700e-14 1 
    0.649862 2.344865e-02 1.665700e-14 1 
    0.650137 2.244703e-02 1.593200e-14 1 
    0.650412 2.324582e-02 1.648500e-14 1 
    0.650687 2.053600e-02 1.455100e-14 1 
    0.650962 2.216644e-02 1.569300e-14 1 
    0.651237 2.008018e-02 1.420400e-14 1 
    0.651512 2.152052e-02 1.521000e-14 1 
    0.651787 2.173978e-02 1.535200e-14 1 
    0.652062 2.142790e-02 1.511900e-14 1 
    0.652337 2.225451e-02 1.568900e-14 1 
    0.652612 2.347574e-02 1.653600e-14 1 
    0.652887 2.147647e-02 1.511500e-14 1 
    0.653162 2.232221e-02 1.569700e-14 1 
    0.653437 2.252604e-02 1.582700e-14 1 
    0.653712 2.167180e-02 1.521400e-14 1 
    0.653987 2.061794e-02 1.446200e-14 1 
    0.654262 2.261292e-02 1.584800e-14 1 
    0.654537 2.241629e-02 1.569700e-14 1 
    0.654812 2.235795e-02 1.564300e-14 1 
    0.655087 2.262564e-02 1.581700e-14 1 
    0.655362 2.089514e-02 1.459500e-14 1 
    0.655637 2.086970e-02 1.456500e-14 1 
    0.655912 2.017591e-02 1.406900e-14 1 
    0.656187 2.194817e-02 1.529200e-14 1 
    0.656462 1.777781e-02 1.237600e-14 1 
    0.656737 2.197348e-02 1.528400e-14 1 
    0.657012 2.093286e-02 1.454800e-14 1 
    0.657287 2.282683e-02 1.585100e-14 1 
    0.657562 2.035970e-02 1.412600e-14 1 
    0.657837 2.349542e-02 1.628800e-14 1 
    0.658112 2.036490e-02 1.410600e-14 1 
    0.658387 2.004526e-02 1.387300e-14 1 
    0.658662 2.078507e-02 1.437300e-14 1 
    0.658937 2.317749e-02 1.601400e-14 1 
    0.659212 2.260873e-02 1.560800e-14 1 
    0.659487 2.246668e-02 1.549700e-14 1 
    0.659762 2.096627e-02 1.445000e-14 1 
    0.660037 2.191895e-02 1.509400e-14 1 
    0.660312 2.067278e-02 1.422400e-14 1 
    0.660587 2.004708e-02 1.378200e-14 1 
    0.660862 2.209606e-02 1.517800e-14 1 
    0.661137 2.132621e-02 1.463700e-14 1 
    0.661412 2.135854e-02 1.464700e-14 1 
    0.661687 2.349540e-02 1.609900e-14 1 
    0.661962 2.232597e-02 1.528500e-14 1 
    0.662237 2.255503e-02 1.542900e-14 1 
    0.662512 2.411731e-02 1.648400e-14 1 
    0.662787 2.320605e-02 1.584800e-14 1 
    0.663062 2.179644e-02 1.487300e-14 1 
    0.663337 2.255668e-02 1.537900e-14 1 
    0.663612 2.289393e-02 1.559600e-14 1 
    0.663887 2.230909e-02 1.518500e-14 1 
    0.664162 2.328920e-02 1.583900e-14 1 
    0.664437 2.405900e-02 1.634900e-14 1 
    0.664712 2.257960e-02 1.533100e-14 1 
    0.664987 2.297269e-02 1.558500e-14 1 
    0.665262 2.448022e-02 1.659400e-14 1 
    0.665537 2.388478e-02 1.617700e-14 1 
    0.665812 2.211356e-02 1.496500e-14 1 
    0.666087 2.256072e-02 1.525500e-14 1 
    0.666362 2.190293e-02 1.479800e-14 1 
    0.666637 2.195657e-02 1.482200e-14 1 
    0.666912 2.253213e-02 1.519800e-14 1 
    0.667187 2.259375e-02 1.522700e-14 1 
    0.667462 2.300442e-02 1.549100e-14 1 
    0.667737 2.301001e-02 1.548200e-14 1 
    0.668012 2.270916e-02 1.526700e-14 1 
    0.668287 2.158008e-02 1.449600e-14 1 
    0.668562 2.424244e-02 1.627100e-14 1 
    0.668837 2.488569e-02 1.668900e-14 1 
    0.669112 2.119314e-02 1.420100e-14 1 
    0.669387 2.304470e-02 1.542900e-14 1 
    0.669662 2.153443e-02 1.440600e-14 1 
    0.669937 2.512769e-02 1.679600e-14 1 
    0.670212 2.635962e-02 1.760500e-14 1 
    0.670487 2.785279e-02 1.858700e-14 1 
    0.670762 3.123656e-02 2.082800e-14 1 
    0.671037 4.094193e-02 2.727700e-14 1 
    0.671312 3.696312e-02 2.460600e-14 1 
    0.671587 3.934778e-02 2.617200e-14 1 
    0.671862 4.982387e-02 3.311300e-14 1 
    0.672137 8.135743e-02 5.402600e-14 1 
    0.672412 1.279686e-01 8.490900e-14 1 
    0.672687 1.437346e-01 9.529200e-14 1 
    0.672962 1.184366e-01 7.845600e-14 1 
    0.673237 7.457291e-02 4.935900e-14 1 
    0.673512 4.154238e-02 2.747400e-14 1 
    0.673787 3.304132e-02 2.183400e-14 1 
    0.674062 3.740742e-02 2.469900e-14 1 
    0.674337 5.215606e-02 3.440900e-14 1 
    0.674612 6.391140e-02 4.213000e-14 1 
    0.674887 6.631072e-02 4.367600e-14 1 
    0.675162 5.498995e-02 3.619000e-14 1 
    0.675437 3.948238e-02 2.596300e-14 1 
    0.675712 3.088961e-02 2.029600e-14 1 
    0.675987 2.635736e-02 1.730400e-14 1 
    0.676262 2.591996e-02 1.700300e-14 1 
    0.676537 2.333519e-02 1.529500e-14 1 
    0.676812 2.460624e-02 1.611500e-14 1 
    0.677087 2.301403e-02 1.506000e-14 1 
    0.677362 2.409107e-02 1.575200e-14 1 
    0.677637 2.386267e-02 1.559000e-14 1 
    0.677912 2.570652e-02 1.678100e-14 1 
    0.678187 2.428777e-02 1.584200e-14 1 
    0.678462 2.596152e-02 1.692000e-14 1 
    0.678737 2.624056e-02 1.708800e-14 1 
    0.679012 2.419936e-02 1.574600e-14 1 
    0.679287 2.431125e-02 1.580600e-14 1 
    0.679562 2.198805e-02 1.428400e-14 1 
    0.679837 2.252041e-02 1.461800e-14 1 
    0.680112 2.331572e-02 1.512200e-14 1 
    0.680387 2.255378e-02 1.461600e-14 1 
    0.680662 2.291022e-02 1.483500e-14 1 
    0.680937 2.637848e-02 1.706700e-14 1 
    0.681212 2.418628e-02 1.563600e-14 1 
    0.681487 2.338842e-02 1.510800e-14 1 
    0.681762 2.570961e-02 1.659400e-14 1 
    0.682037 2.436584e-02 1.571400e-14 1 
    0.682312 2.310057e-02 1.488600e-14 1 
    0.682587 2.610578e-02 1.680900e-14 1 
    0.682862 2.862308e-02 1.841500e-14 1 
    0.683912 2.369705e-02 1.519900e-14 0 
    0.685488 2.364192e-02 1.509400e-14 0 
    0.687068 2.385961e-02 1.516300e-14 0 
    0.688652 2.294223e-02 1.451300e-14 0 
    0.690240 2.391208e-02 1.505700e-14 0 
    0.691831 2.347521e-02 1.471400e-14 0 
    0.693426 2.407724e-02 1.502200e-14 0 
    0.695024 2.441055e-02 1.516000e-14 0 
    0.696626 2.379851e-02 1.471200e-14 0 
    0.698233 2.423996e-02 1.491600e-14 0 
    0.699842 2.474689e-02 1.515800e-14 0 
    0.701455 2.368676e-02 1.444200e-14 0 
    0.703072 2.385047e-02 1.447500e-14 0 
    0.704693 2.384967e-02 1.440800e-14 0 
    0.706318 2.401467e-02 1.444100e-14 0 
    0.707946 2.417896e-02 1.447300e-14 0 
    0.709578 2.434595e-02 1.450600e-14 0 
    0.711214 2.514289e-02 1.491200e-14 0 
    0.712853 2.496926e-02 1.474100e-14 0 
    0.714496 2.590470e-02 1.522300e-14 0 
    0.716143 2.590460e-02 1.515300e-14 0 
    0.717794 2.513970e-02 1.463800e-14 0 
    0.719449 2.462256e-02 1.427100e-14 0 
    0.721108 2.608130e-02 1.504700e-14 0 
    0.722770 2.712108e-02 1.557500e-14 0 
    0.724436 2.490561e-02 1.423700e-14 0 
    0.726106 2.619806e-02 1.490700e-14 0 
    0.727780 2.501778e-02 1.417000e-14 0 
    0.729457 2.507468e-02 1.413700e-14 0 
    0.731139 2.422289e-02 1.359400e-14 0 
    0.732825 2.472856e-02 1.381400e-14 0 
    0.734514 2.512862e-02 1.397300e-14 0 
    0.736207 2.455625e-02 1.359200e-14 0 
    0.737904 2.484020e-02 1.368600e-14 0 
    0.739605 2.600876e-02 1.426400e-14 0 
    0.741310 2.624972e-02 1.433000e-14 0 
    0.743019 2.594763e-02 1.410000e-14 0 
    0.744732 2.588623e-02 1.400200e-14 0 
    0.746449 2.636790e-02 1.419700e-14 0 
    0.748170 2.748227e-02 1.472900e-14 0 
    0.749894 2.716669e-02 1.449300e-14 0 
    0.751623 2.773465e-02 1.472800e-14 0 
    0.753356 2.811809e-02 1.486300e-14 0 
    0.755092 2.735076e-02 1.439100e-14 0 
    0.756833 2.877156e-02 1.506900e-14 0 
    0.758578 2.883724e-02 1.503400e-14 0 
    0.760326 2.779291e-02 1.442300e-14 0 
    0.762079 2.856974e-02 1.475800e-14 0 
    0.763836 2.910031e-02 1.496300e-14 0 
    0.765597 2.963908e-02 1.517000e-14 0 
    0.767361 2.909669e-02 1.482400e-14 0 
    0.769130 2.984228e-02 1.513400e-14 0 
    0.770904 3.039611e-02 1.534400e-14 0 
    0.772681 3.053441e-02 1.534300e-14 0 
    0.774462 3.018550e-02 1.509800e-14 0 
    0.776247 2.983874e-02 1.485600e-14 0 
    0.778037 2.970008e-02 1.471900e-14 0 
    0.779830 2.942562e-02 1.451600e-14 0 
    0.781628 2.976511e-02 1.461600e-14 0 
    0.783430 2.976339e-02 1.454800e-14 0 
    0.785236 2.895122e-02 1.408600e-14 0 
    0.787046 2.895063e-02 1.402100e-14 0 
    0.788860 2.928544e-02 1.411800e-14 0 
    0.790679 2.935189e-02 1.408500e-14 0 
    0.792501 2.941823e-02 1.405200e-14 0 
    0.794328 2.901350e-02 1.379500e-14 0 
    0.796159 2.982354e-02 1.411500e-14 0 
    0.797995 2.941361e-02 1.385700e-14 0 
    0.799834 2.948109e-02 1.382500e-14 0 
    0.801678 3.086828e-02 1.440900e-14 0 
    0.803526 2.968287e-02 1.379200e-14 0 
    0.805378 3.065227e-02 1.417700e-14 0 
    0.807235 3.072211e-02 1.414400e-14 0 
    0.809096 3.121961e-02 1.430700e-14 0 
    0.810961 3.016018e-02 1.375800e-14 0 
    0.812831 3.029724e-02 1.375700e-14 0 
    0.814704 2.913387e-02 1.316800e-14 0 
    0.816582 3.050416e-02 1.372400e-14 0 
    0.818465 3.106926e-02 1.391400e-14 0 
    0.820352 3.036249e-02 1.353500e-14 0 
    0.822243 3.201255e-02 1.420500e-14 0 
    0.824138 3.260629e-02 1.440200e-14 0 
    0.826038 3.252937e-02 1.430200e-14 0 
    0.827942 3.135194e-02 1.372100e-14 0 
    0.829851 3.042467e-02 1.325400e-14 0 
    0.831764 3.230160e-02 1.400700e-14 0 
    0.833681 3.252248e-02 1.403800e-14 0 
    0.835603 3.156243e-02 1.356100e-14 0 
    0.837529 3.192789e-02 1.365500e-14 0 
    0.839460 3.156085e-02 1.343600e-14 0 
    0.841395 3.289351e-02 1.393900e-14 0 
    0.843335 3.236734e-02 1.365300e-14 0 
    0.845279 3.296687e-02 1.384200e-14 0 
    0.847227 3.428182e-02 1.432800e-14 0 
    0.849180 3.296419e-02 1.371400e-14 0 
    0.851138 3.311396e-02 1.371300e-14 0 
    0.853100 3.326681e-02 1.371300e-14 0 
    0.855067 3.250647e-02 1.333800e-14 0 
    0.857038 3.380234e-02 1.380600e-14 0 
    0.859014 3.295730e-02 1.339900e-14 0 
    0.860994 3.380130e-02 1.367900e-14 0 
    0.862979 3.395485e-02 1.367800e-14 0 
    0.864968 3.175980e-02 1.273500e-14 0 
    0.866962 3.387315e-02 1.352000e-14 0 
    0.868960 3.410748e-02 1.355100e-14 0 
    0.870964 3.387052e-02 1.339500e-14 0 
    0.872971 3.355939e-02 1.321100e-14 0 
    0.874984 3.394657e-02 1.330200e-14 0 
    0.877001 3.340079e-02 1.302800e-14 0 
    0.879023 3.473203e-02 1.348500e-14 0 
    0.881049 3.409796e-02 1.317800e-14 0 
    0.883080 3.347291e-02 1.287700e-14 0 
    0.885116 3.520997e-02 1.348300e-14 0 
    0.887156 3.409220e-02 1.299500e-14 0 
    0.889201 3.323748e-02 1.261100e-14 0 
    0.891251 3.323735e-02 1.255300e-14 0 
    0.893305 3.520482e-02 1.323500e-14 0 
    0.895365 3.561056e-02 1.332600e-14 0 
    0.897429 3.346349e-02 1.246500e-14 0 
    0.899498 3.544383e-02 1.314200e-14 0 
    0.901571 3.568596e-02 1.317100e-14 0 
    0.903650 3.660199e-02 1.344700e-14 0 
    0.905733 3.676819e-02 1.344600e-14 0 
    0.907820 3.634445e-02 1.323000e-14 0 
    0.909913 3.478735e-02 1.260500e-14 0 
    0.912011 3.567991e-02 1.286900e-14 0 
    0.914113 3.592534e-02 1.289800e-14 0 
    0.916220 3.642133e-02 1.301600e-14 0 
    0.918333 3.502372e-02 1.245900e-14 0 
    0.920450 3.510066e-02 1.242900e-14 0 
    0.922571 3.726562e-02 1.313500e-14 0 
    0.924698 3.128118e-02 1.097500e-14 0 
    0.926830 3.856972e-02 1.347000e-14 0 
    0.928966 3.865853e-02 1.343900e-14 0 
    0.931108 3.469004e-02 1.200400e-14 0 
    0.933254 3.590981e-02 1.236900e-14 0 
    0.935406 3.803557e-02 1.304100e-14 0 
    0.937562 3.674021e-02 1.253900e-14 0 
    0.939723 3.742196e-02 1.271300e-14 0 
    0.941890 3.690572e-02 1.248000e-14 0 
    0.944061 3.750385e-02 1.262400e-14 0 
    0.946237 3.540570e-02 1.186300e-14 0 
    0.948418 3.715821e-02 1.239300e-14 0 
    0.950605 3.935696e-02 1.306600e-14 0 
    0.952796 3.732654e-02 1.233500e-14 0 
    0.954993 3.899153e-02 1.282600e-14 0 
    0.957194 3.907986e-02 1.279600e-14 0 
    0.959401 3.872027e-02 1.262000e-14 0 
    0.961612 3.934589e-02 1.276500e-14 0 
    0.963829 3.880602e-02 1.253200e-14 0 
    0.966051 3.980019e-02 1.279400e-14 0 
    0.968278 3.943074e-02 1.261700e-14 0 
    0.970510 4.025636e-02 1.282200e-14 0 
    0.972747 4.034753e-02 1.279200e-14 0 
    0.974990 3.988107e-02 1.258600e-14 0 
    0.977237 3.997279e-02 1.255700e-14 0 
    0.979490 3.996864e-02 1.249800e-14 0 
    0.981748 4.089849e-02 1.273000e-14 0 
    0.984011 4.070962e-02 1.261300e-14 0 
    0.986279 4.098829e-02 1.264100e-14 0 
    0.988553 4.070518e-02 1.249600e-14 0 
    0.990832 4.079491e-02 1.246600e-14 0 
    0.993116 4.145661e-02 1.261000e-14 0 
    0.995405 4.116903e-02 1.246500e-14 0 
    0.997700 4.107374e-02 1.237900e-14 0 
    1.000000 4.116333e-02 1.234900e-14 0 
    1.002305 4.087780e-02 1.220700e-14 0 
    1.004615 4.183010e-02 1.243400e-14 0 
    1.006931 4.173253e-02 1.234800e-14 0 
    1.009253 4.211537e-02 1.240400e-14 0 
    1.011580 4.201645e-02 1.231800e-14 0 
    1.013912 4.211102e-02 1.228900e-14 0 
    1.016249 4.201276e-02 1.220400e-14 0 
    1.018591 4.249367e-02 1.228700e-14 0 
    1.020939 4.268980e-02 1.228700e-14 0 
    1.023294 4.268803e-02 1.223000e-14 0 
    1.028017 4.258276e-02 1.208800e-14 0 
    1.032761 4.228695e-02 1.189400e-14 0 
    1.037528 4.346763e-02 1.211400e-14 0 
    1.042318 4.346069e-02 1.200100e-14 0 
    1.047129 4.396150e-02 1.202800e-14 0 
    1.051962 4.436087e-02 1.202600e-14 0 
    1.054386 4.425797e-02 1.194300e-14 0 
    1.076465 4.485625e-02 1.161300e-14 0 
    1.096478 4.485647e-02 1.119300e-14 0 
    1.116863 4.454820e-02 1.071400e-14 0 
    1.137628 4.464981e-02 1.035000e-14 0 
    1.158778 4.537656e-02 1.013800e-14 0 
    1.177606 4.653952e-02 1.006800e-14 0 
    1.199499 4.718729e-02 9.838900e-15 0 
    1.218990 4.729588e-02 9.548700e-15 0 
    1.238796 4.795418e-02 9.374500e-15 0 
    1.258925 4.862132e-02 9.203400e-15 0 
    1.279381 4.907119e-02 8.993900e-15 0 
    1.300169 4.952481e-02 8.789100e-15 0 
    1.321295 4.998342e-02 8.589100e-15 0 
    1.342764 5.079514e-02 8.451700e-15 0 
    1.361444 5.091276e-02 8.240400e-15 0 
    1.383566 5.173976e-02 8.108600e-15 0 
    1.402813 5.221847e-02 7.960600e-15 0 
    1.425607 5.233925e-02 7.725900e-15 0 
    1.445439 5.185905e-02 7.446400e-15 0 
    1.465547 5.233899e-02 7.310500e-15 0 
    1.485935 5.380535e-02 7.310500e-15 0 
    1.506607 5.380563e-02 7.111300e-15 0 
    1.527566 5.569575e-02 7.160500e-15 0 
    1.545255 5.699311e-02 7.160500e-15 0 
    1.566752 5.913237e-02 7.226800e-15 0 
    1.588548 6.050980e-02 7.193600e-15 0 
    1.606941 6.078897e-02 7.062300e-15 0 
    1.629296 6.023211e-02 6.806900e-15 0 
    1.648162 6.191938e-02 6.838300e-15 0 
    1.671091 6.321578e-02 6.791200e-15 0 
    1.690442 6.350717e-02 6.667200e-15 0 
    1.710014 6.439072e-02 6.606100e-15 0 
    1.729816 6.453913e-02 6.470600e-15 0 
    1.749847 6.483711e-02 6.352500e-15 0 
    1.774190 6.409554e-02 6.108700e-15 0 
    1.794734 6.394790e-02 5.955900e-15 0 
    1.811340 6.292539e-02 5.753700e-15 0 
    1.832314 6.249193e-02 5.584000e-15 0 
    1.853532 6.135146e-02 5.357300e-15 0 
    1.874994 6.121015e-02 5.223300e-15 0 
    1.896705 6.064888e-02 5.057600e-15 0 
    1.914256 5.926884e-02 4.852300e-15 0 
    1.936423 5.913206e-02 4.730900e-15 0 
    1.958844 5.954237e-02 4.655300e-15 0 
    1.976970 5.872517e-02 4.507600e-15 0 
    1.999862 5.792000e-02 4.344600e-15 0 
    2.018366 5.725592e-02 4.216400e-15 0 
    2.037042 5.673113e-02 4.101500e-15 0 
    2.060630 5.712550e-02 4.036000e-15 0 
    2.079696 5.621091e-02 3.898900e-15 0 
    2.098940 5.634110e-02 3.836600e-15 0 
    2.118362 5.582397e-02 3.732000e-15 0 
    2.142890 5.582467e-02 3.647100e-15 0 
    2.162719 5.582421e-02 3.580500e-15 0 
    2.182731 5.556779e-02 3.499000e-15 0 
    2.202926 5.531316e-02 3.419400e-15 0 
    2.223311 5.455383e-02 3.310900e-15 0 
    2.243881 5.468012e-02 3.258000e-15 0 
    2.264644 5.417866e-02 3.169200e-15 0 
    2.285600 5.380512e-02 3.089900e-15 0 
    2.306747 5.330305e-02 3.005200e-15 0 
    2.328092 5.225253e-02 2.892200e-15 0 
    2.344228 4.731727e-02 2.583100e-15 0 
    2.365920 4.721556e-02 2.530500e-15 0 
    2.387810 4.177969e-02 2.198300e-15 0 
    2.409905 3.950746e-02 2.040800e-15 0 
    2.426611 4.018468e-02 2.047300e-15 0 
    2.449063 3.727501e-02 1.864400e-15 0 
    2.471725 3.627165e-02 1.781100e-15 0 
    2.488857 3.618567e-02 1.752500e-15 0 
    2.511887 3.406330e-02 1.619600e-15 0 
    2.529297 3.388033e-02 1.588800e-15 0 
    2.549980 2.882080e-02 1.329700e-15 2 
    2.559660 2.873209e-02 1.315600e-15 2 
    2.569340 2.967378e-02 1.348500e-15 2 
    2.579010 2.969137e-02 1.339200e-15 2 
    2.588690 2.996158e-02 1.341300e-15 2 
    2.598370 3.090849e-02 1.373400e-15 2 
    2.608040 3.177155e-02 1.401300e-15 2 
    2.617720 3.223168e-02 1.411100e-15 2 
    2.627390 3.230688e-02 1.404000e-15 2 
    2.637070 3.213507e-02 1.386300e-15 2 
    2.646750 3.259793e-02 1.396000e-15 2 
    2.656420 3.270248e-02 1.390300e-15 2 
    2.666100 3.242236e-02 1.368400e-15 2 
    2.675780 3.237423e-02 1.356500e-15 2 
    2.685450 3.370241e-02 1.402000e-15 2 
    2.695130 3.465766e-02 1.431400e-15 2 
    2.704800 3.398499e-02 1.393600e-15 2 
    2.714480 3.278448e-02 1.334800e-15 2 
    2.724160 3.233350e-02 1.307100e-15 2 
    2.733830 3.219725e-02 1.292400e-15 2 
    2.743510 3.180344e-02 1.267600e-15 2 
    2.753190 3.163663e-02 1.252100e-15 2 
    2.762860 3.196102e-02 1.256100e-15 2 
    2.772540 3.217769e-02 1.255800e-15 2 
    2.782210 3.121821e-02 1.209900e-15 2 
    2.791890 2.994185e-02 1.152400e-15 2 
    2.801570 3.009751e-02 1.150400e-15 2 
    2.811240 3.018710e-02 1.145900e-15 2 
    2.820920 3.037677e-02 1.145200e-15 2 
    2.830600 2.961345e-02 1.108800e-15 2 
    2.840270 3.048838e-02 1.133800e-15 2 
    2.849950 3.120014e-02 1.152400e-15 2 
    2.859620 3.116145e-02 1.143200e-15 2 
    2.869300 3.073609e-02 1.120000e-15 2 
    2.878980 3.139141e-02 1.136200e-15 2 
    2.888650 3.113258e-02 1.119300e-15 2 
    2.898330 3.115678e-02 1.112700e-15 2 
    2.908010 3.105799e-02 1.101800e-15 2 
    2.917680 3.121665e-02 1.100100e-15 2 
    2.927360 3.075571e-02 1.076700e-15 2 
    2.937030 3.028640e-02 1.053300e-15 2 
    2.946710 2.983513e-02 1.030800e-15 2 
    2.956390 2.962651e-02 1.016900e-15 2 
    2.966060 2.917489e-02 9.948800e-16 2 
    2.975740 2.928506e-02 9.921500e-16 2 
    2.985420 2.915949e-02 9.815000e-16 2 
    2.995090 3.003943e-02 1.004600e-15 2 
    3.004770 3.051380e-02 1.013900e-15 2 
    3.014440 3.032281e-02 1.001100e-15 2 
    3.024120 3.012462e-02 9.882000e-16 2 
    3.033800 3.015365e-02 9.828500e-16 2 
    3.043470 3.045177e-02 9.862700e-16 2 
    3.053150 2.950015e-02 9.493999e-16 2 
    3.062830 2.880914e-02 9.213100e-16 2 
    3.072500 2.914018e-02 9.260401e-16 2 
    3.082180 2.904701e-02 9.172900e-16 2 
    3.091850 2.865535e-02 8.992700e-16 2 
    3.101530 2.898993e-02 9.041000e-16 2 
    3.111210 2.945123e-02 9.127800e-16 2 
    3.120880 2.807037e-02 8.646000e-16 2 
    3.130560 2.826045e-02 8.650800e-16 2 
    3.140240 2.854133e-02 8.683000e-16 2 
    3.149910 3.004791e-02 9.085300e-16 2 
    3.159590 3.000194e-02 9.015900e-16 2 
    3.169260 3.003520e-02 8.970899e-16 2 
    3.178940 2.963586e-02 8.797800e-16 2 
    3.188620 2.964208e-02 8.746300e-16 2 
    3.198290 2.942969e-02 8.631200e-16 2 
    3.207970 2.997309e-02 8.737600e-16 2 
    3.217650 3.048866e-02 8.834500e-16 2 
    3.227320 3.183457e-02 9.169300e-16 2 
    3.237000 3.320043e-02 9.505600e-16 2 
    3.246670 3.369388e-02 9.589500e-16 2 
    3.256350 3.312703e-02 9.372200e-16 2 
    3.266030 3.513694e-02 9.882000e-16 2 
    3.275700 3.533709e-02 9.879700e-16 2 
    3.285380 3.653315e-02 1.015400e-15 2 
    3.295060 3.801907e-02 1.050500e-15 2 
    3.304730 4.194849e-02 1.152300e-15 2 
    3.314410 4.511303e-02 1.232000e-15 2 
    3.324080 4.638215e-02 1.259300e-15 2 
    3.333760 4.853094e-02 1.310000e-15 2 
    3.343440 5.199162e-02 1.395300e-15 2 
    3.353110 5.385938e-02 1.437100e-15 2 
    3.362790 5.665863e-02 1.503100e-15 2 
    3.372470 5.679194e-02 1.498000e-15 2 
    3.382140 5.777392e-02 1.515200e-15 2 
    3.391820 5.631041e-02 1.468400e-15 2 
    3.401490 5.296035e-02 1.373200e-15 2 
    3.411170 4.963176e-02 1.279600e-15 2 
    3.420850 4.834185e-02 1.239300e-15 2 
    3.430520 4.717978e-02 1.202700e-15 2 
    3.440200 4.373023e-02 1.108500e-15 2 
    3.449880 4.017608e-02 1.012700e-15 2 
    3.459550 4.153065e-02 1.041000e-15 2 
    3.469230 4.231301e-02 1.054700e-15 2 
    3.478900 4.213369e-02 1.044400e-15 2 
    3.488580 4.124072e-02 1.016600e-15 2 
    3.498260 4.166979e-02 1.021500e-15 2 
    3.507930 4.355763e-02 1.061900e-15 2 
    3.517610 4.375711e-02 1.060900e-15 2 
    3.527290 4.237254e-02 1.021700e-15 2 
    3.536960 4.237166e-02 1.016100e-15 2 
    3.546640 4.191208e-02 9.996000e-16 2 
    3.556310 4.047613e-02 9.601100e-16 2 
    3.565990 3.888470e-02 9.173600e-16 2 
    3.575670 3.837116e-02 9.003500e-16 2 
    3.585340 3.652867e-02 8.525000e-16 2 
    3.595020 3.516235e-02 8.162000e-16 2 
    3.604700 3.428907e-02 7.916600e-16 2 
    3.614370 3.551663e-02 8.156200e-16 2 
    3.624050 3.376640e-02 7.712900e-16 2 
    3.633720 3.287336e-02 7.469000e-16 2 
    3.643400 3.294830e-02 7.446300e-16 2 
    3.653080 3.369344e-02 7.574400e-16 2 
    3.662750 3.269639e-02 7.311500e-16 2 
    3.672430 3.342419e-02 7.434900e-16 2 
    3.682110 3.372898e-02 7.463300e-16 2 
    3.691780 3.438475e-02 7.568600e-16 2 
    3.701460 3.554811e-02 7.783800e-16 2 
    3.711130 3.477186e-02 7.574200e-16 2 
    3.720810 3.332308e-02 7.220900e-16 2 
    3.730490 3.256381e-02 7.019800e-16 2 
    3.740160 3.248385e-02 6.966400e-16 2 
    3.749840 3.258612e-02 6.952300e-16 2 
    3.759520 3.313525e-02 7.033100e-16 2 
    3.769190 3.406883e-02 7.194200e-16 2 
    3.778870 3.384897e-02 7.111200e-16 2 
    3.788540 3.417027e-02 7.142100e-16 2 
    3.798220 3.375074e-02 7.018500e-16 2 
    3.807900 3.397181e-02 7.028600e-16 2 
    3.817570 3.370006e-02 6.937100e-16 2 
    3.827250 3.435798e-02 7.036800e-16 2 
    3.836930 3.496286e-02 7.124600e-16 2 
    3.846600 3.488186e-02 7.072400e-16 2 
    3.856280 3.479591e-02 7.019600e-16 2 
    3.865950 3.431204e-02 6.887400e-16 2 
    3.875630 3.535077e-02 7.060500e-16 2 
    3.885310 3.576709e-02 7.108100e-16 2 
    3.894980 3.501791e-02 6.924700e-16 2 
    3.904660 3.393131e-02 6.676600e-16 2 
    3.914340 3.285100e-02 6.432100e-16 2 
    3.924010 3.285851e-02 6.401900e-16 2 
    3.933690 3.295170e-02 6.388500e-16 2 
    3.943360 3.321603e-02 6.408200e-16 2 
    3.953040 3.179789e-02 6.104600e-16 2 
    3.962720 3.331057e-02 6.363800e-16 2 
    3.972390 3.289632e-02 6.254100e-16 2 
    3.982070 3.347969e-02 6.334100e-16 2 
    3.991750 3.284914e-02 6.184700e-16 2 
    4.001420 3.409459e-02 6.388200e-16 2 
    4.011100 3.343815e-02 6.235000e-16 2 
    4.020770 3.424731e-02 6.355200e-16 2 
    4.030450 3.499559e-02 6.462900e-16 2 
    4.040130 3.612910e-02 6.640300e-16 2 
    4.049800 3.520996e-02 6.440500e-16 2 
    4.059480 3.440620e-02 6.263500e-16 2 
    4.069160 3.397439e-02 6.155500e-16 2 
    4.078830 3.437119e-02 6.197900e-16 2 
    4.088510 3.427431e-02 6.151200e-16 2 
    4.098180 3.473670e-02 6.204800e-16 2 
    4.107860 3.561929e-02 6.332500e-16 2 
    4.117540 3.679952e-02 6.511600e-16 2 
    4.127210 3.673807e-02 6.470300e-16 2 
    4.136890 3.719640e-02 6.520400e-16 2 
    4.146570 3.839774e-02 6.699600e-16 2 
    4.156240 3.885745e-02 6.748300e-16 2 
    4.165920 3.833174e-02 6.626100e-16 2 
    4.175590 3.673206e-02 6.320200e-16 2 
    4.185270 3.552927e-02 6.085000e-16 2 
    4.194950 3.428190e-02 5.844300e-16 2 
    4.204620 3.340768e-02 5.669100e-16 2 
    4.214300 3.318517e-02 5.605500e-16 2 
    4.223980 3.311477e-02 5.568000e-16 2 
    4.233650 3.407313e-02 5.703000e-16 2 
    4.243330 3.393022e-02 5.653200e-16 2 
    4.253000 3.308418e-02 5.487200e-16 2 
    4.262680 3.275707e-02 5.408300e-16 2 
    4.272360 3.340797e-02 5.490800e-16 2 
    4.282030 3.383685e-02 5.536200e-16 2 
    4.291710 3.370636e-02 5.490000e-16 2 
    4.301390 3.275833e-02 5.311600e-16 2 
    4.311060 3.371239e-02 5.441800e-16 2 
    4.320740 3.329952e-02 5.351100e-16 2 
    4.330410 3.348000e-02 5.356100e-16 2 
    4.340090 3.289083e-02 5.238400e-16 2 
    4.349770 3.415528e-02 5.415600e-16 2 
    4.359440 3.330766e-02 5.257800e-16 2 
    4.369120 3.132667e-02 4.923200e-16 2 
    4.378800 3.063540e-02 4.793300e-16 2 
    4.388470 3.193151e-02 4.974100e-16 2 
    4.398150 3.289594e-02 5.101800e-16 2 
    4.407820 3.316315e-02 5.120700e-16 2 
    4.417500 3.252970e-02 5.000900e-16 2 
    4.427180 3.318267e-02 5.079000e-16 2 
    4.436850 3.313290e-02 5.049300e-16 2 
    4.446530 3.408299e-02 5.171500e-16 2 
    4.456210 3.318902e-02 5.014000e-16 2 
    4.465880 3.437164e-02 5.170200e-16 2 
    4.475560 3.446538e-02 5.161900e-16 2 
    4.485230 3.431339e-02 5.117000e-16 2 
    4.494910 3.342047e-02 4.962400e-16 2 
    4.504590 3.319797e-02 4.908200e-16 2 
    4.514260 3.113094e-02 4.582900e-16 2 
    4.523940 2.831407e-02 4.150400e-16 2 
    4.533620 2.772695e-02 4.047000e-16 2 
    4.543290 2.986822e-02 4.341000e-16 2 
    4.552970 2.958934e-02 4.282200e-16 2 
    4.562640 3.015233e-02 4.345200e-16 2 
    4.572320 3.074871e-02 4.412400e-16 2 
    4.582000 3.271258e-02 4.674400e-16 2 
    4.591670 3.200043e-02 4.553400e-16 2 
    4.601350 3.129143e-02 4.433800e-16 2 
    4.611020 3.211905e-02 4.532000e-16 2 
    4.620700 3.158363e-02 4.437800e-16 2 
    4.630380 3.166464e-02 4.430600e-16 2 
    4.640050 3.198937e-02 4.457400e-16 2 
    4.649730 3.243287e-02 4.500400e-16 2 
    4.659410 3.396980e-02 4.694100e-16 2 
    4.669080 3.364224e-02 4.629600e-16 2 
    4.678760 3.371912e-02 4.621000e-16 2 
    4.688440 3.277437e-02 4.473000e-16 2 
    4.698110 3.296342e-02 4.480300e-16 2 
    4.707790 3.364608e-02 4.554300e-16 2 
    4.717460 3.511526e-02 4.733700e-16 2 
    4.727140 3.419511e-02 4.590800e-16 2 
    4.736820 3.499571e-02 4.679100e-16 2 
    4.746490 3.644768e-02 4.853400e-16 2 
    4.756170 3.558835e-02 4.719700e-16 2 
    4.765840 3.361407e-02 4.439800e-16 2 
    4.775520 3.257627e-02 4.285300e-16 2 
    4.785200 3.284280e-02 4.302900e-16 2 
    4.794870 3.253425e-02 4.245300e-16 2 
    4.804550 3.181396e-02 4.134600e-16 2 
    4.814230 3.220418e-02 4.168500e-16 2 
    4.823900 3.194817e-02 4.118800e-16 2 
    4.833580 3.188494e-02 4.094200e-16 2 
    4.843260 3.220435e-02 4.118700e-16 2 
    4.852930 3.380657e-02 4.306400e-16 2 
    4.862610 3.315814e-02 4.207000e-16 2 
    4.872280 3.247352e-02 4.103800e-16 2 
    4.881960 3.061100e-02 3.853100e-16 2 
    4.891640 3.042064e-02 3.814000e-16 2 
    4.901310 3.024556e-02 3.777100e-16 2 
    4.910990 2.976380e-02 3.702300e-16 2 
    4.920660 2.849696e-02 3.530800e-16 2 
    4.930340 2.827941e-02 3.490100e-16 2 
    4.940020 2.781219e-02 3.419000e-16 2 
    4.949790 2.656581e-02 3.252900e-16 2 
    4.999288 2.924500e-02 3.510400e-16 0 
    5.049281 3.204241e-02 3.770400e-16 0 
    5.099774 3.496388e-02 4.033100e-16 0 
    5.150771 3.801282e-02 4.298400e-16 0 
    5.202279 4.119367e-02 4.566300e-16 0 
    5.254302 4.451188e-02 4.836900e-16 0 
    5.306845 4.797218e-02 5.110200e-16 0 
    5.335773 4.992487e-02 5.260700e-16 3 
    5.366758 5.808805e-02 6.050400e-16 3 
    5.397744 5.954063e-02 6.130700e-16 3 
    5.428729 5.536342e-02 5.635700e-16 3 
    5.459714 5.871078e-02 5.908800e-16 3 
    5.490700 5.206322e-02 5.180800e-16 3 
    5.521685 3.533269e-02 3.476600e-16 3 
    5.552670 3.997182e-02 3.889300e-16 3 
    5.583656 4.498352e-02 4.328500e-16 3 
    5.614641 5.208953e-02 4.957100e-16 3 
    5.645627 5.308890e-02 4.996900e-16 3 
    5.676612 5.114796e-02 4.761800e-16 3 
    5.707598 5.351805e-02 4.928500e-16 3 
    5.738583 6.208654e-02 5.656000e-16 3 
    5.769568 7.083002e-02 6.383400e-16 3 
    5.800553 7.514367e-02 6.700000e-16 3 
    5.831539 7.922689e-02 6.989200e-16 3 
    5.862525 8.128659e-02 7.095300e-16 3 
    5.893510 7.770802e-02 6.711800e-16 3 
    5.924495 7.513897e-02 6.422200e-16 3 
    5.955481 7.178082e-02 6.071500e-16 3 
    5.986466 7.466681e-02 6.250400e-16 3 
    6.017451 7.677909e-02 6.361200e-16 3 
    6.048437 8.254600e-02 6.769100e-16 3 
    6.079422 8.053447e-02 6.537000e-16 3 
    6.110407 8.638803e-02 6.941200e-16 3 
    6.141393 1.025102e-01 8.153700e-16 3 
    6.172378 1.187561e-01 9.351300e-16 3 
    6.203363 1.220050e-01 9.511400e-16 3 
    6.234349 1.240832e-01 9.577500e-16 3 
    6.265334 1.473087e-01 1.125800e-15 3 
    6.296319 2.087105e-01 1.579400e-15 3 
    6.327305 2.938820e-01 2.202200e-15 3 
    6.358290 3.513180e-01 2.607000e-15 3 
    6.389276 3.410477e-01 2.506300e-15 3 
    6.420261 2.905305e-01 2.114500e-15 3 
    6.451246 2.288883e-01 1.649900e-15 3 
    6.482232 2.042700e-01 1.458400e-15 3 
    6.513217 1.787663e-01 1.264200e-15 3 
    6.544202 1.639259e-01 1.148300e-15 3 
    6.575188 1.499180e-01 1.040300e-15 3 
    6.606173 1.370562e-01 9.421500e-16 3 
    6.637158 1.312187e-01 8.936200e-16 3 
    6.668145 1.263508e-01 8.524900e-16 3 
    6.699129 1.229980e-01 8.222100e-16 3 
    6.730114 1.223931e-01 8.106500e-16 3 
    6.761100 1.283393e-01 8.422600e-16 3 
    6.792085 1.384542e-01 9.003700e-16 3 
    6.823071 1.364010e-01 8.789800e-16 3 
    6.854056 1.353533e-01 8.643600e-16 3 
    6.885041 1.344277e-01 8.507400e-16 3 
    6.916027 1.310183e-01 8.217500e-16 3 
    6.947012 1.187011e-01 7.378700e-16 3 
    6.977998 1.352790e-01 8.334700e-16 3 
    7.008983 1.355415e-01 8.277200e-16 3 
    7.039968 1.402779e-01 8.491200e-16 3 
    7.070954 1.579349e-01 9.476400e-16 3 
    7.101939 1.631638e-01 9.704900e-16 3 
    7.132924 1.962388e-01 1.157100e-15 3 
    7.163910 2.250110e-01 1.315300e-15 3 
    7.194895 1.966610e-01 1.139700e-15 3 
    7.225881 1.827816e-01 1.050200e-15 3 
    7.256866 1.901804e-01 1.083400e-15 3 
    7.287851 1.932065e-01 1.091300e-15 3 
    7.318838 1.986205e-01 1.112400e-15 3 
    7.349822 1.963983e-01 1.090700e-15 3 
    7.380807 2.004365e-01 1.103800e-15 3 
    7.411793 2.156186e-01 1.177500e-15 3 
    7.442778 2.189208e-01 1.185600e-15 3 
    7.473763 2.443191e-01 1.312200e-15 3 
    7.504748 2.553980e-01 1.360400e-15 3 
    7.533706 2.598512e-01 1.373500e-15 3 
    7.535734 2.746991e-01 1.451200e-15 3 
    7.566720 3.062202e-01 1.604500e-15 3 
    7.595799 3.347724e-01 1.740700e-15 3 
    7.597705 3.396161e-01 1.765000e-15 3 
    7.657894 3.944155e-01 2.017700e-15 3 
    7.719988 4.724947e-01 2.378400e-15 3 
    7.782082 5.316633e-01 2.633700e-15 3 
    7.844176 5.303160e-01 2.585600e-15 3 
    7.906271 5.108246e-01 2.451600e-15 3 
    7.968365 5.006779e-01 2.365600e-15 3 
    8.030459 4.835331e-01 2.249400e-15 3 
    8.092554 4.368145e-01 2.001000e-15 3 
    8.154648 3.833182e-01 1.729300e-15 3 
    8.216741 3.381818e-01 1.502700e-15 3 
    8.278836 2.991733e-01 1.309500e-15 3 
    8.340930 2.728579e-01 1.176600e-15 3 
    8.403025 2.633784e-01 1.119000e-15 3 
    8.465119 2.632724e-01 1.102200e-15 3 
    8.527213 2.669792e-01 1.101500e-15 3 
    8.589307 2.698487e-01 1.097300e-15 3 
    8.651402 2.803011e-01 1.123500e-15 3 
    8.713495 3.030420e-01 1.197400e-15 3 
    8.775590 3.163611e-01 1.232400e-15 3 
    8.837684 3.107524e-01 1.193600e-15 3 
    8.899778 2.719672e-01 1.030100e-15 3 
    8.961872 2.335805e-01 8.724900e-16 3 
    9.023966 1.862457e-01 6.861400e-16 3 
    9.086060 1.525974e-01 5.545200e-16 3 
    9.148155 1.364824e-01 4.892500e-16 3 
    9.210249 1.342555e-01 4.748000e-16 3 
    9.272344 1.197737e-01 4.179300e-16 3 
    9.334438 1.039540e-01 3.579200e-16 3 
    9.396532 9.791601e-02 3.326900e-16 3 
    9.458626 9.680476e-02 3.246100e-16 3 
    9.520720 9.278633e-02 3.070900e-16 3 
    9.582815 9.374347e-02 3.062500e-16 3 
    9.644909 8.790174e-02 2.834800e-16 3 
    9.707002 8.558223e-02 2.724800e-16 3 
    9.769098 8.740916e-02 2.747700e-16 3 
    9.831192 9.194859e-02 2.854000e-16 3 
    9.893286 1.042098e-01 3.194100e-16 3 
    9.955380 9.297801e-02 2.814400e-16 3 
   10.017470 8.283200e-02 2.476300e-16 3 
   10.079570 7.994726e-02 2.360700e-16 3 
   10.141659 7.947128e-02 2.318000e-16 3 
   10.203760 8.014211e-02 2.309200e-16 3 
   10.265850 8.425745e-02 2.398500e-16 3 
   10.327949 8.249946e-02 2.320300e-16 3 
   10.390041 8.118781e-02 2.256200e-16 3 
   10.452130 8.684045e-02 2.384700e-16 3 
   10.514230 8.498640e-02 2.306300e-16 3 
   10.576320 8.897229e-02 2.386200e-16 3 
   10.638420 9.460004e-02 2.507600e-16 3 
   10.700510 1.047034e-01 2.743300e-16 3 
   10.762600 1.218029e-01 3.154600e-16 3 
   10.824700 1.291064e-01 3.305500e-16 3 
   10.886791 1.280830e-01 3.242000e-16 3 
   10.948890 1.257242e-01 3.146300e-16 3 
   11.010980 1.311269e-01 3.244600e-16 3 
   11.073080 1.336564e-01 3.270200e-16 3 
   11.135170 1.405036e-01 3.399500e-16 3 
   11.197260 1.614752e-01 3.863700e-16 3 
   11.259360 1.975211e-01 4.674200e-16 3 
   11.321450 2.196582e-01 5.141200e-16 3 
   11.383550 2.860593e-01 6.622500e-16 3 
   11.445640 4.474615e-01 1.024700e-15 3 
   11.507740 5.878041e-01 1.331600e-15 3 
   11.569830 5.542736e-01 1.242200e-15 3 
   11.631920 4.479204e-01 9.931600e-16 3 
   11.694020 3.695261e-01 8.106600e-16 3 
   11.756110 3.168053e-01 6.876800e-16 3 
   11.818209 2.852156e-01 6.126200e-16 3 
   11.880299 2.540782e-01 5.400500e-16 3 
   11.942400 2.492443e-01 5.242800e-16 3 
   12.004490 2.504737e-01 5.214300e-16 3 
   12.066580 2.557020e-01 5.268500e-16 3 
   12.128680 2.645779e-01 5.395700e-16 3 
   12.190770 2.799062e-01 5.650300e-16 3 
   12.252870 2.940151e-01 5.875100e-16 3 
   12.314959 3.001114e-01 5.936600e-16 3 
   12.377051 2.967011e-01 5.810400e-16 3 
   12.439150 2.951522e-01 5.722500e-16 3 
   12.501240 3.030132e-01 5.816700e-16 3 
   12.563340 3.313904e-01 6.298700e-16 3 
   12.625430 3.427344e-01 6.450400e-16 3 
   12.687530 3.472518e-01 6.471600e-16 3 
   12.749620 3.664049e-01 6.762200e-16 3 
   12.811710 3.909266e-01 7.145000e-16 3 
   12.873810 4.156026e-01 7.522900e-16 3 
   12.935900 4.369573e-01 7.833700e-16 3 
   12.998000 4.672313e-01 8.296600e-16 3 
   13.060090 5.435539e-01 9.560300e-16 3 
   13.122180 7.313551e-01 1.274200e-15 3 
   13.184280 5.730960e-01 9.890900e-16 3 
   13.246370 3.550035e-01 6.069600e-16 3 
   13.308470 3.203132e-01 5.425500e-16 3 
   13.370559 3.115219e-01 5.227700e-16 3 
   13.432659 3.054186e-01 5.078000e-16 3 
   13.494750 3.067068e-01 5.052600e-16 3 
   13.556841 3.073424e-01 5.016800e-16 3 
   13.618941 3.090517e-01 4.998800e-16 3 
   13.681030 3.125187e-01 5.009100e-16 3 
   13.743130 3.176287e-01 5.045100e-16 3 
   13.805220 3.166682e-01 4.984700e-16 3 
   13.867320 3.228119e-01 5.036000e-16 3 
   13.929409 3.188275e-01 4.929600e-16 3 
   13.991500 3.215718e-01 4.928000e-16 3 
   14.053600 3.134712e-01 4.761500e-16 3 
   14.115691 3.148060e-01 4.739800e-16 3 
   14.177789 3.084494e-01 4.603500e-16 3 
   14.239880 3.127048e-01 4.626400e-16 3 
   14.301980 3.080949e-01 4.518700e-16 3 
   14.364070 3.013536e-01 4.381700e-16 3 
   14.426159 2.941068e-01 4.239600e-16 3 
   14.488261 2.926001e-01 4.181800e-16 3 
   14.541691 3.084719e-01 4.376300e-16 3 
   14.633380 3.342517e-01 4.682800e-16 3 
   14.725080 3.092256e-01 4.278400e-16 3 
   14.816770 2.991334e-01 4.087700e-16 3 
   14.908459 2.964755e-01 4.001700e-16 3 
   15.000150 2.956184e-01 3.941500e-16 3 
   15.091850 2.899207e-01 3.818700e-16 3 
   15.183541 2.971198e-01 3.866400e-16 3 
   15.275230 2.992413e-01 3.847400e-16 3 
   15.366930 2.875586e-01 3.653200e-16 3 
   15.458620 2.925458e-01 3.672600e-16 3 
   15.550309 2.963246e-01 3.676300e-16 3 
   15.642000 2.956374e-01 3.624900e-16 3 
   15.733700 2.979504e-01 3.610800e-16 3 
   15.825391 3.251000e-01 3.894300e-16 3 
   15.917080 3.954509e-01 4.682600e-16 3 
   16.008780 4.232396e-01 4.954400e-16 3 
   16.100470 3.213441e-01 3.718900e-16 3 
   16.192159 3.176908e-01 3.635100e-16 3 
   16.283859 3.253652e-01 3.681100e-16 3 
   16.375550 3.234440e-01 3.618500e-16 3 
   16.467239 3.275281e-01 3.623500e-16 3 
   16.558930 3.222834e-01 3.526100e-16 3 
   16.650631 3.712014e-01 4.016700e-16 3 
   16.742319 3.985473e-01 4.265500e-16 3 
   16.834009 4.516478e-01 4.781300e-16 3 
   16.925700 4.616710e-01 4.834600e-16 3 
   17.017400 4.152362e-01 4.301600e-16 3 
   17.109091 4.120145e-01 4.222600e-16 3 
   17.200781 4.251311e-01 4.310700e-16 3 
   17.292481 4.415376e-01 4.429700e-16 3 
   17.384170 5.023022e-01 4.986300e-16 3 
   17.475861 5.571109e-01 5.472500e-16 3 
   17.567561 4.800468e-01 4.666400e-16 3 
   17.659250 4.860688e-01 4.676000e-16 3 
   17.750941 4.733266e-01 4.506500e-16 3 
   17.842630 4.794387e-01 4.517900e-16 3 
   17.934330 4.334530e-01 4.042900e-16 3 
   18.026020 4.040272e-01 3.730200e-16 3 
   18.117709 4.164854e-01 3.806400e-16 3 
   18.209409 4.214194e-01 3.812800e-16 3 
   18.301100 4.265002e-01 3.820200e-16 3 
   18.392789 4.176586e-01 3.703800e-16 3 
   18.484489 3.940553e-01 3.459900e-16 3 
   18.576180 3.985840e-01 3.465200e-16 3 
   18.667870 4.032952e-01 3.471800e-16 3 
   18.759559 4.052371e-01 3.454500e-16 3 
   18.851259 4.115303e-01 3.474100e-16 3 
   18.942950 4.107349e-01 3.433900e-16 3 
   19.034639 4.373414e-01 3.621200e-16 3 
   19.126341 5.767713e-01 4.730000e-16 3 
   19.218031 6.350676e-01 5.158500e-16 3 
   19.309719 4.868501e-01 3.917100e-16 3 
   19.401409 4.542698e-01 3.620500e-16 3 
   19.493111 4.693023e-01 3.705200e-16 3 
   19.584800 4.670664e-01 3.653100e-16 3 
   19.676491 4.756313e-01 3.685500e-16 3 
   19.768191 4.814296e-01 3.695900e-16 3 
   19.859880 4.744942e-01 3.609100e-16 3 
   19.951570 4.816987e-01 3.630300e-16 3 
   20.043261 4.942780e-01 3.691100e-16 3 
   20.134961 5.046492e-01 3.734300e-16 3 
   20.226650 5.159243e-01 3.783200e-16 3 
   20.318341 5.199932e-01 3.778700e-16 3 
   20.410041 5.581618e-01 4.019700e-16 3 
   20.555241 4.828112e-01 3.428100e-16 3 
   20.730739 5.677893e-01 3.963500e-16 3 
   20.906339 5.598785e-01 3.842900e-16 3 
   21.082041 5.530025e-01 3.732700e-16 3 
   21.257830 6.207535e-01 4.121000e-16 3 
   21.433709 6.190774e-01 4.042700e-16 3 
   21.609689 6.080374e-01 3.906200e-16 3 
   21.785761 6.478080e-01 4.094700e-16 3 
   21.961930 5.968467e-01 3.712300e-16 3 
   22.138200 6.852741e-01 4.194700e-16 3 
   22.314559 6.762185e-01 4.074100e-16 3 
   22.491020 7.293119e-01 4.325300e-16 3 
   22.667570 7.696149e-01 4.493500e-16 3 
   22.844219 7.631656e-01 4.387200e-16 3 
   23.020969 7.501301e-01 4.246300e-16 3 
   23.197809 8.001579e-01 4.460700e-16 3 
   23.374750 8.377447e-01 4.599800e-16 3 
   23.551791 8.621867e-01 4.663100e-16 3 
   23.728920 8.475767e-01 4.515900e-16 3 
   23.906161 8.646864e-01 4.539000e-16 3 
   24.083481 9.228217e-01 4.773100e-16 3 
   24.260909 9.540091e-01 4.862500e-16 3 
   24.438441 9.539274e-01 4.791700e-16 3 
   24.616061 9.576845e-01 4.741400e-16 3 
   24.793780 1.012217e+00 4.939800e-16 3 
   24.971600 1.049778e+00 5.050400e-16 3 
   25.149509 1.064726e+00 5.050100e-16 3 
   25.327530 1.085882e+00 5.078300e-16 3 
   25.505641 1.080066e+00 4.980800e-16 3 
   25.683861 1.135980e+00 5.166200e-16 3 
   25.862169 1.146746e+00 5.143500e-16 3 
   26.040581 1.189725e+00 5.263400e-16 3 
   26.219091 1.247224e+00 5.442900e-16 3 
   26.397700 1.252149e+00 5.390700e-16 3 
   26.576409 1.322110e+00 5.615600e-16 3 
   26.755222 1.315670e+00 5.513800e-16 3 
   26.934131 1.313979e+00 5.433800e-16 3 
   27.113141 1.358065e+00 5.542200e-16 3 
   27.292250 1.368767e+00 5.512800e-16 3 
   27.471459 1.358451e+00 5.400100e-16 3 
   27.650781 1.366993e+00 5.363800e-16 3 
   27.830191 1.418532e+00 5.494500e-16 3 
   28.009700 1.482028e+00 5.667100e-16 3 
   28.189319 1.519903e+00 5.738100e-16 3 
   28.369041 1.521828e+00 5.672800e-16 3 
   28.548850 1.526428e+00 5.618500e-16 3 
   28.728769 1.552194e+00 5.642000e-16 3 
   28.908791 1.607866e+00 5.771800e-16 3 
   29.088922 1.625314e+00 5.762400e-16 3 
   29.269150 1.692920e+00 5.928400e-16 3 
   29.449472 1.603700e+00 5.547400e-16 3 
   29.629909 1.741172e+00 5.949800e-16 3 
   29.810441 1.676965e+00 5.661200e-16 3 
   29.991078 1.750239e+00 5.837600e-16 3 
   30.171819 1.742358e+00 5.741900e-16 3 
   30.352659 1.896371e+00 6.175200e-16 3 
   30.533609 1.847075e+00 5.943600e-16 3 
   30.714659 1.880491e+00 5.980000e-16 3 
   30.895809 1.899875e+00 5.971000e-16 3 
   31.077069 1.951238e+00 6.061100e-16 3 
   31.258441 1.942944e+00 5.965500e-16 3 
   31.439909 1.941483e+00 5.892400e-16 3 
   31.621481 2.016635e+00 6.050400e-16 3 
   31.803150 2.105145e+00 6.244000e-16 3 
   31.984941 2.090882e+00 6.131400e-16 3 
   32.166822 2.141045e+00 6.207700e-16 3 
   32.348819 2.243441e+00 6.431600e-16 3 
   32.530909 2.146645e+00 6.085400e-16 3 
   32.713119 2.275920e+00 6.380200e-16 3 
   32.895431 2.265973e+00 6.282100e-16 3 
   33.077838 2.311925e+00 6.339000e-16 3 
   33.260359 2.408604e+00 6.531800e-16 3 
   33.442991 2.409479e+00 6.463000e-16 3 
   33.625728 2.655123e+00 7.044700e-16 3 
   33.808572 2.545733e+00 6.681600e-16 3 
   33.991519 2.784301e+00 7.229300e-16 3 
   34.174569 2.933106e+00 7.534300e-16 3 
   34.357731 3.116162e+00 7.919400e-16 3 
   34.541013 2.753871e+00 6.924600e-16 3 
   34.724381 2.817151e+00 7.009100e-16 3 
   34.907872 3.223415e+00 7.935800e-16 3 
