# NGC 5033  
# 
# An Atlas of Galaxy Spectral Energy Distributions from the Ultraviolet to the Mid-Infrared
# Brown et al. (2014)
# http://dx.doi.org/10.5072/03/529D3551F0117
# http://dx.doi.org/10.17909/t9-5bxk-dh29
# 
# The Spectral Energy Distributions of Active Galactic Nuclei
# Brown et al. (2019)
# http://dx.doi.org/10.17909/t9-3dbt-8734
# 
# Column 1: Observed wavelength (um)
# Column 2: f_nu (Jy)
# Column 3: f_lam (erg/s/cm2/A)
# Column 4: Source (0 = model, 1 = Optical Spectrun, 2 = Akari, 3 = Spitzer IRS)
# 
    0.010233 4.504809e-12 1.290600e-20 0 
    0.010423 6.062415e-12 1.674100e-20 0 
    0.010641 8.368140e-12 2.217100e-20 0 
    0.010839 1.168534e-11 2.983900e-20 0 
    0.011041 1.835179e-11 4.516300e-20 0 
    0.011429 3.116599e-11 7.157900e-20 0 
    0.011830 4.961655e-11 1.063600e-19 0 
    0.012134 2.136365e-10 4.353000e-19 0 
    0.012531 3.116285e-10 5.953700e-19 0 
    0.012735 3.636351e-10 6.726500e-19 0 
    0.012823 3.986972e-10 7.274200e-19 0 
    0.013152 4.939131e-10 8.566200e-19 0 
    0.013243 6.062200e-10 1.037000e-18 0 
    0.013428 6.881877e-10 1.145000e-18 0 
    0.013740 9.696759e-10 1.540900e-18 0 
    0.014028 1.165884e-09 1.777400e-18 0 
    0.014355 3.603065e-09 5.245500e-18 0 
    0.014757 1.027217e-08 1.415100e-17 0 
    0.015136 1.237896e-08 1.621000e-17 0 
    0.015560 1.512484e-08 1.874100e-17 0 
    0.015959 1.847859e-08 2.176600e-17 0 
    0.016255 2.116619e-08 2.403200e-17 0 
    0.016634 2.568421e-08 2.784800e-17 0 
    0.017061 3.038560e-08 3.131700e-17 0 
    0.017338 3.448755e-08 3.441800e-17 0 
    0.017742 4.042701e-08 3.852900e-17 0 
    0.018072 4.546559e-08 4.176300e-17 0 
    0.018239 4.882800e-08 4.403400e-17 0 
    0.018664 5.671171e-08 4.884100e-17 0 
    0.019143 6.740441e-08 5.518100e-17 0 
    0.019454 7.545445e-08 5.981200e-17 0 
    0.019861 8.583567e-08 6.528100e-17 0 
    0.020277 9.810064e-08 7.157900e-17 0 
    0.020559 1.078125e-07 7.652200e-17 0 
    0.021038 1.193095e-07 8.087000e-17 0 
    0.021677 1.491642e-07 9.523300e-17 0 
    0.022080 1.677578e-07 1.032300e-16 0 
    0.022387 1.801567e-07 1.078400e-16 0 
    0.022751 2.016773e-07 1.168900e-16 0 
    0.023067 3.278362e-07 1.848400e-16 0 
    0.023442 5.803009e-07 3.168000e-16 0 
    0.024044 8.103615e-07 4.205200e-16 0 
    0.024660 8.349427e-07 4.119000e-16 0 
    0.025293 9.787318e-07 4.589700e-16 0 
    0.025763 8.682724e-07 3.924500e-16 0 
    0.026062 1.063354e-06 4.696600e-16 0 
    0.026485 1.184851e-06 5.067400e-16 0 
    0.026977 1.263728e-06 5.209400e-16 0 
    0.027479 1.341729e-06 5.330700e-16 0 
    0.027990 1.424529e-06 5.454900e-16 0 
    0.028510 1.515855e-06 5.594800e-16 0 
    0.029107 1.547612e-06 5.480100e-16 0 
    0.029717 1.677537e-06 5.698800e-16 0 
    0.030200 1.740537e-06 5.725200e-16 0 
    0.030903 1.904006e-06 5.981200e-16 0 
    0.031915 2.156035e-06 6.350200e-16 0 
    0.032885 2.364063e-06 6.558200e-16 0 
    0.033884 2.556569e-06 6.680200e-16 0 
    0.034914 2.758447e-06 6.788700e-16 0 
    0.035810 2.955788e-06 6.914900e-16 0 
    0.036728 3.203746e-06 7.125000e-16 0 
    0.037584 3.378083e-06 7.174400e-16 0 
    0.038637 3.480753e-06 6.995000e-16 0 
    0.039628 3.851876e-06 7.358500e-16 0 
    0.040644 4.165408e-06 7.564600e-16 0 
    0.041495 4.341664e-06 7.564600e-16 0 
    0.042364 4.473610e-06 7.478000e-16 0 
    0.043152 4.620292e-06 7.443700e-16 0 
    0.044259 4.939328e-06 7.564600e-16 0 
    0.045186 5.112944e-06 7.512500e-16 0 
    0.046132 5.244074e-06 7.392400e-16 0 
    0.047098 5.465994e-06 7.392400e-16 0 
    0.048195 5.789862e-06 7.478000e-16 0 
    0.049091 5.803263e-06 7.224200e-16 0 
    0.050119 6.218243e-06 7.426500e-16 0 
    0.050699 6.146998e-06 7.174400e-16 0 
    0.051404 6.802344e-06 7.723000e-16 0 
    0.052119 6.928787e-06 7.652200e-16 0 
    0.053211 7.057763e-06 7.478000e-16 0 
    0.054200 6.993052e-06 7.141500e-16 0 
    0.055208 7.156016e-06 7.043500e-16 0 
    0.056105 7.685492e-06 7.324700e-16 0 
    0.057148 8.216118e-06 7.547200e-16 0 
    0.058210 8.330278e-06 7.375400e-16 0 
    0.059156 8.643015e-06 7.409500e-16 0 
    0.060117 8.407373e-06 6.978900e-16 0 
    0.061235 7.720809e-06 6.177100e-16 0 
    0.062230 9.368399e-06 7.257500e-16 0 
    0.063241 9.433307e-06 7.076000e-16 0 
    0.064121 9.877886e-06 7.207500e-16 0 
    0.065163 1.001541e-05 7.076000e-16 0 
    0.065917 9.923372e-06 6.851500e-16 0 
    0.066681 1.051163e-05 7.092300e-16 0 
    0.067764 1.090590e-05 7.125000e-16 0 
    0.068707 1.048740e-05 6.664800e-16 0 
    0.069663 1.142008e-05 7.059700e-16 0 
    0.070632 1.080608e-05 6.498100e-16 0 
    0.071779 1.209656e-05 7.043500e-16 0 
    0.072778 1.237842e-05 7.011100e-16 0 
    0.073790 1.269584e-05 6.995000e-16 0 
    0.074645 1.284299e-05 6.914900e-16 0 
    0.075683 1.314194e-05 6.883100e-16 0 
    0.076736 1.232150e-05 6.277500e-16 0 
    0.077804 1.388886e-05 6.883100e-16 0 
    0.078705 1.373006e-05 6.649500e-16 0 
    0.079799 1.447631e-05 6.820000e-16 0 
    0.080724 1.495093e-05 6.883100e-16 0 
    0.081658 1.526379e-05 6.867300e-16 0 
    0.082794 1.594643e-05 6.978900e-16 0 
    0.083753 1.417971e-05 6.064400e-16 0 
    0.084723 1.643113e-05 6.867300e-16 0 
    0.085704 1.665984e-05 6.804400e-16 0 
    0.086696 1.740451e-05 6.946800e-16 0 
    0.087700 1.809940e-05 7.059700e-16 0 
    0.088716 1.886566e-05 7.191000e-16 0 
    0.089743 1.948350e-05 7.257500e-16 0 
    0.090782 1.952848e-05 7.108700e-16 0 
    0.091833 2.509947e-05 8.928700e-16 0 
    0.092683 1.093124e-04 3.817600e-15 0 
    0.093756 2.289111e-04 7.812500e-15 0 
    0.094842 4.371872e-04 1.458100e-14 0 
    0.095719 6.526183e-04 2.136900e-14 0 
    0.096828 6.833920e-04 2.186700e-14 0 
    0.097724 1.139376e-04 3.579200e-15 0 
    0.098855 5.031112e-04 1.544500e-14 0 
    0.099770 6.133024e-04 1.848400e-14 0 
    0.100693 1.036721e-03 3.067500e-14 0 
    0.101859 1.068236e-03 3.088800e-14 0 
    0.102802 4.939248e-04 1.402100e-14 0 
    0.103753 7.025393e-04 1.957900e-14 0 
    0.104713 1.547647e-03 4.234400e-14 0 
    0.105925 1.558361e-03 4.166700e-14 0 
    0.106905 1.147249e-03 3.011500e-14 0 
    0.107895 1.467817e-03 3.782600e-14 0 
    0.108893 1.083081e-03 2.740200e-14 0 
    0.109901 1.639338e-03 4.071800e-14 0 
    0.110918 1.598339e-03 3.897500e-14 0 
    0.111944 1.515889e-03 3.629000e-14 0 
    0.112720 1.344824e-03 3.175300e-14 0 
    0.113763 1.912787e-03 4.433900e-14 0 
    0.114815 1.736441e-03 3.951700e-14 0 
    0.115878 1.939409e-03 4.333000e-14 0 
    0.116950 2.030806e-03 4.454400e-14 0 
    0.117761 1.302173e-03 2.817000e-14 0 
    0.118850 2.035459e-03 4.323000e-14 0 
    0.119950 1.257943e-03 2.622900e-14 0 
    0.120781 8.234956e-04 1.693500e-14 0 
    0.121899 7.009163e-04 1.415100e-14 0 
    0.122744 1.481398e-03 2.949800e-14 0 
    0.123880 2.469826e-03 4.828200e-14 0 
    0.124738 2.771159e-03 5.343000e-14 0 
    0.125893 2.622225e-03 4.963500e-14 0 
    0.126765 2.196147e-03 4.100000e-14 0 
    0.127938 3.116492e-03 5.712000e-14 0 
    0.128825 3.362547e-03 6.078400e-14 0 
    0.130017 2.447197e-03 4.343000e-14 0 
    0.130918 2.441525e-03 4.273500e-14 0 
    0.131826 3.378070e-03 5.831600e-14 0 
    0.132739 3.240898e-03 5.518100e-14 0 
    0.133968 2.758460e-03 4.610900e-14 0 
    0.134896 3.627982e-03 5.981200e-14 0 
    0.135831 3.545364e-03 5.764800e-14 0 
    0.136773 3.080832e-03 4.940700e-14 0 
    0.138038 3.378043e-03 5.318500e-14 0 
    0.138995 3.456729e-03 5.367700e-14 0 
    0.139959 2.996848e-03 4.589700e-14 0 
    0.140929 3.159883e-03 4.773000e-14 0 
    0.141906 3.255868e-03 4.850500e-14 0 
    0.142889 3.472637e-03 5.102500e-14 0 
    0.143880 3.472669e-03 5.032500e-14 0 
    0.144544 3.764146e-03 5.404900e-14 0 
    0.145211 3.896384e-03 5.543500e-14 0 
    0.145881 3.772814e-03 5.318500e-14 0 
    0.146893 3.440901e-03 4.784000e-14 0 
    0.147911 3.512897e-03 4.817100e-14 0 
    0.148936 3.686933e-03 4.986400e-14 0 
    0.149969 3.834139e-03 5.114300e-14 0 
    0.151008 3.611301e-03 4.751000e-14 0 
    0.151705 3.130880e-03 4.081200e-14 0 
    0.152055 3.456780e-03 4.485300e-14 0 
    0.153109 3.347101e-03 4.283400e-14 0 
    0.153815 2.822683e-03 3.579200e-14 0 
    0.154882 3.278419e-03 4.100000e-14 0 
    0.155955 3.123670e-03 3.852900e-14 0 
    0.157036 3.211183e-03 3.906500e-14 0 
    0.158125 3.504826e-03 4.205200e-14 0 
    0.158855 3.798948e-03 4.516300e-14 0 
    0.159956 3.923431e-03 4.600300e-14 0 
    0.161065 3.923459e-03 4.537200e-14 0 
    0.161808 4.005558e-03 4.589700e-14 0 
    0.162930 3.772832e-03 4.263700e-14 0 
    0.164059 4.155910e-03 4.632200e-14 0 
    0.164816 4.262534e-03 4.707500e-14 0 
    0.165959 3.941591e-03 4.293300e-14 0 
    0.167109 4.432695e-03 4.762000e-14 0 
    0.167880 3.842941e-03 4.090600e-14 0 
    0.168267 4.515105e-03 4.784000e-14 0 
    0.169044 4.860280e-03 5.102500e-14 0 
    0.169824 4.546368e-03 4.729200e-14 0 
    0.171002 4.392101e-03 4.506000e-14 0 
    0.172187 4.136836e-03 4.185900e-14 0 
    0.172982 4.155973e-03 4.166700e-14 0 
    0.174181 4.577956e-03 4.526800e-14 0 
    0.174985 4.504676e-03 4.413500e-14 0 
    0.176198 4.973527e-03 4.806000e-14 0 
    0.177011 4.504730e-03 4.313100e-14 0 
    0.177828 4.662992e-03 4.423700e-14 0 
    0.179061 4.849184e-03 4.537200e-14 0 
    0.179887 5.329259e-03 4.940700e-14 0 
    0.181134 5.378575e-03 4.918000e-14 0 
    0.181970 4.894003e-03 4.433900e-14 0 
    0.183231 5.112812e-03 4.568600e-14 0 
    0.184077 4.916618e-03 4.353000e-14 0 
    0.184927 4.484041e-03 3.933600e-14 0 
    0.186209 4.535910e-03 3.924500e-14 0 
    0.187068 4.760643e-03 4.081200e-14 0 
    0.187932 5.353922e-03 4.547700e-14 0 
    0.189234 4.916645e-03 4.119000e-14 0 
    0.190108 4.749657e-03 3.942600e-14 0 
    0.190985 5.148363e-03 4.234400e-14 0 
    0.191867 4.939316e-03 4.025200e-14 0 
    0.193197 4.927906e-03 3.960800e-14 0 
    0.194089 5.160236e-03 4.109500e-14 0 
    0.194984 5.453411e-03 4.303200e-14 0 
    0.195884 5.112875e-03 3.997500e-14 0 
    0.197242 5.816598e-03 4.485300e-14 0 
    0.198153 6.048713e-03 4.621500e-14 0 
    0.199067 5.736766e-03 4.343000e-14 0 
    0.199986 5.606148e-03 4.205200e-14 0 
    0.200909 5.883922e-03 4.373100e-14 0 
    0.202302 5.684226e-03 4.166700e-14 0 
    0.203236 6.090679e-03 4.423700e-14 0 
    0.204174 5.763230e-03 4.147500e-14 0 
    0.205116 6.118754e-03 4.363000e-14 0 
    0.206063 5.830026e-03 4.119000e-14 0 
    0.207014 5.897391e-03 4.128400e-14 0 
    0.207970 6.496378e-03 4.506000e-14 0 
    0.208449 6.261287e-03 4.323000e-14 0 
    0.208930 6.647579e-03 4.568600e-14 0 
    0.209894 6.290243e-03 4.283400e-14 0 
    0.211349 6.407235e-03 4.303200e-14 0 
    0.212324 6.571528e-03 4.373100e-14 0 
    0.213304 6.709072e-03 4.423700e-14 0 
    0.214289 6.218149e-03 4.062400e-14 0 
    0.215278 6.541389e-03 4.234400e-14 0 
    0.216272 6.897076e-03 4.423700e-14 0 
    0.217270 6.693689e-03 4.253900e-14 0 
    0.218273 6.693697e-03 4.214900e-14 0 
    0.219281 6.693796e-03 4.176300e-14 0 
    0.220293 7.090411e-03 4.383200e-14 0 
    0.221309 6.944872e-03 4.253900e-14 0 
    0.222331 6.541379e-03 3.970000e-14 0 
    0.223357 6.421961e-03 3.861800e-14 0 
    0.224388 7.074003e-03 4.214900e-14 0 
    0.224905 6.771110e-03 4.015900e-14 0 
    0.225944 6.392397e-03 3.756500e-14 0 
    0.226986 6.632339e-03 3.861800e-14 0 
    0.228034 6.928935e-03 3.997500e-14 0 
    0.229087 7.322654e-03 4.185900e-14 0 
    0.230144 6.865310e-03 3.888500e-14 0 
    0.231207 7.024386e-03 3.942100e-14 0 
    0.232274 6.615318e-03 3.678500e-14 0 
    0.233346 5.017600e-03 2.764500e-14 0 
    0.234423 6.073532e-03 3.315600e-14 0 
    0.234963 5.853479e-03 3.180800e-14 0 
    0.236048 6.612319e-03 3.560200e-14 0 
    0.237137 5.933433e-03 3.165400e-14 0 
    0.238232 6.240913e-03 3.298900e-14 0 
    0.239332 5.717289e-03 2.994400e-14 0 
    0.240436 6.253636e-03 3.245300e-14 0 
    0.240991 6.013257e-03 3.106200e-14 0 
    0.242103 6.295715e-03 3.222300e-14 0 
    0.243220 6.982178e-03 3.540900e-14 0 
    0.244343 6.791074e-03 3.412400e-14 0 
    0.245471 7.376942e-03 3.672800e-14 0 
    0.246037 7.359548e-03 3.647300e-14 0 
    0.247172 7.240860e-03 3.555600e-14 0 
    0.248313 6.994019e-03 3.402900e-14 0 
    0.249460 7.025385e-03 3.386800e-14 0 
    0.250035 6.632065e-03 3.182500e-14 0 
    0.251189 7.808749e-03 3.712800e-14 0 
    0.251768 6.569864e-03 3.109400e-14 0 
    0.252348 6.768920e-03 3.188900e-14 0 
    0.253513 6.568489e-03 3.066100e-14 0 
    0.254097 6.893420e-03 3.203000e-14 0 
    0.255270 6.845132e-03 3.151400e-14 0 
    0.256448 7.912476e-03 3.609400e-14 0 
    0.257040 7.435027e-03 3.376000e-14 0 
    0.258226 8.151267e-03 3.667300e-14 0 
    0.259418 7.983077e-03 3.558700e-14 0 
    0.260016 7.818676e-03 3.469400e-14 0 
    0.261216 7.517545e-03 3.305200e-14 0 
    0.262422 7.430337e-03 3.236900e-14 0 
    0.263027 8.034937e-03 3.484200e-14 0 
    0.264241 9.055617e-03 3.890800e-14 0 
    0.265461 1.041963e-02 4.435800e-14 0 
    0.266072 1.158313e-02 4.908500e-14 0 
    0.267301 9.479010e-03 3.980000e-14 0 
    0.268534 1.029666e-02 4.283700e-14 0 
    0.269154 1.060892e-02 4.393300e-14 0 
    0.270396 9.718556e-03 3.987700e-14 0 
    0.271019 1.050917e-02 4.292300e-14 0 
    0.272270 9.473441e-03 3.833800e-14 0 
    0.273527 9.192768e-03 3.686100e-14 0 
    0.274157 1.000933e-02 3.995100e-14 0 
    0.275423 8.078859e-03 3.195000e-14 0 
    0.276058 8.616080e-03 3.391800e-14 0 
    0.277332 9.402619e-03 3.667500e-14 0 
    0.278612 1.000427e-02 3.866400e-14 0 
    0.279254 8.874703e-03 3.414100e-14 0 
    0.280543 6.824718e-03 2.601400e-14 0 
    0.281190 7.431056e-03 2.819500e-14 0 
    0.282488 9.999671e-03 3.759300e-14 0 
    0.283139 1.140118e-02 4.266500e-14 0 
    0.284446 1.113989e-02 4.130500e-14 0 
    0.285102 1.039557e-02 3.836800e-14 0 
    0.286418 9.306354e-03 3.403300e-14 0 
    0.287078 1.198818e-02 4.363900e-14 0 
    0.288403 1.302208e-02 4.696800e-14 0 
    0.289068 1.252123e-02 4.495400e-14 0 
    0.290402 1.320013e-02 4.695700e-14 0 
    0.291743 1.572197e-02 5.541500e-14 0 
    0.293765 1.477074e-02 5.134800e-14 0 
    0.295801 1.449787e-02 4.970800e-14 0 
    0.297852 1.535316e-02 5.191800e-14 0 
    0.299916 1.563474e-02 5.214500e-14 0 
    0.301995 1.618027e-02 5.322400e-14 0 
    0.304089 1.670627e-02 5.420000e-14 0 
    0.306196 1.713047e-02 5.481400e-14 0 
    0.307610 1.789338e-02 5.673000e-14 0 
    0.309742 1.830569e-02 5.724100e-14 0 
    0.311889 1.942998e-02 5.992300e-14 0 
    0.314051 1.907072e-02 5.800800e-14 0 
    0.316228 1.937536e-02 5.812600e-14 0 
    0.317687 2.023850e-02 6.015900e-14 0 
    0.319890 1.862365e-02 5.459900e-14 0 
    0.322107 2.032105e-02 5.875800e-14 0 
    0.323594 1.831781e-02 5.248000e-14 0 
    0.325837 2.222062e-02 6.278800e-14 0 
    0.328095 2.469658e-02 6.882700e-14 0 
    0.329610 2.446599e-02 6.755900e-14 0 
    0.331894 2.434689e-02 6.630800e-14 0 
    0.333426 2.456773e-02 6.629600e-14 0 
    0.334195 2.531184e-02 6.799000e-14 0 
    0.334966 2.367467e-02 6.330000e-14 0 
    0.335738 2.736842e-02 7.284000e-14 0 
    0.336512 2.631517e-02 6.971500e-14 0 
    0.337287 2.066155e-02 5.448600e-14 0 
    0.338065 2.350331e-02 6.169500e-14 0 
    0.338844 2.612659e-02 6.826600e-14 0 
    0.339625 2.606416e-02 6.779000e-14 0 
    0.340408 2.612190e-02 6.762800e-14 0 
    0.341193 3.005814e-02 7.746100e-14 0 
    0.341979 2.599713e-02 6.668800e-14 0 
    0.342768 2.482483e-02 6.338800e-14 0 
    0.343558 2.772299e-02 7.046300e-14 0 
    0.344350 3.067625e-02 7.761100e-14 0 
    0.345144 2.696261e-02 6.790200e-14 0 
    0.345939 2.574662e-02 6.454200e-14 0 
    0.346737 2.739562e-02 6.836000e-14 0 
    0.347536 2.544700e-02 6.320600e-14 0 
    0.348337 2.928145e-02 7.239600e-14 0 
    0.349140 2.676409e-02 6.586800e-14 0 
    0.349945 2.874171e-02 7.041000e-14 0 
    0.350752 2.682070e-02 6.540200e-14 0 
    0.351560 3.072063e-02 7.456800e-14 0 
    0.352371 2.820912e-02 6.815700e-14 0 
    0.353183 3.179411e-02 7.646600e-14 0 
    0.353997 2.566261e-02 6.143600e-14 0 
    0.354813 3.099257e-02 7.385500e-14 0 
    0.355631 3.193116e-02 7.574200e-14 0 
    0.356451 3.259698e-02 7.696600e-14 0 
    0.357273 3.112684e-02 7.315700e-14 0 
    0.358096 2.723279e-02 6.371100e-14 0 
    0.358922 2.838229e-02 6.609500e-14 0 
    0.359749 2.426656e-02 5.625100e-14 0 
    0.360579 3.019693e-02 6.967600e-14 0 
    0.361410 3.450819e-02 7.925800e-14 0 
    0.362243 2.798179e-02 6.397300e-14 0 
    0.363078 3.032736e-02 6.901700e-14 0 
    0.363915 3.671030e-02 8.315900e-14 0 
    0.364473 2.486820e-02 5.616100e-14 1 
    0.364748 2.752665e-02 6.207100e-14 1 
    0.365023 2.006266e-02 4.517200e-14 1 
    0.365298 2.319455e-02 5.214500e-14 1 
    0.365573 2.574333e-02 5.778800e-14 1 
    0.365848 2.912283e-02 6.527600e-14 1 
    0.366123 3.339221e-02 7.473300e-14 1 
    0.366398 3.200774e-02 7.152700e-14 1 
    0.366673 3.268457e-02 7.293000e-14 1 
    0.366948 3.561649e-02 7.935300e-14 1 
    0.367223 3.936981e-02 8.758400e-14 1 
    0.367498 3.345757e-02 7.432000e-14 1 
    0.367773 3.438728e-02 7.627100e-14 1 
    0.368048 3.697950e-02 8.189800e-14 1 
    0.368323 3.597345e-02 7.955100e-14 1 
    0.368598 3.799767e-02 8.390200e-14 1 
    0.368873 3.155945e-02 6.958200e-14 1 
    0.369148 2.915002e-02 6.417400e-14 1 
    0.369423 2.779052e-02 6.109000e-14 1 
    0.369698 3.666168e-02 8.047100e-14 1 
    0.369973 3.717159e-02 8.146900e-14 1 
    0.370248 3.502394e-02 7.664800e-14 1 
    0.370523 3.194263e-02 6.980100e-14 1 
    0.370798 3.738247e-02 8.156700e-14 1 
    0.371073 3.798689e-02 8.276300e-14 1 
    0.371348 3.222661e-02 7.010900e-14 1 
    0.371623 3.485322e-02 7.571100e-14 1 
    0.371898 3.148261e-02 6.828800e-14 1 
    0.372173 3.182653e-02 6.893200e-14 1 
    0.372448 3.663345e-02 7.922600e-14 1 
    0.372723 4.774301e-02 1.031000e-13 1 
    0.372998 4.177489e-02 9.007900e-14 1 
    0.373273 4.648140e-02 1.000800e-13 1 
    0.373548 5.093141e-02 1.095000e-13 1 
    0.373823 4.589041e-02 9.851700e-14 1 
    0.374098 4.822653e-02 1.033800e-13 1 
    0.374373 3.901405e-02 8.350900e-14 1 
    0.374648 3.184139e-02 6.805600e-14 1 
    0.374923 3.089715e-02 6.594100e-14 1 
    0.375198 3.246050e-02 6.917600e-14 1 
    0.375473 2.977450e-02 6.335900e-14 1 
    0.375748 3.214771e-02 6.830900e-14 1 
    0.376023 3.219714e-02 6.831400e-14 1 
    0.376298 3.590556e-02 7.607100e-14 1 
    0.376573 3.361918e-02 7.112300e-14 1 
    0.376848 4.056026e-02 8.568200e-14 1 
    0.377123 3.263089e-02 6.883100e-14 1 
    0.377398 4.137807e-02 8.715500e-14 1 
    0.377673 4.044469e-02 8.506500e-14 1 
    0.377948 4.118403e-02 8.649400e-14 1 
    0.378223 3.701248e-02 7.762000e-14 1 
    0.378498 4.113493e-02 8.614000e-14 1 
    0.378773 4.758579e-02 9.950400e-14 1 
    0.379048 4.428137e-02 9.246000e-14 1 
    0.379323 4.832649e-02 1.007600e-13 1 
    0.379598 4.546090e-02 9.464800e-14 1 
    0.379873 4.383507e-02 9.113100e-14 1 
    0.380148 4.242935e-02 8.808100e-14 1 
    0.380423 4.094128e-02 8.486900e-14 1 
    0.380698 3.996471e-02 8.272500e-14 1 
    0.380973 4.046370e-02 8.363700e-14 1 
    0.381248 4.359532e-02 8.998000e-14 1 
    0.381523 4.516041e-02 9.307600e-14 1 
    0.381798 4.778768e-02 9.834900e-14 1 
    0.382073 4.590285e-02 9.433400e-14 1 
    0.382348 4.671599e-02 9.586700e-14 1 
    0.382623 4.178705e-02 8.562900e-14 1 
    0.382898 4.499146e-02 9.206300e-14 1 
    0.383173 3.985031e-02 8.142600e-14 1 
    0.383448 3.928656e-02 8.015900e-14 1 
    0.383723 3.682359e-02 7.502600e-14 1 
    0.383998 3.177594e-02 6.464900e-14 1 
    0.384273 3.544076e-02 7.200200e-14 1 
    0.384548 3.435679e-02 6.970000e-14 1 
    0.384823 3.133410e-02 6.347700e-14 1 
    0.385098 3.362664e-02 6.802400e-14 1 
    0.385373 4.371164e-02 8.829900e-14 1 
    0.385648 4.048476e-02 8.166400e-14 1 
    0.385923 4.441040e-02 8.945500e-14 1 
    0.386198 4.539048e-02 9.129900e-14 1 
    0.386473 4.513502e-02 9.065600e-14 1 
    0.386748 4.394285e-02 8.813600e-14 1 
    0.387023 4.332933e-02 8.678200e-14 1 
    0.387298 4.553842e-02 9.107700e-14 1 
    0.387573 4.705517e-02 9.397700e-14 1 
    0.387848 4.769610e-02 9.512200e-14 1 
    0.388123 4.899096e-02 9.756600e-14 1 
    0.388398 4.272157e-02 8.496000e-14 1 
    0.388673 4.480437e-02 8.897600e-14 1 
    0.388948 3.982662e-02 7.897900e-14 1 
    0.389223 4.019453e-02 7.959600e-14 1 
    0.389498 4.485672e-02 8.870300e-14 1 
    0.389773 4.020085e-02 7.938400e-14 1 
    0.390048 4.253104e-02 8.386700e-14 1 
    0.390323 4.614439e-02 9.086400e-14 1 
    0.390598 5.139975e-02 1.010700e-13 1 
    0.390873 4.374242e-02 8.589200e-14 1 
    0.391148 4.901455e-02 9.610900e-14 1 
    0.391423 5.541166e-02 1.085000e-13 1 
    0.391698 5.421610e-02 1.060100e-13 1 
    0.391973 5.324749e-02 1.039700e-13 1 
    0.392248 5.400946e-02 1.053100e-13 1 
    0.392523 5.643742e-02 1.098900e-13 1 
    0.392798 5.388330e-02 1.047700e-13 1 
    0.393073 5.007964e-02 9.723800e-14 1 
    0.393348 4.682629e-02 9.079400e-14 1 
    0.393623 4.450263e-02 8.616800e-14 1 
    0.393898 3.781298e-02 7.311300e-14 1 
    0.394173 3.280635e-02 6.334400e-14 1 
    0.394448 3.357252e-02 6.473300e-14 1 
    0.394723 3.276449e-02 6.308700e-14 1 
    0.394998 3.960550e-02 7.615300e-14 1 
    0.395273 4.265998e-02 8.191200e-14 1 
    0.395548 4.894378e-02 9.384700e-14 1 
    0.395823 4.753545e-02 9.102000e-14 1 
    0.396098 5.203377e-02 9.949500e-14 1 
    0.396373 4.956241e-02 9.463800e-14 1 
    0.396648 4.931183e-02 9.402900e-14 1 
    0.396923 4.743766e-02 9.033000e-14 1 
    0.397198 4.198423e-02 7.983500e-14 1 
    0.397473 4.113713e-02 7.811600e-14 1 
    0.397748 3.579617e-02 6.788000e-14 1 
    0.398023 3.631726e-02 6.877300e-14 1 
    0.398298 3.901412e-02 7.377800e-14 1 
    0.398573 4.593556e-02 8.674700e-14 1 
    0.398848 5.054864e-02 9.532700e-14 1 
    0.399123 5.570692e-02 1.049100e-13 1 
    0.399398 5.803293e-02 1.091400e-13 1 
    0.399673 5.953987e-02 1.118200e-13 1 
    0.399948 6.219183e-02 1.166400e-13 1 
    0.400223 6.423156e-02 1.203000e-13 1 
    0.400498 6.543730e-02 1.223900e-13 1 
    0.400773 6.651232e-02 1.242300e-13 1 
    0.401048 6.459851e-02 1.204900e-13 1 
    0.401323 6.511124e-02 1.212800e-13 1 
    0.401598 6.611981e-02 1.229900e-13 1 
    0.401873 6.650110e-02 1.235300e-13 1 
    0.402148 6.842501e-02 1.269300e-13 1 
    0.402423 6.981958e-02 1.293400e-13 1 
    0.402698 6.966097e-02 1.288700e-13 1 
    0.402973 7.222984e-02 1.334400e-13 1 
    0.403248 7.152084e-02 1.319500e-13 1 
    0.403523 7.168898e-02 1.320800e-13 1 
    0.403798 7.414555e-02 1.364200e-13 1 
    0.404073 7.039329e-02 1.293400e-13 1 
    0.404348 6.956811e-02 1.276500e-13 1 
    0.404623 7.086337e-02 1.298500e-13 1 
    0.404898 7.075207e-02 1.294700e-13 1 
    0.405173 7.049799e-02 1.288300e-13 1 
    0.405448 6.946492e-02 1.267700e-13 1 
    0.405723 6.958662e-02 1.268200e-13 1 
    0.405998 6.952714e-02 1.265400e-13 1 
    0.406273 7.225128e-02 1.313200e-13 1 
    0.406548 7.258052e-02 1.317400e-13 1 
    0.406823 7.156435e-02 1.297200e-13 1 
    0.407098 6.833550e-02 1.237000e-13 1 
    0.407373 6.734916e-02 1.217500e-13 1 
    0.407648 6.884708e-02 1.242900e-13 1 
    0.407923 7.237342e-02 1.304800e-13 1 
    0.408198 7.025491e-02 1.264900e-13 1 
    0.408473 6.715720e-02 1.207500e-13 1 
    0.408748 6.772660e-02 1.216100e-13 1 
    0.409023 6.941269e-02 1.244700e-13 1 
    0.409298 7.091327e-02 1.269900e-13 1 
    0.409573 7.158454e-02 1.280200e-13 1 
    0.409848 7.281733e-02 1.300500e-13 1 
    0.410123 7.297114e-02 1.301500e-13 1 
    0.410398 7.123319e-02 1.268800e-13 1 
    0.410673 6.777574e-02 1.205600e-13 1 
    0.410948 6.611020e-02 1.174400e-13 1 
    0.411223 6.569140e-02 1.165400e-13 1 
    0.411498 6.614053e-02 1.171800e-13 1 
    0.411773 6.816757e-02 1.206100e-13 1 
    0.412048 6.989989e-02 1.235100e-13 1 
    0.412323 6.942651e-02 1.225100e-13 1 
    0.412598 7.030225e-02 1.238900e-13 1 
    0.412873 7.450418e-02 1.311200e-13 1 
    0.413148 7.464898e-02 1.312000e-13 1 
    0.413423 7.270876e-02 1.276200e-13 1 
    0.413698 7.499620e-02 1.314600e-13 1 
    0.413973 7.602135e-02 1.330800e-13 1 
    0.414248 7.615671e-02 1.331400e-13 1 
    0.414523 7.547890e-02 1.317800e-13 1 
    0.414798 7.688097e-02 1.340500e-13 1 
    0.415073 7.699443e-02 1.340700e-13 1 
    0.415348 7.377272e-02 1.282900e-13 1 
    0.415623 7.103170e-02 1.233600e-13 1 
    0.415898 7.230771e-02 1.254100e-13 1 
    0.416173 7.360421e-02 1.274900e-13 1 
    0.416448 7.393275e-02 1.278900e-13 1 
    0.416723 7.592909e-02 1.311700e-13 1 
    0.416998 7.659157e-02 1.321400e-13 1 
    0.417273 7.693639e-02 1.325600e-13 1 
    0.417548 7.656128e-02 1.317400e-13 1 
    0.417823 7.588240e-02 1.304000e-13 1 
    0.418098 7.309801e-02 1.254500e-13 1 
    0.418373 7.055700e-02 1.209300e-13 1 
    0.418648 7.174228e-02 1.228000e-13 1 
    0.418923 7.201791e-02 1.231100e-13 1 
    0.419198 7.408063e-02 1.264700e-13 1 
    0.419473 7.510456e-02 1.280500e-13 1 
    0.419748 7.478610e-02 1.273400e-13 1 
    0.420023 7.671888e-02 1.304600e-13 1 
    0.420298 7.709613e-02 1.309300e-13 1 
    0.420573 7.743289e-02 1.313300e-13 1 
    0.420848 7.710911e-02 1.306100e-13 1 
    0.421123 7.671927e-02 1.297800e-13 1 
    0.421398 7.624533e-02 1.288100e-13 1 
    0.421673 7.600112e-02 1.282300e-13 1 
    0.421948 7.726941e-02 1.302000e-13 1 
    0.422223 7.917071e-02 1.332300e-13 1 
    0.422498 7.986889e-02 1.342300e-13 1 
    0.422773 8.133725e-02 1.365200e-13 1 
    0.423048 7.956392e-02 1.333700e-13 1 
    0.423323 7.953001e-02 1.331400e-13 1 
    0.423598 7.593103e-02 1.269500e-13 1 
    0.423873 7.485581e-02 1.249900e-13 1 
    0.424148 7.577452e-02 1.263600e-13 1 
    0.424423 7.880902e-02 1.312500e-13 1 
    0.424698 8.040822e-02 1.337400e-13 1 
    0.424973 7.866423e-02 1.306700e-13 1 
    0.425248 8.331711e-02 1.382200e-13 1 
    0.425523 8.136674e-02 1.348100e-13 1 
    0.425798 8.055938e-02 1.333000e-13 1 
    0.426073 8.099630e-02 1.338500e-13 1 
    0.426348 8.093122e-02 1.335700e-13 1 
    0.426623 7.653402e-02 1.261500e-13 1 
    0.426898 7.765935e-02 1.278400e-13 1 
    0.427173 7.866574e-02 1.293300e-13 1 
    0.427448 8.346883e-02 1.370500e-13 1 
    0.427723 8.348480e-02 1.369000e-13 1 
    0.427998 8.289609e-02 1.357600e-13 1 
    0.428273 8.100339e-02 1.324900e-13 1 
    0.428548 8.006676e-02 1.307900e-13 1 
    0.428823 7.892523e-02 1.287600e-13 1 
    0.429098 8.016193e-02 1.306100e-13 1 
    0.429373 8.227424e-02 1.338800e-13 1 
    0.429648 7.498962e-02 1.218700e-13 1 
    0.429923 7.724820e-02 1.253800e-13 1 
    0.430198 7.906821e-02 1.281700e-13 1 
    0.430473 7.605617e-02 1.231300e-13 1 
    0.430748 7.589362e-02 1.227100e-13 1 
    0.431023 7.136460e-02 1.152400e-13 1 
    0.431298 6.950251e-02 1.120900e-13 1 
    0.431573 6.829980e-02 1.100100e-13 1 
    0.431848 6.900851e-02 1.110100e-13 1 
    0.432123 6.823747e-02 1.096300e-13 1 
    0.432398 7.349713e-02 1.179300e-13 1 
    0.432673 8.334408e-02 1.335600e-13 1 
    0.432948 8.782999e-02 1.405700e-13 1 
    0.433223 8.536410e-02 1.364500e-13 1 
    0.433498 8.482105e-02 1.354100e-13 1 
    0.433773 8.428897e-02 1.343900e-13 1 
    0.434048 8.527507e-02 1.357900e-13 1 
    0.434323 8.677907e-02 1.380100e-13 1 
    0.434598 9.003062e-02 1.430000e-13 1 
    0.434873 8.532847e-02 1.353600e-13 1 
    0.435148 8.798639e-02 1.394000e-13 1 
    0.435423 8.507679e-02 1.346200e-13 1 
    0.435698 8.703199e-02 1.375400e-13 1 
    0.435973 8.888422e-02 1.402900e-13 1 
    0.436248 8.667458e-02 1.366300e-13 1 
    0.436523 8.511338e-02 1.340000e-13 1 
    0.436798 9.006042e-02 1.416100e-13 1 
    0.437073 9.726117e-02 1.527400e-13 1 
    0.437348 9.765776e-02 1.531700e-13 1 
    0.437623 1.000022e-01 1.566500e-13 1 
    0.437898 9.755838e-02 1.526300e-13 1 
    0.438173 9.515301e-02 1.486800e-13 1 
    0.438448 9.286312e-02 1.449200e-13 1 
    0.438723 9.101637e-02 1.418600e-13 1 
    0.438998 8.852880e-02 1.378100e-13 1 
    0.439273 9.057578e-02 1.408200e-13 1 
    0.439548 8.477724e-02 1.316400e-13 1 
    0.439823 8.487690e-02 1.316300e-13 1 
    0.440098 8.806268e-02 1.364000e-13 1 
    0.440373 9.322137e-02 1.442100e-13 1 
    0.440648 9.537016e-02 1.473500e-13 1 
    0.440923 9.386265e-02 1.448400e-13 1 
    0.441198 9.571219e-02 1.475100e-13 1 
    0.441473 9.140736e-02 1.407000e-13 1 
    0.441748 9.463702e-02 1.454900e-13 1 
    0.442023 9.194786e-02 1.411800e-13 1 
    0.442298 9.765726e-02 1.497600e-13 1 
    0.442573 9.753063e-02 1.493800e-13 1 
    0.442848 9.771724e-02 1.494800e-13 1 
    0.443123 9.779283e-02 1.494100e-13 1 
    0.443398 9.796011e-02 1.494800e-13 1 
    0.443673 1.007456e-01 1.535400e-13 1 
    0.443948 9.596304e-02 1.460700e-13 1 
    0.444223 1.001142e-01 1.522000e-13 1 
    0.444498 9.580579e-02 1.454700e-13 1 
    0.444773 9.945882e-02 1.508300e-13 1 
    0.445048 1.031009e-01 1.561600e-13 1 
    0.445323 1.027325e-01 1.554100e-13 1 
    0.445598 1.024358e-01 1.547700e-13 1 
    0.445873 1.039606e-01 1.568800e-13 1 
    0.446148 1.024766e-01 1.544500e-13 1 
    0.446423 1.013407e-01 1.525500e-13 1 
    0.446698 9.904456e-02 1.489100e-13 1 
    0.446973 9.756161e-02 1.465000e-13 1 
    0.447248 1.023424e-01 1.534900e-13 1 
    0.447523 9.965108e-02 1.492700e-13 1 
    0.447798 9.840335e-02 1.472200e-13 1 
    0.448073 1.031152e-01 1.540800e-13 1 
    0.448348 1.065183e-01 1.589700e-13 1 
    0.448623 1.100906e-01 1.641000e-13 1 
    0.448898 1.074717e-01 1.600000e-13 1 
    0.449173 1.091569e-01 1.623100e-13 1 
    0.449448 1.114319e-01 1.654900e-13 1 
    0.449723 1.133211e-01 1.680900e-13 1 
    0.449998 1.093760e-01 1.620400e-13 1 
    0.450273 1.109290e-01 1.641400e-13 1 
    0.450548 1.095962e-01 1.619700e-13 1 
    0.450823 1.103736e-01 1.629200e-13 1 
    0.451098 1.089414e-01 1.606100e-13 1 
    0.451373 1.144258e-01 1.684900e-13 1 
    0.451648 1.196173e-01 1.759200e-13 1 
    0.451923 1.197426e-01 1.758900e-13 1 
    0.452198 1.182662e-01 1.735100e-13 1 
    0.452473 1.148000e-01 1.682200e-13 1 
    0.452748 1.167912e-01 1.709300e-13 1 
    0.453023 1.182055e-01 1.727900e-13 1 
    0.453298 1.137738e-01 1.661100e-13 1 
    0.453573 1.140764e-01 1.663500e-13 1 
    0.453848 1.103012e-01 1.606500e-13 1 
    0.454123 1.053411e-01 1.532400e-13 1 
    0.454398 1.062258e-01 1.543400e-13 1 
    0.454673 1.091935e-01 1.584600e-13 1 
    0.454948 1.106779e-01 1.604200e-13 1 
    0.455223 1.142793e-01 1.654400e-13 1 
    0.455498 1.175849e-01 1.700200e-13 1 
    0.455773 1.133923e-01 1.637600e-13 1 
    0.456048 1.105205e-01 1.594200e-13 1 
    0.456323 1.131040e-01 1.629500e-13 1 
    0.456598 1.146024e-01 1.649100e-13 1 
    0.456873 1.144274e-01 1.644600e-13 1 
    0.457148 1.158121e-01 1.662500e-13 1 
    0.457423 1.189854e-01 1.706000e-13 1 
    0.457698 1.209162e-01 1.731600e-13 1 
    0.457973 1.188173e-01 1.699500e-13 1 
    0.458248 1.204160e-01 1.720300e-13 1 
    0.458523 1.208549e-01 1.724500e-13 1 
    0.458798 1.194633e-01 1.702600e-13 1 
    0.459073 1.215805e-01 1.730700e-13 1 
    0.459348 1.172319e-01 1.666800e-13 1 
    0.459623 1.160766e-01 1.648400e-13 1 
    0.459898 1.159124e-01 1.644100e-13 1 
    0.460173 1.196510e-01 1.695100e-13 1 
    0.460448 1.175609e-01 1.663500e-13 1 
    0.460723 1.214443e-01 1.716400e-13 1 
    0.460998 1.180473e-01 1.666400e-13 1 
    0.461273 1.186917e-01 1.673500e-13 1 
    0.461548 1.195150e-01 1.683100e-13 1 
    0.461823 1.235392e-01 1.737700e-13 1 
    0.462098 1.212236e-01 1.703100e-13 1 
    0.462373 1.231352e-01 1.727900e-13 1 
    0.462648 1.267992e-01 1.777200e-13 1 
    0.462923 1.218568e-01 1.705900e-13 1 
    0.463198 1.253272e-01 1.752400e-13 1 
    0.463473 1.270227e-01 1.774000e-13 1 
    0.463748 1.275176e-01 1.778800e-13 1 
    0.464023 1.247333e-01 1.737900e-13 1 
    0.464298 1.283017e-01 1.785500e-13 1 
    0.464573 1.258350e-01 1.749100e-13 1 
    0.464848 1.259336e-01 1.748400e-13 1 
    0.465123 1.239336e-01 1.718600e-13 1 
    0.465398 1.204703e-01 1.668600e-13 1 
    0.465673 1.221596e-01 1.690000e-13 1 
    0.465948 1.198434e-01 1.656000e-13 1 
    0.466223 1.210862e-01 1.671200e-13 1 
    0.466498 1.219472e-01 1.681100e-13 1 
    0.466773 1.241391e-01 1.709300e-13 1 
    0.467048 1.248671e-01 1.717300e-13 1 
    0.467323 1.239368e-01 1.702500e-13 1 
    0.467598 1.236745e-01 1.696900e-13 1 
    0.467873 1.185663e-01 1.624900e-13 1 
    0.468148 1.179679e-01 1.614800e-13 1 
    0.468423 1.188599e-01 1.625100e-13 1 
    0.468698 1.209985e-01 1.652400e-13 1 
    0.468973 1.215585e-01 1.658100e-13 1 
    0.469248 1.239470e-01 1.688700e-13 1 
    0.469523 1.247317e-01 1.697400e-13 1 
    0.469798 1.242304e-01 1.688600e-13 1 
    0.470073 1.234920e-01 1.676600e-13 1 
    0.470348 1.234153e-01 1.673600e-13 1 
    0.470623 1.260698e-01 1.707600e-13 1 
    0.470898 1.232606e-01 1.667600e-13 1 
    0.471173 1.205112e-01 1.628500e-13 1 
    0.471448 1.220670e-01 1.647600e-13 1 
    0.471723 1.235742e-01 1.666000e-13 1 
    0.471998 1.223148e-01 1.647100e-13 1 
    0.472273 1.235503e-01 1.661800e-13 1 
    0.472548 1.212825e-01 1.629400e-13 1 
    0.472823 1.237413e-01 1.660500e-13 1 
    0.473098 1.271307e-01 1.704000e-13 1 
    0.473373 1.258893e-01 1.685400e-13 1 
    0.473648 1.241287e-01 1.659900e-13 1 
    0.473923 1.227755e-01 1.639900e-13 1 
    0.474198 1.218686e-01 1.625900e-13 1 
    0.474473 1.253344e-01 1.670200e-13 1 
    0.474748 1.238419e-01 1.648400e-13 1 
    0.475023 1.269715e-01 1.688100e-13 1 
    0.475298 1.315012e-01 1.746300e-13 1 
    0.475573 1.307261e-01 1.734000e-13 1 
    0.475848 1.336549e-01 1.770800e-13 1 
    0.476123 1.311344e-01 1.735400e-13 1 
    0.476398 1.318760e-01 1.743200e-13 1 
    0.476673 1.302030e-01 1.719100e-13 1 
    0.476948 1.315210e-01 1.734500e-13 1 
    0.477223 1.311186e-01 1.727200e-13 1 
    0.477498 1.297269e-01 1.706900e-13 1 
    0.477773 1.301655e-01 1.710700e-13 1 
    0.478048 1.272683e-01 1.670700e-13 1 
    0.478323 1.276588e-01 1.673900e-13 1 
    0.478598 1.336542e-01 1.750500e-13 1 
    0.478873 1.356959e-01 1.775200e-13 1 
    0.479148 1.349258e-01 1.763100e-13 1 
    0.479423 1.338855e-01 1.747500e-13 1 
    0.479698 1.362022e-01 1.775700e-13 1 
    0.479973 1.362202e-01 1.773900e-13 1 
    0.480248 1.358766e-01 1.767400e-13 1 
    0.480523 1.371714e-01 1.782200e-13 1 
    0.480798 1.379834e-01 1.790700e-13 1 
    0.481073 1.399387e-01 1.814000e-13 1 
    0.481348 1.404463e-01 1.818500e-13 1 
    0.481623 1.376223e-01 1.779900e-13 1 
    0.481898 1.399237e-01 1.807600e-13 1 
    0.482173 1.396262e-01 1.801700e-13 1 
    0.482448 1.403209e-01 1.808600e-13 1 
    0.482723 1.388264e-01 1.787300e-13 1 
    0.482998 1.400033e-01 1.800400e-13 1 
    0.483273 1.406455e-01 1.806600e-13 1 
    0.483548 1.417175e-01 1.818300e-13 1 
    0.483823 1.425732e-01 1.827200e-13 1 
    0.484098 1.389076e-01 1.778200e-13 1 
    0.484373 1.401290e-01 1.791800e-13 1 
    0.484648 1.385031e-01 1.769000e-13 1 
    0.484923 1.389268e-01 1.772400e-13 1 
    0.485198 1.424195e-01 1.814900e-13 1 
    0.485473 1.419761e-01 1.807200e-13 1 
    0.485748 1.399190e-01 1.779000e-13 1 
    0.486023 1.379751e-01 1.752300e-13 1 
    0.486298 1.341426e-01 1.701700e-13 1 
    0.486573 1.346968e-01 1.706800e-13 1 
    0.486848 1.358209e-01 1.719100e-13 1 
    0.487123 1.400400e-01 1.770500e-13 1 
    0.487398 1.469051e-01 1.855200e-13 1 
    0.487673 1.426395e-01 1.799300e-13 1 
    0.487948 1.385941e-01 1.746300e-13 1 
    0.488223 1.334825e-01 1.680000e-13 1 
    0.488498 1.274445e-01 1.602200e-13 1 
    0.488773 1.291807e-01 1.622200e-13 1 
    0.489048 1.316221e-01 1.651000e-13 1 
    0.489323 1.353537e-01 1.695900e-13 1 
    0.489598 1.381587e-01 1.729100e-13 1 
    0.489873 1.338264e-01 1.673000e-13 1 
    0.490148 1.365473e-01 1.705100e-13 1 
    0.490423 1.388491e-01 1.731900e-13 1 
    0.490698 1.380658e-01 1.720200e-13 1 
    0.490973 1.391929e-01 1.732300e-13 1 
    0.491248 1.431940e-01 1.780100e-13 1 
    0.491523 1.455931e-01 1.807900e-13 1 
    0.491798 1.450950e-01 1.799700e-13 1 
    0.492073 1.417221e-01 1.755900e-13 1 
    0.492348 1.402645e-01 1.735900e-13 1 
    0.492623 1.423303e-01 1.759500e-13 1 
    0.492898 1.398573e-01 1.727000e-13 1 
    0.493173 1.365921e-01 1.684800e-13 1 
    0.493448 1.363793e-01 1.680300e-13 1 
    0.493723 1.413903e-01 1.740100e-13 1 
    0.493998 1.432968e-01 1.761600e-13 1 
    0.494273 1.437495e-01 1.765200e-13 1 
    0.494548 1.433388e-01 1.758200e-13 1 
    0.494823 1.440370e-01 1.764800e-13 1 
    0.495098 1.412066e-01 1.728200e-13 1 
    0.495373 1.450690e-01 1.773500e-13 1 
    0.495648 1.471954e-01 1.797500e-13 1 
    0.495923 1.510151e-01 1.842100e-13 1 
    0.496198 1.505671e-01 1.834600e-13 1 
    0.496473 1.484828e-01 1.807200e-13 1 
    0.496748 1.510821e-01 1.836800e-13 1 
    0.497023 1.526575e-01 1.853900e-13 1 
    0.497298 1.538321e-01 1.866100e-13 1 
    0.497573 1.521537e-01 1.843700e-13 1 
    0.497848 1.450186e-01 1.755300e-13 1 
    0.498123 1.459067e-01 1.764100e-13 1 
    0.498398 1.486098e-01 1.794800e-13 1 
    0.498673 1.476465e-01 1.781200e-13 1 
    0.498948 1.499338e-01 1.806800e-13 1 
    0.499223 1.460035e-01 1.757500e-13 1 
    0.499498 1.402263e-01 1.686100e-13 1 
    0.499773 1.393317e-01 1.673500e-13 1 
    0.500048 1.389767e-01 1.667400e-13 1 
    0.500323 1.447952e-01 1.735300e-13 1 
    0.500598 1.463160e-01 1.751600e-13 1 
    0.500873 1.455570e-01 1.740600e-13 1 
    0.501148 1.483288e-01 1.771800e-13 1 
    0.501423 1.508969e-01 1.800500e-13 1 
    0.501698 1.536047e-01 1.830800e-13 1 
    0.501973 1.565197e-01 1.863500e-13 1 
    0.502248 1.563128e-01 1.859000e-13 1 
    0.502523 1.491607e-01 1.772000e-13 1 
    0.502798 1.417904e-01 1.682600e-13 1 
    0.503073 1.392797e-01 1.651000e-13 1 
    0.503348 1.408255e-01 1.667500e-13 1 
    0.503623 1.426957e-01 1.687800e-13 1 
    0.503898 1.393645e-01 1.646600e-13 1 
    0.504173 1.451427e-01 1.713000e-13 1 
    0.504448 1.489570e-01 1.756100e-13 1 
    0.504723 1.465635e-01 1.726000e-13 1 
    0.504998 1.459752e-01 1.717200e-13 1 
    0.505273 1.445683e-01 1.698800e-13 1 
    0.505548 1.415395e-01 1.661400e-13 1 
    0.505823 1.422138e-01 1.667500e-13 1 
    0.506098 1.451433e-01 1.700000e-13 1 
    0.506373 1.500874e-01 1.756000e-13 1 
    0.506648 1.504558e-01 1.758400e-13 1 
    0.506923 1.527606e-01 1.783400e-13 1 
    0.507198 1.536725e-01 1.792100e-13 1 
    0.507473 1.534614e-01 1.787700e-13 1 
    0.507748 1.527427e-01 1.777400e-13 1 
    0.508023 1.512478e-01 1.758100e-13 1 
    0.508298 1.516699e-01 1.761100e-13 1 
    0.508573 1.524462e-01 1.768200e-13 1 
    0.508848 1.495817e-01 1.733100e-13 1 
    0.509123 1.487239e-01 1.721300e-13 1 
    0.509398 1.485386e-01 1.717300e-13 1 
    0.509673 1.467335e-01 1.694600e-13 1 
    0.509948 1.488942e-01 1.717700e-13 1 
    0.510223 1.529424e-01 1.762500e-13 1 
    0.510498 1.540108e-01 1.772900e-13 1 
    0.510773 1.545768e-01 1.777500e-13 1 
    0.511048 1.537421e-01 1.766000e-13 1 
    0.511323 1.515807e-01 1.739300e-13 1 
    0.511598 1.494405e-01 1.712900e-13 1 
    0.511873 1.486143e-01 1.701600e-13 1 
    0.512148 1.506888e-01 1.723500e-13 1 
    0.512423 1.523124e-01 1.740200e-13 1 
    0.512698 1.518012e-01 1.732500e-13 1 
    0.512973 1.562708e-01 1.781600e-13 1 
    0.513248 1.544276e-01 1.758700e-13 1 
    0.513523 1.513496e-01 1.721800e-13 1 
    0.513798 1.508342e-01 1.714100e-13 1 
    0.514073 1.485820e-01 1.686700e-13 1 
    0.514348 1.462983e-01 1.659000e-13 1 
    0.514623 1.463577e-01 1.657900e-13 1 
    0.514898 1.473448e-01 1.667300e-13 1 
    0.515173 1.486435e-01 1.680200e-13 1 
    0.515448 1.491919e-01 1.684600e-13 1 
    0.515723 1.483848e-01 1.673700e-13 1 
    0.515998 1.488448e-01 1.677100e-13 1 
    0.516273 1.509137e-01 1.698600e-13 1 
    0.516548 1.529245e-01 1.719400e-13 1 
    0.516823 1.530428e-01 1.718900e-13 1 
    0.517098 1.525462e-01 1.711500e-13 1 
    0.517373 1.541361e-01 1.727500e-13 1 
    0.517648 1.474492e-01 1.650800e-13 1 
    0.517923 1.395943e-01 1.561200e-13 1 
    0.518198 1.325102e-01 1.480400e-13 1 
    0.518473 1.264502e-01 1.411200e-13 1 
    0.518748 1.294010e-01 1.442600e-13 1 
    0.519023 1.344859e-01 1.497700e-13 1 
    0.519298 1.357880e-01 1.510600e-13 1 
    0.519573 1.364448e-01 1.516300e-13 1 
    0.519848 1.366614e-01 1.517100e-13 1 
    0.520123 1.394572e-01 1.546500e-13 1 
    0.520398 1.461764e-01 1.619300e-13 1 
    0.520673 1.511565e-01 1.672700e-13 1 
    0.520948 1.514610e-01 1.674300e-13 1 
    0.521223 1.555059e-01 1.717200e-13 1 
    0.521498 1.577097e-01 1.739700e-13 1 
    0.521773 1.543006e-01 1.700300e-13 1 
    0.522048 1.523466e-01 1.677000e-13 1 
    0.522323 1.523252e-01 1.675000e-13 1 
    0.522598 1.543519e-01 1.695500e-13 1 
    0.522873 1.569750e-01 1.722500e-13 1 
    0.523148 1.588370e-01 1.741100e-13 1 
    0.523423 1.603191e-01 1.755500e-13 1 
    0.523698 1.582752e-01 1.731300e-13 1 
    0.523973 1.572884e-01 1.718700e-13 1 
    0.524248 1.544120e-01 1.685500e-13 1 
    0.524523 1.547575e-01 1.687500e-13 1 
    0.524798 1.601893e-01 1.744900e-13 1 
    0.525073 1.642355e-01 1.787100e-13 1 
    0.525348 1.654563e-01 1.798500e-13 1 
    0.525623 1.661637e-01 1.804300e-13 1 
    0.525898 1.653420e-01 1.793500e-13 1 
    0.526173 1.658010e-01 1.796600e-13 1 
    0.526448 1.651337e-01 1.787500e-13 1 
    0.526723 1.636139e-01 1.769200e-13 1 
    0.526998 1.627017e-01 1.757500e-13 1 
    0.527273 1.628345e-01 1.757100e-13 1 
    0.527548 1.619561e-01 1.745800e-13 1 
    0.527823 1.556708e-01 1.676300e-13 1 
    0.528098 1.497905e-01 1.611300e-13 1 
    0.528373 1.499000e-01 1.610800e-13 1 
    0.528648 1.535587e-01 1.648400e-13 1 
    0.528923 1.606379e-01 1.722600e-13 1 
    0.529198 1.644737e-01 1.761900e-13 1 
    0.529473 1.684293e-01 1.802400e-13 1 
    0.529748 1.734499e-01 1.854200e-13 1 
    0.530023 1.796324e-01 1.918300e-13 1 
    0.530298 1.799782e-01 1.920000e-13 1 
    0.530573 1.798740e-01 1.916900e-13 1 
    0.530848 1.804645e-01 1.921200e-13 1 
    0.531123 1.776895e-01 1.889700e-13 1 
    0.531398 1.778171e-01 1.889100e-13 1 
    0.531673 1.780294e-01 1.889400e-13 1 
    0.531948 1.829770e-01 1.939900e-13 1 
    0.532223 1.874435e-01 1.985200e-13 1 
    0.532498 1.854444e-01 1.962000e-13 1 
    0.532773 1.883609e-01 1.990800e-13 1 
    0.533048 1.864812e-01 1.968900e-13 1 
    0.533323 1.848723e-01 1.949900e-13 1 
    0.533598 1.815608e-01 1.913000e-13 1 
    0.533873 1.774917e-01 1.868200e-13 1 
    0.534148 1.765428e-01 1.856300e-13 1 
    0.534423 1.741637e-01 1.829400e-13 1 
    0.534698 1.731613e-01 1.817000e-13 1 
    0.534973 1.743221e-01 1.827300e-13 1 
    0.535248 1.769938e-01 1.853400e-13 1 
    0.535523 1.806554e-01 1.889800e-13 1 
    0.535798 1.829558e-01 1.911900e-13 1 
    0.536073 1.837279e-01 1.918000e-13 1 
    0.536348 1.862850e-01 1.942700e-13 1 
    0.536623 1.915826e-01 1.995900e-13 1 
    0.536898 1.951805e-01 2.031300e-13 1 
    0.537173 1.950823e-01 2.028200e-13 1 
    0.537448 1.935201e-01 2.009900e-13 1 
    0.537723 1.907111e-01 1.978700e-13 1 
    0.537998 1.890634e-01 1.959600e-13 1 
    0.538273 1.851811e-01 1.917400e-13 1 
    0.538548 1.836688e-01 1.899800e-13 1 
    0.538823 1.873114e-01 1.935500e-13 1 
    0.539098 1.899342e-01 1.960600e-13 1 
    0.539373 1.914566e-01 1.974300e-13 1 
    0.539648 1.911180e-01 1.968800e-13 1 
    0.539923 1.921971e-01 1.977900e-13 1 
    0.540198 1.913132e-01 1.966800e-13 1 
    0.540473 1.874282e-01 1.924900e-13 1 
    0.540748 1.830866e-01 1.878400e-13 1 
    0.541023 1.795848e-01 1.840600e-13 1 
    0.541298 1.787810e-01 1.830500e-13 1 
    0.541573 1.794613e-01 1.835600e-13 1 
    0.541848 1.807397e-01 1.846800e-13 1 
    0.542123 1.821576e-01 1.859400e-13 1 
    0.542398 1.817933e-01 1.853800e-13 1 
    0.542673 1.815457e-01 1.849400e-13 1 
    0.542948 1.843436e-01 1.876000e-13 1 
    0.543223 1.873141e-01 1.904300e-13 1 
    0.543498 1.886263e-01 1.915700e-13 1 
    0.543773 1.910447e-01 1.938300e-13 1 
    0.544048 1.896989e-01 1.922700e-13 1 
    0.544323 1.881821e-01 1.905400e-13 1 
    0.544598 1.858414e-01 1.879800e-13 1 
    0.544873 1.856432e-01 1.875900e-13 1 
    0.545148 1.882279e-01 1.900100e-13 1 
    0.545423 1.905102e-01 1.921200e-13 1 
    0.545698 1.944942e-01 1.959400e-13 1 
    0.545973 1.922360e-01 1.934700e-13 1 
    0.546248 1.904106e-01 1.914400e-13 1 
    0.546523 1.871077e-01 1.879300e-13 1 
    0.546798 1.897279e-01 1.903700e-13 1 
    0.547073 1.917843e-01 1.922400e-13 1 
    0.547348 1.916976e-01 1.919600e-13 1 
    0.547623 1.923900e-01 1.924600e-13 1 
    0.547898 1.935539e-01 1.934300e-13 1 
    0.548173 1.976146e-01 1.972900e-13 1 
    0.548448 1.943037e-01 1.937900e-13 1 
    0.548723 1.879347e-01 1.872500e-13 1 
    0.548998 1.902027e-01 1.893200e-13 1 
    0.549273 1.898905e-01 1.888200e-13 1 
    0.549548 1.886009e-01 1.873500e-13 1 
    0.549823 1.928607e-01 1.913900e-13 1 
    0.550098 1.921963e-01 1.905400e-13 1 
    0.550373 1.989920e-01 1.970800e-13 1 
    0.550648 1.963002e-01 1.942200e-13 1 
    0.550923 1.970123e-01 1.947300e-13 1 
    0.551198 1.977964e-01 1.953100e-13 1 
    0.551473 1.972944e-01 1.946200e-13 1 
    0.551748 1.935134e-01 1.907000e-13 1 
    0.552023 1.943158e-01 1.913000e-13 1 
    0.552298 1.922827e-01 1.891100e-13 1 
    0.552573 1.961892e-01 1.927600e-13 1 
    0.552848 1.982998e-01 1.946400e-13 1 
    0.553123 1.968552e-01 1.930300e-13 1 
    0.553398 2.030535e-01 1.989100e-13 1 
    0.553673 2.049721e-01 2.005900e-13 1 
    0.553948 2.035903e-01 1.990400e-13 1 
    0.554223 2.007618e-01 1.960800e-13 1 
    0.554498 1.992700e-01 1.944300e-13 1 
    0.554773 2.012733e-01 1.961900e-13 1 
    0.555048 1.972522e-01 1.920800e-13 1 
    0.555323 2.010764e-01 1.956100e-13 1 
    0.555598 1.993926e-01 1.937800e-13 1 
    0.555873 2.007951e-01 1.949500e-13 1 
    0.556148 1.975709e-01 1.916300e-13 1 
    0.556423 2.039894e-01 1.976600e-13 1 
    0.556698 2.060299e-01 1.994400e-13 1 
    0.556973 2.072883e-01 2.004600e-13 1 
    0.557248 1.994711e-01 1.927100e-13 1 
    0.557523 2.049626e-01 1.978200e-13 1 
    0.557798 2.051026e-01 1.977600e-13 1 
    0.558073 2.019309e-01 1.945100e-13 1 
    0.558348 1.938893e-01 1.865800e-13 1 
    0.558623 1.982827e-01 1.906200e-13 1 
    0.558898 2.032988e-01 1.952500e-13 1 
    0.559173 2.025922e-01 1.943800e-13 1 
    0.559448 2.029376e-01 1.945200e-13 1 
    0.559723 1.991166e-01 1.906700e-13 1 
    0.559998 2.020301e-01 1.932700e-13 1 
    0.560273 1.939729e-01 1.853800e-13 1 
    0.560548 1.950222e-01 1.862000e-13 1 
    0.560823 1.971427e-01 1.880400e-13 1 
    0.561098 1.958983e-01 1.866700e-13 1 
    0.561373 2.015948e-01 1.919100e-13 1 
    0.561648 2.005411e-01 1.907200e-13 1 
    0.561923 2.052423e-01 1.950000e-13 1 
    0.562198 2.055381e-01 1.950900e-13 1 
    0.562473 2.069098e-01 1.962000e-13 1 
    0.562748 2.139209e-01 2.026500e-13 1 
    0.563023 2.070928e-01 1.959900e-13 1 
    0.563298 2.054653e-01 1.942600e-13 1 
    0.563573 2.054860e-01 1.940900e-13 1 
    0.563848 2.017231e-01 1.903500e-13 1 
    0.564123 2.046356e-01 1.929100e-13 1 
    0.564398 2.082648e-01 1.961400e-13 1 
    0.564673 2.085847e-01 1.962500e-13 1 
    0.564948 2.139371e-01 2.010900e-13 1 
    0.565223 2.123777e-01 1.994300e-13 1 
    0.565498 2.126164e-01 1.994600e-13 1 
    0.565773 2.038818e-01 1.910800e-13 1 
    0.566048 2.098795e-01 1.965100e-13 1 
    0.566323 2.104255e-01 1.968300e-13 1 
    0.566598 2.171897e-01 2.029600e-13 1 
    0.566873 2.100632e-01 1.961100e-13 1 
    0.567148 2.080369e-01 1.940300e-13 1 
    0.567423 2.062747e-01 1.922000e-13 1 
    0.567698 2.065177e-01 1.922400e-13 1 
    0.567973 2.108470e-01 1.960800e-13 1 
    0.568248 2.114925e-01 1.964900e-13 1 
    0.568523 2.182371e-01 2.025600e-13 1 
    0.568798 2.167874e-01 2.010200e-13 1 
    0.569073 2.171590e-01 2.011700e-13 1 
    0.569348 2.121176e-01 1.963100e-13 1 
    0.569623 2.124740e-01 1.964500e-13 1 
    0.569898 2.121812e-01 1.959900e-13 1 
    0.570173 2.098394e-01 1.936400e-13 1 
    0.570448 2.121137e-01 1.955500e-13 1 
    0.570723 2.182464e-01 2.010100e-13 1 
    0.570998 2.219345e-01 2.042100e-13 1 
    0.571273 2.150992e-01 1.977300e-13 1 
    0.571548 2.171356e-01 1.994100e-13 1 
    0.571823 2.166362e-01 1.987600e-13 1 
    0.572098 2.130152e-01 1.952500e-13 1 
    0.572373 2.073667e-01 1.898900e-13 1 
    0.572648 2.077847e-01 1.900900e-13 1 
    0.572923 2.144835e-01 1.960300e-13 1 
    0.573198 2.179202e-01 1.989800e-13 1 
    0.573473 2.181513e-01 1.990000e-13 1 
    0.573748 2.212794e-01 2.016600e-13 1 
    0.574023 2.259288e-01 2.057000e-13 1 
    0.574298 2.280583e-01 2.074400e-13 1 
    0.574573 2.319963e-01 2.108200e-13 1 
    0.574848 2.303128e-01 2.090900e-13 1 
    0.575123 2.308971e-01 2.094200e-13 1 
    0.575398 2.292307e-01 2.077100e-13 1 
    0.575673 2.282127e-01 2.065900e-13 1 
    0.575948 2.265621e-01 2.049000e-13 1 
    0.576223 2.276971e-01 2.057300e-13 1 
    0.576498 2.260644e-01 2.040600e-13 1 
    0.576773 2.328781e-01 2.100100e-13 1 
    0.577048 2.260298e-01 2.036400e-13 1 
    0.577323 2.213680e-01 1.992500e-13 1 
    0.577598 2.255935e-01 2.028600e-13 1 
    0.577873 2.224356e-01 1.998300e-13 1 
    0.578148 2.271152e-01 2.038400e-13 1 
    0.578423 2.256473e-01 2.023300e-13 1 
    0.578698 2.288201e-01 2.049800e-13 1 
    0.578973 2.286913e-01 2.046700e-13 1 
    0.579248 2.253967e-01 2.015300e-13 1 
    0.579523 2.227896e-01 1.990100e-13 1 
    0.579798 2.198524e-01 1.962000e-13 1 
    0.580073 2.176495e-01 1.940500e-13 1 
    0.580348 2.225263e-01 1.982100e-13 1 
    0.580623 2.266366e-01 2.016800e-13 1 
    0.580898 2.272563e-01 2.020400e-13 1 
    0.581173 2.307478e-01 2.049500e-13 1 
    0.581448 2.364995e-01 2.098600e-13 1 
    0.581723 2.356742e-01 2.089300e-13 1 
    0.581998 2.319227e-01 2.054100e-13 1 
    0.582273 2.341084e-01 2.071500e-13 1 
    0.582548 2.332775e-01 2.062200e-13 1 
    0.582823 2.326373e-01 2.054600e-13 1 
    0.583098 2.324489e-01 2.051000e-13 1 
    0.583373 2.328270e-01 2.052400e-13 1 
    0.583648 2.355787e-01 2.074700e-13 1 
    0.583923 2.400628e-01 2.112200e-13 1 
    0.584198 2.378090e-01 2.090400e-13 1 
    0.584473 2.412782e-01 2.118900e-13 1 
    0.584748 2.418928e-01 2.122300e-13 1 
    0.585023 2.336668e-01 2.048200e-13 1 
    0.585298 2.361247e-01 2.067800e-13 1 
    0.585573 2.386783e-01 2.088200e-13 1 
    0.585848 2.408589e-01 2.105300e-13 1 
    0.586123 2.418637e-01 2.112100e-13 1 
    0.586398 2.408758e-01 2.101500e-13 1 
    0.586673 2.355259e-01 2.052900e-13 1 
    0.586948 2.311419e-01 2.012800e-13 1 
    0.587223 2.295539e-01 1.997100e-13 1 
    0.587498 2.207834e-01 1.919000e-13 1 
    0.587773 2.303411e-01 2.000200e-13 1 
    0.588048 2.358705e-01 2.046300e-13 1 
    0.588323 2.356758e-01 2.042700e-13 1 
    0.588598 2.311037e-01 2.001200e-13 1 
    0.588873 2.355387e-01 2.037700e-13 1 
    0.589148 2.365455e-01 2.044500e-13 1 
    0.589423 2.210746e-01 1.909000e-13 1 
    0.589698 2.049254e-01 1.767900e-13 1 
    0.589973 2.076342e-01 1.789600e-13 1 
    0.590248 2.070033e-01 1.782500e-13 1 
    0.590523 2.053016e-01 1.766200e-13 1 
    0.590798 1.933694e-01 1.662000e-13 1 
    0.591073 1.972528e-01 1.693800e-13 1 
    0.591348 2.042787e-01 1.752500e-13 1 
    0.591623 2.120408e-01 1.817400e-13 1 
    0.591898 2.164888e-01 1.853800e-13 1 
    0.592173 2.222072e-01 1.901000e-13 1 
    0.592448 2.340900e-01 2.000800e-13 1 
    0.592723 2.368486e-01 2.022500e-13 1 
    0.592998 2.369747e-01 2.021700e-13 1 
    0.593273 2.320440e-01 1.977800e-13 1 
    0.593548 2.318011e-01 1.973900e-13 1 
    0.593823 2.322746e-01 1.976100e-13 1 
    0.594098 2.353252e-01 2.000200e-13 1 
    0.594373 2.412426e-01 2.048600e-13 1 
    0.594648 2.410180e-01 2.044800e-13 1 
    0.594923 2.387399e-01 2.023600e-13 1 
    0.595198 2.400470e-01 2.032800e-13 1 
    0.595473 2.408480e-01 2.037700e-13 1 
    0.595748 2.365158e-01 1.999200e-13 1 
    0.596023 2.375039e-01 2.005700e-13 1 
    0.596298 2.444078e-01 2.062100e-13 1 
    0.596573 2.368747e-01 1.996700e-13 1 
    0.596848 2.383400e-01 2.007200e-13 1 
    0.597123 2.415428e-01 2.032300e-13 1 
    0.597398 2.450487e-01 2.059900e-13 1 
    0.597673 2.427620e-01 2.038800e-13 1 
    0.597948 2.399701e-01 2.013500e-13 1 
    0.598223 2.414793e-01 2.024300e-13 1 
    0.598498 2.479340e-01 2.076500e-13 1 
    0.598773 2.457119e-01 2.056000e-13 1 
    0.599048 2.458659e-01 2.055400e-13 1 
    0.599323 2.451339e-01 2.047400e-13 1 
    0.599598 2.444960e-01 2.040200e-13 1 
    0.599873 2.378113e-01 1.982600e-13 1 
    0.600148 2.394101e-01 1.994100e-13 1 
    0.600423 2.396175e-01 1.994000e-13 1 
    0.600698 2.395123e-01 1.991300e-13 1 
    0.600973 2.428136e-01 2.016900e-13 1 
    0.601248 2.422526e-01 2.010400e-13 1 
    0.601523 2.396400e-01 1.986900e-13 1 
    0.601798 2.466557e-01 2.043200e-13 1 
    0.602073 2.419271e-01 2.002200e-13 1 
    0.602348 2.409146e-01 1.992000e-13 1 
    0.602623 2.410377e-01 1.991200e-13 1 
    0.602898 2.364840e-01 1.951800e-13 1 
    0.603173 2.485966e-01 2.049900e-13 1 
    0.603448 2.392462e-01 1.971000e-13 1 
    0.603723 2.428419e-01 1.998800e-13 1 
    0.603998 2.381382e-01 1.958300e-13 1 
    0.604273 2.489078e-01 2.045000e-13 1 
    0.604548 2.452359e-01 2.013000e-13 1 
    0.604823 2.483978e-01 2.037100e-13 1 
    0.605098 2.507962e-01 2.054900e-13 1 
    0.605373 2.527710e-01 2.069200e-13 1 
    0.605648 2.538688e-01 2.076300e-13 1 
    0.605923 2.546991e-01 2.081200e-13 1 
    0.606198 2.545506e-01 2.078100e-13 1 
    0.606473 2.614390e-01 2.132400e-13 1 
    0.606748 2.600931e-01 2.119500e-13 1 
    0.607023 2.556739e-01 2.081600e-13 1 
    0.607298 2.518609e-01 2.048700e-13 1 
    0.607573 2.508832e-01 2.038900e-13 1 
    0.607848 2.517508e-01 2.044100e-13 1 
    0.608123 2.564287e-01 2.080200e-13 1 
    0.608398 2.583511e-01 2.093900e-13 1 
    0.608673 2.588810e-01 2.096300e-13 1 
    0.608948 2.587813e-01 2.093600e-13 1 
    0.609223 2.620214e-01 2.117900e-13 1 
    0.609498 2.542091e-01 2.052900e-13 1 
    0.609773 2.538932e-01 2.048500e-13 1 
    0.610048 2.524972e-01 2.035400e-13 1 
    0.610323 2.532588e-01 2.039700e-13 1 
    0.610598 2.545682e-01 2.048400e-13 1 
    0.610873 2.603578e-01 2.093100e-13 1 
    0.611148 2.549524e-01 2.047800e-13 1 
    0.611423 2.526771e-01 2.027700e-13 1 
    0.611698 2.582926e-01 2.070900e-13 1 
    0.611973 2.548547e-01 2.041500e-13 1 
    0.612248 2.581201e-01 2.065800e-13 1 
    0.612523 2.575641e-01 2.059500e-13 1 
    0.612798 2.566063e-01 2.050000e-13 1 
    0.613073 2.601066e-01 2.076100e-13 1 
    0.613348 2.513238e-01 2.004200e-13 1 
    0.613623 2.538712e-01 2.022700e-13 1 
    0.613898 2.495889e-01 1.986800e-13 1 
    0.614173 2.558354e-01 2.034700e-13 1 
    0.614448 2.613627e-01 2.076800e-13 1 
    0.614723 2.578935e-01 2.047400e-13 1 
    0.614998 2.551111e-01 2.023500e-13 1 
    0.615273 2.538377e-01 2.011600e-13 1 
    0.615548 2.505409e-01 1.983700e-13 1 
    0.615823 2.536723e-01 2.006700e-13 1 
    0.616098 2.563029e-01 2.025700e-13 1 
    0.616373 2.574942e-01 2.033300e-13 1 
    0.616648 2.598788e-01 2.050300e-13 1 
    0.616923 2.566218e-01 2.022800e-13 1 
    0.617198 2.507684e-01 1.974900e-13 1 
    0.617473 2.442816e-01 1.922100e-13 1 
    0.617748 2.398308e-01 1.885400e-13 1 
    0.618023 2.358683e-01 1.852600e-13 1 
    0.618298 2.384740e-01 1.871400e-13 1 
    0.618573 2.442981e-01 1.915400e-13 1 
    0.618848 2.482941e-01 1.945000e-13 1 
    0.619123 2.481443e-01 1.942100e-13 1 
    0.619398 2.454873e-01 1.919600e-13 1 
    0.619673 2.531421e-01 1.977700e-13 1 
    0.619948 2.559931e-01 1.998200e-13 1 
    0.620223 2.531172e-01 1.974000e-13 1 
    0.620498 2.482466e-01 1.934300e-13 1 
    0.620773 2.463344e-01 1.917700e-13 1 
    0.621048 2.517725e-01 1.958300e-13 1 
    0.621323 2.534625e-01 1.969700e-13 1 
    0.621598 2.542922e-01 1.974400e-13 1 
    0.621873 2.568119e-01 1.992200e-13 1 
    0.622148 2.545876e-01 1.973200e-13 1 
    0.622423 2.494665e-01 1.931800e-13 1 
    0.622698 2.565243e-01 1.984700e-13 1 
    0.622973 2.626629e-01 2.030400e-13 1 
    0.623248 2.568223e-01 1.983500e-13 1 
    0.623523 2.527595e-01 1.950400e-13 1 
    0.623798 2.471975e-01 1.905800e-13 1 
    0.624073 2.421187e-01 1.865000e-13 1 
    0.624348 2.451778e-01 1.886900e-13 1 
    0.624623 2.415573e-01 1.857400e-13 1 
    0.624898 2.460915e-01 1.890600e-13 1 
    0.625173 2.536300e-01 1.946800e-13 1 
    0.625448 2.553005e-01 1.957900e-13 1 
    0.625723 2.589444e-01 1.984100e-13 1 
    0.625998 2.478208e-01 1.897200e-13 1 
    0.626273 2.433712e-01 1.861500e-13 1 
    0.626548 2.431662e-01 1.858300e-13 1 
    0.626823 2.525345e-01 1.928200e-13 1 
    0.627098 2.521138e-01 1.923300e-13 1 
    0.627373 2.471395e-01 1.883700e-13 1 
    0.627648 2.442966e-01 1.860400e-13 1 
    0.627923 2.464033e-01 1.874800e-13 1 
    0.628198 2.554063e-01 1.941600e-13 1 
    0.628473 2.646618e-01 2.010200e-13 1 
    0.628748 2.527702e-01 1.918200e-13 1 
    0.629023 2.633975e-01 1.997100e-13 1 
    0.629298 2.543611e-01 1.926900e-13 1 
    0.629573 2.499195e-01 1.891600e-13 1 
    0.629848 2.601350e-01 1.967200e-13 1 
    0.630123 2.576357e-01 1.946600e-13 1 
    0.630398 2.409711e-01 1.819100e-13 1 
    0.630673 2.535912e-01 1.912700e-13 1 
    0.630948 2.560815e-01 1.929800e-13 1 
    0.631223 2.601962e-01 1.959100e-13 1 
    0.631498 2.711239e-01 2.039600e-13 1 
    0.631773 2.710407e-01 2.037200e-13 1 
    0.632048 2.699451e-01 2.027200e-13 1 
    0.632323 2.689539e-01 2.018000e-13 1 
    0.632598 2.669202e-01 2.001000e-13 1 
    0.632873 2.722124e-01 2.038900e-13 1 
    0.633148 2.555587e-01 1.912500e-13 1 
    0.633423 2.695160e-01 2.015200e-13 1 
    0.633698 2.654800e-01 1.983300e-13 1 
    0.633973 2.730790e-01 2.038300e-13 1 
    0.634248 2.676976e-01 1.996400e-13 1 
    0.634523 2.647626e-01 1.972800e-13 1 
    0.634798 2.776587e-01 2.067100e-13 1 
    0.635073 2.751165e-01 2.046400e-13 1 
    0.635348 2.740899e-01 2.037000e-13 1 
    0.635623 2.750545e-01 2.042400e-13 1 
    0.635898 2.701032e-01 2.003900e-13 1 
    0.636173 2.669238e-01 1.978600e-13 1 
    0.636448 2.774972e-01 2.055200e-13 1 
    0.636723 2.739667e-01 2.027300e-13 1 
    0.636998 2.749744e-01 2.033000e-13 1 
    0.637273 2.657900e-01 1.963400e-13 1 
    0.637548 2.602476e-01 1.920800e-13 1 
    0.637823 2.723648e-01 2.008500e-13 1 
    0.638098 2.680937e-01 1.975300e-13 1 
    0.638373 2.693572e-01 1.982900e-13 1 
    0.638648 2.729746e-01 2.007800e-13 1 
    0.638923 2.783262e-01 2.045400e-13 1 
    0.639198 2.815484e-01 2.067300e-13 1 
    0.639473 2.756432e-01 2.022200e-13 1 
    0.639748 2.804779e-01 2.055900e-13 1 
    0.640023 2.794492e-01 2.046600e-13 1 
    0.640298 2.775165e-01 2.030700e-13 1 
    0.640573 2.798066e-01 2.045700e-13 1 
    0.640848 2.799100e-01 2.044700e-13 1 
    0.641123 2.772593e-01 2.023600e-13 1 
    0.641398 2.770310e-01 2.020200e-13 1 
    0.641673 2.772686e-01 2.020200e-13 1 
    0.641948 2.768332e-01 2.015300e-13 1 
    0.642223 2.739770e-01 1.992800e-13 1 
    0.642498 2.754088e-01 2.001500e-13 1 
    0.642773 2.826546e-01 2.052400e-13 1 
    0.643048 2.808841e-01 2.037800e-13 1 
    0.643323 2.774410e-01 2.011100e-13 1 
    0.643598 2.797493e-01 2.026100e-13 1 
    0.643873 2.803339e-01 2.028600e-13 1 
    0.644148 2.800478e-01 2.024800e-13 1 
    0.644423 2.813113e-01 2.032200e-13 1 
    0.644698 2.810805e-01 2.028800e-13 1 
    0.644973 2.815560e-01 2.030500e-13 1 
    0.645248 2.797283e-01 2.015600e-13 1 
    0.645523 2.850644e-01 2.052300e-13 1 
    0.645798 2.866836e-01 2.062200e-13 1 
    0.646073 2.873592e-01 2.065300e-13 1 
    0.646348 2.863505e-01 2.056300e-13 1 
    0.646623 2.863992e-01 2.054900e-13 1 
    0.646898 2.813142e-01 2.016700e-13 1 
    0.647173 2.823353e-01 2.022300e-13 1 
    0.647448 2.834276e-01 2.028400e-13 1 
    0.647723 2.827035e-01 2.021500e-13 1 
    0.647998 2.800882e-01 2.001100e-13 1 
    0.648273 2.854111e-01 2.037400e-13 1 
    0.648548 2.882331e-01 2.055800e-13 1 
    0.648823 2.880426e-01 2.052700e-13 1 
    0.649098 2.872616e-01 2.045400e-13 1 
    0.649373 3.026997e-01 2.153500e-13 1 
    0.649648 2.944309e-01 2.092900e-13 1 
    0.649923 2.949478e-01 2.094800e-13 1 
    0.650198 2.867423e-01 2.034800e-13 1 
    0.650473 2.825563e-01 2.003400e-13 1 
    0.650748 2.765561e-01 1.959200e-13 1 
    0.651023 2.748685e-01 1.945600e-13 1 
    0.651298 2.778156e-01 1.964800e-13 1 
    0.651573 2.727292e-01 1.927200e-13 1 
    0.651848 2.771661e-01 1.956900e-13 1 
    0.652123 2.892790e-01 2.040700e-13 1 
    0.652398 2.880192e-01 2.030100e-13 1 
    0.652673 2.952340e-01 2.079200e-13 1 
    0.652948 2.958239e-01 2.081600e-13 1 
    0.653223 2.933849e-01 2.062700e-13 1 
    0.653498 2.877812e-01 2.021600e-13 1 
    0.653773 2.849461e-01 2.000000e-13 1 
    0.654048 2.982616e-01 2.091700e-13 1 
    0.654323 2.942168e-01 2.061600e-13 1 
    0.654598 2.914647e-01 2.040600e-13 1 
    0.654873 2.997150e-01 2.096600e-13 1 
    0.655148 3.045165e-01 2.128400e-13 1 
    0.655423 2.950064e-01 2.060200e-13 1 
    0.655698 2.990805e-01 2.086900e-13 1 
    0.655973 3.059581e-01 2.133100e-13 1 
    0.656248 3.284798e-01 2.288200e-13 1 
    0.656523 3.358240e-01 2.337400e-13 1 
    0.656798 3.333732e-01 2.318400e-13 1 
    0.657073 3.354802e-01 2.331100e-13 1 
    0.657348 3.669592e-01 2.547700e-13 1 
    0.657623 4.455862e-01 3.091000e-13 1 
    0.657898 5.084163e-01 3.523900e-13 1 
    0.658173 5.187038e-01 3.592200e-13 1 
    0.658448 5.022143e-01 3.475100e-13 1 
    0.658723 4.468467e-01 3.089400e-13 1 
    0.658998 3.750573e-01 2.590900e-13 1 
    0.659273 3.352820e-01 2.314200e-13 1 
    0.659548 3.566014e-01 2.459300e-13 1 
    0.659823 3.990423e-01 2.749700e-13 1 
    0.660098 4.369639e-01 3.008500e-13 1 
    0.660373 4.282574e-01 2.946100e-13 1 
    0.660648 3.925192e-01 2.698000e-13 1 
    0.660923 3.561969e-01 2.446300e-13 1 
    0.661198 3.244771e-01 2.226600e-13 1 
    0.661473 2.995589e-01 2.053900e-13 1 
    0.661748 2.957939e-01 2.026400e-13 1 
    0.662023 3.021756e-01 2.068400e-13 1 
    0.662298 3.023244e-01 2.067700e-13 1 
    0.662573 3.026779e-01 2.068400e-13 1 
    0.662848 3.029439e-01 2.068500e-13 1 
    0.663123 3.048223e-01 2.079600e-13 1 
    0.663398 3.090947e-01 2.107000e-13 1 
    0.663673 3.072515e-01 2.092700e-13 1 
    0.663948 3.048024e-01 2.074300e-13 1 
    0.664223 3.043638e-01 2.069600e-13 1 
    0.664498 3.054107e-01 2.075000e-13 1 
    0.664773 3.033361e-01 2.059200e-13 1 
    0.665048 3.013609e-01 2.044100e-13 1 
    0.665323 2.948965e-01 1.998600e-13 1 
    0.665598 3.025093e-01 2.048500e-13 1 
    0.665873 3.081095e-01 2.084700e-13 1 
    0.666148 3.048140e-01 2.060700e-13 1 
    0.666423 2.998103e-01 2.025200e-13 1 
    0.666698 2.989911e-01 2.018000e-13 1 
    0.666973 3.008392e-01 2.028800e-13 1 
    0.667248 3.004789e-01 2.024700e-13 1 
    0.667523 3.052122e-01 2.054900e-13 1 
    0.667798 2.987744e-01 2.009900e-13 1 
    0.668073 3.025762e-01 2.033800e-13 1 
    0.668348 3.007557e-01 2.019900e-13 1 
    0.668623 2.998707e-01 2.012300e-13 1 
    0.668898 2.989094e-01 2.004200e-13 1 
    0.669173 3.086186e-01 2.067600e-13 1 
    0.669448 3.132493e-01 2.096900e-13 1 
    0.669723 3.052688e-01 2.041800e-13 1 
    0.669998 3.060582e-01 2.045400e-13 1 
    0.670273 3.060998e-01 2.044000e-13 1 
    0.670548 3.157184e-01 2.106500e-13 1 
    0.670823 3.159325e-01 2.106200e-13 1 
    0.671098 3.009539e-01 2.004700e-13 1 
    0.671373 3.053324e-01 2.032200e-13 1 
    0.671648 3.014023e-01 2.004400e-13 1 
    0.671923 3.154645e-01 2.096200e-13 1 
    0.672198 3.061887e-01 2.032900e-13 1 
    0.672473 3.023392e-01 2.005700e-13 1 
    0.672748 3.192569e-01 2.116200e-13 1 
    0.673023 3.259953e-01 2.159100e-13 1 
    0.673298 3.368999e-01 2.229500e-13 1 
    0.673573 3.419088e-01 2.260800e-13 1 
    0.673848 3.364364e-01 2.222800e-13 1 
    0.674123 3.352417e-01 2.213100e-13 1 
    0.674398 3.271922e-01 2.158200e-13 1 
    0.674673 3.335738e-01 2.198500e-13 1 
    0.674948 3.389176e-01 2.231900e-13 1 
    0.675223 3.280996e-01 2.158900e-13 1 
    0.675498 3.193779e-01 2.099800e-13 1 
    0.675773 3.152387e-01 2.070900e-13 1 
    0.676048 3.053490e-01 2.004300e-13 1 
    0.676323 3.029293e-01 1.986800e-13 1 
    0.676598 3.042285e-01 1.993700e-13 1 
    0.676873 3.077899e-01 2.015400e-13 1 
    0.677148 3.058238e-01 2.000900e-13 1 
    0.677423 3.025387e-01 1.977800e-13 1 
    0.677698 3.080049e-01 2.011900e-13 1 
    0.677973 3.143375e-01 2.051600e-13 1 
    0.678248 3.093637e-01 2.017500e-13 1 
    0.678523 3.090314e-01 2.013700e-13 1 
    0.678798 3.116012e-01 2.028800e-13 1 
    0.679073 3.113003e-01 2.025200e-13 1 
    0.679348 3.101988e-01 2.016400e-13 1 
    0.679623 3.095723e-01 2.010700e-13 1 
    0.679898 3.119493e-01 2.024500e-13 1 
    0.680173 3.103203e-01 2.012300e-13 1 
    0.680448 3.063271e-01 1.984800e-13 1 
    0.680723 3.078567e-01 1.993100e-13 1 
    0.680998 3.040245e-01 1.966700e-13 1 
    0.681273 3.059874e-01 1.977800e-13 1 
    0.681548 3.081079e-01 1.989900e-13 1 
    0.681823 3.064041e-01 1.977300e-13 1 
    0.682098 3.033945e-01 1.956300e-13 1 
    0.682373 3.107789e-01 2.002300e-13 1 
    0.682648 3.244815e-01 2.088900e-13 1 
    0.682923 3.241057e-01 2.084800e-13 1 
    0.683912 3.102490e-01 1.989900e-13 0 
    0.685488 3.087046e-01 1.970900e-13 0 
    0.687068 3.050625e-01 1.938700e-13 0 
    0.688652 3.000685e-01 1.898200e-13 0 
    0.690240 3.083622e-01 1.941700e-13 0 
    0.691831 3.139814e-01 1.968000e-13 0 
    0.693426 3.153026e-01 1.967200e-13 0 
    0.695024 3.181100e-01 1.975600e-13 0 
    0.696626 3.268898e-01 2.020800e-13 0 
    0.698233 3.222894e-01 1.983200e-13 0 
    0.699842 3.342577e-01 2.047400e-13 0 
    0.701455 3.348982e-01 2.041900e-13 0 
    0.703072 3.294248e-01 1.999300e-13 0 
    0.704693 3.400829e-01 2.054500e-13 0 
    0.706318 3.423184e-01 2.058500e-13 0 
    0.707946 3.469387e-01 2.076700e-13 0 
    0.709578 3.148391e-01 1.875900e-13 0 
    0.711214 3.190915e-01 1.892500e-13 0 
    0.712853 3.204453e-01 1.891800e-13 0 
    0.714496 3.232855e-01 1.899800e-13 0 
    0.716143 3.072037e-01 1.797000e-13 0 
    0.717794 3.070760e-01 1.788000e-13 0 
    0.719449 3.126691e-01 1.812200e-13 0 
    0.721108 3.118247e-01 1.799000e-13 0 
    0.722770 3.160499e-01 1.815000e-13 0 
    0.724436 3.285295e-01 1.878000e-13 0 
    0.726106 3.360564e-01 1.912200e-13 0 
    0.727780 3.445286e-01 1.951400e-13 0 
    0.729457 3.443977e-01 1.941700e-13 0 
    0.731139 3.387534e-01 1.901100e-13 0 
    0.732825 3.521322e-01 1.967100e-13 0 
    0.734514 3.560771e-01 1.980000e-13 0 
    0.736207 3.633934e-01 2.011400e-13 0 
    0.737904 3.657604e-01 2.015200e-13 0 
    0.739605 3.724082e-01 2.042400e-13 0 
    0.741310 3.696942e-01 2.018200e-13 0 
    0.743019 3.746764e-01 2.036000e-13 0 
    0.744732 3.745388e-01 2.025900e-13 0 
    0.746449 3.902160e-01 2.101000e-13 0 
    0.748170 3.918682e-01 2.100200e-13 0 
    0.749894 3.890088e-01 2.075300e-13 0 
    0.751623 3.951735e-01 2.098500e-13 0 
    0.753356 3.959196e-01 2.092800e-13 0 
    0.755092 3.966630e-01 2.087100e-13 0 
    0.756833 4.038786e-01 2.115300e-13 0 
    0.758578 4.000079e-01 2.085400e-13 0 
    0.760326 3.979996e-01 2.065400e-13 0 
    0.762079 3.878925e-01 2.003700e-13 0 
    0.763836 3.886136e-01 1.998200e-13 0 
    0.765597 3.938657e-01 2.015900e-13 0 
    0.767361 3.838471e-01 1.955600e-13 0 
    0.769130 3.689565e-01 1.871100e-13 0 
    0.770904 3.835171e-01 1.936000e-13 0 
    0.772681 3.816055e-01 1.917500e-13 0 
    0.774462 3.736100e-01 1.868700e-13 0 
    0.776247 3.847945e-01 1.915800e-13 0 
    0.778037 3.622768e-01 1.795400e-13 0 
    0.779830 3.844628e-01 1.896600e-13 0 
    0.781628 3.851991e-01 1.891500e-13 0 
    0.783430 3.912736e-01 1.912500e-13 0 
    0.785236 3.983824e-01 1.938300e-13 0 
    0.787046 3.972891e-01 1.924100e-13 0 
    0.788860 4.017155e-01 1.936600e-13 0 
    0.790679 3.969434e-01 1.904800e-13 0 
    0.792501 3.958648e-01 1.890900e-13 0 
    0.794328 3.822547e-01 1.817500e-13 0 
    0.796159 3.919002e-01 1.854800e-13 0 
    0.797995 3.908229e-01 1.841200e-13 0 
    0.799834 4.062313e-01 1.905000e-13 0 
    0.801678 4.079352e-01 1.904200e-13 0 
    0.803526 4.096459e-01 1.903400e-13 0 
    0.805378 4.199471e-01 1.942300e-13 0 
    0.807235 4.305309e-01 1.982100e-13 0 
    0.809096 4.323437e-01 1.981300e-13 0 
    0.810961 4.252196e-01 1.939700e-13 0 
    0.812831 4.163255e-01 1.890400e-13 0 
    0.814704 4.238660e-01 1.915800e-13 0 
    0.816582 4.246444e-01 1.910500e-13 0 
    0.818465 4.313612e-01 1.931800e-13 0 
    0.820352 4.262190e-01 1.900000e-13 0 
    0.822243 4.309582e-01 1.912300e-13 0 
    0.824138 4.377693e-01 1.933600e-13 0 
    0.826038 4.055594e-01 1.783100e-13 0 
    0.827942 4.537702e-01 1.985900e-13 0 
    0.829851 4.556585e-01 1.985000e-13 0 
    0.831764 4.409963e-01 1.912300e-13 0 
    0.833681 4.307758e-01 1.859400e-13 0 
    0.835603 4.315542e-01 1.854200e-13 0 
    0.837529 4.434364e-01 1.896500e-13 0 
    0.839460 4.463056e-01 1.900000e-13 0 
    0.841395 4.430324e-01 1.877400e-13 0 
    0.843335 4.458837e-01 1.880800e-13 0 
    0.845279 4.477274e-01 1.879900e-13 0 
    0.847227 4.224932e-01 1.765800e-13 0 
    0.849180 4.361253e-01 1.814400e-13 0 
    0.851138 4.460593e-01 1.847200e-13 0 
    0.853100 3.405524e-01 1.403800e-13 0 
    0.855067 4.216969e-01 1.730300e-13 0 
    0.857038 4.128459e-01 1.686200e-13 0 
    0.859014 4.391026e-01 1.785200e-13 0 
    0.860994 4.511864e-01 1.825900e-13 0 
    0.862979 4.468397e-01 1.800000e-13 0 
    0.864968 4.497247e-01 1.803300e-13 0 
    0.866962 4.557592e-01 1.819100e-13 0 
    0.868960 4.380537e-01 1.740400e-13 0 
    0.870964 4.229580e-01 1.672700e-13 0 
    0.872971 4.498803e-01 1.771000e-13 0 
    0.874984 4.601238e-01 1.803000e-13 0 
    0.877001 4.463266e-01 1.740900e-13 0 
    0.879023 4.607242e-01 1.788800e-13 0 
    0.881049 4.669128e-01 1.804500e-13 0 
    0.883080 4.666764e-01 1.795300e-13 0 
    0.885116 4.806084e-01 1.840400e-13 0 
    0.887156 4.662197e-01 1.777100e-13 0 
    0.889201 4.779387e-01 1.813400e-13 0 
    0.891251 4.468361e-01 1.687600e-13 0 
    0.893305 4.601764e-01 1.730000e-13 0 
    0.895365 4.620608e-01 1.729100e-13 0 
    0.897429 4.747708e-01 1.768500e-13 0 
    0.899498 4.723507e-01 1.751400e-13 0 
    0.901571 4.581924e-01 1.691100e-13 0 
    0.903650 4.303666e-01 1.581100e-13 0 
    0.905733 4.462717e-01 1.632000e-13 0 
    0.907820 5.004711e-01 1.821800e-13 0 
    0.909913 4.765908e-01 1.726900e-13 0 
    0.912011 4.796506e-01 1.730000e-13 0 
    0.914113 4.695808e-01 1.685900e-13 0 
    0.916220 4.982750e-01 1.780700e-13 0 
    0.918333 4.723241e-01 1.680200e-13 0 
    0.920450 4.560629e-01 1.614900e-13 0 
    0.922571 4.839566e-01 1.705800e-13 0 
    0.924698 4.555794e-01 1.598400e-13 0 
    0.926830 4.522135e-01 1.579300e-13 0 
    0.928966 4.854250e-01 1.687500e-13 0 
    0.931108 5.022023e-01 1.737800e-13 0 
    0.933254 4.442782e-01 1.530300e-13 0 
    0.935406 5.133533e-01 1.760100e-13 0 
    0.937562 5.142575e-01 1.755100e-13 0 
    0.939723 5.069464e-01 1.722200e-13 0 
    0.941890 5.184545e-01 1.753200e-13 0 
    0.944061 5.098848e-01 1.716300e-13 0 
    0.946237 5.299662e-01 1.775700e-13 0 
    0.948418 5.236270e-01 1.746400e-13 0 
    0.950605 5.417079e-01 1.798400e-13 0 
    0.952796 5.451763e-01 1.801600e-13 0 
    0.954993 5.374180e-01 1.767800e-13 0 
    0.957194 5.248722e-01 1.718600e-13 0 
    0.959401 5.392918e-01 1.757700e-13 0 
    0.961612 5.528151e-01 1.793500e-13 0 
    0.963829 5.449317e-01 1.759800e-13 0 
    0.966051 5.522067e-01 1.775100e-13 0 
    0.968278 5.430673e-01 1.737700e-13 0 
    0.970510 5.452913e-01 1.736800e-13 0 
    0.972747 5.576804e-01 1.768100e-13 0 
    0.974990 5.396588e-01 1.703100e-13 0 
    0.977237 5.406210e-01 1.698300e-13 0 
    0.979490 5.478178e-01 1.713000e-13 0 
    0.981748 5.412543e-01 1.684700e-13 0 
    0.984011 5.612460e-01 1.738900e-13 0 
    0.986279 5.570594e-01 1.718000e-13 0 
    0.988553 5.644847e-01 1.732900e-13 0 
    0.990832 5.628689e-01 1.720000e-13 0 
    0.993116 5.586615e-01 1.699300e-13 0 
    0.995405 5.687370e-01 1.722000e-13 0 
    0.997700 5.749792e-01 1.732900e-13 0 
    1.000000 5.786333e-01 1.735900e-13 0 
    1.002305 5.796295e-01 1.730900e-13 0 
    1.004615 5.886963e-01 1.749900e-13 0 
    1.011580 5.876778e-01 1.722900e-13 0 
    1.016249 6.118082e-01 1.777200e-13 0 
    1.020939 6.124998e-01 1.762900e-13 0 
    1.025652 6.288979e-01 1.793500e-13 0 
    1.030386 6.427858e-01 1.816300e-13 0 
    1.032761 6.453613e-01 1.815200e-13 0 
    1.051962 6.407353e-01 1.737000e-13 0 
    1.073990 6.261336e-01 1.628500e-13 0 
    1.093956 6.451623e-01 1.617300e-13 0 
    1.114294 6.204118e-01 1.499000e-13 0 
    1.132400 6.481322e-01 1.516300e-13 0 
    1.153453 6.833655e-01 1.540900e-13 0 
    1.172195 6.912801e-01 1.509300e-13 0 
    1.193988 6.632400e-01 1.395700e-13 0 
    1.213389 6.944900e-01 1.415100e-13 0 
    1.233105 7.155698e-01 1.411800e-13 0 
    1.253141 7.073959e-01 1.351400e-13 0 
    1.273503 7.172184e-01 1.326700e-13 0 
    1.294196 7.305545e-01 1.308500e-13 0 
    1.315225 7.441671e-01 1.290600e-13 0 
    1.333521 7.339547e-01 1.238200e-13 0 
    1.355189 7.339415e-01 1.198900e-13 0 
    1.374042 7.390228e-01 1.174300e-13 0 
    1.393157 7.205217e-01 1.113700e-13 0 
    1.412538 6.944847e-01 1.044200e-13 0 
    1.435490 7.106432e-01 1.034600e-13 0 
    1.455459 7.424148e-01 1.051400e-13 0 
    1.475707 7.322917e-01 1.008800e-13 0 
    1.492794 7.702954e-01 1.037000e-13 0 
    1.513561 8.066143e-01 1.056300e-13 0 
    1.534617 8.544119e-01 1.088400e-13 0 
    1.555965 8.702786e-01 1.078400e-13 0 
    1.573983 8.723005e-01 1.056300e-13 0 
    1.595879 8.623565e-01 1.015800e-13 0 
    1.614359 8.803591e-01 1.013400e-13 0 
    1.633051 9.008638e-01 1.013400e-13 0 
    1.655770 9.218999e-01 1.008800e-13 0 
    1.674943 9.499199e-01 1.015800e-13 0 
    1.694338 9.764485e-01 1.020400e-13 0 
    1.713958 9.878345e-01 1.008800e-13 0 
    1.733803 9.742381e-01 9.722700e-14 0 
    1.753880 9.564605e-01 9.328000e-14 0 
    1.774190 9.218606e-01 8.785900e-14 0 
    1.794734 8.885214e-01 8.275400e-14 0 
    1.815515 8.504804e-01 7.740800e-14 0 
    1.836538 8.446234e-01 7.512500e-14 0 
    1.853532 8.253984e-01 7.207500e-14 0 
    1.874994 7.973855e-01 6.804400e-14 0 
    1.896705 7.973837e-01 6.649500e-14 0 
    1.914256 8.084713e-01 6.618900e-14 0 
    1.936423 8.066178e-01 6.453400e-14 0 
    1.954339 7.918847e-01 6.219900e-14 0 
    1.976970 7.774349e-01 5.967400e-14 0 
    1.995263 7.650033e-01 5.764800e-14 0 
    2.013724 7.720881e-01 5.712000e-14 0 
    2.037042 7.667658e-01 5.543500e-14 0 
    2.055892 7.828256e-01 5.556300e-14 0 
    2.074913 7.846344e-01 5.467500e-14 0 
    2.094113 7.900720e-01 5.404900e-14 0 
    2.118362 8.047656e-01 5.380100e-14 0 
    2.137962 8.084670e-01 5.306200e-14 0 
    2.157745 8.140777e-01 5.245500e-14 0 
    2.177709 8.066060e-01 5.102500e-14 0 
    2.197860 8.084795e-01 5.021000e-14 0 
    2.218197 8.010572e-01 4.884100e-14 0 
    2.238721 7.955512e-01 4.762000e-14 0 
    2.254240 7.900699e-01 4.664300e-14 0 
    2.275097 7.828283e-01 4.537200e-14 0 
    2.296149 7.106709e-01 4.043800e-14 0 
    2.317393 7.139469e-01 3.988300e-14 0 
    2.338837 6.319309e-01 3.465700e-14 0 
    2.355050 5.993289e-01 3.241800e-14 0 
    2.376840 6.161201e-01 3.271800e-14 0 
    2.398834 5.736758e-01 2.990800e-14 0 
    2.415460 5.529305e-01 2.843100e-14 0 
    2.437811 5.453423e-01 2.752900e-14 0 
    2.454708 5.019519e-01 2.499100e-14 0 
    2.477422 4.905391e-01 2.397700e-14 0 
    2.494594 4.136842e-01 1.994300e-14 0 
    2.517677 4.108321e-01 1.944400e-14 0 
    2.535128 4.165471e-01 1.944400e-14 0 
    2.558586 4.184653e-01 1.917700e-14 0 
    2.576320 4.331805e-01 1.957900e-14 0 
    2.600159 4.341803e-01 1.926600e-14 0 
    2.618184 4.402209e-01 1.926600e-14 0 
    2.636331 4.341816e-01 1.874100e-14 0 
    2.660726 4.371804e-01 1.852600e-14 0 
    2.679168 4.351746e-01 1.818800e-14 0 
    2.697741 4.341697e-01 1.789700e-14 0 
    2.716439 4.331743e-01 1.761100e-14 0 
    2.735267 4.291994e-01 1.721000e-14 0 
    2.760578 4.311843e-01 1.697400e-14 0 
    2.779712 4.262617e-01 1.655000e-14 0 
    2.798981 4.262640e-01 1.632300e-14 0 
    2.818382 4.233237e-01 1.598800e-14 0 
    2.837920 4.233072e-01 1.576800e-14 0 
    2.857590 4.213836e-01 1.548100e-14 0 
    2.877399 4.194357e-01 1.519800e-14 0 
    2.897343 4.194500e-01 1.499000e-14 0 
    2.917428 4.184765e-01 1.475000e-14 0 
    2.937649 4.155816e-01 1.444700e-14 0 
    2.958014 4.146261e-01 1.421600e-14 0 
    2.978516 4.146270e-01 1.402100e-14 0 
    2.999164 4.127199e-01 1.376500e-14 0 
    3.019952 4.136882e-01 1.360800e-14 0 
    3.040884 4.136789e-01 1.342100e-14 0 
    3.061964 4.165590e-01 1.332900e-14 0 
    3.076096 4.165334e-01 1.320600e-14 0 
    3.097421 4.194505e-01 1.311600e-14 0 
    3.118889 4.223343e-01 1.302500e-14 0 
    3.140510 4.252841e-01 1.293600e-14 0 
    3.162278 4.272334e-01 1.281700e-14 0 
    3.176873 4.272501e-01 1.270000e-14 0 
    3.198896 4.321710e-01 1.267000e-14 0 
    3.221068 4.371797e-01 1.264100e-14 0 
    3.235938 4.422377e-01 1.267000e-14 0 
    3.258367 4.546534e-01 1.284700e-14 0 
    3.280952 4.804620e-01 1.339000e-14 0 
    3.296098 5.465810e-01 1.509300e-14 0 
    3.318944 5.504023e-01 1.499000e-14 0 
    3.341952 4.849052e-01 1.302500e-14 0 
    3.357376 4.598966e-01 1.224000e-14 0 
    3.380647 4.515128e-01 1.185200e-14 0 
    3.396254 4.453101e-01 1.158200e-14 0 
    3.419794 4.422656e-01 1.134500e-14 0 
    3.443501 4.422527e-01 1.118900e-14 0 
    3.459394 4.392039e-01 1.101000e-14 0 
    3.483372 4.381948e-01 1.083400e-14 0 
    3.499453 4.351881e-01 1.066100e-14 0 
    3.523708 4.351575e-01 1.051400e-14 0 
    3.539971 4.321661e-01 1.034600e-14 0 
    3.556314 4.292096e-01 1.018100e-14 0 
    3.580964 4.282129e-01 1.001800e-14 0 
    3.597495 4.262524e-01 9.880700e-15 0 
    3.622430 4.262506e-01 9.745100e-15 0 
    3.639149 4.233166e-01 9.589300e-15 0 
    3.664377 4.213734e-01 9.414300e-15 0 
    3.681289 4.184733e-01 9.263800e-15 0 
    3.698280 4.146357e-01 9.094700e-15 0 
    3.723918 4.127311e-01 8.928700e-15 0 
    3.741105 4.108347e-01 8.806200e-15 0 
    3.758372 4.070646e-01 8.645400e-15 0 
    3.784427 4.070663e-01 8.526800e-15 0 
    3.801893 4.042652e-01 8.390500e-15 0 
    3.819441 4.005560e-01 8.237300e-15 0 
    3.837073 3.987171e-01 8.124300e-15 0 
    3.863669 3.977997e-01 7.994400e-15 0 
    3.881506 3.932500e-01 7.830500e-15 0 
    3.899421 3.905427e-01 7.705300e-15 0 
    3.917418 3.878538e-01 7.582100e-15 0 
    3.944575 3.869587e-01 7.460800e-15 0 
    3.962781 3.825300e-01 7.307800e-15 0 
    3.981071 3.790218e-01 7.174400e-15 0 
    3.999450 3.746863e-01 7.027300e-15 0 
    4.017909 3.729654e-01 6.930900e-15 0 
    4.045758 3.721028e-01 6.820000e-15 0 
    4.064435 3.686962e-01 6.695600e-15 0 
    4.083195 3.661555e-01 6.588500e-15 0 
    4.102040 3.636369e-01 6.483200e-15 0 
    4.120973 3.611311e-01 6.379500e-15 0 
    4.139998 3.594742e-01 6.292000e-15 0 
    4.159106 3.569995e-01 6.191400e-15 0 
    4.178302 3.545413e-01 6.092400e-15 0 
    4.197591 3.521017e-01 5.995000e-15 0 
    4.226686 3.512889e-01 5.899100e-15 0 
    4.246193 3.504822e-01 5.831600e-15 0 
    4.265796 3.480725e-01 5.738400e-15 0 
    4.285485 3.464691e-01 5.659600e-15 0 
    4.305264 3.370273e-01 5.454900e-15 0 
    4.325140 3.263345e-01 5.233400e-15 0 
    4.345102 3.285986e-01 5.221400e-15 0 
    4.365157 3.203776e-01 5.044100e-15 0 
    4.385309 3.167143e-01 4.940700e-15 0 
    4.405549 3.145335e-01 4.861700e-15 0 
    4.425883 3.095039e-01 4.740100e-15 0 
    4.446310 3.073723e-01 4.664300e-15 0 
    4.466837 3.059603e-01 4.600300e-15 0 
    4.487454 3.024614e-01 4.506000e-15 0 
    4.508165 3.024551e-01 4.464600e-15 0 
    4.518562 2.989992e-01 4.393300e-15 0 
    4.539417 2.969369e-01 4.323000e-15 0 
    4.560368 2.969389e-01 4.283400e-15 0 
    4.581416 2.962580e-01 4.234400e-15 0 
    4.602567 2.921928e-01 4.138000e-15 0 
    4.623810 2.935422e-01 4.119000e-15 0 
    4.645151 2.921872e-01 4.062400e-15 0 
    4.666595 2.915156e-01 4.015900e-15 0 
    4.688134 2.928649e-01 3.997500e-15 0 
    4.698940 2.895134e-01 3.933600e-15 0 
    4.720628 2.888421e-01 3.888500e-15 0 
    4.742421 2.901807e-01 3.870700e-15 0 
    4.764310 2.875162e-01 3.800000e-15 0 
    4.786299 2.881832e-01 3.773900e-15 0 
    4.808395 2.881836e-01 3.739300e-15 0 
    4.819479 2.842257e-01 3.671000e-15 0 
    4.841723 2.868554e-01 3.671000e-15 0 
    4.864070 2.842256e-01 3.604000e-15 0 
    4.886525 2.835766e-01 3.562800e-15 0 
    4.909079 2.829229e-01 3.522000e-15 0 
    4.920395 2.809765e-01 3.481700e-15 0 
    4.943104 2.816213e-01 3.457700e-15 0 
    4.965924 2.803312e-01 3.410300e-15 0 
    4.988845 2.816225e-01 3.394600e-15 0 
    5.000344 2.790717e-01 3.348400e-15 0 
    5.023429 2.810740e-01 3.341500e-15 0 
    5.046614 2.830888e-01 3.334600e-15 0 
    5.069906 2.837973e-01 3.312300e-15 0 
    5.081593 2.841517e-01 3.301200e-15 0 
    5.093306 2.851605e-01 3.297700e-15 0 
    5.105052 2.861733e-01 3.294200e-15 0 
    5.116820 2.871886e-01 3.290700e-15 0 
    5.128614 2.875409e-01 3.279600e-15 0 
    5.140436 2.885598e-01 3.276100e-15 0 
    5.152285 2.895819e-01 3.272600e-15 0 
    5.164162 2.899318e-01 3.261500e-15 0 
    5.176071 2.916278e-01 3.265500e-15 0 
    5.188002 2.933236e-01 3.269400e-15 0 
    5.199961 2.936770e-01 3.258300e-15 0 
    5.211947 2.947065e-01 3.254700e-15 0 
    5.223961 2.957392e-01 3.251100e-15 0 
    5.236003 2.960990e-01 3.240100e-15 0 
    5.248072 2.971351e-01 3.236500e-15 0 
    5.260175 2.981751e-01 3.232900e-15 0 
    5.272300 2.999034e-01 3.236700e-15 0 
    5.284453 3.023395e-01 3.248000e-15 0 
    5.296634 3.026875e-01 3.236800e-15 0 
    5.308843 3.030418e-01 3.225700e-15 0 
    5.321080 3.041007e-01 3.222100e-15 0 
    5.333352 3.058558e-01 3.225800e-15 0 
    5.345646 3.076199e-01 3.229500e-15 0 
    5.357968 3.094033e-01 3.233300e-15 0 
    5.370318 3.104660e-01 3.229500e-15 0 
    5.382697 3.122562e-01 3.233200e-15 0 
    5.395105 3.133386e-01 3.229500e-15 0 
    5.407541 3.151356e-01 3.233100e-15 0 
    5.420011 3.169531e-01 3.236800e-15 0 
    5.432505 3.180422e-01 3.233000e-15 0 
    5.445027 3.191345e-01 3.229200e-15 0 
    5.457579 3.209650e-01 3.232800e-15 0 
    5.470159 3.228154e-01 3.236500e-15 0 
    5.482768 3.246661e-01 3.240100e-15 0 
    5.495406 3.257719e-01 3.236200e-15 0 
    5.508079 3.276403e-01 3.239800e-15 0 
    5.520776 3.295183e-01 3.243400e-15 0 
    5.533502 3.313964e-01 3.246900e-15 0 
    5.546257 3.348331e-01 3.265500e-15 0 
    5.559041 3.367390e-01 3.269000e-15 0 
    5.571855 3.378896e-01 3.265100e-15 0 
    5.584705 3.406039e-01 3.276200e-15 0 
    5.597578 3.433353e-01 3.287300e-15 0 
    5.610481 3.452871e-01 3.290800e-15 0 
    5.623413 3.488519e-01 3.309500e-15 0 
    5.636376 3.516481e-01 3.320700e-15 0 
    5.649368 3.536541e-01 3.324300e-15 0 
    5.662390 3.572956e-01 3.343100e-15 0 
    5.675448 3.609854e-01 3.362100e-15 0 
    5.688531 3.638705e-01 3.373400e-15 0 
    5.701643 3.667852e-01 3.384800e-15 0 
    5.714786 3.705683e-01 3.404000e-15 0 
    5.727959 3.752424e-01 3.431100e-15 0 
    5.741162 3.799847e-01 3.458500e-15 0 
    5.754402 3.839027e-01 3.478100e-15 0 
    5.767667 3.887463e-01 3.505800e-15 0 
    5.780962 3.936597e-01 3.533800e-15 0 
    5.794287 3.986213e-01 3.561900e-15 0 
    5.807643 4.055204e-01 3.606900e-15 0 
    5.821030 4.115711e-01 3.643900e-15 0 
    5.834448 4.177258e-01 3.681400e-15 0 
    5.847904 4.259245e-01 3.736400e-15 0 
    5.861383 4.332840e-01 3.783500e-15 0 
    5.874894 4.407716e-01 3.831200e-15 0 
    5.888436 4.504457e-01 3.897300e-15 0 
    5.902009 4.592825e-01 3.955500e-15 0 
    5.915614 4.704426e-01 4.033000e-15 0 
    5.924495 4.954431e-01 4.234600e-15 3 
    5.955481 5.082647e-01 4.299100e-15 3 
    5.986466 5.584123e-01 4.674500e-15 3 
    6.017451 5.922462e-01 4.906800e-15 3 
    6.048437 6.829913e-01 5.600800e-15 3 
    6.079422 6.496225e-01 5.273000e-15 3 
    6.110407 7.810045e-01 6.275300e-15 3 
    6.141393 9.012030e-01 7.168200e-15 3 
    6.172378 1.222014e+00 9.622600e-15 3 
    6.203363 1.533624e+00 1.195600e-14 3 
    6.234349 1.698493e+00 1.311000e-14 3 
    6.265334 1.551334e+00 1.185600e-14 3 
    6.296319 1.432985e+00 1.084400e-14 3 
    6.327305 1.213241e+00 9.091400e-15 3 
    6.358290 1.022205e+00 7.585400e-15 3 
    6.389276 9.681275e-01 7.114600e-15 3 
    6.420261 8.564640e-01 6.233400e-15 3 
    6.451246 7.792107e-01 5.616800e-15 3 
    6.482232 7.311364e-01 5.220000e-15 3 
    6.513217 7.206932e-01 5.096600e-15 3 
    6.544202 6.889940e-01 4.826400e-15 3 
    6.575188 6.697384e-01 4.647400e-15 3 
    6.606173 7.163173e-01 4.924100e-15 3 
    6.637158 6.573713e-01 4.476800e-15 3 
    6.668145 7.830287e-01 5.283100e-15 3 
    6.699129 7.156149e-01 4.783700e-15 3 
    6.730114 6.648015e-01 4.403200e-15 3 
    6.761100 7.146536e-01 4.690100e-15 3 
    6.792085 8.331669e-01 5.418100e-15 3 
    6.823071 7.144843e-01 4.604200e-15 3 
    6.854056 8.183270e-01 5.225800e-15 3 
    6.885041 7.944558e-01 5.027800e-15 3 
    6.916027 7.153191e-01 4.486500e-15 3 
    6.947012 7.619120e-01 4.736200e-15 3 
    6.977998 8.544389e-01 5.264300e-15 3 
    7.008983 9.344226e-01 5.706300e-15 3 
    7.039968 8.708389e-01 5.271300e-15 3 
    7.070954 8.600389e-01 5.160400e-15 3 
    7.101939 8.138265e-01 4.840600e-15 3 
    7.132924 8.710587e-01 5.136100e-15 3 
    7.163910 9.975553e-01 5.831200e-15 3 
    7.194895 9.154218e-01 5.305100e-15 3 
    7.225881 1.000565e+00 5.748900e-15 3 
    7.256866 9.864664e-01 5.619600e-15 3 
    7.287851 1.158230e+00 6.542100e-15 3 
    7.318838 1.296372e+00 7.260500e-15 3 
    7.349822 1.339531e+00 7.439100e-15 3 
    7.380807 1.351830e+00 7.444500e-15 3 
    7.411793 1.391276e+00 7.597800e-15 3 
    7.442778 1.515015e+00 8.204800e-15 3 
    7.473763 1.709806e+00 9.183100e-15 3 
    7.504748 1.913608e+00 1.019300e-14 3 
    7.533706 1.838918e+00 9.720000e-15 3 
    7.535734 2.146370e+00 1.133900e-14 3 
    7.566720 2.191159e+00 1.148100e-14 3 
    7.595799 2.416315e+00 1.256400e-14 3 
    7.597705 2.197788e+00 1.142200e-14 3 
    7.657894 2.457938e+00 1.257400e-14 3 
    7.719988 2.437766e+00 1.227100e-14 3 
    7.782082 2.306559e+00 1.142600e-14 3 
    7.844176 2.292238e+00 1.117600e-14 3 
    7.906271 2.203030e+00 1.057300e-14 3 
    7.968365 1.927851e+00 9.108700e-15 3 
    8.030459 1.659197e+00 7.718600e-15 3 
    8.092554 1.417781e+00 6.494700e-15 3 
    8.154648 1.356986e+00 6.121900e-15 3 
    8.216741 1.285955e+00 5.714100e-15 3 
    8.278836 1.290592e+00 5.649000e-15 3 
    8.340930 1.313595e+00 5.664400e-15 3 
    8.403025 1.364460e+00 5.797100e-15 3 
    8.465119 1.387375e+00 5.808300e-15 3 
    8.527213 1.518231e+00 6.263900e-15 3 
    8.589307 1.577876e+00 6.416200e-15 3 
    8.651402 1.540945e+00 6.176400e-15 3 
    8.713495 1.306062e+00 5.160600e-15 3 
    8.775590 1.118815e+00 4.358400e-15 3 
    8.837684 9.479563e-01 3.641100e-15 3 
    8.899778 8.331420e-01 3.155600e-15 3 
    8.961872 7.340269e-01 2.741800e-15 3 
    9.023966 6.824541e-01 2.514200e-15 3 
    9.086060 6.363729e-01 2.312500e-15 3 
    9.148155 5.825294e-01 2.088200e-15 3 
    9.210249 5.964305e-01 2.109300e-15 3 
    9.272344 5.694787e-01 1.987100e-15 3 
    9.334438 5.518343e-01 1.900000e-15 3 
    9.396532 5.695015e-01 1.935000e-15 3 
    9.458626 5.032440e-01 1.687500e-15 3 
    9.520720 5.317486e-01 1.759900e-15 3 
    9.582815 5.471558e-01 1.787500e-15 3 
    9.644909 5.876654e-01 1.895200e-15 3 
    9.707002 6.157034e-01 1.960300e-15 3 
    9.769098 5.707347e-01 1.794100e-15 3 
    9.831192 5.346807e-01 1.659600e-15 3 
    9.893286 5.390745e-01 1.652300e-15 3 
    9.955380 5.069786e-01 1.534600e-15 3 
   10.017470 5.313852e-01 1.588600e-15 3 
   10.079570 5.623096e-01 1.660400e-15 3 
   10.141659 5.507792e-01 1.606500e-15 3 
   10.203760 5.495281e-01 1.583400e-15 3 
   10.265850 5.287300e-01 1.505100e-15 3 
   10.327949 5.292794e-01 1.488600e-15 3 
   10.390041 5.584766e-01 1.552000e-15 3 
   10.452130 6.167722e-01 1.693700e-15 3 
   10.514230 6.234228e-01 1.691800e-15 3 
   10.576320 7.224198e-01 1.937500e-15 3 
   10.638420 7.529221e-01 1.995800e-15 3 
   10.700510 7.476146e-01 1.958800e-15 3 
   10.762600 7.673587e-01 1.987400e-15 3 
   10.824700 7.359316e-01 1.884200e-15 3 
   10.886791 7.703548e-01 1.949900e-15 3 
   10.948890 9.575869e-01 2.396400e-15 3 
   11.010980 1.137368e+00 2.814300e-15 3 
   11.073080 1.236226e+00 3.024700e-15 3 
   11.135170 1.527458e+00 3.695700e-15 3 
   11.197260 2.386415e+00 5.710100e-15 3 
   11.259360 3.198614e+00 7.569300e-15 3 
   11.321450 3.026046e+00 7.082600e-15 3 
   11.383550 2.462249e+00 5.700300e-15 3 
   11.445640 2.002638e+00 4.586100e-15 3 
   11.507740 1.698743e+00 3.848300e-15 3 
   11.569830 1.516555e+00 3.398800e-15 3 
   11.631920 1.406730e+00 3.119100e-15 3 
   11.694020 1.266580e+00 2.778600e-15 3 
   11.756110 1.192765e+00 2.589100e-15 3 
   11.818209 1.184123e+00 2.543400e-15 3 
   11.880299 1.260535e+00 2.679300e-15 3 
   11.942400 1.339068e+00 2.816700e-15 3 
   12.004490 1.382858e+00 2.878800e-15 3 
   12.066580 1.432145e+00 2.950800e-15 3 
   12.128680 1.334143e+00 2.720800e-15 3 
   12.190770 1.270063e+00 2.563800e-15 3 
   12.252870 1.342738e+00 2.683100e-15 3 
   12.314959 1.474573e+00 2.916900e-15 3 
   12.377051 1.502042e+00 2.941500e-15 3 
   12.439150 1.511220e+00 2.930000e-15 3 
   12.501240 1.607090e+00 3.085000e-15 3 
   12.563340 1.711853e+00 3.253700e-15 3 
   12.625430 1.799111e+00 3.386000e-15 3 
   12.687530 1.895033e+00 3.531700e-15 3 
   12.749620 2.043343e+00 3.771100e-15 3 
   12.811710 2.521682e+00 4.608900e-15 3 
   12.873810 2.422051e+00 4.384200e-15 3 
   12.935900 1.578662e+00 2.830200e-15 3 
   12.998000 1.259338e+00 2.236200e-15 3 
   13.060090 1.205844e+00 2.120900e-15 3 
   13.122180 1.112071e+00 1.937500e-15 3 
   13.184280 1.146435e+00 1.978600e-15 3 
   13.246370 1.155914e+00 1.976300e-15 3 
   13.308470 1.092152e+00 1.849900e-15 3 
   13.370559 1.148013e+00 1.926500e-15 3 
   13.432659 1.118224e+00 1.859200e-15 3 
   13.494750 1.072618e+00 1.767000e-15 3 
   13.556841 1.068175e+00 1.743600e-15 3 
   13.618941 1.087196e+00 1.758500e-15 3 
   13.681030 1.093451e+00 1.752600e-15 3 
   13.743130 9.944825e-01 1.579600e-15 3 
   13.805220 9.858281e-01 1.551800e-15 3 
   13.867320 9.592693e-01 1.496500e-15 3 
   13.929409 9.837242e-01 1.521000e-15 3 
   13.991500 1.012677e+00 1.551900e-15 3 
   14.053600 1.028007e+00 1.561500e-15 3 
   14.115691 1.048534e+00 1.578700e-15 3 
   14.177789 1.050008e+00 1.567100e-15 3 
   14.239880 1.110729e+00 1.643300e-15 3 
   14.301980 1.139256e+00 1.670900e-15 3 
   14.364070 1.047176e+00 1.522600e-15 3 
   14.426159 1.012336e+00 1.459300e-15 3 
   14.488261 8.867986e-01 1.267400e-15 3 
   14.541691 9.408595e-01 1.334800e-15 3 
   14.633380 8.970149e-01 1.256700e-15 3 
   14.725080 9.001974e-01 1.245500e-15 3 
   14.816770 8.768295e-01 1.198200e-15 3 
   14.908459 8.696378e-01 1.173800e-15 3 
   15.000150 8.622172e-01 1.149600e-15 3 
   15.091850 8.442450e-01 1.112000e-15 3 
   15.183541 8.735925e-01 1.136800e-15 3 
   15.275230 8.865862e-01 1.139900e-15 3 
   15.366930 8.960822e-01 1.138400e-15 3 
   15.458620 9.308637e-01 1.168600e-15 3 
   15.550309 1.114109e+00 1.382200e-15 3 
   15.642000 1.196447e+00 1.467000e-15 3 
   15.733700 1.042018e+00 1.262800e-15 3 
   15.825391 1.013877e+00 1.214500e-15 3 
   15.917080 1.042043e+00 1.233900e-15 3 
   16.008780 1.086204e+00 1.271500e-15 3 
   16.100470 1.097646e+00 1.270300e-15 3 
   16.192159 1.105376e+00 1.264800e-15 3 
   16.283859 1.194653e+00 1.351600e-15 3 
   16.375550 1.470761e+00 1.645400e-15 3 
   16.467239 1.819099e+00 2.012500e-15 3 
   16.558930 1.806417e+00 1.976400e-15 3 
   16.650631 1.653942e+00 1.789700e-15 3 
   16.742319 1.658473e+00 1.775000e-15 3 
   16.834009 1.691235e+00 1.790400e-15 3 
   16.925700 1.737879e+00 1.819900e-15 3 
   17.017400 2.099445e+00 2.174900e-15 3 
   17.109091 2.319716e+00 2.377400e-15 3 
   17.200781 1.965444e+00 1.992900e-15 3 
   17.292481 1.829565e+00 1.835500e-15 3 
   17.384170 1.820006e+00 1.806700e-15 3 
   17.475861 1.738064e+00 1.707300e-15 3 
   17.567561 1.515012e+00 1.472700e-15 3 
   17.659250 1.371408e+00 1.319300e-15 3 
   17.750941 1.330650e+00 1.266900e-15 3 
   17.842630 1.311429e+00 1.235800e-15 3 
   17.934330 1.271336e+00 1.185800e-15 3 
   18.026020 1.185372e+00 1.094400e-15 3 
   18.117709 1.103909e+00 1.008900e-15 3 
   18.209409 1.109918e+00 1.004200e-15 3 
   18.301100 1.100804e+00 9.860000e-16 3 
   18.392789 1.120613e+00 9.937600e-16 3 
   18.484489 1.111063e+00 9.755400e-16 3 
   18.576180 1.109610e+00 9.646700e-16 3 
   18.667870 1.347492e+00 1.160000e-15 3 
   18.759559 1.778961e+00 1.516500e-15 3 
   18.851259 1.497529e+00 1.264200e-15 3 
   18.942950 1.248149e+00 1.043500e-15 3 
   19.034639 1.204428e+00 9.972700e-16 3 
   19.126341 1.198441e+00 9.828200e-16 3 
   19.218031 1.175217e+00 9.546000e-16 3 
   19.309719 1.177136e+00 9.471000e-16 3 
   19.401409 1.151779e+00 9.179600e-16 3 
   19.493111 1.086734e+00 8.579900e-16 3 
   19.584800 1.140644e+00 8.921400e-16 3 
   19.676491 1.138082e+00 8.818600e-16 3 
   19.768191 1.108217e+00 8.507700e-16 3 
   19.859880 1.138925e+00 8.662900e-16 3 
   19.951570 1.135985e+00 8.561300e-16 3 
   20.043261 1.091051e+00 8.147600e-16 3 
   20.134961 1.113207e+00 8.237500e-16 3 
   20.226650 1.108285e+00 8.126900e-16 3 
   20.318341 1.143539e+00 8.309900e-16 3 
   20.410041 1.112172e+00 8.009500e-16 3 
   20.520050 1.156096e+00 8.236800e-16 3 
   20.696581 1.206458e+00 8.449600e-16 3 
   20.873220 1.133654e+00 7.805900e-16 3 
   21.049950 1.118356e+00 7.571800e-16 3 
   21.226789 1.190393e+00 7.925800e-16 3 
   21.403730 1.175718e+00 7.699200e-16 3 
   21.580780 1.185780e+00 7.638200e-16 3 
   21.757919 1.240563e+00 7.861500e-16 3 
   21.935169 1.299623e+00 8.103200e-16 3 
   22.112520 1.268013e+00 7.779800e-16 3 
   22.289980 1.252558e+00 7.563100e-16 3 
   22.467541 1.310537e+00 7.788600e-16 3 
   22.645200 1.344062e+00 7.863000e-16 3 
   22.822969 1.344933e+00 7.746000e-16 3 
   23.000839 1.335329e+00 7.572200e-16 3 
   23.178809 1.388147e+00 7.751300e-16 3 
   23.356889 1.426344e+00 7.843600e-16 3 
   23.535070 1.458288e+00 7.898300e-16 3 
   23.713359 1.468339e+00 7.833600e-16 3 
   23.891759 1.491371e+00 7.838100e-16 3 
   24.070259 1.504759e+00 7.791600e-16 3 
   24.248859 1.518234e+00 7.746000e-16 3 
   24.427570 1.562197e+00 7.854100e-16 3 
   24.606380 1.543676e+00 7.648600e-16 3 
   24.785311 1.541840e+00 7.529600e-16 3 
   24.964331 1.588146e+00 7.644900e-16 3 
   25.143459 1.633988e+00 7.753900e-16 3 
   25.322700 1.656385e+00 7.749300e-16 3 
   25.502050 1.639934e+00 7.564800e-16 3 
   25.681500 1.745559e+00 7.939900e-16 3 
   25.861059 1.947551e+00 8.736100e-16 3 
   26.040730 2.027781e+00 8.970899e-16 3 
   26.220509 1.832182e+00 7.994800e-16 3 
   26.400391 1.740198e+00 7.490300e-16 3 
   26.580378 1.749429e+00 7.428400e-16 3 
   26.760481 1.763024e+00 7.385700e-16 3 
   26.940678 1.789364e+00 7.396100e-16 3 
   27.121000 1.804889e+00 7.361400e-16 3 
   27.301419 1.833182e+00 7.378300e-16 3 
   27.481950 1.835654e+00 7.291500e-16 3 
   27.662591 1.853309e+00 7.265800e-16 3 
   27.843341 1.888926e+00 7.309600e-16 3 
   28.024200 1.930117e+00 7.372900e-16 3 
   28.205169 2.206380e+00 8.320400e-16 3 
   28.386250 2.266227e+00 8.437400e-16 3 
   28.567441 2.023571e+00 7.438700e-16 3 
   28.748741 1.964787e+00 7.131800e-16 3 
   28.930150 2.009916e+00 7.204400e-16 3 
   29.111669 2.040669e+00 7.223700e-16 3 
   29.293300 2.078712e+00 7.267400e-16 3 
   29.475041 2.111044e+00 7.289700e-16 3 
   29.656891 2.164907e+00 7.384300e-16 3 
   29.838859 2.166210e+00 7.298900e-16 3 
   30.020941 2.198887e+00 7.319400e-16 3 
   30.203119 2.236145e+00 7.353900e-16 3 
   30.385419 2.284425e+00 7.422800e-16 3 
   30.567828 2.328412e+00 7.475700e-16 3 
   30.750359 2.391320e+00 7.586800e-16 3 
   30.932991 2.420384e+00 7.588600e-16 3 
   31.115741 2.423313e+00 7.508800e-16 3 
   31.298609 2.427946e+00 7.435500e-16 3 
   31.481581 2.457209e+00 7.437900e-16 3 
   31.664672 2.571634e+00 7.694500e-16 3 
   31.847878 2.614292e+00 7.732400e-16 3 
   32.031188 2.632058e+00 7.696100e-16 3 
   32.214619 2.752439e+00 7.956700e-16 3 
   32.398172 2.868705e+00 8.199100e-16 3 
   32.581828 2.827223e+00 7.989700e-16 3 
   32.765597 2.849830e+00 7.963500e-16 3 
   32.949491 2.942742e+00 8.131600e-16 3 
   33.133500 3.021810e+00 8.257600e-16 3 
   33.317619 3.209453e+00 8.673700e-16 3 
   33.501850 4.139689e+00 1.106500e-15 3 
   33.686200 4.432373e+00 1.171800e-15 3 
   33.870672 3.394058e+00 8.875500e-16 3 
   34.055259 3.235616e+00 8.369700e-16 3 
   34.239959 3.213831e+00 8.223900e-16 3 
   34.424772 3.102421e+00 7.853800e-16 3 
   34.609709 3.491002e+00 8.743300e-16 3 
   34.794763 5.299530e+00 1.313200e-15 3 
   34.979931 7.449657e+00 1.826500e-15 3 
