# NGC 3079       
# 
# An Atlas of Galaxy Spectral Energy Distributions from the Ultraviolet to the Mid-Infrared
# Brown et al. (2014)
# http://dx.doi.org/10.5072/03/529D3551F0117
# http://dx.doi.org/10.17909/t9-5bxk-dh29
# 
# The Spectral Energy Distributions of Active Galactic Nuclei
# Brown et al. (2019)
# http://dx.doi.org/10.17909/t9-3dbt-8734
# 
# Column 1: Observed wavelength (um)
# Column 2: f_nu (Jy)
# Column 3: f_lam (erg/s/cm2/A)
# Column 4: Source (0 = model, 1 = Optical Spectrun, 2 = Akari, 3 = Spitzer IRS)
# 
    0.010046 2.996243e-14 8.906600e-23 0 
    0.010233 4.705511e-14 1.348100e-22 0 
    0.010447 6.754299e-14 1.856600e-22 0 
    0.010641 9.785036e-14 2.592500e-22 0 
    0.010839 1.440666e-13 3.678800e-22 0 
    0.011041 2.363794e-13 5.817200e-22 0 
    0.011455 4.472751e-13 1.022600e-21 0 
    0.011830 7.826409e-13 1.677700e-21 0 
    0.012134 3.480169e-12 7.091100e-21 0 
    0.012560 5.553453e-12 1.056100e-20 0 
    0.012735 6.739129e-12 1.246600e-20 0 
    0.012853 7.578807e-12 1.376300e-20 0 
    0.013152 9.944340e-12 1.724700e-20 0 
    0.013243 1.240383e-11 2.121800e-20 0 
    0.013459 1.474397e-11 2.441800e-20 0 
    0.013740 2.180560e-11 3.465100e-20 0 
    0.014060 2.776928e-11 4.214200e-20 0 
    0.014355 9.196040e-11 1.338800e-19 0 
    0.014757 2.901265e-10 3.996800e-19 0 
    0.015171 3.720678e-10 4.849700e-19 0 
    0.015560 4.771010e-10 5.911700e-19 0 
    0.015959 6.117901e-10 7.206300e-19 0 
    0.016255 7.287239e-10 8.273900e-19 0 
    0.016672 9.323556e-10 1.006300e-18 0 
    0.017061 1.152377e-09 1.187700e-18 0 
    0.017378 1.360185e-09 1.351200e-18 0 
    0.017783 1.665716e-09 1.580200e-18 0 
    0.018072 1.925726e-09 1.768900e-18 0 
    0.018281 2.126148e-09 1.908600e-18 0 
    0.018664 2.556271e-09 2.201500e-18 0 
    0.019187 3.210680e-09 2.616400e-18 0 
    0.019454 3.677982e-09 2.915500e-18 0 
    0.019861 4.341025e-09 3.301500e-18 0 
    0.020277 5.147546e-09 3.755900e-18 0 
    0.020559 5.802166e-09 4.118200e-18 0 
    0.021086 6.738800e-09 4.546900e-18 0 
    0.021677 8.802180e-09 5.619700e-18 0 
    0.022080 1.022327e-08 6.290900e-18 0 
    0.022387 1.123524e-08 6.725300e-18 0 
    0.022803 1.301883e-08 7.511200e-18 0 
    0.023067 2.135795e-08 1.204200e-17 0 
    0.023496 3.958837e-08 2.151300e-17 0 
    0.024099 5.541049e-08 2.862300e-17 0 
    0.024717 5.978358e-08 2.935700e-17 0 
    0.025293 7.138173e-08 3.347400e-17 0 
    0.025823 6.692724e-08 3.011000e-17 0 
    0.026122 8.139632e-08 3.578600e-17 0 
    0.026485 9.153523e-08 3.914800e-17 0 
    0.026977 1.001323e-07 4.127700e-17 0 
    0.027479 1.090408e-07 4.332200e-17 0 
    0.027990 1.187408e-07 4.546900e-17 0 
    0.028510 1.289973e-07 4.761100e-17 0 
    0.029107 1.350775e-07 4.783100e-17 0 
    0.029717 1.512162e-07 5.137000e-17 0 
    0.030200 1.612882e-07 5.305300e-17 0 
    0.030903 1.801312e-07 5.658600e-17 0 
    0.031915 2.111456e-07 6.218900e-17 0 
    0.032885 2.391027e-07 6.633000e-17 0 
    0.033963 2.695272e-07 7.009900e-17 0 
    0.034914 2.989445e-07 7.357200e-17 0 
    0.035810 3.285482e-07 7.686200e-17 0 
    0.036728 3.618952e-07 8.048400e-17 0 
    0.037670 3.940785e-07 8.331300e-17 0 
    0.038637 4.164812e-07 8.369700e-17 0 
    0.039628 4.672975e-07 8.927100e-17 0 
    0.040644 5.111912e-07 9.283500e-17 0 
    0.041591 5.477563e-07 9.499700e-17 0 
    0.042364 5.748871e-07 9.609700e-17 0 
    0.043152 6.061678e-07 9.765900e-17 0 
    0.044259 6.570666e-07 1.006300e-16 0 
    0.045290 6.959668e-07 1.017900e-16 0 
    0.046132 7.287534e-07 1.027300e-16 0 
    0.047206 7.754854e-07 1.044000e-16 0 
    0.048195 8.252759e-07 1.065900e-16 0 
    0.049204 8.562390e-07 1.061000e-16 0 
    0.050234 9.153411e-07 1.088200e-16 0 
    0.050816 9.302183e-07 1.080700e-16 0 
    0.051404 1.010619e-06 1.147400e-16 0 
    0.052240 1.053401e-06 1.158000e-16 0 
    0.053211 1.092924e-06 1.158000e-16 0 
    0.054200 1.118360e-06 1.142100e-16 0 
    0.055208 1.187369e-06 1.168700e-16 0 
    0.056234 1.281138e-06 1.215400e-16 0 
    0.057148 1.372764e-06 1.261000e-16 0 
    0.058210 1.407995e-06 1.246600e-16 0 
    0.059156 1.515604e-06 1.299300e-16 0 
    0.060256 1.558091e-06 1.287400e-16 0 
    0.061235 1.522638e-06 1.218200e-16 0 
    0.062230 1.797132e-06 1.392200e-16 0 
    0.063241 1.886262e-06 1.414900e-16 0 
    0.064269 1.975070e-06 1.434500e-16 0 
    0.065313 2.111423e-06 1.484900e-16 0 
    0.066069 2.200890e-06 1.512600e-16 0 
    0.066681 2.309882e-06 1.558500e-16 0 
    0.067764 2.396544e-06 1.565700e-16 0 
    0.068707 2.413197e-06 1.533600e-16 0 
    0.069823 2.822120e-06 1.736600e-16 0 
    0.070795 2.809355e-06 1.681600e-16 0 
    0.071945 3.195886e-06 1.852300e-16 0 
    0.072946 3.369687e-06 1.899800e-16 0 
    0.073790 3.528518e-06 1.944100e-16 0 
    0.074817 3.895731e-06 2.087900e-16 0 
    0.075858 4.184051e-06 2.181300e-16 0 
    0.076736 4.291279e-06 2.186300e-16 0 
    0.077804 4.848420e-06 2.402800e-16 0 
    0.078705 5.183125e-06 2.510200e-16 0 
    0.079799 5.540905e-06 2.610400e-16 0 
    0.080724 5.896441e-06 2.714600e-16 0 
    0.081846 6.245708e-06 2.797100e-16 0 
    0.082794 6.895747e-06 3.017900e-16 0 
    0.083753 5.923567e-06 2.533400e-16 0 
    0.084723 7.543824e-06 3.152900e-16 0 
    0.085901 7.935603e-06 3.226300e-16 0 
    0.086896 8.701423e-06 3.457100e-16 0 
    0.087902 9.518856e-06 3.695800e-16 0 
    0.088920 1.058242e-05 4.015200e-16 0 
    0.089743 1.136553e-05 4.233600e-16 0 
    0.090782 1.147062e-05 4.175500e-16 0 
    0.091833 1.903649e-05 6.771900e-16 0 
    0.092897 1.430858e-04 4.974100e-15 0 
    0.093756 3.218088e-04 1.098300e-14 0 
    0.094842 6.510285e-04 2.171300e-14 0 
    0.095940 1.003657e-03 3.271200e-14 0 
    0.096828 1.043730e-03 3.339700e-14 0 
    0.097949 1.450742e-04 4.536400e-15 0 
    0.098855 7.561162e-04 2.321200e-14 0 
    0.099770 9.519061e-04 2.868900e-14 0 
    0.100925 1.677203e-03 4.939800e-14 0 
    0.101859 1.736161e-03 5.020100e-14 0 
    0.102802 7.899416e-04 2.242400e-14 0 
    0.103992 1.126133e-03 3.124000e-14 0 
    0.104954 2.597675e-03 7.074700e-14 0 
    0.105925 2.621727e-03 7.009900e-14 0 
    0.106905 1.908018e-03 5.008500e-14 0 
    0.107895 2.480806e-03 6.393100e-14 0 
    0.108893 1.817981e-03 4.599500e-14 0 
    0.109901 2.809276e-03 6.977700e-14 0 
    0.110918 2.758002e-03 6.725300e-14 0 
    0.111944 2.609718e-03 6.247600e-14 0 
    0.112980 2.336624e-03 5.491700e-14 0 
    0.114025 3.385253e-03 7.811100e-14 0 
    0.114815 3.059039e-03 6.961600e-14 0 
    0.115878 3.456159e-03 7.721700e-14 0 
    0.116950 3.635700e-03 7.974600e-14 0 
    0.118032 2.331259e-03 5.020100e-14 0 
    0.118850 3.677810e-03 7.811100e-14 0 
    0.119950 2.221220e-03 4.631400e-14 0 
    0.121060 1.430819e-03 2.928900e-14 0 
    0.121899 1.240460e-03 2.504400e-14 0 
    0.123027 2.701410e-03 5.354400e-14 0 
    0.123880 4.598250e-03 8.989000e-14 0 
    0.125026 5.218837e-03 1.001600e-13 0 
    0.125893 4.915794e-03 9.304900e-14 0 
    0.127057 4.117072e-03 7.650900e-14 0 
    0.127938 5.923627e-03 1.085700e-13 0 
    0.129122 6.480041e-03 1.166000e-13 0 
    0.130017 4.640771e-03 8.235900e-14 0 
    0.130918 4.630071e-03 8.104200e-14 0 
    0.132130 6.555024e-03 1.126400e-13 0 
    0.133045 6.318067e-03 1.070800e-13 0 
    0.133968 5.316088e-03 8.886100e-14 0 
    0.134896 7.105294e-03 1.171400e-13 0 
    0.136144 6.991473e-03 1.131600e-13 0 
    0.137088 6.061595e-03 9.676300e-14 0 
    0.138038 6.661450e-03 1.048800e-13 0 
    0.138995 6.864257e-03 1.065900e-13 0 
    0.139959 5.992259e-03 9.177200e-14 0 
    0.140929 6.347306e-03 9.587600e-14 0 
    0.141906 6.495156e-03 9.676300e-14 0 
    0.142889 6.991553e-03 1.027300e-13 0 
    0.143880 6.991572e-03 1.013200e-13 0 
    0.144877 7.648517e-03 1.093200e-13 0 
    0.145211 7.899607e-03 1.123900e-13 0 
    0.145881 7.666222e-03 1.080700e-13 0 
    0.146893 6.975736e-03 9.698600e-14 0 
    0.147911 7.138244e-03 9.788400e-14 0 
    0.148936 7.526330e-03 1.017900e-13 0 
    0.149969 7.862749e-03 1.048800e-13 0 
    0.151008 7.423196e-03 9.765900e-14 0 
    0.151705 6.406061e-03 8.350500e-14 0 
    0.152405 7.154624e-03 9.240800e-14 0 
    0.153109 6.880021e-03 8.804600e-14 0 
    0.154170 5.815491e-03 7.340200e-14 0 
    0.155239 6.895890e-03 8.584400e-14 0 
    0.155955 6.525096e-03 8.048400e-14 0 
    0.157036 6.677106e-03 8.122900e-14 0 
    0.158125 7.304527e-03 8.764200e-14 0 
    0.159221 8.009245e-03 9.477900e-14 0 
    0.159956 8.252569e-03 9.676300e-14 0 
    0.161065 8.271673e-03 9.565600e-14 0 
    0.162181 8.503305e-03 9.698600e-14 0 
    0.162930 7.972439e-03 9.009700e-14 0 
    0.164059 8.822494e-03 9.833600e-14 0 
    0.165196 9.132049e-03 1.003900e-13 0 
    0.165959 8.348189e-03 9.093100e-14 0 
    0.167109 9.475094e-03 1.017900e-13 0 
    0.167880 8.139264e-03 8.663800e-14 0 
    0.168267 9.651225e-03 1.022600e-13 0 
    0.169044 1.046163e-02 1.098300e-13 0 
    0.170216 9.830705e-03 1.017900e-13 0 
    0.171002 9.431710e-03 9.676300e-14 0 
    0.172187 8.883638e-03 8.989000e-14 0 
    0.172982 8.945213e-03 8.968300e-14 0 
    0.174181 9.899016e-03 9.788400e-14 0 
    0.174985 9.740755e-03 9.543600e-14 0 
    0.176198 1.082875e-02 1.046400e-13 0 
    0.177011 9.740666e-03 9.326300e-14 0 
    0.178238 1.019979e-02 9.631900e-14 0 
    0.179061 1.058255e-02 9.901700e-14 0 
    0.180302 1.176494e-02 1.085700e-13 0 
    0.181134 1.181908e-02 1.080700e-13 0 
    0.181970 1.072974e-02 9.721000e-14 0 
    0.183231 1.123485e-02 1.003900e-13 0 
    0.184077 1.077929e-02 9.543600e-14 0 
    0.185353 9.876129e-03 8.624000e-14 0 
    0.186209 9.921789e-03 8.584400e-14 0 
    0.187068 1.046135e-02 8.968300e-14 0 
    0.188365 1.190164e-02 1.006300e-13 0 
    0.189234 1.085398e-02 9.093100e-14 0 
    0.190108 1.048548e-02 8.703800e-14 0 
    0.191426 1.141800e-02 9.347800e-14 0 
    0.192309 1.097969e-02 8.906600e-14 0 
    0.193197 1.095441e-02 8.804600e-14 0 
    0.194089 1.147080e-02 9.135100e-14 0 
    0.195434 1.217843e-02 9.565600e-14 0 
    0.196336 1.144434e-02 8.906600e-14 0 
    0.197242 1.301871e-02 1.003900e-13 0 
    0.198153 1.360126e-02 1.039200e-13 0 
    0.199067 1.284069e-02 9.721000e-14 0 
    0.200447 1.257737e-02 9.391000e-14 0 
    0.201372 1.323088e-02 9.788400e-14 0 
    0.202302 1.269378e-02 9.304900e-14 0 
    0.203236 1.366434e-02 9.924500e-14 0 
    0.204174 1.290005e-02 9.283500e-14 0 
    0.205116 1.375899e-02 9.810900e-14 0 
    0.206063 1.320043e-02 9.326300e-14 0 
    0.207491 1.335331e-02 9.304900e-14 0 
    0.207970 1.464208e-02 1.015600e-13 0 
    0.208449 1.385449e-02 9.565600e-14 0 
    0.209411 1.470975e-02 1.006300e-13 0 
    0.210378 1.391839e-02 9.434300e-14 0 
    0.211349 1.407963e-02 9.456100e-14 0 
    0.212324 1.440744e-02 9.587600e-14 0 
    0.213304 1.481116e-02 9.765900e-14 0 
    0.214289 1.363297e-02 8.906600e-14 0 
    0.215278 1.430828e-02 9.262100e-14 0 
    0.216272 1.515620e-02 9.721000e-14 0 
    0.217270 1.474314e-02 9.369400e-14 0 
    0.218273 1.474316e-02 9.283500e-14 0 
    0.219281 1.454097e-02 9.072200e-14 0 
    0.220293 1.554497e-02 9.609700e-14 0 
    0.221309 1.519108e-02 9.304900e-14 0 
    0.222331 1.440751e-02 8.744000e-14 0 
    0.223357 1.398254e-02 8.408300e-14 0 
    0.224388 1.533173e-02 9.135100e-14 0 
    0.225424 1.467532e-02 8.663800e-14 0 
    0.226464 1.398260e-02 8.179200e-14 0 
    0.227510 1.460793e-02 8.466600e-14 0 
    0.228560 1.526130e-02 8.764200e-14 0 
    0.229615 1.594380e-02 9.072200e-14 0 
    0.230144 1.501823e-02 8.506300e-14 0 
    0.231207 1.509492e-02 8.471300e-14 0 
    0.232274 1.432315e-02 7.964500e-14 0 
    0.233346 1.054994e-02 5.812600e-14 0 
    0.234423 1.325732e-02 7.237300e-14 0 
    0.235505 1.299175e-02 7.027300e-14 0 
    0.236592 1.448392e-02 7.762600e-14 0 
    0.237137 1.306146e-02 6.968100e-14 0 
    0.238232 1.368370e-02 7.233100e-14 0 
    0.239332 1.268881e-02 6.645700e-14 0 
    0.240436 1.391994e-02 7.223700e-14 0 
    0.241546 1.336147e-02 6.870300e-14 0 
    0.242661 1.399819e-02 7.131700e-14 0 
    0.243220 1.514196e-02 7.679000e-14 0 
    0.244343 1.460168e-02 7.337100e-14 0 
    0.245471 1.583508e-02 7.883900e-14 0 
    0.246604 1.573408e-02 7.761800e-14 0 
    0.247172 1.566572e-02 7.692600e-14 0 
    0.248313 1.514168e-02 7.367100e-14 0 
    0.249460 1.579073e-02 7.612400e-14 0 
    0.250611 1.498381e-02 7.157200e-14 0 
    0.251189 1.705041e-02 8.106900e-14 0 
    0.252348 1.492669e-02 7.032100e-14 0 
    0.252930 1.556243e-02 7.297900e-14 0 
    0.253513 1.479747e-02 6.907300e-14 0 
    0.254683 1.532550e-02 7.088200e-14 0 
    0.255270 1.501502e-02 6.912700e-14 0 
    0.256448 1.666324e-02 7.601200e-14 0 
    0.257632 1.618027e-02 7.313200e-14 0 
    0.258226 1.750256e-02 7.874500e-14 0 
    0.259418 1.735136e-02 7.734900e-14 0 
    0.260615 1.720146e-02 7.597800e-14 0 
    0.261216 1.658377e-02 7.291300e-14 0 
    0.262422 1.647855e-02 7.178600e-14 0 
    0.263633 1.762580e-02 7.608000e-14 0 
    0.264241 1.863235e-02 8.005500e-14 0 
    0.265461 2.077325e-02 8.843500e-14 0 
    0.266686 2.181436e-02 9.201600e-14 0 
    0.267301 1.909258e-02 8.016500e-14 0 
    0.268534 2.051616e-02 8.535300e-14 0 
    0.269774 2.066993e-02 8.520400e-14 0 
    0.270396 1.960917e-02 8.046000e-14 0 
    0.271644 2.068716e-02 8.410500e-14 0 
    0.272270 1.935633e-02 7.833300e-14 0 
    0.273527 1.941177e-02 7.783700e-14 0 
    0.274789 2.085961e-02 8.287600e-14 0 
    0.275423 1.755603e-02 6.943000e-14 0 
    0.276694 1.826711e-02 7.158000e-14 0 
    0.277332 1.926620e-02 7.514800e-14 0 
    0.278612 2.056096e-02 7.946300e-14 0 
    0.279254 1.923810e-02 7.400900e-14 0 
    0.280543 1.525501e-02 5.814800e-14 0 
    0.281838 1.673646e-02 6.321000e-14 0 
    0.282488 2.088272e-02 7.850700e-14 0 
    0.283792 2.264833e-02 8.436400e-14 0 
    0.284446 2.178516e-02 8.077600e-14 0 
    0.285759 2.120392e-02 7.790000e-14 0 
    0.286418 2.020884e-02 7.390300e-14 0 
    0.287740 2.332371e-02 8.451200e-14 0 
    0.288403 2.387381e-02 8.610800e-14 0 
    0.289734 2.372336e-02 8.478100e-14 0 
    0.290402 2.383991e-02 8.480600e-14 0 
    0.292415 2.708248e-02 9.501900e-14 0 
    0.293765 2.599838e-02 9.037900e-14 0 
    0.295801 2.584260e-02 8.860500e-14 0 
    0.297852 2.696044e-02 9.116900e-14 0 
    0.299916 2.748650e-02 9.167300e-14 0 
    0.301995 2.834770e-02 9.324800e-14 0 
    0.304089 2.883496e-02 9.354900e-14 0 
    0.306196 2.926281e-02 9.363500e-14 0 
    0.308319 3.004137e-02 9.480700e-14 0 
    0.310456 3.076993e-02 9.577400e-14 0 
    0.311889 3.136138e-02 9.672000e-14 0 
    0.314051 3.124700e-02 9.504500e-14 0 
    0.316228 3.185805e-02 9.557400e-14 0 
    0.318420 3.255607e-02 9.632800e-14 0 
    0.319890 3.075482e-02 9.016400e-14 0 
    0.322107 3.283434e-02 9.494000e-14 0 
    0.324340 3.117110e-02 8.889400e-14 0 
    0.325837 3.443758e-02 9.730900e-14 0 
    0.328095 3.676840e-02 1.024700e-13 0 
    0.330370 3.688715e-02 1.013900e-13 0 
    0.331894 3.699693e-02 1.007600e-13 0 
    0.333426 3.685196e-02 9.944500e-14 0 
    0.334195 3.913860e-02 1.051300e-13 0 
    0.334966 3.808517e-02 1.018300e-13 0 
    0.335738 3.774993e-02 1.004700e-13 0 
    0.336512 3.690125e-02 9.776000e-14 0 
    0.337287 3.865271e-02 1.019300e-13 0 
    0.338065 3.866742e-02 1.015000e-13 0 
    0.338844 3.479170e-02 9.090700e-14 0 
    0.339625 3.577853e-02 9.305600e-14 0 
    0.340408 3.988121e-02 1.032500e-13 0 
    0.341193 4.101218e-02 1.056900e-13 0 
    0.341979 3.917813e-02 1.005000e-13 0 
    0.342768 3.973900e-02 1.014700e-13 0 
    0.343558 4.249549e-02 1.080100e-13 0 
    0.344350 4.135172e-02 1.046200e-13 0 
    0.345144 4.213429e-02 1.061100e-13 0 
    0.345939 3.629147e-02 9.097600e-14 0 
    0.346737 4.130183e-02 1.030600e-13 0 
    0.347536 3.785326e-02 9.402100e-14 0 
    0.348337 4.076171e-02 1.007800e-13 0 
    0.349140 3.735952e-02 9.194400e-14 0 
    0.349945 4.004532e-02 9.810100e-14 0 
    0.350752 3.950970e-02 9.634400e-14 0 
    0.351560 4.254533e-02 1.032700e-13 0 
    0.352371 4.217068e-02 1.018900e-13 0 
    0.353183 4.112952e-02 9.891800e-14 0 
    0.353997 4.048599e-02 9.692300e-14 0 
    0.354813 4.379791e-02 1.043700e-13 0 
    0.355631 4.651692e-02 1.103400e-13 0 
    0.356451 4.663851e-02 1.101200e-13 0 
    0.357273 4.570080e-02 1.074100e-13 0 
    0.358096 4.477887e-02 1.047600e-13 0 
    0.358922 4.075894e-02 9.491700e-14 0 
    0.359749 3.831546e-02 8.881700e-14 0 
    0.360579 4.032094e-02 9.303600e-14 0 
    0.361410 4.717022e-02 1.083400e-13 0 
    0.362243 4.333496e-02 9.907400e-14 0 
    0.363078 4.539196e-02 1.033000e-13 0 
    0.363915 4.733196e-02 1.072200e-13 0 
    0.364080 5.374191e-02 1.216300e-13 1 
    0.364355 4.696414e-02 1.061300e-13 1 
    0.364630 5.002212e-02 1.128700e-13 1 
    0.364905 5.608516e-02 1.263600e-13 1 
    0.365180 3.913033e-02 8.802800e-14 1 
    0.365455 5.928611e-02 1.331700e-13 1 
    0.365730 4.681991e-02 1.050100e-13 1 
    0.366005 2.404621e-02 5.385100e-14 1 
    0.366280 5.627161e-02 1.258300e-13 1 
    0.366555 4.374979e-02 9.768300e-14 1 
    0.366830 5.761593e-02 1.284500e-13 1 
    0.367105 3.484287e-02 7.756300e-14 1 
    0.367380 3.950875e-02 8.781800e-14 1 
    0.367655 4.194737e-02 9.309900e-14 1 
    0.367930 2.533677e-02 5.614900e-14 1 
    0.368205 4.872563e-02 1.078200e-13 1 
    0.368480 5.990504e-02 1.323600e-13 1 
    0.368755 3.773724e-02 8.325600e-14 1 
    0.369030 5.079177e-02 1.118900e-13 1 
    0.369305 5.458630e-02 1.200700e-13 1 
    0.369580 5.317880e-02 1.168000e-13 1 
    0.369855 3.617939e-02 7.934500e-14 1 
    0.370130 4.628646e-02 1.013600e-13 1 
    0.370405 6.147011e-02 1.344100e-13 1 
    0.370680 5.625764e-02 1.228300e-13 1 
    0.370955 6.367105e-02 1.388100e-13 1 
    0.371230 5.781202e-02 1.258500e-13 1 
    0.371505 3.937044e-02 8.557800e-14 1 
    0.371780 5.139033e-02 1.115400e-13 1 
    0.372055 4.485014e-02 9.720100e-14 1 
    0.372330 3.583715e-02 7.755300e-14 1 
    0.372605 4.779609e-02 1.032800e-13 1 
    0.372880 5.391025e-02 1.163200e-13 1 
    0.373155 6.213097e-02 1.338600e-13 1 
    0.373430 8.532014e-02 1.835500e-13 1 
    0.373705 1.414710e-01 3.039000e-13 1 
    0.373980 1.660337e-01 3.561400e-13 1 
    0.374255 1.437319e-01 3.078500e-13 1 
    0.374530 1.160804e-01 2.482600e-13 1 
    0.374805 7.674357e-02 1.638900e-13 1 
    0.375080 5.622711e-02 1.199000e-13 1 
    0.375355 5.463768e-02 1.163400e-13 1 
    0.375630 4.268776e-02 9.076200e-14 1 
    0.375905 6.142510e-02 1.304100e-13 1 
    0.376180 6.283106e-02 1.332000e-13 1 
    0.376455 5.729673e-02 1.212900e-13 1 
    0.376730 5.457981e-02 1.153700e-13 1 
    0.377005 5.218642e-02 1.101500e-13 1 
    0.377280 4.850005e-02 1.022200e-13 1 
    0.377555 6.613266e-02 1.391800e-13 1 
    0.377830 5.425185e-02 1.140100e-13 1 
    0.378105 6.006369e-02 1.260400e-13 1 
    0.378380 6.499028e-02 1.361800e-13 1 
    0.378655 6.044885e-02 1.264800e-13 1 
    0.378930 5.623861e-02 1.175000e-13 1 
    0.379205 4.020309e-02 8.387500e-14 1 
    0.379480 7.306818e-02 1.522200e-13 1 
    0.379755 7.405863e-02 1.540600e-13 1 
    0.380030 6.880784e-02 1.429300e-13 1 
    0.380305 7.897384e-02 1.638100e-13 1 
    0.380580 7.417314e-02 1.536300e-13 1 
    0.380855 7.342941e-02 1.518700e-13 1 
    0.381130 5.696616e-02 1.176500e-13 1 
    0.381405 6.657182e-02 1.372900e-13 1 
    0.381680 8.723295e-02 1.796400e-13 1 
    0.381955 7.915485e-02 1.627700e-13 1 
    0.382230 7.282100e-02 1.495300e-13 1 
    0.382505 9.409688e-02 1.929400e-13 1 
    0.382780 8.232012e-02 1.685500e-13 1 
    0.383055 8.553447e-02 1.748800e-13 1 
    0.383330 7.501383e-02 1.531500e-13 1 
    0.383605 5.819403e-02 1.186400e-13 1 
    0.383880 6.206474e-02 1.263500e-13 1 
    0.384155 5.491268e-02 1.116300e-13 1 
    0.384430 7.811991e-02 1.585800e-13 1 
    0.384705 4.182965e-02 8.479100e-14 1 
    0.384980 5.755473e-02 1.165000e-13 1 
    0.385255 4.966675e-02 1.003900e-13 1 
    0.385530 7.126971e-02 1.438500e-13 1 
    0.385805 6.904447e-02 1.391600e-13 1 
    0.386080 7.768891e-02 1.563600e-13 1 
    0.386355 6.232031e-02 1.252500e-13 1 
    0.386630 7.646541e-02 1.534600e-13 1 
    0.386905 6.348585e-02 1.272300e-13 1 
    0.387180 7.862194e-02 1.573400e-13 1 
    0.387455 8.089541e-02 1.616600e-13 1 
    0.387730 7.977754e-02 1.592000e-13 1 
    0.388005 7.837523e-02 1.561800e-13 1 
    0.388280 7.935575e-02 1.579100e-13 1 
    0.388555 8.561791e-02 1.701300e-13 1 
    0.388830 8.179817e-02 1.623100e-13 1 
    0.389105 7.950661e-02 1.575400e-13 1 
    0.389380 7.800178e-02 1.543400e-13 1 
    0.389655 7.453385e-02 1.472700e-13 1 
    0.389930 6.135032e-02 1.210500e-13 1 
    0.390205 7.572902e-02 1.492100e-13 1 
    0.390480 6.666700e-02 1.311700e-13 1 
    0.390755 7.065960e-02 1.388300e-13 1 
    0.391030 6.144211e-02 1.205500e-13 1 
    0.391305 7.501329e-02 1.469700e-13 1 
    0.391580 8.074105e-02 1.579700e-13 1 
    0.391855 7.320257e-02 1.430200e-13 1 
    0.392130 8.216739e-02 1.603100e-13 1 
    0.392405 8.172835e-02 1.592300e-13 1 
    0.392680 8.292747e-02 1.613400e-13 1 
    0.392955 6.889422e-02 1.338500e-13 1 
    0.393230 7.633559e-02 1.481000e-13 1 
    0.393505 8.537187e-02 1.654000e-13 1 
    0.393780 9.114069e-02 1.763300e-13 1 
    0.394055 7.763450e-02 1.499900e-13 1 
    0.394330 6.462938e-02 1.246900e-13 1 
    0.394605 6.897572e-02 1.328900e-13 1 
    0.394880 6.409772e-02 1.233200e-13 1 
    0.395155 6.463985e-02 1.241900e-13 1 
    0.395430 6.867024e-02 1.317500e-13 1 
    0.395705 7.879229e-02 1.509600e-13 1 
    0.395980 7.453234e-02 1.426000e-13 1 
    0.396255 8.583128e-02 1.639900e-13 1 
    0.396530 9.022728e-02 1.721500e-13 1 
    0.396805 8.428524e-02 1.605900e-13 1 
    0.397080 7.686536e-02 1.462500e-13 1 
    0.397355 6.910889e-02 1.313100e-13 1 
    0.397630 6.837714e-02 1.297400e-13 1 
    0.397905 6.509408e-02 1.233400e-13 1 
    0.398180 4.942343e-02 9.351800e-14 1 
    0.398455 5.414993e-02 1.023200e-13 1 
    0.398730 5.784957e-02 1.091600e-13 1 
    0.399005 6.586841e-02 1.241200e-13 1 
    0.399280 8.275195e-02 1.557200e-13 1 
    0.399555 9.253510e-02 1.738900e-13 1 
    0.399830 8.888441e-02 1.668000e-13 1 
    0.400105 8.262470e-02 1.548400e-13 1 
    0.400380 8.926269e-02 1.670500e-13 1 
    0.400655 9.257444e-02 1.730100e-13 1 
    0.400930 9.214432e-02 1.719700e-13 1 
    0.401205 9.453501e-02 1.761900e-13 1 
    0.401480 8.850197e-02 1.647200e-13 1 
    0.401755 9.776427e-02 1.817100e-13 1 
    0.402030 9.980536e-02 1.852500e-13 1 
    0.402305 1.023589e-01 1.897300e-13 1 
    0.402580 1.071179e-01 1.982800e-13 1 
    0.402855 1.086438e-01 2.008300e-13 1 
    0.403130 1.098539e-01 2.027900e-13 1 
    0.403405 1.068739e-01 1.970200e-13 1 
    0.403680 1.079485e-01 1.987300e-13 1 
    0.403955 1.094011e-01 2.011300e-13 1 
    0.404230 1.041687e-01 1.912500e-13 1 
    0.404505 1.080575e-01 1.981200e-13 1 
    0.404780 1.070794e-01 1.960600e-13 1 
    0.405055 1.065304e-01 1.947900e-13 1 
    0.405330 8.896434e-02 1.624500e-13 1 
    0.405605 9.143767e-02 1.667400e-13 1 
    0.405880 1.054766e-01 1.920800e-13 1 
    0.406155 1.092048e-01 1.986000e-13 1 
    0.406430 1.019634e-01 1.851800e-13 1 
    0.406705 1.047480e-01 1.899800e-13 1 
    0.406980 1.024218e-01 1.855100e-13 1 
    0.407255 1.031628e-01 1.866000e-13 1 
    0.407530 1.108589e-01 2.002500e-13 1 
    0.407805 1.117126e-01 2.015200e-13 1 
    0.408080 1.012665e-01 1.824300e-13 1 
    0.408355 1.001412e-01 1.801600e-13 1 
    0.408630 1.009162e-01 1.813100e-13 1 
    0.408905 1.034988e-01 1.857000e-13 1 
    0.409180 9.343614e-02 1.674200e-13 1 
    0.409455 1.021456e-01 1.827800e-13 1 
    0.409730 9.597063e-02 1.715000e-13 1 
    0.410005 8.853482e-02 1.580000e-13 1 
    0.410280 9.916300e-02 1.767300e-13 1 
    0.410555 1.024423e-01 1.823300e-13 1 
    0.410830 9.502948e-02 1.689100e-13 1 
    0.411105 8.595712e-02 1.525800e-13 1 
    0.411380 8.117002e-02 1.438900e-13 1 
    0.411655 8.773500e-02 1.553200e-13 1 
    0.411930 9.197564e-02 1.626100e-13 1 
    0.412205 8.946483e-02 1.579600e-13 1 
    0.412480 8.364069e-02 1.474800e-13 1 
    0.412755 9.926131e-02 1.747900e-13 1 
    0.413030 1.140078e-01 2.004900e-13 1 
    0.413305 1.113127e-01 1.954900e-13 1 
    0.413580 9.969842e-02 1.748600e-13 1 
    0.413855 9.054788e-02 1.586000e-13 1 
    0.414130 1.005869e-01 1.759500e-13 1 
    0.414405 1.132626e-01 1.978600e-13 1 
    0.414680 9.969065e-02 1.739200e-13 1 
    0.414955 1.016424e-01 1.770900e-13 1 
    0.415230 1.066967e-01 1.856500e-13 1 
    0.415505 1.055951e-01 1.834900e-13 1 
    0.415780 9.658414e-02 1.676100e-13 1 
    0.416055 9.926231e-02 1.720300e-13 1 
    0.416330 1.203261e-01 2.082600e-13 1 
    0.416605 1.185239e-01 2.048700e-13 1 
    0.416880 1.020662e-01 1.761900e-13 1 
    0.417155 9.747924e-02 1.680500e-13 1 
    0.417430 1.097761e-01 1.890000e-13 1 
    0.417705 1.139221e-01 1.958800e-13 1 
    0.417980 1.022154e-01 1.755200e-13 1 
    0.418255 1.067992e-01 1.831500e-13 1 
    0.418530 1.013927e-01 1.736500e-13 1 
    0.418805 1.033852e-01 1.768300e-13 1 
    0.419080 1.030585e-01 1.760400e-13 1 
    0.419355 9.840462e-02 1.678700e-13 1 
    0.419630 1.065399e-01 1.815100e-13 1 
    0.419905 1.119927e-01 1.905500e-13 1 
    0.420180 1.087555e-01 1.848000e-13 1 
    0.420455 1.073423e-01 1.821600e-13 1 
    0.420730 1.016000e-01 1.721900e-13 1 
    0.421005 1.007816e-01 1.705800e-13 1 
    0.421280 1.093671e-01 1.848700e-13 1 
    0.421555 1.028281e-01 1.735900e-13 1 
    0.421830 1.118000e-01 1.884900e-13 1 
    0.422105 1.087269e-01 1.830700e-13 1 
    0.422380 1.086664e-01 1.827300e-13 1 
    0.422655 9.986417e-02 1.677100e-13 1 
    0.422930 1.034940e-01 1.735800e-13 1 
    0.423205 1.101599e-01 1.845200e-13 1 
    0.423480 1.177755e-01 1.970200e-13 1 
    0.423755 1.041137e-01 1.739400e-13 1 
    0.424030 9.733850e-02 1.624100e-13 1 
    0.424305 1.104213e-01 1.840000e-13 1 
    0.424580 9.548804e-02 1.589100e-13 1 
    0.424855 1.112553e-01 1.849100e-13 1 
    0.425130 1.104957e-01 1.834100e-13 1 
    0.425405 1.069288e-01 1.772600e-13 1 
    0.425680 1.055389e-01 1.747300e-13 1 
    0.425955 1.038247e-01 1.716700e-13 1 
    0.426230 1.037650e-01 1.713500e-13 1 
    0.426505 1.171539e-01 1.932100e-13 1 
    0.426780 9.815586e-02 1.616700e-13 1 
    0.427055 1.046656e-01 1.721700e-13 1 
    0.427330 1.143327e-01 1.878300e-13 1 
    0.427605 1.095370e-01 1.797200e-13 1 
    0.427880 1.140840e-01 1.869400e-13 1 
    0.428155 1.063420e-01 1.740300e-13 1 
    0.428430 9.689112e-02 1.583600e-13 1 
    0.428705 1.133788e-01 1.850700e-13 1 
    0.428980 1.051083e-01 1.713500e-13 1 
    0.429255 1.002988e-01 1.633000e-13 1 
    0.429530 1.013252e-01 1.647600e-13 1 
    0.429805 1.066337e-01 1.731700e-13 1 
    0.430080 1.094152e-01 1.774600e-13 1 
    0.430355 1.048201e-01 1.697900e-13 1 
    0.430630 1.059431e-01 1.713900e-13 1 
    0.430905 1.142731e-01 1.846300e-13 1 
    0.431180 8.437496e-02 1.361500e-13 1 
    0.431455 1.002932e-01 1.616300e-13 1 
    0.431730 8.632378e-02 1.389400e-13 1 
    0.432005 9.916184e-02 1.594000e-13 1 
    0.432280 8.292489e-02 1.331300e-13 1 
    0.432555 9.695096e-02 1.554500e-13 1 
    0.432830 1.066599e-01 1.708000e-13 1 
    0.433105 1.117539e-01 1.787300e-13 1 
    0.433380 1.111759e-01 1.775800e-13 1 
    0.433655 1.139686e-01 1.818100e-13 1 
    0.433930 1.083639e-01 1.726500e-13 1 
    0.434205 1.072004e-01 1.705800e-13 1 
    0.434480 1.019751e-01 1.620600e-13 1 
    0.434755 1.019719e-01 1.618500e-13 1 
    0.435030 1.121944e-01 1.778500e-13 1 
    0.435305 1.154881e-01 1.828400e-13 1 
    0.435580 1.015877e-01 1.606300e-13 1 
    0.435855 9.665018e-02 1.526300e-13 1 
    0.436130 1.001706e-01 1.579900e-13 1 
    0.436405 1.167327e-01 1.838800e-13 1 
    0.436680 1.080891e-01 1.700500e-13 1 
    0.436955 1.127121e-01 1.771000e-13 1 
    0.437230 1.165628e-01 1.829200e-13 1 
    0.437505 1.236002e-01 1.937200e-13 1 
    0.437780 1.159107e-01 1.814400e-13 1 
    0.438055 1.166321e-01 1.823400e-13 1 
    0.438330 1.214922e-01 1.897000e-13 1 
    0.438605 1.204199e-01 1.877900e-13 1 
    0.438880 1.074795e-01 1.674000e-13 1 
    0.439155 1.090800e-01 1.696800e-13 1 
    0.439430 1.136322e-01 1.765400e-13 1 
    0.439705 1.091729e-01 1.694000e-13 1 
    0.439980 1.104129e-01 1.711100e-13 1 
    0.440255 1.104864e-01 1.710100e-13 1 
    0.440530 1.135678e-01 1.755600e-13 1 
    0.440805 1.357702e-01 2.096200e-13 1 
    0.441080 1.251680e-01 1.930100e-13 1 
    0.441355 1.212594e-01 1.867500e-13 1 
    0.441630 1.094353e-01 1.683300e-13 1 
    0.441905 1.133275e-01 1.741000e-13 1 
    0.442180 1.152609e-01 1.768500e-13 1 
    0.442455 1.225498e-01 1.878000e-13 1 
    0.442730 1.161489e-01 1.777700e-13 1 
    0.443005 1.197407e-01 1.830400e-13 1 
    0.443280 1.243892e-01 1.899100e-13 1 
    0.443555 1.230287e-01 1.876000e-13 1 
    0.443830 1.142185e-01 1.739500e-13 1 
    0.444105 1.221046e-01 1.857300e-13 1 
    0.444380 1.259552e-01 1.913500e-13 1 
    0.444655 1.308498e-01 1.985400e-13 1 
    0.444930 1.255149e-01 1.902100e-13 1 
    0.445205 1.258750e-01 1.905200e-13 1 
    0.445480 1.264936e-01 1.912200e-13 1 
    0.445755 1.256629e-01 1.897300e-13 1 
    0.446030 1.222569e-01 1.843600e-13 1 
    0.446305 1.157748e-01 1.743700e-13 1 
    0.446580 1.230971e-01 1.851700e-13 1 
    0.446855 1.319814e-01 1.982900e-13 1 
    0.447130 1.307111e-01 1.961400e-13 1 
    0.447405 1.238526e-01 1.856200e-13 1 
    0.447680 1.275924e-01 1.909900e-13 1 
    0.447955 1.171541e-01 1.751500e-13 1 
    0.448230 1.267341e-01 1.892400e-13 1 
    0.448505 1.318113e-01 1.965800e-13 1 
    0.448780 1.323422e-01 1.971300e-13 1 
    0.449055 1.258769e-01 1.872700e-13 1 
    0.449330 1.256879e-01 1.867600e-13 1 
    0.449605 1.264617e-01 1.876800e-13 1 
    0.449880 1.362975e-01 2.020300e-13 1 
    0.450155 1.353564e-01 2.003900e-13 1 
    0.450430 1.246809e-01 1.843600e-13 1 
    0.450705 1.312726e-01 1.938700e-13 1 
    0.450980 1.277245e-01 1.884000e-13 1 
    0.451255 1.293261e-01 1.905300e-13 1 
    0.451530 1.338264e-01 1.969200e-13 1 
    0.451805 1.402630e-01 2.061400e-13 1 
    0.452080 1.417350e-01 2.080500e-13 1 
    0.452355 1.429101e-01 2.095200e-13 1 
    0.452630 1.394372e-01 2.041800e-13 1 
    0.452905 1.409947e-01 2.062100e-13 1 
    0.453180 1.391533e-01 2.032700e-13 1 
    0.453455 1.322831e-01 1.930000e-13 1 
    0.453730 1.381943e-01 2.013800e-13 1 
    0.454005 1.340058e-01 1.950400e-13 1 
    0.454280 1.264843e-01 1.838700e-13 1 
    0.454555 1.184141e-01 1.719300e-13 1 
    0.454830 1.230878e-01 1.785000e-13 1 
    0.455105 1.335513e-01 1.934400e-13 1 
    0.455380 1.394846e-01 2.017900e-13 1 
    0.455655 1.373970e-01 1.985300e-13 1 
    0.455930 1.364611e-01 1.969400e-13 1 
    0.456205 1.378884e-01 1.987600e-13 1 
    0.456480 1.357973e-01 1.955100e-13 1 
    0.456755 1.358636e-01 1.953700e-13 1 
    0.457030 1.328315e-01 1.907800e-13 1 
    0.457305 1.345180e-01 1.929700e-13 1 
    0.457580 1.400888e-01 2.007200e-13 1 
    0.457855 1.412215e-01 2.021000e-13 1 
    0.458130 1.418810e-01 2.028000e-13 1 
    0.458405 1.441877e-01 2.058500e-13 1 
    0.458680 1.466119e-01 2.090600e-13 1 
    0.458955 1.448920e-01 2.063600e-13 1 
    0.459230 1.463873e-01 2.082400e-13 1 
    0.459505 1.420442e-01 2.018200e-13 1 
    0.459780 1.347378e-01 1.912100e-13 1 
    0.460055 1.339889e-01 1.899200e-13 1 
    0.460330 1.425688e-01 2.018400e-13 1 
    0.460605 1.436373e-01 2.031100e-13 1 
    0.460880 1.414157e-01 1.997300e-13 1 
    0.461155 1.394083e-01 1.966600e-13 1 
    0.461430 1.396811e-01 1.968100e-13 1 
    0.461705 1.397126e-01 1.966200e-13 1 
    0.461980 1.398079e-01 1.965200e-13 1 
    0.462255 1.428449e-01 2.005500e-13 1 
    0.462530 1.453539e-01 2.038300e-13 1 
    0.462805 1.483541e-01 2.077900e-13 1 
    0.463080 1.540059e-01 2.154500e-13 1 
    0.463355 1.555557e-01 2.173600e-13 1 
    0.463630 1.439968e-01 2.009700e-13 1 
    0.463905 1.451362e-01 2.023200e-13 1 
    0.464180 1.497253e-01 2.084700e-13 1 
    0.464455 1.450131e-01 2.016700e-13 1 
    0.464730 1.536295e-01 2.134000e-13 1 
    0.465005 1.492633e-01 2.070900e-13 1 
    0.465280 1.539717e-01 2.133700e-13 1 
    0.465555 1.457731e-01 2.017700e-13 1 
    0.465830 1.321660e-01 1.827200e-13 1 
    0.466105 1.372610e-01 1.895400e-13 1 
    0.466380 1.414179e-01 1.950500e-13 1 
    0.466655 1.368592e-01 1.885400e-13 1 
    0.466930 1.369988e-01 1.885100e-13 1 
    0.467205 1.421151e-01 1.953200e-13 1 
    0.467480 1.486347e-01 2.040400e-13 1 
    0.467755 1.417133e-01 1.943100e-13 1 
    0.468030 1.363745e-01 1.867700e-13 1 
    0.468305 1.372366e-01 1.877300e-13 1 
    0.468580 1.410792e-01 1.927600e-13 1 
    0.468855 1.379548e-01 1.882700e-13 1 
    0.469130 1.391878e-01 1.897300e-13 1 
    0.469405 1.391454e-01 1.894500e-13 1 
    0.469680 1.404703e-01 1.910300e-13 1 
    0.469955 1.447060e-01 1.965600e-13 1 
    0.470230 1.554373e-01 2.108900e-13 1 
    0.470505 1.448973e-01 1.963600e-13 1 
    0.470780 1.412472e-01 1.911900e-13 1 
    0.471055 1.558501e-01 2.107100e-13 1 
    0.471330 1.499970e-01 2.025600e-13 1 
    0.471605 1.416389e-01 1.910500e-13 1 
    0.471880 1.411881e-01 1.902200e-13 1 
    0.472155 1.497943e-01 2.015800e-13 1 
    0.472430 1.484735e-01 1.995700e-13 1 
    0.472705 1.468439e-01 1.971500e-13 1 
    0.472980 1.477530e-01 1.981400e-13 1 
    0.473255 1.478876e-01 1.980900e-13 1 
    0.473530 1.489788e-01 1.993200e-13 1 
    0.473805 1.485832e-01 1.985600e-13 1 
    0.474080 1.552286e-01 2.072000e-13 1 
    0.474355 1.438956e-01 1.918500e-13 1 
    0.474630 1.313495e-01 1.749200e-13 1 
    0.474905 1.479809e-01 1.968400e-13 1 
    0.475180 1.563412e-01 2.077200e-13 1 
    0.475455 1.524682e-01 2.023400e-13 1 
    0.475730 1.600754e-01 2.121900e-13 1 
    0.476005 1.471038e-01 1.947700e-13 1 
    0.476280 1.422984e-01 1.881900e-13 1 
    0.476555 1.494046e-01 1.973600e-13 1 
    0.476830 1.559054e-01 2.057100e-13 1 
    0.477105 1.633163e-01 2.152400e-13 1 
    0.477380 1.593646e-01 2.097900e-13 1 
    0.477655 1.355388e-01 1.782200e-13 1 
    0.477930 1.523618e-01 2.001100e-13 1 
    0.478205 1.410879e-01 1.850900e-13 1 
    0.478480 1.481338e-01 1.941100e-13 1 
    0.478755 1.585038e-01 2.074600e-13 1 
    0.479030 1.610113e-01 2.105000e-13 1 
    0.479305 1.658444e-01 2.165700e-13 1 
    0.479580 1.638345e-01 2.137000e-13 1 
    0.479855 1.499689e-01 1.953900e-13 1 
    0.480130 1.494492e-01 1.944900e-13 1 
    0.480405 1.416121e-01 1.840800e-13 1 
    0.480680 1.439539e-01 1.869100e-13 1 
    0.480955 1.540807e-01 1.998300e-13 1 
    0.481230 1.483130e-01 1.921300e-13 1 
    0.481505 1.502987e-01 1.944800e-13 1 
    0.481780 1.526523e-01 1.973000e-13 1 
    0.482055 1.465369e-01 1.891800e-13 1 
    0.482330 1.544279e-01 1.991400e-13 1 
    0.482605 1.489444e-01 1.918500e-13 1 
    0.482880 1.663612e-01 2.140400e-13 1 
    0.483155 1.656014e-01 2.128200e-13 1 
    0.483430 1.619728e-01 2.079200e-13 1 
    0.483705 1.557152e-01 1.996600e-13 1 
    0.483980 1.601007e-01 2.050500e-13 1 
    0.484255 1.698426e-01 2.172800e-13 1 
    0.484530 1.694565e-01 2.165400e-13 1 
    0.484805 1.627702e-01 2.077600e-13 1 
    0.485080 1.548526e-01 1.974300e-13 1 
    0.485355 1.517774e-01 1.932900e-13 1 
    0.485630 1.576646e-01 2.005600e-13 1 
    0.485905 1.541757e-01 1.959000e-13 1 
    0.486180 1.503083e-01 1.907700e-13 1 
    0.486455 1.524109e-01 1.932200e-13 1 
    0.486730 1.507117e-01 1.908500e-13 1 
    0.487005 1.494274e-01 1.890100e-13 1 
    0.487280 1.662330e-01 2.100300e-13 1 
    0.487555 1.918873e-01 2.421700e-13 1 
    0.487830 1.878996e-01 2.368700e-13 1 
    0.488105 1.794790e-01 2.260000e-13 1 
    0.488380 1.656089e-01 2.083000e-13 1 
    0.488655 1.365922e-01 1.716100e-13 1 
    0.488930 1.417103e-01 1.778400e-13 1 
    0.489205 1.455793e-01 1.824900e-13 1 
    0.489480 1.455433e-01 1.822400e-13 1 
    0.489755 1.479216e-01 1.850100e-13 1 
    0.490030 1.500168e-01 1.874200e-13 1 
    0.490305 1.468277e-01 1.832300e-13 1 
    0.490580 1.420667e-01 1.770900e-13 1 
    0.490855 1.489563e-01 1.854700e-13 1 
    0.491130 1.473383e-01 1.832500e-13 1 
    0.491405 1.471572e-01 1.828200e-13 1 
    0.491680 1.491673e-01 1.851100e-13 1 
    0.491955 1.557397e-01 1.930500e-13 1 
    0.492230 1.519887e-01 1.881900e-13 1 
    0.492505 1.562660e-01 1.932700e-13 1 
    0.492780 1.606254e-01 1.984400e-13 1 
    0.493055 1.647024e-01 2.032500e-13 1 
    0.493330 1.546807e-01 1.906700e-13 1 
    0.493605 1.590602e-01 1.958500e-13 1 
    0.493880 1.411957e-01 1.736600e-13 1 
    0.494155 1.606032e-01 1.973100e-13 1 
    0.494430 1.531304e-01 1.879200e-13 1 
    0.494705 1.622254e-01 1.988600e-13 1 
    0.494980 1.533324e-01 1.877500e-13 1 
    0.495255 1.747193e-01 2.137000e-13 1 
    0.495530 1.606388e-01 1.962600e-13 1 
    0.495805 1.689457e-01 2.061800e-13 1 
    0.496080 1.602327e-01 1.953300e-13 1 
    0.496355 1.707414e-01 2.079100e-13 1 
    0.496630 1.736026e-01 2.111600e-13 1 
    0.496905 1.636138e-01 1.987900e-13 1 
    0.497180 1.911339e-01 2.319700e-13 1 
    0.497455 1.939438e-01 2.351200e-13 1 
    0.497730 1.923498e-01 2.329300e-13 1 
    0.498005 1.820551e-01 2.202200e-13 1 
    0.498280 1.827280e-01 2.207900e-13 1 
    0.498555 1.612638e-01 1.946400e-13 1 
    0.498830 1.666838e-01 2.009600e-13 1 
    0.499105 1.649911e-01 1.987000e-13 1 
    0.499380 1.673425e-01 2.013100e-13 1 
    0.499655 1.507418e-01 1.811400e-13 1 
    0.499930 1.664700e-01 1.998200e-13 1 
    0.500205 1.634256e-01 1.959500e-13 1 
    0.500480 1.608751e-01 1.926800e-13 1 
    0.500755 1.581097e-01 1.891600e-13 1 
    0.501030 1.687849e-01 2.017100e-13 1 
    0.501305 1.645807e-01 1.964700e-13 1 
    0.501580 1.842926e-01 2.197600e-13 1 
    0.501855 2.036192e-01 2.425400e-13 1 
    0.502130 2.326361e-01 2.768000e-13 1 
    0.502405 2.289618e-01 2.721300e-13 1 
    0.502680 2.145482e-01 2.547200e-13 1 
    0.502955 1.936269e-01 2.296300e-13 1 
    0.503230 1.634160e-01 1.935900e-13 1 
    0.503505 1.669580e-01 1.975700e-13 1 
    0.503780 1.611086e-01 1.904400e-13 1 
    0.504055 1.469549e-01 1.735200e-13 1 
    0.504330 1.509051e-01 1.779900e-13 1 
    0.504605 1.636143e-01 1.927700e-13 1 
    0.504880 1.649992e-01 1.941900e-13 1 
    0.505155 1.610111e-01 1.892900e-13 1 
    0.505430 1.436704e-01 1.687200e-13 1 
    0.505705 1.565284e-01 1.836200e-13 1 
    0.505980 1.566390e-01 1.835500e-13 1 
    0.506255 1.615080e-01 1.890500e-13 1 
    0.506530 1.654808e-01 1.934900e-13 1 
    0.506805 1.648985e-01 1.926000e-13 1 
    0.507080 1.638090e-01 1.911200e-13 1 
    0.507355 1.633089e-01 1.903300e-13 1 
    0.507630 1.683477e-01 1.959900e-13 1 
    0.507905 1.729328e-01 2.011100e-13 1 
    0.508180 1.588907e-01 1.845800e-13 1 
    0.508455 1.667754e-01 1.935300e-13 1 
    0.508730 1.713038e-01 1.985700e-13 1 
    0.509005 1.711609e-01 1.981900e-13 1 
    0.509280 1.592681e-01 1.842200e-13 1 
    0.509555 1.637156e-01 1.891600e-13 1 
    0.509830 1.598115e-01 1.844500e-13 1 
    0.510105 1.751454e-01 2.019300e-13 1 
    0.510380 1.716527e-01 1.976900e-13 1 
    0.510655 1.779571e-01 2.047300e-13 1 
    0.510930 1.631559e-01 1.875000e-13 1 
    0.511205 1.617549e-01 1.856900e-13 1 
    0.511480 1.499995e-01 1.720100e-13 1 
    0.511755 1.714964e-01 1.964500e-13 1 
    0.512030 1.601538e-01 1.832600e-13 1 
    0.512305 1.633966e-01 1.867700e-13 1 
    0.512580 1.590705e-01 1.816300e-13 1 
    0.512855 1.611437e-01 1.838000e-13 1 
    0.513130 1.616677e-01 1.842000e-13 1 
    0.513405 1.658738e-01 1.887900e-13 1 
    0.513680 1.727010e-01 1.963500e-13 1 
    0.513955 1.630332e-01 1.851600e-13 1 
    0.514230 1.680645e-01 1.906700e-13 1 
    0.514505 1.760798e-01 1.995500e-13 1 
    0.514780 1.603594e-01 1.815400e-13 1 
    0.515055 1.699041e-01 1.921400e-13 1 
    0.515330 1.613750e-01 1.823000e-13 1 
    0.515605 1.607231e-01 1.813700e-13 1 
    0.515880 1.711585e-01 1.929400e-13 1 
    0.516155 1.641300e-01 1.848200e-13 1 
    0.516430 1.570062e-01 1.766100e-13 1 
    0.516705 1.643732e-01 1.847000e-13 1 
    0.516980 1.705261e-01 1.914100e-13 1 
    0.517255 1.685493e-01 1.889900e-13 1 
    0.517530 1.721479e-01 1.928200e-13 1 
    0.517805 1.591215e-01 1.780400e-13 1 
    0.518080 1.682911e-01 1.881000e-13 1 
    0.518355 1.747751e-01 1.951400e-13 1 
    0.518630 1.520258e-01 1.695600e-13 1 
    0.518905 1.444772e-01 1.609700e-13 1 
    0.519180 1.609380e-01 1.791200e-13 1 
    0.519455 1.516554e-01 1.686100e-13 1 
    0.519730 1.525003e-01 1.693700e-13 1 
    0.520005 1.465957e-01 1.626400e-13 1 
    0.520280 1.408226e-01 1.560700e-13 1 
    0.520555 1.613039e-01 1.785800e-13 1 
    0.520830 1.620802e-01 1.792500e-13 1 
    0.521105 1.787797e-01 1.975100e-13 1 
    0.521380 1.609728e-01 1.776500e-13 1 
    0.521655 1.696602e-01 1.870400e-13 1 
    0.521930 1.644272e-01 1.810800e-13 1 
    0.522205 1.797444e-01 1.977400e-13 1 
    0.522480 1.463019e-01 1.607800e-13 1 
    0.522755 1.624607e-01 1.783500e-13 1 
    0.523030 1.669357e-01 1.830700e-13 1 
    0.523305 1.733185e-01 1.898700e-13 1 
    0.523580 1.726874e-01 1.889800e-13 1 
    0.523855 1.619742e-01 1.770700e-13 1 
    0.524130 1.643603e-01 1.794900e-13 1 
    0.524405 1.650462e-01 1.800500e-13 1 
    0.524680 1.712573e-01 1.866300e-13 1 
    0.524955 1.691588e-01 1.841500e-13 1 
    0.525230 1.691798e-01 1.839800e-13 1 
    0.525505 1.848861e-01 2.008500e-13 1 
    0.525780 1.753027e-01 1.902400e-13 1 
    0.526055 1.848674e-01 2.004100e-13 1 
    0.526330 1.768055e-01 1.914700e-13 1 
    0.526605 1.773693e-01 1.918800e-13 1 
    0.526880 1.841060e-01 1.989600e-13 1 
    0.527155 1.834646e-01 1.980600e-13 1 
    0.527430 1.664273e-01 1.794800e-13 1 
    0.527705 1.776748e-01 1.914100e-13 1 
    0.527980 1.577891e-01 1.698100e-13 1 
    0.528255 1.784081e-01 1.918000e-13 1 
    0.528530 1.622802e-01 1.742800e-13 1 
    0.528805 1.530441e-01 1.641900e-13 1 
    0.529080 1.634206e-01 1.751400e-13 1 
    0.529355 1.815898e-01 1.944100e-13 1 
    0.529630 1.723254e-01 1.843000e-13 1 
    0.529905 1.693781e-01 1.809600e-13 1 
    0.530180 1.778274e-01 1.897900e-13 1 
    0.530455 1.753951e-01 1.870000e-13 1 
    0.530730 1.746099e-01 1.859700e-13 1 
    0.531005 1.823476e-01 1.940100e-13 1 
    0.531280 1.982207e-01 2.106800e-13 1 
    0.531555 1.886685e-01 2.003200e-13 1 
    0.531830 1.804539e-01 1.914000e-13 1 
    0.532105 1.858786e-01 1.969500e-13 1 
    0.532380 1.956034e-01 2.070400e-13 1 
    0.532655 1.912093e-01 2.021800e-13 1 
    0.532930 1.993023e-01 2.105200e-13 1 
    0.533205 1.824307e-01 1.925000e-13 1 
    0.533480 1.890129e-01 1.992400e-13 1 
    0.533755 2.043357e-01 2.151700e-13 1 
    0.534030 1.911330e-01 2.010600e-13 1 
    0.534305 1.743437e-01 1.832100e-13 1 
    0.534580 1.695888e-01 1.780300e-13 1 
    0.534855 1.735681e-01 1.820200e-13 1 
    0.535130 1.862608e-01 1.951300e-13 1 
    0.535405 1.804324e-01 1.888300e-13 1 
    0.535680 1.829230e-01 1.912400e-13 1 
    0.535955 1.719082e-01 1.795400e-13 1 
    0.536230 1.894331e-01 1.976400e-13 1 
    0.536505 1.836020e-01 1.913600e-13 1 
    0.536780 1.902348e-01 1.980700e-13 1 
    0.537055 1.873629e-01 1.948800e-13 1 
    0.537330 2.105564e-01 2.187800e-13 1 
    0.537605 2.168799e-01 2.251200e-13 1 
    0.537880 2.019611e-01 2.094200e-13 1 
    0.538155 1.961244e-01 2.031600e-13 1 
    0.538430 1.925078e-01 1.992100e-13 1 
    0.538705 1.755535e-01 1.814800e-13 1 
    0.538980 1.805066e-01 1.864100e-13 1 
    0.539255 1.874277e-01 1.933600e-13 1 
    0.539530 1.990976e-01 2.051900e-13 1 
    0.539805 1.848477e-01 1.903100e-13 1 
    0.540080 2.080988e-01 2.140300e-13 1 
    0.540355 1.933320e-01 1.986400e-13 1 
    0.540630 1.911029e-01 1.961500e-13 1 
    0.540905 1.887422e-01 1.935300e-13 1 
    0.541180 1.918824e-01 1.965500e-13 1 
    0.541455 1.856961e-01 1.900200e-13 1 
    0.541730 1.834490e-01 1.875300e-13 1 
    0.542005 1.923798e-01 1.964600e-13 1 
    0.542280 1.898010e-01 1.936300e-13 1 
    0.542555 1.879723e-01 1.915700e-13 1 
    0.542830 1.796863e-01 1.829400e-13 1 
    0.543105 1.776267e-01 1.806600e-13 1 
    0.543380 1.775508e-01 1.804000e-13 1 
    0.543655 2.014148e-01 2.044400e-13 1 
    0.543930 1.905732e-01 1.932400e-13 1 
    0.544205 1.920394e-01 1.945300e-13 1 
    0.544480 2.025701e-01 2.049900e-13 1 
    0.544755 1.876203e-01 1.896700e-13 1 
    0.545030 1.882454e-01 1.901100e-13 1 
    0.545305 1.968507e-01 1.986000e-13 1 
    0.545580 1.859268e-01 1.873900e-13 1 
    0.545855 1.905241e-01 1.918300e-13 1 
    0.546130 1.838164e-01 1.848900e-13 1 
    0.546405 2.106131e-01 2.116300e-13 1 
    0.546680 1.889785e-01 1.897000e-13 1 
    0.546955 1.998686e-01 2.004300e-13 1 
    0.547230 1.768515e-01 1.771700e-13 1 
    0.547505 1.865817e-01 1.867300e-13 1 
    0.547780 1.940607e-01 1.940200e-13 1 
    0.548055 1.933745e-01 1.931400e-13 1 
    0.548330 2.038514e-01 2.034000e-13 1 
    0.548605 1.926292e-01 1.920100e-13 1 
    0.548880 2.068715e-01 2.060000e-13 1 
    0.549155 2.049478e-01 2.038800e-13 1 
    0.549430 2.058876e-01 2.046100e-13 1 
    0.549705 1.960112e-01 1.946000e-13 1 
    0.549980 1.955923e-01 1.939900e-13 1 
    0.550255 2.037612e-01 2.018900e-13 1 
    0.550530 1.996005e-01 1.975700e-13 1 
    0.550805 2.012967e-01 1.990500e-13 1 
    0.551080 2.010523e-01 1.986100e-13 1 
    0.551355 2.097142e-01 2.069600e-13 1 
    0.551630 2.044461e-01 2.015600e-13 1 
    0.551905 1.940499e-01 1.911200e-13 1 
    0.552180 1.905744e-01 1.875100e-13 1 
    0.552455 2.004088e-01 1.969900e-13 1 
    0.552730 1.867585e-01 1.833900e-13 1 
    0.553005 2.211956e-01 2.169900e-13 1 
    0.553280 2.043241e-01 2.002400e-13 1 
    0.553555 2.099407e-01 2.055400e-13 1 
    0.553830 1.934327e-01 1.891900e-13 1 
    0.554105 2.060494e-01 2.013300e-13 1 
    0.554380 2.051578e-01 2.002600e-13 1 
    0.554655 1.866567e-01 1.820200e-13 1 
    0.554930 1.982770e-01 1.931600e-13 1 
    0.555205 1.991003e-01 1.937700e-13 1 
    0.555480 1.969834e-01 1.915200e-13 1 
    0.555755 2.123334e-01 2.062400e-13 1 
    0.556030 2.128425e-01 2.065300e-13 1 
    0.556305 2.076579e-01 2.013000e-13 1 
    0.556580 2.121382e-01 2.054400e-13 1 
    0.556855 1.972053e-01 1.907900e-13 1 
    0.557130 2.159617e-01 2.087300e-13 1 
    0.557405 2.176352e-01 2.101400e-13 1 
    0.557680 2.082814e-01 2.009100e-13 1 
    0.557955 2.075114e-01 1.999700e-13 1 
    0.558230 1.989906e-01 1.915700e-13 1 
    0.558505 2.043127e-01 1.965000e-13 1 
    0.558780 1.983109e-01 1.905400e-13 1 
    0.559055 2.052675e-01 1.970300e-13 1 
    0.559330 2.005577e-01 1.923200e-13 1 
    0.559605 2.032602e-01 1.947200e-13 1 
    0.559880 1.968773e-01 1.884200e-13 1 
    0.560155 1.905861e-01 1.822200e-13 1 
    0.560430 1.953065e-01 1.865500e-13 1 
    0.560705 1.899859e-01 1.812900e-13 1 
    0.560980 2.040820e-01 1.945500e-13 1 
    0.561255 1.936034e-01 1.843800e-13 1 
    0.561530 2.015184e-01 1.917300e-13 1 
    0.561805 1.933307e-01 1.837600e-13 1 
    0.562080 1.975219e-01 1.875600e-13 1 
    0.562355 2.052629e-01 1.947200e-13 1 
    0.562630 1.969062e-01 1.866100e-13 1 
    0.562905 2.071433e-01 1.961200e-13 1 
    0.563180 2.178758e-01 2.060800e-13 1 
    0.563455 2.100246e-01 1.984600e-13 1 
    0.563730 2.038527e-01 1.924400e-13 1 
    0.564005 2.124071e-01 2.003200e-13 1 
    0.564280 2.066069e-01 1.946600e-13 1 
    0.564555 2.109304e-01 1.985400e-13 1 
    0.564830 2.035324e-01 1.913900e-13 1 
    0.565105 2.061576e-01 1.936700e-13 1 
    0.565380 2.068591e-01 1.941400e-13 1 
    0.565655 2.281994e-01 2.139600e-13 1 
    0.565930 2.146708e-01 2.010800e-13 1 
    0.566205 2.213554e-01 2.071400e-13 1 
    0.566480 2.053757e-01 1.920000e-13 1 
    0.566755 1.865488e-01 1.742300e-13 1 
    0.567030 2.045636e-01 1.908700e-13 1 
    0.567305 2.132908e-01 1.988200e-13 1 
    0.567580 2.225821e-01 2.072800e-13 1 
    0.567855 2.254313e-01 2.097300e-13 1 
    0.568130 2.169026e-01 2.016000e-13 1 
    0.568405 2.062462e-01 1.915100e-13 1 
    0.568680 2.207938e-01 2.048200e-13 1 
    0.568955 2.123320e-01 1.967800e-13 1 
    0.569230 2.098912e-01 1.943300e-13 1 
    0.569505 1.985476e-01 1.836500e-13 1 
    0.569780 2.065094e-01 1.908300e-13 1 
    0.570055 2.102725e-01 1.941200e-13 1 
    0.570330 2.217625e-01 2.045300e-13 1 
    0.570605 2.264804e-01 2.086800e-13 1 
    0.570880 2.205283e-01 2.030000e-13 1 
    0.571155 2.163152e-01 1.989300e-13 1 
    0.571430 2.100582e-01 1.929900e-13 1 
    0.571705 2.117530e-01 1.943600e-13 1 
    0.571980 2.114006e-01 1.938500e-13 1 
    0.572255 2.070520e-01 1.896800e-13 1 
    0.572530 2.081579e-01 1.905100e-13 1 
    0.572805 2.157075e-01 1.972300e-13 1 
    0.573080 2.120393e-01 1.936900e-13 1 
    0.573355 2.103362e-01 1.919500e-13 1 
    0.573630 2.147609e-01 1.958000e-13 1 
    0.573905 2.242550e-01 2.042600e-13 1 
    0.574180 2.285140e-01 2.079400e-13 1 
    0.574455 2.212860e-01 2.011700e-13 1 
    0.574730 2.197142e-01 1.995500e-13 1 
    0.575005 2.227239e-01 2.020900e-13 1 
    0.575280 2.294566e-01 2.080000e-13 1 
    0.575555 2.282074e-01 2.066700e-13 1 
    0.575830 2.207992e-01 1.997700e-13 1 
    0.576105 2.307126e-01 2.085400e-13 1 
    0.576380 2.308333e-01 2.084500e-13 1 
    0.576655 2.209668e-01 1.993500e-13 1 
    0.576930 2.144763e-01 1.933100e-13 1 
    0.577205 2.152027e-01 1.937800e-13 1 
    0.577480 2.117396e-01 1.904800e-13 1 
    0.577755 2.089037e-01 1.877500e-13 1 
    0.578030 2.211086e-01 1.985300e-13 1 
    0.578305 2.294681e-01 2.058400e-13 1 
    0.578580 2.293405e-01 2.055300e-13 1 
    0.578855 2.148265e-01 1.923400e-13 1 
    0.579130 2.237285e-01 2.001200e-13 1 
    0.579405 2.301181e-01 2.056400e-13 1 
    0.579680 2.170747e-01 1.938000e-13 1 
    0.579955 2.117085e-01 1.888300e-13 1 
    0.580230 2.106188e-01 1.876800e-13 1 
    0.580505 2.200069e-01 1.958600e-13 1 
    0.580780 2.282770e-01 2.030300e-13 1 
    0.581055 2.188485e-01 1.944600e-13 1 
    0.581330 2.112829e-01 1.875600e-13 1 
    0.581605 2.276970e-01 2.019400e-13 1 
    0.581880 2.320544e-01 2.056100e-13 1 
    0.582155 2.178816e-01 1.928700e-13 1 
    0.582430 2.141525e-01 1.893900e-13 1 
    0.582705 2.159846e-01 1.908300e-13 1 
    0.582980 2.129938e-01 1.880100e-13 1 
    0.583255 2.343998e-01 2.067100e-13 1 
    0.583530 2.346776e-01 2.067600e-13 1 
    0.583805 2.360577e-01 2.077800e-13 1 
    0.584080 2.322886e-01 2.042700e-13 1 
    0.584355 2.330424e-01 2.047400e-13 1 
    0.584630 2.213105e-01 1.942500e-13 1 
    0.584905 2.223056e-01 1.949400e-13 1 
    0.585180 2.333242e-01 2.044100e-13 1 
    0.585455 2.304702e-01 2.017200e-13 1 
    0.585730 2.236650e-01 1.955800e-13 1 
    0.586005 2.305485e-01 2.014100e-13 1 
    0.586280 2.403778e-01 2.098000e-13 1 
    0.586555 2.250180e-01 1.962100e-13 1 
    0.586830 2.301421e-01 2.004900e-13 1 
    0.587105 2.265547e-01 1.971800e-13 1 
    0.587380 2.204532e-01 1.916900e-13 1 
    0.587655 2.202223e-01 1.913100e-13 1 
    0.587930 2.139070e-01 1.856500e-13 1 
    0.588205 2.226760e-01 1.930800e-13 1 
    0.588480 2.309648e-01 2.000800e-13 1 
    0.588755 2.331565e-01 2.017900e-13 1 
    0.589030 2.224684e-01 1.923600e-13 1 
    0.589305 2.139594e-01 1.848300e-13 1 
    0.589580 1.747987e-01 1.508600e-13 1 
    0.589855 2.001751e-01 1.726000e-13 1 
    0.590130 2.151045e-01 1.853000e-13 1 
    0.590405 2.137132e-01 1.839300e-13 1 
    0.590680 1.981419e-01 1.703700e-13 1 
    0.590955 2.108987e-01 1.811700e-13 1 
    0.591230 1.907976e-01 1.637500e-13 1 
    0.591505 1.812019e-01 1.553700e-13 1 
    0.591780 1.968144e-01 1.686000e-13 1 
    0.592055 2.083078e-01 1.782800e-13 1 
    0.592330 2.254359e-01 1.927600e-13 1 
    0.592605 2.394350e-01 2.045400e-13 1 
    0.592880 2.480114e-01 2.116700e-13 1 
    0.593155 2.221824e-01 1.894500e-13 1 
    0.593430 2.290795e-01 1.951500e-13 1 
    0.593705 2.208910e-01 1.880000e-13 1 
    0.593980 2.452515e-01 2.085400e-13 1 
    0.594255 2.367326e-01 2.011100e-13 1 
    0.594530 2.259472e-01 1.917700e-13 1 
    0.594805 2.225947e-01 1.887500e-13 1 
    0.595080 2.243588e-01 1.900700e-13 1 
    0.595355 2.395947e-01 2.027900e-13 1 
    0.595630 2.295749e-01 1.941300e-13 1 
    0.595905 2.369601e-01 2.001900e-13 1 
    0.596180 2.331269e-01 1.967700e-13 1 
    0.596455 2.246141e-01 1.894100e-13 1 
    0.596730 2.084769e-01 1.756400e-13 1 
    0.597005 2.397841e-01 2.018300e-13 1 
    0.597280 2.308367e-01 1.941200e-13 1 
    0.597555 2.255147e-01 1.894700e-13 1 
    0.597830 2.393751e-01 2.009300e-13 1 
    0.598105 2.546200e-01 2.135300e-13 1 
    0.598380 2.359129e-01 1.976600e-13 1 
    0.598655 2.346126e-01 1.963900e-13 1 
    0.598930 2.154575e-01 1.801900e-13 1 
    0.599205 2.372939e-01 1.982700e-13 1 
    0.599480 2.259518e-01 1.886200e-13 1 
    0.599755 2.348041e-01 1.958300e-13 1 
    0.600030 2.331113e-01 1.942400e-13 1 
    0.600305 2.339497e-01 1.947600e-13 1 
    0.600580 2.288979e-01 1.903800e-13 1 
    0.600855 2.162309e-01 1.796800e-13 1 
    0.601130 2.286548e-01 1.898300e-13 1 
    0.601405 2.428976e-01 2.014700e-13 1 
    0.601680 2.471140e-01 2.047800e-13 1 
    0.601955 2.448156e-01 2.026900e-13 1 
    0.602230 2.269657e-01 1.877400e-13 1 
    0.602505 2.340703e-01 1.934400e-13 1 
    0.602780 2.492659e-01 2.058100e-13 1 
    0.603055 2.425957e-01 2.001200e-13 1 
    0.603330 2.289604e-01 1.887000e-13 1 
    0.603605 2.239835e-01 1.844300e-13 1 
    0.603880 2.361123e-01 1.942400e-13 1 
    0.604155 2.330667e-01 1.915600e-13 1 
    0.604430 2.370541e-01 1.946600e-13 1 
    0.604705 2.392445e-01 1.962800e-13 1 
    0.604980 2.260177e-01 1.852600e-13 1 
    0.605255 2.464448e-01 2.018200e-13 1 
    0.605530 2.375510e-01 1.943600e-13 1 
    0.605805 2.336442e-01 1.909900e-13 1 
    0.606080 2.554188e-01 2.086000e-13 1 
    0.606355 2.346814e-01 1.914900e-13 1 
    0.606630 2.464005e-01 2.008700e-13 1 
    0.606905 2.464398e-01 2.007200e-13 1 
    0.607180 2.275662e-01 1.851800e-13 1 
    0.607455 2.299372e-01 1.869400e-13 1 
    0.607730 2.419395e-01 1.965200e-13 1 
    0.608005 2.402116e-01 1.949400e-13 1 
    0.608280 2.333249e-01 1.891800e-13 1 
    0.608555 2.264871e-01 1.834700e-13 1 
    0.608830 2.315600e-01 1.874100e-13 1 
    0.609105 2.442351e-01 1.974900e-13 1 
    0.609380 2.590124e-01 2.092500e-13 1 
    0.609655 2.328942e-01 1.879800e-13 1 
    0.609930 2.451204e-01 1.976700e-13 1 
    0.610205 2.253091e-01 1.815300e-13 1 
    0.610480 2.469540e-01 1.987900e-13 1 
    0.610755 2.138782e-01 1.720100e-13 1 
    0.611030 2.447359e-01 1.966500e-13 1 
    0.611305 2.353773e-01 1.889600e-13 1 
    0.611580 2.388681e-01 1.915900e-13 1 
    0.611855 2.282013e-01 1.828700e-13 1 
    0.612130 2.559597e-01 2.049300e-13 1 
    0.612405 2.373002e-01 1.898200e-13 1 
    0.612680 2.415800e-01 1.930700e-13 1 
    0.612955 2.235748e-01 1.785200e-13 1 
    0.613230 2.336029e-01 1.863600e-13 1 
    0.613505 2.351549e-01 1.874300e-13 1 
    0.613780 2.354788e-01 1.875200e-13 1 
    0.614055 2.473285e-01 1.967800e-13 1 
    0.614330 2.435245e-01 1.935800e-13 1 
    0.614605 2.330651e-01 1.851000e-13 1 
    0.614880 2.331225e-01 1.849800e-13 1 
    0.615155 2.408742e-01 1.909600e-13 1 
    0.615430 2.533865e-01 2.007000e-13 1 
    0.615705 2.278347e-01 1.803000e-13 1 
    0.615980 2.265331e-01 1.791100e-13 1 
    0.616255 2.255329e-01 1.781600e-13 1 
    0.616530 2.338559e-01 1.845700e-13 1 
    0.616805 2.349142e-01 1.852400e-13 1 
    0.617080 2.248171e-01 1.771200e-13 1 
    0.617355 2.289050e-01 1.801800e-13 1 
    0.617630 2.407437e-01 1.893300e-13 1 
    0.617905 2.252659e-01 1.770000e-13 1 
    0.618180 2.341029e-01 1.837800e-13 1 
    0.618455 2.387864e-01 1.872900e-13 1 
    0.618730 2.366890e-01 1.854800e-13 1 
    0.619005 2.235142e-01 1.750000e-13 1 
    0.619280 2.115301e-01 1.654700e-13 1 
    0.619555 2.292215e-01 1.791500e-13 1 
    0.619830 2.488521e-01 1.943200e-13 1 
    0.620105 2.436383e-01 1.900800e-13 1 
    0.620380 2.334116e-01 1.819400e-13 1 
    0.620655 2.409120e-01 1.876200e-13 1 
    0.620930 2.410869e-01 1.875900e-13 1 
    0.621205 2.433715e-01 1.892000e-13 1 
    0.621480 2.434712e-01 1.891100e-13 1 
    0.621755 2.375916e-01 1.843800e-13 1 
    0.622030 2.349515e-01 1.821700e-13 1 
    0.622305 2.432789e-01 1.884600e-13 1 
    0.622580 2.680940e-01 2.075000e-13 1 
    0.622855 2.559037e-01 1.978900e-13 1 
    0.623130 2.697716e-01 2.084300e-13 1 
    0.623405 2.629367e-01 2.029700e-13 1 
    0.623680 2.131982e-01 1.644300e-13 1 
    0.623955 2.266101e-01 1.746200e-13 1 
    0.624230 2.385517e-01 1.836600e-13 1 
    0.624505 2.459901e-01 1.892200e-13 1 
    0.624780 2.432011e-01 1.869100e-13 1 
    0.625055 2.434152e-01 1.869100e-13 1 
    0.625330 2.518803e-01 1.932400e-13 1 
    0.625605 2.349986e-01 1.801300e-13 1 
    0.625880 2.279191e-01 1.745500e-13 1 
    0.626155 2.015894e-01 1.542500e-13 1 
    0.626430 2.178424e-01 1.665400e-13 1 
    0.626705 2.340321e-01 1.787600e-13 1 
    0.626980 2.499617e-01 1.907600e-13 1 
    0.627255 2.331184e-01 1.777500e-13 1 
    0.627530 2.334804e-01 1.778700e-13 1 
    0.627805 2.351828e-01 1.790100e-13 1 
    0.628080 2.347577e-01 1.785300e-13 1 
    0.628355 2.411095e-01 1.832000e-13 1 
    0.628630 2.374479e-01 1.802600e-13 1 
    0.628905 2.470032e-01 1.873500e-13 1 
    0.629180 2.449100e-01 1.856000e-13 1 
    0.629455 2.498127e-01 1.891500e-13 1 
    0.629730 2.364158e-01 1.788500e-13 1 
    0.630005 2.337249e-01 1.766600e-13 1 
    0.630280 2.338893e-01 1.766300e-13 1 
    0.630555 2.414887e-01 1.822100e-13 1 
    0.630830 2.351068e-01 1.772400e-13 1 
    0.631105 2.472473e-01 1.862300e-13 1 
    0.631380 2.033599e-01 1.530400e-13 1 
    0.631655 2.863803e-01 2.153300e-13 1 
    0.631930 2.618177e-01 1.966900e-13 1 
    0.632205 2.756481e-01 2.069000e-13 1 
    0.632480 2.695408e-01 2.021400e-13 1 
    0.632755 2.592587e-01 1.942600e-13 1 
    0.633030 2.417986e-01 1.810200e-13 1 
    0.633305 2.237331e-01 1.673500e-13 1 
    0.633580 2.553991e-01 1.908700e-13 1 
    0.633855 2.545494e-01 1.900700e-13 1 
    0.634130 2.515400e-01 1.876600e-13 1 
    0.634405 2.522412e-01 1.880200e-13 1 
    0.634680 2.501370e-01 1.862900e-13 1 
    0.634955 2.556487e-01 1.902300e-13 1 
    0.635230 2.336095e-01 1.736800e-13 1 
    0.635505 2.527801e-01 1.877700e-13 1 
    0.635780 2.582268e-01 1.916500e-13 1 
    0.636055 2.515186e-01 1.865100e-13 1 
    0.636330 2.558933e-01 1.895900e-13 1 
    0.636605 2.601672e-01 1.925900e-13 1 
    0.636880 2.524555e-01 1.867200e-13 1 
    0.637155 2.498588e-01 1.846400e-13 1 
    0.637430 2.541106e-01 1.876200e-13 1 
    0.637705 2.517679e-01 1.857300e-13 1 
    0.637980 2.578869e-01 1.900800e-13 1 
    0.638255 2.515370e-01 1.852400e-13 1 
    0.638530 2.335967e-01 1.718800e-13 1 
    0.638805 2.572077e-01 1.890900e-13 1 
    0.639080 2.535355e-01 1.862300e-13 1 
    0.639355 2.587817e-01 1.899200e-13 1 
    0.639630 2.518174e-01 1.846500e-13 1 
    0.639905 2.446224e-01 1.792200e-13 1 
    0.640180 2.774142e-01 2.030700e-13 1 
    0.640455 2.500883e-01 1.829100e-13 1 
    0.640730 2.711446e-01 1.981400e-13 1 
    0.641005 2.635295e-01 1.924100e-13 1 
    0.641280 2.632347e-01 1.920300e-13 1 
    0.641555 2.334143e-01 1.701300e-13 1 
    0.641830 2.480188e-01 1.806200e-13 1 
    0.642105 2.503753e-01 1.821800e-13 1 
    0.642380 2.584715e-01 1.879100e-13 1 
    0.642655 2.557880e-01 1.858000e-13 1 
    0.642930 2.637506e-01 1.914200e-13 1 
    0.643205 2.533990e-01 1.837500e-13 1 
    0.643480 2.562243e-01 1.856400e-13 1 
    0.643755 2.604909e-01 1.885700e-13 1 
    0.644030 2.566211e-01 1.856100e-13 1 
    0.644305 2.768633e-01 2.000800e-13 1 
    0.644580 2.636796e-01 1.903900e-13 1 
    0.644855 2.520948e-01 1.818700e-13 1 
    0.645130 2.629089e-01 1.895100e-13 1 
    0.645405 2.674652e-01 1.926300e-13 1 
    0.645680 2.636909e-01 1.897500e-13 1 
    0.645955 2.694373e-01 1.937200e-13 1 
    0.646230 2.649895e-01 1.903600e-13 1 
    0.646505 2.505862e-01 1.798600e-13 1 
    0.646780 2.351122e-01 1.686100e-13 1 
    0.647055 2.351726e-01 1.685100e-13 1 
    0.647330 2.676244e-01 1.916000e-13 1 
    0.647605 2.680056e-01 1.917100e-13 1 
    0.647880 2.552491e-01 1.824300e-13 1 
    0.648155 2.628596e-01 1.877100e-13 1 
    0.648430 2.615971e-01 1.866500e-13 1 
    0.648705 2.718205e-01 1.937800e-13 1 
    0.648980 2.676567e-01 1.906500e-13 1 
    0.649255 2.676447e-01 1.904800e-13 1 
    0.649530 2.845221e-01 2.023200e-13 1 
    0.649805 2.464231e-01 1.750800e-13 1 
    0.650080 2.836236e-01 2.013400e-13 1 
    0.650355 2.634628e-01 1.868700e-13 1 
    0.650630 2.758067e-01 1.954600e-13 1 
    0.650905 2.582172e-01 1.828400e-13 1 
    0.651180 2.628454e-01 1.859600e-13 1 
    0.651455 2.612850e-01 1.847000e-13 1 
    0.651730 2.623268e-01 1.852800e-13 1 
    0.652005 2.416895e-01 1.705600e-13 1 
    0.652280 2.781292e-01 1.961100e-13 1 
    0.652555 2.514088e-01 1.771200e-13 1 
    0.652830 2.547746e-01 1.793400e-13 1 
    0.653105 2.819328e-01 1.982900e-13 1 
    0.653380 2.569401e-01 1.805600e-13 1 
    0.653655 2.807272e-01 1.971100e-13 1 
    0.653930 2.729242e-01 1.914700e-13 1 
    0.654205 2.873058e-01 2.013900e-13 1 
    0.654480 2.820217e-01 1.975200e-13 1 
    0.654755 2.864458e-01 2.004500e-13 1 
    0.655030 2.967837e-01 2.075100e-13 1 
    0.655305 2.481645e-01 1.733700e-13 1 
    0.655580 2.853487e-01 1.991800e-13 1 
    0.655855 2.876672e-01 2.006300e-13 1 
    0.656130 2.756390e-01 1.920800e-13 1 
    0.656405 3.020094e-01 2.102800e-13 1 
    0.656680 3.097946e-01 2.155200e-13 1 
    0.656955 3.364818e-01 2.338900e-13 1 
    0.657230 3.413855e-01 2.371000e-13 1 
    0.657505 3.985492e-01 2.765700e-13 1 
    0.657780 4.288670e-01 2.973600e-13 1 
    0.658055 5.642175e-01 3.908800e-13 1 
    0.658330 6.521634e-01 4.514300e-13 1 
    0.658605 6.807871e-01 4.708500e-13 1 
    0.658880 6.391156e-01 4.416600e-13 1 
    0.659155 5.286238e-01 3.650000e-13 1 
    0.659430 3.937983e-01 2.716800e-13 1 
    0.659705 3.206777e-01 2.210500e-13 1 
    0.659980 3.637039e-01 2.505000e-13 1 
    0.660255 4.074118e-01 2.803700e-13 1 
    0.660530 4.390340e-01 3.018800e-13 1 
    0.660805 4.419905e-01 3.036600e-13 1 
    0.661080 3.988597e-01 2.738000e-13 1 
    0.661355 3.639817e-01 2.496500e-13 1 
    0.661630 3.138260e-01 2.150700e-13 1 
    0.661905 3.144958e-01 2.153500e-13 1 
    0.662180 2.703390e-01 1.849600e-13 1 
    0.662455 2.795306e-01 1.910900e-13 1 
    0.662730 2.602179e-01 1.777400e-13 1 
    0.663005 2.964937e-01 2.023500e-13 1 
    0.663280 2.706659e-01 1.845700e-13 1 
    0.663555 2.785224e-01 1.897700e-13 1 
    0.663830 2.593051e-01 1.765300e-13 1 
    0.664105 2.636804e-01 1.793600e-13 1 
    0.664380 2.806573e-01 1.907500e-13 1 
    0.664655 2.825684e-01 1.918900e-13 1 
    0.664930 2.826254e-01 1.917700e-13 1 
    0.665205 2.898655e-01 1.965200e-13 1 
    0.665480 2.705897e-01 1.833000e-13 1 
    0.665755 2.774470e-01 1.877900e-13 1 
    0.666030 2.849365e-01 1.927000e-13 1 
    0.666305 2.777428e-01 1.876800e-13 1 
    0.666580 2.964562e-01 2.001600e-13 1 
    0.666855 2.922984e-01 1.971900e-13 1 
    0.667130 2.740101e-01 1.847000e-13 1 
    0.667405 2.707914e-01 1.823800e-13 1 
    0.667680 2.829619e-01 1.904200e-13 1 
    0.667955 2.904378e-01 1.952900e-13 1 
    0.668230 2.849019e-01 1.914100e-13 1 
    0.668505 2.917803e-01 1.958700e-13 1 
    0.668780 2.848642e-01 1.910700e-13 1 
    0.669055 2.773096e-01 1.858500e-13 1 
    0.669330 2.751781e-01 1.842700e-13 1 
    0.669605 2.577684e-01 1.724700e-13 1 
    0.669880 2.776349e-01 1.856100e-13 1 
    0.670155 2.857223e-01 1.908600e-13 1 
    0.670430 2.822262e-01 1.883700e-13 1 
    0.670705 2.686625e-01 1.791700e-13 1 
    0.670980 2.589632e-01 1.725600e-13 1 
    0.671255 2.849639e-01 1.897300e-13 1 
    0.671530 2.833786e-01 1.885200e-13 1 
    0.671805 2.991813e-01 1.988700e-13 1 
    0.672080 2.771278e-01 1.840600e-13 1 
    0.672355 2.802026e-01 1.859500e-13 1 
    0.672630 2.931150e-01 1.943600e-13 1 
    0.672905 2.874985e-01 1.904800e-13 1 
    0.673180 2.933378e-01 1.941900e-13 1 
    0.673455 3.314331e-01 2.192300e-13 1 
    0.673730 3.826782e-01 2.529200e-13 1 
    0.674005 3.922428e-01 2.590300e-13 1 
    0.674280 3.888197e-01 2.565600e-13 1 
    0.674555 3.690248e-01 2.433000e-13 1 
    0.674830 3.622368e-01 2.386300e-13 1 
    0.675105 3.425999e-01 2.255100e-13 1 
    0.675380 3.691069e-01 2.427600e-13 1 
    0.675655 3.714771e-01 2.441200e-13 1 
    0.675930 3.676676e-01 2.414200e-13 1 
    0.676205 3.006440e-01 1.972500e-13 1 
    0.676480 2.698768e-01 1.769200e-13 1 
    0.676755 2.805844e-01 1.837900e-13 1 
    0.677030 2.811028e-01 1.839800e-13 1 
    0.677305 2.764685e-01 1.808000e-13 1 
    0.677580 2.604557e-01 1.701900e-13 1 
    0.677855 2.916673e-01 1.904300e-13 1 
    0.678130 2.789206e-01 1.819600e-13 1 
    0.678405 2.850225e-01 1.857900e-13 1 
    0.678680 2.862976e-01 1.864700e-13 1 
    0.678955 2.818584e-01 1.834300e-13 1 
    0.679230 2.876231e-01 1.870300e-13 1 
    0.679505 2.492710e-01 1.619600e-13 1 
    0.679780 2.668786e-01 1.732600e-13 1 
    0.680055 2.737542e-01 1.775800e-13 1 
    0.680330 2.751482e-01 1.783400e-13 1 
    0.680605 2.831220e-01 1.833600e-13 1 
    0.680880 2.904130e-01 1.879300e-13 1 
    0.681155 2.848634e-01 1.841900e-13 1 
    0.681430 2.862853e-01 1.849600e-13 1 
    0.681705 2.939829e-01 1.897800e-13 1 
    0.681980 2.667485e-01 1.720600e-13 1 
    0.682255 2.633795e-01 1.697500e-13 1 
    0.682530 2.957974e-01 1.904900e-13 1 
    0.682805 3.133638e-01 2.016400e-13 1 
    0.683912 2.873768e-01 1.843200e-13 0 
    0.685488 2.920233e-01 1.864400e-13 0 
    0.687068 2.879896e-01 1.830200e-13 0 
    0.688652 2.873113e-01 1.817500e-13 0 
    0.690240 2.892891e-01 1.821600e-13 0 
    0.691831 2.833331e-01 1.775900e-13 0 
    0.693426 2.905714e-01 1.812900e-13 0 
    0.695024 2.912198e-01 1.808600e-13 0 
    0.696626 3.014284e-01 1.863400e-13 0 
    0.698233 3.077285e-01 1.893600e-13 0 
    0.699842 3.076954e-01 1.884700e-13 0 
    0.701455 3.048510e-01 1.858700e-13 0 
    0.703072 3.090757e-01 1.875800e-13 0 
    0.704693 3.083341e-01 1.862700e-13 0 
    0.706318 3.126014e-01 1.879800e-13 0 
    0.707946 3.250535e-01 1.945700e-13 0 
    0.709578 3.005565e-01 1.790800e-13 0 
    0.711214 3.125326e-01 1.853600e-13 0 
    0.712853 2.950204e-01 1.741700e-13 0 
    0.714496 2.936422e-01 1.725600e-13 0 
    0.716143 2.889287e-01 1.690100e-13 0 
    0.717794 2.956379e-01 1.721400e-13 0 
    0.719449 2.983486e-01 1.729200e-13 0 
    0.721108 2.962768e-01 1.709300e-13 0 
    0.722770 2.901739e-01 1.666400e-13 0 
    0.724436 3.059278e-01 1.748800e-13 0 
    0.726106 3.152132e-01 1.793600e-13 0 
    0.727780 3.094295e-01 1.752600e-13 0 
    0.729457 3.129856e-01 1.764600e-13 0 
    0.731139 3.180479e-01 1.784900e-13 0 
    0.732825 3.151127e-01 1.760300e-13 0 
    0.734514 3.246596e-01 1.805300e-13 0 
    0.736207 3.306746e-01 1.830300e-13 0 
    0.737904 3.344696e-01 1.842800e-13 0 
    0.739605 3.344453e-01 1.834200e-13 0 
    0.741310 3.542338e-01 1.933800e-13 0 
    0.743019 3.493361e-01 1.898300e-13 0 
    0.744732 3.469184e-01 1.876500e-13 0 
    0.746449 3.549647e-01 1.911200e-13 0 
    0.748170 3.468636e-01 1.859000e-13 0 
    0.749894 3.476205e-01 1.854500e-13 0 
    0.751623 3.581702e-01 1.902000e-13 0 
    0.753356 3.589535e-01 1.897400e-13 0 
    0.755092 3.664443e-01 1.928100e-13 0 
    0.756833 3.655776e-01 1.914700e-13 0 
    0.758578 3.723484e-01 1.941200e-13 0 
    0.760326 3.689021e-01 1.914400e-13 0 
    0.762079 3.697146e-01 1.909800e-13 0 
    0.763836 3.646145e-01 1.874800e-13 0 
    0.765597 3.538325e-01 1.811000e-13 0 
    0.767361 3.595475e-01 1.831800e-13 0 
    0.769130 3.611874e-01 1.831700e-13 0 
    0.770904 3.513064e-01 1.773400e-13 0 
    0.772681 3.553558e-01 1.785600e-13 0 
    0.774462 3.536770e-01 1.769000e-13 0 
    0.776247 3.536622e-01 1.760800e-13 0 
    0.778037 3.536204e-01 1.752500e-13 0 
    0.779830 3.568738e-01 1.760500e-13 0 
    0.781628 3.519435e-01 1.728200e-13 0 
    0.783430 3.535477e-01 1.728100e-13 0 
    0.785236 3.710261e-01 1.805200e-13 0 
    0.787046 3.542998e-01 1.715900e-13 0 
    0.788860 3.658710e-01 1.763800e-13 0 
    0.790679 3.709362e-01 1.780000e-13 0 
    0.792501 3.769184e-01 1.800400e-13 0 
    0.794328 3.717178e-01 1.767400e-13 0 
    0.796159 3.665876e-01 1.735000e-13 0 
    0.797995 3.590468e-01 1.691500e-13 0 
    0.799834 3.733490e-01 1.750800e-13 0 
    0.801678 3.750296e-01 1.750600e-13 0 
    0.803526 3.724132e-01 1.730400e-13 0 
    0.805378 3.917315e-01 1.811800e-13 0 
    0.807235 3.980580e-01 1.832600e-13 0 
    0.809096 3.980407e-01 1.824100e-13 0 
    0.810961 3.835898e-01 1.749800e-13 0 
    0.812831 3.924964e-01 1.782200e-13 0 
    0.814704 3.988429e-01 1.802700e-13 0 
    0.816582 4.043512e-01 1.819200e-13 0 
    0.818465 3.987825e-01 1.785900e-13 0 
    0.820352 3.790433e-01 1.689700e-13 0 
    0.822243 3.772771e-01 1.674100e-13 0 
    0.824138 3.959303e-01 1.748800e-13 0 
    0.826038 3.958929e-01 1.740600e-13 0 
    0.827942 4.193130e-01 1.835100e-13 0 
    0.829851 4.116077e-01 1.793100e-13 0 
    0.831764 4.078115e-01 1.768400e-13 0 
    0.833681 4.058940e-01 1.752000e-13 0 
    0.835603 4.124459e-01 1.772100e-13 0 
    0.837529 4.011854e-01 1.715800e-13 0 
    0.839460 4.142890e-01 1.763700e-13 0 
    0.841395 4.132986e-01 1.751400e-13 0 
    0.843335 4.219158e-01 1.779700e-13 0 
    0.845279 4.066200e-01 1.707300e-13 0 
    0.847227 4.247663e-01 1.775300e-13 0 
    0.849180 4.121846e-01 1.714800e-13 0 
    0.851138 4.055634e-01 1.679500e-13 0 
    0.853100 4.226944e-01 1.742400e-13 0 
    0.855067 4.187724e-01 1.718300e-13 0 
    0.857038 4.158574e-01 1.698500e-13 0 
    0.859014 3.925654e-01 1.596000e-13 0 
    0.860994 4.254630e-01 1.721800e-13 0 
    0.862979 4.244480e-01 1.709800e-13 0 
    0.864968 4.234391e-01 1.697900e-13 0 
    0.866962 4.312563e-01 1.721300e-13 0 
    0.868960 4.127581e-01 1.639900e-13 0 
    0.870964 3.996190e-01 1.580400e-13 0 
    0.872971 3.904890e-01 1.537200e-13 0 
    0.874984 4.311077e-01 1.689300e-13 0 
    0.877001 4.310465e-01 1.681300e-13 0 
    0.879023 4.241249e-01 1.646700e-13 0 
    0.881049 4.379846e-01 1.692700e-13 0 
    0.883080 4.481425e-01 1.724000e-13 0 
    0.885116 4.269435e-01 1.634900e-13 0 
    0.887156 4.480651e-01 1.707900e-13 0 
    0.889201 4.449147e-01 1.688100e-13 0 
    0.891251 4.258394e-01 1.608300e-13 0 
    0.893305 4.367154e-01 1.641800e-13 0 
    0.895365 4.396940e-01 1.645400e-13 0 
    0.897429 4.386630e-01 1.634000e-13 0 
    0.899498 4.416589e-01 1.637600e-13 0 
    0.901571 4.246496e-01 1.567300e-13 0 
    0.903650 4.111497e-01 1.510500e-13 0 
    0.905733 4.082620e-01 1.493000e-13 0 
    0.907820 4.697857e-01 1.710100e-13 0 
    0.909913 4.807029e-01 1.741800e-13 0 
    0.912011 4.686159e-01 1.690200e-13 0 
    0.914113 4.642886e-01 1.666900e-13 0 
    0.916220 4.156442e-01 1.485400e-13 0 
    0.918333 4.505098e-01 1.602600e-13 0 
    0.920450 4.652130e-01 1.647300e-13 0 
    0.922571 4.630187e-01 1.632000e-13 0 
    0.924698 4.661823e-01 1.635600e-13 0 
    0.926830 4.390706e-01 1.533400e-13 0 
    0.928966 4.482020e-01 1.558100e-13 0 
    0.931108 4.948042e-01 1.712200e-13 0 
    0.933254 4.501718e-01 1.550600e-13 0 
    0.935406 4.879204e-01 1.672900e-13 0 
    0.937562 4.923698e-01 1.680400e-13 0 
    0.939723 4.855759e-01 1.649600e-13 0 
    0.941890 4.956841e-01 1.676200e-13 0 
    0.944061 4.877224e-01 1.641700e-13 0 
    0.946237 5.071344e-01 1.699200e-13 0 
    0.948418 5.024288e-01 1.675700e-13 0 
    0.950605 5.188456e-01 1.722500e-13 0 
    0.952796 5.211796e-01 1.722300e-13 0 
    0.954993 5.080816e-01 1.671300e-13 0 
    0.957194 5.127475e-01 1.678900e-13 0 
    0.959401 4.975647e-01 1.621700e-13 0 
    0.961612 5.173683e-01 1.678500e-13 0 
    0.963829 5.233177e-01 1.690000e-13 0 
    0.966051 5.293108e-01 1.701500e-13 0 
    0.968278 5.244099e-01 1.678000e-13 0 
    0.970510 5.267674e-01 1.677800e-13 0 
    0.972747 5.365162e-01 1.701000e-13 0 
    0.974990 5.278713e-01 1.665900e-13 0 
    0.977237 5.229855e-01 1.642900e-13 0 
    0.979490 5.241526e-01 1.639000e-13 0 
    0.981748 5.313591e-01 1.653900e-13 0 
    0.984011 5.412027e-01 1.676800e-13 0 
    0.986279 5.374098e-01 1.657400e-13 0 
    0.988553 5.448422e-01 1.672600e-13 0 
    0.990832 5.435285e-01 1.660900e-13 0 
    0.993116 5.459714e-01 1.660700e-13 0 
    0.995405 5.446599e-01 1.649100e-13 0 
    0.997700 5.534453e-01 1.668000e-13 0 
    1.000000 5.598000e-01 1.679400e-13 0 
    1.002305 5.610107e-01 1.675300e-13 0 
    1.006931 5.700201e-01 1.686600e-13 0 
    1.011580 5.672801e-01 1.663100e-13 0 
    1.016249 5.938726e-01 1.725100e-13 0 
    1.020939 5.964829e-01 1.716800e-13 0 
    1.025652 6.130483e-01 1.748300e-13 0 
    1.030386 6.257632e-01 1.768200e-13 0 
    1.032761 6.300023e-01 1.772000e-13 0 
    1.054386 6.308326e-01 1.702300e-13 0 
    1.073990 6.188669e-01 1.609600e-13 0 
    1.093956 6.317987e-01 1.583800e-13 0 
    1.114294 6.089472e-01 1.471300e-13 0 
    1.135010 6.391426e-01 1.488400e-13 0 
    1.153453 6.723228e-01 1.516000e-13 0 
    1.174898 6.848552e-01 1.488400e-13 0 
    1.193988 6.570148e-01 1.382600e-13 0 
    1.213389 6.880118e-01 1.401900e-13 0 
    1.235947 7.122017e-01 1.398700e-13 0 
    1.256030 7.056655e-01 1.341900e-13 0 
    1.273503 7.121908e-01 1.317400e-13 0 
    1.294196 7.270929e-01 1.302300e-13 0 
    1.315225 7.405922e-01 1.284400e-13 0 
    1.333521 7.338362e-01 1.238000e-13 0 
    1.355189 7.355331e-01 1.201500e-13 0 
    1.374042 7.440574e-01 1.182300e-13 0 
    1.396368 7.287865e-01 1.121300e-13 0 
    1.415794 7.007637e-01 1.048800e-13 0 
    1.435490 7.138028e-01 1.039200e-13 0 
    1.455459 7.474283e-01 1.058500e-13 0 
    1.475707 7.354857e-01 1.013200e-13 0 
    1.496236 7.790754e-01 1.044000e-13 0 
    1.517051 8.157851e-01 1.063400e-13 0 
    1.534617 8.601425e-01 1.095700e-13 0 
    1.555965 8.761697e-01 1.085700e-13 0 
    1.577611 8.802256e-01 1.061000e-13 0 
    1.595879 8.621868e-01 1.015600e-13 0 
    1.614359 8.781874e-01 1.010900e-13 0 
    1.636817 9.027910e-01 1.010900e-13 0 
    1.655770 9.196153e-01 1.006300e-13 0 
    1.674943 9.518837e-01 1.017900e-13 0 
    1.698244 9.830705e-01 1.022600e-13 0 
    1.717909 9.990834e-01 1.015600e-13 0 
    1.737800 9.898990e-01 9.833600e-14 0 
    1.757923 9.763165e-01 9.477900e-14 0 
    1.778279 9.475233e-01 8.989000e-14 0 
    1.794734 9.153529e-01 8.525300e-14 0 
    1.815515 8.802112e-01 8.011400e-14 0 
    1.836538 8.761710e-01 7.793100e-14 0 
    1.857805 8.621696e-01 7.494000e-14 0 
    1.874994 8.290610e-01 7.074700e-14 0 
    1.896705 8.309723e-01 6.929600e-14 0 
    1.918669 8.464268e-01 6.897800e-14 0 
    1.936423 8.425403e-01 6.740800e-14 0 
    1.958844 8.309814e-01 6.497000e-14 0 
    1.976970 8.120634e-01 6.233200e-14 0 
    1.995263 8.009259e-01 6.035500e-14 0 
    2.018366 8.120580e-01 5.980100e-14 0 
    2.037042 8.046235e-01 5.817200e-14 0 
    2.055892 8.176958e-01 5.803800e-14 0 
    2.079696 8.252504e-01 5.724100e-14 0 
    2.098940 8.309747e-01 5.658600e-14 0 
    2.118362 8.406054e-01 5.619700e-14 0 
    2.137962 8.425353e-01 5.529800e-14 0 
    2.157745 8.483759e-01 5.466500e-14 0 
    2.177709 8.405933e-01 5.317500e-14 0 
    2.197860 8.425351e-01 5.232500e-14 0 
    2.218197 8.367465e-01 5.101700e-14 0 
    2.238721 8.309851e-01 4.974100e-14 0 
    2.259436 8.290603e-01 4.872000e-14 0 
    2.280341 8.233609e-01 4.750200e-14 0 
    2.296149 7.474540e-01 4.253100e-14 0 
    2.317393 7.509125e-01 4.194800e-14 0 
    2.338837 6.692556e-01 3.670400e-14 0 
    2.360479 6.361950e-01 3.425400e-14 0 
    2.376840 6.540086e-01 3.473000e-14 0 
    2.398834 6.131893e-01 3.196800e-14 0 
    2.421028 5.951055e-01 3.045900e-14 0 
    2.437811 5.869428e-01 2.962900e-14 0 
    2.460366 5.465010e-01 2.708400e-14 0 
    2.477422 5.328273e-01 2.604400e-14 0 
    2.500344 4.514367e-01 2.166300e-14 0 
    2.517677 4.473007e-01 2.117000e-14 0 
    2.540974 4.556171e-01 2.117000e-14 0 
    2.558586 4.587691e-01 2.102400e-14 0 
    2.582261 4.770783e-01 2.146400e-14 0 
    2.600159 4.759848e-01 2.112100e-14 0 
    2.618184 4.826069e-01 2.112100e-14 0 
    2.642408 4.792897e-01 2.059300e-14 0 
    2.660726 4.814979e-01 2.040400e-14 0 
    2.679168 4.792711e-01 2.003100e-14 0 
    2.697741 4.792921e-01 1.975700e-14 0 
    2.722701 4.814809e-01 1.948500e-14 0 
    2.741575 4.781828e-01 1.908600e-14 0 
    2.760578 4.781792e-01 1.882400e-14 0 
    2.779712 4.737815e-01 1.839500e-14 0 
    2.798981 4.748888e-01 1.818500e-14 0 
    2.818382 4.727044e-01 1.785300e-14 0 
    2.837920 4.727038e-01 1.760800e-14 0 
    2.857590 4.716034e-01 1.732600e-14 0 
    2.877399 4.694434e-01 1.701000e-14 0 
    2.904021 4.716204e-01 1.677700e-14 0 
    2.924153 4.716265e-01 1.654700e-14 0 
    2.937649 4.673027e-01 1.624500e-14 0 
    2.958014 4.662210e-01 1.598500e-14 0 
    2.978516 4.672945e-01 1.580200e-14 0 
    2.999164 4.651606e-01 1.551400e-14 0 
    3.019952 4.662201e-01 1.533600e-14 0 
    3.040884 4.662325e-01 1.512600e-14 0 
    3.061964 4.705313e-01 1.505600e-14 0 
    3.083187 4.737811e-01 1.495200e-14 0 
    3.104560 4.759710e-01 1.481500e-14 0 
    3.118889 4.781699e-01 1.474700e-14 0 
    3.140510 4.815020e-01 1.464600e-14 0 
    3.162278 4.848334e-01 1.454500e-14 0 
    3.184196 4.881979e-01 1.444500e-14 0 
    3.198896 4.927159e-01 1.444500e-14 0 
    3.221068 5.007110e-01 1.447800e-14 0 
    3.243397 5.123758e-01 1.461200e-14 0 
    3.258367 5.340682e-01 1.509100e-14 0 
    3.280952 5.896514e-01 1.643300e-14 0 
    3.303696 7.371955e-01 2.026300e-14 0 
    3.318944 7.389124e-01 2.012400e-14 0 
    3.341952 5.964800e-01 1.602200e-14 0 
    3.365115 5.452505e-01 1.444500e-14 0 
    3.380647 5.230950e-01 1.373100e-14 0 
    3.404082 5.135701e-01 1.329600e-14 0 
    3.419794 5.065101e-01 1.299300e-14 0 
    3.443501 5.041894e-01 1.275600e-14 0 
    3.459394 4.995595e-01 1.252300e-14 0 
    3.483372 4.984193e-01 1.232300e-14 0 
    3.499453 4.949903e-01 1.212600e-14 0 
    3.523708 4.949637e-01 1.195900e-14 0 
    3.539971 4.904370e-01 1.174100e-14 0 
    3.564512 4.904418e-01 1.158000e-14 0 
    3.580964 4.870718e-01 1.139500e-14 0 
    3.605788 4.859605e-01 1.121300e-14 0 
    3.622430 4.837207e-01 1.105900e-14 0 
    3.647538 4.825997e-01 1.088200e-14 0 
    3.664377 4.792779e-01 1.070800e-14 0 
    3.681289 4.759875e-01 1.053700e-14 0 
    3.706805 4.738149e-01 1.034500e-14 0 
    3.723918 4.705265e-01 1.017900e-14 0 
    3.741105 4.683484e-01 1.003900e-14 0 
    3.767040 4.651486e-01 9.833600e-15 0 
    3.784427 4.640769e-01 9.721000e-15 0 
    3.801893 4.608831e-01 9.565600e-15 0 
    3.828249 4.598209e-01 9.412600e-15 0 
    3.845918 4.577101e-01 9.283500e-15 0 
    3.863669 4.545608e-01 9.135100e-15 0 
    3.881506 4.503907e-01 8.968300e-15 0 
    3.908409 4.493539e-01 8.824900e-15 0 
    3.926448 4.462603e-01 8.683800e-15 0 
    3.944575 4.431913e-01 8.545000e-15 0 
    3.962781 4.391259e-01 8.389000e-15 0 
    3.981071 4.361044e-01 8.254900e-15 0 
    4.008669 4.331033e-01 8.085600e-15 0 
    4.027171 4.311097e-01 7.974600e-15 0 
    4.045758 4.291294e-01 7.865200e-15 0 
    4.064435 4.251988e-01 7.721700e-15 0 
    4.083195 4.232421e-01 7.615700e-15 0 
    4.102040 4.203317e-01 7.494000e-15 0 
    4.120973 4.183959e-01 7.391100e-15 0 
    4.149541 4.183970e-01 7.289700e-15 0 
    4.168693 4.155196e-01 7.173200e-15 0 
    4.187938 4.136064e-01 7.074700e-15 0 
    4.207267 4.107599e-01 6.961600e-15 0 
    4.226686 4.088734e-01 6.866100e-15 0 
    4.246193 4.079323e-01 6.787500e-15 0 
    4.265796 4.051262e-01 6.679000e-15 0 
    4.285485 4.041915e-01 6.602500e-15 0 
    4.305264 3.949934e-01 6.393100e-15 0 
    4.325140 3.851176e-01 6.176100e-15 0 
    4.345102 3.868934e-01 6.147700e-15 0 
    4.365157 3.789578e-01 5.966400e-15 0 
    4.385309 3.754840e-01 5.857500e-15 0 
    4.405549 3.737564e-01 5.777100e-15 0 
    4.425883 3.677795e-01 5.632600e-15 0 
    4.446310 3.669317e-01 5.568100e-15 0 
    4.466837 3.652463e-01 5.491700e-15 0 
    4.487454 3.610675e-01 5.379100e-15 0 
    4.508165 3.619015e-01 5.342100e-15 0 
    4.528977 3.602389e-01 5.268800e-15 0 
    4.549880 3.577549e-01 5.184500e-15 0 
    4.570880 3.577569e-01 5.137000e-15 0 
    4.591982 3.569348e-01 5.078200e-15 0 
    4.602567 3.512316e-01 4.974100e-15 0 
    4.623810 3.536617e-01 4.962600e-15 0 
    4.645151 3.520358e-01 4.894500e-15 0 
    4.666595 3.512284e-01 4.838500e-15 0 
    4.688134 3.520386e-01 4.805200e-15 0 
    4.709772 3.512290e-01 4.750200e-15 0 
    4.731515 3.504199e-01 4.695800e-15 0 
    4.742421 3.504179e-01 4.674200e-15 0 
    4.764310 3.480082e-01 4.599500e-15 0 
    4.786299 3.488072e-01 4.567800e-15 0 
    4.808395 3.488137e-01 4.526000e-15 0 
    4.830588 3.464096e-01 4.453600e-15 0 
    4.852884 3.496148e-01 4.453600e-15 0 
    4.864070 3.464098e-01 4.392500e-15 0 
    4.886525 3.456120e-01 4.342200e-15 0 
    4.909079 3.456126e-01 4.302400e-15 0 
    4.931736 3.448214e-01 4.253200e-15 0 
    4.943104 3.440265e-01 4.223900e-15 0 
    4.965924 3.432317e-01 4.175500e-15 0 
    4.988845 3.448146e-01 4.156300e-15 0 
    5.011870 3.450575e-01 4.121100e-15 0 
    5.023429 3.452631e-01 4.104600e-15 0 
    5.046614 3.472774e-01 4.090700e-15 0 
    5.069906 3.484941e-01 4.067400e-15 0 
    5.093306 3.521335e-01 4.072200e-15 0 
    5.105052 3.531514e-01 4.065200e-15 0 
    5.116820 3.541793e-01 4.058300e-15 0 
    5.128614 3.552002e-01 4.051300e-15 0 
    5.140436 3.562319e-01 4.044400e-15 0 
    5.152285 3.572566e-01 4.037400e-15 0 
    5.164162 3.582923e-01 4.030500e-15 0 
    5.176071 3.593215e-01 4.023500e-15 0 
    5.188002 3.611952e-01 4.025900e-15 0 
    5.199961 3.630696e-01 4.028200e-15 0 
    5.211947 3.641115e-01 4.021200e-15 0 
    5.223961 3.651644e-01 4.014300e-15 0 
    5.236003 3.670601e-01 4.016600e-15 0 
    5.248072 3.681115e-01 4.009600e-15 0 
    5.260175 3.691749e-01 4.002700e-15 0 
    5.272300 3.719444e-01 4.014200e-15 0 
    5.284453 3.738751e-01 4.016500e-15 0 
    5.296634 3.758065e-01 4.018700e-15 0 
    5.308843 3.768834e-01 4.011700e-15 0 
    5.321080 3.779716e-01 4.004800e-15 0 
    5.333352 3.799256e-01 4.007000e-15 0 
    5.345646 3.818888e-01 4.009200e-15 0 
    5.357968 3.847518e-01 4.020700e-15 0 
    5.370318 3.867390e-01 4.022900e-15 0 
    5.382697 3.887461e-01 4.025200e-15 0 
    5.395105 3.907539e-01 4.027400e-15 0 
    5.407541 3.936783e-01 4.038900e-15 0 
    5.420011 3.957115e-01 4.041100e-15 0 
    5.432505 3.986693e-01 4.052600e-15 0 
    5.445027 3.998076e-01 4.045500e-15 0 
    5.457579 4.028047e-01 4.057100e-15 0 
    5.470159 4.058108e-01 4.068600e-15 0 
    5.482768 4.088462e-01 4.080200e-15 0 
    5.495406 4.109546e-01 4.082400e-15 0 
    5.508079 4.140253e-01 4.094000e-15 0 
    5.520776 4.171149e-01 4.105600e-15 0 
    5.533502 4.202342e-01 4.117300e-15 0 
    5.546257 4.243475e-01 4.138500e-15 0 
    5.559041 4.285001e-01 4.159800e-15 0 
    5.571855 4.316990e-01 4.171600e-15 0 
    5.584705 4.349192e-01 4.183400e-15 0 
    5.597578 4.401956e-01 4.214700e-15 0 
    5.610481 4.444937e-01 4.236300e-15 0 
    5.623413 4.488431e-01 4.258100e-15 0 
    5.636376 4.542823e-01 4.289900e-15 0 
    5.649368 4.587194e-01 4.311900e-15 0 
    5.662390 4.642780e-01 4.344100e-15 0 
    5.675448 4.699005e-01 4.376500e-15 0 
    5.688531 4.755858e-01 4.409100e-15 0 
    5.701643 4.824404e-01 4.452100e-15 0 
    5.714786 4.882814e-01 4.485300e-15 0 
    5.727959 4.953252e-01 4.529100e-15 0 
    5.741162 5.047968e-01 4.594500e-15 0 
    5.754402 5.120837e-01 4.639400e-15 0 
    5.767667 5.206681e-01 4.695500e-15 0 
    5.780962 5.293875e-01 4.752200e-15 0 
    5.794287 5.395080e-01 4.820800e-15 0 
    5.807643 5.510823e-01 4.901600e-15 0 
    5.821030 5.616112e-01 4.972300e-15 0 
    5.834448 5.749716e-01 5.067200e-15 0 
    5.847904 5.886612e-01 5.164000e-15 0 
    5.861383 6.026810e-01 5.262700e-15 0 
    5.874894 6.198668e-01 5.387900e-15 0 
    5.888436 6.346208e-01 5.490800e-15 0 
    5.902009 6.542235e-01 5.634400e-15 0 
    5.915614 6.744371e-01 5.781800e-15 0 
    5.924495 7.755851e-01 6.629000e-15 3 
    5.955481 7.214495e-01 6.102300e-15 3 
    5.986466 7.877502e-01 6.594300e-15 3 
    6.017451 9.056774e-01 7.503600e-15 3 
    6.048437 1.071997e+00 8.790800e-15 3 
    6.079422 1.136008e+00 9.221000e-15 3 
    6.110407 1.255023e+00 1.008400e-14 3 
    6.141393 1.602583e+00 1.274700e-14 3 
    6.172378 2.199412e+00 1.731900e-14 3 
    6.203363 2.838283e+00 2.212700e-14 3 
    6.234349 3.152381e+00 2.433200e-14 3 
    6.265334 2.969858e+00 2.269700e-14 3 
    6.296319 2.501778e+00 1.893200e-14 3 
    6.327305 2.088081e+00 1.564700e-14 3 
    6.358290 1.818579e+00 1.349500e-14 3 
    6.389276 1.576987e+00 1.158900e-14 3 
    6.420261 1.462889e+00 1.064700e-14 3 
    6.451246 1.343212e+00 9.682300e-15 3 
    6.482232 1.222566e+00 8.728600e-15 3 
    6.513217 1.234791e+00 8.732200e-15 3 
    6.544202 1.107809e+00 7.760200e-15 3 
    6.575188 1.117316e+00 7.753200e-15 3 
    6.606173 1.135145e+00 7.803200e-15 3 
    6.637158 1.224598e+00 8.339700e-15 3 
    6.668145 1.207024e+00 8.143800e-15 3 
    6.699129 1.280843e+00 8.562100e-15 3 
    6.730114 1.250006e+00 8.279200e-15 3 
    6.761100 1.265184e+00 8.303100e-15 3 
    6.792085 1.277468e+00 8.307400e-15 3 
    6.823071 1.324299e+00 8.533900e-15 3 
    6.854056 1.367485e+00 8.732700e-15 3 
    6.885041 1.355543e+00 8.578700e-15 3 
    6.916027 1.559480e+00 9.781100e-15 3 
    6.947012 1.706991e+00 1.061100e-14 3 
    6.977998 1.574714e+00 9.702000e-15 3 
    7.008983 1.820440e+00 1.111700e-14 3 
    7.039968 1.776767e+00 1.075500e-14 3 
    7.070954 1.620131e+00 9.721100e-15 3 
    7.101939 1.683437e+00 1.001300e-14 3 
    7.132924 1.759043e+00 1.037200e-14 3 
    7.163910 1.867593e+00 1.091700e-14 3 
    7.194895 1.886890e+00 1.093500e-14 3 
    7.225881 2.038061e+00 1.171000e-14 3 
    7.256866 2.331702e+00 1.328300e-14 3 
    7.287851 2.364935e+00 1.335800e-14 3 
    7.318838 2.412050e+00 1.350900e-14 3 
    7.349822 2.635630e+00 1.463700e-14 3 
    7.380807 2.768305e+00 1.524500e-14 3 
    7.411793 3.027084e+00 1.653100e-14 3 
    7.442778 3.280488e+00 1.776600e-14 3 
    7.473763 3.695508e+00 1.984800e-14 3 
    7.504748 4.049309e+00 2.156900e-14 3 
    7.533706 4.245971e+00 2.244300e-14 3 
    7.535734 4.343471e+00 2.294600e-14 3 
    7.566720 4.712871e+00 2.469400e-14 3 
    7.595799 5.143036e+00 2.674200e-14 3 
    7.597705 4.997071e+00 2.597000e-14 3 
    7.657894 5.294125e+00 2.708300e-14 3 
    7.719988 5.159616e+00 2.597200e-14 3 
    7.782082 5.097806e+00 2.525300e-14 3 
    7.844176 4.935819e+00 2.406500e-14 3 
    7.906271 4.644428e+00 2.229000e-14 3 
    7.968365 4.195951e+00 1.982500e-14 3 
    8.030459 3.651541e+00 1.698700e-14 3 
    8.092554 3.200687e+00 1.466200e-14 3 
    8.154648 2.875829e+00 1.297400e-14 3 
    8.216741 2.635329e+00 1.171000e-14 3 
    8.278836 2.512873e+00 1.099900e-14 3 
    8.340930 2.532852e+00 1.092200e-14 3 
    8.403025 2.482912e+00 1.054900e-14 3 
    8.465119 2.523086e+00 1.056300e-14 3 
    8.527213 2.722873e+00 1.123400e-14 3 
    8.589307 2.861779e+00 1.163700e-14 3 
    8.651402 2.684254e+00 1.075900e-14 3 
    8.713495 2.310145e+00 9.128000e-15 3 
    8.775590 1.807114e+00 7.039700e-15 3 
    8.837684 1.450221e+00 5.570300e-15 3 
    8.899778 1.194955e+00 4.526000e-15 3 
    8.961872 9.955598e-01 3.718700e-15 3 
    9.023966 8.253400e-01 3.040600e-15 3 
    9.086060 7.476590e-01 2.716900e-15 3 
    9.148155 6.716300e-01 2.407600e-15 3 
    9.210249 6.280151e-01 2.221000e-15 3 
    9.272344 5.967906e-01 2.082400e-15 3 
    9.334438 6.356841e-01 2.188700e-15 3 
    9.396532 5.985800e-01 2.033800e-15 3 
    9.458626 5.687328e-01 1.907100e-15 3 
    9.520720 5.295127e-01 1.752500e-15 3 
    9.582815 5.023732e-01 1.641200e-15 3 
    9.644909 6.230456e-01 2.009300e-15 3 
    9.707002 7.402386e-01 2.356800e-15 3 
    9.769098 5.807236e-01 1.825500e-15 3 
    9.831192 4.477258e-01 1.389700e-15 3 
    9.893286 4.278208e-01 1.311300e-15 3 
    9.955380 4.777412e-01 1.446100e-15 3 
   10.017470 5.096427e-01 1.523600e-15 3 
   10.079570 5.249217e-01 1.550000e-15 3 
   10.141659 4.874216e-01 1.421700e-15 3 
   10.203760 5.095819e-01 1.468300e-15 3 
   10.265850 4.859777e-01 1.383400e-15 3 
   10.327949 4.569950e-01 1.285300e-15 3 
   10.390041 4.769361e-01 1.325400e-15 3 
   10.452130 5.781352e-01 1.587600e-15 3 
   10.514230 6.431006e-01 1.745200e-15 3 
   10.576320 7.256637e-01 1.946200e-15 3 
   10.638420 7.684272e-01 2.036900e-15 3 
   10.700510 8.125748e-01 2.129000e-15 3 
   10.762600 8.107191e-01 2.099700e-15 3 
   10.824700 8.762282e-01 2.243400e-15 3 
   10.886791 9.410269e-01 2.381900e-15 3 
   10.948890 1.094808e+00 2.739800e-15 3 
   11.010980 1.394158e+00 3.449700e-15 3 
   11.073080 1.632307e+00 3.993800e-15 3 
   11.135170 1.938243e+00 4.689600e-15 3 
   11.197260 3.199120e+00 7.654700e-15 3 
   11.259360 4.775969e+00 1.130200e-14 3 
   11.321450 4.937310e+00 1.155600e-14 3 
   11.383550 4.012563e+00 9.289400e-15 3 
   11.445640 3.292097e+00 7.539000e-15 3 
   11.507740 2.799485e+00 6.341900e-15 3 
   11.569830 2.431674e+00 5.449700e-15 3 
   11.631920 2.240774e+00 4.968400e-15 3 
   11.694020 2.055218e+00 4.508700e-15 3 
   11.756110 1.991642e+00 4.323200e-15 3 
   11.818209 2.015579e+00 4.329300e-15 3 
   11.880299 2.065700e+00 4.390700e-15 3 
   11.942400 2.288400e+00 4.813600e-15 3 
   12.004490 2.479230e+00 5.161200e-15 3 
   12.066580 2.532947e+00 5.218900e-15 3 
   12.128680 2.503627e+00 5.105800e-15 3 
   12.190770 2.421283e+00 4.887700e-15 3 
   12.252870 2.492755e+00 4.981100e-15 3 
   12.314959 2.925942e+00 5.787900e-15 3 
   12.377051 2.982790e+00 5.841300e-15 3 
   12.439150 3.003666e+00 5.823600e-15 3 
   12.501240 3.226213e+00 6.193100e-15 3 
   12.563340 3.475266e+00 6.605400e-15 3 
   12.625430 3.782544e+00 7.118900e-15 3 
   12.687530 4.080998e+00 7.605600e-15 3 
   12.749620 4.368011e+00 8.061400e-15 3 
   12.811710 5.214835e+00 9.531200e-15 3 
   12.873810 5.338711e+00 9.663700e-15 3 
   12.935900 3.469687e+00 6.220400e-15 3 
   12.998000 2.582821e+00 4.586300e-15 3 
   13.060090 2.362395e+00 4.155100e-15 3 
   13.122180 2.247904e+00 3.916400e-15 3 
   13.184280 2.240723e+00 3.867200e-15 3 
   13.246370 2.271821e+00 3.884200e-15 3 
   13.308470 2.201839e+00 3.729500e-15 3 
   13.370559 2.216413e+00 3.719400e-15 3 
   13.432659 2.180453e+00 3.625300e-15 3 
   13.494750 2.190823e+00 3.609100e-15 3 
   13.556841 2.259918e+00 3.688900e-15 3 
   13.618941 2.277454e+00 3.683700e-15 3 
   13.681030 2.185154e+00 3.502400e-15 3 
   13.743130 2.035554e+00 3.233200e-15 3 
   13.805220 1.928648e+00 3.035900e-15 3 
   13.867320 1.807580e+00 2.819900e-15 3 
   13.929409 1.817594e+00 2.810300e-15 3 
   13.991500 1.821631e+00 2.791600e-15 3 
   14.053600 1.821050e+00 2.766100e-15 3 
   14.115691 1.875832e+00 2.824300e-15 3 
   14.177789 1.948856e+00 2.908600e-15 3 
   14.239880 1.997663e+00 2.955500e-15 3 
   14.301980 1.993852e+00 2.924300e-15 3 
   14.364070 1.943871e+00 2.826400e-15 3 
   14.426159 1.921587e+00 2.770000e-15 3 
   14.488261 1.810891e+00 2.588100e-15 3 
   14.541691 1.622538e+00 2.301900e-15 3 
   14.633380 1.600951e+00 2.242900e-15 3 
   14.725080 1.601130e+00 2.215300e-15 3 
   14.816770 1.490288e+00 2.036500e-15 3 
   14.908459 1.542203e+00 2.081600e-15 3 
   15.000150 1.500180e+00 2.000200e-15 3 
   15.091850 1.491398e+00 1.964400e-15 3 
   15.183541 1.492900e+00 1.942700e-15 3 
   15.275230 1.530040e+00 1.967200e-15 3 
   15.366930 1.596087e+00 2.027700e-15 3 
   15.458620 1.552024e+00 1.948400e-15 3 
   15.550309 1.883233e+00 2.336400e-15 3 
   15.642000 2.108095e+00 2.584800e-15 3 
   15.733700 1.696621e+00 2.056100e-15 3 
   15.825391 1.619698e+00 1.940200e-15 3 
   15.917080 1.719172e+00 2.035700e-15 3 
   16.008780 1.679068e+00 1.965500e-15 3 
   16.100470 1.654289e+00 1.914500e-15 3 
   16.192159 1.637963e+00 1.874200e-15 3 
   16.283859 1.748492e+00 1.978200e-15 3 
   16.375550 2.225002e+00 2.489200e-15 3 
   16.467239 2.865363e+00 3.170000e-15 3 
   16.558930 2.796638e+00 3.059800e-15 3 
   16.650631 2.455176e+00 2.656700e-15 3 
   16.742319 2.383716e+00 2.551200e-15 3 
   16.834009 2.476303e+00 2.621500e-15 3 
   16.925700 2.484253e+00 2.601500e-15 3 
   17.017400 3.254917e+00 3.371900e-15 3 
   17.109091 4.268555e+00 4.374700e-15 3 
   17.200781 3.163507e+00 3.207700e-15 3 
   17.292481 2.660668e+00 2.669300e-15 3 
   17.384170 2.651787e+00 2.632400e-15 3 
   17.475861 2.565204e+00 2.519800e-15 3 
   17.567561 2.226687e+00 2.164500e-15 3 
   17.659250 1.990117e+00 1.914500e-15 3 
   17.750941 1.922085e+00 1.830000e-15 3 
   17.842630 1.862297e+00 1.754900e-15 3 
   17.934330 1.770844e+00 1.651700e-15 3 
   18.026020 1.653390e+00 1.526500e-15 3 
   18.117709 1.536216e+00 1.404000e-15 3 
   18.209409 1.421273e+00 1.285900e-15 3 
   18.301100 1.486309e+00 1.331300e-15 3 
   18.392789 1.427040e+00 1.265500e-15 3 
   18.484489 1.399051e+00 1.228400e-15 3 
   18.576180 1.348896e+00 1.172700e-15 3 
   18.667870 1.633370e+00 1.406100e-15 3 
   18.759559 2.066246e+00 1.761400e-15 3 
   18.851259 2.028096e+00 1.712100e-15 3 
   18.942950 1.571460e+00 1.313800e-15 3 
   19.034639 1.504342e+00 1.245600e-15 3 
   19.126341 1.518506e+00 1.245300e-15 3 
   19.218031 1.496290e+00 1.215400e-15 3 
   19.309719 1.461632e+00 1.176000e-15 3 
   19.401409 1.447189e+00 1.153400e-15 3 
   19.493111 1.471035e+00 1.161400e-15 3 
   19.584800 1.538221e+00 1.203100e-15 3 
   19.676491 1.514716e+00 1.173700e-15 3 
   19.768191 1.600119e+00 1.228400e-15 3 
   19.859880 1.609344e+00 1.224100e-15 3 
   19.951570 1.705842e+00 1.285600e-15 3 
   20.043261 1.639737e+00 1.224500e-15 3 
   20.134961 1.722615e+00 1.274700e-15 3 
   20.226650 1.712974e+00 1.256100e-15 3 
   20.318341 1.647487e+00 1.197200e-15 3 
   20.410041 1.794860e+00 1.292600e-15 3 
   20.555241 1.648806e+00 1.170700e-15 3 
   20.730739 1.944967e+00 1.357700e-15 3 
   20.906339 1.868933e+00 1.282800e-15 3 
   21.082041 1.818255e+00 1.227300e-15 3 
   21.257830 1.959719e+00 1.301000e-15 3 
   21.433709 1.988913e+00 1.298800e-15 3 
   21.609689 1.949480e+00 1.252400e-15 3 
   21.785761 2.135945e+00 1.350100e-15 3 
   21.961930 2.245872e+00 1.396900e-15 3 
   22.138200 2.141900e+00 1.311100e-15 3 
   22.314559 2.147945e+00 1.294100e-15 3 
   22.491020 2.378825e+00 1.410800e-15 3 
   22.667570 2.438584e+00 1.423800e-15 3 
   22.844219 2.433773e+00 1.399100e-15 3 
   23.020969 2.417347e+00 1.368400e-15 3 
   23.197809 2.556516e+00 1.425200e-15 3 
   23.374750 2.689823e+00 1.476900e-15 3 
   23.551791 2.793033e+00 1.510600e-15 3 
   23.728920 2.840646e+00 1.513500e-15 3 
   23.906161 2.906482e+00 1.525700e-15 3 
   24.083481 3.141936e+00 1.625100e-15 3 
   24.260909 3.283753e+00 1.673700e-15 3 
   24.438441 3.292769e+00 1.654000e-15 3 
   24.616061 3.329092e+00 1.648200e-15 3 
   24.793780 3.562369e+00 1.738500e-15 3 
   24.971600 3.769130e+00 1.813300e-15 3 
   25.149509 4.000338e+00 1.897400e-15 3 
   25.327530 3.951326e+00 1.847900e-15 3 
   25.505641 4.136986e+00 1.907800e-15 3 
   25.683861 4.334630e+00 1.971300e-15 3 
   25.862169 4.594789e+00 2.060900e-15 3 
   26.040581 4.969882e+00 2.198700e-15 3 
   26.219091 4.834541e+00 2.109800e-15 3 
   26.397700 4.661153e+00 2.006700e-15 3 
   26.576409 4.788516e+00 2.033900e-15 3 
   26.755222 4.943127e+00 2.071600e-15 3 
   26.934131 5.012116e+00 2.072700e-15 3 
   27.113141 5.207117e+00 2.125000e-15 3 
   27.292250 5.263478e+00 2.119900e-15 3 
   27.471459 5.393957e+00 2.144200e-15 3 
   27.650781 5.486014e+00 2.152600e-15 3 
   27.830191 5.682650e+00 2.201100e-15 3 
   28.009700 5.973251e+00 2.284100e-15 3 
   28.189319 6.463583e+00 2.440200e-15 3 
   28.369041 6.614403e+00 2.465600e-15 3 
   28.548850 6.351854e+00 2.338000e-15 3 
   28.728769 6.408231e+00 2.329300e-15 3 
   28.908791 6.625853e+00 2.378500e-15 3 
   29.088922 6.916838e+00 2.452300e-15 3 
   29.269150 7.258676e+00 2.541900e-15 3 
   29.449472 7.222636e+00 2.498400e-15 3 
   29.629909 7.571574e+00 2.587300e-15 3 
   29.810441 7.742026e+00 2.613600e-15 3 
   29.991078 7.885008e+00 2.629900e-15 3 
   30.171819 7.938760e+00 2.616200e-15 3 
   30.352659 8.596193e+00 2.799200e-15 3 
   30.533609 8.483320e+00 2.729800e-15 3 
   30.714659 8.838939e+00 2.810800e-15 3 
   30.895809 8.974371e+00 2.820500e-15 3 
   31.077069 9.261548e+00 2.876900e-15 3 
   31.258441 9.157940e+00 2.811800e-15 3 
   31.439909 9.310050e+00 2.825600e-15 3 
   31.621481 9.781532e+00 2.934700e-15 3 
   31.803150 1.028803e+01 3.051500e-15 3 
   31.984941 1.019422e+01 2.989400e-15 3 
   32.166822 1.061296e+01 3.077100e-15 3 
   32.348819 1.112163e+01 3.188400e-15 3 
   32.530909 1.083941e+01 3.072800e-15 3 
   32.713119 1.153834e+01 3.234600e-15 3 
   32.895431 1.173403e+01 3.253100e-15 3 
   33.077838 1.166794e+01 3.199200e-15 3 
   33.260359 1.210276e+01 3.282100e-15 3 
   33.442991 1.336864e+01 3.585900e-15 3 
   33.625728 1.540150e+01 4.086400e-15 3 
   33.808572 1.335885e+01 3.506200e-15 3 
   33.991519 1.361975e+01 3.536300e-15 3 
   34.174569 1.273285e+01 3.270700e-15 3 
   34.357731 1.291062e+01 3.281100e-15 3 
   34.541013 1.371487e+01 3.448600e-15 3 
   34.724381 1.672501e+01 4.161200e-15 3 
   34.907872 2.196047e+01 5.406500e-15 3 
