# NGC 7591       
# 
# An Atlas of Galaxy Spectral Energy Distributions from the Ultraviolet to the Mid-Infrared
# Brown et al. (2014)
# http://dx.doi.org/10.5072/03/529D3551F0117
# http://dx.doi.org/10.17909/t9-5bxk-dh29
# 
# The Spectral Energy Distributions of Active Galactic Nuclei
# Brown et al. (2019)
# http://dx.doi.org/10.17909/t9-3dbt-8734
# 
# Column 1: Observed wavelength (um)
# Column 2: f_nu (Jy)
# Column 3: f_lam (erg/s/cm2/A)
# Column 4: Source (0 = model, 1 = Optical Spectrun, 2 = Akari, 3 = Spitzer IRS)
# 
    0.010375 7.032521e-16 1.960000e-24 0 
    0.010568 1.028299e-15 2.762200e-24 0 
    0.010765 1.528140e-15 3.956000e-24 0 
    0.010990 2.312738e-15 5.744500e-24 0 
    0.011194 3.909327e-15 9.359500e-24 0 
    0.011588 7.711800e-15 1.722900e-23 0 
    0.011995 1.412950e-14 2.946100e-23 0 
    0.012303 6.399662e-14 1.268400e-22 0 
    0.012706 1.062076e-13 1.973600e-22 0 
    0.012912 1.321643e-13 2.378200e-22 0 
    0.013002 1.496787e-13 2.656200e-22 0 
    0.013305 2.023786e-13 3.429700e-22 0 
    0.013428 2.559517e-13 4.258500e-22 0 
    0.013614 3.083951e-13 4.991800e-22 0 
    0.013932 4.700665e-13 7.265300e-22 0 
    0.014223 6.139210e-13 9.104400e-22 0 
    0.014521 2.014340e-12 2.865900e-21 0 
    0.014928 6.399371e-12 8.615000e-21 0 
    0.015346 8.514101e-12 1.084600e-20 0 
    0.015740 1.132785e-11 1.371700e-20 0 
    0.016181 1.507063e-11 1.726800e-20 0 
    0.016482 1.837212e-11 2.028900e-20 0 
    0.016866 2.410815e-11 2.542500e-20 0 
    0.017298 3.084069e-11 3.092100e-20 0 
    0.017579 3.699293e-11 3.591300e-20 0 
    0.017989 4.646739e-11 4.307800e-20 0 
    0.018281 5.484473e-11 4.923300e-20 0 
    0.018493 6.139651e-11 5.385800e-20 0 
    0.018923 7.605259e-11 6.371700e-20 0 
    0.019409 9.798082e-11 7.802900e-20 0 
    0.019724 1.148474e-10 8.856300e-20 0 
    0.020137 1.387211e-10 1.026300e-19 0 
    0.020512 1.671609e-10 1.191900e-19 0 
    0.020845 1.923738e-10 1.328200e-19 0 
    0.021330 2.280911e-10 1.504000e-19 0 
    0.021979 3.084282e-10 1.915400e-19 0 
    0.022387 3.648574e-10 2.184000e-19 0 
    0.022646 4.037600e-10 2.361900e-19 0 
    0.023067 4.765544e-10 2.686900e-19 0 
    0.023388 7.963752e-10 4.367700e-19 0 
    0.023768 1.486336e-09 7.893200e-19 0 
    0.024378 2.133688e-09 1.077100e-18 0 
    0.025003 2.355774e-09 1.130500e-18 0 
    0.025645 2.898334e-09 1.322100e-18 0 
    0.026122 2.755138e-09 1.211300e-18 0 
    0.026424 3.381750e-09 1.453000e-18 0 
    0.026853 3.882554e-09 1.615300e-18 0 
    0.027353 4.316538e-09 1.730800e-18 0 
    0.027861 4.776693e-09 1.846100e-18 0 
    0.028379 5.273816e-09 1.964500e-18 0 
    0.028840 5.795881e-09 2.090500e-18 0 
    0.029512 6.224738e-09 2.144100e-18 0 
    0.030061 7.049179e-09 2.340200e-18 0 
    0.030620 7.641001e-09 2.444900e-18 0 
    0.031333 8.712437e-09 2.662300e-18 0 
    0.032359 1.045011e-08 2.994000e-18 0 
    0.033343 1.213778e-08 3.275300e-18 0 
    0.034356 1.393582e-08 3.542000e-18 0 
    0.035400 1.585414e-08 3.795400e-18 0 
    0.036308 1.774744e-08 4.038800e-18 0 
    0.037239 1.995847e-08 4.317700e-18 0 
    0.038107 2.198594e-08 4.542100e-18 0 
    0.039174 2.377559e-08 4.647900e-18 0 
    0.040179 2.717278e-08 5.049600e-18 0 
    0.041210 3.020929e-08 5.336500e-18 0 
    0.042073 3.266907e-08 5.536700e-18 0 
    0.042855 3.476469e-08 5.678800e-18 0 
    0.043752 3.716428e-08 5.824400e-18 0 
    0.044875 4.093918e-08 6.098900e-18 0 
    0.045814 4.386608e-08 6.269800e-18 0 
    0.046774 4.678844e-08 6.415800e-18 0 
    0.047753 5.001869e-08 6.580400e-18 0 
    0.048753 5.384369e-08 6.796000e-18 0 
    0.049774 5.677244e-08 6.874700e-18 0 
    0.050816 6.125393e-08 7.116300e-18 0 
    0.051404 6.340545e-08 7.198700e-18 0 
    0.052000 7.130809e-08 7.911400e-18 0 
    0.052845 7.518688e-08 8.077100e-18 0 
    0.053827 7.927429e-08 8.208300e-18 0 
    0.054954 8.224912e-08 8.170600e-18 0 
    0.055847 9.018470e-08 8.674700e-18 0 
    0.056885 9.934114e-08 9.209900e-18 0 
    0.057943 1.084258e-07 9.688400e-18 0 
    0.059020 1.119773e-07 9.643900e-18 0 
    0.059979 1.239212e-07 1.033400e-17 0 
    0.060954 1.294566e-07 1.045300e-17 0 
    0.061944 1.321739e-07 1.033400e-17 0 
    0.063096 1.578110e-07 1.189200e-17 0 
    0.063973 1.679308e-07 1.231000e-17 0 
    0.065013 1.774787e-07 1.259700e-17 0 
    0.066069 1.950478e-07 1.340500e-17 0 
    0.066834 2.061272e-07 1.384400e-17 0 
    0.067608 2.198575e-07 1.443000e-17 0 
    0.068549 2.296854e-07 1.466400e-17 0 
    0.069663 2.361276e-07 1.459700e-17 0 
    0.070632 2.825701e-07 1.699200e-17 0 
    0.071614 2.832165e-07 1.656700e-17 0 
    0.072778 3.319933e-07 1.880400e-17 0 
    0.073790 3.541042e-07 1.951000e-17 0 
    0.074645 3.742258e-07 2.014900e-17 0 
    0.075683 4.208491e-07 2.204200e-17 0 
    0.076736 4.572353e-07 2.329500e-17 0 
    0.077804 4.832075e-07 2.394700e-17 0 
    0.078705 5.446803e-07 2.637900e-17 0 
    0.079799 5.958426e-07 2.807100e-17 0 
    0.080724 6.369963e-07 2.932600e-17 0 
    0.081846 6.856860e-07 3.070800e-17 0 
    0.082794 7.280075e-07 3.186100e-17 0 
    0.083946 8.149541e-07 3.469400e-17 0 
    0.084918 7.130783e-07 2.966600e-17 0 
    0.085901 9.059914e-07 3.683400e-17 0 
    0.086896 9.596962e-07 3.812900e-17 0 
    0.087902 1.054703e-06 4.095000e-17 0 
    0.088920 1.159132e-06 4.398000e-17 0 
    0.089950 1.291621e-06 4.789100e-17 0 
    0.090991 1.400012e-06 5.072900e-17 0 
    0.092045 1.442547e-06 5.108000e-17 0 
    0.093111 2.275814e-06 7.875100e-17 0 
    0.093972 1.578082e-05 5.361100e-16 0 
    0.095060 3.631731e-05 1.205700e-15 0 
    0.096161 7.263161e-05 2.356400e-15 0 
    0.097051 1.069390e-04 3.406100e-15 0 
    0.098175 1.244887e-04 3.874800e-15 0 
    0.099083 1.968462e-05 6.015200e-16 0 
    0.100231 1.112087e-04 3.320900e-15 0 
    0.101158 1.222188e-04 3.583100e-15 0 
    0.102094 1.862658e-04 5.361100e-15 0 
    0.103276 1.849828e-04 5.203000e-15 0 
    0.104232 7.982369e-05 2.204200e-15 0 
    0.105196 1.340080e-04 3.632900e-15 0 
    0.106170 2.711045e-04 7.215300e-15 0 
    0.107152 2.736092e-04 7.149100e-15 0 
    0.108143 2.193458e-04 5.626700e-15 0 
    0.109396 2.717297e-04 6.811700e-15 0 
    0.110408 2.183419e-04 5.373500e-15 0 
    0.111429 3.013880e-04 7.282000e-15 0 
    0.112202 2.958903e-04 7.051000e-15 0 
    0.113240 2.904905e-04 6.796000e-15 0 
    0.114288 2.673827e-04 6.141200e-15 0 
    0.115345 3.524753e-04 7.947900e-15 0 
    0.116413 3.266887e-04 7.231900e-15 0 
    0.117490 3.582066e-04 7.784900e-15 0 
    0.118304 3.785547e-04 8.114300e-15 0 
    0.119399 2.655440e-04 5.588000e-15 0 
    0.120504 3.847106e-04 7.947900e-15 0 
    0.121339 2.643199e-04 5.385800e-15 0 
    0.122462 1.910460e-04 3.821700e-15 0 
    0.123595 1.300575e-04 2.554200e-15 0 
    0.124451 2.799827e-04 5.423200e-15 0 
    0.125603 4.447655e-04 8.457700e-15 0 
    0.126474 5.024987e-04 9.424400e-15 0 
    0.127644 4.899302e-04 9.021000e-15 0 
    0.128529 4.247491e-04 7.713500e-15 0 
    0.129718 5.729512e-04 1.021500e-14 0 
    0.130617 6.139614e-04 1.079600e-14 0 
    0.131522 4.887963e-04 8.477200e-15 0 
    0.132739 4.933206e-04 8.399500e-15 0 
    0.133660 6.384354e-04 1.072100e-14 0 
    0.134586 6.210478e-04 1.028600e-14 0 
    0.135831 5.599225e-04 9.104400e-15 0 
    0.136773 6.872898e-04 1.102200e-14 0 
    0.137721 6.763026e-04 1.069700e-14 0 
    0.138676 6.111301e-04 9.533500e-15 0 
    0.139637 6.578791e-04 1.012200e-14 0 
    0.140929 6.809669e-04 1.028600e-14 0 
    0.141906 6.055291e-04 9.021000e-15 0 
    0.142889 6.414016e-04 9.424400e-15 0 
    0.143880 6.639440e-04 9.621700e-15 0 
    0.144877 6.984415e-04 9.982800e-15 0 
    0.145881 7.049065e-04 9.937000e-15 0 
    0.146555 7.553227e-04 1.055000e-14 0 
    0.147231 7.782754e-04 1.077100e-14 0 
    0.147911 7.658640e-04 1.050200e-14 0 
    0.148936 7.147166e-04 9.666200e-15 0 
    0.149969 7.263296e-04 9.688400e-15 0 
    0.151008 7.553251e-04 9.937000e-15 0 
    0.152055 7.836384e-04 1.016800e-14 0 
    0.153109 7.535861e-04 9.643900e-15 0 
    0.153815 6.747326e-04 8.555700e-15 0 
    0.154170 7.313612e-04 9.231100e-15 0 
    0.154882 7.147194e-04 8.938300e-15 0 
    0.155955 6.311469e-04 7.784900e-15 0 
    0.157036 7.147132e-04 8.694700e-15 0 
    0.158125 6.841212e-04 8.208300e-15 0 
    0.159221 7.065330e-04 8.360900e-15 0 
    0.159956 7.658293e-04 8.979500e-15 0 
    0.161065 8.206039e-04 9.489700e-15 0 
    0.162181 8.553280e-04 9.755600e-15 0 
    0.163305 8.513926e-04 9.577500e-15 0 
    0.164059 8.652300e-04 9.643900e-15 0 
    0.165196 8.281883e-04 9.104400e-15 0 
    0.166341 9.018449e-04 9.778100e-15 0 
    0.167109 9.292462e-04 9.982800e-15 0 
    0.168267 8.672229e-04 9.188700e-15 0 
    0.169434 9.686038e-04 1.012200e-14 0 
    0.169824 8.632349e-04 8.979500e-15 0 
    0.170608 9.934249e-04 1.023900e-14 0 
    0.171396 1.049821e-03 1.072100e-14 0 
    0.172187 9.956909e-04 1.007500e-14 0 
    0.173380 9.707979e-04 9.688400e-15 0 
    0.174181 9.313979e-04 9.209900e-15 0 
    0.175388 9.443510e-04 9.209900e-15 0 
    0.176198 1.021260e-03 9.868600e-15 0 
    0.177419 1.014226e-03 9.666200e-15 0 
    0.178238 1.099306e-03 1.038100e-14 0 
    0.179473 1.016554e-03 9.467900e-15 0 
    0.180302 1.059581e-03 9.778100e-15 0 
    0.181552 1.096815e-03 9.982800e-15 0 
    0.182390 1.191592e-03 1.074600e-14 0 
    0.183654 1.199846e-03 1.067200e-14 0 
    0.184502 1.122365e-03 9.891300e-15 0 
    0.185353 1.156414e-03 1.009800e-14 0 
    0.186638 1.127545e-03 9.710800e-15 0 
    0.187499 1.045032e-03 8.917700e-15 0 
    0.188365 1.066925e-03 9.021000e-15 0 
    0.189671 1.119785e-03 9.338000e-15 0 
    0.190546 1.225024e-03 1.012200e-14 0 
    0.191426 1.143229e-03 9.359500e-15 0 
    0.192753 1.119788e-03 9.041800e-15 0 
    0.193642 1.197099e-03 9.577500e-15 0 
    0.194536 1.169854e-03 9.273700e-15 0 
    0.195884 1.164469e-03 9.104400e-15 0 
    0.196789 1.202633e-03 9.316500e-15 0 
    0.197697 1.285685e-03 9.868600e-15 0 
    0.198610 1.219366e-03 9.273700e-15 0 
    0.199986 1.358743e-03 1.019200e-14 0 
    0.200909 1.409660e-03 1.047700e-14 0 
    0.201837 1.349384e-03 9.937000e-15 0 
    0.202768 1.327791e-03 9.688400e-15 0 
    0.203704 1.377631e-03 9.959900e-15 0 
    0.204645 1.346275e-03 9.643900e-15 0 
    0.206063 1.426014e-03 1.007500e-14 0 
    0.207014 1.377624e-03 9.643900e-15 0 
    0.207970 1.449214e-03 1.005200e-14 0 
    0.208930 1.396798e-03 9.599600e-15 0 
    0.209894 1.419497e-03 9.666200e-15 0 
    0.210863 1.542132e-03 1.040500e-14 0 
    0.211349 1.500114e-03 1.007500e-14 0 
    0.211836 1.570906e-03 1.050200e-14 0 
    0.212814 1.500149e-03 9.937000e-15 0 
    0.213796 1.521004e-03 9.982800e-15 0 
    0.214783 1.556485e-03 1.012200e-14 0 
    0.215774 1.592764e-03 1.026300e-14 0 
    0.217270 1.496690e-03 9.511600e-15 0 
    0.218273 1.570841e-03 9.891300e-15 0 
    0.219281 1.644959e-03 1.026300e-14 0 
    0.220293 1.603738e-03 9.914100e-15 0 
    0.221309 1.607431e-03 9.845900e-15 0 
    0.222331 1.614847e-03 9.800600e-15 0 
    0.223357 1.710505e-03 1.028600e-14 0 
    0.224388 1.679339e-03 1.000600e-14 0 
    0.224905 1.592684e-03 9.446100e-15 0 
    0.225944 1.567239e-03 9.209900e-15 0 
    0.226986 1.710535e-03 9.959900e-15 0 
    0.228034 1.652458e-03 9.533500e-15 0 
    0.229087 1.589033e-03 9.083500e-15 0 
    0.230144 1.637169e-03 9.272900e-15 0 
    0.231207 1.705428e-03 9.570900e-15 0 
    0.232274 1.784688e-03 9.923900e-15 0 
    0.233346 1.691573e-03 9.319900e-15 0 
    0.234423 1.729901e-03 9.443700e-15 0 
    0.235505 1.662455e-03 8.992300e-15 0 
    0.236592 1.328846e-03 7.121900e-15 0 
    0.237137 1.550014e-03 8.269100e-15 0 
    0.238232 1.496446e-03 7.910100e-15 0 
    0.239332 1.670260e-03 8.747900e-15 0 
    0.240436 1.525823e-03 7.918200e-15 0 
    0.241546 1.600389e-03 8.229000e-15 0 
    0.242661 1.478920e-03 7.534700e-15 0 
    0.243220 1.591473e-03 8.070900e-15 0 
    0.244343 1.547097e-03 7.773900e-15 0 
    0.245471 1.607811e-03 8.004900e-15 0 
    0.246604 1.753660e-03 8.651000e-15 0 
    0.247742 1.708670e-03 8.351800e-15 0 
    0.248313 1.826041e-03 8.884500e-15 0 
    0.249460 1.820630e-03 8.776900e-15 0 
    0.250611 1.815216e-03 8.670600e-15 0 
    0.251768 1.756457e-03 8.313000e-15 0 
    0.252348 1.784385e-03 8.406400e-15 0 
    0.253513 1.698990e-03 7.930700e-15 0 
    0.254683 1.949362e-03 9.016000e-15 0 
    0.255270 1.697230e-03 7.813800e-15 0 
    0.255859 1.736188e-03 7.956400e-15 0 
    0.256448 1.680508e-03 7.665900e-15 0 
    0.257632 1.742368e-03 7.875200e-15 0 
    0.258821 1.737141e-03 7.779600e-15 0 
    0.260016 1.921023e-03 8.524200e-15 0 
    0.260615 1.859428e-03 8.213000e-15 0 
    0.261818 2.000181e-03 8.753700e-15 0 
    0.263027 1.985004e-03 8.607600e-15 0 
    0.263633 1.957071e-03 8.447500e-15 0 
    0.264850 1.897997e-03 8.117400e-15 0 
    0.266072 1.883577e-03 7.981900e-15 0 
    0.266686 2.008280e-03 8.471200e-15 0 
    0.267917 2.150347e-03 8.987300e-15 0 
    0.269154 2.405426e-03 9.961200e-15 0 
    0.269774 2.529521e-03 1.042700e-14 0 
    0.271019 2.242394e-03 9.158700e-15 0 
    0.271644 2.379865e-03 9.675500e-15 0 
    0.272898 2.427905e-03 9.780300e-15 0 
    0.274157 2.285102e-03 9.120700e-15 0 
    0.274789 2.402923e-03 9.546900e-15 0 
    0.276058 2.251210e-03 8.862100e-15 0 
    0.276694 2.240005e-03 8.777500e-15 0 
    0.277971 2.392883e-03 9.290600e-15 0 
    0.279254 2.035117e-03 7.829100e-15 0 
    0.279898 2.130222e-03 8.157300e-15 0 
    0.281190 2.265108e-03 8.594300e-15 0 
    0.281838 2.392882e-03 9.037400e-15 0 
    0.283139 2.200817e-03 8.235800e-15 0 
    0.284446 1.754874e-03 6.506800e-15 0 
    0.285102 1.897040e-03 7.001600e-15 0 
    0.286418 2.425154e-03 8.868700e-15 0 
    0.287078 2.651938e-03 9.653500e-15 0 
    0.288403 2.583567e-03 9.318400e-15 0 
    0.289068 2.489122e-03 8.936500e-15 0 
    0.290402 2.331845e-03 8.295100e-15 0 
    0.291072 2.719747e-03 9.630500e-15 0 
    0.292415 2.806581e-03 9.846900e-15 0 
    0.293089 2.773319e-03 9.685500e-15 0 
    0.294442 2.829096e-03 9.789700e-15 0 
    0.295801 3.186394e-03 1.092500e-14 0 
    0.297852 3.067201e-03 1.037200e-14 0 
    0.299916 3.049292e-03 1.017000e-14 0 
    0.301995 3.174402e-03 1.044200e-14 0 
    0.304089 3.229365e-03 1.047700e-14 0 
    0.306196 3.330838e-03 1.065800e-14 0 
    0.308319 3.388594e-03 1.069400e-14 0 
    0.309742 3.440732e-03 1.075900e-14 0 
    0.311889 3.540476e-03 1.091900e-14 0 
    0.314051 3.610115e-03 1.098100e-14 0 
    0.316228 3.714672e-03 1.114400e-14 0 
    0.318420 3.692671e-03 1.092600e-14 0 
    0.319890 3.740829e-03 1.096700e-14 0 
    0.322107 3.849234e-03 1.113000e-14 0 
    0.324340 3.654173e-03 1.042100e-14 0 
    0.326588 3.892013e-03 1.094700e-14 0 
    0.328095 3.671099e-03 1.023100e-14 0 
    0.330370 4.113286e-03 1.130600e-14 0 
    0.332660 4.401055e-03 1.193100e-14 0 
    0.334195 4.397090e-03 1.181100e-14 0 
    0.336512 4.421280e-03 1.171300e-14 0 
    0.338065 4.478563e-03 1.175600e-14 0 
    0.338844 4.622845e-03 1.207900e-14 0 
    0.339625 4.402724e-03 1.145100e-14 0 
    0.340408 4.835959e-03 1.252000e-14 0 
    0.341193 4.658835e-03 1.200600e-14 0 
    0.341979 4.037102e-03 1.035600e-14 0 
    0.342768 4.129378e-03 1.054400e-14 0 
    0.343558 4.727579e-03 1.201600e-14 0 
    0.344350 4.725290e-03 1.195500e-14 0 
    0.345144 4.583906e-03 1.154400e-14 0 
    0.345939 5.023506e-03 1.259300e-14 0 
    0.346737 4.568609e-03 1.140000e-14 0 
    0.347536 4.587676e-03 1.139500e-14 0 
    0.348337 4.801371e-03 1.187100e-14 0 
    0.349140 5.153879e-03 1.268400e-14 0 
    0.349945 4.644556e-03 1.137800e-14 0 
    0.350752 4.827579e-03 1.177200e-14 0 
    0.351560 4.869621e-03 1.182000e-14 0 
    0.352371 4.767534e-03 1.151900e-14 0 
    0.353183 5.047325e-03 1.213900e-14 0 
    0.353997 4.862178e-03 1.164000e-14 0 
    0.354813 5.100735e-03 1.215500e-14 0 
    0.355631 4.681624e-03 1.110500e-14 0 
    0.356451 5.190291e-03 1.225500e-14 0 
    0.357273 4.874724e-03 1.145700e-14 0 
    0.358096 5.244719e-03 1.227000e-14 0 
    0.358922 4.858420e-03 1.131400e-14 0 
    0.359749 5.324743e-03 1.234300e-14 0 
    0.360579 5.521398e-03 1.274000e-14 0 
    0.361410 5.430192e-03 1.247200e-14 0 
    0.362243 5.365585e-03 1.226700e-14 0 
    0.363078 4.935991e-03 1.123300e-14 0 
    0.363915 4.979081e-03 1.127900e-14 0 
    0.364754 4.435293e-03 1.000100e-14 0 
    0.365595 5.148572e-03 1.155600e-14 0 
    0.366437 5.501291e-03 1.229100e-14 0 
    0.366846 6.337631e-03 1.412800e-14 1 
    0.367121 5.591932e-03 1.244700e-14 1 
    0.367396 4.207906e-03 9.352300e-15 1 
    0.367671 4.358356e-03 9.672200e-15 1 
    0.367946 5.599493e-03 1.240800e-14 1 
    0.368221 4.649720e-03 1.028800e-14 1 
    0.368496 5.228793e-03 1.155200e-14 1 
    0.368771 5.927893e-03 1.307700e-14 1 
    0.369046 5.284364e-03 1.164000e-14 1 
    0.369321 5.210403e-03 1.146000e-14 1 
    0.369596 5.988141e-03 1.315100e-14 1 
    0.369871 6.779578e-03 1.486700e-14 1 
    0.370146 6.467694e-03 1.416200e-14 1 
    0.370421 7.362323e-03 1.609700e-14 1 
    0.370696 5.090787e-03 1.111400e-14 1 
    0.370971 3.749856e-03 8.174400e-15 1 
    0.371246 5.014941e-03 1.091600e-14 1 
    0.371521 5.445659e-03 1.183600e-14 1 
    0.371796 5.995594e-03 1.301200e-14 1 
    0.372071 6.004928e-03 1.301300e-14 1 
    0.372346 6.945017e-03 1.502800e-14 1 
    0.372621 7.768919e-03 1.678600e-14 1 
    0.372896 5.861017e-03 1.264500e-14 1 
    0.373171 5.396193e-03 1.162500e-14 1 
    0.373446 6.465454e-03 1.390800e-14 1 
    0.373721 5.991731e-03 1.287000e-14 1 
    0.373996 4.838207e-03 1.037700e-14 1 
    0.374271 3.214388e-03 6.884100e-15 1 
    0.374546 5.092802e-03 1.089100e-14 1 
    0.374821 3.463379e-03 7.395600e-15 1 
    0.375096 3.746152e-03 7.987700e-15 1 
    0.375371 6.528524e-03 1.390000e-14 1 
    0.375646 6.650510e-03 1.413900e-14 1 
    0.375921 6.316852e-03 1.341000e-14 1 
    0.376196 6.721891e-03 1.424900e-14 1 
    0.376471 6.330625e-03 1.340000e-14 1 
    0.376746 6.079658e-03 1.285000e-14 1 
    0.377021 6.070058e-03 1.281100e-14 1 
    0.377296 5.524217e-03 1.164200e-14 1 
    0.377571 6.660872e-03 1.401700e-14 1 
    0.377846 5.719746e-03 1.201900e-14 1 
    0.378121 4.764182e-03 9.996500e-15 1 
    0.378396 6.483350e-03 1.358400e-14 1 
    0.378671 8.061483e-03 1.686600e-14 1 
    0.378946 1.058620e-02 2.211600e-14 1 
    0.379221 1.112455e-02 2.320700e-14 1 
    0.379496 1.158858e-02 2.414000e-14 1 
    0.379771 7.715610e-03 1.604900e-14 1 
    0.380046 5.751881e-03 1.194700e-14 1 
    0.380321 6.510429e-03 1.350300e-14 1 
    0.380596 6.187168e-03 1.281400e-14 1 
    0.380871 5.684041e-03 1.175500e-14 1 
    0.381146 5.575550e-03 1.151400e-14 1 
    0.381421 7.238699e-03 1.492700e-14 1 
    0.381696 6.751845e-03 1.390300e-14 1 
    0.381971 6.351594e-03 1.306000e-14 1 
    0.382246 8.059538e-03 1.654800e-14 1 
    0.382521 7.998953e-03 1.640000e-14 1 
    0.382796 8.253703e-03 1.689800e-14 1 
    0.383071 6.754598e-03 1.380900e-14 1 
    0.383346 8.010470e-03 1.635300e-14 1 
    0.383621 5.409298e-03 1.102700e-14 1 
    0.383896 6.543992e-03 1.332100e-14 1 
    0.384171 7.866898e-03 1.599100e-14 1 
    0.384446 7.773721e-03 1.577900e-14 1 
    0.384721 8.990142e-03 1.822200e-14 1 
    0.384996 7.874536e-03 1.593800e-14 1 
    0.385271 8.050552e-03 1.627100e-14 1 
    0.385546 8.012500e-03 1.617100e-14 1 
    0.385821 7.580834e-03 1.527800e-14 1 
    0.386096 6.310635e-03 1.270000e-14 1 
    0.386371 7.527821e-03 1.512800e-14 1 
    0.386646 6.119334e-03 1.228000e-14 1 
    0.386921 7.806766e-03 1.564400e-14 1 
    0.387196 8.554477e-03 1.711800e-14 1 
    0.387471 8.685239e-03 1.735500e-14 1 
    0.387746 9.634734e-03 1.922500e-14 1 
    0.388021 8.015830e-03 1.597200e-14 1 
    0.388296 8.318692e-03 1.655200e-14 1 
    0.388571 8.728079e-03 1.734200e-14 1 
    0.388846 8.616957e-03 1.709700e-14 1 
    0.389121 7.748418e-03 1.535200e-14 1 
    0.389396 7.613305e-03 1.506300e-14 1 
    0.389671 6.486753e-03 1.281600e-14 1 
    0.389946 5.065960e-03 9.994800e-15 1 
    0.390221 6.261442e-03 1.233600e-14 1 
    0.390496 7.691450e-03 1.513200e-14 1 
    0.390771 7.702287e-03 1.513200e-14 1 
    0.391046 9.077661e-03 1.780900e-14 1 
    0.391321 8.659621e-03 1.696500e-14 1 
    0.391596 8.592056e-03 1.680900e-14 1 
    0.391871 9.325362e-03 1.821800e-14 1 
    0.392146 9.859764e-03 1.923500e-14 1 
    0.392421 9.814566e-03 1.912000e-14 1 
    0.392696 8.236364e-03 1.602300e-14 1 
    0.392971 1.026574e-02 1.994300e-14 1 
    0.393246 9.848660e-03 1.910600e-14 1 
    0.393521 8.609116e-03 1.667800e-14 1 
    0.393796 9.942911e-03 1.923500e-14 1 
    0.394071 9.866732e-03 1.906100e-14 1 
    0.394346 9.486035e-03 1.830000e-14 1 
    0.394621 8.517159e-03 1.640800e-14 1 
    0.394896 8.388165e-03 1.613700e-14 1 
    0.395171 7.822060e-03 1.502700e-14 1 
    0.395446 6.832134e-03 1.310700e-14 1 
    0.395721 6.447020e-03 1.235100e-14 1 
    0.395996 7.422997e-03 1.420100e-14 1 
    0.396271 8.027410e-03 1.533600e-14 1 
    0.396546 9.203244e-03 1.755800e-14 1 
    0.396821 8.805550e-03 1.677600e-14 1 
    0.397096 9.280302e-03 1.765600e-14 1 
    0.397371 1.014479e-02 1.927400e-14 1 
    0.397646 1.069118e-02 2.028400e-14 1 
    0.397921 9.863068e-03 1.868700e-14 1 
    0.398196 1.017480e-02 1.925100e-14 1 
    0.398471 1.057363e-02 1.997800e-14 1 
    0.398746 1.022412e-02 1.929100e-14 1 
    0.399021 9.894853e-03 1.864400e-14 1 
    0.399296 9.492896e-03 1.786200e-14 1 
    0.399571 8.448515e-03 1.587500e-14 1 
    0.399846 8.571530e-03 1.608400e-14 1 
    0.400121 8.596132e-03 1.610800e-14 1 
    0.400396 8.764529e-03 1.640100e-14 1 
    0.400671 8.017230e-03 1.498200e-14 1 
    0.400946 8.872217e-03 1.655700e-14 1 
    0.401221 9.883530e-03 1.841900e-14 1 
    0.401496 9.248526e-03 1.721200e-14 1 
    0.401771 9.955306e-03 1.850200e-14 1 
    0.402046 9.319142e-03 1.729600e-14 1 
    0.402321 1.024750e-02 1.899300e-14 1 
    0.402596 9.259293e-03 1.713800e-14 1 
    0.402871 8.064396e-03 1.490600e-14 1 
    0.403146 6.930680e-03 1.279300e-14 1 
    0.403421 6.962381e-03 1.283400e-14 1 
    0.403696 6.025561e-03 1.109200e-14 1 
    0.403971 6.695791e-03 1.230900e-14 1 
    0.404246 7.203326e-03 1.322400e-14 1 
    0.404521 8.973867e-03 1.645200e-14 1 
    0.404796 9.110604e-03 1.668000e-14 1 
    0.405071 8.177326e-03 1.495100e-14 1 
    0.405346 1.011628e-02 1.847100e-14 1 
    0.405621 1.065596e-02 1.943000e-14 1 
    0.405896 1.090820e-02 1.986300e-14 1 
    0.406171 1.153284e-02 2.097200e-14 1 
    0.406446 1.149891e-02 2.088200e-14 1 
    0.406721 1.116378e-02 2.024600e-14 1 
    0.406996 1.136275e-02 2.057900e-14 1 
    0.407271 1.163631e-02 2.104600e-14 1 
    0.407546 1.253454e-02 2.264000e-14 1 
    0.407821 1.269450e-02 2.289800e-14 1 
    0.408096 1.229638e-02 2.215000e-14 1 
    0.408371 1.236743e-02 2.224800e-14 1 
    0.408646 1.285111e-02 2.308700e-14 1 
    0.408921 1.307465e-02 2.345700e-14 1 
    0.409196 1.272220e-02 2.279400e-14 1 
    0.409471 1.428686e-02 2.556300e-14 1 
    0.409746 1.268310e-02 2.266300e-14 1 
    0.410021 1.332161e-02 2.377200e-14 1 
    0.410296 1.205447e-02 2.148200e-14 1 
    0.410571 1.252520e-02 2.229100e-14 1 
    0.410846 1.345235e-02 2.390900e-14 1 
    0.411121 1.291654e-02 2.292600e-14 1 
    0.411396 1.425001e-02 2.525900e-14 1 
    0.411671 1.394706e-02 2.468900e-14 1 
    0.411946 1.367156e-02 2.416900e-14 1 
    0.412221 1.315228e-02 2.322000e-14 1 
    0.412496 1.292709e-02 2.279200e-14 1 
    0.412771 1.323227e-02 2.329900e-14 1 
    0.413046 1.281259e-02 2.253000e-14 1 
    0.413321 1.300219e-02 2.283300e-14 1 
    0.413596 1.255421e-02 2.201700e-14 1 
    0.413871 1.271480e-02 2.226900e-14 1 
    0.414146 1.378310e-02 2.410800e-14 1 
    0.414421 1.243089e-02 2.171400e-14 1 
    0.414696 1.194981e-02 2.084600e-14 1 
    0.414971 1.286054e-02 2.240500e-14 1 
    0.415246 1.263044e-02 2.197500e-14 1 
    0.415521 1.147368e-02 1.993600e-14 1 
    0.415796 1.211933e-02 2.103000e-14 1 
    0.416071 1.195475e-02 2.071700e-14 1 
    0.416346 1.102757e-02 1.908500e-14 1 
    0.416621 1.077599e-02 1.862500e-14 1 
    0.416896 1.077574e-02 1.860000e-14 1 
    0.417171 1.024234e-02 1.765600e-14 1 
    0.417446 1.038771e-02 1.788300e-14 1 
    0.417721 1.077946e-02 1.853300e-14 1 
    0.417996 1.035453e-02 1.777900e-14 1 
    0.418271 1.119684e-02 1.920000e-14 1 
    0.418546 1.164251e-02 1.993800e-14 1 
    0.418821 1.216534e-02 2.080600e-14 1 
    0.419096 1.193074e-02 2.037800e-14 1 
    0.419371 1.316344e-02 2.245400e-14 1 
    0.419646 1.216459e-02 2.072300e-14 1 
    0.419921 1.223520e-02 2.081600e-14 1 
    0.420196 1.291394e-02 2.194200e-14 1 
    0.420471 1.287015e-02 2.183900e-14 1 
    0.420746 1.250343e-02 2.118900e-14 1 
    0.421021 1.346693e-02 2.279200e-14 1 
    0.421296 1.357683e-02 2.294800e-14 1 
    0.421571 1.350273e-02 2.279300e-14 1 
    0.421846 1.302802e-02 2.196300e-14 1 
    0.422121 1.407433e-02 2.369600e-14 1 
    0.422396 1.388036e-02 2.333900e-14 1 
    0.422671 1.324040e-02 2.223400e-14 1 
    0.422946 1.315806e-02 2.206700e-14 1 
    0.423221 1.330056e-02 2.227700e-14 1 
    0.423496 1.319589e-02 2.207300e-14 1 
    0.423771 1.324536e-02 2.212700e-14 1 
    0.424046 1.315047e-02 2.194000e-14 1 
    0.424321 1.390393e-02 2.316700e-14 1 
    0.424596 1.273931e-02 2.119900e-14 1 
    0.424871 1.334851e-02 2.218400e-14 1 
    0.425146 1.261569e-02 2.093900e-14 1 
    0.425421 1.251317e-02 2.074200e-14 1 
    0.425696 1.353510e-02 2.240700e-14 1 
    0.425971 1.417800e-02 2.344100e-14 1 
    0.426246 1.390077e-02 2.295300e-14 1 
    0.426521 1.330018e-02 2.193300e-14 1 
    0.426796 1.282795e-02 2.112700e-14 1 
    0.427071 1.275451e-02 2.097900e-14 1 
    0.427346 1.319645e-02 2.167800e-14 1 
    0.427621 1.329634e-02 2.181400e-14 1 
    0.427896 1.404094e-02 2.300600e-14 1 
    0.428171 1.448982e-02 2.371100e-14 1 
    0.428446 1.401893e-02 2.291100e-14 1 
    0.428721 1.427220e-02 2.329500e-14 1 
    0.428996 1.344210e-02 2.191200e-14 1 
    0.429271 1.343416e-02 2.187100e-14 1 
    0.429546 1.349689e-02 2.194500e-14 1 
    0.429821 1.392247e-02 2.260800e-14 1 
    0.430096 1.275455e-02 2.068500e-14 1 
    0.430371 1.375499e-02 2.227900e-14 1 
    0.430646 1.396422e-02 2.258900e-14 1 
    0.430921 1.423522e-02 2.299800e-14 1 
    0.431196 1.358342e-02 2.191700e-14 1 
    0.431471 1.466874e-02 2.363800e-14 1 
    0.431746 1.510623e-02 2.431200e-14 1 
    0.432021 1.451267e-02 2.332700e-14 1 
    0.432296 1.433617e-02 2.301400e-14 1 
    0.432571 1.265539e-02 2.029000e-14 1 
    0.432846 1.395175e-02 2.234000e-14 1 
    0.433121 1.439595e-02 2.302200e-14 1 
    0.433396 1.422077e-02 2.271300e-14 1 
    0.433671 1.375924e-02 2.194800e-14 1 
    0.433946 1.415018e-02 2.254300e-14 1 
    0.434221 1.356602e-02 2.158500e-14 1 
    0.434496 1.426787e-02 2.267300e-14 1 
    0.434771 1.546168e-02 2.453900e-14 1 
    0.435046 1.436458e-02 2.276900e-14 1 
    0.435321 1.384835e-02 2.192300e-14 1 
    0.435596 1.475638e-02 2.333100e-14 1 
    0.435871 1.420064e-02 2.242400e-14 1 
    0.436146 1.418939e-02 2.237800e-14 1 
    0.436421 1.386255e-02 2.183500e-14 1 
    0.436696 1.452270e-02 2.284600e-14 1 
    0.436971 1.351308e-02 2.123100e-14 1 
    0.437246 1.306679e-02 2.050400e-14 1 
    0.437521 1.237752e-02 1.939800e-14 1 
    0.437796 1.144498e-02 1.791400e-14 1 
    0.438071 1.252956e-02 1.958700e-14 1 
    0.438346 1.254977e-02 1.959400e-14 1 
    0.438621 1.373012e-02 2.141000e-14 1 
    0.438896 1.444530e-02 2.249700e-14 1 
    0.439171 1.406416e-02 2.187600e-14 1 
    0.439446 1.442939e-02 2.241600e-14 1 
    0.439721 1.453124e-02 2.254600e-14 1 
    0.439996 1.325297e-02 2.053700e-14 1 
    0.440271 1.379420e-02 2.134900e-14 1 
    0.440546 1.441179e-02 2.227700e-14 1 
    0.440821 1.256170e-02 1.939300e-14 1 
    0.441096 1.353983e-02 2.087700e-14 1 
    0.441371 1.367814e-02 2.106400e-14 1 
    0.441646 1.367309e-02 2.103000e-14 1 
    0.441921 1.346358e-02 2.068200e-14 1 
    0.442196 1.265191e-02 1.941100e-14 1 
    0.442471 1.261675e-02 1.933300e-14 1 
    0.442746 1.375893e-02 2.105700e-14 1 
    0.443021 1.344629e-02 2.055300e-14 1 
    0.443296 1.536784e-02 2.346100e-14 1 
    0.443571 1.510359e-02 2.302900e-14 1 
    0.443846 1.547889e-02 2.357200e-14 1 
    0.444121 1.575055e-02 2.395600e-14 1 
    0.444396 1.591225e-02 2.417200e-14 1 
    0.444671 1.568017e-02 2.379000e-14 1 
    0.444946 1.581176e-02 2.396000e-14 1 
    0.445221 1.499151e-02 2.268900e-14 1 
    0.445496 1.546320e-02 2.337400e-14 1 
    0.445771 1.591416e-02 2.402600e-14 1 
    0.446046 1.569837e-02 2.367100e-14 1 
    0.446321 1.473700e-02 2.219400e-14 1 
    0.446596 1.477843e-02 2.222900e-14 1 
    0.446871 1.515608e-02 2.276900e-14 1 
    0.447146 1.603382e-02 2.405800e-14 1 
    0.447421 1.548569e-02 2.320700e-14 1 
    0.447696 1.538380e-02 2.302600e-14 1 
    0.447971 1.550238e-02 2.317500e-14 1 
    0.448246 1.549730e-02 2.313900e-14 1 
    0.448521 1.586905e-02 2.366500e-14 1 
    0.448796 1.625711e-02 2.421400e-14 1 
    0.449071 1.558734e-02 2.318800e-14 1 
    0.449346 1.571951e-02 2.335600e-14 1 
    0.449621 1.618350e-02 2.401600e-14 1 
    0.449896 1.635849e-02 2.424600e-14 1 
    0.450171 1.669801e-02 2.471900e-14 1 
    0.450446 1.688750e-02 2.496900e-14 1 
    0.450721 1.577455e-02 2.329500e-14 1 
    0.450996 1.575787e-02 2.324200e-14 1 
    0.451271 1.601333e-02 2.359000e-14 1 
    0.451546 1.591187e-02 2.341200e-14 1 
    0.451821 1.723981e-02 2.533500e-14 1 
    0.452096 1.653113e-02 2.426400e-14 1 
    0.452371 1.642846e-02 2.408400e-14 1 
    0.452646 1.649830e-02 2.415700e-14 1 
    0.452921 1.736078e-02 2.538900e-14 1 
    0.453196 1.714362e-02 2.504100e-14 1 
    0.453471 1.690396e-02 2.466100e-14 1 
    0.453746 1.724359e-02 2.512600e-14 1 
    0.454021 1.663785e-02 2.421400e-14 1 
    0.454296 1.661467e-02 2.415100e-14 1 
    0.454571 1.740967e-02 2.527600e-14 1 
    0.454846 1.731351e-02 2.510600e-14 1 
    0.455121 1.719291e-02 2.490100e-14 1 
    0.455396 1.774736e-02 2.567300e-14 1 
    0.455671 1.719227e-02 2.484000e-14 1 
    0.455946 1.737448e-02 2.507300e-14 1 
    0.456221 1.839312e-02 2.651100e-14 1 
    0.456496 1.877164e-02 2.702400e-14 1 
    0.456771 1.853208e-02 2.664700e-14 1 
    0.457046 1.776270e-02 2.551000e-14 1 
    0.457321 1.728842e-02 2.479900e-14 1 
    0.457596 1.805396e-02 2.586600e-14 1 
    0.457871 1.865708e-02 2.669800e-14 1 
    0.458146 1.904402e-02 2.721900e-14 1 
    0.458421 1.934079e-02 2.761000e-14 1 
    0.458696 1.931561e-02 2.754100e-14 1 
    0.458971 1.908318e-02 2.717700e-14 1 
    0.459246 1.801988e-02 2.563200e-14 1 
    0.459521 1.757129e-02 2.496400e-14 1 
    0.459796 1.707648e-02 2.423200e-14 1 
    0.460071 1.769734e-02 2.508300e-14 1 
    0.460346 1.708204e-02 2.418200e-14 1 
    0.460621 1.656354e-02 2.342000e-14 1 
    0.460896 1.741815e-02 2.459900e-14 1 
    0.461171 1.805146e-02 2.546300e-14 1 
    0.461446 1.790265e-02 2.522300e-14 1 
    0.461721 1.816916e-02 2.556800e-14 1 
    0.461996 1.833239e-02 2.576700e-14 1 
    0.462271 1.798310e-02 2.524600e-14 1 
    0.462546 1.766433e-02 2.476900e-14 1 
    0.462821 1.703701e-02 2.386100e-14 1 
    0.463096 1.667053e-02 2.332000e-14 1 
    0.463371 1.792779e-02 2.504900e-14 1 
    0.463646 1.851373e-02 2.583700e-14 1 
    0.463921 1.890301e-02 2.634900e-14 1 
    0.464196 1.902167e-02 2.648300e-14 1 
    0.464471 1.874723e-02 2.607000e-14 1 
    0.464746 1.916613e-02 2.662100e-14 1 
    0.465021 1.896825e-02 2.631500e-14 1 
    0.465296 1.890120e-02 2.619100e-14 1 
    0.465571 1.867212e-02 2.584300e-14 1 
    0.465846 1.892928e-02 2.616800e-14 1 
    0.466121 1.884445e-02 2.602000e-14 1 
    0.466396 1.885944e-02 2.601000e-14 1 
    0.466671 1.789368e-02 2.464900e-14 1 
    0.466946 1.786172e-02 2.457600e-14 1 
    0.467221 1.868900e-02 2.568400e-14 1 
    0.467496 1.810999e-02 2.485900e-14 1 
    0.467771 1.833625e-02 2.514000e-14 1 
    0.468046 1.845275e-02 2.527000e-14 1 
    0.468321 1.883779e-02 2.576700e-14 1 
    0.468596 1.970458e-02 2.692100e-14 1 
    0.468871 1.932687e-02 2.637400e-14 1 
    0.469146 1.956157e-02 2.666300e-14 1 
    0.469421 2.020078e-02 2.750200e-14 1 
    0.469696 1.849116e-02 2.514500e-14 1 
    0.469971 1.895015e-02 2.573900e-14 1 
    0.470246 1.984875e-02 2.692800e-14 1 
    0.470521 2.004760e-02 2.716600e-14 1 
    0.470796 1.943565e-02 2.630600e-14 1 
    0.471071 1.850268e-02 2.501400e-14 1 
    0.471346 1.899232e-02 2.564600e-14 1 
    0.471621 1.977445e-02 2.667100e-14 1 
    0.471896 1.972106e-02 2.656800e-14 1 
    0.472171 1.938585e-02 2.608600e-14 1 
    0.472446 1.836756e-02 2.468700e-14 1 
    0.472721 1.759639e-02 2.362300e-14 1 
    0.472996 1.862363e-02 2.497300e-14 1 
    0.473271 1.880731e-02 2.519000e-14 1 
    0.473546 1.937484e-02 2.592000e-14 1 
    0.473821 2.037619e-02 2.722800e-14 1 
    0.474096 1.977650e-02 2.639600e-14 1 
    0.474371 1.967493e-02 2.623000e-14 1 
    0.474646 1.932603e-02 2.573500e-14 1 
    0.474921 1.934993e-02 2.573700e-14 1 
    0.475196 1.952364e-02 2.593800e-14 1 
    0.475471 1.977156e-02 2.623700e-14 1 
    0.475746 1.989780e-02 2.637400e-14 1 
    0.476021 2.023653e-02 2.679200e-14 1 
    0.476296 2.056920e-02 2.720100e-14 1 
    0.476571 2.098512e-02 2.771900e-14 1 
    0.476846 1.994065e-02 2.630900e-14 1 
    0.477121 1.850142e-02 2.438200e-14 1 
    0.477396 1.982410e-02 2.609500e-14 1 
    0.477671 2.080526e-02 2.735500e-14 1 
    0.477946 1.994976e-02 2.620000e-14 1 
    0.478221 1.931180e-02 2.533300e-14 1 
    0.478496 1.889899e-02 2.476300e-14 1 
    0.478771 1.902463e-02 2.489900e-14 1 
    0.479046 2.010519e-02 2.628300e-14 1 
    0.479321 1.991384e-02 2.600300e-14 1 
    0.479596 1.977646e-02 2.579400e-14 1 
    0.479871 1.963642e-02 2.558200e-14 1 
    0.480146 2.058339e-02 2.678500e-14 1 
    0.480421 1.996535e-02 2.595100e-14 1 
    0.480696 1.951760e-02 2.534000e-14 1 
    0.480971 1.994014e-02 2.585900e-14 1 
    0.481246 1.881191e-02 2.436800e-14 1 
    0.481521 1.902895e-02 2.462100e-14 1 
    0.481796 1.926270e-02 2.489500e-14 1 
    0.482071 2.068138e-02 2.669800e-14 1 
    0.482346 2.020632e-02 2.605500e-14 1 
    0.482621 2.022626e-02 2.605100e-14 1 
    0.482896 2.153341e-02 2.770300e-14 1 
    0.483171 2.002103e-02 2.572800e-14 1 
    0.483446 2.006019e-02 2.574900e-14 1 
    0.483721 2.024837e-02 2.596100e-14 1 
    0.483996 1.963579e-02 2.514700e-14 1 
    0.484271 1.889984e-02 2.417700e-14 1 
    0.484546 1.994654e-02 2.548700e-14 1 
    0.484821 2.033900e-02 2.595900e-14 1 
    0.485096 2.051974e-02 2.616000e-14 1 
    0.485371 2.009069e-02 2.558400e-14 1 
    0.485646 2.086740e-02 2.654300e-14 1 
    0.485921 2.133101e-02 2.710200e-14 1 
    0.486196 2.045610e-02 2.596100e-14 1 
    0.486471 2.030018e-02 2.573400e-14 1 
    0.486746 2.047398e-02 2.592500e-14 1 
    0.487021 2.052163e-02 2.595600e-14 1 
    0.487296 2.058043e-02 2.600100e-14 1 
    0.487571 2.046262e-02 2.582300e-14 1 
    0.487846 2.169630e-02 2.734900e-14 1 
    0.488121 2.102345e-02 2.647100e-14 1 
    0.488396 2.117277e-02 2.662900e-14 1 
    0.488671 2.016422e-02 2.533200e-14 1 
    0.488946 2.070091e-02 2.597700e-14 1 
    0.489221 2.094440e-02 2.625300e-14 1 
    0.489496 1.990969e-02 2.492800e-14 1 
    0.489771 2.083640e-02 2.605900e-14 1 
    0.490046 2.095506e-02 2.617800e-14 1 
    0.490321 2.131917e-02 2.660300e-14 1 
    0.490596 2.056809e-02 2.563700e-14 1 
    0.490871 2.011969e-02 2.505000e-14 1 
    0.491146 2.074208e-02 2.579600e-14 1 
    0.491421 2.074519e-02 2.577100e-14 1 
    0.491696 2.070314e-02 2.569000e-14 1 
    0.491971 2.024385e-02 2.509200e-14 1 
    0.492246 2.071798e-02 2.565100e-14 1 
    0.492521 1.984926e-02 2.454800e-14 1 
    0.492796 2.034013e-02 2.512700e-14 1 
    0.493071 2.045847e-02 2.524500e-14 1 
    0.493346 1.939658e-02 2.390800e-14 1 
    0.493621 1.942390e-02 2.391500e-14 1 
    0.493896 2.087256e-02 2.567000e-14 1 
    0.494171 2.163005e-02 2.657200e-14 1 
    0.494446 2.164353e-02 2.655900e-14 1 
    0.494721 2.096193e-02 2.569400e-14 1 
    0.494996 2.034573e-02 2.491100e-14 1 
    0.495271 1.980580e-02 2.422300e-14 1 
    0.495546 1.926382e-02 2.353400e-14 1 
    0.495821 1.988341e-02 2.426400e-14 1 
    0.496096 2.071026e-02 2.524500e-14 1 
    0.496371 2.091391e-02 2.546500e-14 1 
    0.496646 2.036567e-02 2.477000e-14 1 
    0.496921 2.009438e-02 2.441300e-14 1 
    0.497196 2.056654e-02 2.495900e-14 1 
    0.497471 2.064044e-02 2.502100e-14 1 
    0.497746 2.175833e-02 2.634700e-14 1 
    0.498021 2.093992e-02 2.532800e-14 1 
    0.498296 2.040520e-02 2.465400e-14 1 
    0.498571 2.165154e-02 2.613100e-14 1 
    0.498846 2.104585e-02 2.537200e-14 1 
    0.499121 2.163373e-02 2.605200e-14 1 
    0.499396 2.147718e-02 2.583500e-14 1 
    0.499671 2.137684e-02 2.568600e-14 1 
    0.499946 2.055972e-02 2.467700e-14 1 
    0.500221 2.058735e-02 2.468300e-14 1 
    0.500496 2.077866e-02 2.488500e-14 1 
    0.500771 2.068280e-02 2.474300e-14 1 
    0.501046 2.103189e-02 2.513300e-14 1 
    0.501321 2.148893e-02 2.565100e-14 1 
    0.501596 2.034006e-02 2.425300e-14 1 
    0.501871 2.103656e-02 2.505600e-14 1 
    0.502146 2.029224e-02 2.414300e-14 1 
    0.502421 2.174237e-02 2.584000e-14 1 
    0.502696 2.216797e-02 2.631700e-14 1 
    0.502971 2.335594e-02 2.769700e-14 1 
    0.503246 2.272133e-02 2.691500e-14 1 
    0.503521 2.330479e-02 2.757600e-14 1 
    0.503796 2.275749e-02 2.689900e-14 1 
    0.504071 2.310588e-02 2.728100e-14 1 
    0.504346 2.309379e-02 2.723700e-14 1 
    0.504621 2.270136e-02 2.674500e-14 1 
    0.504896 2.087030e-02 2.456100e-14 1 
    0.505171 2.257224e-02 2.653500e-14 1 
    0.505446 2.125302e-02 2.495700e-14 1 
    0.505721 2.112867e-02 2.478400e-14 1 
    0.505996 2.150156e-02 2.519400e-14 1 
    0.506271 2.149077e-02 2.515400e-14 1 
    0.506546 2.118568e-02 2.477000e-14 1 
    0.506821 2.168561e-02 2.532700e-14 1 
    0.507096 2.143572e-02 2.500800e-14 1 
    0.507371 2.207765e-02 2.572900e-14 1 
    0.507646 2.127350e-02 2.476500e-14 1 
    0.507921 2.258218e-02 2.626000e-14 1 
    0.508196 2.248697e-02 2.612100e-14 1 
    0.508471 2.260870e-02 2.623400e-14 1 
    0.508746 2.285230e-02 2.648800e-14 1 
    0.509021 2.286837e-02 2.647800e-14 1 
    0.509296 2.399633e-02 2.775400e-14 1 
    0.509571 2.338954e-02 2.702300e-14 1 
    0.509846 2.188026e-02 2.525200e-14 1 
    0.510121 2.108243e-02 2.430500e-14 1 
    0.510396 2.102268e-02 2.421000e-14 1 
    0.510671 2.122093e-02 2.441200e-14 1 
    0.510946 2.163278e-02 2.485900e-14 1 
    0.511221 2.158900e-02 2.478200e-14 1 
    0.511496 2.210845e-02 2.535100e-14 1 
    0.511771 2.315280e-02 2.652000e-14 1 
    0.512046 2.155473e-02 2.466300e-14 1 
    0.512321 2.058224e-02 2.352500e-14 1 
    0.512596 1.971536e-02 2.251000e-14 1 
    0.512871 2.048179e-02 2.336000e-14 1 
    0.513146 2.178524e-02 2.482000e-14 1 
    0.513421 2.198170e-02 2.501700e-14 1 
    0.513696 2.224187e-02 2.528600e-14 1 
    0.513971 2.185535e-02 2.482000e-14 1 
    0.514246 2.217492e-02 2.515600e-14 1 
    0.514521 2.156064e-02 2.443300e-14 1 
    0.514796 2.271531e-02 2.571400e-14 1 
    0.515071 2.225321e-02 2.516400e-14 1 
    0.515346 2.250361e-02 2.542000e-14 1 
    0.515621 2.148898e-02 2.424800e-14 1 
    0.515896 2.141610e-02 2.414000e-14 1 
    0.516171 2.226843e-02 2.507400e-14 1 
    0.516446 2.103237e-02 2.365700e-14 1 
    0.516721 2.127728e-02 2.390700e-14 1 
    0.516996 2.266398e-02 2.543800e-14 1 
    0.517271 2.266758e-02 2.541500e-14 1 
    0.517546 2.215151e-02 2.481000e-14 1 
    0.517821 2.291244e-02 2.563500e-14 1 
    0.518096 2.215567e-02 2.476200e-14 1 
    0.518371 2.284112e-02 2.550100e-14 1 
    0.518646 2.309490e-02 2.575700e-14 1 
    0.518921 2.321454e-02 2.586300e-14 1 
    0.519196 2.251223e-02 2.505400e-14 1 
    0.519471 2.243624e-02 2.494300e-14 1 
    0.519746 2.219347e-02 2.464700e-14 1 
    0.520021 2.311566e-02 2.564400e-14 1 
    0.520296 2.305439e-02 2.554900e-14 1 
    0.520571 2.252865e-02 2.494000e-14 1 
    0.520846 2.154058e-02 2.382100e-14 1 
    0.521121 2.186568e-02 2.415500e-14 1 
    0.521396 2.230379e-02 2.461300e-14 1 
    0.521671 2.284348e-02 2.518200e-14 1 
    0.521946 2.232908e-02 2.458900e-14 1 
    0.522221 2.216080e-02 2.437800e-14 1 
    0.522496 2.225149e-02 2.445200e-14 1 
    0.522771 2.302373e-02 2.527400e-14 1 
    0.523046 2.147398e-02 2.354800e-14 1 
    0.523321 2.219218e-02 2.431000e-14 1 
    0.523596 2.102843e-02 2.301100e-14 1 
    0.523871 2.034613e-02 2.224100e-14 1 
    0.524146 2.057354e-02 2.246600e-14 1 
    0.524421 2.168695e-02 2.365700e-14 1 
    0.524696 2.320645e-02 2.528800e-14 1 
    0.524971 2.343932e-02 2.551500e-14 1 
    0.525246 2.301787e-02 2.503000e-14 1 
    0.525521 2.221990e-02 2.413700e-14 1 
    0.525796 2.020288e-02 2.192300e-14 1 
    0.526071 2.029136e-02 2.199600e-14 1 
    0.526346 2.113262e-02 2.288400e-14 1 
    0.526621 2.189795e-02 2.368800e-14 1 
    0.526896 2.140816e-02 2.313400e-14 1 
    0.527171 2.145830e-02 2.316400e-14 1 
    0.527446 2.209180e-02 2.382300e-14 1 
    0.527721 2.121718e-02 2.285600e-14 1 
    0.527996 2.175133e-02 2.340700e-14 1 
    0.528271 2.303632e-02 2.476400e-14 1 
    0.528546 2.222409e-02 2.386600e-14 1 
    0.528821 2.311601e-02 2.479800e-14 1 
    0.529096 2.305607e-02 2.470800e-14 1 
    0.529371 2.210763e-02 2.366700e-14 1 
    0.529646 2.252428e-02 2.408800e-14 1 
    0.529921 2.319168e-02 2.477600e-14 1 
    0.530196 2.344908e-02 2.502500e-14 1 
    0.530471 2.311884e-02 2.464700e-14 1 
    0.530746 2.317568e-02 2.468200e-14 1 
    0.531021 2.293652e-02 2.440200e-14 1 
    0.531296 2.293394e-02 2.437400e-14 1 
    0.531571 2.291059e-02 2.432400e-14 1 
    0.531846 2.356225e-02 2.499000e-14 1 
    0.532121 2.398115e-02 2.540800e-14 1 
    0.532396 2.324631e-02 2.460400e-14 1 
    0.532671 2.387753e-02 2.524600e-14 1 
    0.532946 2.457061e-02 2.595200e-14 1 
    0.533221 2.480827e-02 2.617600e-14 1 
    0.533496 2.414889e-02 2.545400e-14 1 
    0.533771 2.390502e-02 2.517100e-14 1 
    0.534046 2.399050e-02 2.523500e-14 1 
    0.534321 2.451770e-02 2.576300e-14 1 
    0.534596 2.364364e-02 2.481900e-14 1 
    0.534871 2.397981e-02 2.514600e-14 1 
    0.535146 2.467747e-02 2.585100e-14 1 
    0.535421 2.266266e-02 2.371600e-14 1 
    0.535696 2.214740e-02 2.315300e-14 1 
    0.535971 2.296204e-02 2.398000e-14 1 
    0.536246 2.306900e-02 2.406700e-14 1 
    0.536521 2.309747e-02 2.407200e-14 1 
    0.536796 2.412295e-02 2.511500e-14 1 
    0.537071 2.463226e-02 2.561900e-14 1 
    0.537346 2.472583e-02 2.569000e-14 1 
    0.537621 2.572905e-02 2.670500e-14 1 
    0.537896 2.637455e-02 2.734700e-14 1 
    0.538171 2.565042e-02 2.656900e-14 1 
    0.538446 2.560996e-02 2.650000e-14 1 
    0.538721 2.574544e-02 2.661300e-14 1 
    0.538996 2.499218e-02 2.580800e-14 1 
    0.539271 2.522902e-02 2.602600e-14 1 
    0.539546 2.566716e-02 2.645100e-14 1 
    0.539821 2.792842e-02 2.875200e-14 1 
    0.540096 2.781103e-02 2.860200e-14 1 
    0.540371 2.688257e-02 2.761900e-14 1 
    0.540646 2.533348e-02 2.600100e-14 1 
    0.540921 2.446976e-02 2.508900e-14 1 
    0.541196 2.501991e-02 2.562700e-14 1 
    0.541471 2.506782e-02 2.565000e-14 1 
    0.541746 2.501306e-02 2.556800e-14 1 
    0.542021 2.514031e-02 2.567200e-14 1 
    0.542296 2.476685e-02 2.526500e-14 1 
    0.542571 2.538173e-02 2.586600e-14 1 
    0.542846 2.501652e-02 2.546800e-14 1 
    0.543121 2.515495e-02 2.558300e-14 1 
    0.543396 2.511645e-02 2.551800e-14 1 
    0.543671 2.569362e-02 2.607800e-14 1 
    0.543946 2.632913e-02 2.669600e-14 1 
    0.544221 2.600528e-02 2.634100e-14 1 
    0.544496 2.624306e-02 2.655500e-14 1 
    0.544771 2.731521e-02 2.761200e-14 1 
    0.545046 2.773692e-02 2.801000e-14 1 
    0.545321 2.673996e-02 2.697600e-14 1 
    0.545596 2.621921e-02 2.642400e-14 1 
    0.545871 2.604402e-02 2.622100e-14 1 
    0.546146 2.614583e-02 2.629700e-14 1 
    0.546421 2.670463e-02 2.683200e-14 1 
    0.546696 2.537761e-02 2.547300e-14 1 
    0.546971 2.532835e-02 2.539800e-14 1 
    0.547246 2.531788e-02 2.536200e-14 1 
    0.547521 2.660241e-02 2.662200e-14 1 
    0.547796 2.602698e-02 2.602000e-14 1 
    0.548071 2.663586e-02 2.660200e-14 1 
    0.548346 2.597403e-02 2.591500e-14 1 
    0.548621 2.634823e-02 2.626200e-14 1 
    0.548896 2.512732e-02 2.502000e-14 1 
    0.549171 2.540584e-02 2.527200e-14 1 
    0.549446 2.592438e-02 2.576200e-14 1 
    0.549721 2.596645e-02 2.577800e-14 1 
    0.549996 2.612050e-02 2.590500e-14 1 
    0.550271 2.734167e-02 2.708900e-14 1 
    0.550546 2.723766e-02 2.695900e-14 1 
    0.550821 2.785853e-02 2.754600e-14 1 
    0.551096 2.669482e-02 2.636900e-14 1 
    0.551371 2.652791e-02 2.617800e-14 1 
    0.551646 2.598430e-02 2.561600e-14 1 
    0.551921 2.685299e-02 2.644600e-14 1 
    0.552196 2.626076e-02 2.583700e-14 1 
    0.552471 2.606411e-02 2.561800e-14 1 
    0.552746 2.508081e-02 2.462700e-14 1 
    0.553021 2.530864e-02 2.482600e-14 1 
    0.553296 2.678286e-02 2.624600e-14 1 
    0.553571 2.895049e-02 2.834200e-14 1 
    0.553846 2.715208e-02 2.655500e-14 1 
    0.554121 2.738784e-02 2.675900e-14 1 
    0.554396 2.691917e-02 2.627500e-14 1 
    0.554671 2.667411e-02 2.601000e-14 1 
    0.554946 2.597377e-02 2.530200e-14 1 
    0.555221 2.630163e-02 2.559600e-14 1 
    0.555496 2.698187e-02 2.623200e-14 1 
    0.555771 2.660293e-02 2.583800e-14 1 
    0.556046 2.643138e-02 2.564600e-14 1 
    0.556321 2.564047e-02 2.485400e-14 1 
    0.556596 2.606237e-02 2.523800e-14 1 
    0.556871 2.674038e-02 2.586900e-14 1 
    0.557146 2.778909e-02 2.685700e-14 1 
    0.557421 2.538464e-02 2.450900e-14 1 
    0.557696 2.443204e-02 2.356600e-14 1 
    0.557971 2.705057e-02 2.606600e-14 1 
    0.558246 2.695258e-02 2.594600e-14 1 
    0.558521 2.712992e-02 2.609100e-14 1 
    0.558796 2.663518e-02 2.559000e-14 1 
    0.559071 2.679476e-02 2.571800e-14 1 
    0.559346 2.721847e-02 2.609900e-14 1 
    0.559621 2.649988e-02 2.538500e-14 1 
    0.559896 2.672656e-02 2.557700e-14 1 
    0.560171 2.635221e-02 2.519400e-14 1 
    0.560446 2.592265e-02 2.475900e-14 1 
    0.560721 2.830091e-02 2.700400e-14 1 
    0.560996 2.728907e-02 2.601300e-14 1 
    0.561271 2.730848e-02 2.600600e-14 1 
    0.561546 2.769262e-02 2.634600e-14 1 
    0.561821 2.684542e-02 2.551500e-14 1 
    0.562096 2.826717e-02 2.684000e-14 1 
    0.562371 2.833278e-02 2.687600e-14 1 
    0.562646 2.834361e-02 2.686000e-14 1 
    0.562921 2.812310e-02 2.662500e-14 1 
    0.563196 2.851324e-02 2.696800e-14 1 
    0.563471 2.769337e-02 2.616700e-14 1 
    0.563746 2.786236e-02 2.630100e-14 1 
    0.564021 2.988840e-02 2.818600e-14 1 
    0.564296 2.918305e-02 2.749400e-14 1 
    0.564571 2.890232e-02 2.720300e-14 1 
    0.564846 2.902832e-02 2.729500e-14 1 
    0.565121 2.895440e-02 2.719900e-14 1 
    0.565396 2.983078e-02 2.799500e-14 1 
    0.565671 3.039098e-02 2.849300e-14 1 
    0.565946 3.005540e-02 2.815100e-14 1 
    0.566221 2.949791e-02 2.760200e-14 1 
    0.566496 2.968168e-02 2.774700e-14 1 
    0.566771 2.866758e-02 2.677300e-14 1 
    0.567046 2.780902e-02 2.594600e-14 1 
    0.567321 2.870823e-02 2.675900e-14 1 
    0.567596 2.805307e-02 2.612300e-14 1 
    0.567871 2.731062e-02 2.540700e-14 1 
    0.568146 2.879286e-02 2.676000e-14 1 
    0.568421 2.781158e-02 2.582300e-14 1 
    0.568696 2.832578e-02 2.627500e-14 1 
    0.568971 2.730646e-02 2.530500e-14 1 
    0.569246 2.717192e-02 2.515600e-14 1 
    0.569521 2.717223e-02 2.513200e-14 1 
    0.569796 2.693658e-02 2.489000e-14 1 
    0.570071 2.773929e-02 2.560700e-14 1 
    0.570346 2.817268e-02 2.598200e-14 1 
    0.570621 2.838762e-02 2.615500e-14 1 
    0.570896 2.933517e-02 2.700200e-14 1 
    0.571171 2.929928e-02 2.694300e-14 1 
    0.571446 2.921756e-02 2.684200e-14 1 
    0.571721 2.809840e-02 2.578900e-14 1 
    0.571996 2.842753e-02 2.606600e-14 1 
    0.572271 2.764159e-02 2.532100e-14 1 
    0.572546 2.952247e-02 2.701800e-14 1 
    0.572821 2.844506e-02 2.600700e-14 1 
    0.573096 2.886432e-02 2.636500e-14 1 
    0.573371 2.904873e-02 2.650800e-14 1 
    0.573646 2.843601e-02 2.592400e-14 1 
    0.573921 2.950414e-02 2.687200e-14 1 
    0.574196 2.838067e-02 2.582400e-14 1 
    0.574471 2.806574e-02 2.551300e-14 1 
    0.574746 2.874778e-02 2.610800e-14 1 
    0.575021 2.954460e-02 2.680600e-14 1 
    0.575296 2.781986e-02 2.521700e-14 1 
    0.575571 2.817222e-02 2.551200e-14 1 
    0.575846 2.864017e-02 2.591100e-14 1 
    0.576121 2.860115e-02 2.585100e-14 1 
    0.576396 2.961741e-02 2.674400e-14 1 
    0.576671 3.016889e-02 2.721600e-14 1 
    0.576946 2.939989e-02 2.649700e-14 1 
    0.577221 2.941793e-02 2.648800e-14 1 
    0.577496 2.978837e-02 2.679600e-14 1 
    0.577771 2.828117e-02 2.541600e-14 1 
    0.578046 2.908330e-02 2.611200e-14 1 
    0.578321 2.955469e-02 2.651000e-14 1 
    0.578596 2.842337e-02 2.547100e-14 1 
    0.578871 2.934174e-02 2.626900e-14 1 
    0.579146 3.107463e-02 2.779400e-14 1 
    0.579421 2.949824e-02 2.635900e-14 1 
    0.579696 2.932798e-02 2.618200e-14 1 
    0.579971 3.012721e-02 2.687000e-14 1 
    0.580246 2.911094e-02 2.593900e-14 1 
    0.580521 2.952385e-02 2.628200e-14 1 
    0.580796 2.912230e-02 2.590000e-14 1 
    0.581071 2.889891e-02 2.567700e-14 1 
    0.581346 2.988495e-02 2.652800e-14 1 
    0.581621 2.975763e-02 2.639000e-14 1 
    0.581896 2.873497e-02 2.545900e-14 1 
    0.582171 3.019014e-02 2.672300e-14 1 
    0.582446 3.125901e-02 2.764300e-14 1 
    0.582721 2.932133e-02 2.590500e-14 1 
    0.582996 2.899667e-02 2.559400e-14 1 
    0.583271 2.999815e-02 2.645300e-14 1 
    0.583546 2.983915e-02 2.628800e-14 1 
    0.583821 3.063078e-02 2.696000e-14 1 
    0.584096 2.984539e-02 2.624400e-14 1 
    0.584371 3.040736e-02 2.671300e-14 1 
    0.584646 2.959285e-02 2.597300e-14 1 
    0.584921 3.063341e-02 2.686100e-14 1 
    0.585196 3.085399e-02 2.702900e-14 1 
    0.585471 3.007519e-02 2.632200e-14 1 
    0.585746 3.052661e-02 2.669200e-14 1 
    0.586021 3.194956e-02 2.791000e-14 1 
    0.586296 3.035594e-02 2.649300e-14 1 
    0.586571 3.065051e-02 2.672500e-14 1 
    0.586846 3.107415e-02 2.706900e-14 1 
    0.587121 2.973592e-02 2.587900e-14 1 
    0.587396 3.011227e-02 2.618200e-14 1 
    0.587671 3.056872e-02 2.655400e-14 1 
    0.587946 2.961560e-02 2.570200e-14 1 
    0.588221 2.971136e-02 2.576100e-14 1 
    0.588496 3.025171e-02 2.620500e-14 1 
    0.588771 2.873393e-02 2.486700e-14 1 
    0.589046 3.110286e-02 2.689200e-14 1 
    0.589321 2.954706e-02 2.552300e-14 1 
    0.589596 3.052945e-02 2.634700e-14 1 
    0.589871 3.178155e-02 2.740200e-14 1 
    0.590146 2.962404e-02 2.551800e-14 1 
    0.590421 3.172929e-02 2.730600e-14 1 
    0.590696 3.178910e-02 2.733200e-14 1 
    0.590971 3.108296e-02 2.670000e-14 1 
    0.591246 3.121327e-02 2.678700e-14 1 
    0.591521 3.107086e-02 2.664000e-14 1 
    0.591796 3.008061e-02 2.576700e-14 1 
    0.592071 3.110413e-02 2.661900e-14 1 
    0.592346 3.042777e-02 2.601600e-14 1 
    0.592621 3.106595e-02 2.653700e-14 1 
    0.592896 3.264033e-02 2.785600e-14 1 
    0.593171 3.348691e-02 2.855200e-14 1 
    0.593446 3.160682e-02 2.692400e-14 1 
    0.593721 3.003222e-02 2.555900e-14 1 
    0.593996 3.002241e-02 2.552700e-14 1 
    0.594271 3.048342e-02 2.589500e-14 1 
    0.594546 3.176416e-02 2.695800e-14 1 
    0.594821 3.058823e-02 2.593600e-14 1 
    0.595096 2.934870e-02 2.486200e-14 1 
    0.595371 2.930612e-02 2.480300e-14 1 
    0.595646 3.158023e-02 2.670300e-14 1 
    0.595921 2.833754e-02 2.393900e-14 1 
    0.596196 3.037081e-02 2.563300e-14 1 
    0.596471 3.160373e-02 2.664900e-14 1 
    0.596746 3.147738e-02 2.651800e-14 1 
    0.597021 3.235827e-02 2.723500e-14 1 
    0.597296 3.218711e-02 2.706600e-14 1 
    0.597571 3.322019e-02 2.790900e-14 1 
    0.597846 2.956577e-02 2.481600e-14 1 
    0.598121 3.042772e-02 2.551600e-14 1 
    0.598396 2.855909e-02 2.392700e-14 1 
    0.598671 2.624017e-02 2.196400e-14 1 
    0.598946 2.955629e-02 2.471700e-14 1 
    0.599221 2.771629e-02 2.315700e-14 1 
    0.599496 2.826406e-02 2.359300e-14 1 
    0.599771 2.833676e-02 2.363200e-14 1 
    0.600046 2.931089e-02 2.442200e-14 1 
    0.600321 3.145923e-02 2.618800e-14 1 
    0.600596 3.202793e-02 2.663700e-14 1 
    0.600871 3.030138e-02 2.517800e-14 1 
    0.601146 3.064955e-02 2.544400e-14 1 
    0.601421 3.000241e-02 2.488400e-14 1 
    0.601696 3.048240e-02 2.525900e-14 1 
    0.601971 3.060690e-02 2.533900e-14 1 
    0.602246 3.080655e-02 2.548100e-14 1 
    0.602521 3.120982e-02 2.579100e-14 1 
    0.602796 3.083862e-02 2.546100e-14 1 
    0.603071 3.154445e-02 2.602000e-14 1 
    0.603346 3.056851e-02 2.519200e-14 1 
    0.603621 3.179512e-02 2.617900e-14 1 
    0.603896 3.271637e-02 2.691300e-14 1 
    0.604171 3.159392e-02 2.596600e-14 1 
    0.604446 3.032324e-02 2.489900e-14 1 
    0.604721 3.131382e-02 2.568900e-14 1 
    0.604996 3.091650e-02 2.534000e-14 1 
    0.605271 3.180432e-02 2.604400e-14 1 
    0.605546 3.267661e-02 2.673400e-14 1 
    0.605821 3.331188e-02 2.722900e-14 1 
    0.606096 3.238333e-02 2.644600e-14 1 
    0.606371 3.104004e-02 2.532600e-14 1 
    0.606646 3.254272e-02 2.652800e-14 1 
    0.606921 3.230088e-02 2.630700e-14 1 
    0.607196 3.100166e-02 2.522600e-14 1 
    0.607471 3.162879e-02 2.571300e-14 1 
    0.607746 3.180764e-02 2.583500e-14 1 
    0.608021 3.158381e-02 2.563000e-14 1 
    0.608296 3.183687e-02 2.581200e-14 1 
    0.608571 3.160517e-02 2.560100e-14 1 
    0.608846 3.210576e-02 2.598300e-14 1 
    0.609121 3.278654e-02 2.651000e-14 1 
    0.609396 3.324941e-02 2.686000e-14 1 
    0.609671 3.327943e-02 2.686000e-14 1 
    0.609946 3.280349e-02 2.645200e-14 1 
    0.610221 3.274246e-02 2.637900e-14 1 
    0.610496 3.278441e-02 2.638900e-14 1 
    0.610771 3.156924e-02 2.538800e-14 1 
    0.611046 3.183165e-02 2.557600e-14 1 
    0.611321 3.161864e-02 2.538200e-14 1 
    0.611596 3.200369e-02 2.566800e-14 1 
    0.611871 3.130492e-02 2.508500e-14 1 
    0.612146 3.067230e-02 2.455600e-14 1 
    0.612421 3.140123e-02 2.511700e-14 1 
    0.612696 3.186740e-02 2.546700e-14 1 
    0.612971 3.444348e-02 2.750100e-14 1 
    0.613246 3.526540e-02 2.813200e-14 1 
    0.613521 3.352541e-02 2.672000e-14 1 
    0.613796 3.306193e-02 2.632700e-14 1 
    0.614071 3.305511e-02 2.629800e-14 1 
    0.614346 3.396286e-02 2.699600e-14 1 
    0.614621 3.394038e-02 2.695400e-14 1 
    0.614896 3.312509e-02 2.628300e-14 1 
    0.615171 3.288225e-02 2.606700e-14 1 
    0.615446 3.340027e-02 2.645400e-14 1 
    0.615721 3.360705e-02 2.659400e-14 1 
    0.615996 3.491329e-02 2.760300e-14 1 
    0.616271 3.312401e-02 2.616500e-14 1 
    0.616546 3.283047e-02 2.591000e-14 1 
    0.616821 3.279635e-02 2.586000e-14 1 
    0.617096 3.203860e-02 2.524000e-14 1 
    0.617371 3.320552e-02 2.613600e-14 1 
    0.617646 3.272519e-02 2.573500e-14 1 
    0.617921 3.162286e-02 2.484600e-14 1 
    0.618196 3.210197e-02 2.520000e-14 1 
    0.618471 3.257297e-02 2.554700e-14 1 
    0.618746 3.448937e-02 2.702600e-14 1 
    0.619021 3.493005e-02 2.734700e-14 1 
    0.619296 3.486777e-02 2.727400e-14 1 
    0.619571 3.589296e-02 2.805100e-14 1 
    0.619846 3.448404e-02 2.692600e-14 1 
    0.620121 3.366351e-02 2.626200e-14 1 
    0.620396 3.199600e-02 2.493900e-14 1 
    0.620671 3.216691e-02 2.505000e-14 1 
    0.620946 3.161063e-02 2.459500e-14 1 
    0.621221 3.268705e-02 2.541000e-14 1 
    0.621496 3.333529e-02 2.589100e-14 1 
    0.621771 3.364186e-02 2.610600e-14 1 
    0.622046 3.267718e-02 2.533500e-14 1 
    0.622321 3.181146e-02 2.464200e-14 1 
    0.622596 3.307094e-02 2.559500e-14 1 
    0.622871 3.333553e-02 2.577700e-14 1 
    0.623146 3.378823e-02 2.610400e-14 1 
    0.623421 3.610593e-02 2.787000e-14 1 
    0.623696 3.562691e-02 2.747600e-14 1 
    0.623971 3.388814e-02 2.611200e-14 1 
    0.624246 3.176567e-02 2.445500e-14 1 
    0.624521 3.275182e-02 2.519200e-14 1 
    0.624796 3.088478e-02 2.373500e-14 1 
    0.625071 3.309866e-02 2.541400e-14 1 
    0.625346 3.415367e-02 2.620100e-14 1 
    0.625621 3.612115e-02 2.768600e-14 1 
    0.625896 3.576639e-02 2.739000e-14 1 
    0.626171 3.433272e-02 2.626900e-14 1 
    0.626446 2.976616e-02 2.275500e-14 1 
    0.626721 3.124166e-02 2.386200e-14 1 
    0.626996 3.124549e-02 2.384400e-14 1 
    0.627271 3.194049e-02 2.435300e-14 1 
    0.627546 3.207484e-02 2.443400e-14 1 
    0.627821 3.320397e-02 2.527200e-14 1 
    0.628096 3.380904e-02 2.571000e-14 1 
    0.628371 3.236455e-02 2.459000e-14 1 
    0.628646 3.466394e-02 2.631400e-14 1 
    0.628921 3.597979e-02 2.728900e-14 1 
    0.629196 3.389721e-02 2.568700e-14 1 
    0.629471 3.364949e-02 2.547700e-14 1 
    0.629746 3.427906e-02 2.593100e-14 1 
    0.630021 3.489248e-02 2.637200e-14 1 
    0.630296 3.413502e-02 2.577700e-14 1 
    0.630571 3.514561e-02 2.651700e-14 1 
    0.630846 3.370380e-02 2.540700e-14 1 
    0.631121 3.456168e-02 2.603100e-14 1 
    0.631396 3.460642e-02 2.604200e-14 1 
    0.631671 3.301128e-02 2.482000e-14 1 
    0.631946 3.463080e-02 2.601500e-14 1 
    0.632221 3.274370e-02 2.457600e-14 1 
    0.632496 3.270419e-02 2.452500e-14 1 
    0.632771 3.236693e-02 2.425100e-14 1 
    0.633046 3.219203e-02 2.409900e-14 1 
    0.633321 3.233498e-02 2.418500e-14 1 
    0.633596 3.315525e-02 2.477700e-14 1 
    0.633871 3.341708e-02 2.495100e-14 1 
    0.634146 3.292732e-02 2.456400e-14 1 
    0.634421 3.278415e-02 2.443600e-14 1 
    0.634696 3.233186e-02 2.407800e-14 1 
    0.634971 3.198357e-02 2.379800e-14 1 
    0.635246 3.261793e-02 2.424900e-14 1 
    0.635521 3.387130e-02 2.515900e-14 1 
    0.635796 3.277415e-02 2.432300e-14 1 
    0.636071 3.256515e-02 2.414700e-14 1 
    0.636346 3.284573e-02 2.433400e-14 1 
    0.636621 3.190279e-02 2.361500e-14 1 
    0.636896 3.372462e-02 2.494200e-14 1 
    0.637171 3.320296e-02 2.453500e-14 1 
    0.637446 3.395355e-02 2.506800e-14 1 
    0.637721 3.263129e-02 2.407100e-14 1 
    0.637996 3.346674e-02 2.466600e-14 1 
    0.638271 3.355127e-02 2.470700e-14 1 
    0.638546 3.401375e-02 2.502600e-14 1 
    0.638821 3.318878e-02 2.439800e-14 1 
    0.639096 3.512616e-02 2.580000e-14 1 
    0.639371 3.292982e-02 2.416600e-14 1 
    0.639646 3.387055e-02 2.483500e-14 1 
    0.639921 3.460811e-02 2.535400e-14 1 
    0.640196 3.421162e-02 2.504200e-14 1 
    0.640471 3.505186e-02 2.563500e-14 1 
    0.640746 3.655586e-02 2.671200e-14 1 
    0.641021 3.692693e-02 2.696000e-14 1 
    0.641296 3.652542e-02 2.664400e-14 1 
    0.641571 3.642641e-02 2.654900e-14 1 
    0.641846 3.578751e-02 2.606100e-14 1 
    0.642121 3.358616e-02 2.443700e-14 1 
    0.642396 3.186383e-02 2.316400e-14 1 
    0.642671 3.536604e-02 2.568800e-14 1 
    0.642946 3.541010e-02 2.569800e-14 1 
    0.643221 3.685260e-02 2.672200e-14 1 
    0.643496 3.517394e-02 2.548300e-14 1 
    0.643771 3.576627e-02 2.589000e-14 1 
    0.644046 3.505849e-02 2.535600e-14 1 
    0.644321 3.505246e-02 2.533000e-14 1 
    0.644596 3.361981e-02 2.427400e-14 1 
    0.644871 3.400476e-02 2.453100e-14 1 
    0.645146 3.468584e-02 2.500100e-14 1 
    0.645421 3.342960e-02 2.407500e-14 1 
    0.645696 3.631402e-02 2.613000e-14 1 
    0.645971 3.694723e-02 2.656300e-14 1 
    0.646246 3.639958e-02 2.614700e-14 1 
    0.646521 3.466944e-02 2.488300e-14 1 
    0.646796 3.515074e-02 2.520700e-14 1 
    0.647071 3.492942e-02 2.502700e-14 1 
    0.647346 3.405675e-02 2.438100e-14 1 
    0.647621 3.341882e-02 2.390400e-14 1 
    0.647896 3.501995e-02 2.502800e-14 1 
    0.648171 3.608459e-02 2.576700e-14 1 
    0.648446 3.399178e-02 2.425200e-14 1 
    0.648721 3.469817e-02 2.473500e-14 1 
    0.648996 3.326605e-02 2.369400e-14 1 
    0.649271 3.501418e-02 2.491800e-14 1 
    0.649546 3.881713e-02 2.760100e-14 1 
    0.649821 3.739600e-02 2.656800e-14 1 
    0.650096 3.657113e-02 2.596000e-14 1 
    0.650371 3.538812e-02 2.509900e-14 1 
    0.650646 3.204685e-02 2.271000e-14 1 
    0.650921 3.541410e-02 2.507500e-14 1 
    0.651196 3.577621e-02 2.531000e-14 1 
    0.651471 3.696650e-02 2.613000e-14 1 
    0.651746 3.354714e-02 2.369300e-14 1 
    0.652021 3.592927e-02 2.535400e-14 1 
    0.652296 3.571422e-02 2.518100e-14 1 
    0.652571 3.381240e-02 2.382000e-14 1 
    0.652846 3.892272e-02 2.739700e-14 1 
    0.653121 3.821330e-02 2.687500e-14 1 
    0.653396 3.605535e-02 2.533600e-14 1 
    0.653671 3.438084e-02 2.413900e-14 1 
    0.653946 3.484312e-02 2.444300e-14 1 
    0.654221 3.594530e-02 2.519500e-14 1 
    0.654496 3.875275e-02 2.714000e-14 1 
    0.654771 3.555274e-02 2.487800e-14 1 
    0.655046 3.593875e-02 2.512700e-14 1 
    0.655321 3.656873e-02 2.554600e-14 1 
    0.655596 3.463091e-02 2.417200e-14 1 
    0.655871 3.426995e-02 2.390000e-14 1 
    0.656146 3.468617e-02 2.417000e-14 1 
    0.656421 3.527541e-02 2.456000e-14 1 
    0.656696 3.703140e-02 2.576100e-14 1 
    0.656971 3.528563e-02 2.452600e-14 1 
    0.657246 3.398326e-02 2.360100e-14 1 
    0.657521 3.546290e-02 2.460800e-14 1 
    0.657796 3.546373e-02 2.458800e-14 1 
    0.658071 3.395170e-02 2.352000e-14 1 
    0.658346 3.429215e-02 2.373600e-14 1 
    0.658621 3.471554e-02 2.400900e-14 1 
    0.658896 3.489649e-02 2.411400e-14 1 
    0.659171 3.549048e-02 2.450400e-14 1 
    0.659446 3.532731e-02 2.437100e-14 1 
    0.659721 3.705273e-02 2.554000e-14 1 
    0.659996 3.580443e-02 2.465900e-14 1 
    0.660271 3.475020e-02 2.391300e-14 1 
    0.660546 3.412903e-02 2.346600e-14 1 
    0.660821 3.585616e-02 2.463300e-14 1 
    0.661096 3.535863e-02 2.427100e-14 1 
    0.661371 3.561114e-02 2.442400e-14 1 
    0.661646 3.670163e-02 2.515100e-14 1 
    0.661921 3.707974e-02 2.538900e-14 1 
    0.662196 3.657265e-02 2.502100e-14 1 
    0.662471 3.646406e-02 2.492600e-14 1 
    0.662746 3.670664e-02 2.507100e-14 1 
    0.663021 3.733789e-02 2.548100e-14 1 
    0.663296 3.595072e-02 2.451400e-14 1 
    0.663571 3.616108e-02 2.463700e-14 1 
    0.663846 3.862073e-02 2.629100e-14 1 
    0.664121 3.946869e-02 2.684600e-14 1 
    0.664396 3.775630e-02 2.566000e-14 1 
    0.664671 3.856805e-02 2.619000e-14 1 
    0.664946 3.815635e-02 2.588900e-14 1 
    0.665221 3.934879e-02 2.667600e-14 1 
    0.665496 4.177438e-02 2.829700e-14 1 
    0.665771 4.448467e-02 3.010800e-14 1 
    0.666046 4.361054e-02 2.949200e-14 1 
    0.666321 4.611066e-02 3.115700e-14 1 
    0.666596 5.043671e-02 3.405200e-14 1 
    0.666871 6.524887e-02 4.401600e-14 1 
    0.667146 8.294433e-02 5.590700e-14 1 
    0.667421 8.472177e-02 5.705800e-14 1 
    0.667696 7.492714e-02 5.042000e-14 1 
    0.667971 6.007884e-02 4.039500e-14 1 
    0.668246 4.495149e-02 3.019900e-14 1 
    0.668521 4.244402e-02 2.849100e-14 1 
    0.668796 4.704874e-02 3.155600e-14 1 
    0.669071 5.561379e-02 3.727000e-14 1 
    0.669346 6.278460e-02 4.204100e-14 1 
    0.669621 5.925952e-02 3.964800e-14 1 
    0.669896 5.438680e-02 3.635800e-14 1 
    0.670171 4.828588e-02 3.225300e-14 1 
    0.670446 3.994687e-02 2.666100e-14 1 
    0.670721 3.803023e-02 2.536100e-14 1 
    0.670996 3.741158e-02 2.492800e-14 1 
    0.671271 3.727853e-02 2.481900e-14 1 
    0.671546 3.699340e-02 2.460900e-14 1 
    0.671821 3.571481e-02 2.373900e-14 1 
    0.672096 3.636742e-02 2.415300e-14 1 
    0.672371 3.671364e-02 2.436300e-14 1 
    0.672646 3.812366e-02 2.527800e-14 1 
    0.672921 3.815182e-02 2.527600e-14 1 
    0.673196 3.703341e-02 2.451500e-14 1 
    0.673471 3.785590e-02 2.503900e-14 1 
    0.673746 3.992044e-02 2.638300e-14 1 
    0.674021 3.655938e-02 2.414200e-14 1 
    0.674296 3.751373e-02 2.475200e-14 1 
    0.674571 3.727737e-02 2.457600e-14 1 
    0.674846 3.788767e-02 2.495800e-14 1 
    0.675121 3.953812e-02 2.602400e-14 1 
    0.675396 3.825051e-02 2.515600e-14 1 
    0.675671 3.739144e-02 2.457100e-14 1 
    0.675946 3.900733e-02 2.561200e-14 1 
    0.676221 3.853760e-02 2.528300e-14 1 
    0.676496 3.838589e-02 2.516300e-14 1 
    0.676771 3.909802e-02 2.560900e-14 1 
    0.677046 3.765532e-02 2.464400e-14 1 
    0.677321 3.695801e-02 2.416800e-14 1 
    0.677596 3.706454e-02 2.421800e-14 1 
    0.677871 3.768587e-02 2.460400e-14 1 
    0.678146 3.807056e-02 2.483500e-14 1 
    0.678421 3.810145e-02 2.483500e-14 1 
    0.678696 3.981056e-02 2.592800e-14 1 
    0.678971 3.892697e-02 2.533200e-14 1 
    0.679246 3.723758e-02 2.421300e-14 1 
    0.679521 3.789419e-02 2.462000e-14 1 
    0.679796 3.710074e-02 2.408500e-14 1 
    0.680071 3.810972e-02 2.472000e-14 1 
    0.680346 3.828403e-02 2.481300e-14 1 
    0.680621 3.869485e-02 2.505900e-14 1 
    0.680896 3.752689e-02 2.428300e-14 1 
    0.681171 3.730511e-02 2.412000e-14 1 
    0.681446 3.913235e-02 2.528100e-14 1 
    0.681721 3.961938e-02 2.557500e-14 1 
    0.681996 4.148392e-02 2.675700e-14 1 
    0.682271 4.278043e-02 2.757100e-14 1 
    0.682546 4.503556e-02 2.900100e-14 1 
    0.682821 4.983843e-02 3.206800e-14 1 
    0.683912 3.833873e-02 2.459000e-14 0 
    0.685488 3.861117e-02 2.465100e-14 0 
    0.687068 3.791291e-02 2.409400e-14 0 
    0.688652 3.827130e-02 2.421000e-14 0 
    0.690240 3.810180e-02 2.399200e-14 0 
    0.691831 3.917588e-02 2.455500e-14 0 
    0.693426 3.927337e-02 2.450300e-14 0 
    0.695024 4.001173e-02 2.484900e-14 0 
    0.696626 4.020286e-02 2.485300e-14 0 
    0.698233 3.875533e-02 2.384800e-14 0 
    0.699842 3.957413e-02 2.424000e-14 0 
    0.701455 4.013235e-02 2.446900e-14 0 
    0.703072 4.023191e-02 2.441700e-14 0 
    0.704693 4.042592e-02 2.442200e-14 0 
    0.706318 4.127942e-02 2.482300e-14 0 
    0.707946 4.138139e-02 2.477000e-14 0 
    0.709578 4.196512e-02 2.500400e-14 0 
    0.711214 4.158896e-02 2.466600e-14 0 
    0.712853 4.074252e-02 2.405300e-14 0 
    0.714496 4.218299e-02 2.478900e-14 0 
    0.716143 4.161182e-02 2.434100e-14 0 
    0.717794 4.152396e-02 2.417800e-14 0 
    0.719449 4.172257e-02 2.418200e-14 0 
    0.721108 4.096881e-02 2.363600e-14 0 
    0.722770 4.107081e-02 2.358600e-14 0 
    0.724436 4.098397e-02 2.342800e-14 0 
    0.726106 4.127507e-02 2.348600e-14 0 
    0.727780 4.166511e-02 2.359900e-14 0 
    0.729457 4.138732e-02 2.333400e-14 0 
    0.731139 3.898934e-02 2.188100e-14 0 
    0.732825 4.008948e-02 2.239500e-14 0 
    0.734514 4.296484e-02 2.389100e-14 0 
    0.736207 4.209178e-02 2.329800e-14 0 
    0.737904 4.190490e-02 2.308800e-14 0 
    0.739605 4.449971e-02 2.440500e-14 0 
    0.741310 4.379655e-02 2.390900e-14 0 
    0.743019 4.380549e-02 2.380400e-14 0 
    0.744732 4.442183e-02 2.402800e-14 0 
    0.746449 4.620559e-02 2.487800e-14 0 
    0.748170 4.557926e-02 2.442800e-14 0 
    0.749894 4.686550e-02 2.500200e-14 0 
    0.751623 4.528348e-02 2.404700e-14 0 
    0.753356 4.808622e-02 2.541800e-14 0 
    0.755092 4.678575e-02 2.461700e-14 0 
    0.756833 4.832682e-02 2.531100e-14 0 
    0.758578 4.900835e-02 2.555000e-14 0 
    0.760326 4.801276e-02 2.491600e-14 0 
    0.762079 4.869129e-02 2.515200e-14 0 
    0.763836 4.881299e-02 2.509900e-14 0 
    0.765597 4.893478e-02 2.504600e-14 0 
    0.767361 5.031466e-02 2.563400e-14 0 
    0.769130 4.929280e-02 2.499800e-14 0 
    0.770904 4.998796e-02 2.523400e-14 0 
    0.772681 4.908630e-02 2.466500e-14 0 
    0.774462 4.887100e-02 2.444400e-14 0 
    0.776247 5.024944e-02 2.501800e-14 0 
    0.778037 4.945641e-02 2.451000e-14 0 
    0.779830 4.637636e-02 2.287800e-14 0 
    0.781628 4.868396e-02 2.390600e-14 0 
    0.783430 4.714924e-02 2.304600e-14 0 
    0.785236 4.803691e-02 2.337200e-14 0 
    0.787046 4.916507e-02 2.381100e-14 0 
    0.788860 4.861201e-02 2.343500e-14 0 
    0.790679 4.862181e-02 2.333200e-14 0 
    0.792501 4.818669e-02 2.301700e-14 0 
    0.794328 4.966052e-02 2.361200e-14 0 
    0.796159 5.106239e-02 2.416700e-14 0 
    0.797995 5.095430e-02 2.400500e-14 0 
    0.799834 5.179290e-02 2.428800e-14 0 
    0.801678 5.097584e-02 2.379500e-14 0 
    0.803526 4.971106e-02 2.309800e-14 0 
    0.805378 4.937832e-02 2.283800e-14 0 
    0.807235 4.938909e-02 2.273800e-14 0 
    0.809096 5.078232e-02 2.327200e-14 0 
    0.810961 5.161955e-02 2.354700e-14 0 
    0.812831 5.080518e-02 2.306900e-14 0 
    0.814704 5.223875e-02 2.361100e-14 0 
    0.816582 5.177083e-02 2.329200e-14 0 
    0.818465 5.298790e-02 2.373000e-14 0 
    0.820352 5.398400e-02 2.406500e-14 0 
    0.822243 5.264437e-02 2.336000e-14 0 
    0.824138 5.253412e-02 2.320400e-14 0 
    0.826038 5.327701e-02 2.342400e-14 0 
    0.827942 5.415355e-02 2.370000e-14 0 
    0.829851 5.329942e-02 2.321900e-14 0 
    0.831764 5.607985e-02 2.431800e-14 0 
    0.833681 5.443891e-02 2.349800e-14 0 
    0.835603 5.533492e-02 2.377500e-14 0 
    0.837529 4.932864e-02 2.109700e-14 0 
    0.839460 5.730329e-02 2.439500e-14 0 
    0.841395 5.798074e-02 2.457000e-14 0 
    0.843335 5.424665e-02 2.288200e-14 0 
    0.845279 5.363726e-02 2.252100e-14 0 
    0.847227 5.591851e-02 2.337100e-14 0 
    0.849180 5.593143e-02 2.326900e-14 0 
    0.851138 5.555699e-02 2.300700e-14 0 
    0.853100 5.430449e-02 2.238500e-14 0 
    0.855067 5.713855e-02 2.344500e-14 0 
    0.857038 5.715254e-02 2.334300e-14 0 
    0.859014 5.599223e-02 2.276400e-14 0 
    0.860994 5.757266e-02 2.329900e-14 0 
    0.862979 5.679580e-02 2.287900e-14 0 
    0.864968 4.936423e-02 1.979400e-14 0 
    0.866962 5.655964e-02 2.257500e-14 0 
    0.868960 4.472910e-02 1.777100e-14 0 
    0.870964 5.790228e-02 2.289900e-14 0 
    0.872971 5.899249e-02 2.322300e-14 0 
    0.874984 5.583244e-02 2.187800e-14 0 
    0.877001 5.888208e-02 2.296700e-14 0 
    0.879023 5.971540e-02 2.318500e-14 0 
    0.881049 5.190249e-02 2.005900e-14 0 
    0.883080 5.731492e-02 2.204900e-14 0 
    0.885116 5.826111e-02 2.231000e-14 0 
    0.887156 6.046085e-02 2.304600e-14 0 
    0.889201 6.019698e-02 2.284000e-14 0 
    0.891251 6.007240e-02 2.268800e-14 0 
    0.893305 6.162640e-02 2.316800e-14 0 
    0.895365 6.221025e-02 2.328000e-14 0 
    0.897429 6.208128e-02 2.312500e-14 0 
    0.899498 6.040446e-02 2.239700e-14 0 
    0.901571 5.877034e-02 2.169100e-14 0 
    0.903650 5.905531e-02 2.169600e-14 0 
    0.905733 6.086467e-02 2.225800e-14 0 
    0.907820 6.101912e-02 2.221200e-14 0 
    0.909913 6.089235e-02 2.206400e-14 0 
    0.912011 5.856729e-02 2.112400e-14 0 
    0.914113 6.277046e-02 2.253600e-14 0 
    0.916220 5.872856e-02 2.098800e-14 0 
    0.918333 5.661874e-02 2.014100e-14 0 
    0.920450 6.653565e-02 2.356000e-14 0 
    0.922571 6.594328e-02 2.324300e-14 0 
    0.924698 5.678781e-02 1.992400e-14 0 
    0.926830 6.213819e-02 2.170100e-14 0 
    0.928966 6.032215e-02 2.097000e-14 0 
    0.931108 6.202536e-02 2.146300e-14 0 
    0.933254 6.007322e-02 2.069200e-14 0 
    0.935406 6.350052e-02 2.177200e-14 0 
    0.937562 6.107742e-02 2.084500e-14 0 
    0.939723 6.251319e-02 2.123700e-14 0 
    0.941890 6.296152e-02 2.129100e-14 0 
    0.944061 6.225687e-02 2.095600e-14 0 
    0.946237 5.947011e-02 1.992600e-14 0 
    0.948418 6.689557e-02 2.231100e-14 0 
    0.950605 6.706588e-02 2.226500e-14 0 
    0.952796 6.631324e-02 2.191400e-14 0 
    0.954993 6.756182e-02 2.222400e-14 0 
    0.957194 6.649928e-02 2.177400e-14 0 
    0.959401 6.853673e-02 2.233800e-14 0 
    0.961612 6.792212e-02 2.203600e-14 0 
    0.963829 6.952074e-02 2.245100e-14 0 
    0.966051 6.842622e-02 2.199600e-14 0 
    0.968278 6.876082e-02 2.200200e-14 0 
    0.970510 6.674857e-02 2.126000e-14 0 
    0.972747 6.927083e-02 2.196200e-14 0 
    0.974990 7.090250e-02 2.237600e-14 0 
    0.977237 7.059302e-02 2.217600e-14 0 
    0.979490 7.109798e-02 2.223200e-14 0 
    0.981748 7.079004e-02 2.203400e-14 0 
    0.984011 7.097153e-02 2.198900e-14 0 
    0.986279 7.115315e-02 2.194400e-14 0 
    0.988553 7.084318e-02 2.174800e-14 0 
    0.990832 7.085931e-02 2.165300e-14 0 
    0.993116 7.153485e-02 2.175900e-14 0 
    0.995405 7.105910e-02 2.151500e-14 0 
    0.997700 7.273094e-02 2.192000e-14 0 
    1.000000 7.241666e-02 2.172500e-14 0 
    1.002305 7.310586e-02 2.183100e-14 0 
    1.004615 7.278721e-02 2.163600e-14 0 
    1.006931 7.280549e-02 2.154200e-14 0 
    1.009253 7.366794e-02 2.169700e-14 0 
    1.011580 7.402509e-02 2.170200e-14 0 
    1.013912 7.438735e-02 2.170800e-14 0 
    1.016249 7.457575e-02 2.166300e-14 0 
    1.018591 7.442532e-02 2.152000e-14 0 
    1.023294 7.394837e-02 2.118600e-14 0 
    1.030386 7.660840e-02 2.164700e-14 0 
    1.035142 7.664575e-02 2.145900e-14 0 
    1.039921 7.775523e-02 2.157000e-14 0 
    1.044720 7.851455e-02 2.158100e-14 0 
    1.047129 7.853349e-02 2.148700e-14 0 
    1.066596 7.942912e-02 2.094600e-14 0 
    1.088931 7.964031e-02 2.014900e-14 0 
    1.109175 7.945899e-02 1.937600e-14 0 
    1.127198 7.909332e-02 1.867500e-14 0 
    1.148154 8.056311e-02 1.833400e-14 0 
    1.169499 8.320346e-02 1.825000e-14 0 
    1.188502 8.377756e-02 1.779300e-14 0 
    1.210599 8.397114e-02 1.718900e-14 0 
    1.230269 8.533462e-02 1.691400e-14 0 
    1.250259 8.672342e-02 1.664400e-14 0 
    1.270574 8.732602e-02 1.622800e-14 0 
    1.291219 8.813065e-02 1.585800e-14 0 
    1.312200 8.915263e-02 1.553300e-14 0 
    1.330455 8.997472e-02 1.524900e-14 0 
    1.352073 9.039353e-02 1.483400e-14 0 
    1.370882 9.122834e-02 1.456300e-14 0 
    1.393157 9.249618e-02 1.429700e-14 0 
    1.412538 9.186193e-02 1.381200e-14 0 
    1.432188 9.059985e-02 1.325100e-14 0 
    1.452112 9.164806e-02 1.303900e-14 0 
    1.472313 9.464926e-02 1.309900e-14 0 
    1.492794 9.421819e-02 1.268400e-14 0 
    1.513561 9.775129e-02 1.280100e-14 0 
    1.534617 1.009531e-01 1.286000e-14 0 
    1.555965 1.052259e-01 1.303900e-14 0 
    1.573983 1.066943e-01 1.292000e-14 0 
    1.595879 1.076800e-01 1.268400e-14 0 
    1.618080 1.069353e-01 1.225300e-14 0 
    1.636817 1.096852e-01 1.228200e-14 0 
    1.655770 1.117191e-01 1.222500e-14 0 
    1.678804 1.132708e-01 1.205700e-14 0 
    1.698244 1.151114e-01 1.197400e-14 0 
    1.717909 1.156481e-01 1.175600e-14 0 
    1.737800 1.161774e-01 1.154100e-14 0 
    1.757923 1.143203e-01 1.109800e-14 0 
    1.778279 1.135362e-01 1.077100e-14 0 
    1.798871 1.117153e-01 1.035700e-14 0 
    1.819702 1.101873e-01 9.982800e-15 0 
    1.840771 1.076789e-01 9.533500e-15 0 
    1.862087 1.071844e-01 9.273700e-15 0 
    1.879318 1.057137e-01 8.979500e-15 0 
    1.901077 1.033077e-01 8.575400e-15 0 
    1.923091 1.030698e-01 8.360900e-15 0 
    1.940886 1.033073e-01 8.227200e-15 0 
    1.963361 1.023600e-01 7.966200e-15 0 
    1.981527 1.002606e-01 7.660400e-15 0 
    2.004472 9.957046e-02 7.434500e-15 0 
    2.023020 9.843136e-02 7.215300e-15 0 
    2.041738 9.843121e-02 7.083600e-15 0 
    2.065380 9.730420e-02 6.843100e-15 0 
    2.084490 9.797908e-02 6.764800e-15 0 
    2.103778 9.730448e-02 6.595600e-15 0 
    2.123245 9.685802e-02 6.445500e-15 0 
    2.142890 9.685706e-02 6.327800e-15 0 
    2.167704 9.708010e-02 6.198000e-15 0 
    2.187762 9.663384e-02 6.056900e-15 0 
    2.208004 9.530850e-02 5.864800e-15 0 
    2.228435 9.552779e-02 5.771000e-15 0 
    2.249056 9.465340e-02 5.613800e-15 0 
    2.264644 9.335441e-02 5.460800e-15 0 
    2.285600 9.292567e-02 5.336500e-15 0 
    2.306747 9.188977e-02 5.180700e-15 0 
    2.328092 8.385120e-02 4.641200e-15 0 
    2.349632 8.427641e-02 4.579600e-15 0 
    2.365920 7.491611e-02 4.015100e-15 0 
    2.387810 7.139969e-02 3.756800e-15 0 
    2.409905 7.324212e-02 3.783400e-15 0 
    2.432205 6.835895e-02 3.466700e-15 0 
    2.449063 6.676274e-02 3.339300e-15 0 
    2.471725 6.690635e-02 3.285400e-15 0 
    2.488857 6.297237e-02 3.049800e-15 0 
    2.511887 6.280552e-02 2.986200e-15 0 
    2.529297 5.415138e-02 2.539400e-15 0 
    2.552702 5.411994e-02 2.491600e-15 0 
    2.555110 5.882474e-02 2.703100e-15 2 
    2.564780 5.801005e-02 2.645600e-15 2 
    2.574460 5.669900e-02 2.566400e-15 2 
    2.584140 5.653631e-02 2.539900e-15 2 
    2.593810 5.622240e-02 2.507000e-15 2 
    2.603490 5.669028e-02 2.509100e-15 2 
    2.613160 5.635193e-02 2.475700e-15 2 
    2.622840 5.613271e-02 2.447900e-15 2 
    2.632520 5.600263e-02 2.424300e-15 2 
    2.642190 5.756439e-02 2.473700e-15 2 
    2.651870 5.862455e-02 2.500900e-15 2 
    2.661550 5.880775e-02 2.490500e-15 2 
    2.671220 5.712852e-02 2.401900e-15 2 
    2.680900 5.698511e-02 2.378600e-15 2 
    2.690570 5.767444e-02 2.390100e-15 2 
    2.700250 5.814122e-02 2.392200e-15 2 
    2.709930 5.730306e-02 2.340900e-15 2 
    2.719600 5.708899e-02 2.315600e-15 2 
    2.729280 5.781890e-02 2.328600e-15 2 
    2.738960 5.840230e-02 2.335500e-15 2 
    2.748630 5.717348e-02 2.270300e-15 2 
    2.758310 5.693778e-02 2.245100e-15 2 
    2.767980 5.582580e-02 2.185900e-15 2 
    2.777660 5.651012e-02 2.197300e-15 2 
    2.787340 5.632717e-02 2.175000e-15 2 
    2.797010 5.733410e-02 2.198600e-15 2 
    2.806690 5.732726e-02 2.183200e-15 2 
    2.816370 5.636701e-02 2.131900e-15 2 
    2.826040 5.204537e-02 1.955000e-15 2 
    2.835720 5.135447e-02 1.915900e-15 2 
    2.845390 5.238540e-02 1.941100e-15 2 
    2.855070 5.514167e-02 2.029400e-15 2 
    2.864750 5.476392e-02 2.001900e-15 2 
    2.874420 5.467708e-02 1.985300e-15 2 
    2.884100 5.354040e-02 1.931000e-15 2 
    2.893780 5.382504e-02 1.928300e-15 2 
    2.903450 5.254995e-02 1.870100e-15 2 
    2.913130 5.257846e-02 1.858700e-15 2 
    2.922800 5.207382e-02 1.828700e-15 2 
    2.932480 5.211260e-02 1.818000e-15 2 
    2.942160 5.163198e-02 1.789400e-15 2 
    2.951830 5.162922e-02 1.777600e-15 2 
    2.961510 5.218764e-02 1.785100e-15 2 
    2.971190 5.313849e-02 1.805800e-15 2 
    2.980860 5.431129e-02 1.833700e-15 2 
    2.990540 5.510283e-02 1.848400e-15 2 
    3.000210 5.505170e-02 1.834800e-15 2 
    3.009890 5.522634e-02 1.828800e-15 2 
    3.019570 5.381631e-02 1.770700e-15 2 
    3.029240 5.387709e-02 1.761400e-15 2 
    3.038920 5.190397e-02 1.686100e-15 2 
    3.048600 5.158768e-02 1.665200e-15 2 
    3.058270 4.937145e-02 1.583600e-15 2 
    3.067950 4.818793e-02 1.535900e-15 2 
    3.077620 4.636419e-02 1.468500e-15 2 
    3.087300 4.658641e-02 1.466300e-15 2 
    3.096980 4.647298e-02 1.453600e-15 2 
    3.106650 4.702744e-02 1.461800e-15 2 
    3.116330 4.696811e-02 1.450900e-15 2 
    3.126010 4.725384e-02 1.450700e-15 2 
    3.135680 4.867410e-02 1.485100e-15 2 
    3.145360 4.977643e-02 1.509400e-15 2 
    3.155030 5.285688e-02 1.593000e-15 2 
    3.164710 5.528161e-02 1.655900e-15 2 
    3.174390 5.817981e-02 1.732100e-15 2 
    3.184060 5.789948e-02 1.713300e-15 2 
    3.193740 5.731026e-02 1.685600e-15 2 
    3.203420 5.704590e-02 1.667700e-15 2 
    3.213090 5.820986e-02 1.691500e-15 2 
    3.222770 5.984555e-02 1.728600e-15 2 
    3.232440 6.221833e-02 1.786400e-15 2 
    3.242120 6.473234e-02 1.847500e-15 2 
    3.251800 6.500315e-02 1.844200e-15 2 
    3.261470 6.419896e-02 1.810600e-15 2 
    3.271150 6.309683e-02 1.769000e-15 2 
    3.280830 6.414177e-02 1.787700e-15 2 
    3.290500 6.651988e-02 1.843100e-15 2 
    3.300180 6.960195e-02 1.917200e-15 2 
    3.309850 7.139444e-02 1.955100e-15 2 
    3.319530 7.309455e-02 1.990000e-15 2 
    3.329210 7.264956e-02 1.966400e-15 2 
    3.338880 7.308707e-02 1.966800e-15 2 
    3.348560 7.146700e-02 1.912100e-15 2 
    3.358240 7.075300e-02 1.882100e-15 2 
    3.367910 6.819680e-02 1.803700e-15 2 
    3.377590 6.476386e-02 1.703100e-15 2 
    3.387260 6.234334e-02 1.630100e-15 2 
    3.396940 6.110391e-02 1.588600e-15 2 
    3.406620 6.048170e-02 1.563500e-15 2 
    3.416290 6.003192e-02 1.543100e-15 2 
    3.425970 5.975053e-02 1.527200e-15 2 
    3.435650 6.040736e-02 1.535300e-15 2 
    3.445320 6.077557e-02 1.536000e-15 2 
    3.455000 6.014271e-02 1.511500e-15 2 
    3.464670 5.885931e-02 1.471000e-15 2 
    3.474350 5.801374e-02 1.441800e-15 2 
    3.484030 5.819990e-02 1.438400e-15 2 
    3.493700 5.894249e-02 1.448700e-15 2 
    3.503380 5.814447e-02 1.421200e-15 2 
    3.513060 5.804251e-02 1.410900e-15 2 
    3.522730 5.810601e-02 1.404700e-15 2 
    3.532410 5.690348e-02 1.368100e-15 2 
    3.542080 5.518294e-02 1.319500e-15 2 
    3.551760 5.408892e-02 1.286300e-15 2 
    3.561440 5.379645e-02 1.272400e-15 2 
    3.571110 5.609544e-02 1.319600e-15 2 
    3.580790 5.623326e-02 1.315700e-15 2 
    3.590470 5.597908e-02 1.302700e-15 2 
    3.600140 5.358080e-02 1.240200e-15 2 
    3.609820 5.291808e-02 1.218300e-15 2 
    3.619490 5.257750e-02 1.204000e-15 2 
    3.629170 5.209520e-02 1.186600e-15 2 
    3.638850 5.093018e-02 1.153900e-15 2 
    3.648520 5.109030e-02 1.151400e-15 2 
    3.658200 5.050082e-02 1.132100e-15 2 
    3.667880 4.805983e-02 1.071700e-15 2 
    3.677550 4.749760e-02 1.053600e-15 2 
    3.687230 5.037647e-02 1.111600e-15 2 
    3.696900 5.181186e-02 1.137300e-15 2 
    3.706580 5.124091e-02 1.118900e-15 2 
    3.716260 4.944652e-02 1.074100e-15 2 
    3.725930 4.910723e-02 1.061200e-15 2 
    3.735610 5.036281e-02 1.082700e-15 2 
    3.745290 5.093743e-02 1.089400e-15 2 
    3.754960 5.050992e-02 1.074700e-15 2 
    3.764640 5.175802e-02 1.095600e-15 2 
    3.774310 5.273179e-02 1.110500e-15 2 
    3.783990 5.396195e-02 1.130600e-15 2 
    3.793670 5.265048e-02 1.097500e-15 2 
    3.803340 5.272154e-02 1.093400e-15 2 
    3.813020 5.381413e-02 1.110400e-15 2 
    3.822700 5.585102e-02 1.146600e-15 2 
    3.832370 5.676059e-02 1.159400e-15 2 
    3.842050 5.668357e-02 1.152000e-15 2 
    3.851720 5.648958e-02 1.142300e-15 2 
    3.861400 5.651045e-02 1.137000e-15 2 
    3.871080 5.620971e-02 1.125300e-15 2 
    3.880750 5.510534e-02 1.097700e-15 2 
    3.890430 5.227783e-02 1.036200e-15 2 
    3.900110 5.083469e-02 1.002600e-15 2 
    3.909780 4.909934e-02 9.635900e-16 2 
    3.919460 4.855981e-02 9.483000e-16 2 
    3.929130 4.766245e-02 9.262000e-16 2 
    3.938810 4.720410e-02 9.127900e-16 2 
    3.948490 4.730439e-02 9.102500e-16 2 
    3.958160 4.666008e-02 8.934700e-16 2 
    3.967840 4.707540e-02 8.970300e-16 2 
    3.977520 4.781902e-02 9.067701e-16 2 
    3.987190 4.932468e-02 9.307900e-16 2 
    3.996870 4.981635e-02 9.355200e-16 2 
    4.006540 4.868039e-02 9.097800e-16 2 
    4.016220 4.801532e-02 8.930300e-16 2 
    4.025900 4.916712e-02 9.100600e-16 2 
    4.035570 5.152943e-02 9.492200e-16 2 
    4.045250 5.300152e-02 9.716700e-16 2 
    4.054930 5.273097e-02 9.621000e-16 2 
    4.064600 5.167264e-02 9.383100e-16 2 
    4.074280 5.003721e-02 9.043000e-16 2 
    4.083950 5.106001e-02 9.184200e-16 2 
    4.093630 5.068622e-02 9.073900e-16 2 
    4.103310 5.032738e-02 8.967200e-16 2 
    4.112980 4.889125e-02 8.670400e-16 2 
    4.122660 4.753363e-02 8.390100e-16 2 
    4.132340 4.543018e-02 7.981300e-16 2 
    4.142010 4.364264e-02 7.631500e-16 2 
    4.151690 4.456677e-02 7.756800e-16 2 
    4.161360 4.462685e-02 7.731200e-16 2 
    4.171040 4.539259e-02 7.827400e-16 2 
    4.180720 4.533727e-02 7.781700e-16 2 
    4.190390 4.509363e-02 7.704200e-16 2 
    4.200070 4.527692e-02 7.699900e-16 2 
    4.209750 4.448221e-02 7.530000e-16 2 
    4.219420 4.348981e-02 7.328300e-16 2 
    4.229100 4.229513e-02 7.094400e-16 2 
    4.238770 4.050938e-02 6.763900e-16 2 
    4.248450 3.816470e-02 6.343400e-16 2 
    4.258130 3.742196e-02 6.191700e-16 2 
    4.267800 3.869710e-02 6.373700e-16 2 
    4.277480 3.969133e-02 6.507900e-16 2 
    4.287160 3.917152e-02 6.393700e-16 2 
    4.296830 3.843206e-02 6.244800e-16 2 
    4.306510 3.966254e-02 6.415800e-16 2 
    4.316180 4.123620e-02 6.640500e-16 2 
    4.325860 4.108516e-02 6.586600e-16 2 
    4.335540 4.079618e-02 6.511100e-16 2 
    4.345210 4.075557e-02 6.475700e-16 2 
    4.354890 4.168142e-02 6.593400e-16 2 
    4.364570 4.318642e-02 6.801200e-16 2 
    4.374240 4.465997e-02 7.002200e-16 2 
    4.383920 4.476560e-02 6.987800e-16 2 
    4.393590 4.309149e-02 6.696900e-16 2 
    4.403270 4.130328e-02 6.390800e-16 2 
    4.412950 3.800635e-02 5.854900e-16 2 
    4.422620 3.727141e-02 5.716600e-16 2 
    4.432300 3.569941e-02 5.451600e-16 2 
    4.441980 3.654413e-02 5.556300e-16 2 
    4.451650 3.610493e-02 5.465700e-16 2 
    4.461330 3.507256e-02 5.286400e-16 2 
    4.471000 3.300523e-02 4.953300e-16 2 
    4.480680 3.421905e-02 5.113300e-16 2 
    4.490360 3.698023e-02 5.502100e-16 2 
    4.500030 3.851872e-02 5.706400e-16 2 
    4.509710 3.694169e-02 5.449300e-16 2 
    4.519390 3.475362e-02 5.104600e-16 2 
    4.529060 3.309263e-02 4.839900e-16 2 
    4.538740 3.368470e-02 4.905500e-16 2 
    4.548410 3.550687e-02 5.148900e-16 2 
    4.558090 3.524749e-02 5.089600e-16 2 
    4.567770 3.706374e-02 5.329200e-16 2 
    4.577440 3.801006e-02 5.442200e-16 2 
    4.587120 4.041684e-02 5.762400e-16 2 
    4.596800 3.926764e-02 5.575000e-16 2 
    4.606470 3.792078e-02 5.361200e-16 2 
    4.616150 3.668459e-02 5.164700e-16 2 
    4.625820 3.550819e-02 4.978200e-16 2 
    4.635500 3.345588e-02 4.670900e-16 2 
    4.645180 3.218098e-02 4.474200e-16 2 
    4.654850 3.286690e-02 4.550600e-16 2 
    4.664530 3.315895e-02 4.572000e-16 2 
    4.674210 3.329089e-02 4.571200e-16 2 
    4.683880 3.313407e-02 4.530900e-16 2 
    4.693560 3.259265e-02 4.438500e-16 2 
    4.703230 3.187398e-02 4.322800e-16 2 
    4.712910 3.051641e-02 4.121700e-16 2 
    4.722590 2.970294e-02 3.995400e-16 2 
    4.732260 2.915139e-02 3.905200e-16 2 
    4.741940 3.158458e-02 4.213900e-16 2 
    4.751620 3.667854e-02 4.873600e-16 2 
    4.761290 3.887658e-02 5.144700e-16 2 
    4.770970 3.719791e-02 4.902600e-16 2 
    4.780640 3.374470e-02 4.429500e-16 2 
    4.790320 3.334147e-02 4.358900e-16 2 
    4.800000 3.311539e-02 4.311900e-16 2 
    4.809670 3.317339e-02 4.302100e-16 2 
    4.819350 3.302601e-02 4.265800e-16 2 
    4.829030 3.390815e-02 4.362200e-16 2 
    4.838700 3.395512e-02 4.350800e-16 2 
    4.848380 3.235240e-02 4.128900e-16 2 
    4.858050 2.880695e-02 3.661800e-16 2 
    4.867730 2.858856e-02 3.619600e-16 2 
    4.877410 3.207568e-02 4.045000e-16 2 
    4.887080 3.453880e-02 4.338400e-16 2 
    4.896760 3.623195e-02 4.533100e-16 2 
    4.906440 3.941257e-02 4.911600e-16 2 
    4.916110 4.224510e-02 5.243900e-16 2 
    4.925790 4.066142e-02 5.027500e-16 2 
    4.935460 3.854207e-02 4.746800e-16 2 
    4.945240 3.642876e-02 4.468800e-16 2 
    4.994692 3.730816e-02 4.486500e-16 0 
    5.044639 3.820990e-02 4.504400e-16 0 
    5.095086 3.913455e-02 4.522500e-16 0 
    5.146036 4.008180e-02 4.540700e-16 0 
    5.197497 4.105404e-02 4.559200e-16 0 
    5.249472 4.205008e-02 4.577800e-16 0 
    5.301966 4.307143e-02 4.596600e-16 0 
    5.354986 4.411879e-02 4.615600e-16 0 
    5.408536 4.519279e-02 4.634800e-16 0 
    5.462621 4.629413e-02 4.654200e-16 0 
    5.517248 4.742252e-02 4.673700e-16 0 
    5.552670 4.816392e-02 4.686400e-16 3 
    5.583656 5.057152e-02 4.866200e-16 3 
    5.614641 4.904639e-02 4.667500e-16 3 
    5.645627 5.958145e-02 5.608000e-16 3 
    5.676612 5.871199e-02 5.466000e-16 3 
    5.707598 5.978037e-02 5.505200e-16 3 
    5.738583 7.509442e-02 6.841000e-16 3 
    5.769568 7.744101e-02 6.979200e-16 3 
    5.800553 9.245475e-02 8.243500e-16 3 
    5.831539 8.492643e-02 7.492000e-16 3 
    5.862525 5.968097e-02 5.209400e-16 3 
    5.893510 6.607810e-02 5.707300e-16 3 
    5.924495 8.105794e-02 6.928100e-16 3 
    5.955481 7.607714e-02 6.434900e-16 3 
    5.986466 7.662594e-02 6.414400e-16 3 
    6.017451 8.187018e-02 6.783000e-16 3 
    6.048437 7.885349e-02 6.466300e-16 3 
    6.079422 1.114140e-01 9.043500e-16 3 
    6.110407 1.188327e-01 9.548099e-16 3 
    6.141393 1.270550e-01 1.010600e-15 3 
    6.172378 1.215423e-01 9.570700e-16 3 
    6.203363 1.398297e-01 1.090100e-15 3 
    6.234349 1.949963e-01 1.505100e-15 3 
    6.265334 2.820560e-01 2.155600e-15 3 
    6.296319 3.540177e-01 2.679000e-15 3 
    6.327305 3.571770e-01 2.676500e-15 3 
    6.358290 3.203368e-01 2.377100e-15 3 
    6.389276 2.735403e-01 2.010200e-15 3 
    6.420261 2.289345e-01 1.666200e-15 3 
    6.451246 1.902940e-01 1.371700e-15 3 
    6.482232 1.754587e-01 1.252700e-15 3 
    6.513217 1.627732e-01 1.151100e-15 3 
    6.544202 1.501357e-01 1.051700e-15 3 
    6.575188 1.373227e-01 9.529000e-16 3 
    6.606173 1.231476e-01 8.465400e-16 3 
    6.637158 1.286153e-01 8.758900e-16 3 
    6.668145 1.411767e-01 9.525200e-16 3 
    6.699129 1.335729e-01 8.929000e-16 3 
    6.730114 1.220051e-01 8.080800e-16 3 
    6.761100 1.306249e-01 8.572600e-16 3 
    6.792085 1.385234e-01 9.008200e-16 3 
    6.823071 1.380273e-01 8.894600e-16 3 
    6.854056 1.306805e-01 8.345200e-16 3 
    6.885041 1.325441e-01 8.388200e-16 3 
    6.916027 1.279140e-01 8.022800e-16 3 
    6.947012 1.463691e-01 9.098600e-16 3 
    6.977998 1.674047e-01 1.031400e-15 3 
    7.008983 1.778847e-01 1.086300e-15 3 
    7.039968 1.751656e-01 1.060300e-15 3 
    7.070954 1.956770e-01 1.174100e-15 3 
    7.101939 2.441513e-01 1.452200e-15 3 
    7.132924 2.183879e-01 1.287700e-15 3 
    7.163910 1.990081e-01 1.163300e-15 3 
    7.194895 2.067037e-01 1.197900e-15 3 
    7.225881 2.049374e-01 1.177500e-15 3 
    7.256866 2.094021e-01 1.192900e-15 3 
    7.287851 2.172666e-01 1.227200e-15 3 
    7.318838 2.146901e-01 1.202400e-15 3 
    7.349822 2.140628e-01 1.188800e-15 3 
    7.380807 2.230079e-01 1.228100e-15 3 
    7.411793 2.509233e-01 1.370300e-15 3 
    7.442778 2.697549e-01 1.460900e-15 3 
    7.473763 2.859885e-01 1.536000e-15 3 
    7.504748 3.423768e-01 1.823700e-15 3 
    7.533706 3.324809e-01 1.757400e-15 3 
    7.535734 3.725246e-01 1.968000e-15 3 
    7.566720 3.771976e-01 1.976400e-15 3 
    7.595799 4.158932e-01 2.162500e-15 3 
    7.597705 4.283012e-01 2.225900e-15 3 
    7.657894 5.032185e-01 2.574300e-15 3 
    7.719988 5.712092e-01 2.875300e-15 3 
    7.782082 5.667885e-01 2.807700e-15 3 
    7.844176 5.416992e-01 2.641100e-15 3 
    7.906271 5.529557e-01 2.653800e-15 3 
    7.968365 5.329334e-01 2.518000e-15 3 
    8.030459 4.796208e-01 2.231200e-15 3 
    8.092554 4.163163e-01 1.907100e-15 3 
    8.154648 3.723017e-01 1.679600e-15 3 
    8.216741 3.229909e-01 1.435200e-15 3 
    8.278836 2.930276e-01 1.282600e-15 3 
    8.340930 2.885114e-01 1.244100e-15 3 
    8.403025 2.813606e-01 1.195400e-15 3 
    8.465119 2.854625e-01 1.195100e-15 3 
    8.527213 2.891326e-01 1.192900e-15 3 
    8.589307 3.057777e-01 1.243400e-15 3 
    8.651402 3.157535e-01 1.265600e-15 3 
    8.713495 3.527222e-01 1.393700e-15 3 
    8.775590 3.301974e-01 1.286300e-15 3 
    8.837684 2.868784e-01 1.101900e-15 3 
    8.899778 2.377211e-01 9.003900e-16 3 
    8.961872 1.942609e-01 7.256200e-16 3 
    9.023966 1.651114e-01 6.082800e-16 3 
    9.086060 1.439042e-01 5.229300e-16 3 
    9.148155 1.327554e-01 4.758900e-16 3 
    9.210249 1.263580e-01 4.468700e-16 3 
    9.272344 1.140276e-01 3.978800e-16 3 
    9.334438 1.110843e-01 3.824700e-16 3 
    9.396532 1.079463e-01 3.667700e-16 3 
    9.458626 1.012154e-01 3.394000e-16 3 
    9.520720 1.041622e-01 3.447400e-16 3 
    9.582815 1.000185e-01 3.267500e-16 3 
    9.644909 1.020228e-01 3.290200e-16 3 
    9.707002 1.013965e-01 3.228300e-16 3 
    9.769098 1.245685e-01 3.915800e-16 3 
    9.831192 1.228709e-01 3.813800e-16 3 
    9.893286 1.021152e-01 3.129900e-16 3 
    9.955380 9.503949e-02 2.876800e-16 3 
   10.017470 9.505459e-02 2.841700e-16 3 
   10.079570 9.451637e-02 2.790900e-16 3 
   10.141659 1.022361e-01 2.982000e-16 3 
   10.203760 9.125483e-02 2.629400e-16 3 
   10.265850 9.277980e-02 2.641100e-16 3 
   10.327949 8.820967e-02 2.480900e-16 3 
   10.390041 9.090718e-02 2.526300e-16 3 
   10.452130 9.524519e-02 2.615500e-16 3 
   10.514230 9.339919e-02 2.534600e-16 3 
   10.576320 1.031522e-01 2.766500e-16 3 
   10.638420 1.123347e-01 2.977700e-16 3 
   10.700510 1.243213e-01 3.257300e-16 3 
   10.762600 1.328920e-01 3.441800e-16 3 
   10.824700 1.377304e-01 3.526300e-16 3 
   10.886791 1.423373e-01 3.602800e-16 3 
   10.948890 1.497638e-01 3.747900e-16 3 
   11.010980 1.481775e-01 3.666500e-16 3 
   11.073080 1.745602e-01 4.271000e-16 3 
   11.135170 1.977094e-01 4.783600e-16 3 
   11.197260 2.340025e-01 5.599100e-16 3 
   11.259360 2.696804e-01 6.381800e-16 3 
   11.321450 3.922333e-01 9.180400e-16 3 
   11.383550 6.127653e-01 1.418600e-15 3 
   11.445640 6.837029e-01 1.565700e-15 3 
   11.507740 5.825953e-01 1.319800e-15 3 
   11.569830 4.736447e-01 1.061500e-15 3 
   11.631920 3.883877e-01 8.611600e-16 3 
   11.694020 3.349192e-01 7.347400e-16 3 
   11.756110 3.016671e-01 6.548200e-16 3 
   11.818209 2.694376e-01 5.787300e-16 3 
   11.880299 2.500651e-01 5.315200e-16 3 
   11.942400 2.474473e-01 5.205000e-16 3 
   12.004490 2.558153e-01 5.325500e-16 3 
   12.066580 2.767124e-01 5.701400e-16 3 
   12.128680 2.919149e-01 5.953200e-16 3 
   12.190770 2.997364e-01 6.050600e-16 3 
   12.252870 2.974331e-01 5.943400e-16 3 
   12.314959 2.784951e-01 5.509000e-16 3 
   12.377051 2.837053e-01 5.555900e-16 3 
   12.439150 3.077061e-01 5.965900e-16 3 
   12.501240 3.295029e-01 6.325200e-16 3 
   12.563340 3.267394e-01 6.210300e-16 3 
   12.625430 3.373095e-01 6.348300e-16 3 
   12.687530 3.609453e-01 6.726800e-16 3 
   12.749620 3.897096e-01 7.192300e-16 3 
   12.811710 4.124234e-01 7.537900e-16 3 
   12.873810 4.322810e-01 7.824800e-16 3 
   12.935900 4.831647e-01 8.662100e-16 3 
   12.998000 6.122112e-01 1.087100e-15 3 
   13.060090 5.794125e-01 1.019100e-15 3 
   13.122180 3.299076e-01 5.747800e-16 3 
   13.184280 2.779639e-01 4.797300e-16 3 
   13.246370 2.546075e-01 4.353100e-16 3 
   13.308470 2.501223e-01 4.236600e-16 3 
   13.370559 2.565436e-01 4.305100e-16 3 
   13.432659 2.524485e-01 4.197300e-16 3 
   13.494750 2.523171e-01 4.156600e-16 3 
   13.556841 2.478013e-01 4.044900e-16 3 
   13.618941 2.479994e-01 4.011300e-16 3 
   13.681030 2.584015e-01 4.141700e-16 3 
   13.743130 2.581273e-01 4.100000e-16 3 
   13.805220 2.694923e-01 4.242100e-16 3 
   13.867320 2.579034e-01 4.023400e-16 3 
   13.929409 2.439455e-01 3.771800e-16 3 
   13.991500 2.521481e-01 3.864100e-16 3 
   14.053600 2.484925e-01 3.774500e-16 3 
   14.115691 2.540804e-01 3.825500e-16 3 
   14.177789 2.412049e-01 3.599900e-16 3 
   14.239880 2.550696e-01 3.773700e-16 3 
   14.301980 2.446582e-01 3.588300e-16 3 
   14.364070 2.527844e-01 3.675500e-16 3 
   14.426159 2.596431e-01 3.742800e-16 3 
   14.488261 2.483162e-01 3.548900e-16 3 
   14.541691 2.384361e-01 3.382700e-16 3 
   14.633380 2.310668e-01 3.237200e-16 3 
   14.725080 2.309290e-01 3.195100e-16 3 
   14.816770 2.240152e-01 3.061200e-16 3 
   14.908459 2.224548e-01 3.002600e-16 3 
   15.000150 2.110767e-01 2.814300e-16 3 
   15.091850 2.279993e-01 3.003100e-16 3 
   15.183541 2.248072e-01 2.925400e-16 3 
   15.275230 2.236260e-01 2.875200e-16 3 
   15.366930 2.409835e-01 3.061500e-16 3 
   15.458620 2.211180e-01 2.775900e-16 3 
   15.550309 2.219271e-01 2.753300e-16 3 
   15.642000 2.316556e-01 2.840400e-16 3 
   15.733700 2.512378e-01 3.044700e-16 3 
   15.825391 2.845951e-01 3.409100e-16 3 
   15.917080 2.718989e-01 3.219600e-16 3 
   16.008780 2.429031e-01 2.843400e-16 3 
   16.100470 2.707347e-01 3.133200e-16 3 
   16.192159 2.798224e-01 3.201800e-16 3 
   16.283859 3.036482e-01 3.435400e-16 3 
   16.375550 2.875197e-01 3.216600e-16 3 
   16.467239 2.877113e-01 3.183000e-16 3 
   16.558930 3.231151e-01 3.535200e-16 3 
   16.650631 3.930481e-01 4.253100e-16 3 
   16.742319 4.409855e-01 4.719700e-16 3 
   16.834009 3.914382e-01 4.143900e-16 3 
   16.925700 3.806928e-01 3.986600e-16 3 
   17.017400 3.751470e-01 3.886300e-16 3 
   17.109091 3.976224e-01 4.075100e-16 3 
   17.200781 4.070142e-01 4.127000e-16 3 
   17.292481 5.058590e-01 5.075000e-16 3 
   17.384170 4.917853e-01 4.881900e-16 3 
   17.475861 4.268656e-01 4.193100e-16 3 
   17.567561 4.337746e-01 4.216600e-16 3 
   17.659250 4.249568e-01 4.088100e-16 3 
   17.750941 4.232578e-01 4.029800e-16 3 
   17.842630 3.732128e-01 3.516900e-16 3 
   17.934330 3.707546e-01 3.458100e-16 3 
   18.026020 3.768516e-01 3.479300e-16 3 
   18.117709 3.573673e-01 3.266100e-16 3 
   18.209409 3.706983e-01 3.353900e-16 3 
   18.301100 3.733468e-01 3.344100e-16 3 
   18.392789 3.649974e-01 3.236800e-16 3 
   18.484489 3.528605e-01 3.098200e-16 3 
   18.576180 3.549781e-01 3.086100e-16 3 
   18.667870 3.608027e-01 3.106000e-16 3 
   18.759559 3.496570e-01 2.980700e-16 3 
   18.851259 3.938802e-01 3.325100e-16 3 
   18.942950 4.154117e-01 3.473000e-16 3 
   19.034639 5.250705e-01 4.347600e-16 3 
   19.126341 4.324810e-01 3.546700e-16 3 
   19.218031 3.884396e-01 3.155200e-16 3 
   19.309719 4.058514e-01 3.265400e-16 3 
   19.401409 4.126760e-01 3.289000e-16 3 
   19.493111 3.716598e-01 2.934300e-16 3 
   19.584800 3.800356e-01 2.972400e-16 3 
   19.676491 4.057482e-01 3.144000e-16 3 
   19.768191 4.175108e-01 3.205200e-16 3 
   19.859880 4.157132e-01 3.162000e-16 3 
   19.951570 4.356160e-01 3.283000e-16 3 
   20.043261 4.575999e-01 3.417200e-16 3 
   20.134961 4.251875e-01 3.146300e-16 3 
   20.226650 4.644982e-01 3.406100e-16 3 
   20.318341 4.520543e-01 3.285000e-16 3 
   20.410041 4.616009e-01 3.324300e-16 3 
   20.555241 4.302782e-01 3.055100e-16 3 
   20.730739 5.191114e-01 3.623700e-16 3 
   20.906339 4.959782e-01 3.404300e-16 3 
   21.082041 4.664528e-01 3.148500e-16 3 
   21.257830 5.304196e-01 3.521300e-16 3 
   21.433709 5.348227e-01 3.492500e-16 3 
   21.609689 5.191869e-01 3.335400e-16 3 
   21.785761 5.557635e-01 3.512900e-16 3 
   21.961930 5.948370e-01 3.699800e-16 3 
   22.138200 5.766352e-01 3.529700e-16 3 
   22.314559 5.571114e-01 3.356500e-16 3 
   22.491020 6.104718e-01 3.620500e-16 3 
   22.667570 6.511453e-01 3.801800e-16 3 
   22.844219 6.395200e-01 3.676400e-16 3 
   23.020969 6.270899e-01 3.549800e-16 3 
   23.197809 6.562597e-01 3.658500e-16 3 
   23.374750 6.981994e-01 3.833600e-16 3 
   23.551791 7.102395e-01 3.841300e-16 3 
   23.728920 7.044840e-01 3.753500e-16 3 
   23.906161 7.313544e-01 3.839100e-16 3 
   24.083481 7.673586e-01 3.969000e-16 3 
   24.260909 7.951874e-01 4.053000e-16 3 
   24.438441 7.853672e-01 3.945000e-16 3 
   24.616061 7.814539e-01 3.868900e-16 3 
   24.793780 8.062204e-01 3.934500e-16 3 
   24.971600 8.373235e-01 4.028300e-16 3 
   25.149509 8.665642e-01 4.110200e-16 3 
   25.327530 8.756040e-01 4.094900e-16 3 
   25.505641 8.799390e-01 4.057900e-16 3 
   25.683861 9.135202e-01 4.154500e-16 3 
   25.862169 9.348764e-01 4.193200e-16 3 
   26.040581 9.618791e-01 4.255400e-16 3 
   26.219091 9.927102e-01 4.332200e-16 3 
   26.397700 1.011577e+00 4.355000e-16 3 
   26.576409 1.023837e+00 4.348700e-16 3 
   26.755222 1.044747e+00 4.378400e-16 3 
   26.934131 1.040074e+00 4.301100e-16 3 
   27.113141 1.056738e+00 4.312500e-16 3 
   27.292250 1.089169e+00 4.386700e-16 3 
   27.471459 1.094061e+00 4.349100e-16 3 
   27.650781 1.058949e+00 4.155100e-16 3 
   27.830191 1.131909e+00 4.384300e-16 3 
   28.009700 1.177783e+00 4.503700e-16 3 
   28.189319 1.210498e+00 4.570000e-16 3 
   28.369041 1.187513e+00 4.426600e-16 3 
   28.548850 1.248283e+00 4.594700e-16 3 
   28.728769 1.276997e+00 4.641700e-16 3 
   28.908791 1.271991e+00 4.566100e-16 3 
   29.088922 1.288343e+00 4.567700e-16 3 
   29.269150 1.317122e+00 4.612400e-16 3 
   29.449472 1.283475e+00 4.439700e-16 3 
   29.629909 1.377475e+00 4.707000e-16 3 
   29.810441 1.425474e+00 4.812200e-16 3 
   29.991078 1.402116e+00 4.676500e-16 3 
   30.171819 1.398735e+00 4.609500e-16 3 
   30.352659 1.472611e+00 4.795300e-16 3 
   30.533609 1.506785e+00 4.848600e-16 3 
   30.714659 1.495054e+00 4.754300e-16 3 
   30.895809 1.503068e+00 4.723900e-16 3 
   31.077069 1.574132e+00 4.889700e-16 3 
   31.258441 1.579727e+00 4.850300e-16 3 
   31.439909 1.550412e+00 4.705500e-16 3 
   31.621481 1.639966e+00 4.920300e-16 3 
   31.803150 1.708390e+00 5.067200e-16 3 
   31.984941 1.687533e+00 4.948600e-16 3 
   32.166822 1.695570e+00 4.916100e-16 3 
   32.348819 1.770796e+00 5.076600e-16 3 
   32.530909 1.754807e+00 4.974600e-16 3 
   32.713119 1.855030e+00 5.200300e-16 3 
   32.895431 1.860218e+00 5.157200e-16 3 
   33.077838 1.872334e+00 5.133700e-16 3 
   33.260359 1.934133e+00 5.245100e-16 3 
   33.442991 1.895745e+00 5.085000e-16 3 
   33.625728 2.030945e+00 5.388600e-16 3 
   33.808572 1.964546e+00 5.156200e-16 3 
   33.991519 2.448689e+00 6.357900e-16 3 
   34.174569 2.148510e+00 5.518900e-16 3 
   34.357731 1.986743e+00 5.049100e-16 3 
   34.541013 1.991333e+00 5.007200e-16 3 
   34.724381 2.114219e+00 5.260200e-16 3 
   34.907872 2.168142e+00 5.337800e-16 3 
