# NGC 3049       
# 
# An Atlas of Galaxy Spectral Energy Distributions from the Ultraviolet to the Mid-Infrared
# Brown et al. (2014)
# http://dx.doi.org/10.5072/03/529D3551F0117
# http://dx.doi.org/10.17909/t9-5bxk-dh29
# 
# The Spectral Energy Distributions of Active Galactic Nuclei
# Brown et al. (2019)
# http://dx.doi.org/10.17909/t9-3dbt-8734
# 
# Column 1: Observed wavelength (um)
# Column 2: f_nu (Jy)
# Column 3: f_lam (erg/s/cm2/A)
# Column 4: Source (0 = model, 1 = Optical Spectrun, 2 = Akari, 3 = Spitzer IRS)
# 
    0.010257 3.705357e-12 1.056600e-20 0 
    0.010447 4.696650e-12 1.291000e-20 0 
    0.010641 6.077857e-12 1.610300e-20 0 
    0.010864 8.049407e-12 2.046000e-20 0 
    0.011041 1.204490e-11 2.964200e-20 0 
    0.011455 1.869755e-11 4.274800e-20 0 
    0.011858 2.721549e-11 5.806500e-20 0 
    0.012162 1.025194e-10 2.079300e-19 0 
    0.012560 1.392438e-10 2.648000e-19 0 
    0.012764 1.580375e-10 2.910100e-19 0 
    0.012853 1.705300e-10 3.096800e-19 0 
    0.013152 2.021964e-10 3.506800e-19 0 
    0.013274 2.431019e-10 4.139100e-19 0 
    0.013459 2.690361e-10 4.455600e-19 0 
    0.013772 3.595726e-10 5.687400e-19 0 
    0.014060 4.176000e-10 6.337400e-19 0 
    0.014355 1.147582e-09 1.670700e-18 0 
    0.014757 2.956578e-09 4.073000e-18 0 
    0.015171 3.442032e-09 4.486500e-18 0 
    0.015560 4.025381e-09 4.987800e-18 0 
    0.015996 4.740371e-09 5.557900e-18 0 
    0.016293 5.294105e-09 5.982900e-18 0 
    0.016672 6.176822e-09 6.666700e-18 0 
    0.017100 7.092209e-09 7.276300e-18 0 
    0.017378 7.848545e-09 7.796700e-18 0 
    0.017783 8.908448e-09 8.451100e-18 0 
    0.018072 9.767868e-09 8.972400e-18 0 
    0.018281 1.041808e-08 9.352100e-18 0 
    0.018707 1.174322e-08 1.006700e-17 0 
    0.019187 1.354636e-08 1.103900e-17 0 
    0.019498 1.485205e-08 1.172000e-17 0 
    0.019907 1.651203e-08 1.250000e-17 0 
    0.020277 1.831429e-08 1.336300e-17 0 
    0.020606 1.985039e-08 1.402500e-17 0 
    0.021086 2.151662e-08 1.451800e-17 0 
    0.021727 2.598862e-08 1.651600e-17 0 
    0.022131 2.862771e-08 1.753500e-17 0 
    0.022387 3.018426e-08 1.806800e-17 0 
    0.022803 3.324905e-08 1.918300e-17 0 
    0.023121 5.257779e-08 2.950600e-17 0 
    0.023496 9.178584e-08 4.987800e-17 0 
    0.024099 1.201674e-07 6.207400e-17 0 
    0.024717 1.218378e-07 5.982900e-17 0 
    0.025351 1.376520e-07 6.425600e-17 0 
    0.025823 1.221250e-07 5.494300e-17 0 
    0.026122 1.441460e-07 6.337400e-17 0 
    0.026546 1.573221e-07 6.697500e-17 0 
    0.027040 1.643627e-07 6.743900e-17 0 
    0.027542 1.713086e-07 6.775000e-17 0 
    0.028054 1.785581e-07 6.806300e-17 0 
    0.028510 1.852607e-07 6.837700e-17 0 
    0.029174 1.865433e-07 6.575200e-17 0 
    0.029717 1.980617e-07 6.728400e-17 0 
    0.030269 2.031365e-07 6.651400e-17 0 
    0.030974 2.161630e-07 6.759400e-17 0 
    0.031989 2.364769e-07 6.932800e-17 0 
    0.032961 2.510661e-07 6.932800e-17 0 
    0.033963 2.641212e-07 6.869300e-17 0 
    0.034995 2.772036e-07 6.790600e-17 0 
    0.035892 2.902567e-07 6.759400e-17 0 
    0.036813 3.046438e-07 6.743900e-17 0 
    0.037670 3.153413e-07 6.666700e-17 0 
    0.038726 3.190019e-07 6.381300e-17 0 
    0.039719 3.410243e-07 6.485000e-17 0 
    0.040738 3.562796e-07 6.440400e-17 0 
    0.041591 3.645750e-07 6.322800e-17 0 
    0.042364 3.704937e-07 6.193100e-17 0 
    0.043251 3.791244e-07 6.080100e-17 0 
    0.044361 3.933632e-07 5.996700e-17 0 
    0.045290 4.006783e-07 5.860200e-17 0 
    0.046238 4.081209e-07 5.726800e-17 0 
    0.047206 4.166600e-07 5.609300e-17 0 
    0.048195 4.283476e-07 5.532400e-17 0 
    0.049204 4.323078e-07 5.356900e-17 0 
    0.050234 4.474926e-07 5.320000e-17 0 
    0.050816 4.558216e-07 5.295600e-17 0 
    0.051404 5.392375e-07 6.122200e-17 0 
    0.052240 5.543636e-07 6.094100e-17 0 
    0.053211 5.685849e-07 6.024400e-17 0 
    0.054200 5.659657e-07 5.779800e-17 0 
    0.055208 6.335719e-07 6.236100e-17 0 
    0.056234 6.962881e-07 6.605600e-17 0 
    0.057280 7.547389e-07 6.901000e-17 0 
    0.058345 7.547430e-07 6.651400e-17 0 
    0.059293 8.487858e-07 7.242900e-17 0 
    0.060256 8.745594e-07 7.226200e-17 0 
    0.061235 9.263820e-07 7.411600e-17 0 
    0.062230 1.085895e-06 8.412200e-17 0 
    0.063241 1.163552e-06 8.727900e-17 0 
    0.064269 1.212812e-06 8.808700e-17 0 
    0.065313 1.351416e-06 9.504100e-17 0 
    0.066069 1.431481e-06 9.838100e-17 0 
    0.066834 1.537318e-06 1.032500e-16 0 
    0.067764 1.598767e-06 1.044500e-16 0 
    0.068865 1.620948e-06 1.025400e-16 0 
    0.069823 2.017379e-06 1.241400e-16 0 
    0.070795 1.976038e-06 1.182800e-16 0 
    0.071945 2.397734e-06 1.389700e-16 0 
    0.072946 2.557330e-06 1.441800e-16 0 
    0.073790 2.715041e-06 1.495900e-16 0 
    0.074817 3.067476e-06 1.644000e-16 0 
    0.075858 3.340450e-06 1.741500e-16 0 
    0.076913 3.538323e-06 1.794400e-16 0 
    0.077804 3.997504e-06 1.981100e-16 0 
    0.078886 4.343032e-06 2.093700e-16 0 
    0.079799 4.685911e-06 2.207600e-16 0 
    0.080910 5.067589e-06 2.322300e-16 0 
    0.081846 5.392508e-06 2.415000e-16 0 
    0.082985 6.050488e-06 2.635800e-16 0 
    0.083946 5.221541e-06 2.222900e-16 0 
    0.084918 6.742107e-06 2.804900e-16 0 
    0.085901 7.124899e-06 2.896700e-16 0 
    0.086896 7.866543e-06 3.125400e-16 0 
    0.087902 8.605810e-06 3.341300e-16 0 
    0.088920 9.523436e-06 3.613400e-16 0 
    0.089950 1.027530e-05 3.809900e-16 0 
    0.090991 1.063622e-05 3.854000e-16 0 
    0.092045 1.544497e-05 5.469000e-16 0 
    0.092897 9.700529e-05 3.372200e-15 0 
    0.093972 2.181663e-04 7.411600e-15 0 
    0.095060 4.293195e-04 1.425300e-14 0 
    0.095940 6.205663e-04 2.022600e-14 0 
    0.097051 7.191013e-04 2.290400e-14 0 
    0.097949 1.210028e-04 3.783700e-15 0 
    0.099083 6.394099e-04 1.953900e-14 0 
    0.100000 6.851666e-04 2.055500e-14 0 
    0.100925 1.013425e-03 2.984800e-14 0 
    0.102094 9.903415e-04 2.850400e-14 0 
    0.103039 4.283620e-04 1.210400e-14 0 
    0.103992 7.141427e-04 1.981100e-14 0 
    0.104954 1.395681e-03 3.801100e-14 0 
    0.105925 1.392490e-03 3.723200e-14 0 
    0.106905 1.118868e-03 2.937000e-14 0 
    0.108143 1.360781e-03 3.490700e-14 0 
    0.109144 1.093440e-03 2.753700e-14 0 
    0.110154 1.474997e-03 3.646800e-14 0 
    0.110918 1.431513e-03 3.490700e-14 0 
    0.111944 1.395712e-03 3.341300e-14 0 
    0.112980 1.275810e-03 2.998500e-14 0 
    0.114025 1.647359e-03 3.801100e-14 0 
    0.115080 1.519813e-03 3.442800e-14 0 
    0.116145 1.639803e-03 3.646800e-14 0 
    0.116950 1.713128e-03 3.757600e-14 0 
    0.118032 1.207215e-03 2.599600e-14 0 
    0.119124 1.713128e-03 3.621700e-14 0 
    0.119950 1.196171e-03 2.494100e-14 0 
    0.121060 8.785986e-04 1.798500e-14 0 
    0.122180 5.912962e-04 1.188300e-14 0 
    0.123027 1.224019e-03 2.426100e-14 0 
    0.124165 1.882718e-03 3.663600e-14 0 
    0.125026 2.097904e-03 4.026300e-14 0 
    0.126183 2.036071e-03 3.836300e-14 0 
    0.127057 1.777397e-03 3.303000e-14 0 
    0.128233 2.326948e-03 4.245300e-14 0 
    0.129122 2.464861e-03 4.435200e-14 0 
    0.130017 1.976014e-03 3.506800e-14 0 
    0.131220 1.985142e-03 3.458700e-14 0 
    0.132130 2.504922e-03 4.304400e-14 0 
    0.133045 2.425446e-03 4.110700e-14 0 
    0.134277 2.191765e-03 3.646800e-14 0 
    0.135207 2.628981e-03 4.314300e-14 0 
    0.136144 2.575032e-03 4.167800e-14 0 
    0.137088 2.332351e-03 3.723200e-14 0 
    0.138038 2.476194e-03 3.898600e-14 0 
    0.139316 2.545613e-03 3.934700e-14 0 
    0.140281 2.227373e-03 3.395600e-14 0 
    0.141254 2.332337e-03 3.506800e-14 0 
    0.142233 2.442260e-03 3.621700e-14 0 
    0.143219 2.533876e-03 3.706000e-14 0 
    0.144212 2.551458e-03 3.680500e-14 0 
    0.144877 2.708885e-03 3.871800e-14 0 
    0.145546 2.771949e-03 3.925600e-14 0 
    0.146218 2.715151e-03 3.809900e-14 0 
    0.147231 2.539746e-03 3.514900e-14 0 
    0.148252 2.569158e-03 3.506800e-14 0 
    0.149279 2.647217e-03 3.563800e-14 0 
    0.150314 2.721408e-03 3.613400e-14 0 
    0.151356 2.610898e-03 3.419100e-14 0 
    0.152055 2.348526e-03 3.047300e-14 0 
    0.152405 2.516444e-03 3.250200e-14 0 
    0.153109 2.464887e-03 3.154400e-14 0 
    0.154170 2.176630e-03 2.747300e-14 0 
    0.155239 2.386699e-03 2.971100e-14 0 
    0.156315 2.289746e-03 2.811300e-14 0 
    0.157398 2.381124e-03 2.883400e-14 0 
    0.158125 2.557359e-03 3.068400e-14 0 
    0.159221 2.708873e-03 3.205600e-14 0 
    0.160325 2.797635e-03 3.265200e-14 0 
    0.161436 2.771997e-03 3.190900e-14 0 
    0.162181 2.797641e-03 3.190900e-14 0 
    0.163305 2.690232e-03 3.026300e-14 0 
    0.164437 2.895933e-03 3.213000e-14 0 
    0.165196 2.956568e-03 3.250200e-14 0 
    0.166341 2.778369e-03 3.012400e-14 0 
    0.167494 3.060437e-03 3.272700e-14 0 
    0.167880 2.752889e-03 2.930300e-14 0 
    0.168655 3.117329e-03 3.287800e-14 0 
    0.169434 3.264277e-03 3.411200e-14 0 
    0.170216 3.095914e-03 3.205600e-14 0 
    0.171396 3.011590e-03 3.075500e-14 0 
    0.172187 2.882611e-03 2.916800e-14 0 
    0.173380 2.902654e-03 2.896800e-14 0 
    0.174181 3.110256e-03 3.075500e-14 0 
    0.175388 3.074557e-03 2.998500e-14 0 
    0.176198 3.286915e-03 3.176200e-14 0 
    0.177419 3.067587e-03 2.923600e-14 0 
    0.178238 3.160782e-03 2.984800e-14 0 
    0.179473 3.256809e-03 3.033300e-14 0 
    0.180302 3.481694e-03 3.213000e-14 0 
    0.181552 3.497725e-03 3.183500e-14 0 
    0.182390 3.264293e-03 2.943800e-14 0 
    0.183231 3.355681e-03 2.998500e-14 0 
    0.184502 3.271793e-03 2.883400e-14 0 
    0.185353 3.039452e-03 2.654100e-14 0 
    0.186209 3.081691e-03 2.666300e-14 0 
    0.187499 3.204692e-03 2.734700e-14 0 
    0.188365 3.473626e-03 2.937000e-14 0 
    0.189234 3.234314e-03 2.709600e-14 0 
    0.190546 3.138928e-03 2.593600e-14 0 
    0.191426 3.355728e-03 2.747300e-14 0 
    0.192309 3.256824e-03 2.641900e-14 0 
    0.193642 3.226886e-03 2.581700e-14 0 
    0.194536 3.355776e-03 2.660200e-14 0 
    0.195434 3.522037e-03 2.766400e-14 0 
    0.196336 3.317297e-03 2.581700e-14 0 
    0.197697 3.662571e-03 2.811300e-14 0 
    0.198610 3.791280e-03 2.883400e-14 0 
    0.199526 3.620644e-03 2.728400e-14 0 
    0.200447 3.546466e-03 2.648000e-14 0 
    0.201372 3.679434e-03 2.722100e-14 0 
    0.202302 3.595767e-03 2.635800e-14 0 
    0.203704 3.791289e-03 2.741000e-14 0 
    0.204645 3.629005e-03 2.599600e-14 0 
    0.205589 3.782600e-03 2.684800e-14 0 
    0.206538 3.604027e-03 2.534600e-14 0 
    0.207491 3.671088e-03 2.558100e-14 0 
    0.208449 3.979097e-03 2.747300e-14 0 
    0.208930 3.808760e-03 2.617600e-14 0 
    0.209411 3.951738e-03 2.703400e-14 0 
    0.210378 3.782661e-03 2.564000e-14 0 
    0.211349 3.844014e-03 2.581700e-14 0 
    0.212324 3.915477e-03 2.605600e-14 0 
    0.213304 3.997507e-03 2.635800e-14 0 
    0.214783 3.791260e-03 2.465500e-14 0 
    0.215774 3.897561e-03 2.511400e-14 0 
    0.216770 4.062376e-03 2.593600e-14 0 
    0.217771 3.970039e-03 2.511400e-14 0 
    0.218776 3.979165e-03 2.494100e-14 0 
    0.219786 3.942727e-03 2.448600e-14 0 
    0.220801 4.147587e-03 2.552200e-14 0 
    0.221820 4.071804e-03 2.482600e-14 0 
    0.222331 3.906538e-03 2.370900e-14 0 
    0.223357 3.835250e-03 2.306300e-14 0 
    0.224388 4.081201e-03 2.431700e-14 0 
    0.225424 3.960936e-03 2.338400e-14 0 
    0.226464 3.844052e-03 2.248600e-14 0 
    0.227510 3.951765e-03 2.290400e-14 0 
    0.228560 4.071909e-03 2.338400e-14 0 
    0.229615 4.185858e-03 2.381800e-14 0 
    0.230675 3.998271e-03 2.254200e-14 0 
    0.231739 4.045802e-03 2.260100e-14 0 
    0.232809 3.927696e-03 2.174000e-14 0 
    0.233884 3.230502e-03 1.771700e-14 0 
    0.234423 3.735233e-03 2.039100e-14 0 
    0.235505 3.659793e-03 1.979600e-14 0 
    0.236592 3.931738e-03 2.107200e-14 0 
    0.237684 3.696005e-03 1.962700e-14 0 
    0.238781 3.809454e-03 2.004400e-14 0 
    0.239883 3.597450e-03 1.875500e-14 0 
    0.240436 3.811186e-03 1.977800e-14 0 
    0.241546 3.708374e-03 1.906800e-14 0 
    0.242661 3.813548e-03 1.942900e-14 0 
    0.243781 4.031477e-03 2.035100e-14 0 
    0.244906 3.922823e-03 1.962100e-14 0 
    0.245471 4.127336e-03 2.054900e-14 0 
    0.246604 4.100251e-03 2.022700e-14 0 
    0.247742 4.101560e-03 2.004800e-14 0 
    0.248886 4.000153e-03 1.937300e-14 0 
    0.249460 4.084589e-03 1.969100e-14 0 
    0.250611 3.821947e-03 1.825600e-14 0 
    0.251768 4.299548e-03 2.034900e-14 0 
    0.252348 3.912894e-03 1.843400e-14 0 
    0.252930 4.032468e-03 1.891000e-14 0 
    0.253513 3.905189e-03 1.822900e-14 0 
    0.254683 3.978939e-03 1.840300e-14 0 
    0.255859 3.952925e-03 1.811500e-14 0 
    0.256448 4.207243e-03 1.919200e-14 0 
    0.257632 4.141311e-03 1.871800e-14 0 
    0.258821 4.367861e-03 1.956100e-14 0 
    0.260016 4.359384e-03 1.934400e-14 0 
    0.260615 4.320176e-03 1.908200e-14 0 
    0.261818 4.223054e-03 1.848200e-14 0 
    0.263027 4.205186e-03 1.823500e-14 0 
    0.263633 4.373784e-03 1.887900e-14 0 
    0.264850 4.529063e-03 1.937000e-14 0 
    0.266072 4.877020e-03 2.066700e-14 0 
    0.266686 4.991539e-03 2.105500e-14 0 
    0.267917 4.617097e-03 1.929700e-14 0 
    0.268534 4.802320e-03 1.997900e-14 0 
    0.269774 4.848471e-03 1.998600e-14 0 
    0.271019 4.674685e-03 1.909300e-14 0 
    0.271644 4.795396e-03 1.949600e-14 0 
    0.272898 4.623551e-03 1.862500e-14 0 
    0.273527 4.613716e-03 1.850000e-14 0 
    0.274789 4.832827e-03 1.920100e-14 0 
    0.276058 4.348684e-03 1.711900e-14 0 
    0.276694 4.450663e-03 1.744000e-14 0 
    0.277971 4.629891e-03 1.797600e-14 0 
    0.278612 4.815575e-03 1.861100e-14 0 
    0.279898 4.621708e-03 1.769800e-14 0 
    0.280543 3.907410e-03 1.489400e-14 0 
    0.281838 4.169155e-03 1.574600e-14 0 
    0.283139 4.888893e-03 1.829500e-14 0 
    0.283792 5.096707e-03 1.898500e-14 0 
    0.285102 4.959356e-03 1.830400e-14 0 
    0.285759 4.858663e-03 1.785000e-14 0 
    0.287078 4.727804e-03 1.721000e-14 0 
    0.287740 5.137387e-03 1.861500e-14 0 
    0.289068 5.198843e-03 1.866500e-14 0 
    0.289734 5.187850e-03 1.854000e-14 0 
    0.291072 5.225709e-03 1.850400e-14 0 
    0.292415 5.627469e-03 1.974400e-14 0 
    0.294442 5.489596e-03 1.899600e-14 0 
    0.296483 5.454916e-03 1.861700e-14 0 
    0.298538 5.597937e-03 1.884300e-14 0 
    0.300608 5.653245e-03 1.876800e-14 0 
    0.302691 5.748354e-03 1.882200e-14 0 
    0.304789 5.818097e-03 1.878900e-14 0 
    0.306196 5.847249e-03 1.871000e-14 0 
    0.308319 5.945724e-03 1.876400e-14 0 
    0.310456 6.018150e-03 1.873200e-14 0 
    0.312608 6.105455e-03 1.874300e-14 0 
    0.314775 6.066870e-03 1.836900e-14 0 
    0.316228 6.125676e-03 1.837700e-14 0 
    0.318420 6.214610e-03 1.838800e-14 0 
    0.320627 6.007045e-03 1.753000e-14 0 
    0.322849 6.250761e-03 1.799100e-14 0 
    0.324340 6.027054e-03 1.718800e-14 0 
    0.326588 6.447224e-03 1.813400e-14 0 
    0.328852 6.708871e-03 1.861100e-14 0 
    0.330370 6.711649e-03 1.844800e-14 0 
    0.332660 6.731242e-03 1.824800e-14 0 
    0.334195 6.843392e-03 1.838200e-14 0 
    0.334966 6.972245e-03 1.864200e-14 0 
    0.335738 6.674903e-03 1.776500e-14 0 
    0.336512 7.170378e-03 1.899600e-14 0 
    0.337287 6.912590e-03 1.822900e-14 0 
    0.338065 6.334600e-03 1.662800e-14 0 
    0.338844 6.379901e-03 1.667000e-14 0 
    0.339625 6.996836e-03 1.819800e-14 0 
    0.340408 7.063127e-03 1.828600e-14 0 
    0.341193 6.935866e-03 1.787400e-14 0 
    0.341979 7.230996e-03 1.854900e-14 0 
    0.342768 6.843395e-03 1.747400e-14 0 
    0.343558 6.988287e-03 1.776200e-14 0 
    0.344350 7.136355e-03 1.805500e-14 0 
    0.345144 7.439714e-03 1.873600e-14 0 
    0.345939 6.960627e-03 1.744900e-14 0 
    0.346737 7.140656e-03 1.781800e-14 0 
    0.347536 7.076978e-03 1.757800e-14 0 
    0.348337 7.013375e-03 1.734000e-14 0 
    0.349140 7.311892e-03 1.799500e-14 0 
    0.349945 7.081540e-03 1.734800e-14 0 
    0.350752 7.399662e-03 1.804400e-14 0 
    0.351560 6.987206e-03 1.696000e-14 0 
    0.352371 7.403150e-03 1.788700e-14 0 
    0.353183 7.104258e-03 1.708600e-14 0 
    0.353997 7.492099e-03 1.793600e-14 0 
    0.354813 7.140189e-03 1.701500e-14 0 
    0.355631 7.582081e-03 1.798500e-14 0 
    0.356451 7.796237e-03 1.840800e-14 0 
    0.357273 7.708846e-03 1.811800e-14 0 
    0.358096 7.639679e-03 1.787300e-14 0 
    0.358922 7.247265e-03 1.687700e-14 0 
    0.359749 7.182342e-03 1.664900e-14 0 
    0.360579 6.643013e-03 1.532800e-14 0 
    0.361410 7.319352e-03 1.681100e-14 0 
    0.362243 7.683805e-03 1.756700e-14 0 
    0.363078 7.255683e-03 1.651200e-14 0 
    0.363459 7.789201e-03 1.768900e-14 1 
    0.363734 8.206278e-03 1.860800e-14 1 
    0.364009 7.977538e-03 1.806200e-14 1 
    0.364284 6.880200e-03 1.555400e-14 1 
    0.364559 7.537388e-03 1.701400e-14 1 
    0.364834 9.686411e-03 2.183200e-14 1 
    0.365109 7.657904e-03 1.723400e-14 1 
    0.365384 7.854572e-03 1.765000e-14 1 
    0.365659 6.402313e-03 1.436500e-14 1 
    0.365934 6.782425e-03 1.519500e-14 1 
    0.366209 7.181539e-03 1.606500e-14 1 
    0.366484 7.553624e-03 1.687200e-14 1 
    0.366759 9.027560e-03 2.013400e-14 1 
    0.367034 9.411567e-03 2.095900e-14 1 
    0.367309 8.049533e-03 1.789900e-14 1 
    0.367584 7.649031e-03 1.698300e-14 1 
    0.367859 8.573440e-03 1.900700e-14 1 
    0.368134 8.211769e-03 1.817800e-14 1 
    0.368409 8.265212e-03 1.826900e-14 1 
    0.368684 8.396720e-03 1.853200e-14 1 
    0.368959 8.252700e-03 1.818700e-14 1 
    0.369234 7.469272e-03 1.643600e-14 1 
    0.369509 7.927788e-03 1.741900e-14 1 
    0.369784 8.389012e-03 1.840500e-14 1 
    0.370059 8.118933e-03 1.778600e-14 1 
    0.370334 6.866050e-03 1.501900e-14 1 
    0.370609 7.695778e-03 1.680900e-14 1 
    0.370884 6.986415e-03 1.523700e-14 1 
    0.371159 7.263114e-03 1.581700e-14 1 
    0.371434 7.857465e-03 1.708600e-14 1 
    0.371709 7.165832e-03 1.555900e-14 1 
    0.371984 7.488698e-03 1.623600e-14 1 
    0.372259 8.252708e-03 1.786600e-14 1 
    0.372534 8.154343e-03 1.762700e-14 1 
    0.372809 8.589833e-03 1.854100e-14 1 
    0.373084 8.324126e-03 1.794100e-14 1 
    0.373359 8.042275e-03 1.730800e-14 1 
    0.373634 8.769821e-03 1.884600e-14 1 
    0.373909 1.079783e-02 2.317000e-14 1 
    0.374184 1.734770e-02 3.717000e-14 1 
    0.374459 2.248935e-02 4.811600e-14 1 
    0.374734 2.333733e-02 4.985700e-14 1 
    0.375009 1.845932e-02 3.937800e-14 1 
    0.375284 1.265149e-02 2.694900e-14 1 
    0.375559 9.986896e-03 2.124200e-14 1 
    0.375834 9.445468e-03 2.006100e-14 1 
    0.376109 7.726906e-03 1.638700e-14 1 
    0.376384 7.932291e-03 1.679800e-14 1 
    0.376659 7.794921e-03 1.648300e-14 1 
    0.376934 8.654521e-03 1.827400e-14 1 
    0.377209 8.032081e-03 1.693500e-14 1 
    0.377484 9.558984e-03 2.012500e-14 1 
    0.377759 8.230092e-03 1.730200e-14 1 
    0.378034 7.872896e-03 1.652700e-14 1 
    0.378309 8.258369e-03 1.731100e-14 1 
    0.378584 9.469061e-03 1.982000e-14 1 
    0.378859 8.729747e-03 1.824600e-14 1 
    0.379134 8.488480e-03 1.771600e-14 1 
    0.379409 1.003532e-02 2.091400e-14 1 
    0.379684 1.039826e-02 2.163900e-14 1 
    0.379959 8.896008e-03 1.848600e-14 1 
    0.380234 8.368169e-03 1.736400e-14 1 
    0.380509 9.783264e-03 2.027100e-14 1 
    0.380784 1.043781e-02 2.159600e-14 1 
    0.381059 9.806727e-03 2.026100e-14 1 
    0.381334 9.516968e-03 1.963400e-14 1 
    0.381609 8.893345e-03 1.832100e-14 1 
    0.381884 9.857500e-03 2.027800e-14 1 
    0.382159 9.815232e-03 2.016200e-14 1 
    0.382434 1.119929e-02 2.297200e-14 1 
    0.382709 9.419240e-03 1.929300e-14 1 
    0.382984 1.092204e-02 2.233900e-14 1 
    0.383259 1.002850e-02 2.048200e-14 1 
    0.383534 1.032434e-02 2.105600e-14 1 
    0.383809 1.151272e-02 2.344600e-14 1 
    0.384084 8.650604e-03 1.759200e-14 1 
    0.384359 9.399192e-03 1.908700e-14 1 
    0.384634 7.719683e-03 1.565400e-14 1 
    0.384909 8.483847e-03 1.717900e-14 1 
    0.385184 7.545931e-03 1.525800e-14 1 
    0.385459 7.689441e-03 1.552600e-14 1 
    0.385734 7.316039e-03 1.475100e-14 1 
    0.386009 8.694819e-03 1.750600e-14 1 
    0.386284 1.014714e-02 2.040100e-14 1 
    0.386559 1.102728e-02 2.213900e-14 1 
    0.386834 1.046287e-02 2.097600e-14 1 
    0.387109 9.609599e-03 1.923800e-14 1 
    0.387384 1.090882e-02 2.180800e-14 1 
    0.387659 1.058970e-02 2.114000e-14 1 
    0.387934 1.126790e-02 2.246200e-14 1 
    0.388209 1.019226e-02 2.028900e-14 1 
    0.388484 1.177326e-02 2.340300e-14 1 
    0.388759 1.060605e-02 2.105300e-14 1 
    0.389034 1.140807e-02 2.261300e-14 1 
    0.389309 1.159749e-02 2.295600e-14 1 
    0.389584 1.002934e-02 1.982400e-14 1 
    0.389859 1.043513e-02 2.059700e-14 1 
    0.390134 9.256066e-03 1.824400e-14 1 
    0.390409 8.334281e-03 1.640400e-14 1 
    0.390684 1.016949e-02 1.998800e-14 1 
    0.390959 1.037182e-02 2.035700e-14 1 
    0.391234 1.019968e-02 1.999100e-14 1 
    0.391509 1.024774e-02 2.005700e-14 1 
    0.391784 9.966412e-03 1.947900e-14 1 
    0.392059 1.153647e-02 2.251600e-14 1 
    0.392334 1.125917e-02 2.194400e-14 1 
    0.392609 1.001203e-02 1.948600e-14 1 
    0.392884 1.034918e-02 2.011400e-14 1 
    0.393159 1.146888e-02 2.225900e-14 1 
    0.393434 1.076876e-02 2.087100e-14 1 
    0.393709 1.113310e-02 2.154700e-14 1 
    0.393984 1.185907e-02 2.292000e-14 1 
    0.394259 1.073107e-02 2.071100e-14 1 
    0.394534 9.818330e-03 1.892300e-14 1 
    0.394809 9.634581e-03 1.854300e-14 1 
    0.395084 8.593351e-03 1.651600e-14 1 
    0.395359 8.101483e-03 1.554900e-14 1 
    0.395634 9.176091e-03 1.758700e-14 1 
    0.395909 1.003266e-02 1.920200e-14 1 
    0.396184 1.044319e-02 1.996000e-14 1 
    0.396459 1.068298e-02 2.039000e-14 1 
    0.396734 1.049319e-02 2.000000e-14 1 
    0.397009 1.032071e-02 1.964400e-14 1 
    0.397284 1.062542e-02 2.019600e-14 1 
    0.397559 1.098944e-02 2.085900e-14 1 
    0.397834 1.088805e-02 2.063800e-14 1 
    0.398109 9.852843e-03 1.865000e-14 1 
    0.398384 9.145917e-03 1.728800e-14 1 
    0.398659 8.854465e-03 1.671400e-14 1 
    0.398934 9.395057e-03 1.771000e-14 1 
    0.399209 9.726750e-03 1.831000e-14 1 
    0.399484 9.597590e-03 1.804200e-14 1 
    0.399759 1.001832e-02 1.880700e-14 1 
    0.400034 1.158170e-02 2.171200e-14 1 
    0.400309 1.216865e-02 2.278100e-14 1 
    0.400584 1.185855e-02 2.217000e-14 1 
    0.400859 1.241529e-02 2.317900e-14 1 
    0.401134 1.308669e-02 2.439900e-14 1 
    0.401409 1.369222e-02 2.549300e-14 1 
    0.401684 1.340496e-02 2.492400e-14 1 
    0.401959 1.245174e-02 2.312000e-14 1 
    0.402234 1.326588e-02 2.459800e-14 1 
    0.402509 1.316360e-02 2.437500e-14 1 
    0.402784 1.249804e-02 2.311100e-14 1 
    0.403059 1.294833e-02 2.391100e-14 1 
    0.403334 1.312760e-02 2.420900e-14 1 
    0.403609 1.360271e-02 2.505100e-14 1 
    0.403884 1.399698e-02 2.574200e-14 1 
    0.404159 1.342420e-02 2.465500e-14 1 
    0.404434 1.331489e-02 2.442100e-14 1 
    0.404709 1.360926e-02 2.492700e-14 1 
    0.404984 1.294219e-02 2.367300e-14 1 
    0.405259 1.278130e-02 2.334700e-14 1 
    0.405534 1.324653e-02 2.416400e-14 1 
    0.405809 1.376184e-02 2.507000e-14 1 
    0.406084 1.293894e-02 2.353900e-14 1 
    0.406359 1.287115e-02 2.338400e-14 1 
    0.406634 1.396612e-02 2.533900e-14 1 
    0.406909 1.345186e-02 2.437300e-14 1 
    0.407184 1.358556e-02 2.458200e-14 1 
    0.407459 1.360336e-02 2.458100e-14 1 
    0.407734 1.273286e-02 2.297700e-14 1 
    0.408009 1.297533e-02 2.338300e-14 1 
    0.408284 1.345847e-02 2.422100e-14 1 
    0.408559 1.368915e-02 2.460300e-14 1 
    0.408834 1.338221e-02 2.401900e-14 1 
    0.409109 1.310843e-02 2.349600e-14 1 
    0.409384 1.273947e-02 2.280400e-14 1 
    0.409659 1.239466e-02 2.215700e-14 1 
    0.409934 1.256311e-02 2.242800e-14 1 
    0.410209 1.268879e-02 2.262200e-14 1 
    0.410484 1.358873e-02 2.419400e-14 1 
    0.410759 1.390502e-02 2.472400e-14 1 
    0.411034 1.329459e-02 2.360700e-14 1 
    0.411309 1.282347e-02 2.274000e-14 1 
    0.411584 1.261363e-02 2.233800e-14 1 
    0.411859 1.359906e-02 2.405100e-14 1 
    0.412134 1.369366e-02 2.418600e-14 1 
    0.412409 1.353506e-02 2.387400e-14 1 
    0.412684 1.268511e-02 2.234500e-14 1 
    0.412959 1.242178e-02 2.185200e-14 1 
    0.413234 1.301494e-02 2.286500e-14 1 
    0.413509 1.290801e-02 2.264700e-14 1 
    0.413784 1.325278e-02 2.322100e-14 1 
    0.414059 1.353957e-02 2.369200e-14 1 
    0.414334 1.322509e-02 2.311100e-14 1 
    0.414609 1.301975e-02 2.272200e-14 1 
    0.414884 1.325735e-02 2.310600e-14 1 
    0.415159 1.366101e-02 2.377800e-14 1 
    0.415434 1.336674e-02 2.323500e-14 1 
    0.415709 1.296738e-02 2.251100e-14 1 
    0.415984 1.337043e-02 2.318000e-14 1 
    0.416259 1.338580e-02 2.317600e-14 1 
    0.416534 1.333178e-02 2.305200e-14 1 
    0.416809 1.351791e-02 2.334300e-14 1 
    0.417084 1.349748e-02 2.327700e-14 1 
    0.417359 1.363954e-02 2.349100e-14 1 
    0.417634 1.387206e-02 2.386000e-14 1 
    0.417909 1.424836e-02 2.447500e-14 1 
    0.418184 1.404094e-02 2.408700e-14 1 
    0.418459 1.436585e-02 2.461200e-14 1 
    0.418734 1.462788e-02 2.502800e-14 1 
    0.419009 1.409698e-02 2.408800e-14 1 
    0.419284 1.303198e-02 2.223900e-14 1 
    0.419559 1.386938e-02 2.363700e-14 1 
    0.419834 1.436112e-02 2.444300e-14 1 
    0.420109 1.366927e-02 2.323500e-14 1 
    0.420384 1.310163e-02 2.224100e-14 1 
    0.420659 1.324854e-02 2.246100e-14 1 
    0.420934 1.361434e-02 2.305100e-14 1 
    0.421209 1.399465e-02 2.366400e-14 1 
    0.421484 1.379383e-02 2.329400e-14 1 
    0.421759 1.352842e-02 2.281600e-14 1 
    0.422034 1.347719e-02 2.270000e-14 1 
    0.422309 1.424797e-02 2.396700e-14 1 
    0.422584 1.439928e-02 2.419000e-14 1 
    0.422859 1.502061e-02 2.520100e-14 1 
    0.423134 1.394501e-02 2.336600e-14 1 
    0.423409 1.393685e-02 2.332200e-14 1 
    0.423684 1.360731e-02 2.274100e-14 1 
    0.423959 1.376878e-02 2.298100e-14 1 
    0.424234 1.333191e-02 2.222300e-14 1 
    0.424509 1.426766e-02 2.375200e-14 1 
    0.424784 1.361972e-02 2.264400e-14 1 
    0.425059 1.366988e-02 2.269800e-14 1 
    0.425334 1.435573e-02 2.380600e-14 1 
    0.425609 1.420705e-02 2.352900e-14 1 
    0.425884 1.411477e-02 2.334600e-14 1 
    0.426159 1.439695e-02 2.378200e-14 1 
    0.426434 1.420156e-02 2.342900e-14 1 
    0.426709 1.394858e-02 2.298200e-14 1 
    0.426984 1.327924e-02 2.185100e-14 1 
    0.427259 1.345882e-02 2.211800e-14 1 
    0.427534 1.374424e-02 2.255800e-14 1 
    0.427809 1.413590e-02 2.317100e-14 1 
    0.428084 1.430068e-02 2.341100e-14 1 
    0.428359 1.546405e-02 2.528300e-14 1 
    0.428634 1.479309e-02 2.415500e-14 1 
    0.428909 1.512052e-02 2.465800e-14 1 
    0.429184 1.382781e-02 2.252100e-14 1 
    0.429459 1.427158e-02 2.321400e-14 1 
    0.429734 1.397654e-02 2.270500e-14 1 
    0.430009 1.358024e-02 2.203300e-14 1 
    0.430284 1.381177e-02 2.238000e-14 1 
    0.430559 1.363539e-02 2.206600e-14 1 
    0.430834 1.334160e-02 2.156300e-14 1 
    0.431109 1.407913e-02 2.272600e-14 1 
    0.431384 1.357542e-02 2.188500e-14 1 
    0.431659 1.354429e-02 2.180700e-14 1 
    0.431934 1.276180e-02 2.052100e-14 1 
    0.432209 1.314544e-02 2.111100e-14 1 
    0.432484 1.307302e-02 2.096800e-14 1 
    0.432759 1.228372e-02 1.967700e-14 1 
    0.433034 1.238809e-02 1.981900e-14 1 
    0.433309 1.334449e-02 2.132200e-14 1 
    0.433584 1.315840e-02 2.099800e-14 1 
    0.433859 1.475814e-02 2.352100e-14 1 
    0.434134 1.383073e-02 2.201500e-14 1 
    0.434409 1.412251e-02 2.245100e-14 1 
    0.434684 1.359559e-02 2.158600e-14 1 
    0.434959 1.348037e-02 2.137600e-14 1 
    0.435234 1.440542e-02 2.281400e-14 1 
    0.435509 1.497303e-02 2.368300e-14 1 
    0.435784 1.633649e-02 2.580700e-14 1 
    0.436059 1.907432e-02 3.009400e-14 1 
    0.436334 1.803285e-02 2.841500e-14 1 
    0.436609 1.606163e-02 2.527700e-14 1 
    0.436884 1.416365e-02 2.226200e-14 1 
    0.437159 1.364447e-02 2.141900e-14 1 
    0.437434 1.393719e-02 2.185100e-14 1 
    0.437709 1.408755e-02 2.205900e-14 1 
    0.437984 1.457204e-02 2.278900e-14 1 
    0.438259 1.565506e-02 2.445200e-14 1 
    0.438534 1.499649e-02 2.339400e-14 1 
    0.438809 1.565523e-02 2.439100e-14 1 
    0.439084 1.473659e-02 2.293100e-14 1 
    0.439359 1.503560e-02 2.336700e-14 1 
    0.439634 1.437087e-02 2.230600e-14 1 
    0.439909 1.551965e-02 2.405900e-14 1 
    0.440184 1.514637e-02 2.345100e-14 1 
    0.440459 1.494284e-02 2.310700e-14 1 
    0.440734 1.417740e-02 2.189600e-14 1 
    0.441009 1.440190e-02 2.221500e-14 1 
    0.441284 1.520139e-02 2.341900e-14 1 
    0.441559 1.562979e-02 2.404900e-14 1 
    0.441834 1.489573e-02 2.289100e-14 1 
    0.442109 1.476312e-02 2.265900e-14 1 
    0.442384 1.542731e-02 2.364900e-14 1 
    0.442659 1.471954e-02 2.253600e-14 1 
    0.442934 1.570570e-02 2.401600e-14 1 
    0.443209 1.559033e-02 2.381000e-14 1 
    0.443484 1.591912e-02 2.428200e-14 1 
    0.443759 1.545181e-02 2.354000e-14 1 
    0.444034 1.570560e-02 2.389700e-14 1 
    0.444309 1.619226e-02 2.460700e-14 1 
    0.444584 1.586774e-02 2.408400e-14 1 
    0.444859 1.624359e-02 2.462400e-14 1 
    0.445134 1.569303e-02 2.376000e-14 1 
    0.445409 1.580765e-02 2.390400e-14 1 
    0.445684 1.549678e-02 2.340500e-14 1 
    0.445959 1.573667e-02 2.373800e-14 1 
    0.446234 1.583042e-02 2.385000e-14 1 
    0.446509 1.529968e-02 2.302200e-14 1 
    0.446784 1.567717e-02 2.356100e-14 1 
    0.447059 1.517084e-02 2.277200e-14 1 
    0.447334 1.638615e-02 2.456600e-14 1 
    0.447609 1.617523e-02 2.422000e-14 1 
    0.447884 1.526633e-02 2.283100e-14 1 
    0.448159 1.619559e-02 2.419100e-14 1 
    0.448434 1.466035e-02 2.187100e-14 1 
    0.448709 1.545618e-02 2.303000e-14 1 
    0.448984 1.601606e-02 2.383500e-14 1 
    0.449259 1.656449e-02 2.462100e-14 1 
    0.449534 1.671612e-02 2.481600e-14 1 
    0.449809 1.687484e-02 2.502100e-14 1 
    0.450084 1.661593e-02 2.460700e-14 1 
    0.450359 1.718656e-02 2.542100e-14 1 
    0.450634 1.696726e-02 2.506600e-14 1 
    0.450909 1.641190e-02 2.421600e-14 1 
    0.451184 1.599494e-02 2.357200e-14 1 
    0.451459 1.720200e-02 2.532000e-14 1 
    0.451734 1.670397e-02 2.455700e-14 1 
    0.452009 1.659151e-02 2.436200e-14 1 
    0.452284 1.694923e-02 2.485700e-14 1 
    0.452559 1.743818e-02 2.554300e-14 1 
    0.452834 1.686675e-02 2.467600e-14 1 
    0.453109 1.634044e-02 2.387700e-14 1 
    0.453384 1.797528e-02 2.623400e-14 1 
    0.453659 1.817203e-02 2.648900e-14 1 
    0.453934 1.789734e-02 2.605700e-14 1 
    0.454209 1.751261e-02 2.546600e-14 1 
    0.454484 1.810048e-02 2.628900e-14 1 
    0.454759 1.768740e-02 2.565800e-14 1 
    0.455034 1.635052e-02 2.369000e-14 1 
    0.455309 1.592665e-02 2.304800e-14 1 
    0.455584 1.709022e-02 2.470200e-14 1 
    0.455859 1.712818e-02 2.472700e-14 1 
    0.456134 1.753376e-02 2.528200e-14 1 
    0.456409 1.710149e-02 2.462900e-14 1 
    0.456684 1.748152e-02 2.514600e-14 1 
    0.456959 1.762717e-02 2.532500e-14 1 
    0.457234 1.739612e-02 2.496300e-14 1 
    0.457509 1.765149e-02 2.529900e-14 1 
    0.457784 1.655643e-02 2.370100e-14 1 
    0.458059 1.624201e-02 2.322300e-14 1 
    0.458334 1.749883e-02 2.499000e-14 1 
    0.458609 1.844666e-02 2.631200e-14 1 
    0.458884 1.747769e-02 2.490000e-14 1 
    0.459159 1.845509e-02 2.626100e-14 1 
    0.459434 1.819365e-02 2.585800e-14 1 
    0.459709 1.691152e-02 2.400700e-14 1 
    0.459984 1.746495e-02 2.476300e-14 1 
    0.460259 1.692941e-02 2.397500e-14 1 
    0.460534 1.726849e-02 2.442600e-14 1 
    0.460809 1.739459e-02 2.457500e-14 1 
    0.461084 1.760032e-02 2.483600e-14 1 
    0.461359 1.711047e-02 2.411600e-14 1 
    0.461634 1.768708e-02 2.489900e-14 1 
    0.461909 1.712569e-02 2.408000e-14 1 
    0.462184 1.777910e-02 2.496900e-14 1 
    0.462459 1.724705e-02 2.419300e-14 1 
    0.462734 1.671371e-02 2.341700e-14 1 
    0.463009 1.778832e-02 2.489300e-14 1 
    0.463284 1.773218e-02 2.478500e-14 1 
    0.463559 1.802543e-02 2.516500e-14 1 
    0.463834 1.836093e-02 2.560300e-14 1 
    0.464109 1.839994e-02 2.562700e-14 1 
    0.464384 1.822910e-02 2.535900e-14 1 
    0.464659 1.811108e-02 2.516500e-14 1 
    0.464934 1.727724e-02 2.397800e-14 1 
    0.465209 1.816696e-02 2.518300e-14 1 
    0.465484 1.862902e-02 2.579300e-14 1 
    0.465759 1.877614e-02 2.596600e-14 1 
    0.466034 1.871434e-02 2.585000e-14 1 
    0.466309 1.811309e-02 2.499000e-14 1 
    0.466584 1.829556e-02 2.521200e-14 1 
    0.466859 1.868040e-02 2.571200e-14 1 
    0.467134 1.800631e-02 2.475500e-14 1 
    0.467409 1.788623e-02 2.456100e-14 1 
    0.467684 1.803998e-02 2.474300e-14 1 
    0.467959 1.832034e-02 2.509800e-14 1 
    0.468234 1.849388e-02 2.530600e-14 1 
    0.468509 1.841903e-02 2.517400e-14 1 
    0.468784 1.840477e-02 2.512500e-14 1 
    0.469059 1.794966e-02 2.447500e-14 1 
    0.469334 1.789876e-02 2.437700e-14 1 
    0.469609 1.854091e-02 2.522200e-14 1 
    0.469884 1.834994e-02 2.493300e-14 1 
    0.470159 1.826753e-02 2.479200e-14 1 
    0.470434 1.808973e-02 2.452200e-14 1 
    0.470709 1.832876e-02 2.481700e-14 1 
    0.470984 1.854169e-02 2.507600e-14 1 
    0.471259 1.844120e-02 2.491100e-14 1 
    0.471534 1.836860e-02 2.478400e-14 1 
    0.471809 1.820898e-02 2.454000e-14 1 
    0.472084 1.800215e-02 2.423300e-14 1 
    0.472359 1.785059e-02 2.400100e-14 1 
    0.472634 1.771203e-02 2.378700e-14 1 
    0.472909 1.776023e-02 2.382400e-14 1 
    0.473184 1.751594e-02 2.346900e-14 1 
    0.473459 1.844790e-02 2.468900e-14 1 
    0.473734 1.790454e-02 2.393400e-14 1 
    0.474009 1.831628e-02 2.445600e-14 1 
    0.474284 1.855874e-02 2.475100e-14 1 
    0.474559 1.917181e-02 2.553900e-14 1 
    0.474834 1.786227e-02 2.376700e-14 1 
    0.475109 1.812600e-02 2.409000e-14 1 
    0.475384 1.790292e-02 2.376600e-14 1 
    0.475659 1.729466e-02 2.293200e-14 1 
    0.475934 1.749890e-02 2.317600e-14 1 
    0.476209 1.845041e-02 2.440800e-14 1 
    0.476484 1.903705e-02 2.515500e-14 1 
    0.476759 1.848851e-02 2.440200e-14 1 
    0.477034 1.918115e-02 2.528700e-14 1 
    0.477309 1.851980e-02 2.438700e-14 1 
    0.477584 1.902317e-02 2.502100e-14 1 
    0.477859 1.845062e-02 2.424000e-14 1 
    0.478134 1.896947e-02 2.489300e-14 1 
    0.478409 1.861213e-02 2.439600e-14 1 
    0.478684 1.803319e-02 2.361000e-14 1 
    0.478959 1.813803e-02 2.372000e-14 1 
    0.479234 1.820633e-02 2.378200e-14 1 
    0.479509 1.891701e-02 2.468200e-14 1 
    0.479784 1.910906e-02 2.490400e-14 1 
    0.480059 1.914480e-02 2.492200e-14 1 
    0.480334 1.956358e-02 2.543800e-14 1 
    0.480609 1.864588e-02 2.421700e-14 1 
    0.480884 1.818777e-02 2.359500e-14 1 
    0.481159 1.902042e-02 2.464700e-14 1 
    0.481434 1.899658e-02 2.458800e-14 1 
    0.481709 1.912812e-02 2.473000e-14 1 
    0.481984 2.029835e-02 2.621300e-14 1 
    0.482259 1.939742e-02 2.502100e-14 1 
    0.482534 1.983789e-02 2.556000e-14 1 
    0.482809 1.962585e-02 2.525800e-14 1 
    0.483084 1.830322e-02 2.352900e-14 1 
    0.483359 1.917294e-02 2.461900e-14 1 
    0.483634 1.934446e-02 2.481100e-14 1 
    0.483909 2.049984e-02 2.626300e-14 1 
    0.484184 1.967528e-02 2.517800e-14 1 
    0.484459 1.877682e-02 2.400100e-14 1 
    0.484734 1.920151e-02 2.451600e-14 1 
    0.485009 1.880615e-02 2.398400e-14 1 
    0.485284 1.899076e-02 2.419200e-14 1 
    0.485559 1.874195e-02 2.384800e-14 1 
    0.485834 1.946184e-02 2.473600e-14 1 
    0.486109 1.814169e-02 2.303200e-14 1 
    0.486384 1.773561e-02 2.249100e-14 1 
    0.486659 1.882064e-02 2.384000e-14 1 
    0.486934 1.867595e-02 2.363000e-14 1 
    0.487209 1.857520e-02 2.347600e-14 1 
    0.487484 1.765274e-02 2.228500e-14 1 
    0.487759 1.951011e-02 2.460200e-14 1 
    0.488034 2.493794e-02 3.141100e-14 1 
    0.488309 3.250571e-02 4.089700e-14 1 
    0.488584 3.532017e-02 4.438800e-14 1 
    0.488859 3.159357e-02 3.966000e-14 1 
    0.489134 2.325291e-02 2.915700e-14 1 
    0.489409 1.883355e-02 2.358900e-14 1 
    0.489684 1.837434e-02 2.298800e-14 1 
    0.489959 1.822774e-02 2.277900e-14 1 
    0.490234 1.784125e-02 2.227100e-14 1 
    0.490509 1.823180e-02 2.273300e-14 1 
    0.490784 1.824341e-02 2.272200e-14 1 
    0.491059 1.805648e-02 2.246400e-14 1 
    0.491334 1.885727e-02 2.343400e-14 1 
    0.491609 1.878493e-02 2.331800e-14 1 
    0.491884 1.889628e-02 2.343000e-14 1 
    0.492159 1.922988e-02 2.381700e-14 1 
    0.492434 1.887552e-02 2.335200e-14 1 
    0.492709 1.936595e-02 2.393200e-14 1 
    0.492984 1.973430e-02 2.436000e-14 1 
    0.493259 1.893557e-02 2.334800e-14 1 
    0.493534 1.879350e-02 2.314700e-14 1 
    0.493809 1.900952e-02 2.338700e-14 1 
    0.494084 1.858315e-02 2.283700e-14 1 
    0.494359 1.782098e-02 2.187600e-14 1 
    0.494634 1.748360e-02 2.143800e-14 1 
    0.494909 1.851300e-02 2.267500e-14 1 
    0.495184 1.915722e-02 2.343800e-14 1 
    0.495459 1.956882e-02 2.391500e-14 1 
    0.495734 1.855920e-02 2.265600e-14 1 
    0.496009 1.913910e-02 2.333800e-14 1 
    0.496284 1.886641e-02 2.298000e-14 1 
    0.496559 1.974704e-02 2.402600e-14 1 
    0.496834 1.999601e-02 2.430200e-14 1 
    0.497109 2.019031e-02 2.451100e-14 1 
    0.497384 1.993805e-02 2.417800e-14 1 
    0.497659 2.041416e-02 2.472800e-14 1 
    0.497934 2.121773e-02 2.567300e-14 1 
    0.498209 2.163004e-02 2.614300e-14 1 
    0.498484 2.161582e-02 2.609700e-14 1 
    0.498759 2.133785e-02 2.573300e-14 1 
    0.499034 2.046403e-02 2.465200e-14 1 
    0.499309 1.984503e-02 2.388000e-14 1 
    0.499584 2.006657e-02 2.412000e-14 1 
    0.499859 2.024691e-02 2.431000e-14 1 
    0.500134 2.070943e-02 2.483800e-14 1 
    0.500409 1.934661e-02 2.317800e-14 1 
    0.500684 1.911218e-02 2.287200e-14 1 
    0.500959 1.948787e-02 2.329600e-14 1 
    0.501234 1.990120e-02 2.376400e-14 1 
    0.501509 1.937810e-02 2.311400e-14 1 
    0.501784 2.031419e-02 2.420400e-14 1 
    0.502059 1.937610e-02 2.306100e-14 1 
    0.502334 1.998528e-02 2.376000e-14 1 
    0.502609 2.215019e-02 2.630500e-14 1 
    0.502884 2.498070e-02 2.963400e-14 1 
    0.503159 2.625362e-02 3.111000e-14 1 
    0.503434 2.576023e-02 3.049200e-14 1 
    0.503709 2.289509e-02 2.707100e-14 1 
    0.503984 1.981707e-02 2.340600e-14 1 
    0.504259 1.897755e-02 2.239000e-14 1 
    0.504534 1.856975e-02 2.188500e-14 1 
    0.504809 1.929759e-02 2.271800e-14 1 
    0.505084 1.963835e-02 2.309400e-14 1 
    0.505359 1.989896e-02 2.337500e-14 1 
    0.505634 1.970160e-02 2.311800e-14 1 
    0.505909 1.984930e-02 2.326600e-14 1 
    0.506184 1.907489e-02 2.233400e-14 1 
    0.506459 1.896310e-02 2.217900e-14 1 
    0.506734 1.925588e-02 2.249700e-14 1 
    0.507009 1.930078e-02 2.252500e-14 1 
    0.507284 2.013405e-02 2.347200e-14 1 
    0.507559 2.065652e-02 2.405500e-14 1 
    0.507834 1.995680e-02 2.321500e-14 1 
    0.508109 2.064279e-02 2.398700e-14 1 
    0.508384 2.099682e-02 2.437200e-14 1 
    0.508659 2.113770e-02 2.450900e-14 1 
    0.508934 2.094904e-02 2.426400e-14 1 
    0.509209 1.955853e-02 2.262900e-14 1 
    0.509484 1.981328e-02 2.289900e-14 1 
    0.509759 2.023225e-02 2.335800e-14 1 
    0.510034 1.958380e-02 2.258500e-14 1 
    0.510309 1.976031e-02 2.276400e-14 1 
    0.510584 1.988763e-02 2.288600e-14 1 
    0.510859 1.949932e-02 2.241500e-14 1 
    0.511134 1.991918e-02 2.287300e-14 1 
    0.511409 2.024836e-02 2.322600e-14 1 
    0.511684 2.021865e-02 2.316700e-14 1 
    0.511959 2.025000e-02 2.317800e-14 1 
    0.512234 1.977498e-02 2.261000e-14 1 
    0.512509 2.036270e-02 2.325700e-14 1 
    0.512784 1.979643e-02 2.258600e-14 1 
    0.513059 1.929209e-02 2.198700e-14 1 
    0.513334 1.978447e-02 2.252400e-14 1 
    0.513609 2.039921e-02 2.319900e-14 1 
    0.513884 2.061471e-02 2.341900e-14 1 
    0.514159 1.981727e-02 2.248900e-14 1 
    0.514434 1.976790e-02 2.240900e-14 1 
    0.514709 2.020762e-02 2.288300e-14 1 
    0.514984 2.007186e-02 2.270500e-14 1 
    0.515259 1.990923e-02 2.249700e-14 1 
    0.515534 2.069238e-02 2.335700e-14 1 
    0.515809 2.040406e-02 2.300700e-14 1 
    0.516084 2.026513e-02 2.282600e-14 1 
    0.516359 1.955262e-02 2.200000e-14 1 
    0.516634 1.918643e-02 2.156500e-14 1 
    0.516909 1.977688e-02 2.220500e-14 1 
    0.517184 1.980238e-02 2.221000e-14 1 
    0.517459 1.949678e-02 2.184400e-14 1 
    0.517734 1.935042e-02 2.165700e-14 1 
    0.518009 2.060889e-02 2.304100e-14 1 
    0.518284 2.016428e-02 2.252000e-14 1 
    0.518559 2.029683e-02 2.264400e-14 1 
    0.518834 1.984190e-02 2.211300e-14 1 
    0.519109 1.932938e-02 2.151900e-14 1 
    0.519384 1.831489e-02 2.036800e-14 1 
    0.519659 1.884017e-02 2.093000e-14 1 
    0.519934 1.934221e-02 2.146500e-14 1 
    0.520209 1.911912e-02 2.119500e-14 1 
    0.520484 1.877001e-02 2.078600e-14 1 
    0.520759 1.846894e-02 2.043100e-14 1 
    0.521034 1.882327e-02 2.080100e-14 1 
    0.521309 1.915386e-02 2.114400e-14 1 
    0.521584 1.956129e-02 2.157100e-14 1 
    0.521859 1.959736e-02 2.158800e-14 1 
    0.522134 2.070579e-02 2.278500e-14 1 
    0.522409 2.072760e-02 2.278500e-14 1 
    0.522684 2.043343e-02 2.243800e-14 1 
    0.522959 2.046041e-02 2.244400e-14 1 
    0.523234 1.935946e-02 2.121400e-14 1 
    0.523509 1.942914e-02 2.126800e-14 1 
    0.523784 1.989858e-02 2.175900e-14 1 
    0.524059 2.029116e-02 2.216500e-14 1 
    0.524334 2.066436e-02 2.254900e-14 1 
    0.524609 2.115208e-02 2.305700e-14 1 
    0.524884 2.094926e-02 2.281200e-14 1 
    0.525159 1.980094e-02 2.153900e-14 1 
    0.525434 1.966248e-02 2.136600e-14 1 
    0.525709 2.017777e-02 2.190300e-14 1 
    0.525984 2.049214e-02 2.222100e-14 1 
    0.526259 2.102501e-02 2.277500e-14 1 
    0.526534 2.126508e-02 2.301100e-14 1 
    0.526809 2.140479e-02 2.313800e-14 1 
    0.527084 2.129657e-02 2.299700e-14 1 
    0.527359 2.092203e-02 2.256900e-14 1 
    0.527634 2.074805e-02 2.235800e-14 1 
    0.527909 2.011384e-02 2.165200e-14 1 
    0.528184 2.123862e-02 2.283900e-14 1 
    0.528459 2.136128e-02 2.294700e-14 1 
    0.528734 2.058677e-02 2.209200e-14 1 
    0.529009 2.031528e-02 2.177800e-14 1 
    0.529284 1.929615e-02 2.066400e-14 1 
    0.529559 1.907129e-02 2.040200e-14 1 
    0.529834 2.035904e-02 2.175700e-14 1 
    0.530109 2.108741e-02 2.251200e-14 1 
    0.530384 2.097520e-02 2.236900e-14 1 
    0.530659 2.104858e-02 2.242400e-14 1 
    0.530934 2.117940e-02 2.254000e-14 1 
    0.531209 2.165002e-02 2.301700e-14 1 
    0.531484 2.255000e-02 2.394900e-14 1 
    0.531759 2.304933e-02 2.445400e-14 1 
    0.532034 2.239100e-02 2.373100e-14 1 
    0.532309 2.131002e-02 2.256200e-14 1 
    0.532584 2.174617e-02 2.300000e-14 1 
    0.532859 2.175822e-02 2.298900e-14 1 
    0.533134 2.196923e-02 2.318800e-14 1 
    0.533409 2.200707e-02 2.320400e-14 1 
    0.533684 2.257092e-02 2.377400e-14 1 
    0.533959 2.290877e-02 2.410500e-14 1 
    0.534234 2.235204e-02 2.349500e-14 1 
    0.534509 2.220745e-02 2.331900e-14 1 
    0.534784 2.189760e-02 2.297000e-14 1 
    0.535059 2.141149e-02 2.243700e-14 1 
    0.535334 2.169429e-02 2.271000e-14 1 
    0.535609 2.105581e-02 2.201900e-14 1 
    0.535884 2.094917e-02 2.188500e-14 1 
    0.536159 2.195669e-02 2.291400e-14 1 
    0.536434 2.213173e-02 2.307300e-14 1 
    0.536709 2.253178e-02 2.346600e-14 1 
    0.536984 2.239532e-02 2.330000e-14 1 
    0.537259 2.207863e-02 2.294700e-14 1 
    0.537534 2.239788e-02 2.325500e-14 1 
    0.537809 2.245455e-02 2.329000e-14 1 
    0.538084 2.321487e-02 2.405400e-14 1 
    0.538359 2.361248e-02 2.444100e-14 1 
    0.538634 2.372655e-02 2.453400e-14 1 
    0.538909 2.264814e-02 2.339500e-14 1 
    0.539184 2.199583e-02 2.269800e-14 1 
    0.539459 2.197656e-02 2.265500e-14 1 
    0.539734 2.221260e-02 2.287500e-14 1 
    0.540009 2.196501e-02 2.259700e-14 1 
    0.540284 2.220924e-02 2.282500e-14 1 
    0.540559 2.285522e-02 2.346500e-14 1 
    0.540834 2.291261e-02 2.350000e-14 1 
    0.541109 2.214048e-02 2.268500e-14 1 
    0.541384 2.200081e-02 2.251900e-14 1 
    0.541659 2.281924e-02 2.333300e-14 1 
    0.541934 2.320562e-02 2.370400e-14 1 
    0.542209 2.224235e-02 2.269700e-14 1 
    0.542484 2.154293e-02 2.196100e-14 1 
    0.542759 2.146560e-02 2.186000e-14 1 
    0.543034 2.092314e-02 2.128600e-14 1 
    0.543309 2.100239e-02 2.134500e-14 1 
    0.543584 2.110934e-02 2.143200e-14 1 
    0.543859 2.174594e-02 2.205600e-14 1 
    0.544134 2.209165e-02 2.238400e-14 1 
    0.544409 2.293496e-02 2.321500e-14 1 
    0.544684 2.322911e-02 2.348900e-14 1 
    0.544959 2.284175e-02 2.307400e-14 1 
    0.545234 2.322947e-02 2.344200e-14 1 
    0.545509 2.249308e-02 2.267600e-14 1 
    0.545784 2.220895e-02 2.236700e-14 1 
    0.546059 2.125132e-02 2.138100e-14 1 
    0.546334 2.217016e-02 2.228300e-14 1 
    0.546609 2.345334e-02 2.354900e-14 1 
    0.546884 2.361552e-02 2.368800e-14 1 
    0.547159 2.342771e-02 2.347600e-14 1 
    0.547434 2.278098e-02 2.280500e-14 1 
    0.547709 2.226190e-02 2.226300e-14 1 
    0.547984 2.187987e-02 2.185900e-14 1 
    0.548259 2.257816e-02 2.253400e-14 1 
    0.548534 2.281946e-02 2.275200e-14 1 
    0.548809 2.265260e-02 2.256300e-14 1 
    0.549084 2.284314e-02 2.273000e-14 1 
    0.549359 2.179264e-02 2.166300e-14 1 
    0.549634 2.273787e-02 2.258000e-14 1 
    0.549909 2.280297e-02 2.262200e-14 1 
    0.550184 2.252812e-02 2.232700e-14 1 
    0.550459 2.291223e-02 2.268500e-14 1 
    0.550734 2.282190e-02 2.257300e-14 1 
    0.551009 2.278600e-02 2.251500e-14 1 
    0.551284 2.295868e-02 2.266300e-14 1 
    0.551559 2.263783e-02 2.232400e-14 1 
    0.551834 2.298421e-02 2.264300e-14 1 
    0.552109 2.309044e-02 2.272500e-14 1 
    0.552384 2.340841e-02 2.301500e-14 1 
    0.552659 2.379010e-02 2.336700e-14 1 
    0.552934 2.328893e-02 2.285200e-14 1 
    0.553209 2.324273e-02 2.278400e-14 1 
    0.553484 2.427678e-02 2.377400e-14 1 
    0.553759 2.396769e-02 2.344800e-14 1 
    0.554034 2.326913e-02 2.274200e-14 1 
    0.554309 2.430722e-02 2.373300e-14 1 
    0.554584 2.393458e-02 2.334600e-14 1 
    0.554859 2.221476e-02 2.164700e-14 1 
    0.555134 2.272473e-02 2.212200e-14 1 
    0.555409 2.209019e-02 2.148300e-14 1 
    0.555684 2.194636e-02 2.132200e-14 1 
    0.555959 2.265221e-02 2.198600e-14 1 
    0.556234 2.291904e-02 2.222300e-14 1 
    0.556509 2.288906e-02 2.217200e-14 1 
    0.556784 2.449583e-02 2.370500e-14 1 
    0.557059 2.332843e-02 2.255300e-14 1 
    0.557334 2.473373e-02 2.388800e-14 1 
    0.557609 2.414872e-02 2.330000e-14 1 
    0.557884 2.347642e-02 2.262900e-14 1 
    0.558159 2.468551e-02 2.377100e-14 1 
    0.558434 2.462252e-02 2.368700e-14 1 
    0.558709 2.250851e-02 2.163200e-14 1 
    0.558984 2.475124e-02 2.376400e-14 1 
    0.559259 2.408021e-02 2.309700e-14 1 
    0.559534 2.384822e-02 2.285200e-14 1 
    0.559809 2.224101e-02 2.129100e-14 1 
    0.560084 2.356679e-02 2.253800e-14 1 
    0.560359 2.420957e-02 2.313000e-14 1 
    0.560634 2.472366e-02 2.359800e-14 1 
    0.560909 2.427285e-02 2.314500e-14 1 
    0.561184 2.349464e-02 2.238100e-14 1 
    0.561459 2.400734e-02 2.284700e-14 1 
    0.561734 2.334508e-02 2.219500e-14 1 
    0.562009 2.311947e-02 2.195900e-14 1 
    0.562284 2.243811e-02 2.129100e-14 1 
    0.562559 2.480407e-02 2.351300e-14 1 
    0.562834 2.363089e-02 2.237900e-14 1 
    0.563109 2.360114e-02 2.232900e-14 1 
    0.563384 2.424207e-02 2.291300e-14 1 
    0.563659 2.407723e-02 2.273500e-14 1 
    0.563934 2.395656e-02 2.259900e-14 1 
    0.564209 2.328279e-02 2.194200e-14 1 
    0.564484 2.349880e-02 2.212400e-14 1 
    0.564759 2.365460e-02 2.224900e-14 1 
    0.565034 2.434277e-02 2.287400e-14 1 
    0.565309 2.461893e-02 2.311100e-14 1 
    0.565584 2.484335e-02 2.329900e-14 1 
    0.565859 2.499026e-02 2.341400e-14 1 
    0.566134 2.542481e-02 2.379800e-14 1 
    0.566409 2.514366e-02 2.351200e-14 1 
    0.566684 2.459754e-02 2.297900e-14 1 
    0.566959 2.550860e-02 2.380700e-14 1 
    0.567234 2.528882e-02 2.357900e-14 1 
    0.567509 2.534556e-02 2.360900e-14 1 
    0.567784 2.547114e-02 2.370300e-14 1 
    0.568059 2.505480e-02 2.329300e-14 1 
    0.568334 2.537623e-02 2.356900e-14 1 
    0.568609 2.439421e-02 2.263500e-14 1 
    0.568884 2.424089e-02 2.247100e-14 1 
    0.569159 2.395983e-02 2.218900e-14 1 
    0.569434 2.460448e-02 2.276400e-14 1 
    0.569709 2.384495e-02 2.204000e-14 1 
    0.569984 2.419719e-02 2.234400e-14 1 
    0.570259 2.436797e-02 2.248000e-14 1 
    0.570534 2.571413e-02 2.369900e-14 1 
    0.570809 2.474625e-02 2.278500e-14 1 
    0.571084 2.497556e-02 2.297400e-14 1 
    0.571359 2.324658e-02 2.136300e-14 1 
    0.571634 2.474268e-02 2.271600e-14 1 
    0.571909 2.502270e-02 2.295100e-14 1 
    0.572184 2.453385e-02 2.248100e-14 1 
    0.572459 2.497800e-02 2.286600e-14 1 
    0.572734 2.494296e-02 2.281200e-14 1 
    0.573009 2.306255e-02 2.107200e-14 1 
    0.573284 2.367956e-02 2.161500e-14 1 
    0.573559 2.309588e-02 2.106200e-14 1 
    0.573834 2.310815e-02 2.105300e-14 1 
    0.574109 2.571548e-02 2.340600e-14 1 
    0.574384 2.452273e-02 2.229900e-14 1 
    0.574659 2.468491e-02 2.242500e-14 1 
    0.574934 2.552390e-02 2.316500e-14 1 
    0.575209 2.511489e-02 2.277200e-14 1 
    0.575484 2.513449e-02 2.276800e-14 1 
    0.575759 2.552317e-02 2.309800e-14 1 
    0.576034 2.425126e-02 2.192600e-14 1 
    0.576309 2.527968e-02 2.283400e-14 1 
    0.576584 2.543236e-02 2.295000e-14 1 
    0.576859 2.505508e-02 2.258800e-14 1 
    0.577134 2.533434e-02 2.281800e-14 1 
    0.577409 2.440052e-02 2.195600e-14 1 
    0.577684 2.438261e-02 2.191900e-14 1 
    0.577959 2.510619e-02 2.254800e-14 1 
    0.578234 2.541986e-02 2.280800e-14 1 
    0.578509 2.563816e-02 2.298200e-14 1 
    0.578784 2.507630e-02 2.245700e-14 1 
    0.579059 2.578417e-02 2.306900e-14 1 
    0.579334 2.542941e-02 2.273000e-14 1 
    0.579609 2.620943e-02 2.340500e-14 1 
    0.579884 2.463480e-02 2.197800e-14 1 
    0.580159 2.471315e-02 2.202700e-14 1 
    0.580434 2.566419e-02 2.285300e-14 1 
    0.580709 2.679349e-02 2.383600e-14 1 
    0.580984 2.542594e-02 2.259800e-14 1 
    0.581259 2.476078e-02 2.198600e-14 1 
    0.581534 2.444491e-02 2.168500e-14 1 
    0.581809 2.469257e-02 2.188400e-14 1 
    0.582084 2.442340e-02 2.162500e-14 1 
    0.582359 2.589462e-02 2.290600e-14 1 
    0.582634 2.655388e-02 2.346700e-14 1 
    0.582909 2.699009e-02 2.383000e-14 1 
    0.583184 2.566422e-02 2.263800e-14 1 
    0.583459 2.641920e-02 2.328200e-14 1 
    0.583734 2.632712e-02 2.317900e-14 1 
    0.584009 2.564820e-02 2.256000e-14 1 
    0.584284 2.686949e-02 2.361200e-14 1 
    0.584559 2.745861e-02 2.410700e-14 1 
    0.584834 2.755514e-02 2.416900e-14 1 
    0.585109 2.736766e-02 2.398200e-14 1 
    0.585384 2.647046e-02 2.317400e-14 1 
    0.585659 2.737912e-02 2.394700e-14 1 
    0.585934 2.786374e-02 2.434800e-14 1 
    0.586209 2.686356e-02 2.345200e-14 1 
    0.586484 2.703094e-02 2.357600e-14 1 
    0.586759 2.594655e-02 2.260900e-14 1 
    0.587034 2.494739e-02 2.171800e-14 1 
    0.587309 2.638843e-02 2.295100e-14 1 
    0.587584 2.589297e-02 2.249900e-14 1 
    0.587859 2.653925e-02 2.303900e-14 1 
    0.588134 2.528541e-02 2.193000e-14 1 
    0.588409 2.661433e-02 2.306100e-14 1 
    0.588684 2.540318e-02 2.199100e-14 1 
    0.588959 2.537720e-02 2.194800e-14 1 
    0.589234 2.720518e-02 2.350700e-14 1 
    0.589509 2.331749e-02 2.012900e-14 1 
    0.589784 2.358390e-02 2.034000e-14 1 
    0.590059 2.598158e-02 2.238700e-14 1 
    0.590334 2.589777e-02 2.229400e-14 1 
    0.590609 2.460685e-02 2.116300e-14 1 
    0.590884 2.459020e-02 2.112900e-14 1 
    0.591159 2.979805e-02 2.558000e-14 1 
    0.591434 2.939903e-02 2.521400e-14 1 
    0.591709 2.780766e-02 2.382700e-14 1 
    0.591984 2.739312e-02 2.345000e-14 1 
    0.592259 2.623648e-02 2.243900e-14 1 
    0.592534 2.498637e-02 2.135000e-14 1 
    0.592809 2.604275e-02 2.223200e-14 1 
    0.593084 2.607630e-02 2.224000e-14 1 
    0.593359 2.584112e-02 2.201900e-14 1 
    0.593634 2.637841e-02 2.245600e-14 1 
    0.593909 2.609716e-02 2.219600e-14 1 
    0.594184 2.547995e-02 2.165100e-14 1 
    0.594459 2.572146e-02 2.183600e-14 1 
    0.594734 2.715184e-02 2.302900e-14 1 
    0.595009 2.569001e-02 2.176900e-14 1 
    0.595284 2.575865e-02 2.180700e-14 1 
    0.595559 2.529180e-02 2.139200e-14 1 
    0.595834 2.588082e-02 2.187000e-14 1 
    0.596109 2.623164e-02 2.214600e-14 1 
    0.596384 2.641708e-02 2.228200e-14 1 
    0.596659 2.594423e-02 2.186300e-14 1 
    0.596934 2.667250e-02 2.245600e-14 1 
    0.597209 2.614545e-02 2.199200e-14 1 
    0.597484 2.665980e-02 2.240400e-14 1 
    0.597759 2.778845e-02 2.333100e-14 1 
    0.598034 2.669936e-02 2.239600e-14 1 
    0.598309 2.503668e-02 2.098200e-14 1 
    0.598584 2.553027e-02 2.137600e-14 1 
    0.598859 2.669179e-02 2.232800e-14 1 
    0.599134 2.649615e-02 2.214400e-14 1 
    0.599409 2.588812e-02 2.161600e-14 1 
    0.599684 2.655920e-02 2.215600e-14 1 
    0.599959 2.697231e-02 2.248000e-14 1 
    0.600234 2.661755e-02 2.216400e-14 1 
    0.600509 2.671046e-02 2.222100e-14 1 
    0.600784 2.607681e-02 2.167400e-14 1 
    0.601059 2.658841e-02 2.207900e-14 1 
    0.601334 2.613061e-02 2.167900e-14 1 
    0.601609 2.571657e-02 2.131600e-14 1 
    0.601884 2.690296e-02 2.227900e-14 1 
    0.602159 2.689491e-02 2.225200e-14 1 
    0.602434 2.682754e-02 2.217600e-14 1 
    0.602709 2.630715e-02 2.172600e-14 1 
    0.602984 2.725226e-02 2.248600e-14 1 
    0.603259 2.745302e-02 2.263100e-14 1 
    0.603534 2.674590e-02 2.202800e-14 1 
    0.603809 2.621368e-02 2.157000e-14 1 
    0.604084 2.633366e-02 2.164900e-14 1 
    0.604359 2.681664e-02 2.202600e-14 1 
    0.604634 2.657661e-02 2.180900e-14 1 
    0.604909 2.607265e-02 2.137600e-14 1 
    0.605184 2.638082e-02 2.160900e-14 1 
    0.605459 2.683003e-02 2.195700e-14 1 
    0.605734 2.714672e-02 2.219600e-14 1 
    0.606009 2.777488e-02 2.268900e-14 1 
    0.606284 2.757955e-02 2.250900e-14 1 
    0.606559 2.749788e-02 2.242200e-14 1 
    0.606834 2.772658e-02 2.258800e-14 1 
    0.607109 2.691872e-02 2.191000e-14 1 
    0.607384 2.799329e-02 2.276400e-14 1 
    0.607659 2.745370e-02 2.230500e-14 1 
    0.607934 2.715701e-02 2.204400e-14 1 
    0.608209 2.704595e-02 2.193400e-14 1 
    0.608484 2.697538e-02 2.185700e-14 1 
    0.608759 2.730118e-02 2.210100e-14 1 
    0.609034 2.682758e-02 2.169800e-14 1 
    0.609309 2.761784e-02 2.231700e-14 1 
    0.609584 2.664815e-02 2.151400e-14 1 
    0.609859 2.777930e-02 2.240700e-14 1 
    0.610134 2.895465e-02 2.333400e-14 1 
    0.610409 2.770150e-02 2.230400e-14 1 
    0.610684 2.663253e-02 2.142400e-14 1 
    0.610959 2.618495e-02 2.104500e-14 1 
    0.611234 2.661202e-02 2.136900e-14 1 
    0.611509 2.757083e-02 2.211900e-14 1 
    0.611784 2.707788e-02 2.170400e-14 1 
    0.612059 2.806625e-02 2.247600e-14 1 
    0.612334 2.748405e-02 2.199000e-14 1 
    0.612609 2.804165e-02 2.241600e-14 1 
    0.612884 2.696625e-02 2.153700e-14 1 
    0.613159 2.754938e-02 2.198300e-14 1 
    0.613434 2.757661e-02 2.198500e-14 1 
    0.613709 2.712301e-02 2.160400e-14 1 
    0.613984 2.823176e-02 2.246700e-14 1 
    0.614259 2.777409e-02 2.208300e-14 1 
    0.614534 2.577349e-02 2.047400e-14 1 
    0.614809 2.766509e-02 2.195700e-14 1 
    0.615084 2.737205e-02 2.170500e-14 1 
    0.615359 2.789006e-02 2.209600e-14 1 
    0.615634 2.715825e-02 2.149700e-14 1 
    0.615909 2.811191e-02 2.223200e-14 1 
    0.616184 2.929379e-02 2.314600e-14 1 
    0.616459 2.751990e-02 2.172500e-14 1 
    0.616734 2.467654e-02 1.946300e-14 1 
    0.617009 2.607796e-02 2.055000e-14 1 
    0.617284 2.791877e-02 2.198100e-14 1 
    0.617559 2.845088e-02 2.238000e-14 1 
    0.617834 2.705496e-02 2.126300e-14 1 
    0.618109 2.611881e-02 2.050900e-14 1 
    0.618384 2.715031e-02 2.130000e-14 1 
    0.618659 2.650467e-02 2.077500e-14 1 
    0.618934 2.670063e-02 2.091000e-14 1 
    0.619209 2.548335e-02 1.993900e-14 1 
    0.619484 2.527446e-02 1.975800e-14 1 
    0.619759 2.494481e-02 1.948300e-14 1 
    0.620034 2.671745e-02 2.084900e-14 1 
    0.620309 2.684376e-02 2.092900e-14 1 
    0.620584 2.691635e-02 2.096700e-14 1 
    0.620859 2.638642e-02 2.053600e-14 1 
    0.621134 2.814980e-02 2.188900e-14 1 
    0.621409 2.764184e-02 2.147500e-14 1 
    0.621684 2.708142e-02 2.102100e-14 1 
    0.621959 2.752832e-02 2.134900e-14 1 
    0.622234 2.636534e-02 2.042900e-14 1 
    0.622509 2.510338e-02 1.943400e-14 1 
    0.622784 2.734671e-02 2.115200e-14 1 
    0.623059 2.810457e-02 2.171900e-14 1 
    0.623334 2.900879e-02 2.239800e-14 1 
    0.623609 2.850161e-02 2.198700e-14 1 
    0.623884 2.641453e-02 2.035900e-14 1 
    0.624159 2.590670e-02 1.995000e-14 1 
    0.624434 2.795191e-02 2.150600e-14 1 
    0.624709 2.675501e-02 2.056700e-14 1 
    0.624984 2.749599e-02 2.111800e-14 1 
    0.625259 2.976814e-02 2.284300e-14 1 
    0.625534 2.970564e-02 2.277500e-14 1 
    0.625809 2.809864e-02 2.152400e-14 1 
    0.626084 2.783719e-02 2.130500e-14 1 
    0.626359 2.625181e-02 2.007400e-14 1 
    0.626634 2.645680e-02 2.021300e-14 1 
    0.626909 2.648003e-02 2.021300e-14 1 
    0.627184 2.697923e-02 2.057600e-14 1 
    0.627459 2.700552e-02 2.057800e-14 1 
    0.627734 2.847142e-02 2.167600e-14 1 
    0.628009 2.700293e-02 2.054000e-14 1 
    0.628284 2.634763e-02 2.002400e-14 1 
    0.628559 2.613233e-02 1.984300e-14 1 
    0.628834 2.808491e-02 2.130700e-14 1 
    0.629109 2.837201e-02 2.150600e-14 1 
    0.629384 2.714507e-02 2.055800e-14 1 
    0.629659 2.765381e-02 2.092500e-14 1 
    0.629934 2.843192e-02 2.149500e-14 1 
    0.630209 2.729704e-02 2.061900e-14 1 
    0.630484 2.645959e-02 1.996900e-14 1 
    0.630759 2.852634e-02 2.151000e-14 1 
    0.631034 2.749465e-02 2.071400e-14 1 
    0.631309 2.687695e-02 2.023100e-14 1 
    0.631584 2.707057e-02 2.035900e-14 1 
    0.631859 2.852345e-02 2.143300e-14 1 
    0.632134 2.813537e-02 2.112300e-14 1 
    0.632409 2.885975e-02 2.164800e-14 1 
    0.632684 2.939589e-02 2.203100e-14 1 
    0.632959 2.921579e-02 2.187700e-14 1 
    0.633234 3.010865e-02 2.252600e-14 1 
    0.633509 2.885054e-02 2.156600e-14 1 
    0.633784 2.773347e-02 2.071300e-14 1 
    0.634059 2.740510e-02 2.045000e-14 1 
    0.634334 2.800562e-02 2.088000e-14 1 
    0.634609 2.752918e-02 2.050700e-14 1 
    0.634884 2.689200e-02 2.001500e-14 1 
    0.635159 2.821299e-02 2.098000e-14 1 
    0.635434 2.975697e-02 2.210900e-14 1 
    0.635709 2.755735e-02 2.045700e-14 1 
    0.635984 2.885664e-02 2.140300e-14 1 
    0.636259 2.890454e-02 2.142000e-14 1 
    0.636534 2.672808e-02 1.979000e-14 1 
    0.636809 2.779473e-02 2.056200e-14 1 
    0.637084 2.811097e-02 2.077800e-14 1 
    0.637359 2.887323e-02 2.132300e-14 1 
    0.637634 2.946464e-02 2.174100e-14 1 
    0.637909 2.754766e-02 2.030900e-14 1 
    0.638184 2.815518e-02 2.073900e-14 1 
    0.638459 2.859795e-02 2.104700e-14 1 
    0.638734 2.699475e-02 1.985000e-14 1 
    0.639009 2.787958e-02 2.048300e-14 1 
    0.639284 2.756301e-02 2.023300e-14 1 
    0.639559 2.748992e-02 2.016200e-14 1 
    0.639834 2.864758e-02 2.099300e-14 1 
    0.640109 2.904234e-02 2.126400e-14 1 
    0.640384 2.852734e-02 2.086900e-14 1 
    0.640659 2.763656e-02 2.020000e-14 1 
    0.640934 2.941165e-02 2.147900e-14 1 
    0.641209 2.616141e-02 1.908900e-14 1 
    0.641484 2.810557e-02 2.049000e-14 1 
    0.641759 2.960960e-02 2.156800e-14 1 
    0.642034 2.923926e-02 2.128000e-14 1 
    0.642309 2.724277e-02 1.981000e-14 1 
    0.642584 2.871543e-02 2.086300e-14 1 
    0.642859 2.822343e-02 2.048800e-14 1 
    0.643134 2.855779e-02 2.071300e-14 1 
    0.643409 2.918801e-02 2.115200e-14 1 
    0.643684 2.854727e-02 2.067000e-14 1 
    0.643959 2.890065e-02 2.090800e-14 1 
    0.644234 2.947181e-02 2.130300e-14 1 
    0.644509 2.848896e-02 2.057500e-14 1 
    0.644784 2.812524e-02 2.029500e-14 1 
    0.645059 2.860834e-02 2.062600e-14 1 
    0.645334 3.086355e-02 2.223300e-14 1 
    0.645609 2.902116e-02 2.088800e-14 1 
    0.645884 2.920580e-02 2.100300e-14 1 
    0.646159 2.886187e-02 2.073800e-14 1 
    0.646434 3.023897e-02 2.170900e-14 1 
    0.646709 2.960389e-02 2.123500e-14 1 
    0.646984 2.870678e-02 2.057400e-14 1 
    0.647259 2.978274e-02 2.132700e-14 1 
    0.647534 2.899322e-02 2.074400e-14 1 
    0.647809 3.012294e-02 2.153400e-14 1 
    0.648084 2.855807e-02 2.039800e-14 1 
    0.648359 2.916803e-02 2.081600e-14 1 
    0.648634 2.956442e-02 2.108100e-14 1 
    0.648909 2.872066e-02 2.046200e-14 1 
    0.649184 2.864807e-02 2.039300e-14 1 
    0.649459 3.010365e-02 2.141100e-14 1 
    0.649734 3.001517e-02 2.133000e-14 1 
    0.650009 2.926738e-02 2.078100e-14 1 
    0.650284 2.950077e-02 2.092900e-14 1 
    0.650559 2.971336e-02 2.106200e-14 1 
    0.650834 2.791565e-02 1.977100e-14 1 
    0.651109 2.838580e-02 2.008700e-14 1 
    0.651384 2.928950e-02 2.070900e-14 1 
    0.651659 2.945579e-02 2.080900e-14 1 
    0.651934 2.987168e-02 2.108500e-14 1 
    0.652209 2.935524e-02 2.070300e-14 1 
    0.652484 2.886202e-02 2.033800e-14 1 
    0.652759 2.827988e-02 1.991100e-14 1 
    0.653034 2.729870e-02 1.920400e-14 1 
    0.653309 2.790216e-02 1.961200e-14 1 
    0.653584 2.923281e-02 2.053000e-14 1 
    0.653859 3.025356e-02 2.122900e-14 1 
    0.654134 2.997521e-02 2.101600e-14 1 
    0.654409 3.008892e-02 2.107800e-14 1 
    0.654684 3.030852e-02 2.121400e-14 1 
    0.654959 2.995363e-02 2.094800e-14 1 
    0.655234 3.021636e-02 2.111400e-14 1 
    0.655509 3.028470e-02 2.114400e-14 1 
    0.655784 3.041619e-02 2.121800e-14 1 
    0.656059 2.933124e-02 2.044400e-14 1 
    0.656334 2.983112e-02 2.077500e-14 1 
    0.656609 3.054450e-02 2.125400e-14 1 
    0.656884 2.972436e-02 2.066600e-14 1 
    0.657159 3.122189e-02 2.168900e-14 1 
    0.657434 3.480231e-02 2.415600e-14 1 
    0.657709 4.313122e-02 2.991200e-14 1 
    0.657984 4.590494e-02 3.180900e-14 1 
    0.658259 4.472284e-02 3.096400e-14 1 
    0.658534 4.572151e-02 3.162900e-14 1 
    0.658809 5.628058e-02 3.890100e-14 1 
    0.659084 9.719224e-02 6.712300e-14 1 
    0.659359 1.552797e-01 1.071500e-13 1 
    0.659634 1.652574e-01 1.139400e-13 1 
    0.659909 1.131217e-01 7.792900e-14 1 
    0.660184 5.653318e-02 3.891300e-14 1 
    0.660459 3.526435e-02 2.425300e-14 1 
    0.660734 3.322148e-02 2.282900e-14 1 
    0.661009 4.283981e-02 2.941400e-14 1 
    0.661284 6.476945e-02 4.443400e-14 1 
    0.661559 8.186144e-02 5.611300e-14 1 
    0.661834 7.244921e-02 4.962000e-14 1 
    0.662109 4.937421e-02 3.378800e-14 1 
    0.662384 3.432215e-02 2.346800e-14 1 
    0.662659 3.131635e-02 2.139500e-14 1 
    0.662934 3.167343e-02 2.162100e-14 1 
    0.663209 3.087280e-02 2.105700e-14 1 
    0.663484 2.980229e-02 2.031000e-14 1 
    0.663759 2.982259e-02 2.030700e-14 1 
    0.664034 2.952983e-02 2.009100e-14 1 
    0.664309 2.874964e-02 1.954400e-14 1 
    0.664584 2.945362e-02 2.000600e-14 1 
    0.664859 3.111207e-02 2.111500e-14 1 
    0.665134 3.021614e-02 2.049000e-14 1 
    0.665409 3.156058e-02 2.138400e-14 1 
    0.665684 3.007263e-02 2.035900e-14 1 
    0.665959 3.022314e-02 2.044400e-14 1 
    0.666234 3.126456e-02 2.113100e-14 1 
    0.666509 3.094536e-02 2.089800e-14 1 
    0.666784 3.044479e-02 2.054300e-14 1 
    0.667059 3.027708e-02 2.041300e-14 1 
    0.667334 3.038815e-02 2.047100e-14 1 
    0.667609 3.048749e-02 2.052100e-14 1 
    0.667884 2.993718e-02 2.013400e-14 1 
    0.668159 2.870438e-02 1.928900e-14 1 
    0.668434 2.864907e-02 1.923600e-14 1 
    0.668709 2.988896e-02 2.005200e-14 1 
    0.668984 2.853512e-02 1.912800e-14 1 
    0.669259 2.856008e-02 1.912900e-14 1 
    0.669534 2.996425e-02 2.005300e-14 1 
    0.669809 2.934730e-02 1.962400e-14 1 
    0.670084 3.043257e-02 2.033300e-14 1 
    0.670359 3.139377e-02 2.095800e-14 1 
    0.670634 3.083785e-02 2.057000e-14 1 
    0.670909 3.100869e-02 2.066700e-14 1 
    0.671184 3.061666e-02 2.038900e-14 1 
    0.671459 3.035621e-02 2.019900e-14 1 
    0.671734 3.104739e-02 2.064200e-14 1 
    0.672009 3.060617e-02 2.033200e-14 1 
    0.672284 3.021692e-02 2.005700e-14 1 
    0.672559 3.022205e-02 2.004400e-14 1 
    0.672834 3.005965e-02 1.992000e-14 1 
    0.673109 3.069588e-02 2.032500e-14 1 
    0.673384 3.186365e-02 2.108100e-14 1 
    0.673659 3.118929e-02 2.061800e-14 1 
    0.673934 3.165078e-02 2.090600e-14 1 
    0.674209 3.322514e-02 2.192800e-14 1 
    0.674484 3.904046e-02 2.574500e-14 1 
    0.674759 5.019679e-02 3.307500e-14 1 
    0.675034 5.342893e-02 3.517600e-14 1 
    0.675309 4.670025e-02 3.072100e-14 1 
    0.675584 3.869628e-02 2.543500e-14 1 
    0.675859 3.703768e-02 2.432500e-14 1 
    0.676134 4.240133e-02 2.782500e-14 1 
    0.676409 4.655664e-02 3.052700e-14 1 
    0.676684 4.562833e-02 2.989400e-14 1 
    0.676959 3.715987e-02 2.432600e-14 1 
    0.677234 3.118333e-02 2.039700e-14 1 
    0.677509 3.090112e-02 2.019600e-14 1 
    0.677784 2.926322e-02 1.911000e-14 1 
    0.678059 2.939884e-02 1.918300e-14 1 
    0.678334 2.812357e-02 1.833600e-14 1 
    0.678609 2.995772e-02 1.951600e-14 1 
    0.678884 3.152904e-02 2.052300e-14 1 
    0.679159 3.200969e-02 2.081900e-14 1 
    0.679434 2.891346e-02 1.879000e-14 1 
    0.679709 2.998870e-02 1.947300e-14 1 
    0.679984 3.008695e-02 1.952100e-14 1 
    0.680259 2.875080e-02 1.863900e-14 1 
    0.680534 2.924490e-02 1.894400e-14 1 
    0.680809 3.075328e-02 1.990500e-14 1 
    0.681084 3.112759e-02 2.013100e-14 1 
    0.681359 3.077823e-02 1.988900e-14 1 
    0.681634 3.105553e-02 2.005200e-14 1 
    0.681909 3.031954e-02 1.956100e-14 1 
    0.682184 2.970023e-02 1.914600e-14 1 
    0.682459 3.023340e-02 1.947400e-14 1 
    0.682734 3.319903e-02 2.136700e-14 1 
    0.683912 3.100620e-02 1.988700e-14 0 
    0.685488 3.099576e-02 1.978900e-14 0 
    0.687068 3.141890e-02 1.996700e-14 0 
    0.688652 3.155287e-02 1.996000e-14 0 
    0.690240 3.047254e-02 1.918800e-14 0 
    0.691831 3.095780e-02 1.940400e-14 0 
    0.693426 3.130747e-02 1.953300e-14 0 
    0.695024 3.144227e-02 1.952700e-14 0 
    0.696626 3.143209e-02 1.943100e-14 0 
    0.698233 3.200630e-02 1.969500e-14 0 
    0.699842 3.207072e-02 1.964400e-14 0 
    0.701455 3.243193e-02 1.977400e-14 0 
    0.703072 3.212358e-02 1.949600e-14 0 
    0.704693 3.152864e-02 1.904700e-14 0 
    0.706318 3.247576e-02 1.952900e-14 0 
    0.707946 3.202087e-02 1.916700e-14 0 
    0.709578 3.193706e-02 1.902900e-14 0 
    0.711214 3.207439e-02 1.902300e-14 0 
    0.712853 3.147878e-02 1.858400e-14 0 
    0.714496 3.161385e-02 1.857800e-14 0 
    0.716143 3.145888e-02 1.840200e-14 0 
    0.717794 3.166592e-02 1.843800e-14 0 
    0.719449 3.187596e-02 1.847500e-14 0 
    0.721108 3.149967e-02 1.817300e-14 0 
    0.722770 2.965993e-02 1.703300e-14 0 
    0.724436 3.076247e-02 1.758500e-14 0 
    0.726106 3.257578e-02 1.853600e-14 0 
    0.727780 3.182396e-02 1.802500e-14 0 
    0.729457 3.159477e-02 1.781300e-14 0 
    0.731139 3.353322e-02 1.881900e-14 0 
    0.732825 3.290935e-02 1.838400e-14 0 
    0.734514 3.282384e-02 1.825200e-14 0 
    0.736207 3.365463e-02 1.862800e-14 0 
    0.737904 3.442707e-02 1.896800e-14 0 
    0.739605 3.402072e-02 1.865800e-14 0 
    0.741310 3.472180e-02 1.895500e-14 0 
    0.743019 3.368591e-02 1.830500e-14 0 
    0.744732 3.550714e-02 1.920600e-14 0 
    0.746449 3.452697e-02 1.859000e-14 0 
    0.748170 3.556518e-02 1.906100e-14 0 
    0.749894 3.588110e-02 1.914200e-14 0 
    0.751623 3.529539e-02 1.874300e-14 0 
    0.753356 3.561157e-02 1.882400e-14 0 
    0.755092 3.576258e-02 1.881700e-14 0 
    0.756833 3.583413e-02 1.876800e-14 0 
    0.758578 3.665556e-02 1.911000e-14 0 
    0.760326 3.589203e-02 1.862600e-14 0 
    0.762079 3.629391e-02 1.874800e-14 0 
    0.763836 3.561934e-02 1.831500e-14 0 
    0.765597 3.536176e-02 1.809900e-14 0 
    0.767361 3.625702e-02 1.847200e-14 0 
    0.769130 3.574605e-02 1.812800e-14 0 
    0.770904 3.365877e-02 1.699100e-14 0 
    0.772681 3.506989e-02 1.762200e-14 0 
    0.774462 3.402417e-02 1.701800e-14 0 
    0.776247 3.472349e-02 1.728800e-14 0 
    0.778037 3.535800e-02 1.752300e-14 0 
    0.779830 3.486031e-02 1.719700e-14 0 
    0.781628 3.476669e-02 1.707200e-14 0 
    0.783430 3.451596e-02 1.687100e-14 0 
    0.785236 3.547069e-02 1.725800e-14 0 
    0.787046 3.636741e-02 1.761300e-14 0 
    0.788860 3.626972e-02 1.748500e-14 0 
    0.790679 3.676227e-02 1.764100e-14 0 
    0.792501 3.616147e-02 1.727300e-14 0 
    0.794328 3.532517e-02 1.679600e-14 0 
    0.796159 3.506987e-02 1.659800e-14 0 
    0.797995 3.513841e-02 1.655400e-14 0 
    0.799834 3.577821e-02 1.677800e-14 0 
    0.801678 3.626258e-02 1.692700e-14 0 
    0.803526 3.599951e-02 1.672700e-14 0 
    0.805378 3.665429e-02 1.695300e-14 0 
    0.807235 3.580698e-02 1.648500e-14 0 
    0.809096 3.705242e-02 1.698000e-14 0 
    0.810961 3.755445e-02 1.713100e-14 0 
    0.812831 3.676984e-02 1.669600e-14 0 
    0.814704 3.658771e-02 1.653700e-14 0 
    0.816582 3.733892e-02 1.679900e-14 0 
    0.818465 3.749793e-02 1.679300e-14 0 
    0.820352 3.688589e-02 1.644300e-14 0 
    0.822243 3.834295e-02 1.701400e-14 0 
    0.824138 3.651850e-02 1.613000e-14 0 
    0.826038 3.770149e-02 1.657600e-14 0 
    0.827942 3.389966e-02 1.483600e-14 0 
    0.829851 3.935650e-02 1.714500e-14 0 
    0.831764 3.961426e-02 1.717800e-14 0 
    0.833681 3.712818e-02 1.602600e-14 0 
    0.835603 3.719950e-02 1.598300e-14 0 
    0.837529 3.735714e-02 1.597700e-14 0 
    0.839460 3.803698e-02 1.619300e-14 0 
    0.841395 3.775946e-02 1.600100e-14 0 
    0.843335 3.688592e-02 1.555900e-14 0 
    0.845279 3.887814e-02 1.632400e-14 0 
    0.847227 3.868429e-02 1.616800e-14 0 
    0.849180 3.796146e-02 1.579300e-14 0 
    0.851138 3.883218e-02 1.608100e-14 0 
    0.853100 3.819630e-02 1.574500e-14 0 
    0.855067 3.348375e-02 1.373900e-14 0 
    0.857038 3.842978e-02 1.569600e-14 0 
    0.859014 3.044350e-02 1.237700e-14 0 
    0.860994 3.893364e-02 1.575600e-14 0 
    0.862979 3.955027e-02 1.593200e-14 0 
    0.864968 3.706682e-02 1.486300e-14 0 
    0.866962 3.933745e-02 1.570100e-14 0 
    0.868960 3.977821e-02 1.580400e-14 0 
    0.870964 3.455071e-02 1.366400e-14 0 
    0.872971 3.795658e-02 1.494200e-14 0 
    0.874984 3.864734e-02 1.514400e-14 0 
    0.877001 3.998967e-02 1.559800e-14 0 
    0.879023 3.960508e-02 1.537700e-14 0 
    0.881049 3.931693e-02 1.519500e-14 0 
    0.883080 4.040300e-02 1.554300e-14 0 
    0.885116 4.104131e-02 1.571600e-14 0 
    0.887156 4.074273e-02 1.553000e-14 0 
    0.889201 3.952601e-02 1.499700e-14 0 
    0.891251 3.695745e-02 1.395800e-14 0 
    0.893305 3.868142e-02 1.454200e-14 0 
    0.895365 4.002514e-02 1.497800e-14 0 
    0.897429 3.991726e-02 1.486900e-14 0 
    0.899498 3.962686e-02 1.469300e-14 0 
    0.901571 3.817593e-02 1.409000e-14 0 
    0.903650 4.060869e-02 1.491900e-14 0 
    0.905733 3.823115e-02 1.398100e-14 0 
    0.907820 3.666312e-02 1.334600e-14 0 
    0.909913 4.295914e-02 1.556600e-14 0 
    0.912011 4.245047e-02 1.531100e-14 0 
    0.914113 3.695592e-02 1.326800e-14 0 
    0.916220 4.004220e-02 1.431000e-14 0 
    0.918333 3.884403e-02 1.381800e-14 0 
    0.920450 3.991574e-02 1.413400e-14 0 
    0.922571 3.854233e-02 1.358500e-14 0 
    0.924698 4.062136e-02 1.425200e-14 0 
    0.926830 3.904504e-02 1.363600e-14 0 
    0.928966 3.948124e-02 1.372500e-14 0 
    0.931108 4.029062e-02 1.394200e-14 0 
    0.933254 3.971882e-02 1.368100e-14 0 
    0.935406 3.756891e-02 1.288100e-14 0 
    0.937562 4.232786e-02 1.444600e-14 0 
    0.939723 4.240842e-02 1.440700e-14 0 
    0.941890 4.200096e-02 1.420300e-14 0 
    0.944061 4.256616e-02 1.432800e-14 0 
    0.946237 4.196275e-02 1.406000e-14 0 
    0.948418 4.311887e-02 1.438100e-14 0 
    0.950605 4.270649e-02 1.417800e-14 0 
    0.952796 4.347853e-02 1.436800e-14 0 
    0.954993 4.276422e-02 1.406700e-14 0 
    0.957194 4.274474e-02 1.399600e-14 0 
    0.959401 4.118095e-02 1.342200e-14 0 
    0.961612 4.290597e-02 1.392000e-14 0 
    0.963829 4.398656e-02 1.420500e-14 0 
    0.966051 4.366387e-02 1.403600e-14 0 
    0.968278 4.394667e-02 1.406200e-14 0 
    0.970510 4.372251e-02 1.392600e-14 0 
    0.972747 4.370352e-02 1.385600e-14 0 
    0.974990 4.378489e-02 1.381800e-14 0 
    0.977237 4.356356e-02 1.368500e-14 0 
    0.979490 4.354400e-02 1.361600e-14 0 
    0.981748 4.382531e-02 1.364100e-14 0 
    0.984011 4.350149e-02 1.347800e-14 0 
    0.986279 4.439290e-02 1.369100e-14 0 
    0.988553 4.416786e-02 1.355900e-14 0 
    0.990832 4.445356e-02 1.358400e-14 0 
    0.993116 4.422806e-02 1.345300e-14 0 
    0.995405 4.410519e-02 1.335400e-14 0 
    0.997700 4.449462e-02 1.341000e-14 0 
    1.000000 4.478000e-02 1.343400e-14 0 
    1.002305 4.486277e-02 1.339700e-14 0 
    1.004615 4.484104e-02 1.332900e-14 0 
    1.006931 4.451065e-02 1.317000e-14 0 
    1.011580 4.416196e-02 1.294700e-14 0 
    1.016249 4.535547e-02 1.317500e-14 0 
    1.023294 4.549783e-02 1.303500e-14 0 
    1.028017 4.587651e-02 1.302300e-14 0 
    1.032761 4.625469e-02 1.301000e-14 0 
    1.035142 4.612532e-02 1.291400e-14 0 
    1.054386 4.604785e-02 1.242600e-14 0 
    1.073990 4.547687e-02 1.182800e-14 0 
    1.096478 4.526925e-02 1.129600e-14 0 
    1.114294 4.495605e-02 1.086200e-14 0 
    1.135010 4.547514e-02 1.059000e-14 0 
    1.156113 4.664279e-02 1.046900e-14 0 
    1.174898 4.664322e-02 1.013700e-14 0 
    1.196741 4.664353e-02 9.770400e-15 0 
    1.216186 4.707509e-02 9.548000e-15 0 
    1.235947 4.761980e-02 9.352100e-15 0 
    1.256030 4.762020e-02 9.055500e-15 0 
    1.276439 4.795019e-02 8.829000e-15 0 
    1.297179 4.817157e-02 8.588400e-15 0 
    1.315225 4.850522e-02 8.412200e-15 0 
    1.336595 4.850549e-02 8.145400e-15 0 
    1.355189 4.872945e-02 7.960000e-15 0 
    1.377209 4.918028e-02 7.778800e-15 0 
    1.396368 4.872919e-02 7.497400e-15 0 
    1.415794 4.795033e-02 7.176500e-15 0 
    1.435490 4.839393e-02 7.045500e-15 0 
    1.455459 4.974971e-02 7.045500e-15 0 
    1.475707 4.940718e-02 6.806300e-15 0 
    1.496236 5.102570e-02 6.837700e-15 0 
    1.517051 5.245527e-02 6.837700e-15 0 
    1.538154 5.442400e-02 6.901000e-15 0 
    1.555965 5.505416e-02 6.822000e-15 0 
    1.577611 5.543596e-02 6.682100e-15 0 
    1.599558 5.480150e-02 6.425600e-15 0 
    1.618080 5.607798e-02 6.425600e-15 0 
    1.636817 5.698862e-02 6.381300e-15 0 
    1.659586 5.751649e-02 6.264900e-15 0 
    1.678804 5.818175e-02 6.193100e-15 0 
    1.698244 5.845068e-02 6.080100e-15 0 
    1.717909 5.845071e-02 5.941700e-15 0 
    1.737800 5.738406e-02 5.700500e-15 0 
    1.757923 5.698913e-02 5.532400e-15 0 
    1.778279 5.594909e-02 5.307800e-15 0 
    1.798871 5.505408e-02 5.104000e-15 0 
    1.819702 5.367752e-02 4.863100e-15 0 
    1.840771 5.343002e-02 4.730500e-15 0 
    1.857805 5.257578e-02 4.569900e-15 0 
    1.879318 5.137997e-02 4.364300e-15 0 
    1.901077 5.114304e-02 4.245300e-15 0 
    1.918669 5.114295e-02 4.167800e-15 0 
    1.940886 5.055742e-02 4.026300e-15 0 
    1.958844 4.940739e-02 3.862900e-15 0 
    1.981527 4.895366e-02 3.740300e-15 0 
    1.999862 4.839332e-02 3.630000e-15 0 
    2.018366 4.828269e-02 3.555600e-15 0 
    2.041738 4.773016e-02 3.434900e-15 0 
    2.060630 4.784048e-02 3.380000e-15 0 
    2.079696 4.740061e-02 3.287800e-15 0 
    2.098940 4.707476e-02 3.205600e-15 0 
    2.118362 4.707492e-02 3.147100e-15 0 
    2.137962 4.675097e-02 3.068400e-15 0 
    2.162719 4.675015e-02 2.998500e-15 0 
    2.182731 4.600422e-02 2.896800e-15 0 
    2.202926 4.600371e-02 2.843900e-15 0 
    2.218197 4.537264e-02 2.766400e-15 0 
    2.238721 4.485292e-02 2.684800e-15 0 
    2.259436 4.454327e-02 2.617600e-15 0 
    2.280341 4.413549e-02 2.546300e-15 0 
    2.301442 4.053162e-02 2.295700e-15 0 
    2.322738 4.090574e-02 2.274600e-15 0 
    2.338837 3.654248e-02 2.004100e-15 0 
    2.360479 3.505815e-02 1.887600e-15 0 
    2.382319 3.612420e-02 1.909500e-15 0 
    2.404363 3.386873e-02 1.757600e-15 0 
    2.421028 3.324964e-02 1.701800e-15 0 
    2.443431 3.347976e-02 1.682300e-15 0 
    2.460366 3.167947e-02 1.570000e-15 0 
    2.483133 3.175259e-02 1.544900e-15 0 
    2.500344 2.759301e-02 1.324100e-15 0 
    2.523480 2.778337e-02 1.308900e-15 0 
    2.540974 2.830121e-02 1.315000e-15 0 
    2.564484 2.856208e-02 1.302900e-15 0 
    2.582261 2.929506e-02 1.318000e-15 0 
    2.600159 2.909409e-02 1.291000e-15 0 
    2.624220 2.949730e-02 1.285000e-15 0 
    2.642408 2.909300e-02 1.250000e-15 0 
    2.660726 2.922638e-02 1.238500e-15 0 
    2.685344 2.915917e-02 1.213100e-15 0 
    2.703959 2.909204e-02 1.193700e-15 0 
    2.722701 2.909395e-02 1.177400e-15 0 
    2.741575 2.889240e-02 1.153200e-15 0 
    2.760578 2.876086e-02 1.132200e-15 0 
    2.786122 2.862801e-02 1.106400e-15 0 
    2.805433 2.869305e-02 1.093700e-15 0 
    2.824881 2.849641e-02 1.071300e-15 0 
    2.844461 2.843162e-02 1.054200e-15 0 
    2.864177 2.823375e-02 1.032500e-15 0 
    2.884032 2.797500e-02 1.009000e-15 0 
    2.904021 2.797619e-02 9.952000e-16 0 
    2.924153 2.784782e-02 9.770400e-16 0 
    2.944421 2.765607e-02 9.570000e-16 0 
    2.964832 2.752895e-02 9.395300e-16 0 
    2.985382 2.740239e-02 9.223800e-16 0 
    3.006077 2.721372e-02 9.034600e-16 0 
    3.026913 2.715127e-02 8.890201e-16 0 
    3.047896 2.696420e-02 8.707800e-16 0 
    3.061964 2.690241e-02 8.608200e-16 0 
    3.083187 2.690241e-02 8.490100e-16 0 
    3.104560 2.684040e-02 8.354300e-16 0 
    3.126079 2.677857e-02 8.220700e-16 0 
    3.147749 2.677857e-02 8.107900e-16 0 
    3.162278 2.665567e-02 7.996700e-16 0 
    3.184196 2.659420e-02 7.868800e-16 0 
    3.206270 2.671713e-02 7.796700e-16 0 
    3.228493 2.677885e-02 7.707500e-16 0 
    3.243397 2.696425e-02 7.689700e-16 0 
    3.265878 2.759248e-02 7.760900e-16 0 
    3.288518 2.936240e-02 8.145400e-16 0 
    3.303696 3.418138e-02 9.395300e-16 0 
    3.326594 3.426031e-02 9.287800e-16 0 
    3.349655 2.909320e-02 7.778800e-16 0 
    3.365115 2.702661e-02 7.160000e-16 0 
    3.388443 2.622959e-02 6.853500e-16 0 
    3.404082 2.563254e-02 6.636100e-16 0 
    3.427677 2.533900e-02 6.470100e-16 0 
    3.443501 2.510670e-02 6.352000e-16 0 
    3.467368 2.493375e-02 6.221700e-16 0 
    3.483372 2.464836e-02 6.094100e-16 0 
    3.507520 2.453527e-02 5.982900e-16 0 
    3.523708 2.431030e-02 5.873700e-16 0 
    3.548136 2.414286e-02 5.753200e-16 0 
    3.564512 2.392153e-02 5.648200e-16 0 
    3.589218 2.381156e-02 5.545100e-16 0 
    3.605788 2.359333e-02 5.443900e-16 0 
    3.630780 2.353923e-02 5.356900e-16 0 
    3.647538 2.332329e-02 5.259100e-16 0 
    3.664377 2.310945e-02 5.163100e-16 0 
    3.689775 2.300341e-02 5.068900e-16 0 
    3.706805 2.273991e-02 4.964900e-16 0 
    3.723918 2.253156e-02 4.874300e-16 0 
    3.749729 2.247987e-02 4.796400e-16 0 
    3.767040 2.217138e-02 4.687200e-16 0 
    3.784427 2.212016e-02 4.633500e-16 0 
    3.810657 2.201835e-02 4.548900e-16 0 
    3.828249 2.181665e-02 4.465900e-16 0 
    3.845918 2.166647e-02 4.394500e-16 0 
    3.872575 2.161694e-02 4.324300e-16 0 
    3.890453 2.141842e-02 4.245300e-16 0 
    3.908409 2.122197e-02 4.167800e-16 0 
    3.926448 2.107606e-02 4.101200e-16 0 
    3.944575 2.093087e-02 4.035600e-16 0 
    3.971915 2.083498e-02 3.962000e-16 0 
    3.990248 2.069127e-02 3.898600e-16 0 
    4.008669 2.045478e-02 3.818700e-16 0 
    4.027171 2.031372e-02 3.757600e-16 0 
    4.045758 2.022013e-02 3.706000e-16 0 
    4.073804 2.012748e-02 3.638400e-16 0 
    4.092607 2.003511e-02 3.588500e-16 0 
    4.111496 1.989704e-02 3.531100e-16 0 
    4.130477 1.980593e-02 3.482700e-16 0 
    4.149541 1.966948e-02 3.427000e-16 0 
    4.168693 1.953403e-02 3.372200e-16 0 
    4.187938 1.939969e-02 3.318300e-16 0 
    4.207267 1.931013e-02 3.272700e-16 0 
    4.226686 1.917735e-02 3.220400e-16 0 
    4.246193 1.913300e-02 3.183500e-16 0 
    4.265796 1.900132e-02 3.132600e-16 0 
    4.295363 1.900180e-02 3.089700e-16 0 
    4.315193 1.852654e-02 2.984800e-16 0 
    4.335110 1.806275e-02 2.883400e-16 0 
    4.355118 1.818814e-02 2.876800e-16 0 
    4.375219 1.773301e-02 2.779100e-16 0 
    4.395418 1.753005e-02 2.722100e-16 0 
    4.415704 1.744981e-02 2.684800e-16 0 
    4.436085 1.709174e-02 2.605600e-16 0 
    4.456564 1.705262e-02 2.575800e-16 0 
    4.466837 1.689656e-02 2.540500e-16 0 
    4.487454 1.662598e-02 2.476900e-16 0 
    4.508165 1.674119e-02 2.471200e-16 0 
    4.528977 1.662605e-02 2.431700e-16 0 
    4.549880 1.647349e-02 2.387300e-16 0 
    4.570880 1.651169e-02 2.370900e-16 0 
    4.591982 1.651198e-02 2.349200e-16 0 
    4.613176 1.624764e-02 2.290400e-16 0 
    4.634468 1.639796e-02 2.290400e-16 0 
    4.655863 1.632283e-02 2.259000e-16 0 
    4.677352 1.628497e-02 2.233100e-16 0 
    4.688134 1.628541e-02 2.222900e-16 0 
    4.709772 1.624754e-02 2.197400e-16 0 
    4.731515 1.621060e-02 2.172300e-16 0 
    4.753353 1.632292e-02 2.167300e-16 0 
    4.775292 1.621019e-02 2.132600e-16 0 
    4.797337 1.624743e-02 2.117900e-16 0 
    4.808395 1.617290e-02 2.098500e-16 0 
    4.830588 1.609853e-02 2.069700e-16 0 
    4.852884 1.624748e-02 2.069700e-16 0 
    4.875287 1.617283e-02 2.041300e-16 0 
    4.897789 1.613615e-02 2.018000e-16 0 
    4.909079 1.609897e-02 2.004100e-16 0 
    4.931736 1.609875e-02 1.985700e-16 0 
    4.954504 1.613563e-02 1.972000e-16 0 
    4.977371 1.609829e-02 1.949400e-16 0 
    4.988845 1.613609e-02 1.945000e-16 0 
    5.011870 1.612881e-02 1.926300e-16 0 
    5.035008 1.622568e-02 1.920100e-16 0 
    5.058246 1.632292e-02 1.913900e-16 0 
    5.069906 1.624061e-02 1.895500e-16 0 
    5.093306 1.637617e-02 1.893800e-16 0 
    5.105052 1.644397e-02 1.892900e-16 0 
    5.116820 1.647449e-02 1.887700e-16 0 
    5.128614 1.654263e-02 1.886800e-16 0 
    5.140436 1.653531e-02 1.877300e-16 0 
    5.152285 1.660455e-02 1.876500e-16 0 
    5.164162 1.663497e-02 1.871300e-16 0 
    5.176071 1.670374e-02 1.870400e-16 0 
    5.188002 1.677365e-02 1.869600e-16 0 
    5.199961 1.688262e-02 1.873100e-16 0 
    5.211947 1.691345e-02 1.867900e-16 0 
    5.223961 1.694513e-02 1.862800e-16 0 
    5.236003 1.701512e-02 1.861900e-16 0 
    5.248072 1.704682e-02 1.856800e-16 0 
    5.260175 1.707850e-02 1.851700e-16 0 
    5.272300 1.718976e-02 1.855200e-16 0 
    5.284453 1.726072e-02 1.854300e-16 0 
    5.296634 1.737311e-02 1.857800e-16 0 
    5.308843 1.744578e-02 1.857000e-16 0 
    5.321080 1.743758e-02 1.847600e-16 0 
    5.333352 1.751052e-02 1.846800e-16 0 
    5.345646 1.758372e-02 1.846000e-16 0 
    5.357968 1.769741e-02 1.849400e-16 0 
    5.370318 1.777140e-02 1.848600e-16 0 
    5.382697 1.788723e-02 1.852100e-16 0 
    5.395105 1.796106e-02 1.851200e-16 0 
    5.407541 1.807807e-02 1.854700e-16 0 
    5.420011 1.815371e-02 1.853900e-16 0 
    5.432505 1.827193e-02 1.857400e-16 0 
    5.445027 1.834836e-02 1.856600e-16 0 
    5.457579 1.842411e-02 1.855700e-16 0 
    5.470159 1.854406e-02 1.859200e-16 0 
    5.482768 1.866472e-02 1.862700e-16 0 
    5.495406 1.878609e-02 1.866200e-16 0 
    5.508079 1.886475e-02 1.865400e-16 0 
    5.520776 1.898738e-02 1.868900e-16 0 
    5.533502 1.911074e-02 1.872400e-16 0 
    5.546257 1.927892e-02 1.880200e-16 0 
    5.559041 1.949357e-02 1.892400e-16 0 
    5.571855 1.957527e-02 1.891600e-16 0 
    5.584705 1.970309e-02 1.895200e-16 0 
    5.597578 1.987654e-02 1.903100e-16 0 
    5.610481 2.005221e-02 1.911100e-16 0 
    5.623413 2.018271e-02 1.914700e-16 0 
    5.636376 2.040718e-02 1.927100e-16 0 
    5.649368 2.058753e-02 1.935200e-16 0 
    5.662390 2.072210e-02 1.938900e-16 0 
    5.675448 2.100138e-02 1.956000e-16 0 
    5.688531 2.123531e-02 1.968700e-16 0 
    5.701643 2.142326e-02 1.977000e-16 0 
    5.714786 2.166257e-02 1.989900e-16 0 
    5.727959 2.190363e-02 2.002800e-16 0 
    5.741162 2.219919e-02 2.020500e-16 0 
    5.754402 2.255005e-02 2.043000e-16 0 
    5.767667 2.280272e-02 2.056400e-16 0 
    5.780962 2.310960e-02 2.074500e-16 0 
    5.794287 2.347589e-02 2.097700e-16 0 
    5.807643 2.384733e-02 2.121100e-16 0 
    5.821030 2.428043e-02 2.149700e-16 0 
    5.834448 2.472155e-02 2.178700e-16 0 
    5.847904 2.511272e-02 2.203000e-16 0 
    5.861383 2.556988e-02 2.232800e-16 0 
    5.874894 2.609402e-02 2.268100e-16 0 
    5.888436 2.669180e-02 2.309400e-16 0 
    5.902009 2.730150e-02 2.351300e-16 0 
    5.915614 2.799092e-02 2.399600e-16 0 
    5.955481 2.390290e-02 2.021800e-16 3 
    5.986466 4.266845e-02 3.571800e-16 3 
    6.017451 3.247891e-02 2.690900e-16 3 
    6.048437 3.767866e-02 3.089800e-16 3 
    6.079422 5.989266e-02 4.861500e-16 3 
    6.110407 3.427668e-02 2.754100e-16 3 
    6.141393 5.232187e-02 4.161700e-16 3 
    6.172378 6.511880e-02 5.127700e-16 3 
    6.203363 1.152874e-01 8.987700e-16 3 
    6.234349 1.466456e-01 1.131900e-15 3 
    6.265334 1.482770e-01 1.133200e-15 3 
    6.296319 1.269231e-01 9.604800e-16 3 
    6.327305 9.234825e-02 6.920100e-16 3 
    6.358290 8.941562e-02 6.635200e-16 3 
    6.389276 9.573775e-02 7.035600e-16 3 
    6.420261 7.227197e-02 5.260000e-16 3 
    6.451246 5.596311e-02 4.034000e-16 3 
    6.482232 5.680453e-02 4.055600e-16 3 
    6.513217 4.956304e-02 3.505000e-16 3 
    6.544202 6.008141e-02 4.208700e-16 3 
    6.575188 5.607910e-02 3.891400e-16 3 
    6.606173 4.361824e-02 2.998400e-16 3 
    6.637158 5.492827e-02 3.740700e-16 3 
    6.668145 5.713941e-02 3.855200e-16 3 
    6.699129 4.227090e-02 2.825700e-16 3 
    6.730114 4.463918e-02 2.956600e-16 3 
    6.761100 6.496961e-02 4.263800e-16 3 
    6.792085 5.669213e-02 3.686700e-16 3 
    6.823071 6.243707e-02 4.023500e-16 3 
    6.854056 4.890575e-02 3.123100e-16 3 
    6.885041 4.987036e-02 3.156100e-16 3 
    6.916027 5.055624e-02 3.170900e-16 3 
    6.947012 5.539394e-02 3.443400e-16 3 
    6.977998 8.275444e-02 5.098600e-16 3 
    7.008983 8.571640e-02 5.234500e-16 3 
    7.039968 8.479252e-02 5.132600e-16 3 
    7.070954 4.966840e-02 2.980200e-16 3 
    7.101939 4.620751e-02 2.748400e-16 3 
    7.132924 7.764754e-02 4.578400e-16 3 
    7.163910 7.943901e-02 4.643600e-16 3 
    7.194895 7.036278e-02 4.077700e-16 3 
    7.225881 8.608243e-02 4.946000e-16 3 
    7.256866 9.950328e-02 5.668400e-16 3 
    7.287851 9.392816e-02 5.305400e-16 3 
    7.318838 8.867572e-02 4.966400e-16 3 
    7.349822 8.568814e-02 4.758700e-16 3 
    7.380807 8.633950e-02 4.754700e-16 3 
    7.411793 1.136708e-01 6.207600e-16 3 
    7.442778 1.249341e-01 6.766000e-16 3 
    7.473763 1.694296e-01 9.099800e-16 3 
    7.504748 1.884133e-01 1.003600e-15 3 
    7.533706 1.650959e-01 8.726500e-16 3 
    7.535734 1.748651e-01 9.237900e-16 3 
    7.566720 2.116536e-01 1.109000e-15 3 
    7.595799 1.978786e-01 1.028900e-15 3 
    7.597705 2.012682e-01 1.046000e-15 3 
    7.657894 2.109401e-01 1.079100e-15 3 
    7.719988 2.114545e-01 1.064400e-15 3 
    7.782082 1.841048e-01 9.120000e-16 3 
    7.844176 1.872822e-01 9.131100e-16 3 
    7.906271 1.784156e-01 8.562700e-16 3 
    7.968365 1.575688e-01 7.444800e-16 3 
    8.030459 1.422977e-01 6.619700e-16 3 
    8.092554 1.048377e-01 4.802500e-16 3 
    8.154648 9.440982e-02 4.259200e-16 3 
    8.216741 9.356204e-02 4.157400e-16 3 
    8.278836 9.384377e-02 4.107600e-16 3 
    8.340930 1.006787e-01 4.341400e-16 3 
    8.403025 1.134904e-01 4.821800e-16 3 
    8.465119 1.045780e-01 4.378200e-16 3 
    8.527213 1.051847e-01 4.339700e-16 3 
    8.589307 1.224095e-01 4.977600e-16 3 
    8.651402 1.143559e-01 4.583600e-16 3 
    8.713495 1.118274e-01 4.418600e-16 3 
    8.775590 9.422550e-02 3.670600e-16 3 
    8.837684 7.284041e-02 2.797800e-16 3 
    8.899778 6.613705e-02 2.505000e-16 3 
    8.961872 5.406816e-02 2.019600e-16 3 
    9.023966 5.413868e-02 1.994500e-16 3 
    9.086060 5.109696e-02 1.856800e-16 3 
    9.148155 4.367157e-02 1.565500e-16 3 
    9.210249 4.726089e-02 1.671400e-16 3 
    9.272344 4.943641e-02 1.725000e-16 3 
    9.334438 4.926138e-02 1.696100e-16 3 
    9.396532 3.332246e-02 1.132200e-16 3 
    9.458626 3.307543e-02 1.109100e-16 3 
    9.520720 3.867785e-02 1.280100e-16 3 
    9.582815 5.272286e-02 1.722400e-16 3 
    9.644909 4.622686e-02 1.490800e-16 3 
    9.707002 5.371504e-02 1.710200e-16 3 
    9.769098 3.878490e-02 1.219200e-16 3 
    9.831192 4.340334e-02 1.347200e-16 3 
    9.893286 4.382284e-02 1.343200e-16 3 
    9.955380 3.666394e-02 1.109800e-16 3 
   10.017470 3.246380e-02 9.705200e-17 3 
   10.079570 4.024287e-02 1.188300e-16 3 
   10.141659 4.565313e-02 1.331600e-16 3 
   10.203760 3.387542e-02 9.760800e-17 3 
   10.265850 3.539269e-02 1.007500e-16 3 
   10.327949 3.411942e-02 9.596100e-17 3 
   10.390041 3.760721e-02 1.045100e-16 3 
   10.452130 4.596022e-02 1.262100e-16 3 
   10.514230 4.837994e-02 1.312900e-16 3 
   10.576320 5.547065e-02 1.487700e-16 3 
   10.638420 6.060951e-02 1.606600e-16 3 
   10.700510 6.114349e-02 1.602000e-16 3 
   10.762600 5.471977e-02 1.417200e-16 3 
   10.824700 5.851286e-02 1.498100e-16 3 
   10.886791 7.286350e-02 1.844300e-16 3 
   10.948890 7.185099e-02 1.798100e-16 3 
   11.010980 9.002598e-02 2.227600e-16 3 
   11.073080 1.111324e-01 2.719100e-16 3 
   11.135170 1.054469e-01 2.551300e-16 3 
   11.197260 1.680951e-01 4.022100e-16 3 
   11.259360 2.507531e-01 5.933900e-16 3 
   11.321450 2.716802e-01 6.358800e-16 3 
   11.383550 2.181351e-01 5.050000e-16 3 
   11.445640 1.782117e-01 4.081100e-16 3 
   11.507740 1.470261e-01 3.330700e-16 3 
   11.569830 1.187481e-01 2.661300e-16 3 
   11.631920 1.114795e-01 2.471800e-16 3 
   11.694020 1.153214e-01 2.529900e-16 3 
   11.756110 1.072572e-01 2.328200e-16 3 
   11.818209 9.812288e-02 2.107600e-16 3 
   11.880299 1.059267e-01 2.251500e-16 3 
   11.942400 1.142774e-01 2.403800e-16 3 
   12.004490 1.179042e-01 2.454500e-16 3 
   12.066580 1.225778e-01 2.525600e-16 3 
   12.128680 1.299868e-01 2.650900e-16 3 
   12.190770 1.242272e-01 2.507700e-16 3 
   12.252870 1.125246e-01 2.248500e-16 3 
   12.314959 1.180457e-01 2.335100e-16 3 
   12.377051 1.352220e-01 2.648100e-16 3 
   12.439150 1.210214e-01 2.346400e-16 3 
   12.501240 1.367771e-01 2.625600e-16 3 
   12.563340 1.387339e-01 2.636900e-16 3 
   12.625430 1.472604e-01 2.771500e-16 3 
   12.687530 1.578344e-01 2.941500e-16 3 
   12.749620 1.791495e-01 3.306300e-16 3 
   12.811710 2.230990e-01 4.077600e-16 3 
   12.873810 3.289287e-01 5.954000e-16 3 
   12.935900 2.287504e-01 4.101000e-16 3 
   12.998000 1.153633e-01 2.048500e-16 3 
   13.060090 1.172925e-01 2.063000e-16 3 
   13.122180 1.085668e-01 1.891500e-16 3 
   13.184280 1.075051e-01 1.855400e-16 3 
   13.246370 1.083271e-01 1.852100e-16 3 
   13.308470 9.648656e-02 1.634300e-16 3 
   13.370559 9.235355e-02 1.549800e-16 3 
   13.432659 1.032096e-01 1.716000e-16 3 
   13.494750 1.028305e-01 1.694000e-16 3 
   13.556841 9.583315e-02 1.564300e-16 3 
   13.618941 1.053934e-01 1.704700e-16 3 
   13.681030 1.163577e-01 1.865000e-16 3 
   13.743130 1.118132e-01 1.776000e-16 3 
   13.805220 1.118411e-01 1.760500e-16 3 
   13.867320 1.071766e-01 1.672000e-16 3 
   13.929409 1.140564e-01 1.763500e-16 3 
   13.991500 1.099530e-01 1.685000e-16 3 
   14.053600 1.203982e-01 1.828800e-16 3 
   14.115691 1.152943e-01 1.735900e-16 3 
   14.177789 1.015233e-01 1.515200e-16 3 
   14.239880 9.971082e-02 1.475200e-16 3 
   14.301980 1.077961e-01 1.581000e-16 3 
   14.364070 1.087891e-01 1.581800e-16 3 
   14.426159 1.003526e-01 1.446600e-16 3 
   14.488261 1.046120e-01 1.495100e-16 3 
   14.541691 1.022906e-01 1.451200e-16 3 
   14.633380 1.013505e-01 1.419900e-16 3 
   14.725080 9.984928e-02 1.381500e-16 3 
   14.816770 9.929644e-02 1.356900e-16 3 
   14.908459 9.594316e-02 1.295000e-16 3 
   15.000150 1.115422e-01 1.487200e-16 3 
   15.091850 9.961635e-02 1.312100e-16 3 
   15.183541 1.066631e-01 1.388000e-16 3 
   15.275230 1.041986e-01 1.339700e-16 3 
   15.366930 1.067600e-01 1.356300e-16 3 
   15.458620 1.040630e-01 1.306400e-16 3 
   15.550309 1.300707e-01 1.613700e-16 3 
   15.642000 1.458328e-01 1.788100e-16 3 
   15.733700 1.303760e-01 1.580000e-16 3 
   15.825391 1.231011e-01 1.474600e-16 3 
   15.917080 1.294383e-01 1.532700e-16 3 
   16.008780 1.160270e-01 1.358200e-16 3 
   16.100470 1.372943e-01 1.588900e-16 3 
   16.192159 1.480390e-01 1.693900e-16 3 
   16.283859 1.374434e-01 1.555000e-16 3 
   16.375550 1.604125e-01 1.794600e-16 3 
   16.467239 1.924222e-01 2.128800e-16 3 
   16.558930 2.091309e-01 2.288100e-16 3 
   16.650631 1.856792e-01 2.009200e-16 3 
   16.742319 1.869169e-01 2.000500e-16 3 
   16.834009 2.014576e-01 2.132700e-16 3 
   16.925700 2.032475e-01 2.128400e-16 3 
   17.017400 2.097514e-01 2.172900e-16 3 
   17.109091 2.398751e-01 2.458400e-16 3 
   17.200781 2.370781e-01 2.403900e-16 3 
   17.292481 2.227872e-01 2.235100e-16 3 
   17.384170 2.191219e-01 2.175200e-16 3 
   17.475861 2.250535e-01 2.210700e-16 3 
   17.567561 2.091924e-01 2.033500e-16 3 
   17.659250 2.064961e-01 1.986500e-16 3 
   17.750941 2.019975e-01 1.923200e-16 3 
   17.842630 2.287413e-01 2.155500e-16 3 
   17.934330 2.145447e-01 2.001100e-16 3 
   18.026020 2.116317e-01 1.953900e-16 3 
   18.117709 2.124990e-01 1.942100e-16 3 
   18.209409 1.997232e-01 1.807000e-16 3 
   18.301100 2.063282e-01 1.848100e-16 3 
   18.392789 2.199930e-01 1.950900e-16 3 
   18.484489 2.220327e-01 1.949500e-16 3 
   18.576180 2.209857e-01 1.921200e-16 3 
   18.667870 2.461729e-01 2.119200e-16 3 
   18.759559 4.285460e-01 3.653200e-16 3 
   18.851259 4.856131e-01 4.099500e-16 3 
   18.942950 2.824034e-01 2.361000e-16 3 
   19.034639 2.442865e-01 2.022700e-16 3 
   19.126341 2.458412e-01 2.016100e-16 3 
   19.218031 2.382442e-01 1.935200e-16 3 
   19.309719 2.445872e-01 1.967900e-16 3 
   19.401409 2.399016e-01 1.912000e-16 3 
   19.493111 2.463926e-01 1.945300e-16 3 
   19.584800 2.547379e-01 1.992400e-16 3 
   19.676491 2.551800e-01 1.977300e-16 3 
   19.768191 2.365269e-01 1.815800e-16 3 
   19.859880 2.559095e-01 1.946500e-16 3 
   19.951570 2.824405e-01 2.128600e-16 3 
   20.043261 2.786817e-01 2.081100e-16 3 
   20.134961 2.714940e-01 2.009000e-16 3 
   20.226650 2.766179e-01 2.028400e-16 3 
   20.318341 2.760765e-01 2.006200e-16 3 
   20.410041 3.013049e-01 2.169900e-16 3 
   20.520050 2.789465e-01 1.987400e-16 3 
   20.696581 3.117092e-01 2.183100e-16 3 
   20.873220 3.202622e-01 2.205200e-16 3 
   21.049950 3.054586e-01 2.068100e-16 3 
   21.226789 3.338773e-01 2.223000e-16 3 
   21.403730 3.174616e-01 2.078900e-16 3 
   21.580780 3.078786e-01 1.983200e-16 3 
   21.757919 3.459974e-01 2.192600e-16 3 
   21.935169 3.588108e-01 2.237200e-16 3 
   22.112520 3.536836e-01 2.170000e-16 3 
   22.289980 3.411326e-01 2.059800e-16 3 
   22.467541 3.644082e-01 2.165700e-16 3 
   22.645200 3.719375e-01 2.175900e-16 3 
   22.822969 3.780778e-01 2.177500e-16 3 
   23.000839 3.760935e-01 2.132700e-16 3 
   23.178809 3.988598e-01 2.227200e-16 3 
   23.356889 4.007023e-01 2.203500e-16 3 
   23.535070 4.173264e-01 2.260300e-16 3 
   23.713359 4.193433e-01 2.237200e-16 3 
   23.891759 4.040237e-01 2.123400e-16 3 
   24.070259 4.106434e-01 2.126300e-16 3 
   24.248859 4.219539e-01 2.152800e-16 3 
   24.427570 4.349789e-01 2.186900e-16 3 
   24.606380 4.491809e-01 2.225600e-16 3 
   24.785311 4.469322e-01 2.182600e-16 3 
   24.964331 4.524354e-01 2.177900e-16 3 
   25.143459 4.692983e-01 2.227000e-16 3 
   25.322700 4.532064e-01 2.120300e-16 3 
   25.502050 4.668028e-01 2.153300e-16 3 
   25.681500 4.768690e-01 2.169100e-16 3 
   25.861059 4.789014e-01 2.148200e-16 3 
   26.040730 5.271928e-01 2.332300e-16 3 
   26.220509 5.218469e-01 2.277100e-16 3 
   26.400391 5.127454e-01 2.207000e-16 3 
   26.580378 5.148386e-01 2.186100e-16 3 
   26.760481 5.269236e-01 2.207400e-16 3 
   26.940678 5.338502e-01 2.206600e-16 3 
   27.121000 5.416090e-01 2.209000e-16 3 
   27.301419 5.502054e-01 2.214500e-16 3 
   27.481950 5.513632e-01 2.190100e-16 3 
   27.662591 5.575640e-01 2.185900e-16 3 
   27.843341 5.642022e-01 2.183300e-16 3 
   28.024200 5.863990e-01 2.240000e-16 3 
   28.205169 5.997247e-01 2.261600e-16 3 
   28.386250 6.083633e-01 2.265000e-16 3 
   28.567441 6.082655e-01 2.236000e-16 3 
   28.748741 6.071121e-01 2.203700e-16 3 
   28.930150 6.165837e-01 2.210100e-16 3 
   29.111669 6.377921e-01 2.257700e-16 3 
   29.293300 6.435445e-01 2.249900e-16 3 
   29.475041 6.585338e-01 2.274000e-16 3 
   29.656891 6.491233e-01 2.214100e-16 3 
   29.838859 6.565793e-01 2.212300e-16 3 
   30.020941 6.631148e-01 2.207300e-16 3 
   30.203119 6.822556e-01 2.243700e-16 3 
   30.385419 6.916859e-01 2.247500e-16 3 
   30.567828 7.011366e-01 2.251100e-16 3 
   30.750359 7.183606e-01 2.279100e-16 3 
   30.932991 7.090576e-01 2.223100e-16 3 
   31.115741 7.454734e-01 2.309900e-16 3 
   31.298609 7.402533e-01 2.267000e-16 3 
   31.481581 7.566972e-01 2.290500e-16 3 
   31.664672 7.659589e-01 2.291800e-16 3 
   31.847878 7.701822e-01 2.278000e-16 3 
   32.031188 7.877262e-01 2.303300e-16 3 
   32.214619 8.317128e-01 2.404300e-16 3 
   32.398172 8.636451e-01 2.468400e-16 3 
   32.581828 8.444126e-01 2.386300e-16 3 
   32.765597 8.681360e-01 2.425900e-16 3 
   32.949491 8.653867e-01 2.391300e-16 3 
   33.133500 8.894243e-01 2.430500e-16 3 
   33.317619 9.485494e-01 2.563500e-16 3 
   33.501850 1.202474e+00 3.214100e-16 3 
   33.686200 1.572551e+00 4.157400e-16 3 
   33.870672 1.129441e+00 2.953500e-16 3 
   34.055259 1.003850e+00 2.596700e-16 3 
   34.239959 9.249256e-01 2.366800e-16 3 
   34.424772 9.268788e-01 2.346400e-16 3 
   34.609709 1.040916e+00 2.607000e-16 3 
   34.794763 1.186179e+00 2.939300e-16 3 
   34.979931 1.576113e+00 3.864300e-16 3 
