# NGC 0855  
# 
# An Atlas of Galaxy Spectral Energy Distributions from the Ultraviolet to the Mid-Infrared
# Brown et al. (2014)
# http://dx.doi.org/10.5072/03/529D3551F0117
# http://dx.doi.org/10.17909/t9-5bxk-dh29
# 
# The Spectral Energy Distributions of Active Galactic Nuclei
# Brown et al. (2019)
# http://dx.doi.org/10.17909/t9-3dbt-8734
# 
# Column 1: Observed wavelength (um)
# Column 2: f_nu (Jy)
# Column 3: f_lam (erg/s/cm2/A)
# Column 4: Source (0 = model, 1 = Optical Spectrun, 2 = Akari, 3 = Spitzer IRS)
# 
    0.010023 2.992686e-13 8.936900e-22 0 
    0.010209 3.944866e-13 1.135500e-21 0 
    0.010423 4.809083e-13 1.328000e-21 0 
    0.010617 6.026423e-13 1.603900e-21 0 
    0.010814 7.639080e-13 1.959700e-21 0 
    0.011015 1.207923e-12 2.986700e-21 0 
    0.011429 1.807504e-12 4.151300e-21 0 
    0.011830 2.535314e-12 5.434800e-21 0 
    0.012134 7.262069e-12 1.479700e-20 0 
    0.012531 1.021035e-11 1.950700e-20 0 
    0.012735 1.199647e-11 2.219100e-20 0 
    0.012823 1.300307e-11 2.372400e-20 0 
    0.013122 1.618327e-11 2.819600e-20 0 
    0.013213 1.853843e-11 3.185600e-20 0 
    0.013428 2.138370e-11 3.557800e-20 0 
    0.013740 2.805698e-11 4.458500e-20 0 
    0.014028 3.435994e-11 5.238200e-20 0 
    0.014322 5.663355e-11 8.283000e-20 0 
    0.014723 8.934401e-11 1.236500e-19 0 
    0.015136 1.145722e-10 1.500300e-19 0 
    0.015524 1.459062e-10 1.816300e-19 0 
    0.015922 1.840990e-10 2.178600e-19 0 
    0.016218 2.183007e-10 2.489900e-19 0 
    0.016634 2.729362e-10 2.959300e-19 0 
    0.017022 3.357992e-10 3.476800e-19 0 
    0.017338 3.927020e-10 3.919100e-19 0 
    0.017742 4.776030e-10 4.551800e-19 0 
    0.018030 5.508821e-10 5.083800e-19 0 
    0.018239 6.068293e-10 5.472500e-19 0 
    0.018621 7.278916e-10 6.297700e-19 0 
    0.019143 9.059120e-10 7.416300e-19 0 
    0.019454 1.032951e-09 8.188100e-19 0 
    0.019861 1.219182e-09 9.272300e-19 0 
    0.020230 1.425837e-09 1.045200e-18 0 
    0.020559 1.607142e-09 1.140700e-18 0 
    0.021038 1.892694e-09 1.282900e-18 0 
    0.021627 2.404741e-09 1.542400e-18 0 
    0.022029 2.767210e-09 1.710700e-18 0 
    0.022336 3.048426e-09 1.833100e-18 0 
    0.022751 3.499893e-09 2.028500e-18 0 
    0.023067 6.209272e-09 3.500900e-18 0 
    0.023442 1.056943e-08 5.770100e-18 0 
    0.024044 1.432451e-08 7.433400e-18 0 
    0.024660 1.574168e-08 7.765800e-18 0 
    0.025235 1.815808e-08 8.554300e-18 0 
    0.025763 1.702385e-08 7.694600e-18 0 
    0.026062 2.051540e-08 9.061200e-18 0 
    0.026424 2.264958e-08 9.731600e-18 0 
    0.026977 2.471953e-08 1.019000e-17 0 
    0.027479 2.679582e-08 1.064600e-17 0 
    0.027925 2.870985e-08 1.104500e-17 0 
    0.028445 3.105125e-08 1.151300e-17 0 
    0.029040 3.258875e-08 1.159300e-17 0 
    0.029648 3.614464e-08 1.233600e-17 0 
    0.030130 3.741718e-08 1.236500e-17 0 
    0.030832 4.159879e-08 1.312800e-17 0 
    0.031842 4.798175e-08 1.419700e-17 0 
    0.032885 5.383325e-08 1.493400e-17 0 
    0.033884 5.971017e-08 1.560200e-17 0 
    0.034834 6.547548e-08 1.618800e-17 0 
    0.035810 7.162814e-08 1.675700e-17 0 
    0.036644 7.763522e-08 1.734500e-17 0 
    0.037584 8.376463e-08 1.779000e-17 0 
    0.038548 8.831982e-08 1.783100e-17 0 
    0.039537 9.729197e-08 1.867200e-17 0 
    0.040551 1.049720e-07 1.915100e-17 0 
    0.041495 1.117012e-07 1.946200e-17 0 
    0.042267 1.172360e-07 1.968700e-17 0 
    0.043053 1.224833e-07 1.982400e-17 0 
    0.044157 1.315428e-07 2.023900e-17 0 
    0.045186 1.393375e-07 2.047300e-17 0 
    0.046132 1.462402e-07 2.061500e-17 0 
    0.047098 1.541960e-07 2.085400e-17 0 
    0.048084 1.625771e-07 2.109500e-17 0 
    0.049091 1.702452e-07 2.119300e-17 0 
    0.050119 1.803303e-07 2.153700e-17 0 
    0.050699 2.108918e-07 2.461400e-17 0 
    0.051286 3.334723e-07 3.803500e-17 0 
    0.052119 3.459866e-07 3.821100e-17 0 
    0.053088 3.631238e-07 3.865300e-17 0 
    0.054075 3.656399e-07 3.751300e-17 0 
    0.055081 4.305937e-07 4.257800e-17 0 
    0.056105 4.978095e-07 4.744400e-17 0 
    0.057148 5.496282e-07 5.048800e-17 0 
    0.058076 5.546943e-07 4.933800e-17 0 
    0.059156 6.324991e-07 5.422300e-17 0 
    0.060117 6.532161e-07 5.422300e-17 0 
    0.061094 7.312420e-07 5.877400e-17 0 
    0.062087 8.473612e-07 6.594600e-17 0 
    0.063096 9.121509e-07 6.873600e-17 0 
    0.064121 9.661895e-07 7.049900e-17 0 
    0.065163 1.066763e-06 7.536800e-17 0 
    0.065917 1.122167e-06 7.747900e-17 0 
    0.066681 1.210787e-06 8.169300e-17 0 
    0.067608 1.288429e-06 8.456400e-17 0 
    0.068707 1.312404e-06 8.340400e-17 0 
    0.069663 1.566996e-06 9.686900e-17 0 
    0.070632 1.549064e-06 9.315100e-17 0 
    0.071779 1.858064e-06 1.081900e-16 0 
    0.072778 1.972644e-06 1.117300e-16 0 
    0.073621 2.094489e-06 1.159300e-16 0 
    0.074645 2.301742e-06 1.239300e-16 0 
    0.075683 2.471978e-06 1.294700e-16 0 
    0.076736 2.642720e-06 1.346400e-16 0 
    0.077625 2.884474e-06 1.436100e-16 0 
    0.078705 3.155467e-06 1.528200e-16 0 
    0.079616 3.350218e-06 1.585600e-16 0 
    0.080724 3.565103e-06 1.641300e-16 0 
    0.081658 3.767659e-06 1.695100e-16 0 
    0.082604 4.121573e-06 1.812100e-16 0 
    0.083753 3.864324e-06 1.652700e-16 0 
    0.084723 4.592715e-06 1.919500e-16 0 
    0.085704 4.875972e-06 1.991500e-16 0 
    0.086696 5.273113e-06 2.104700e-16 0 
    0.087700 5.676172e-06 2.214000e-16 0 
    0.088716 6.138487e-06 2.339800e-16 0 
    0.089743 6.562509e-06 2.444500e-16 0 
    0.090782 6.855997e-06 2.495700e-16 0 
    0.091622 1.007071e-05 3.599000e-16 0 
    0.092683 5.848739e-05 2.042600e-15 0 
    0.093756 1.256206e-04 4.287300e-15 0 
    0.094624 2.512259e-04 8.417500e-15 0 
    0.095719 3.516119e-04 1.151300e-14 0 
    0.096605 4.416462e-04 1.419700e-14 0 
    0.097724 1.210778e-04 3.803500e-15 0 
    0.098628 5.105956e-04 1.574700e-14 0 
    0.099770 5.200661e-04 1.567400e-14 0 
    0.100693 6.354162e-04 1.880100e-14 0 
    0.101625 5.676416e-04 1.648900e-14 0 
    0.102802 2.307120e-04 6.549200e-15 0 
    0.103753 4.765168e-04 1.328000e-14 0 
    0.104713 8.036476e-04 2.198800e-14 0 
    0.105682 8.299822e-04 2.229400e-14 0 
    0.106660 7.465543e-04 1.968700e-14 0 
    0.107647 8.532153e-04 2.208900e-14 0 
    0.108643 7.674901e-04 1.950700e-14 0 
    0.109648 9.079531e-04 2.265600e-14 0 
    0.110662 8.996377e-04 2.203900e-14 0 
    0.111686 9.121231e-04 2.193700e-14 0 
    0.112720 8.670859e-04 2.047300e-14 0 
    0.113763 9.932569e-04 2.302400e-14 0 
    0.114815 9.420204e-04 2.143800e-14 0 
    0.115611 9.864037e-04 2.214000e-14 0 
    0.116681 1.032929e-03 2.276100e-14 0 
    0.117761 8.415354e-04 1.820500e-14 0 
    0.118850 1.014057e-03 2.153700e-14 0 
    0.119674 8.073713e-04 1.691200e-14 0 
    0.120781 6.412907e-04 1.318800e-14 0 
    0.121619 3.162748e-04 6.414800e-15 0 
    0.122744 7.113203e-04 1.416400e-14 0 
    0.123880 1.023442e-03 2.000700e-14 0 
    0.124738 1.143058e-03 2.203900e-14 0 
    0.125893 1.164324e-03 2.203900e-14 0 
    0.126765 1.079111e-03 2.014600e-14 0 
    0.127644 1.279597e-03 2.356100e-14 0 
    0.128825 1.349190e-03 2.438900e-14 0 
    0.129718 1.233289e-03 2.198800e-14 0 
    0.130617 1.230425e-03 2.163600e-14 0 
    0.131826 1.419269e-03 2.450100e-14 0 
    0.132739 1.406224e-03 2.394300e-14 0 
    0.133660 1.352261e-03 2.270800e-14 0 
    0.134896 1.496455e-03 2.467100e-14 0 
    0.135831 1.489597e-03 2.422100e-14 0 
    0.136773 1.429079e-03 2.291800e-14 0 
    0.137721 1.486133e-03 2.350600e-14 0 
    0.138676 1.524316e-03 2.377900e-14 0 
    0.139637 1.432424e-03 2.203900e-14 0 
    0.140929 1.493016e-03 2.255200e-14 0 
    0.141906 1.541914e-03 2.297100e-14 0 
    0.142889 1.563350e-03 2.297100e-14 0 
    0.143880 1.577865e-03 2.286600e-14 0 
    0.144544 1.648385e-03 2.366900e-14 0 
    0.144877 1.667464e-03 2.383300e-14 0 
    0.145881 1.671360e-03 2.356100e-14 0 
    0.146893 1.622057e-03 2.255200e-14 0 
    0.147911 1.633313e-03 2.239700e-14 0 
    0.148936 1.659800e-03 2.244800e-14 0 
    0.149624 1.686811e-03 2.260400e-14 0 
    0.150661 1.671308e-03 2.208900e-14 0 
    0.151356 1.588791e-03 2.080600e-14 0 
    0.152055 1.659837e-03 2.153700e-14 0 
    0.152757 1.640818e-03 2.109500e-14 0 
    0.153815 1.541940e-03 1.955200e-14 0 
    0.154882 1.652243e-03 2.066300e-14 0 
    0.155955 1.603466e-03 1.977800e-14 0 
    0.156675 1.618306e-03 1.977800e-14 0 
    0.157761 1.722120e-03 2.075800e-14 0 
    0.158855 1.786800e-03 2.124200e-14 0 
    0.159956 1.853785e-03 2.173600e-14 0 
    0.160694 1.807407e-03 2.099800e-14 0 
    0.161808 1.824175e-03 2.090200e-14 0 
    0.162930 1.786735e-03 2.019200e-14 0 
    0.163682 1.866674e-03 2.090200e-14 0 
    0.164816 1.910104e-03 2.109500e-14 0 
    0.165959 1.807423e-03 1.968700e-14 0 
    0.166725 1.972676e-03 2.129000e-14 0 
    0.167494 1.828388e-03 1.955200e-14 0 
    0.167880 1.995594e-03 2.124200e-14 0 
    0.168655 2.065640e-03 2.178600e-14 0 
    0.169824 2.000163e-03 2.080600e-14 0 
    0.171002 1.981806e-03 2.033200e-14 0 
    0.171791 1.972690e-03 2.005300e-14 0 
    0.172982 1.981785e-03 1.986900e-14 0 
    0.173780 2.084771e-03 2.071000e-14 0 
    0.174985 2.065710e-03 2.023900e-14 0 
    0.175792 2.172984e-03 2.109500e-14 0 
    0.177011 2.042069e-03 1.955200e-14 0 
    0.177828 2.143182e-03 2.033200e-14 0 
    0.178649 2.173017e-03 2.042600e-14 0 
    0.179887 2.291257e-03 2.124200e-14 0 
    0.180717 2.291221e-03 2.104700e-14 0 
    0.181970 2.244184e-03 2.033200e-14 0 
    0.182810 2.259715e-03 2.028500e-14 0 
    0.183654 2.233858e-03 1.986900e-14 0 
    0.184927 2.123582e-03 1.862900e-14 0 
    0.185780 2.168068e-03 1.884500e-14 0 
    0.187068 2.244193e-03 1.923900e-14 0 
    0.187932 2.339140e-03 1.986900e-14 0 
    0.188799 2.259778e-03 1.901900e-14 0 
    0.189671 2.233933e-03 1.862900e-14 0 
    0.190985 2.317760e-03 1.906300e-14 0 
    0.191867 2.312467e-03 1.884500e-14 0 
    0.192753 2.301797e-03 1.858600e-14 0 
    0.194089 2.317743e-03 1.845800e-14 0 
    0.194984 2.472106e-03 1.950700e-14 0 
    0.195884 2.393682e-03 1.871500e-14 0 
    0.197242 2.547201e-03 1.964200e-14 0 
    0.198153 2.594606e-03 1.982400e-14 0 
    0.198610 2.518097e-03 1.915100e-14 0 
    0.199986 2.494984e-03 1.871500e-14 0 
    0.200909 2.523853e-03 1.875800e-14 0 
    0.201837 2.518027e-03 1.854300e-14 0 
    0.202768 2.558989e-03 1.867200e-14 0 
    0.203704 2.564826e-03 1.854300e-14 0 
    0.205116 2.655060e-03 1.893200e-14 0 
    0.206063 2.588622e-03 1.828900e-14 0 
    0.207014 2.618571e-03 1.833100e-14 0 
    0.207970 2.767376e-03 1.919500e-14 0 
    0.208449 2.748275e-03 1.897500e-14 0 
    0.208930 2.786582e-03 1.915100e-14 0 
    0.209894 2.710587e-03 1.845800e-14 0 
    0.210863 2.735673e-03 1.845800e-14 0 
    0.211836 2.780125e-03 1.858600e-14 0 
    0.212814 2.825328e-03 1.871500e-14 0 
    0.213796 2.691939e-03 1.766800e-14 0 
    0.214783 2.805886e-03 1.824700e-14 0 
    0.215774 2.858066e-03 1.841600e-14 0 
    0.216770 2.792883e-03 1.783100e-14 0 
    0.217771 2.805774e-03 1.774900e-14 0 
    0.218776 2.844814e-03 1.783100e-14 0 
    0.219786 2.972100e-03 1.845800e-14 0 
    0.220801 2.917872e-03 1.795500e-14 0 
    0.221820 2.825300e-03 1.722600e-14 0 
    0.222844 2.812380e-03 1.699000e-14 0 
    0.223872 3.020318e-03 1.807900e-14 0 
    0.224905 2.924498e-03 1.734500e-14 0 
    0.225944 2.857988e-03 1.679500e-14 0 
    0.226986 2.884410e-03 1.679500e-14 0 
    0.228034 2.985812e-03 1.722600e-14 0 
    0.229087 3.090773e-03 1.766800e-14 0 
    0.230144 2.972113e-03 1.683400e-14 0 
    0.231207 3.040972e-03 1.706600e-14 0 
    0.231739 2.985348e-03 1.667700e-14 0 
    0.232809 2.611900e-03 1.445700e-14 0 
    0.233884 2.890075e-03 1.585000e-14 0 
    0.234963 2.747131e-03 1.492800e-14 0 
    0.236048 3.025709e-03 1.629100e-14 0 
    0.237137 2.817134e-03 1.502900e-14 0 
    0.238232 2.956341e-03 1.562700e-14 0 
    0.238781 2.714739e-03 1.428400e-14 0 
    0.239883 2.895223e-03 1.509400e-14 0 
    0.240991 2.848660e-03 1.471500e-14 0 
    0.242103 2.908029e-03 1.488400e-14 0 
    0.243220 3.130140e-03 1.587400e-14 0 
    0.243781 3.051688e-03 1.540500e-14 0 
    0.244906 3.217471e-03 1.609300e-14 0 
    0.246037 3.209725e-03 1.590700e-14 0 
    0.247172 3.201936e-03 1.572300e-14 0 
    0.247742 3.107472e-03 1.518900e-14 0 
    0.248886 3.143051e-03 1.522200e-14 0 
    0.250035 3.071277e-03 1.473800e-14 0 
    0.251189 3.390564e-03 1.612100e-14 0 
    0.251768 3.085051e-03 1.460100e-14 0 
    0.252348 3.063621e-03 1.443300e-14 0 
    0.252930 2.979890e-03 1.397400e-14 0 
    0.254097 3.056090e-03 1.420000e-14 0 
    0.255270 3.091105e-03 1.423100e-14 0 
    0.255859 3.342802e-03 1.531900e-14 0 
    0.257040 3.281455e-03 1.490000e-14 0 
    0.258226 3.475396e-03 1.563600e-14 0 
    0.258821 3.459276e-03 1.549200e-14 0 
    0.260016 3.443066e-03 1.527800e-14 0 
    0.261216 3.348915e-03 1.472400e-14 0 
    0.261818 3.302675e-03 1.445400e-14 0 
    0.263027 3.514276e-03 1.523900e-14 0 
    0.264241 3.696446e-03 1.588200e-14 0 
    0.264850 4.071480e-03 1.741300e-14 0 
    0.266072 4.262997e-03 1.806500e-14 0 
    0.267301 3.932598e-03 1.651200e-14 0 
    0.267917 4.098610e-03 1.713000e-14 0 
    0.269154 4.203435e-03 1.740700e-14 0 
    0.269774 3.949905e-03 1.628200e-14 0 
    0.271019 4.126004e-03 1.685200e-14 0 
    0.272270 3.894840e-03 1.576200e-14 0 
    0.272898 3.858959e-03 1.554500e-14 0 
    0.274157 4.096583e-03 1.635100e-14 0 
    0.274789 3.584160e-03 1.424000e-14 0 
    0.276058 3.752737e-03 1.477300e-14 0 
    0.277332 3.992812e-03 1.557400e-14 0 
    0.277971 4.161648e-03 1.615800e-14 0 
    0.279254 3.892381e-03 1.497400e-14 0 
    0.279898 3.028214e-03 1.159600e-14 0 
    0.281190 3.289748e-03 1.248200e-14 0 
    0.281838 4.247264e-03 1.604100e-14 0 
    0.283139 4.519320e-03 1.691200e-14 0 
    0.283792 4.436564e-03 1.652600e-14 0 
    0.285102 4.265740e-03 1.574400e-14 0 
    0.285759 3.999075e-03 1.469200e-14 0 
    0.287078 4.570119e-03 1.663600e-14 0 
    0.287740 4.708788e-03 1.706200e-14 0 
    0.289068 4.708066e-03 1.690300e-14 0 
    0.290402 4.795193e-03 1.705800e-14 0 
    0.291743 5.293522e-03 1.865800e-14 0 
    0.293765 5.148530e-03 1.789800e-14 0 
    0.295801 5.123897e-03 1.756800e-14 0 
    0.297852 5.266467e-03 1.780900e-14 0 
    0.299916 5.375688e-03 1.792900e-14 0 
    0.301301 5.475080e-03 1.809300e-14 0 
    0.303389 5.588658e-03 1.821500e-14 0 
    0.305492 5.731110e-03 1.842300e-14 0 
    0.307610 5.836403e-03 1.850400e-14 0 
    0.309742 5.916626e-03 1.850100e-14 0 
    0.311889 6.081293e-03 1.875500e-14 0 
    0.313329 6.010932e-03 1.836800e-14 0 
    0.315501 6.093229e-03 1.836400e-14 0 
    0.317687 6.306133e-03 1.874500e-14 0 
    0.319890 6.077014e-03 1.781600e-14 0 
    0.321366 6.377299e-03 1.852500e-14 0 
    0.323594 6.159572e-03 1.764700e-14 0 
    0.325837 6.799465e-03 1.921300e-14 0 
    0.327341 7.201337e-03 2.016200e-14 0 
    0.329610 7.249732e-03 2.001900e-14 0 
    0.331894 7.264999e-03 1.978600e-14 0 
    0.332660 7.034089e-03 1.906900e-14 0 
    0.333426 7.098760e-03 1.915600e-14 0 
    0.334195 7.570842e-03 2.033600e-14 0 
    0.334966 7.065000e-03 1.889000e-14 0 
    0.335738 7.279458e-03 1.937400e-14 0 
    0.336512 7.295697e-03 1.932800e-14 0 
    0.337287 6.823855e-03 1.799500e-14 0 
    0.338065 6.382600e-03 1.675400e-14 0 
    0.338844 7.014064e-03 1.832700e-14 0 
    0.339625 7.480902e-03 1.945700e-14 0 
    0.340408 7.160077e-03 1.853700e-14 0 
    0.341193 7.462440e-03 1.923100e-14 0 
    0.341979 7.359641e-03 1.887900e-14 0 
    0.342768 7.565174e-03 1.931700e-14 0 
    0.343558 7.723234e-03 1.963000e-14 0 
    0.344350 7.830029e-03 1.981000e-14 0 
    0.345144 6.788104e-03 1.709500e-14 0 
    0.345939 8.273846e-03 2.074100e-14 0 
    0.346737 7.685683e-03 1.917800e-14 0 
    0.347536 7.827834e-03 1.944300e-14 0 
    0.348337 7.809357e-03 1.930800e-14 0 
    0.349140 7.990868e-03 1.966600e-14 0 
    0.349945 7.916728e-03 1.939400e-14 0 
    0.350752 7.594864e-03 1.852000e-14 0 
    0.351560 8.081429e-03 1.961600e-14 0 
    0.352371 7.559185e-03 1.826400e-14 0 
    0.353183 7.951231e-03 1.912300e-14 0 
    0.353997 8.344650e-03 1.997700e-14 0 
    0.354813 8.676914e-03 2.067700e-14 0 
    0.355631 8.939984e-03 2.120600e-14 0 
    0.356451 8.616180e-03 2.034400e-14 0 
    0.357273 9.083998e-03 2.135000e-14 0 
    0.358096 7.642671e-03 1.788000e-14 0 
    0.358922 7.838142e-03 1.825300e-14 0 
    0.359749 7.164655e-03 1.660800e-14 0 
    0.360579 8.593271e-03 1.982800e-14 0 
    0.361410 8.396944e-03 1.928600e-14 0 
    0.362243 8.513115e-03 1.946300e-14 0 
    0.362862 8.785823e-03 2.001800e-14 1 
    0.363137 8.321781e-03 1.893200e-14 1 
    0.363412 7.373373e-03 1.674900e-14 1 
    0.363687 5.243995e-03 1.189400e-14 1 
    0.363962 9.869333e-03 2.235100e-14 1 
    0.364237 8.649993e-03 1.956000e-14 1 
    0.364512 6.931333e-03 1.565000e-14 1 
    0.364787 5.063297e-03 1.141500e-14 1 
    0.365062 4.894573e-03 1.101800e-14 1 
    0.365337 4.882374e-03 1.097400e-14 1 
    0.365612 5.271584e-03 1.183100e-14 1 
    0.365887 6.954718e-03 1.558500e-14 1 
    0.366162 9.551923e-03 2.137300e-14 1 
    0.366437 8.206507e-03 1.833500e-14 1 
    0.366712 9.985866e-03 2.227700e-14 1 
    0.366987 1.021364e-02 2.275100e-14 1 
    0.367262 1.022940e-02 2.275200e-14 1 
    0.367537 9.473403e-03 2.103900e-14 1 
    0.367812 8.807548e-03 1.953100e-14 1 
    0.368087 1.076046e-02 2.382600e-14 1 
    0.368362 1.025278e-02 2.266800e-14 1 
    0.368637 9.582286e-03 2.115400e-14 1 
    0.368912 8.613067e-03 1.898600e-14 1 
    0.369187 9.447342e-03 2.079400e-14 1 
    0.369462 1.051203e-02 2.310300e-14 1 
    0.369737 1.045706e-02 2.294800e-14 1 
    0.370012 1.109418e-02 2.431000e-14 1 
    0.370287 1.082732e-02 2.369000e-14 1 
    0.370562 1.044702e-02 2.282400e-14 1 
    0.370837 1.085859e-02 2.368800e-14 1 
    0.371112 8.704165e-03 1.896000e-14 1 
    0.371387 8.606267e-03 1.871900e-14 1 
    0.371662 9.508130e-03 2.065000e-14 1 
    0.371937 9.308245e-03 2.018600e-14 1 
    0.372212 1.008030e-02 2.182800e-14 1 
    0.372487 1.064417e-02 2.301500e-14 1 
    0.372762 1.460103e-02 3.152400e-14 1 
    0.373037 1.684398e-02 3.631300e-14 1 
    0.373312 2.622744e-02 5.645900e-14 1 
    0.373587 3.786739e-02 8.139600e-14 1 
    0.373862 3.993589e-02 8.571600e-14 1 
    0.374137 3.422848e-02 7.335800e-14 1 
    0.374412 2.063373e-02 4.415700e-14 1 
    0.374687 1.498059e-02 3.201200e-14 1 
    0.374962 1.013185e-02 2.161900e-14 1 
    0.375237 1.036966e-02 2.209400e-14 1 
    0.375512 9.086638e-03 1.933200e-14 1 
    0.375787 8.480484e-03 1.801600e-14 1 
    0.376062 1.058878e-02 2.246200e-14 1 
    0.376337 1.111886e-02 2.355200e-14 1 
    0.376612 1.123251e-02 2.375800e-14 1 
    0.376887 1.230005e-02 2.597800e-14 1 
    0.377162 1.053560e-02 2.221900e-14 1 
    0.377437 1.204298e-02 2.536100e-14 1 
    0.377712 1.084692e-02 2.280900e-14 1 
    0.377987 1.074176e-02 2.255500e-14 1 
    0.378262 1.268089e-02 2.658800e-14 1 
    0.378537 1.110977e-02 2.326000e-14 1 
    0.378812 1.356731e-02 2.836400e-14 1 
    0.379087 1.413693e-02 2.951200e-14 1 
    0.379362 1.490437e-02 3.106900e-14 1 
    0.379637 1.323685e-02 2.755300e-14 1 
    0.379912 1.349852e-02 2.805700e-14 1 
    0.380187 1.112204e-02 2.308400e-14 1 
    0.380462 1.119217e-02 2.319600e-14 1 
    0.380737 1.136202e-02 2.351400e-14 1 
    0.381012 1.017014e-02 2.101700e-14 1 
    0.381287 1.237230e-02 2.553100e-14 1 
    0.381562 1.358982e-02 2.800300e-14 1 
    0.381837 1.371147e-02 2.821300e-14 1 
    0.382112 1.397798e-02 2.872000e-14 1 
    0.382387 1.486276e-02 3.049400e-14 1 
    0.382662 1.355114e-02 2.776300e-14 1 
    0.382937 1.585431e-02 3.243500e-14 1 
    0.383212 1.418144e-02 2.897100e-14 1 
    0.383487 1.440377e-02 2.938300e-14 1 
    0.383762 1.127966e-02 2.297700e-14 1 
    0.384037 1.167536e-02 2.374900e-14 1 
    0.384312 1.029685e-02 2.091500e-14 1 
    0.384587 1.047873e-02 2.125400e-14 1 
    0.384862 1.076280e-02 2.179900e-14 1 
    0.385137 1.156039e-02 2.338100e-14 1 
    0.385412 1.299647e-02 2.624800e-14 1 
    0.385687 1.575359e-02 3.177100e-14 1 
    0.385962 1.502577e-02 3.026000e-14 1 
    0.386237 1.536942e-02 3.090800e-14 1 
    0.386512 1.599236e-02 3.211500e-14 1 
    0.386787 1.498386e-02 3.004700e-14 1 
    0.387062 1.195390e-02 2.393700e-14 1 
    0.387337 1.632576e-02 3.264500e-14 1 
    0.387612 1.554415e-02 3.103800e-14 1 
    0.387887 1.786468e-02 3.562100e-14 1 
    0.388162 1.571084e-02 3.128200e-14 1 
    0.388437 1.608165e-02 3.197500e-14 1 
    0.388712 1.417089e-02 2.813600e-14 1 
    0.388987 1.519111e-02 3.011900e-14 1 
    0.389262 1.168106e-02 2.312700e-14 1 
    0.389537 1.262722e-02 2.496500e-14 1 
    0.389812 1.258731e-02 2.485100e-14 1 
    0.390087 1.407350e-02 2.774600e-14 1 
    0.390362 1.394859e-02 2.746100e-14 1 
    0.390637 1.191683e-02 2.342800e-14 1 
    0.390912 1.608297e-02 3.157400e-14 1 
    0.391187 1.632699e-02 3.200800e-14 1 
    0.391462 1.741397e-02 3.409100e-14 1 
    0.391737 1.596780e-02 3.121600e-14 1 
    0.392012 1.682468e-02 3.284500e-14 1 
    0.392287 1.743871e-02 3.399600e-14 1 
    0.392562 1.610140e-02 3.134500e-14 1 
    0.392837 1.445370e-02 2.809800e-14 1 
    0.393112 1.471708e-02 2.857000e-14 1 
    0.393387 1.557438e-02 3.019200e-14 1 
    0.393662 1.462553e-02 2.831300e-14 1 
    0.393937 1.337500e-02 2.585600e-14 1 
    0.394212 1.161172e-02 2.241600e-14 1 
    0.394487 1.038193e-02 2.001400e-14 1 
    0.394762 1.297136e-02 2.497100e-14 1 
    0.395037 1.371457e-02 2.636500e-14 1 
    0.395312 1.509115e-02 2.897100e-14 1 
    0.395587 1.475066e-02 2.827800e-14 1 
    0.395862 1.559232e-02 2.985000e-14 1 
    0.396137 1.633270e-02 3.122400e-14 1 
    0.396412 1.598087e-02 3.050900e-14 1 
    0.396687 1.451127e-02 2.766500e-14 1 
    0.396962 1.273605e-02 2.424700e-14 1 
    0.397237 1.306403e-02 2.483700e-14 1 
    0.397512 1.183644e-02 2.247200e-14 1 
    0.397787 1.132062e-02 2.146300e-14 1 
    0.398062 1.152695e-02 2.182400e-14 1 
    0.398337 1.227172e-02 2.320200e-14 1 
    0.398612 1.325261e-02 2.502200e-14 1 
    0.398887 1.436400e-02 2.708300e-14 1 
    0.399162 1.675305e-02 3.154400e-14 1 
    0.399437 1.705270e-02 3.206400e-14 1 
    0.399712 1.751608e-02 3.289000e-14 1 
    0.399987 1.648213e-02 3.090600e-14 1 
    0.400262 1.851650e-02 3.467300e-14 1 
    0.400537 1.781039e-02 3.330500e-14 1 
    0.400812 1.759656e-02 3.286000e-14 1 
    0.401087 1.865190e-02 3.478300e-14 1 
    0.401362 1.912370e-02 3.561400e-14 1 
    0.401637 1.802557e-02 3.352300e-14 1 
    0.401912 1.798673e-02 3.340500e-14 1 
    0.402187 1.880718e-02 3.488100e-14 1 
    0.402462 1.857645e-02 3.440600e-14 1 
    0.402737 1.959719e-02 3.624700e-14 1 
    0.403012 1.880429e-02 3.473300e-14 1 
    0.403287 2.063039e-02 3.805400e-14 1 
    0.403562 1.911081e-02 3.520300e-14 1 
    0.403837 1.923960e-02 3.539200e-14 1 
    0.404112 1.887170e-02 3.466800e-14 1 
    0.404387 1.838718e-02 3.373200e-14 1 
    0.404662 1.930410e-02 3.536600e-14 1 
    0.404937 2.029342e-02 3.712800e-14 1 
    0.405212 2.133463e-02 3.898000e-14 1 
    0.405487 1.911763e-02 3.488200e-14 1 
    0.405762 2.079384e-02 3.788900e-14 1 
    0.406037 1.983998e-02 3.610200e-14 1 
    0.406312 1.993840e-02 3.623200e-14 1 
    0.406587 2.166537e-02 3.931700e-14 1 
    0.406862 2.077265e-02 3.764600e-14 1 
    0.407137 1.865359e-02 3.376000e-14 1 
    0.407412 1.999062e-02 3.613100e-14 1 
    0.407687 2.030295e-02 3.664600e-14 1 
    0.407962 2.075586e-02 3.741300e-14 1 
    0.408237 2.103606e-02 3.786700e-14 1 
    0.408512 1.814787e-02 3.262400e-14 1 
    0.408787 1.825698e-02 3.277600e-14 1 
    0.409062 1.931510e-02 3.462900e-14 1 
    0.409337 1.779286e-02 3.185700e-14 1 
    0.409612 1.902144e-02 3.401100e-14 1 
    0.409887 1.953533e-02 3.488300e-14 1 
    0.410162 1.968605e-02 3.510500e-14 1 
    0.410437 1.866745e-02 3.324400e-14 1 
    0.410712 1.785243e-02 3.175000e-14 1 
    0.410987 1.837519e-02 3.263600e-14 1 
    0.411262 1.880008e-02 3.334600e-14 1 
    0.411537 1.854127e-02 3.284300e-14 1 
    0.411812 1.920540e-02 3.397400e-14 1 
    0.412087 1.889426e-02 3.337900e-14 1 
    0.412362 1.861511e-02 3.284200e-14 1 
    0.412637 2.004637e-02 3.532000e-14 1 
    0.412912 2.089148e-02 3.676000e-14 1 
    0.413187 1.967076e-02 3.456600e-14 1 
    0.413462 1.943597e-02 3.410800e-14 1 
    0.413737 2.046323e-02 3.586300e-14 1 
    0.414012 2.011106e-02 3.519900e-14 1 
    0.414287 1.972358e-02 3.447500e-14 1 
    0.414562 2.046013e-02 3.571500e-14 1 
    0.414837 2.058939e-02 3.589300e-14 1 
    0.415112 2.023702e-02 3.523200e-14 1 
    0.415387 2.024947e-02 3.520700e-14 1 
    0.415662 2.044906e-02 3.550700e-14 1 
    0.415937 2.043807e-02 3.544100e-14 1 
    0.416212 2.052227e-02 3.554000e-14 1 
    0.416487 2.039039e-02 3.526500e-14 1 
    0.416762 2.008905e-02 3.469800e-14 1 
    0.417037 2.065067e-02 3.562100e-14 1 
    0.417312 2.147087e-02 3.698700e-14 1 
    0.417587 2.067843e-02 3.557500e-14 1 
    0.417862 1.942987e-02 3.338300e-14 1 
    0.418137 1.946536e-02 3.340000e-14 1 
    0.418412 1.952423e-02 3.345700e-14 1 
    0.418687 1.781211e-02 3.048300e-14 1 
    0.418962 1.880327e-02 3.213700e-14 1 
    0.419237 1.997626e-02 3.409700e-14 1 
    0.419512 1.987342e-02 3.387700e-14 1 
    0.419787 2.100673e-02 3.576200e-14 1 
    0.420062 2.058137e-02 3.499200e-14 1 
    0.420337 2.103649e-02 3.571900e-14 1 
    0.420612 2.052149e-02 3.479900e-14 1 
    0.420887 1.995253e-02 3.379000e-14 1 
    0.421162 2.062900e-02 3.489000e-14 1 
    0.421437 2.008345e-02 3.392300e-14 1 
    0.421712 2.079910e-02 3.508600e-14 1 
    0.421987 2.218849e-02 3.738100e-14 1 
    0.422262 2.171579e-02 3.653700e-14 1 
    0.422537 2.083354e-02 3.500700e-14 1 
    0.422812 2.137195e-02 3.586500e-14 1 
    0.423087 2.105846e-02 3.529300e-14 1 
    0.423362 1.981985e-02 3.317400e-14 1 
    0.423637 1.984860e-02 3.317900e-14 1 
    0.423912 2.026612e-02 3.383300e-14 1 
    0.424187 2.075726e-02 3.460800e-14 1 
    0.424462 2.008153e-02 3.343800e-14 1 
    0.424737 1.971308e-02 3.278200e-14 1 
    0.425012 2.103798e-02 3.494000e-14 1 
    0.425287 2.123825e-02 3.522700e-14 1 
    0.425562 2.093611e-02 3.468100e-14 1 
    0.425837 2.100005e-02 3.474200e-14 1 
    0.426112 1.994139e-02 3.294800e-14 1 
    0.426387 2.048710e-02 3.380600e-14 1 
    0.426662 2.137155e-02 3.522000e-14 1 
    0.426937 2.057887e-02 3.387000e-14 1 
    0.427212 2.105132e-02 3.460300e-14 1 
    0.427487 2.184231e-02 3.585700e-14 1 
    0.427762 2.164841e-02 3.549300e-14 1 
    0.428037 1.940560e-02 3.177500e-14 1 
    0.428312 2.204288e-02 3.604700e-14 1 
    0.428587 2.197201e-02 3.588500e-14 1 
    0.428862 2.161397e-02 3.525500e-14 1 
    0.429137 2.186883e-02 3.562500e-14 1 
    0.429412 2.170264e-02 3.530900e-14 1 
    0.429687 2.018693e-02 3.280100e-14 1 
    0.429962 2.098059e-02 3.404700e-14 1 
    0.430237 1.991841e-02 3.228200e-14 1 
    0.430512 2.113006e-02 3.420200e-14 1 
    0.430787 1.814143e-02 2.932700e-14 1 
    0.431062 1.901439e-02 3.069900e-14 1 
    0.431337 1.883897e-02 3.037700e-14 1 
    0.431612 1.906046e-02 3.069500e-14 1 
    0.431887 1.980164e-02 3.184800e-14 1 
    0.432162 2.078434e-02 3.338600e-14 1 
    0.432437 1.973679e-02 3.166300e-14 1 
    0.432712 2.194948e-02 3.516800e-14 1 
    0.432987 2.101563e-02 3.362900e-14 1 
    0.433262 2.276369e-02 3.638000e-14 1 
    0.433537 2.016061e-02 3.217900e-14 1 
    0.433812 2.073509e-02 3.305400e-14 1 
    0.434087 2.055097e-02 3.271900e-14 1 
    0.434362 2.090405e-02 3.323900e-14 1 
    0.434637 2.238324e-02 3.554600e-14 1 
    0.434912 2.273628e-02 3.606100e-14 1 
    0.435187 2.422964e-02 3.838100e-14 1 
    0.435462 2.383803e-02 3.771300e-14 1 
    0.435737 2.151190e-02 3.399000e-14 1 
    0.436012 2.093516e-02 3.303700e-14 1 
    0.436287 2.122806e-02 3.345700e-14 1 
    0.436562 2.224143e-02 3.501000e-14 1 
    0.436837 2.271536e-02 3.571100e-14 1 
    0.437112 2.224910e-02 3.493400e-14 1 
    0.437387 2.402630e-02 3.767700e-14 1 
    0.437662 2.347421e-02 3.676500e-14 1 
    0.437937 2.328828e-02 3.642800e-14 1 
    0.438212 2.231706e-02 3.486500e-14 1 
    0.438487 2.201758e-02 3.435400e-14 1 
    0.438762 2.216648e-02 3.454300e-14 1 
    0.439037 2.058350e-02 3.203600e-14 1 
    0.439312 2.018986e-02 3.138400e-14 1 
    0.439587 2.147891e-02 3.334600e-14 1 
    0.439862 2.158834e-02 3.347400e-14 1 
    0.440137 2.355642e-02 3.648000e-14 1 
    0.440412 2.190680e-02 3.388300e-14 1 
    0.440687 2.139686e-02 3.305300e-14 1 
    0.440962 2.256563e-02 3.481500e-14 1 
    0.441237 2.319538e-02 3.574200e-14 1 
    0.441512 2.301182e-02 3.541500e-14 1 
    0.441787 2.239512e-02 3.442300e-14 1 
    0.442062 2.206213e-02 3.386900e-14 1 
    0.442337 2.334118e-02 3.578800e-14 1 
    0.442612 2.210466e-02 3.385000e-14 1 
    0.442887 2.195560e-02 3.358000e-14 1 
    0.443162 2.434744e-02 3.719200e-14 1 
    0.443437 2.411614e-02 3.679300e-14 1 
    0.443712 2.270030e-02 3.459000e-14 1 
    0.443987 2.458996e-02 3.742300e-14 1 
    0.444262 2.389280e-02 3.631700e-14 1 
    0.444537 2.279666e-02 3.460800e-14 1 
    0.444812 2.377195e-02 3.604400e-14 1 
    0.445087 2.425500e-02 3.673100e-14 1 
    0.445362 2.559672e-02 3.871500e-14 1 
    0.445637 2.552044e-02 3.855200e-14 1 
    0.445912 2.497863e-02 3.768700e-14 1 
    0.446187 2.460465e-02 3.707700e-14 1 
    0.446462 2.349683e-02 3.536400e-14 1 
    0.446737 2.362756e-02 3.551700e-14 1 
    0.447012 2.415887e-02 3.627100e-14 1 
    0.447287 2.372446e-02 3.557500e-14 1 
    0.447562 2.309795e-02 3.459300e-14 1 
    0.447837 2.383030e-02 3.564600e-14 1 
    0.448112 2.544058e-02 3.800800e-14 1 
    0.448387 2.520709e-02 3.761300e-14 1 
    0.448662 2.588016e-02 3.857000e-14 1 
    0.448937 2.431902e-02 3.619900e-14 1 
    0.449212 2.567796e-02 3.817500e-14 1 
    0.449487 2.727655e-02 4.050200e-14 1 
    0.449762 2.502411e-02 3.711200e-14 1 
    0.450037 2.528966e-02 3.746000e-14 1 
    0.450312 2.490082e-02 3.683900e-14 1 
    0.450587 2.675985e-02 3.954100e-14 1 
    0.450862 2.566976e-02 3.788400e-14 1 
    0.451137 2.672007e-02 3.938600e-14 1 
    0.451412 2.675605e-02 3.939100e-14 1 
    0.451687 2.670365e-02 3.926600e-14 1 
    0.451962 2.728089e-02 4.006600e-14 1 
    0.452237 2.613403e-02 3.833500e-14 1 
    0.452512 2.617675e-02 3.835100e-14 1 
    0.452787 2.583544e-02 3.780500e-14 1 
    0.453062 2.582441e-02 3.774300e-14 1 
    0.453337 2.734849e-02 3.992200e-14 1 
    0.453612 2.392005e-02 3.487500e-14 1 
    0.453887 2.420039e-02 3.524100e-14 1 
    0.454162 2.420154e-02 3.520000e-14 1 
    0.454437 2.535498e-02 3.683300e-14 1 
    0.454712 2.548905e-02 3.698300e-14 1 
    0.454987 2.510104e-02 3.637600e-14 1 
    0.455262 2.601572e-02 3.765600e-14 1 
    0.455537 2.799433e-02 4.047100e-14 1 
    0.455812 2.624898e-02 3.790200e-14 1 
    0.456087 2.587364e-02 3.731500e-14 1 
    0.456362 2.502597e-02 3.604900e-14 1 
    0.456637 2.522713e-02 3.629500e-14 1 
    0.456912 2.656580e-02 3.817500e-14 1 
    0.457187 2.653857e-02 3.809000e-14 1 
    0.457462 2.431665e-02 3.485900e-14 1 
    0.457737 2.603535e-02 3.727800e-14 1 
    0.458012 2.720992e-02 3.891300e-14 1 
    0.458287 2.514233e-02 3.591300e-14 1 
    0.458562 2.576620e-02 3.676000e-14 1 
    0.458837 2.674170e-02 3.810600e-14 1 
    0.459112 2.616108e-02 3.723400e-14 1 
    0.459387 2.585337e-02 3.675200e-14 1 
    0.459662 2.623014e-02 3.724300e-14 1 
    0.459937 2.754771e-02 3.906700e-14 1 
    0.460212 2.799154e-02 3.964900e-14 1 
    0.460487 2.719166e-02 3.847000e-14 1 
    0.460762 2.727368e-02 3.854000e-14 1 
    0.461037 2.743591e-02 3.872300e-14 1 
    0.461312 2.732039e-02 3.851400e-14 1 
    0.461587 2.575358e-02 3.626200e-14 1 
    0.461862 2.685939e-02 3.777400e-14 1 
    0.462137 2.822122e-02 3.964200e-14 1 
    0.462412 2.788561e-02 3.912400e-14 1 
    0.462687 2.709887e-02 3.797500e-14 1 
    0.462962 2.857856e-02 4.000100e-14 1 
    0.463237 2.820552e-02 3.943200e-14 1 
    0.463512 2.667925e-02 3.725400e-14 1 
    0.463787 2.765663e-02 3.857300e-14 1 
    0.464062 2.820055e-02 3.928500e-14 1 
    0.464337 2.811036e-02 3.911300e-14 1 
    0.464612 2.731691e-02 3.796400e-14 1 
    0.464887 2.824039e-02 3.920100e-14 1 
    0.465162 2.729435e-02 3.784300e-14 1 
    0.465437 2.650488e-02 3.670500e-14 1 
    0.465712 2.743485e-02 3.794800e-14 1 
    0.465987 2.811579e-02 3.884400e-14 1 
    0.466262 2.770404e-02 3.823000e-14 1 
    0.466537 2.862840e-02 3.945900e-14 1 
    0.466812 2.906384e-02 4.001200e-14 1 
    0.467087 2.909228e-02 4.000400e-14 1 
    0.467362 2.770822e-02 3.805600e-14 1 
    0.467637 2.757902e-02 3.783400e-14 1 
    0.467912 2.759905e-02 3.781700e-14 1 
    0.468187 2.852511e-02 3.904000e-14 1 
    0.468462 2.801730e-02 3.830000e-14 1 
    0.468737 2.977789e-02 4.065900e-14 1 
    0.469012 2.822537e-02 3.849400e-14 1 
    0.469287 2.854919e-02 3.889000e-14 1 
    0.469562 2.766102e-02 3.763600e-14 1 
    0.469837 2.681264e-02 3.643900e-14 1 
    0.470112 2.815608e-02 3.822000e-14 1 
    0.470387 2.723685e-02 3.692900e-14 1 
    0.470662 2.697630e-02 3.653300e-14 1 
    0.470937 2.847972e-02 3.852400e-14 1 
    0.471212 2.824137e-02 3.815700e-14 1 
    0.471487 2.750666e-02 3.712100e-14 1 
    0.471762 2.709067e-02 3.651700e-14 1 
    0.472037 2.775359e-02 3.736700e-14 1 
    0.472312 2.826853e-02 3.801600e-14 1 
    0.472587 2.886129e-02 3.876800e-14 1 
    0.472862 2.915351e-02 3.911500e-14 1 
    0.473137 2.859048e-02 3.831500e-14 1 
    0.473412 2.894123e-02 3.874000e-14 1 
    0.473687 2.834435e-02 3.789700e-14 1 
    0.473962 2.908189e-02 3.883800e-14 1 
    0.474237 2.879329e-02 3.840800e-14 1 
    0.474512 2.894228e-02 3.856200e-14 1 
    0.474787 2.962355e-02 3.942400e-14 1 
    0.475062 2.923509e-02 3.886200e-14 1 
    0.475337 2.917707e-02 3.874000e-14 1 
    0.475612 3.062237e-02 4.061200e-14 1 
    0.475887 2.899173e-02 3.840500e-14 1 
    0.476162 2.840174e-02 3.758000e-14 1 
    0.476437 2.886206e-02 3.814500e-14 1 
    0.476712 2.864920e-02 3.782000e-14 1 
    0.476987 2.906449e-02 3.832400e-14 1 
    0.477262 2.882619e-02 3.796600e-14 1 
    0.477537 2.829236e-02 3.722000e-14 1 
    0.477812 2.842769e-02 3.735500e-14 1 
    0.478087 2.911413e-02 3.821300e-14 1 
    0.478362 2.926967e-02 3.837300e-14 1 
    0.478637 2.977298e-02 3.898800e-14 1 
    0.478912 3.056102e-02 3.997400e-14 1 
    0.479187 2.886632e-02 3.771400e-14 1 
    0.479462 2.900444e-02 3.785100e-14 1 
    0.479737 2.942821e-02 3.836000e-14 1 
    0.480012 2.959559e-02 3.853400e-14 1 
    0.480287 2.917585e-02 3.794400e-14 1 
    0.480562 2.888826e-02 3.752700e-14 1 
    0.480837 2.922884e-02 3.792600e-14 1 
    0.481112 3.006008e-02 3.896000e-14 1 
    0.481387 3.015934e-02 3.904400e-14 1 
    0.481662 3.056732e-02 3.952700e-14 1 
    0.481937 2.983732e-02 3.853900e-14 1 
    0.482212 3.124174e-02 4.030700e-14 1 
    0.482487 3.140620e-02 4.047300e-14 1 
    0.482762 3.110874e-02 4.004400e-14 1 
    0.483037 2.958091e-02 3.803400e-14 1 
    0.483312 3.065642e-02 3.937200e-14 1 
    0.483587 2.916267e-02 3.741100e-14 1 
    0.483862 3.047884e-02 3.905500e-14 1 
    0.484137 3.101352e-02 3.969500e-14 1 
    0.484412 2.979493e-02 3.809200e-14 1 
    0.484687 3.038788e-02 3.880600e-14 1 
    0.484962 3.051488e-02 3.892400e-14 1 
    0.485237 2.879300e-02 3.668600e-14 1 
    0.485512 2.818763e-02 3.587400e-14 1 
    0.485787 2.865221e-02 3.642400e-14 1 
    0.486062 2.785540e-02 3.537100e-14 1 
    0.486337 2.768825e-02 3.511900e-14 1 
    0.486612 2.896825e-02 3.670100e-14 1 
    0.486887 3.308000e-02 4.186300e-14 1 
    0.487162 3.949989e-02 4.993100e-14 1 
    0.487437 4.064773e-02 5.132400e-14 1 
    0.487712 3.508241e-02 4.424700e-14 1 
    0.487987 3.042366e-02 3.832800e-14 1 
    0.488262 2.758603e-02 3.471400e-14 1 
    0.488537 2.780805e-02 3.495400e-14 1 
    0.488812 2.717035e-02 3.411400e-14 1 
    0.489087 2.714192e-02 3.404000e-14 1 
    0.489362 2.823891e-02 3.537600e-14 1 
    0.489637 2.890039e-02 3.616400e-14 1 
    0.489912 2.813682e-02 3.516900e-14 1 
    0.490187 2.812676e-02 3.511700e-14 1 
    0.490462 2.909569e-02 3.628600e-14 1 
    0.490737 3.007475e-02 3.746500e-14 1 
    0.491012 2.930885e-02 3.647000e-14 1 
    0.491287 3.042380e-02 3.781500e-14 1 
    0.491562 2.924003e-02 3.630300e-14 1 
    0.491837 2.863655e-02 3.551400e-14 1 
    0.492112 2.876384e-02 3.563200e-14 1 
    0.492387 2.931968e-02 3.628000e-14 1 
    0.492662 2.939532e-02 3.633300e-14 1 
    0.492937 3.005262e-02 3.710400e-14 1 
    0.493212 2.765925e-02 3.411100e-14 1 
    0.493487 2.690675e-02 3.314600e-14 1 
    0.493762 2.920654e-02 3.593900e-14 1 
    0.494037 3.006811e-02 3.695800e-14 1 
    0.494312 3.026531e-02 3.715900e-14 1 
    0.494587 2.946893e-02 3.614100e-14 1 
    0.494862 2.866500e-02 3.511600e-14 1 
    0.495137 2.884479e-02 3.529700e-14 1 
    0.495412 3.035516e-02 3.710400e-14 1 
    0.495687 3.134549e-02 3.827200e-14 1 
    0.495962 3.164101e-02 3.859000e-14 1 
    0.496237 3.216779e-02 3.918900e-14 1 
    0.496512 3.367356e-02 4.097800e-14 1 
    0.496787 3.692335e-02 4.488300e-14 1 
    0.497062 4.074607e-02 4.947500e-14 1 
    0.497337 4.056608e-02 4.920200e-14 1 
    0.497612 3.494051e-02 4.233200e-14 1 
    0.497887 3.246056e-02 3.928400e-14 1 
    0.498162 3.060045e-02 3.699200e-14 1 
    0.498437 3.074687e-02 3.712800e-14 1 
    0.498712 3.064235e-02 3.696100e-14 1 
    0.498987 3.050767e-02 3.675800e-14 1 
    0.499262 3.022142e-02 3.637300e-14 1 
    0.499537 3.017654e-02 3.627900e-14 1 
    0.499812 3.158623e-02 3.793200e-14 1 
    0.500087 3.119002e-02 3.741500e-14 1 
    0.500362 3.001759e-02 3.596900e-14 1 
    0.500637 3.012996e-02 3.606400e-14 1 
    0.500912 3.212939e-02 3.841500e-14 1 
    0.501187 3.515382e-02 4.198500e-14 1 
    0.501462 4.349408e-02 5.188900e-14 1 
    0.501737 5.717687e-02 6.813800e-14 1 
    0.502012 6.159272e-02 7.332000e-14 1 
    0.502287 5.227495e-02 6.216000e-14 1 
    0.502562 3.705350e-02 4.401200e-14 1 
    0.502837 3.145224e-02 3.731800e-14 1 
    0.503112 3.072729e-02 3.641800e-14 1 
    0.503387 3.030224e-02 3.587500e-14 1 
    0.503662 3.093995e-02 3.659000e-14 1 
    0.503937 3.082222e-02 3.641100e-14 1 
    0.504212 3.144737e-02 3.710900e-14 1 
    0.504487 3.131880e-02 3.691700e-14 1 
    0.504762 3.022681e-02 3.559100e-14 1 
    0.505037 2.913748e-02 3.427100e-14 1 
    0.505312 2.947052e-02 3.462500e-14 1 
    0.505587 3.075258e-02 3.609200e-14 1 
    0.505862 3.167144e-02 3.713000e-14 1 
    0.506137 3.112522e-02 3.645000e-14 1 
    0.506412 3.225838e-02 3.773600e-14 1 
    0.506687 3.280604e-02 3.833500e-14 1 
    0.506962 3.212203e-02 3.749500e-14 1 
    0.507237 3.242446e-02 3.780700e-14 1 
    0.507512 3.265195e-02 3.803100e-14 1 
    0.507787 3.169721e-02 3.687900e-14 1 
    0.508062 3.128757e-02 3.636300e-14 1 
    0.508337 3.207514e-02 3.723800e-14 1 
    0.508612 3.323428e-02 3.854200e-14 1 
    0.508887 3.314161e-02 3.839300e-14 1 
    0.509162 3.210156e-02 3.714800e-14 1 
    0.509437 3.164401e-02 3.657900e-14 1 
    0.509712 3.023020e-02 3.490700e-14 1 
    0.509987 3.078820e-02 3.551300e-14 1 
    0.510262 3.199394e-02 3.686400e-14 1 
    0.510537 3.245590e-02 3.735600e-14 1 
    0.510812 3.232648e-02 3.716700e-14 1 
    0.511087 3.001302e-02 3.447000e-14 1 
    0.511362 3.113052e-02 3.571500e-14 1 
    0.511637 3.245717e-02 3.719700e-14 1 
    0.511912 3.153644e-02 3.610300e-14 1 
    0.512187 3.197520e-02 3.656600e-14 1 
    0.512462 3.252866e-02 3.715900e-14 1 
    0.512737 3.277127e-02 3.739600e-14 1 
    0.513012 3.271870e-02 3.729600e-14 1 
    0.513287 3.103249e-02 3.533600e-14 1 
    0.513562 3.083366e-02 3.507200e-14 1 
    0.513837 3.178023e-02 3.611000e-14 1 
    0.514112 3.164157e-02 3.591400e-14 1 
    0.514387 3.077493e-02 3.489300e-14 1 
    0.514662 3.144796e-02 3.561800e-14 1 
    0.514937 3.244764e-02 3.671100e-14 1 
    0.515212 3.124888e-02 3.531700e-14 1 
    0.515487 3.129200e-02 3.532800e-14 1 
    0.515762 3.080667e-02 3.474300e-14 1 
    0.516037 3.156030e-02 3.555500e-14 1 
    0.516312 3.137624e-02 3.531000e-14 1 
    0.516587 3.227609e-02 3.628400e-14 1 
    0.516862 3.303799e-02 3.710100e-14 1 
    0.517137 3.202661e-02 3.592700e-14 1 
    0.517412 3.158057e-02 3.538900e-14 1 
    0.517687 3.025182e-02 3.386400e-14 1 
    0.517962 2.926717e-02 3.272700e-14 1 
    0.518237 2.857133e-02 3.191500e-14 1 
    0.518512 2.846454e-02 3.176200e-14 1 
    0.518787 2.946096e-02 3.283900e-14 1 
    0.519062 3.114288e-02 3.467700e-14 1 
    0.519337 3.091966e-02 3.439200e-14 1 
    0.519612 3.007493e-02 3.341700e-14 1 
    0.519887 3.142124e-02 3.487600e-14 1 
    0.520162 3.127321e-02 3.467500e-14 1 
    0.520437 3.142366e-02 3.480500e-14 1 
    0.520712 3.226487e-02 3.569900e-14 1 
    0.520987 3.146387e-02 3.477600e-14 1 
    0.521262 3.247617e-02 3.585700e-14 1 
    0.521537 3.302997e-02 3.643000e-14 1 
    0.521812 3.232873e-02 3.561900e-14 1 
    0.522087 3.225287e-02 3.549800e-14 1 
    0.522362 3.172385e-02 3.487900e-14 1 
    0.522637 3.293909e-02 3.617700e-14 1 
    0.522912 3.437285e-02 3.771200e-14 1 
    0.523187 3.316996e-02 3.635400e-14 1 
    0.523462 3.262210e-02 3.571600e-14 1 
    0.523737 3.149427e-02 3.444500e-14 1 
    0.524012 3.057086e-02 3.340000e-14 1 
    0.524287 3.192420e-02 3.484200e-14 1 
    0.524562 3.226313e-02 3.517500e-14 1 
    0.524837 3.276249e-02 3.568200e-14 1 
    0.525112 3.324813e-02 3.617300e-14 1 
    0.525387 3.335933e-02 3.625600e-14 1 
    0.525662 3.456493e-02 3.752700e-14 1 
    0.525937 3.429315e-02 3.719300e-14 1 
    0.526212 3.352048e-02 3.631700e-14 1 
    0.526487 3.286717e-02 3.557200e-14 1 
    0.526762 3.259074e-02 3.523600e-14 1 
    0.527037 3.337568e-02 3.604700e-14 1 
    0.527312 3.211013e-02 3.464400e-14 1 
    0.527587 3.087066e-02 3.327200e-14 1 
    0.527862 3.023504e-02 3.255300e-14 1 
    0.528137 2.978680e-02 3.203700e-14 1 
    0.528412 3.091981e-02 3.322100e-14 1 
    0.528687 3.217439e-02 3.453300e-14 1 
    0.528962 3.230114e-02 3.463300e-14 1 
    0.529237 3.344110e-02 3.581800e-14 1 
    0.529512 3.477590e-02 3.720900e-14 1 
    0.529787 3.412906e-02 3.647900e-14 1 
    0.530062 3.535954e-02 3.775500e-14 1 
    0.530337 3.469028e-02 3.700200e-14 1 
    0.530612 3.382343e-02 3.604000e-14 1 
    0.530887 3.287112e-02 3.498900e-14 1 
    0.531162 3.443998e-02 3.662100e-14 1 
    0.531437 3.334407e-02 3.541900e-14 1 
    0.531712 3.312509e-02 3.515000e-14 1 
    0.531987 3.370651e-02 3.573000e-14 1 
    0.532262 3.476031e-02 3.680900e-14 1 
    0.532537 3.404282e-02 3.601200e-14 1 
    0.532812 3.445083e-02 3.640600e-14 1 
    0.533087 3.516275e-02 3.712000e-14 1 
    0.533362 3.407157e-02 3.593100e-14 1 
    0.533637 3.397288e-02 3.579000e-14 1 
    0.533912 3.220156e-02 3.388900e-14 1 
    0.534187 3.221762e-02 3.387100e-14 1 
    0.534462 3.343434e-02 3.511400e-14 1 
    0.534737 3.545988e-02 3.720300e-14 1 
    0.535012 3.506605e-02 3.675200e-14 1 
    0.535287 3.490344e-02 3.654400e-14 1 
    0.535562 3.571279e-02 3.735300e-14 1 
    0.535837 3.522883e-02 3.680900e-14 1 
    0.536112 3.452251e-02 3.603400e-14 1 
    0.536387 3.522542e-02 3.673000e-14 1 
    0.536662 3.575116e-02 3.724000e-14 1 
    0.536937 3.692372e-02 3.842200e-14 1 
    0.537212 3.608806e-02 3.751400e-14 1 
    0.537487 3.524679e-02 3.660200e-14 1 
    0.537762 3.575424e-02 3.709100e-14 1 
    0.538037 3.606969e-02 3.738000e-14 1 
    0.538312 3.550382e-02 3.675600e-14 1 
    0.538587 3.529935e-02 3.650700e-14 1 
    0.538862 3.655400e-02 3.776600e-14 1 
    0.539137 3.647020e-02 3.764100e-14 1 
    0.539412 3.520487e-02 3.629800e-14 1 
    0.539687 3.468252e-02 3.572300e-14 1 
    0.539962 3.417071e-02 3.516000e-14 1 
    0.540237 3.592456e-02 3.692700e-14 1 
    0.540512 3.509539e-02 3.603800e-14 1 
    0.540787 3.395839e-02 3.483500e-14 1 
    0.541062 3.493070e-02 3.579600e-14 1 
    0.541337 3.343652e-02 3.423000e-14 1 
    0.541612 3.292879e-02 3.367600e-14 1 
    0.541887 3.378346e-02 3.451500e-14 1 
    0.542162 3.390692e-02 3.460600e-14 1 
    0.542437 3.284774e-02 3.349100e-14 1 
    0.542712 3.512149e-02 3.577300e-14 1 
    0.542987 3.423819e-02 3.483800e-14 1 
    0.543262 3.539931e-02 3.598300e-14 1 
    0.543537 3.625252e-02 3.681300e-14 1 
    0.543812 3.540301e-02 3.591400e-14 1 
    0.544087 3.636046e-02 3.684800e-14 1 
    0.544362 3.671430e-02 3.716900e-14 1 
    0.544637 3.453459e-02 3.492700e-14 1 
    0.544912 3.613825e-02 3.651200e-14 1 
    0.545187 3.694258e-02 3.728700e-14 1 
    0.545462 3.627769e-02 3.657900e-14 1 
    0.545737 3.586853e-02 3.613000e-14 1 
    0.546012 3.708826e-02 3.732100e-14 1 
    0.546287 3.708583e-02 3.728100e-14 1 
    0.546562 3.745776e-02 3.761700e-14 1 
    0.546837 3.589166e-02 3.600800e-14 1 
    0.547112 3.552666e-02 3.560600e-14 1 
    0.547387 3.657714e-02 3.662200e-14 1 
    0.547662 3.553914e-02 3.554700e-14 1 
    0.547937 3.752737e-02 3.749800e-14 1 
    0.548212 3.720240e-02 3.713600e-14 1 
    0.548487 3.668419e-02 3.658200e-14 1 
    0.548762 3.463408e-02 3.450300e-14 1 
    0.549037 3.465273e-02 3.448700e-14 1 
    0.549312 3.516420e-02 3.496100e-14 1 
    0.549587 3.628779e-02 3.604200e-14 1 
    0.549862 3.781973e-02 3.752600e-14 1 
    0.550137 3.715139e-02 3.682600e-14 1 
    0.550412 3.626655e-02 3.591300e-14 1 
    0.550687 3.701039e-02 3.661300e-14 1 
    0.550962 3.705041e-02 3.661600e-14 1 
    0.551237 3.644321e-02 3.598000e-14 1 
    0.551512 3.703114e-02 3.652400e-14 1 
    0.551787 3.643579e-02 3.590100e-14 1 
    0.552062 3.583515e-02 3.527400e-14 1 
    0.552337 3.639559e-02 3.579000e-14 1 
    0.552612 3.503625e-02 3.441900e-14 1 
    0.552887 3.767250e-02 3.697200e-14 1 
    0.553162 3.609029e-02 3.538400e-14 1 
    0.553437 3.780773e-02 3.703100e-14 1 
    0.553712 3.721986e-02 3.641900e-14 1 
    0.553987 3.648856e-02 3.566800e-14 1 
    0.554262 3.533897e-02 3.451000e-14 1 
    0.554537 3.507166e-02 3.421500e-14 1 
    0.554812 3.424970e-02 3.338000e-14 1 
    0.555087 3.669626e-02 3.572900e-14 1 
    0.555362 3.671412e-02 3.571100e-14 1 
    0.555637 3.767566e-02 3.661000e-14 1 
    0.555912 3.582164e-02 3.477400e-14 1 
    0.556187 3.884226e-02 3.766900e-14 1 
    0.556462 3.786813e-02 3.668800e-14 1 
    0.556737 3.693954e-02 3.575300e-14 1 
    0.557012 3.793165e-02 3.667700e-14 1 
    0.557287 3.626616e-02 3.503200e-14 1 
    0.557562 3.885839e-02 3.749900e-14 1 
    0.557837 3.697778e-02 3.564900e-14 1 
    0.558112 3.498229e-02 3.369200e-14 1 
    0.558387 3.666929e-02 3.528200e-14 1 
    0.558662 3.587314e-02 3.448200e-14 1 
    0.558937 3.808181e-02 3.656900e-14 1 
    0.559212 3.434478e-02 3.294800e-14 1 
    0.559487 3.651132e-02 3.499200e-14 1 
    0.559762 3.744649e-02 3.585300e-14 1 
    0.560037 3.339968e-02 3.194700e-14 1 
    0.560312 3.676873e-02 3.513500e-14 1 
    0.560587 3.619517e-02 3.455300e-14 1 
    0.560862 3.720479e-02 3.548200e-14 1 
    0.561137 3.779232e-02 3.600700e-14 1 
    0.561412 3.687016e-02 3.509400e-14 1 
    0.561687 3.723335e-02 3.540500e-14 1 
    0.561962 3.833407e-02 3.641600e-14 1 
    0.562237 3.715984e-02 3.526600e-14 1 
    0.562512 3.763075e-02 3.567800e-14 1 
    0.562787 3.763165e-02 3.564400e-14 1 
    0.563062 3.877702e-02 3.669300e-14 1 
    0.563337 3.682830e-02 3.481500e-14 1 
    0.563612 3.555658e-02 3.358000e-14 1 
    0.563887 3.655791e-02 3.449200e-14 1 
    0.564162 3.786032e-02 3.568600e-14 1 
    0.564437 3.748201e-02 3.529500e-14 1 
    0.564712 3.702425e-02 3.483000e-14 1 
    0.564987 3.911709e-02 3.676300e-14 1 
    0.565262 4.043327e-02 3.796300e-14 1 
    0.565537 3.705895e-02 3.476100e-14 1 
    0.565812 3.588806e-02 3.363000e-14 1 
    0.566087 3.716845e-02 3.479600e-14 1 
    0.566362 3.880519e-02 3.629300e-14 1 
    0.566637 3.832488e-02 3.580900e-14 1 
    0.566912 3.760576e-02 3.510300e-14 1 
    0.567187 3.791140e-02 3.535400e-14 1 
    0.567462 3.741793e-02 3.486000e-14 1 
    0.567737 3.722750e-02 3.464900e-14 1 
    0.568012 3.774323e-02 3.509500e-14 1 
    0.568287 3.975947e-02 3.693400e-14 1 
    0.568562 3.956952e-02 3.672200e-14 1 
    0.568837 3.879995e-02 3.597300e-14 1 
    0.569112 3.975191e-02 3.682000e-14 1 
    0.569387 4.108931e-02 3.802200e-14 1 
    0.569662 3.628508e-02 3.354400e-14 1 
    0.569937 3.683768e-02 3.402200e-14 1 
    0.570212 3.885119e-02 3.584700e-14 1 
    0.570487 3.870099e-02 3.567400e-14 1 
    0.570762 3.995994e-02 3.679900e-14 1 
    0.571037 3.939303e-02 3.624200e-14 1 
    0.571312 3.837781e-02 3.527400e-14 1 
    0.571587 3.837882e-02 3.524100e-14 1 
    0.571862 3.751317e-02 3.441300e-14 1 
    0.572137 3.573470e-02 3.275000e-14 1 
    0.572412 3.805391e-02 3.484200e-14 1 
    0.572687 3.950731e-02 3.613800e-14 1 
    0.572962 3.844114e-02 3.512900e-14 1 
    0.573237 3.994251e-02 3.646600e-14 1 
    0.573512 4.023191e-02 3.669500e-14 1 
    0.573787 3.907429e-02 3.560500e-14 1 
    0.574062 3.778478e-02 3.439700e-14 1 
    0.574337 3.891724e-02 3.539400e-14 1 
    0.574612 4.036658e-02 3.667700e-14 1 
    0.574887 3.994914e-02 3.626300e-14 1 
    0.575162 3.881409e-02 3.519900e-14 1 
    0.575437 3.879272e-02 3.514600e-14 1 
    0.575712 3.883202e-02 3.514800e-14 1 
    0.575987 3.883927e-02 3.512100e-14 1 
    0.576262 3.820778e-02 3.451700e-14 1 
    0.576537 4.065412e-02 3.669200e-14 1 
    0.576812 4.071952e-02 3.671600e-14 1 
    0.577087 3.942957e-02 3.551900e-14 1 
    0.577362 4.005830e-02 3.605100e-14 1 
    0.577637 3.875069e-02 3.484100e-14 1 
    0.577912 3.981737e-02 3.576600e-14 1 
    0.578187 3.762326e-02 3.376300e-14 1 
    0.578462 4.033154e-02 3.615900e-14 1 
    0.578737 3.914403e-02 3.506100e-14 1 
    0.579012 3.839339e-02 3.435600e-14 1 
    0.579287 3.802159e-02 3.399100e-14 1 
    0.579562 3.728851e-02 3.330400e-14 1 
    0.579837 3.842555e-02 3.428700e-14 1 
    0.580112 3.843845e-02 3.426600e-14 1 
    0.580387 3.966959e-02 3.533000e-14 1 
    0.580662 3.958132e-02 3.521800e-14 1 
    0.580937 4.004180e-02 3.559400e-14 1 
    0.581212 3.997725e-02 3.550300e-14 1 
    0.581487 4.256232e-02 3.776300e-14 1 
    0.581762 3.915268e-02 3.470500e-14 1 
    0.582037 4.191114e-02 3.711500e-14 1 
    0.582312 3.795404e-02 3.357900e-14 1 
    0.582587 4.068027e-02 3.595700e-14 1 
    0.582862 3.787742e-02 3.344800e-14 1 
    0.583137 4.060182e-02 3.582000e-14 1 
    0.583412 3.772089e-02 3.324700e-14 1 
    0.583687 4.172323e-02 3.674000e-14 1 
    0.583962 4.021664e-02 3.538000e-14 1 
    0.584237 4.107372e-02 3.610000e-14 1 
    0.584512 3.907272e-02 3.430900e-14 1 
    0.584787 4.227962e-02 3.709000e-14 1 
    0.585062 4.135639e-02 3.624600e-14 1 
    0.585337 4.322144e-02 3.784500e-14 1 
    0.585612 3.942226e-02 3.448600e-14 1 
    0.585887 4.254066e-02 3.717900e-14 1 
    0.586162 4.421378e-02 3.860500e-14 1 
    0.586437 3.876879e-02 3.381900e-14 1 
    0.586712 4.058369e-02 3.536900e-14 1 
    0.586987 3.881513e-02 3.379600e-14 1 
    0.587262 3.983211e-02 3.464900e-14 1 
    0.587537 3.942411e-02 3.426200e-14 1 
    0.587812 4.089610e-02 3.550800e-14 1 
    0.588087 4.153153e-02 3.602600e-14 1 
    0.588362 4.020301e-02 3.484100e-14 1 
    0.588637 4.073032e-02 3.526500e-14 1 
    0.588912 4.023312e-02 3.480200e-14 1 
    0.589187 4.570232e-02 3.949600e-14 1 
    0.589462 3.435159e-02 2.965900e-14 1 
    0.589737 3.507228e-02 3.025300e-14 1 
    0.590012 2.830168e-02 2.439000e-14 1 
    0.590287 2.920846e-02 2.514800e-14 1 
    0.590562 3.207113e-02 2.758700e-14 1 
    0.590837 3.600497e-02 3.094200e-14 1 
    0.591112 3.711935e-02 3.187000e-14 1 
    0.591387 4.197446e-02 3.600500e-14 1 
    0.591662 3.929001e-02 3.367100e-14 1 
    0.591937 4.019667e-02 3.441600e-14 1 
    0.592212 3.887442e-02 3.325300e-14 1 
    0.592487 4.003387e-02 3.421300e-14 1 
    0.592762 4.039430e-02 3.448900e-14 1 
    0.593037 4.138605e-02 3.530300e-14 1 
    0.593312 3.986734e-02 3.397600e-14 1 
    0.593587 4.316350e-02 3.675100e-14 1 
    0.593862 4.200325e-02 3.573000e-14 1 
    0.594137 3.950880e-02 3.357700e-14 1 
    0.594412 4.007184e-02 3.402400e-14 1 
    0.594687 4.047201e-02 3.433200e-14 1 
    0.594962 3.972479e-02 3.366700e-14 1 
    0.595237 3.922416e-02 3.321200e-14 1 
    0.595512 3.996141e-02 3.380500e-14 1 
    0.595787 3.889439e-02 3.287200e-14 1 
    0.596062 4.012644e-02 3.388200e-14 1 
    0.596337 3.996314e-02 3.371300e-14 1 
    0.596612 3.945660e-02 3.325500e-14 1 
    0.596887 3.946092e-02 3.322800e-14 1 
    0.597162 3.897784e-02 3.279100e-14 1 
    0.597437 4.073891e-02 3.424100e-14 1 
    0.597712 4.175294e-02 3.506100e-14 1 
    0.597987 4.033717e-02 3.384100e-14 1 
    0.598262 4.056279e-02 3.399900e-14 1 
    0.598537 4.086279e-02 3.421900e-14 1 
    0.598812 4.018798e-02 3.362300e-14 1 
    0.599087 4.054194e-02 3.388800e-14 1 
    0.599362 4.104258e-02 3.427500e-14 1 
    0.599637 4.041865e-02 3.372300e-14 1 
    0.599912 4.186772e-02 3.490000e-14 1 
    0.600187 3.972195e-02 3.308100e-14 1 
    0.600462 4.170415e-02 3.470000e-14 1 
    0.600737 4.024469e-02 3.345500e-14 1 
    0.601012 3.807813e-02 3.162500e-14 1 
    0.601287 4.127169e-02 3.424600e-14 1 
    0.601562 3.859778e-02 3.199800e-14 1 
    0.601837 4.148849e-02 3.436300e-14 1 
    0.602112 4.137898e-02 3.424100e-14 1 
    0.602387 4.084829e-02 3.377100e-14 1 
    0.602662 4.116647e-02 3.400300e-14 1 
    0.602937 4.201473e-02 3.467200e-14 1 
    0.603212 4.371471e-02 3.604200e-14 1 
    0.603487 4.113843e-02 3.388700e-14 1 
    0.603762 4.011880e-02 3.301700e-14 1 
    0.604037 4.160871e-02 3.421200e-14 1 
    0.604312 4.229179e-02 3.474200e-14 1 
    0.604587 3.987883e-02 3.273000e-14 1 
    0.604862 4.113220e-02 3.372800e-14 1 
    0.605137 4.370853e-02 3.580800e-14 1 
    0.605412 4.203660e-02 3.440700e-14 1 
    0.605687 4.378191e-02 3.580300e-14 1 
    0.605962 4.283148e-02 3.499400e-14 1 
    0.606237 4.219903e-02 3.444600e-14 1 
    0.606512 4.187069e-02 3.414700e-14 1 
    0.606787 4.358639e-02 3.551400e-14 1 
    0.607062 4.212478e-02 3.429200e-14 1 
    0.607337 4.163672e-02 3.386400e-14 1 
    0.607612 4.116495e-02 3.345000e-14 1 
    0.607887 4.075509e-02 3.308700e-14 1 
    0.608162 4.068595e-02 3.300100e-14 1 
    0.608437 4.178768e-02 3.386400e-14 1 
    0.608712 4.260357e-02 3.449400e-14 1 
    0.608987 4.337886e-02 3.509000e-14 1 
    0.609262 4.205080e-02 3.398500e-14 1 
    0.609537 4.120327e-02 3.327000e-14 1 
    0.609812 4.311965e-02 3.478600e-14 1 
    0.610087 4.277393e-02 3.447600e-14 1 
    0.610362 4.422071e-02 3.561000e-14 1 
    0.610637 4.256522e-02 3.424600e-14 1 
    0.610912 4.230997e-02 3.401000e-14 1 
    0.611187 4.187615e-02 3.363100e-14 1 
    0.611462 4.267906e-02 3.424500e-14 1 
    0.611737 4.046340e-02 3.243800e-14 1 
    0.612012 4.047731e-02 3.242000e-14 1 
    0.612287 4.311047e-02 3.449800e-14 1 
    0.612562 4.440623e-02 3.550300e-14 1 
    0.612837 4.207126e-02 3.360600e-14 1 
    0.613112 4.236840e-02 3.381300e-14 1 
    0.613387 4.263467e-02 3.399500e-14 1 
    0.613662 4.186577e-02 3.335200e-14 1 
    0.613937 4.212192e-02 3.352600e-14 1 
    0.614212 4.250548e-02 3.380100e-14 1 
    0.614487 4.194066e-02 3.332200e-14 1 
    0.614762 4.261187e-02 3.382500e-14 1 
    0.615037 4.425135e-02 3.509500e-14 1 
    0.615312 4.087461e-02 3.238800e-14 1 
    0.615587 4.223748e-02 3.343800e-14 1 
    0.615862 4.243073e-02 3.356100e-14 1 
    0.616137 4.285584e-02 3.386700e-14 1 
    0.616412 4.451782e-02 3.514900e-14 1 
    0.616687 4.304521e-02 3.395600e-14 1 
    0.616962 4.059548e-02 3.199500e-14 1 
    0.617237 4.016815e-02 3.163000e-14 1 
    0.617512 3.933327e-02 3.094500e-14 1 
    0.617787 4.049039e-02 3.182700e-14 1 
    0.618062 3.977518e-02 3.123700e-14 1 
    0.618337 4.049752e-02 3.177600e-14 1 
    0.618612 3.928856e-02 3.080000e-14 1 
    0.618887 4.307328e-02 3.373700e-14 1 
    0.619162 4.341443e-02 3.397400e-14 1 
    0.619437 4.424982e-02 3.459700e-14 1 
    0.619712 4.165202e-02 3.253700e-14 1 
    0.619987 4.418877e-02 3.448800e-14 1 
    0.620262 4.112710e-02 3.207000e-14 1 
    0.620537 4.182332e-02 3.258400e-14 1 
    0.620812 4.108188e-02 3.197800e-14 1 
    0.621087 4.315375e-02 3.356100e-14 1 
    0.621362 4.189857e-02 3.255600e-14 1 
    0.621637 4.264927e-02 3.311000e-14 1 
    0.621912 4.447779e-02 3.449900e-14 1 
    0.622187 4.371451e-02 3.387700e-14 1 
    0.622462 4.349356e-02 3.367600e-14 1 
    0.622737 4.186445e-02 3.238600e-14 1 
    0.623012 3.854011e-02 2.978800e-14 1 
    0.623287 4.143729e-02 3.199900e-14 1 
    0.623562 4.464023e-02 3.444200e-14 1 
    0.623837 4.122895e-02 3.178200e-14 1 
    0.624112 4.375431e-02 3.369900e-14 1 
    0.624387 4.204241e-02 3.235200e-14 1 
    0.624662 4.198971e-02 3.228300e-14 1 
    0.624937 4.265026e-02 3.276200e-14 1 
    0.625212 4.217443e-02 3.236800e-14 1 
    0.625487 4.367476e-02 3.349000e-14 1 
    0.625762 4.542567e-02 3.480200e-14 1 
    0.626037 4.123807e-02 3.156600e-14 1 
    0.626312 4.115401e-02 3.147400e-14 1 
    0.626587 4.082503e-02 3.119500e-14 1 
    0.626862 4.348451e-02 3.319800e-14 1 
    0.627137 4.290781e-02 3.272900e-14 1 
    0.627412 3.918875e-02 2.986600e-14 1 
    0.627687 4.087394e-02 3.112300e-14 1 
    0.627962 4.223341e-02 3.213000e-14 1 
    0.628237 4.222174e-02 3.209300e-14 1 
    0.628512 4.330817e-02 3.289000e-14 1 
    0.628787 4.365051e-02 3.312100e-14 1 
    0.629062 4.198842e-02 3.183200e-14 1 
    0.629337 4.377179e-02 3.315500e-14 1 
    0.629612 4.295645e-02 3.250900e-14 1 
    0.629887 4.833169e-02 3.654500e-14 1 
    0.630162 5.103185e-02 3.855300e-14 1 
    0.630437 4.026309e-02 3.039100e-14 1 
    0.630712 3.804404e-02 2.869100e-14 1 
    0.630987 3.867842e-02 2.914400e-14 1 
    0.631262 4.051997e-02 3.050500e-14 1 
    0.631537 4.210277e-02 3.166900e-14 1 
    0.631812 4.623776e-02 3.474900e-14 1 
    0.632087 4.648978e-02 3.490800e-14 1 
    0.632362 4.229282e-02 3.172900e-14 1 
    0.632637 4.247637e-02 3.183900e-14 1 
    0.632912 4.277234e-02 3.203300e-14 1 
    0.633187 4.487563e-02 3.357900e-14 1 
    0.633462 4.404652e-02 3.293000e-14 1 
    0.633737 4.455601e-02 3.328200e-14 1 
    0.634012 4.533968e-02 3.383800e-14 1 
    0.634287 4.344520e-02 3.239600e-14 1 
    0.634562 4.416473e-02 3.290400e-14 1 
    0.634837 4.510578e-02 3.357600e-14 1 
    0.635112 4.351929e-02 3.236700e-14 1 
    0.635387 4.189637e-02 3.113300e-14 1 
    0.635662 4.780372e-02 3.549200e-14 1 
    0.635937 4.509102e-02 3.344900e-14 1 
    0.636212 4.547812e-02 3.370700e-14 1 
    0.636487 4.551610e-02 3.370600e-14 1 
    0.636762 4.328889e-02 3.202900e-14 1 
    0.637037 4.454103e-02 3.292700e-14 1 
    0.637312 4.449149e-02 3.286200e-14 1 
    0.637587 4.269921e-02 3.151100e-14 1 
    0.637862 4.296390e-02 3.167900e-14 1 
    0.638137 4.394842e-02 3.237700e-14 1 
    0.638412 4.359639e-02 3.209000e-14 1 
    0.638687 4.644046e-02 3.415400e-14 1 
    0.638962 4.570882e-02 3.358700e-14 1 
    0.639237 4.401697e-02 3.231600e-14 1 
    0.639512 4.237532e-02 3.108400e-14 1 
    0.639787 4.511334e-02 3.306400e-14 1 
    0.640062 4.506473e-02 3.300000e-14 1 
    0.640337 4.649894e-02 3.402100e-14 1 
    0.640612 4.641577e-02 3.393100e-14 1 
    0.640887 4.523163e-02 3.303700e-14 1 
    0.641162 4.222292e-02 3.081300e-14 1 
    0.641437 4.543548e-02 3.312900e-14 1 
    0.641712 4.552935e-02 3.316900e-14 1 
    0.641987 4.496390e-02 3.272900e-14 1 
    0.642262 4.473568e-02 3.253500e-14 1 
    0.642537 4.548410e-02 3.305100e-14 1 
    0.642812 4.201492e-02 3.050400e-14 1 
    0.643087 4.663175e-02 3.382700e-14 1 
    0.643362 4.531814e-02 3.284600e-14 1 
    0.643637 4.528923e-02 3.279700e-14 1 
    0.643912 4.637831e-02 3.355700e-14 1 
    0.644187 4.577887e-02 3.309500e-14 1 
    0.644462 4.642297e-02 3.353200e-14 1 
    0.644737 4.519752e-02 3.261900e-14 1 
    0.645012 4.486997e-02 3.235500e-14 1 
    0.645287 4.505120e-02 3.245800e-14 1 
    0.645562 4.552997e-02 3.277500e-14 1 
    0.645837 4.753194e-02 3.418700e-14 1 
    0.646112 4.593320e-02 3.300900e-14 1 
    0.646387 4.500020e-02 3.231100e-14 1 
    0.646662 4.426766e-02 3.175800e-14 1 
    0.646937 4.345571e-02 3.114900e-14 1 
    0.647212 4.571135e-02 3.273800e-14 1 
    0.647487 4.462105e-02 3.193000e-14 1 
    0.647762 4.465476e-02 3.192700e-14 1 
    0.648037 4.563758e-02 3.260200e-14 1 
    0.648312 4.702831e-02 3.356700e-14 1 
    0.648587 4.610349e-02 3.287900e-14 1 
    0.648862 4.558264e-02 3.248000e-14 1 
    0.649137 4.641488e-02 3.304500e-14 1 
    0.649412 4.721615e-02 3.358700e-14 1 
    0.649687 4.638523e-02 3.296800e-14 1 
    0.649962 4.949572e-02 3.514900e-14 1 
    0.650237 4.704305e-02 3.337900e-14 1 
    0.650512 4.525618e-02 3.208400e-14 1 
    0.650787 4.163944e-02 2.949500e-14 1 
    0.651062 4.435499e-02 3.139200e-14 1 
    0.651337 4.401913e-02 3.112800e-14 1 
    0.651612 4.486588e-02 3.170000e-14 1 
    0.651887 4.471111e-02 3.156400e-14 1 
    0.652162 4.887582e-02 3.447500e-14 1 
    0.652437 4.748536e-02 3.346600e-14 1 
    0.652712 4.558553e-02 3.210000e-14 1 
    0.652987 4.475126e-02 3.148600e-14 1 
    0.653262 4.861123e-02 3.417300e-14 1 
    0.653537 4.725979e-02 3.319500e-14 1 
    0.653812 4.782678e-02 3.356500e-14 1 
    0.654087 4.390818e-02 3.078900e-14 1 
    0.654362 5.002682e-02 3.505000e-14 1 
    0.654637 4.759043e-02 3.331500e-14 1 
    0.654912 4.580184e-02 3.203600e-14 1 
    0.655187 5.067676e-02 3.541600e-14 1 
    0.655462 5.088973e-02 3.553500e-14 1 
    0.655737 4.891865e-02 3.413000e-14 1 
    0.656012 4.807172e-02 3.351100e-14 1 
    0.656287 5.259432e-02 3.663300e-14 1 
    0.656562 4.998874e-02 3.478900e-14 1 
    0.656837 4.975019e-02 3.459400e-14 1 
    0.657112 5.765919e-02 4.006000e-14 1 
    0.657387 9.036417e-02 6.273000e-14 1 
    0.657662 1.429548e-01 9.915500e-14 1 
    0.657937 1.518258e-01 1.052200e-13 1 
    0.658212 1.138678e-01 7.884800e-14 1 
    0.658487 6.480229e-02 4.483500e-14 1 
    0.658762 5.140488e-02 3.553600e-14 1 
    0.659037 4.732602e-02 3.268900e-14 1 
    0.659312 5.072425e-02 3.500700e-14 1 
    0.659587 5.736491e-02 3.955700e-14 1 
    0.659862 6.351150e-02 4.375900e-14 1 
    0.660137 5.963080e-02 4.105100e-14 1 
    0.660412 5.132107e-02 3.530100e-14 1 
    0.660687 4.299306e-02 2.954800e-14 1 
    0.660962 4.411375e-02 3.029300e-14 1 
    0.661237 4.526688e-02 3.105900e-14 1 
    0.661512 4.696887e-02 3.220000e-14 1 
    0.661787 4.604733e-02 3.154200e-14 1 
    0.662062 4.614113e-02 3.158000e-14 1 
    0.662337 4.591187e-02 3.139700e-14 1 
    0.662612 4.648272e-02 3.176100e-14 1 
    0.662887 4.782638e-02 3.265200e-14 1 
    0.663162 4.931443e-02 3.364000e-14 1 
    0.663437 4.797620e-02 3.270000e-14 1 
    0.663712 4.870613e-02 3.317000e-14 1 
    0.663987 4.743414e-02 3.227700e-14 1 
    0.664262 4.812943e-02 3.272300e-14 1 
    0.664537 4.738911e-02 3.219300e-14 1 
    0.664812 4.862167e-02 3.300300e-14 1 
    0.665087 4.853362e-02 3.291600e-14 1 
    0.665362 5.017784e-02 3.400300e-14 1 
    0.665637 4.777947e-02 3.235100e-14 1 
    0.665912 4.783227e-02 3.236000e-14 1 
    0.666187 4.482136e-02 3.029800e-14 1 
    0.666462 4.714289e-02 3.184100e-14 1 
    0.666737 4.997944e-02 3.372900e-14 1 
    0.667012 5.035139e-02 3.395200e-14 1 
    0.667287 4.825561e-02 3.251200e-14 1 
    0.667562 4.602709e-02 3.098500e-14 1 
    0.667837 4.981444e-02 3.350700e-14 1 
    0.668112 4.754772e-02 3.195600e-14 1 
    0.668387 5.070661e-02 3.405100e-14 1 
    0.668662 4.894203e-02 3.283900e-14 1 
    0.668937 4.735497e-02 3.174800e-14 1 
    0.669212 5.005710e-02 3.353200e-14 1 
    0.669487 5.180295e-02 3.467300e-14 1 
    0.669762 5.135357e-02 3.434400e-14 1 
    0.670037 5.064601e-02 3.384300e-14 1 
    0.670312 4.693428e-02 3.133700e-14 1 
    0.670587 4.686337e-02 3.126400e-14 1 
    0.670862 4.742988e-02 3.161600e-14 1 
    0.671137 5.104966e-02 3.400100e-14 1 
    0.671412 4.884955e-02 3.250900e-14 1 
    0.671687 4.605777e-02 3.062600e-14 1 
    0.671962 4.729958e-02 3.142600e-14 1 
    0.672237 5.021090e-02 3.333300e-14 1 
    0.672512 5.158016e-02 3.421400e-14 1 
    0.672787 5.792163e-02 3.838900e-14 1 
    0.673062 7.470779e-02 4.947400e-14 1 
    0.673337 7.982861e-02 5.282200e-14 1 
    0.673612 6.929718e-02 4.581600e-14 1 
    0.673887 5.887108e-02 3.889100e-14 1 
    0.674162 6.201425e-02 4.093400e-14 1 
    0.674437 6.412994e-02 4.229600e-14 1 
    0.674712 7.155555e-02 4.715500e-14 1 
    0.674987 6.913388e-02 4.552200e-14 1 
    0.675262 5.637266e-02 3.708900e-14 1 
    0.675537 4.981367e-02 3.274700e-14 1 
    0.675812 5.121070e-02 3.363800e-14 1 
    0.676087 4.723606e-02 3.100200e-14 1 
    0.676362 4.645563e-02 3.046500e-14 1 
    0.676637 4.542665e-02 2.976600e-14 1 
    0.676912 4.882379e-02 3.196600e-14 1 
    0.677187 4.838348e-02 3.165200e-14 1 
    0.677462 4.731212e-02 3.092600e-14 1 
    0.677737 5.277519e-02 3.446900e-14 1 
    0.678012 5.153087e-02 3.362900e-14 1 
    0.678287 5.100986e-02 3.326200e-14 1 
    0.678562 4.930460e-02 3.212400e-14 1 
    0.678837 5.033534e-02 3.276900e-14 1 
    0.679112 4.917395e-02 3.198700e-14 1 
    0.679387 4.975843e-02 3.234100e-14 1 
    0.679662 4.991113e-02 3.241400e-14 1 
    0.679937 5.007019e-02 3.249100e-14 1 
    0.680212 4.824760e-02 3.128300e-14 1 
    0.680487 4.622599e-02 2.994800e-14 1 
    0.680762 4.932977e-02 3.193300e-14 1 
    0.681037 4.707376e-02 3.044800e-14 1 
    0.681312 5.164070e-02 3.337500e-14 1 
    0.681587 4.854041e-02 3.134600e-14 1 
    0.681862 4.890350e-02 3.155500e-14 1 
    0.682137 4.714995e-02 3.039900e-14 1 
    0.682412 4.593062e-02 2.958900e-14 1 
    0.682687 4.642284e-02 2.988200e-14 1 
    0.682962 5.132518e-02 3.301100e-14 1 
    0.683912 4.921202e-02 3.156400e-14 0 
    0.685488 4.954717e-02 3.163300e-14 0 
    0.687068 4.908820e-02 3.119600e-14 0 
    0.688652 4.919624e-02 3.112100e-14 0 
    0.690240 4.964573e-02 3.126100e-14 0 
    0.691831 4.987007e-02 3.125800e-14 0 
    0.693426 5.021087e-02 3.132700e-14 0 
    0.695024 5.055367e-02 3.139600e-14 0 
    0.696626 5.101668e-02 3.153800e-14 0 
    0.698233 5.101020e-02 3.138900e-14 0 
    0.699842 5.030518e-02 3.081300e-14 0 
    0.701455 5.123603e-02 3.123900e-14 0 
    0.703072 5.158457e-02 3.130700e-14 0 
    0.704693 5.146185e-02 3.108900e-14 0 
    0.706318 5.338736e-02 3.210400e-14 0 
    0.707946 5.180776e-02 3.101100e-14 0 
    0.709578 5.276522e-02 3.143900e-14 0 
    0.711214 5.132104e-02 3.043800e-14 0 
    0.712853 5.191018e-02 3.064600e-14 0 
    0.714496 5.226376e-02 3.071300e-14 0 
    0.716143 5.166047e-02 3.021900e-14 0 
    0.717794 5.225273e-02 3.042500e-14 0 
    0.719449 5.105847e-02 2.959300e-14 0 
    0.721108 5.000636e-02 2.885000e-14 0 
    0.722770 5.034683e-02 2.891300e-14 0 
    0.724436 5.247200e-02 2.999500e-14 0 
    0.726106 5.222388e-02 2.971600e-14 0 
    0.727780 5.368141e-02 3.040500e-14 0 
    0.729457 5.330653e-02 3.005400e-14 0 
    0.731139 5.232850e-02 2.936700e-14 0 
    0.732825 5.453565e-02 3.046500e-14 0 
    0.734514 5.579980e-02 3.102800e-14 0 
    0.736207 5.683239e-02 3.145700e-14 0 
    0.737904 5.566084e-02 3.066700e-14 0 
    0.739605 5.694979e-02 3.123300e-14 0 
    0.741310 5.629127e-02 3.073000e-14 0 
    0.743019 5.615545e-02 3.051500e-14 0 
    0.744732 5.706174e-02 3.086500e-14 0 
    0.746449 5.745146e-02 3.093300e-14 0 
    0.748170 5.797604e-02 3.107200e-14 0 
    0.749894 5.810295e-02 3.099700e-14 0 
    0.751623 5.729969e-02 3.042800e-14 0 
    0.753356 5.782340e-02 3.056500e-14 0 
    0.755092 5.889223e-02 3.098700e-14 0 
    0.756833 5.942952e-02 3.112600e-14 0 
    0.758578 5.942383e-02 3.098000e-14 0 
    0.760326 5.969030e-02 3.097600e-14 0 
    0.762079 5.805708e-02 2.999000e-14 0 
    0.763836 5.913025e-02 3.040400e-14 0 
    0.765597 5.777765e-02 2.957200e-14 0 
    0.767361 5.884503e-02 2.998000e-14 0 
    0.769130 5.243991e-02 2.659400e-14 0 
    0.770904 5.749191e-02 2.902200e-14 0 
    0.772681 5.540693e-02 2.784100e-14 0 
    0.774462 5.787787e-02 2.894900e-14 0 
    0.776247 5.854066e-02 2.914600e-14 0 
    0.778037 5.813095e-02 2.880900e-14 0 
    0.779830 5.628085e-02 2.776400e-14 0 
    0.781628 5.825131e-02 2.860400e-14 0 
    0.783430 5.891916e-02 2.879900e-14 0 
    0.785236 5.945626e-02 2.892800e-14 0 
    0.787046 6.000116e-02 2.905900e-14 0 
    0.788860 5.985490e-02 2.885500e-14 0 
    0.790679 6.026253e-02 2.891800e-14 0 
    0.792501 6.011769e-02 2.871600e-14 0 
    0.794328 5.901340e-02 2.805900e-14 0 
    0.796159 5.927733e-02 2.805500e-14 0 
    0.797995 6.037251e-02 2.844200e-14 0 
    0.799834 6.120552e-02 2.870200e-14 0 
    0.801678 6.105746e-02 2.850100e-14 0 
    0.803526 6.133283e-02 2.849800e-14 0 
    0.805378 6.132399e-02 2.836300e-14 0 
    0.807235 6.145941e-02 2.829500e-14 0 
    0.809096 6.288218e-02 2.881700e-14 0 
    0.810961 6.215523e-02 2.835300e-14 0 
    0.812831 6.359402e-02 2.887600e-14 0 
    0.814704 6.417506e-02 2.900600e-14 0 
    0.816582 6.328657e-02 2.847300e-14 0 
    0.818465 6.155573e-02 2.756700e-14 0 
    0.820352 6.197448e-02 2.762700e-14 0 
    0.822243 5.743330e-02 2.548500e-14 0 
    0.824138 6.398775e-02 2.826300e-14 0 
    0.826038 6.398063e-02 2.813000e-14 0 
    0.827942 6.471235e-02 2.832100e-14 0 
    0.829851 6.337900e-02 2.761000e-14 0 
    0.831764 6.336945e-02 2.747900e-14 0 
    0.833681 6.409511e-02 2.766600e-14 0 
    0.835603 6.320865e-02 2.715800e-14 0 
    0.837529 6.512073e-02 2.785100e-14 0 
    0.839460 6.526397e-02 2.778400e-14 0 
    0.841395 6.217414e-02 2.634700e-14 0 
    0.843335 6.554784e-02 2.764900e-14 0 
    0.845279 6.478817e-02 2.720300e-14 0 
    0.847227 6.330699e-02 2.645900e-14 0 
    0.849180 6.388284e-02 2.657700e-14 0 
    0.851138 6.581742e-02 2.725600e-14 0 
    0.853100 6.520420e-02 2.687800e-14 0 
    0.855067 6.610233e-02 2.712300e-14 0 
    0.857038 5.037053e-02 2.057300e-14 0 
    0.859014 6.654427e-02 2.705400e-14 0 
    0.860994 6.607797e-02 2.674100e-14 0 
    0.862979 6.576487e-02 2.649200e-14 0 
    0.864968 6.621301e-02 2.655000e-14 0 
    0.866962 6.666396e-02 2.660800e-14 0 
    0.868960 4.839884e-02 1.922900e-14 0 
    0.870964 6.542990e-02 2.587600e-14 0 
    0.872971 6.572164e-02 2.587200e-14 0 
    0.874984 6.739805e-02 2.641000e-14 0 
    0.877001 6.555301e-02 2.556900e-14 0 
    0.879023 6.707133e-02 2.604100e-14 0 
    0.881049 6.783885e-02 2.621800e-14 0 
    0.883080 6.567990e-02 2.526700e-14 0 
    0.885116 6.566975e-02 2.514700e-14 0 
    0.887156 6.765708e-02 2.578900e-14 0 
    0.889201 6.313303e-02 2.395400e-14 0 
    0.891251 6.717370e-02 2.537000e-14 0 
    0.893305 6.841201e-02 2.571900e-14 0 
    0.895365 6.669164e-02 2.495700e-14 0 
    0.897429 6.699141e-02 2.495400e-14 0 
    0.899498 6.545592e-02 2.427000e-14 0 
    0.901571 6.094059e-02 2.249200e-14 0 
    0.903650 6.439304e-02 2.365700e-14 0 
    0.905733 6.898889e-02 2.522900e-14 0 
    0.907820 7.239771e-02 2.635400e-14 0 
    0.909913 6.709087e-02 2.431000e-14 0 
    0.912011 6.832942e-02 2.464500e-14 0 
    0.914113 7.023240e-02 2.521500e-14 0 
    0.916220 6.478666e-02 2.315300e-14 0 
    0.918333 6.330357e-02 2.251900e-14 0 
    0.920450 6.582116e-02 2.330700e-14 0 
    0.922571 6.907263e-02 2.434600e-14 0 
    0.924698 6.842812e-02 2.400800e-14 0 
    0.926830 6.905326e-02 2.411600e-14 0 
    0.928966 7.016297e-02 2.439100e-14 0 
    0.931108 7.015458e-02 2.427600e-14 0 
    0.933254 7.014446e-02 2.416100e-14 0 
    0.935406 7.029624e-02 2.410200e-14 0 
    0.937562 7.028664e-02 2.398800e-14 0 
    0.939723 7.011356e-02 2.381900e-14 0 
    0.941890 7.059107e-02 2.387100e-14 0 
    0.944061 7.041776e-02 2.370300e-14 0 
    0.946237 7.024731e-02 2.353700e-14 0 
    0.948418 7.055952e-02 2.353300e-14 0 
    0.950605 7.055095e-02 2.342200e-14 0 
    0.952796 7.021686e-02 2.320400e-14 0 
    0.954993 6.956217e-02 2.288200e-14 0 
    0.957194 6.688104e-02 2.189900e-14 0 
    0.959401 6.986217e-02 2.277000e-14 0 
    0.961612 7.082260e-02 2.297700e-14 0 
    0.963829 7.081511e-02 2.286900e-14 0 
    0.966051 7.047938e-02 2.265600e-14 0 
    0.968278 7.062969e-02 2.260000e-14 0 
    0.970510 7.094626e-02 2.259700e-14 0 
    0.972747 7.093621e-02 2.249000e-14 0 
    0.974990 7.092468e-02 2.238300e-14 0 
    0.977237 7.091454e-02 2.227700e-14 0 
    0.979490 7.106601e-02 2.222200e-14 0 
    0.981748 7.089285e-02 2.206600e-14 0 
    0.984011 7.137498e-02 2.211400e-14 0 
    0.986279 7.119854e-02 2.195800e-14 0 
    0.988553 7.118846e-02 2.185400e-14 0 
    0.990832 7.117674e-02 2.175000e-14 0 
    0.993116 7.116663e-02 2.164700e-14 0 
    0.995405 7.148516e-02 2.164400e-14 0 
    0.997700 7.147342e-02 2.154100e-14 0 
    1.000000 7.162666e-02 2.148800e-14 0 
    1.004615 7.029772e-02 2.089600e-14 0 
    1.009253 6.963433e-02 2.050900e-14 0 
    1.013912 7.107028e-02 2.074000e-14 0 
    1.018591 7.088389e-02 2.049600e-14 0 
    1.025652 7.150536e-02 2.039200e-14 0 
    1.030386 7.164674e-02 2.024500e-14 0 
    1.032761 7.147256e-02 2.010300e-14 0 
    1.051962 7.121863e-02 1.930700e-14 0 
    1.071520 7.064216e-02 1.845800e-14 0 
    1.091441 6.951302e-02 1.750600e-14 0 
    1.111732 7.047788e-02 1.710700e-14 0 
    1.132400 7.031868e-02 1.645100e-14 0 
    1.153453 7.113051e-02 1.603900e-14 0 
    1.172195 7.080434e-02 1.545900e-14 0 
    1.191243 7.047997e-02 1.490000e-14 0 
    1.213389 7.080352e-02 1.442700e-14 0 
    1.233105 7.113123e-02 1.403400e-14 0 
    1.253141 7.129446e-02 1.362000e-14 0 
    1.273503 7.146236e-02 1.321900e-14 0 
    1.291219 7.129702e-02 1.282900e-14 0 
    1.312200 7.195690e-02 1.253700e-14 0 
    1.333521 7.212104e-02 1.216700e-14 0 
    1.352073 7.278891e-02 1.194500e-14 0 
    1.374042 7.329182e-02 1.164600e-14 0 
    1.393157 7.346255e-02 1.135500e-14 0 
    1.412538 7.363188e-02 1.107100e-14 0 
    1.432188 7.414269e-02 1.084400e-14 0 
    1.452112 7.534835e-02 1.072000e-14 0 
    1.472313 7.586969e-02 1.050000e-14 0 
    1.492794 7.710382e-02 1.038000e-14 0 
    1.513561 7.817201e-02 1.023700e-14 0 
    1.534617 8.018158e-02 1.021400e-14 0 
    1.552387 8.129414e-02 1.012000e-14 0 
    1.573983 8.166988e-02 9.889700e-15 0 
    1.592209 8.148244e-02 9.642400e-15 0 
    1.614359 8.338045e-02 9.598100e-15 0 
    1.633051 8.454020e-02 9.510100e-15 0 
    1.651962 8.376507e-02 9.208400e-15 0 
    1.674943 8.434630e-02 9.019600e-15 0 
    1.694338 8.338089e-02 8.713400e-15 0 
    1.713958 8.318843e-02 8.495400e-15 0 
    1.733803 8.129523e-02 8.113100e-15 0 
    1.753880 8.148269e-02 7.946700e-15 0 
    1.774190 8.073559e-02 7.694600e-15 0 
    1.794734 8.017995e-02 7.467700e-15 0 
    1.815515 7.853495e-02 7.148000e-15 0 
    1.832314 7.835441e-02 7.001400e-15 0 
    1.853532 7.781477e-02 6.794900e-15 0 
    1.874994 7.639521e-02 6.519100e-15 0 
    1.892343 7.604411e-02 6.370700e-15 0 
    1.914256 7.586847e-02 6.211300e-15 0 
    1.931967 7.448446e-02 5.986700e-15 0 
    1.954339 7.295641e-02 5.730400e-15 0 
    1.972423 7.278907e-02 5.612900e-15 0 
    1.995263 7.228836e-02 5.447400e-15 0 
    2.013724 7.212102e-02 5.335600e-15 0 
    2.032357 7.096845e-02 5.154500e-15 0 
    2.055892 7.113241e-02 5.048800e-15 0 
    2.074913 7.015572e-02 4.888600e-15 0 
    2.094113 6.967234e-02 4.766300e-15 0 
    2.113488 6.919271e-02 4.647100e-15 0 
    2.133045 6.855912e-02 4.520500e-15 0 
    2.152783 6.808661e-02 4.407400e-15 0 
    2.172701 6.668991e-02 4.238200e-15 0 
    2.192805 6.684469e-02 4.170500e-15 0 
    2.213094 6.607928e-02 4.047500e-15 0 
    2.233572 6.547359e-02 3.937200e-15 0 
    2.254240 6.502244e-02 3.838700e-15 0 
    2.275097 6.442650e-02 3.734100e-15 0 
    2.296149 6.026415e-02 3.429100e-15 0 
    2.312064 6.054294e-02 3.397700e-15 0 
    2.333458 5.547030e-02 3.056200e-15 0 
    2.355050 5.408344e-02 2.925400e-15 0 
    2.376840 5.547115e-02 2.945700e-15 0 
    2.393317 5.212640e-02 2.730100e-15 0 
    2.415460 5.188768e-02 2.668000e-15 0 
    2.432205 5.212649e-02 2.643500e-15 0 
    2.454708 5.035787e-02 2.507200e-15 0 
    2.477422 5.094020e-02 2.489900e-15 0 
    2.494594 4.635097e-02 2.234500e-15 0 
    2.517677 4.667183e-02 2.208900e-15 0 
    2.535128 4.710470e-02 2.198800e-15 0 
    2.552702 4.710407e-02 2.168600e-15 0 
    2.576320 4.797973e-02 2.168600e-15 0 
    2.594179 4.754130e-02 2.119300e-15 0 
    2.612160 4.754076e-02 2.090200e-15 0 
    2.636331 4.721299e-02 2.037900e-15 0 
    2.654604 4.743048e-02 2.019200e-15 0 
    2.673007 4.688765e-02 1.968700e-15 0 
    2.697741 4.710439e-02 1.941700e-15 0 
    2.716439 4.688889e-02 1.906300e-15 0 
    2.735267 4.656601e-02 1.867200e-15 0 
    2.754229 4.624542e-02 1.828900e-15 0 
    2.773319 4.603242e-02 1.795500e-15 0 
    2.792545 4.592683e-02 1.766800e-15 0 
    2.818382 4.571621e-02 1.726600e-15 0 
    2.837920 4.550660e-02 1.695100e-15 0 
    2.857590 4.508894e-02 1.656500e-15 0 
    2.877399 4.446879e-02 1.611300e-15 0 
    2.897343 4.446898e-02 1.589200e-15 0 
    2.917428 4.416274e-02 1.556600e-15 0 
    2.937649 4.375875e-02 1.521200e-15 0 
    2.958014 4.335841e-02 1.486600e-15 0 
    2.978516 4.305958e-02 1.456100e-15 0 
    2.999164 4.276216e-02 1.426200e-15 0 
    3.013007 4.217737e-02 1.393800e-15 0 
    3.033890 4.169327e-02 1.358900e-15 0 
    3.054922 4.159828e-02 1.337200e-15 0 
    3.076096 4.140732e-02 1.312800e-15 0 
    3.097421 4.102722e-02 1.282900e-15 0 
    3.118889 4.074512e-02 1.256600e-15 0 
    3.133284 4.036943e-02 1.233600e-15 0 
    3.155005 4.000204e-02 1.205600e-15 0 
    3.176873 3.972417e-02 1.180800e-15 0 
    3.198896 3.954348e-02 1.159300e-15 0 
    3.213660 3.909000e-02 1.135500e-15 0 
    3.235938 3.891133e-02 1.114800e-15 0 
    3.258367 3.891114e-02 1.099500e-15 0 
    3.273406 3.908901e-02 1.094400e-15 0 
    3.296098 4.037160e-02 1.114800e-15 0 
    3.318944 4.027594e-02 1.096900e-15 0 
    3.334262 3.802488e-02 1.026100e-15 0 
    3.357376 3.715919e-02 9.889800e-16 0 
    3.372872 3.639684e-02 9.598100e-16 0 
    3.396254 3.598008e-02 9.358000e-16 0 
    3.419794 3.565023e-02 9.145000e-16 0 
    3.435578 3.524238e-02 8.957500e-16 0 
    3.459394 3.499988e-02 8.773800e-16 0 
    3.475361 3.459902e-02 8.593800e-16 0 
    3.499453 3.436072e-02 8.417500e-16 0 
    3.515604 3.396754e-02 8.244900e-16 0 
    3.539971 3.365599e-02 8.057200e-16 0 
    3.556314 3.334774e-02 7.910200e-16 0 
    3.580964 3.304181e-02 7.730100e-16 0 
    3.597495 3.273887e-02 7.589000e-16 0 
    3.614099 3.236431e-02 7.433400e-16 0 
    3.639149 3.221546e-02 7.297700e-16 0 
    3.655950 3.177359e-02 7.131600e-16 0 
    3.681289 3.162740e-02 7.001400e-16 0 
    3.698280 3.119331e-02 6.842000e-16 0 
    3.715354 3.090775e-02 6.717200e-16 0 
    3.741105 3.069480e-02 6.579400e-16 0 
    3.758372 3.020379e-02 6.414800e-16 0 
    3.775723 3.013451e-02 6.341400e-16 0 
    3.793150 2.978937e-02 6.211300e-16 0 
    3.819441 2.965280e-02 6.098000e-16 0 
    3.837073 2.938099e-02 5.986700e-16 0 
    3.854783 2.911145e-02 5.877400e-16 0 
    3.881506 2.891132e-02 5.756900e-16 0 
    3.899421 2.864612e-02 5.651800e-16 0 
    3.917418 2.838324e-02 5.548600e-16 0 
    3.935499 2.818792e-02 5.459900e-16 0 
    3.953667 2.786520e-02 5.347900e-16 0 
    3.981071 2.773721e-02 5.250300e-16 0 
    3.999450 2.741966e-02 5.142600e-16 0 
    4.017909 2.716859e-02 5.048800e-16 0 
    4.036454 2.698114e-02 4.968000e-16 0 
    4.055084 2.667224e-02 4.866100e-16 0 
    4.073804 2.655008e-02 4.799400e-16 0 
    4.102040 2.648864e-02 4.722600e-16 0 
    4.120973 2.630633e-02 4.647100e-16 0 
    4.139998 2.612530e-02 4.572800e-16 0 
    4.159106 2.588612e-02 4.489400e-16 0 
    4.178302 2.564843e-02 4.407400e-16 0 
    4.197591 2.547232e-02 4.337000e-16 0 
    4.216965 2.529662e-02 4.267600e-16 0 
    4.236428 2.518069e-02 4.209100e-16 0 
    4.255986 2.494942e-02 4.132200e-16 0 
    4.275629 2.477807e-02 4.066200e-16 0 
    4.295363 2.404730e-02 3.910100e-16 0 
    4.315193 2.339156e-02 3.768600e-16 0 
    4.335110 2.355412e-02 3.760000e-16 0 
    4.355118 2.285909e-02 3.615600e-16 0 
    4.375219 2.254545e-02 3.533300e-16 0 
    4.395418 2.239024e-02 3.476800e-16 0 
    4.415704 2.178041e-02 3.351100e-16 0 
    4.436085 2.173004e-02 3.312700e-16 0 
    4.456564 2.158092e-02 3.259800e-16 0 
    4.477133 2.108972e-02 3.156400e-16 0 
    4.497797 2.123562e-02 3.149100e-16 0 
    4.518562 2.099250e-02 3.084500e-16 0 
    4.539417 2.065714e-02 3.007400e-16 0 
    4.560368 2.075190e-02 2.993500e-16 0 
    4.581416 2.065704e-02 2.952500e-16 0 
    4.602567 2.023319e-02 2.865400e-16 0 
    4.623810 2.042039e-02 2.865400e-16 0 
    4.634468 2.014020e-02 2.813100e-16 0 
    4.655863 2.004767e-02 2.774500e-16 0 
    4.677352 2.004792e-02 2.749100e-16 0 
    4.698940 2.000157e-02 2.717600e-16 0 
    4.720628 1.986351e-02 2.674100e-16 0 
    4.742421 2.000160e-02 2.668000e-16 0 
    4.764310 1.981819e-02 2.619300e-16 0 
    4.775292 1.968163e-02 2.589300e-16 0 
    4.797337 1.963669e-02 2.559700e-16 0 
    4.819479 1.941189e-02 2.507200e-16 0 
    4.841723 1.959150e-02 2.507200e-16 0 
    4.864070 1.945652e-02 2.467100e-16 0 
    4.875287 1.923341e-02 2.427600e-16 0 
    4.897789 1.918987e-02 2.399900e-16 0 
    4.920395 1.910111e-02 2.366900e-16 0 
    4.943104 1.905711e-02 2.339800e-16 0 
    4.954504 1.888245e-02 2.307700e-16 0 
    4.977371 1.892585e-02 2.291800e-16 0 
    5.000344 1.883843e-02 2.260300e-16 0 
    5.023429 1.877304e-02 2.231800e-16 0 
    5.035008 1.861124e-02 2.202400e-16 0 
    5.058246 1.837576e-02 2.154600e-16 0 
    5.081593 1.831080e-02 2.127300e-16 0 
    5.093306 1.827857e-02 2.113800e-16 0 
    5.105052 1.824570e-02 2.100300e-16 0 
    5.116820 1.812918e-02 2.077300e-16 0 
    5.128614 1.801383e-02 2.054600e-16 0 
    5.140436 1.798071e-02 2.041400e-16 0 
    5.152285 1.790708e-02 2.023700e-16 0 
    5.164162 1.783327e-02 2.006100e-16 0 
    5.176071 1.784149e-02 1.997800e-16 0 
    5.188002 1.784937e-02 1.989500e-16 0 
    5.199961 1.769381e-02 1.963100e-16 0 
    5.211947 1.762063e-02 1.946000e-16 0 
    5.223961 1.758826e-02 1.933500e-16 0 
    5.236003 1.747387e-02 1.912100e-16 0 
    5.248072 1.744159e-02 1.899800e-16 0 
    5.260175 1.740869e-02 1.887500e-16 0 
    5.272300 1.741584e-02 1.879600e-16 0 
    5.284453 1.738266e-02 1.867400e-16 0 
    5.296634 1.726931e-02 1.846700e-16 0 
    5.308843 1.715737e-02 1.826300e-16 0 
    5.321080 1.708460e-02 1.810200e-16 0 
    5.333352 1.705161e-02 1.798400e-16 0 
    5.345646 1.701887e-02 1.786700e-16 0 
    5.357968 1.698546e-02 1.775000e-16 0 
    5.370318 1.691292e-02 1.759300e-16 0 
    5.382697 1.687992e-02 1.747800e-16 0 
    5.395105 1.684625e-02 1.736300e-16 0 
    5.407541 1.681289e-02 1.724900e-16 0 
    5.420011 1.674070e-02 1.709600e-16 0 
    5.432505 1.666942e-02 1.694500e-16 0 
    5.445027 1.659713e-02 1.679400e-16 0 
    5.457579 1.660225e-02 1.672200e-16 0 
    5.470159 1.656817e-02 1.661100e-16 0 
    5.482768 1.649633e-02 1.646300e-16 0 
    5.495406 1.646275e-02 1.635400e-16 0 
    5.508079 1.642853e-02 1.624500e-16 0 
    5.520776 1.635705e-02 1.610000e-16 0 
    5.533502 1.636110e-02 1.603000e-16 0 
    5.546257 1.644071e-02 1.603400e-16 0 
    5.559041 1.629306e-02 1.581700e-16 0 
    5.571855 1.622131e-02 1.567500e-16 0 
    5.584705 1.626191e-02 1.564200e-16 0 
    5.597578 1.622730e-02 1.553700e-16 0 
    5.610481 1.619307e-02 1.543300e-16 0 
    5.623413 1.619508e-02 1.536400e-16 0 
    5.636376 1.612369e-02 1.522600e-16 0 
    5.649368 1.608853e-02 1.512300e-16 0 
    5.662390 1.612859e-02 1.509100e-16 0 
    5.675448 1.613005e-02 1.502300e-16 0 
    5.688531 1.609448e-02 1.492100e-16 0 
    5.701643 1.602247e-02 1.478600e-16 0 
    5.714786 1.606050e-02 1.475300e-16 0 
    5.727959 1.609963e-02 1.472100e-16 0 
    5.741162 1.610032e-02 1.465400e-16 0 
    5.754402 1.610182e-02 1.458800e-16 0 
    5.767667 1.610295e-02 1.452200e-16 0 
    5.780962 1.610375e-02 1.445600e-16 0 
    5.794287 1.614115e-02 1.442300e-16 0 
    5.807643 1.621564e-02 1.442300e-16 0 
    5.821030 1.621594e-02 1.435700e-16 0 
    5.834448 1.625334e-02 1.432400e-16 0 
    5.847904 1.632839e-02 1.432400e-16 0 
    5.861383 1.640375e-02 1.432400e-16 0 
    5.874894 1.644035e-02 1.429000e-16 0 
    5.888436 1.651623e-02 1.429000e-16 0 
    5.902009 1.662961e-02 1.432200e-16 0 
    5.924495 2.124347e-02 1.815700e-16 3 
    5.955481 1.900362e-02 1.607400e-16 3 
    5.986466 4.777295e-03 3.999100e-17 3 
    6.017451 1.551104e-02 1.285100e-16 3 
    6.048437 1.692845e-02 1.388200e-16 3 
    6.079422 1.286556e-02 1.044300e-16 3 
    6.110407 1.714021e-02 1.377200e-16 3 
    6.141393 3.151734e-02 2.506900e-16 3 
    6.172378 4.626144e-02 3.642800e-16 3 
    6.203363 6.848590e-02 5.339100e-16 3 
    6.234349 6.609999e-02 5.102000e-16 3 
    6.265334 5.806643e-02 4.437700e-16 3 
    6.296319 4.162185e-02 3.149700e-16 3 
    6.327305 5.380543e-02 4.031900e-16 3 
    6.358290 3.506981e-02 2.602400e-16 3 
    6.389276 2.770783e-02 2.036200e-16 3 
    6.420261 2.706351e-02 1.969700e-16 3 
    6.451246 2.637230e-02 1.901000e-16 3 
    6.482232 3.504973e-02 2.502400e-16 3 
    6.513217 1.876608e-02 1.327100e-16 3 
    6.544202 1.763598e-02 1.235400e-16 3 
    6.575188 2.753516e-02 1.910700e-16 3 
    6.606173 2.552592e-02 1.754700e-16 3 
    6.637158 2.185119e-02 1.488100e-16 3 
    6.668145 2.779307e-02 1.875200e-16 3 
    6.699129 3.263552e-02 2.181600e-16 3 
    6.730114 3.441471e-02 2.279400e-16 3 
    6.761100 4.676843e-02 3.069300e-16 3 
    6.792085 3.636926e-02 2.365100e-16 3 
    6.823071 3.400171e-02 2.191100e-16 3 
    6.854056 3.727085e-02 2.380100e-16 3 
    6.885041 2.319941e-02 1.468200e-16 3 
    6.916027 1.617659e-02 1.014600e-16 3 
    6.947012 1.784369e-02 1.109200e-16 3 
    6.977998 1.805191e-02 1.112200e-16 3 
    7.008983 3.393286e-02 2.072200e-16 3 
    7.039968 5.299739e-02 3.208000e-16 3 
    7.070954 2.727912e-02 1.636800e-16 3 
    7.101939 3.348044e-02 1.991400e-16 3 
    7.132924 1.838753e-02 1.084200e-16 3 
    7.163910 3.122407e-02 1.825200e-16 3 
    7.194895 2.601958e-02 1.507900e-16 3 
    7.225881 1.917971e-02 1.102000e-16 3 
    7.256866 1.435709e-02 8.178800e-17 3 
    7.287851 3.643536e-02 2.058000e-16 3 
    7.318838 4.857310e-02 2.720400e-16 3 
    7.349822 4.732502e-02 2.628200e-16 3 
    7.380807 3.667527e-02 2.019700e-16 3 
    7.411793 3.737755e-02 2.041200e-16 3 
    7.442778 6.967022e-02 3.773100e-16 3 
    7.473763 6.995176e-02 3.757000e-16 3 
    7.504748 6.011166e-02 3.201900e-16 3 
    7.533706 8.381455e-02 4.430200e-16 3 
    7.535734 5.831676e-02 3.080800e-16 3 
    7.566720 1.082792e-01 5.673500e-16 3 
    7.595799 8.315364e-02 4.323700e-16 3 
    7.597705 1.066029e-01 5.540200e-16 3 
    7.657894 8.208308e-02 4.199100e-16 3 
    7.719988 8.217601e-02 4.136500e-16 3 
    7.782082 7.990997e-02 3.958500e-16 3 
    7.844176 7.095765e-02 3.459600e-16 3 
    7.906271 5.769800e-02 2.769100e-16 3 
    7.968365 6.125770e-02 2.894300e-16 3 
    8.030459 5.652612e-02 2.629600e-16 3 
    8.092554 3.852088e-02 1.764600e-16 3 
    8.154648 5.266220e-02 2.375800e-16 3 
    8.216741 4.296419e-02 1.909100e-16 3 
    8.278836 4.914484e-02 2.151100e-16 3 
    8.340930 5.004714e-02 2.158100e-16 3 
    8.403025 4.754462e-02 2.020000e-16 3 
    8.465119 3.898686e-02 1.632200e-16 3 
    8.527213 5.548514e-02 2.289200e-16 3 
    8.589307 5.974396e-02 2.429400e-16 3 
    8.651402 5.413916e-02 2.170000e-16 3 
    8.713495 5.723733e-02 2.261600e-16 3 
    8.775590 4.180926e-02 1.628700e-16 3 
    8.837684 3.682895e-02 1.414600e-16 3 
    8.899778 2.794125e-02 1.058300e-16 3 
    8.961872 3.224653e-02 1.204500e-16 3 
    9.023966 2.033899e-02 7.493000e-17 3 
    9.086060 2.971758e-02 1.079900e-16 3 
    9.148155 2.998288e-02 1.074800e-16 3 
    9.210249 3.210200e-02 1.135300e-16 3 
    9.272344 1.531296e-02 5.343200e-17 3 
    9.334438 1.829360e-02 6.298600e-17 3 
    9.396532 2.096384e-02 7.122900e-17 3 
    9.458626 2.957822e-02 9.918300e-17 3 
    9.520720 2.806432e-02 9.288300e-17 3 
    9.582815 1.929968e-02 6.305000e-17 3 
    9.644909 2.499004e-02 8.059200e-17 3 
    9.707002 3.211847e-02 1.022600e-16 3 
    9.769098 2.329766e-02 7.323600e-17 3 
    9.831192 1.139016e-02 3.535400e-17 3 
    9.893286 2.118322e-02 6.492800e-17 3 
    9.955380 1.464113e-02 4.431800e-17 3 
   10.017470 2.168357e-02 6.482400e-17 3 
   10.079570 2.585392e-02 7.634200e-17 3 
   10.141659 1.530662e-02 4.464600e-17 3 
   10.203760 1.769394e-02 5.098300e-17 3 
   10.265850 1.760185e-02 5.010600e-17 3 
   10.327949 1.839784e-02 5.174400e-17 3 
   10.390041 2.724013e-02 7.570000e-17 3 
   10.452130 2.107557e-02 5.787500e-17 3 
   10.514230 3.288870e-02 8.925100e-17 3 
   10.576320 2.502537e-02 6.711700e-17 3 
   10.638420 3.141162e-02 8.326400e-17 3 
   10.700510 2.748671e-02 7.201700e-17 3 
   10.762600 3.678642e-02 9.527400e-17 3 
   10.824700 3.668097e-02 9.391400e-17 3 
   10.886791 2.089981e-02 5.290100e-17 3 
   10.948890 3.538964e-02 8.856400e-17 3 
   11.010980 4.742570e-02 1.173500e-16 3 
   11.073080 5.542520e-02 1.356100e-16 3 
   11.135170 6.776991e-02 1.639700e-16 3 
   11.197260 1.228669e-01 2.939900e-16 3 
   11.259360 1.509995e-01 3.573300e-16 3 
   11.321450 1.249452e-01 2.924400e-16 3 
   11.383550 1.005192e-01 2.327100e-16 3 
   11.445640 7.393791e-02 1.693200e-16 3 
   11.507740 6.329180e-02 1.433800e-16 3 
   11.569830 4.579829e-02 1.026400e-16 3 
   11.631920 4.933095e-02 1.093800e-16 3 
   11.694020 4.301383e-02 9.436300e-17 3 
   11.756110 4.845968e-02 1.051900e-16 3 
   11.818209 4.323208e-02 9.285900e-17 3 
   11.880299 4.908431e-02 1.043300e-16 3 
   11.942400 5.048781e-02 1.062000e-16 3 
   12.004490 5.198928e-02 1.082300e-16 3 
   12.066580 4.166120e-02 8.583900e-17 3 
   12.128680 3.193695e-02 6.513100e-17 3 
   12.190770 4.759590e-02 9.607900e-17 3 
   12.252870 3.390750e-02 6.775500e-17 3 
   12.314959 4.750290e-02 9.396700e-17 3 
   12.377051 5.038618e-02 9.867300e-17 3 
   12.439150 4.462484e-02 8.652000e-17 3 
   12.501240 4.429368e-02 8.502700e-17 3 
   12.563340 6.071483e-02 1.154000e-16 3 
   12.625430 7.122590e-02 1.340500e-16 3 
   12.687530 6.746932e-02 1.257400e-16 3 
   12.749620 8.211085e-02 1.515400e-16 3 
   12.811710 8.948908e-02 1.635600e-16 3 
   12.873810 8.223771e-02 1.488600e-16 3 
   12.935900 5.898647e-02 1.057500e-16 3 
   12.998000 4.148124e-02 7.365800e-17 3 
   13.060090 2.842879e-02 5.000200e-17 3 
   13.122180 3.553518e-02 6.191100e-17 3 
   13.184280 5.328612e-02 9.196500e-17 3 
   13.246370 4.242250e-02 7.253100e-17 3 
   13.308470 2.778527e-02 4.706300e-17 3 
   13.370559 3.061766e-02 5.138000e-17 3 
   13.432659 3.219827e-02 5.353400e-17 3 
   13.494750 3.810798e-02 6.277800e-17 3 
   13.556841 4.304313e-02 7.026000e-17 3 
   13.618941 2.833386e-02 4.582900e-17 3 
   13.681030 3.272178e-02 5.244700e-17 3 
   13.743130 3.975034e-02 6.313800e-17 3 
   13.805220 3.494487e-02 5.500700e-17 3 
   13.867320 3.906178e-02 6.093800e-17 3 
   13.929409 4.305879e-02 6.657600e-17 3 
   13.991500 2.550910e-02 3.909200e-17 3 
   14.053600 1.571405e-02 2.386900e-17 3 
   14.115691 1.028277e-02 1.548200e-17 3 
   14.177789 2.317508e-02 3.458800e-17 3 
   14.239880 3.610529e-02 5.341700e-17 3 
   14.301980 3.622862e-02 5.313500e-17 3 
   14.364070 3.597991e-02 5.231500e-17 3 
   14.426159 4.057461e-02 5.848900e-17 3 
   14.488261 3.031866e-02 4.333100e-17 3 
   14.541691 2.482902e-02 3.522500e-17 3 
   14.633380 2.134720e-02 2.990700e-17 3 
   14.725080 2.040930e-02 2.823800e-17 3 
   14.816770 1.563613e-02 2.136700e-17 3 
   14.908459 2.317009e-02 3.127400e-17 3 
   15.000150 2.031116e-02 2.708100e-17 3 
   15.091850 1.389967e-02 1.830800e-17 3 
   15.183541 1.981798e-02 2.578900e-17 3 
   15.275230 1.321441e-02 1.699000e-17 3 
   15.366930 1.557281e-02 1.978400e-17 3 
   15.458620 3.327563e-02 4.177400e-17 3 
   15.550309 6.076416e-02 7.538600e-17 3 
   15.642000 6.091848e-02 7.469400e-17 3 
   15.733700 3.562977e-02 4.317900e-17 3 
   15.825391 1.516265e-02 1.816300e-17 3 
   15.917080 2.328065e-02 2.756700e-17 3 
   16.008780 1.929027e-02 2.258100e-17 3 
   16.100470 1.795048e-02 2.077400e-17 3 
   16.192159 3.477548e-02 3.979100e-17 3 
   16.283859 3.089427e-02 3.495300e-17 3 
   16.375550 3.719896e-02 4.161600e-17 3 
   16.467239 5.343043e-02 5.911100e-17 3 
   16.558930 5.051278e-02 5.526600e-17 3 
   16.650631 4.941681e-02 5.347300e-17 3 
   16.742319 3.535116e-02 3.783500e-17 3 
   16.834009 4.545194e-02 4.811700e-17 3 
   16.925700 4.218026e-02 4.417100e-17 3 
   17.017400 4.435100e-02 4.594500e-17 3 
   17.109091 5.211409e-02 5.341000e-17 3 
   17.200781 4.780716e-02 4.847500e-17 3 
   17.292481 5.314659e-02 5.331900e-17 3 
   17.384170 5.458909e-02 5.419000e-17 3 
   17.475861 4.331773e-02 4.255100e-17 3 
   17.567561 3.414666e-02 3.319300e-17 3 
   17.659250 3.652688e-02 3.513900e-17 3 
   17.750941 2.897202e-02 2.758400e-17 3 
   17.842630 3.383100e-02 3.188000e-17 3 
   17.934330 3.391588e-02 3.163400e-17 3 
   18.026020 3.754977e-02 3.466800e-17 3 
   18.117709 2.911699e-02 2.661100e-17 3 
   18.209409 2.062223e-02 1.865800e-17 3 
   18.301100 3.420084e-02 3.063400e-17 3 
   18.392789 1.463463e-02 1.297800e-17 3 
   18.484489 1.981837e-02 1.740100e-17 3 
   18.576180 4.182993e-02 3.636600e-17 3 
   18.667870 6.366669e-02 5.480800e-17 3 
   18.759559 9.352420e-02 7.972600e-17 3 
   18.851259 5.633799e-02 4.756000e-17 3 
   18.942950 4.485681e-02 3.750200e-17 3 
   19.034639 2.714603e-02 2.247700e-17 3 
   19.126341 3.225530e-02 2.645200e-17 3 
   19.218031 2.899631e-02 2.355300e-17 3 
   19.309719 2.811404e-02 2.262000e-17 3 
   19.401409 2.809434e-02 2.239100e-17 3 
   19.493111 3.031618e-02 2.393500e-17 3 
   19.584800 1.846223e-02 1.444000e-17 3 
   19.676491 3.544102e-02 2.746200e-17 3 
   19.768191 3.228245e-02 2.478300e-17 3 
   19.859880 1.009689e-02 7.679900e-18 3 
   19.951570 2.330671e-02 1.756500e-17 3 
   20.043261 4.485743e-02 3.349800e-17 3 
   20.134961 4.007679e-02 2.965600e-17 3 
   20.226650 4.868769e-02 3.570200e-17 3 
   20.318341 3.226305e-02 2.344500e-17 3 
   20.520050 4.658465e-02 3.319000e-17 3 
   20.696581 4.696841e-02 3.289500e-17 3 
   20.873220 5.713946e-02 3.934400e-17 3 
   21.049950 4.828317e-02 3.269000e-17 3 
   21.226789 6.360189e-02 4.234700e-17 3 
   21.403730 6.544086e-02 4.285400e-17 3 
   21.580780 7.002252e-02 4.510500e-17 3 
   21.757919 5.696507e-02 3.609900e-17 3 
   21.935169 7.488965e-02 4.669400e-17 3 
   22.112520 6.790726e-02 4.166400e-17 3 
   22.289980 5.935951e-02 3.584200e-17 3 
   22.467541 6.081210e-02 3.614100e-17 3 
   22.645200 7.539260e-02 4.410600e-17 3 
   22.822969 7.324552e-02 4.218500e-17 3 
   23.000839 7.140786e-02 4.049300e-17 3 
   23.178809 6.984702e-02 3.900200e-17 3 
   23.356889 6.702557e-02 3.685800e-17 3 
   23.535070 7.769734e-02 4.208200e-17 3 
   23.713359 9.089583e-02 4.849300e-17 3 
   23.891759 7.932822e-02 4.169200e-17 3 
   24.070259 8.814841e-02 4.564300e-17 3 
   24.248859 9.317758e-02 4.753900e-17 3 
   24.427570 9.002507e-02 4.526100e-17 3 
   24.606380 7.767423e-02 3.848600e-17 3 
   24.785311 8.392931e-02 4.098700e-17 3 
   24.964331 8.283603e-02 3.987500e-17 3 
   25.143459 9.875284e-02 4.686200e-17 3 
   25.322700 1.002470e-01 4.690000e-17 3 
   25.502050 1.004624e-01 4.634200e-17 3 
   25.681500 1.045898e-01 4.757400e-17 3 
   25.861059 1.113164e-01 4.993300e-17 3 
   26.040730 1.245457e-01 5.509900e-17 3 
   26.220509 9.836049e-02 4.292000e-17 3 
   26.400391 1.067751e-01 4.595900e-17 3 
   26.580378 1.051155e-01 4.463400e-17 3 
   26.760481 1.105074e-01 4.629400e-17 3 
   26.940678 1.143426e-01 4.726200e-17 3 
   27.121000 1.144955e-01 4.669800e-17 3 
   27.301419 1.150425e-01 4.630300e-17 3 
   27.481950 1.111009e-01 4.413100e-17 3 
   27.662591 1.170810e-01 4.590100e-17 3 
   27.843341 1.261748e-01 4.882600e-17 3 
   28.024200 1.361048e-01 5.199100e-17 3 
   28.205169 1.287992e-01 4.857100e-17 3 
   28.386250 1.203404e-01 4.480400e-17 3 
   28.567441 1.249338e-01 4.592600e-17 3 
   28.748741 1.372635e-01 4.982400e-17 3 
   28.930150 1.344287e-01 4.818500e-17 3 
   29.111669 1.492513e-01 5.283300e-17 3 
   29.293300 1.451443e-01 5.074400e-17 3 
   29.475041 1.437654e-01 4.964400e-17 3 
   29.656891 1.454041e-01 4.959600e-17 3 
   29.838859 1.504229e-01 5.068400e-17 3 
   30.020941 1.612289e-01 5.366800e-17 3 
   30.203119 1.565353e-01 5.147900e-17 3 
   30.385419 1.612590e-01 5.239800e-17 3 
   30.567828 1.652130e-01 5.304400e-17 3 
   30.750359 1.739907e-01 5.520100e-17 3 
   30.932991 1.759073e-01 5.515200e-17 3 
   31.115741 1.891745e-01 5.861700e-17 3 
   31.298609 1.814159e-01 5.555800e-17 3 
   31.481581 1.819839e-01 5.508600e-17 3 
   31.664672 1.758316e-01 5.261000e-17 3 
   31.847878 1.933468e-01 5.718700e-17 3 
   32.031188 1.921624e-01 5.618800e-17 3 
   32.214619 2.004406e-01 5.794300e-17 3 
   32.398172 2.061986e-01 5.893400e-17 3 
   32.581828 2.037624e-01 5.758300e-17 3 
   32.765597 2.122011e-01 5.929700e-17 3 
   32.949491 2.144558e-01 5.926000e-17 3 
   33.133500 2.356343e-01 6.439100e-17 3 
   33.317619 2.797731e-01 7.561000e-17 3 
   33.501850 3.976571e-01 1.062900e-16 3 
   33.686200 3.654457e-01 9.661400e-17 3 
   33.870672 2.833525e-01 7.409700e-17 3 
   34.055259 2.402637e-01 6.215000e-17 3 
   34.239959 2.307898e-01 5.905700e-17 3 
   34.424772 2.420574e-01 6.127700e-17 3 
   34.609709 2.894681e-01 7.249800e-17 3 
   34.794763 4.187727e-01 1.037700e-16 3 
   34.979931 4.838504e-01 1.186300e-16 3 
