# NGC 3521       
# 
# An Atlas of Galaxy Spectral Energy Distributions from the Ultraviolet to the Mid-Infrared
# Brown et al. (2014)
# http://dx.doi.org/10.5072/03/529D3551F0117
# http://dx.doi.org/10.17909/t9-5bxk-dh29
# 
# The Spectral Energy Distributions of Active Galactic Nuclei
# Brown et al. (2019)
# http://dx.doi.org/10.17909/t9-3dbt-8734
# 
# Column 1: Observed wavelength (um)
# Column 2: f_nu (Jy)
# Column 3: f_lam (erg/s/cm2/A)
# Column 4: Source (0 = model, 1 = Optical Spectrun, 2 = Akari, 3 = Spitzer IRS)
# 
    0.010233 3.483041e-14 9.978700e-23 0 
    0.010423 5.057505e-14 1.396600e-22 0 
    0.010617 7.446704e-14 1.981900e-22 0 
    0.010839 1.121854e-13 2.864700e-22 0 
    0.011041 1.874879e-13 4.614000e-22 0 
    0.011429 3.630553e-13 8.338300e-22 0 
    0.011830 6.530016e-13 1.399800e-21 0 
    0.012134 2.998910e-12 6.110500e-21 0 
    0.012531 4.885706e-12 9.334200e-21 0 
    0.012735 6.010940e-12 1.111900e-20 0 
    0.012823 6.775584e-12 1.236200e-20 0 
    0.013122 9.035794e-12 1.574300e-20 0 
    0.013243 1.140068e-11 1.950200e-20 0 
    0.013428 1.358224e-11 2.259800e-20 0 
    0.013740 2.050799e-11 3.258900e-20 0 
    0.014028 2.642098e-11 4.027900e-20 0 
    0.014322 8.729210e-11 1.276700e-19 0 
    0.014723 2.805106e-10 3.882200e-19 0 
    0.015136 3.664201e-10 4.798200e-19 0 
    0.015524 4.808003e-10 5.985200e-19 0 
    0.015959 6.323605e-10 7.448600e-19 0 
    0.016255 7.654687e-10 8.691100e-19 0 
    0.016634 9.907345e-10 1.074200e-18 0 
    0.017061 1.252992e-09 1.291400e-18 0 
    0.017338 1.489203e-09 1.486200e-18 0 
    0.017742 1.849114e-09 1.762300e-18 0 
    0.018030 2.162438e-09 1.995600e-18 0 
    0.018239 2.404142e-09 2.168100e-18 0 
    0.018664 2.944211e-09 2.535600e-18 0 
    0.019143 3.740889e-09 3.062500e-18 0 
    0.019454 4.344825e-09 3.444100e-18 0 
    0.019861 5.199500e-09 3.954400e-18 0 
    0.020277 6.222446e-09 4.540200e-18 0 
    0.020559 7.078778e-09 5.024300e-18 0 
    0.021038 8.297818e-09 5.624400e-18 0 
    0.021677 1.106503e-08 7.064400e-18 0 
    0.022080 1.297032e-08 7.981300e-18 0 
    0.022336 1.428774e-08 8.591600e-18 0 
    0.022751 1.670925e-08 9.684500e-18 0 
    0.023067 2.804983e-08 1.581500e-17 0 
    0.023442 5.092653e-08 2.780200e-17 0 
    0.024044 7.260533e-08 3.767700e-17 0 
    0.024660 7.905706e-08 3.900100e-17 0 
    0.025293 9.659584e-08 4.529800e-17 0 
    0.025763 9.097999e-08 4.112200e-17 0 
    0.026062 1.114205e-07 4.921200e-17 0 
    0.026485 1.273375e-07 5.446000e-17 0 
    0.026977 1.409110e-07 5.808700e-17 0 
    0.027479 1.548650e-07 6.152800e-17 0 
    0.027990 1.698080e-07 6.502400e-17 0 
    0.028445 1.857654e-07 6.887700e-17 0 
    0.029107 1.981303e-07 7.015800e-17 0 
    0.029648 2.223030e-07 7.587100e-17 0 
    0.030200 2.393132e-07 7.871800e-17 0 
    0.030903 2.703688e-07 8.493300e-17 0 
    0.031915 3.205838e-07 9.442200e-17 0 
    0.032885 3.689456e-07 1.023500e-16 0 
    0.033884 4.187214e-07 1.094100e-16 0 
    0.034914 4.719919e-07 1.161600e-16 0 
    0.035810 5.259797e-07 1.230500e-16 0 
    0.036728 5.901189e-07 1.312400e-16 0 
    0.037584 6.455857e-07 1.371100e-16 0 
    0.038637 6.901794e-07 1.387000e-16 0 
    0.039628 7.869689e-07 1.503400e-16 0 
    0.040644 8.728824e-07 1.585200e-16 0 
    0.041495 9.374244e-07 1.633300e-16 0 
    0.042267 9.907330e-07 1.663700e-16 0 
    0.043152 1.054256e-06 1.698500e-16 0 
    0.044259 1.158665e-06 1.774500e-16 0 
    0.045186 1.233028e-06 1.811700e-16 0 
    0.046132 1.306053e-06 1.841100e-16 0 
    0.047098 1.393043e-06 1.884000e-16 0 
    0.048084 1.496064e-06 1.941200e-16 0 
    0.049091 1.562998e-06 1.945700e-16 0 
    0.050119 1.686415e-06 2.014100e-16 0 
    0.050699 1.721646e-06 2.009400e-16 0 
    0.051286 1.879141e-06 2.143300e-16 0 
    0.052119 1.963135e-06 2.168100e-16 0 
    0.053088 2.046206e-06 2.178100e-16 0 
    0.054200 2.098748e-06 2.143300e-16 0 
    0.055208 2.223054e-06 2.188100e-16 0 
    0.056105 2.404163e-06 2.291300e-16 0 
    0.057148 2.582015e-06 2.371800e-16 0 
    0.058210 2.666561e-06 2.360900e-16 0 
    0.059156 2.844105e-06 2.438200e-16 0 
    0.060117 2.903651e-06 2.410300e-16 0 
    0.061094 2.779451e-06 2.234000e-16 0 
    0.062230 3.318537e-06 2.570800e-16 0 
    0.063096 3.427334e-06 2.582700e-16 0 
    0.064121 3.613737e-06 2.636800e-16 0 
    0.065163 3.810272e-06 2.692000e-16 0 
    0.065917 3.916918e-06 2.704400e-16 0 
    0.066681 4.130071e-06 2.786600e-16 0 
    0.067608 4.275108e-06 2.805900e-16 0 
    0.068707 4.324747e-06 2.748400e-16 0 
    0.069663 4.830125e-06 2.985900e-16 0 
    0.070632 4.796808e-06 2.884500e-16 0 
    0.071779 5.357283e-06 3.119400e-16 0 
    0.072778 5.596957e-06 3.170100e-16 0 
    0.073621 5.820413e-06 3.221600e-16 0 
    0.074645 6.222300e-06 3.350200e-16 0 
    0.075683 6.545672e-06 3.428300e-16 0 
    0.076736 6.575788e-06 3.350200e-16 0 
    0.077625 7.327581e-06 3.648200e-16 0 
    0.078705 7.690650e-06 3.724600e-16 0 
    0.079799 8.164896e-06 3.846600e-16 0 
    0.080724 8.589437e-06 3.954400e-16 0 
    0.081658 8.973389e-06 4.037200e-16 0 
    0.082794 9.703949e-06 4.246900e-16 0 
    0.083753 8.789250e-06 3.759000e-16 0 
    0.084723 1.047029e-05 4.376000e-16 0 
    0.085704 1.088824e-05 4.447100e-16 0 
    0.086696 1.166689e-05 4.656700e-16 0 
    0.087700 1.253014e-05 4.887400e-16 0 
    0.088716 1.355069e-05 5.165100e-16 0 
    0.089743 1.438651e-05 5.358900e-16 0 
    0.090782 1.472156e-05 5.358900e-16 0 
    0.091833 2.157491e-05 7.674900e-16 0 
    0.092683 1.250123e-04 4.365900e-15 0 
    0.093756 2.818076e-04 9.617800e-15 0 
    0.094842 5.571206e-04 1.858100e-14 0 
    0.095719 8.183612e-04 2.679600e-14 0 
    0.096828 9.461294e-04 3.027400e-14 0 
    0.097724 1.534459e-04 4.820300e-15 0 
    0.098855 8.335781e-04 2.559000e-14 0 
    0.099770 9.161379e-04 2.761100e-14 0 
    0.100693 1.402674e-03 4.150300e-14 0 
    0.101859 1.393016e-03 4.027900e-14 0 
    0.102802 6.052790e-04 1.718200e-14 0 
    0.103753 1.004525e-03 2.799500e-14 0 
    0.104713 2.032145e-03 5.560000e-14 0 
    0.105682 2.041524e-03 5.483700e-14 0 
    0.106905 1.636625e-03 4.296100e-14 0 
    0.107895 2.018180e-03 5.200900e-14 0 
    0.108893 1.610471e-03 4.074500e-14 0 
    0.109901 2.233345e-03 5.547200e-14 0 
    0.110918 2.187562e-03 5.334300e-14 0 
    0.111686 2.132806e-03 5.129500e-14 0 
    0.112720 1.954152e-03 4.614000e-14 0 
    0.113763 2.587930e-03 5.998900e-14 0 
    0.114815 2.393060e-03 5.446000e-14 0 
    0.115878 2.623954e-03 5.862400e-14 0 
    0.116681 2.760286e-03 6.082400e-14 0 
    0.117761 1.922889e-03 4.159800e-14 0 
    0.118850 2.805101e-03 5.957600e-14 0 
    0.119950 1.931781e-03 4.027900e-14 0 
    0.120781 1.380224e-03 2.838400e-14 0 
    0.121899 9.505042e-04 1.919000e-14 0 
    0.122744 2.036835e-03 4.055800e-14 0 
    0.123880 3.228187e-03 6.310700e-14 0 
    0.124738 3.630358e-03 6.999600e-14 0 
    0.125893 3.531485e-03 6.684600e-14 0 
    0.126765 3.054572e-03 5.702600e-14 0 
    0.127938 4.111075e-03 7.534900e-14 0 
    0.128825 4.394976e-03 7.944700e-14 0 
    0.129718 3.475006e-03 6.195500e-14 0 
    0.130918 3.507146e-03 6.138700e-14 0 
    0.131826 4.538985e-03 7.835700e-14 0 
    0.132739 4.415189e-03 7.517500e-14 0 
    0.133968 3.953279e-03 6.608100e-14 0 
    0.134896 4.863554e-03 8.018200e-14 0 
    0.135831 4.774753e-03 7.763800e-14 0 
    0.136773 4.304821e-03 6.903600e-14 0 
    0.137721 4.623350e-03 7.312700e-14 0 
    0.138995 4.785789e-03 7.431500e-14 0 
    0.139959 4.226223e-03 6.472500e-14 0 
    0.140929 4.476666e-03 6.762000e-14 0 
    0.141906 4.633998e-03 6.903600e-14 0 
    0.142889 4.863529e-03 7.146200e-14 0 
    0.143880 4.908592e-03 7.113400e-14 0 
    0.144544 5.259595e-03 7.552200e-14 0 
    0.145211 5.406932e-03 7.692600e-14 0 
    0.145881 5.308257e-03 7.483000e-14 0 
    0.146893 4.953991e-03 6.887700e-14 0 
    0.147911 5.022893e-03 6.887700e-14 0 
    0.148936 5.211423e-03 7.048200e-14 0 
    0.149969 5.406989e-03 7.212300e-14 0 
    0.151008 5.175539e-03 6.808900e-14 0 
    0.151705 4.623288e-03 6.026600e-14 0 
    0.152055 5.011340e-03 6.502400e-14 0 
    0.152757 4.897331e-03 6.296200e-14 0 
    0.153815 4.304765e-03 5.458500e-14 0 
    0.154882 4.863575e-03 6.082400e-14 0 
    0.155955 4.655386e-03 5.742200e-14 0 
    0.157036 4.807855e-03 5.848900e-14 0 
    0.157761 5.199381e-03 6.267200e-14 0 
    0.158855 5.571280e-03 6.623300e-14 0 
    0.159956 5.793677e-03 6.793200e-14 0 
    0.161065 5.767065e-03 6.669200e-14 0 
    0.161808 5.860715e-03 6.715400e-14 0 
    0.162930 5.609917e-03 6.339800e-14 0 
    0.164059 6.094713e-03 6.793200e-14 0 
    0.164816 6.265449e-03 6.919500e-14 0 
    0.165959 5.847341e-03 6.369100e-14 0 
    0.167109 6.530638e-03 7.015800e-14 0 
    0.167494 5.820413e-03 6.224100e-14 0 
    0.168267 6.775677e-03 7.179200e-14 0 
    0.169044 7.177211e-03 7.534900e-14 0 
    0.169824 6.760044e-03 7.031900e-14 0 
    0.171002 6.591076e-03 6.762000e-14 0 
    0.171791 6.396660e-03 6.502400e-14 0 
    0.172982 6.485661e-03 6.502400e-14 0 
    0.173780 7.078660e-03 7.031900e-14 0 
    0.174985 6.981609e-03 6.840300e-14 0 
    0.175792 7.655146e-03 7.431500e-14 0 
    0.177011 6.997680e-03 6.700000e-14 0 
    0.177828 7.361261e-03 6.983500e-14 0 
    0.179061 7.602527e-03 7.113400e-14 0 
    0.179887 8.412995e-03 7.799600e-14 0 
    0.181134 8.374413e-03 7.657300e-14 0 
    0.181970 7.869654e-03 7.129800e-14 0 
    0.182810 8.090080e-03 7.262300e-14 0 
    0.184077 7.833495e-03 6.935500e-14 0 
    0.184927 7.193776e-03 6.310700e-14 0 
    0.186209 7.498207e-03 6.487500e-14 0 
    0.187068 7.979082e-03 6.840300e-14 0 
    0.187932 8.628882e-03 7.329500e-14 0 
    0.188799 8.108776e-03 6.824600e-14 0 
    0.190108 8.052949e-03 6.684600e-14 0 
    0.190985 8.530106e-03 7.015800e-14 0 
    0.191867 8.393720e-03 6.840300e-14 0 
    0.193197 8.240507e-03 6.623300e-14 0 
    0.194089 8.146254e-03 6.487500e-14 0 
    0.194984 9.245908e-03 7.295800e-14 0 
    0.195884 8.870629e-03 6.935500e-14 0 
    0.197242 9.998952e-03 7.710400e-14 0 
    0.198153 1.023183e-02 7.817600e-14 0 
    0.199067 9.930034e-03 7.517500e-14 0 
    0.199986 9.793829e-03 7.346400e-14 0 
    0.200909 9.998941e-03 7.431500e-14 0 
    0.201837 9.793865e-03 7.212300e-14 0 
    0.203236 1.018482e-02 7.397300e-14 0 
    0.204174 1.016149e-02 7.312700e-14 0 
    0.205116 1.081321e-02 7.710400e-14 0 
    0.206063 1.044607e-02 7.380300e-14 0 
    0.207014 1.044614e-02 7.312700e-14 0 
    0.207970 1.158665e-02 8.036700e-14 0 
    0.208449 1.188370e-02 8.204900e-14 0 
    0.208930 1.247261e-02 8.571900e-14 0 
    0.209894 1.185636e-02 8.073700e-14 0 
    0.210863 1.174777e-02 7.926400e-14 0 
    0.211836 1.216054e-02 8.129700e-14 0 
    0.213304 1.235818e-02 8.148500e-14 0 
    0.214289 1.134892e-02 7.414400e-14 0 
    0.215278 1.232968e-02 7.981300e-14 0 
    0.216272 1.288113e-02 8.261800e-14 0 
    0.217270 1.232980e-02 7.835700e-14 0 
    0.218273 1.244390e-02 7.835700e-14 0 
    0.219281 1.282196e-02 7.999700e-14 0 
    0.220293 1.364441e-02 8.434800e-14 0 
    0.221309 1.327246e-02 8.129700e-14 0 
    0.222331 1.224490e-02 7.431500e-14 0 
    0.222844 1.210482e-02 7.312700e-14 0 
    0.223872 1.380235e-02 8.261800e-14 0 
    0.224905 1.321158e-02 7.835700e-14 0 
    0.225944 1.221677e-02 7.179200e-14 0 
    0.226986 1.255899e-02 7.312700e-14 0 
    0.228034 1.333371e-02 7.692600e-14 0 
    0.229087 1.438658e-02 8.223900e-14 0 
    0.230144 1.336586e-02 7.570400e-14 0 
    0.231207 1.403808e-02 7.878200e-14 0 
    0.232274 1.329286e-02 7.391600e-14 0 
    0.233346 1.016098e-02 5.598300e-14 0 
    0.233884 1.164363e-02 6.385700e-14 0 
    0.234963 1.070052e-02 5.814700e-14 0 
    0.236048 1.314385e-02 7.076900e-14 0 
    0.237137 1.104173e-02 5.890600e-14 0 
    0.238232 1.214376e-02 6.419100e-14 0 
    0.239332 1.036764e-02 5.430000e-14 0 
    0.239883 1.153006e-02 6.011100e-14 0 
    0.240991 1.122428e-02 5.798000e-14 0 
    0.242103 1.198067e-02 6.132000e-14 0 
    0.243220 1.428242e-02 7.243100e-14 0 
    0.244343 1.396783e-02 7.018600e-14 0 
    0.244906 1.528604e-02 7.645700e-14 0 
    0.246037 1.547476e-02 7.669100e-14 0 
    0.247172 1.520365e-02 7.465700e-14 0 
    0.248313 1.443034e-02 7.021000e-14 0 
    0.248886 1.417243e-02 6.863800e-14 0 
    0.250035 1.376511e-02 6.605400e-14 0 
    0.251189 1.686974e-02 8.021000e-14 0 
    0.251768 1.295020e-02 6.129100e-14 0 
    0.252348 1.266034e-02 5.964400e-14 0 
    0.252930 1.249148e-02 5.857800e-14 0 
    0.254097 1.355032e-02 6.296100e-14 0 
    0.255270 1.378106e-02 6.344600e-14 0 
    0.256448 1.642934e-02 7.494500e-14 0 
    0.257040 1.519842e-02 6.901100e-14 0 
    0.258226 1.694867e-02 7.625300e-14 0 
    0.259418 1.661423e-02 7.406300e-14 0 
    0.260016 1.613044e-02 7.157600e-14 0 
    0.261216 1.534578e-02 6.747000e-14 0 
    0.262422 1.487100e-02 6.478300e-14 0 
    0.263027 1.700246e-02 7.372800e-14 0 
    0.264241 1.962733e-02 8.433000e-14 0 
    0.265461 2.361669e-02 1.005400e-13 0 
    0.266072 2.614434e-02 1.107900e-13 0 
    0.267301 2.136659e-02 8.971300e-14 0 
    0.267917 2.343745e-02 9.795600e-14 0 
    0.269154 2.433631e-02 1.007800e-13 0 
    0.270396 2.190861e-02 8.989500e-14 0 
    0.271019 2.397695e-02 9.793000e-14 0 
    0.272270 2.133785e-02 8.635200e-14 0 
    0.273527 2.111087e-02 8.465000e-14 0 
    0.274157 2.321055e-02 9.264200e-14 0 
    0.275423 1.733983e-02 6.857500e-14 0 
    0.276058 1.919655e-02 7.556900e-14 0 
    0.277332 2.145797e-02 8.369700e-14 0 
    0.277971 2.326845e-02 9.034200e-14 0 
    0.279254 1.932544e-02 7.434500e-14 0 
    0.280543 1.307647e-02 4.984400e-14 0 
    0.281190 1.461094e-02 5.543700e-14 0 
    0.282488 2.328335e-02 8.753200e-14 0 
    0.283139 2.794111e-02 1.045600e-13 0 
    0.284446 2.739057e-02 1.015600e-13 0 
    0.285102 2.586918e-02 9.547800e-14 0 
    0.286418 2.249872e-02 8.227700e-14 0 
    0.287078 2.953435e-02 1.075100e-13 0 
    0.288403 3.124101e-02 1.126800e-13 0 
    0.289068 3.054129e-02 1.096500e-13 0 
    0.290402 3.164186e-02 1.125600e-13 0 
    0.291743 3.807715e-02 1.342100e-13 0 
    0.293765 3.582800e-02 1.245500e-13 0 
    0.295801 3.546303e-02 1.215900e-13 0 
    0.297852 3.787574e-02 1.280800e-13 0 
    0.299916 3.890020e-02 1.297400e-13 0 
    0.301995 4.078812e-02 1.341700e-13 0 
    0.304089 4.169786e-02 1.352800e-13 0 
    0.305492 4.300433e-02 1.382400e-13 0 
    0.307610 4.519554e-02 1.432900e-13 0 
    0.309742 4.684755e-02 1.464900e-13 0 
    0.311889 4.901025e-02 1.511500e-13 0 
    0.314051 4.840335e-02 1.472300e-13 0 
    0.315501 4.969081e-02 1.497600e-13 0 
    0.317687 5.198649e-02 1.545300e-13 0 
    0.319890 4.813926e-02 1.411300e-13 0 
    0.322107 5.261311e-02 1.521300e-13 0 
    0.323594 4.814009e-02 1.379200e-13 0 
    0.325837 5.729628e-02 1.619000e-13 0 
    0.328095 6.334987e-02 1.765500e-13 0 
    0.329610 6.341116e-02 1.751000e-13 0 
    0.331894 6.409105e-02 1.745500e-13 0 
    0.333426 6.356496e-02 1.715300e-13 0 
    0.334195 6.751809e-02 1.813600e-13 0 
    0.334966 6.132225e-02 1.639600e-13 0 
    0.335738 7.175379e-02 1.909700e-13 0 
    0.336512 6.903131e-02 1.828800e-13 0 
    0.337287 5.536822e-02 1.460100e-13 0 
    0.338065 5.922020e-02 1.554500e-13 0 
    0.338844 7.058077e-02 1.844200e-13 0 
    0.339625 6.932627e-02 1.803100e-13 0 
    0.340408 6.548244e-02 1.695300e-13 0 
    0.341193 7.858243e-02 2.025100e-13 0 
    0.341979 6.691858e-02 1.716600e-13 0 
    0.342768 6.679692e-02 1.705600e-13 0 
    0.343558 7.078779e-02 1.799200e-13 0 
    0.344350 7.855722e-02 1.987500e-13 0 
    0.345144 6.798428e-02 1.712100e-13 0 
    0.345939 7.204761e-02 1.806100e-13 0 
    0.346737 7.359067e-02 1.836300e-13 0 
    0.347536 7.162330e-02 1.779000e-13 0 
    0.348337 7.731700e-02 1.911600e-13 0 
    0.349140 7.370404e-02 1.813900e-13 0 
    0.349945 7.811002e-02 1.913500e-13 0 
    0.350752 6.900992e-02 1.682800e-13 0 
    0.351560 8.074836e-02 1.960000e-13 0 
    0.352371 7.367970e-02 1.780200e-13 0 
    0.353183 8.139170e-02 1.957500e-13 0 
    0.353997 7.307888e-02 1.749500e-13 0 
    0.354813 8.279934e-02 1.973100e-13 0 
    0.355631 8.574897e-02 2.034000e-13 0 
    0.356451 8.619145e-02 2.035100e-13 0 
    0.357273 8.330898e-02 1.958000e-13 0 
    0.358096 7.377230e-02 1.725900e-13 0 
    0.358922 7.640611e-02 1.779300e-13 0 
    0.359749 6.673293e-02 1.546900e-13 0 
    0.360579 8.064535e-02 1.860800e-13 0 
    0.361410 8.786184e-02 2.018000e-13 0 
    0.362138 7.203299e-02 1.647800e-13 1 
    0.362425 7.241867e-02 1.654000e-13 1 
    0.362712 8.632090e-02 1.968400e-13 1 
    0.362999 8.521014e-02 1.940000e-13 1 
    0.363286 9.104635e-02 2.069600e-13 1 
    0.363573 8.524632e-02 1.934700e-13 1 
    0.363860 8.740659e-02 1.980600e-13 1 
    0.364147 8.761524e-02 1.982200e-13 1 
    0.364434 8.630576e-02 1.949500e-13 1 
    0.364721 8.802027e-02 1.985100e-13 1 
    0.365008 9.153403e-02 2.061100e-13 1 
    0.365295 9.395096e-02 2.112200e-13 1 
    0.365582 9.031190e-02 2.027200e-13 1 
    0.365869 8.632639e-02 1.934700e-13 1 
    0.366156 8.668981e-02 1.939800e-13 1 
    0.366443 1.024023e-01 2.287800e-13 1 
    0.366730 9.685586e-02 2.160500e-13 1 
    0.367017 9.771694e-02 2.176300e-13 1 
    0.367304 8.980657e-02 1.997000e-13 1 
    0.367591 9.860386e-02 2.189200e-13 1 
    0.367878 1.039637e-01 2.304600e-13 1 
    0.368165 9.738941e-02 2.155500e-13 1 
    0.368452 1.011570e-01 2.235400e-13 1 
    0.368739 9.288004e-02 2.049300e-13 1 
    0.369026 8.805411e-02 1.939800e-13 1 
    0.369313 8.671354e-02 1.907300e-13 1 
    0.369600 9.177523e-02 2.015500e-13 1 
    0.369887 9.559818e-02 2.096200e-13 1 
    0.370174 9.891652e-02 2.165600e-13 1 
    0.370461 9.542849e-02 2.086000e-13 1 
    0.370748 1.025041e-01 2.237200e-13 1 
    0.371035 9.989116e-02 2.176800e-13 1 
    0.371322 9.512343e-02 2.069700e-13 1 
    0.371609 9.312088e-02 2.023000e-13 1 
    0.371896 9.372118e-02 2.032900e-13 1 
    0.372183 1.005887e-01 2.178500e-13 1 
    0.372470 1.027926e-01 2.222800e-13 1 
    0.372757 1.095881e-01 2.366100e-13 1 
    0.373044 1.020195e-01 2.199300e-13 1 
    0.373331 1.214987e-01 2.615200e-13 1 
    0.373618 1.318943e-01 2.834600e-13 1 
    0.373905 1.305079e-01 2.800500e-13 1 
    0.374192 1.196561e-01 2.563700e-13 1 
    0.374479 1.065876e-01 2.280200e-13 1 
    0.374766 9.752349e-02 2.083100e-13 1 
    0.375053 1.020945e-01 2.177400e-13 1 
    0.375340 9.951771e-02 2.119200e-13 1 
    0.375627 9.624604e-02 2.046400e-13 1 
    0.375914 1.008209e-01 2.140400e-13 1 
    0.376201 1.046499e-01 2.218300e-13 1 
    0.376488 1.057121e-01 2.237400e-13 1 
    0.376775 1.071888e-01 2.265200e-13 1 
    0.377062 1.096459e-01 2.313600e-13 1 
    0.377349 1.130832e-01 2.382500e-13 1 
    0.377636 1.074986e-01 2.261400e-13 1 
    0.377923 1.045675e-01 2.196400e-13 1 
    0.378210 1.106818e-01 2.321300e-13 1 
    0.378497 1.173060e-01 2.456500e-13 1 
    0.378784 1.238496e-01 2.589600e-13 1 
    0.379071 1.241715e-01 2.592400e-13 1 
    0.379358 1.312722e-01 2.736500e-13 1 
    0.379645 1.372697e-01 2.857200e-13 1 
    0.379932 1.258621e-01 2.615800e-13 1 
    0.380219 1.151087e-01 2.388700e-13 1 
    0.380506 1.065858e-01 2.208500e-13 1 
    0.380793 1.055672e-01 2.184100e-13 1 
    0.381080 1.128762e-01 2.331800e-13 1 
    0.381367 1.197705e-01 2.470500e-13 1 
    0.381654 1.238788e-01 2.551400e-13 1 
    0.381941 1.214588e-01 2.497800e-13 1 
    0.382228 1.253620e-01 2.574200e-13 1 
    0.382515 1.255747e-01 2.574700e-13 1 
    0.382802 1.153640e-01 2.361800e-13 1 
    0.383089 1.120785e-01 2.291100e-13 1 
    0.383376 1.089983e-01 2.224800e-13 1 
    0.383663 1.059379e-01 2.159100e-13 1 
    0.383950 1.029712e-01 2.095500e-13 1 
    0.384237 9.719507e-02 1.975000e-13 1 
    0.384524 9.526537e-02 1.932900e-13 1 
    0.384811 9.798916e-02 1.985200e-13 1 
    0.385098 1.035928e-01 2.095600e-13 1 
    0.385385 1.135596e-01 2.293800e-13 1 
    0.385672 1.229856e-01 2.480500e-13 1 
    0.385959 1.318235e-01 2.654800e-13 1 
    0.386246 1.392701e-01 2.800600e-13 1 
    0.386533 1.308015e-01 2.626400e-13 1 
    0.386820 1.298287e-01 2.603000e-13 1 
    0.387107 1.345020e-01 2.692700e-13 1 
    0.387394 1.361772e-01 2.722200e-13 1 
    0.387681 1.413038e-01 2.820500e-13 1 
    0.387968 1.435802e-01 2.861700e-13 1 
    0.388255 1.412653e-01 2.811400e-13 1 
    0.388542 1.361150e-01 2.704900e-13 1 
    0.388829 1.263780e-01 2.507700e-13 1 
    0.389116 1.215328e-01 2.408000e-13 1 
    0.389403 1.164049e-01 2.303000e-13 1 
    0.389690 1.133420e-01 2.239100e-13 1 
    0.389977 1.189941e-01 2.347300e-13 1 
    0.390264 1.250128e-01 2.462400e-13 1 
    0.390551 1.304386e-01 2.565500e-13 1 
    0.390838 1.361296e-01 2.673500e-13 1 
    0.391125 1.456664e-01 2.856600e-13 1 
    0.391412 1.464267e-01 2.867300e-13 1 
    0.391699 1.487844e-01 2.909200e-13 1 
    0.391986 1.489871e-01 2.908900e-13 1 
    0.392273 1.478102e-01 2.881700e-13 1 
    0.392560 1.536513e-01 2.991200e-13 1 
    0.392847 1.475280e-01 2.867800e-13 1 
    0.393134 1.411236e-01 2.739300e-13 1 
    0.393421 1.318623e-01 2.555800e-13 1 
    0.393708 1.197525e-01 2.317700e-13 1 
    0.393995 1.032345e-01 1.995100e-13 1 
    0.394282 9.752417e-02 1.882000e-13 1 
    0.394569 1.024561e-01 1.974300e-13 1 
    0.394856 1.154003e-01 2.220500e-13 1 
    0.395143 1.328422e-01 2.552400e-13 1 
    0.395430 1.401811e-01 2.689500e-13 1 
    0.395717 1.444247e-01 2.766900e-13 1 
    0.396004 1.489364e-01 2.849200e-13 1 
    0.396291 1.539894e-01 2.941600e-13 1 
    0.396578 1.506896e-01 2.874400e-13 1 
    0.396865 1.377511e-01 2.623800e-13 1 
    0.397152 1.261312e-01 2.399000e-13 1 
    0.397439 1.074376e-01 2.040500e-13 1 
    0.397726 9.342991e-02 1.771900e-13 1 
    0.398013 9.409283e-02 1.781900e-13 1 
    0.398300 1.073272e-01 2.029600e-13 1 
    0.398587 1.333145e-01 2.517400e-13 1 
    0.398874 1.515485e-01 2.857600e-13 1 
    0.399161 1.603864e-01 3.019900e-13 1 
    0.399448 1.682121e-01 3.162700e-13 1 
    0.399735 1.702968e-01 3.197300e-13 1 
    0.400022 1.717575e-01 3.220100e-13 1 
    0.400309 1.774686e-01 3.322400e-13 1 
    0.400596 1.843882e-01 3.447000e-13 1 
    0.400883 1.812134e-01 3.382800e-13 1 
    0.401170 1.879748e-01 3.504000e-13 1 
    0.401457 1.876207e-01 3.492400e-13 1 
    0.401744 1.974600e-01 3.670300e-13 1 
    0.402031 1.982971e-01 3.680600e-13 1 
    0.402318 1.961578e-01 3.635700e-13 1 
    0.402605 2.071304e-01 3.833600e-13 1 
    0.402892 1.977514e-01 3.654800e-13 1 
    0.403179 1.997563e-01 3.686600e-13 1 
    0.403466 1.955371e-01 3.603600e-13 1 
    0.403753 1.991572e-01 3.665100e-13 1 
    0.404040 1.961700e-01 3.605000e-13 1 
    0.404327 1.910050e-01 3.505100e-13 1 
    0.404614 1.960675e-01 3.592900e-13 1 
    0.404901 2.007559e-01 3.673600e-13 1 
    0.405188 1.979157e-01 3.616500e-13 1 
    0.405475 1.904635e-01 3.475400e-13 1 
    0.405762 1.954145e-01 3.560700e-13 1 
    0.406049 1.931190e-01 3.513900e-13 1 
    0.406336 2.007395e-01 3.647400e-13 1 
    0.406623 2.016955e-01 3.659600e-13 1 
    0.406910 1.934201e-01 3.504500e-13 1 
    0.407197 1.916259e-01 3.467100e-13 1 
    0.407484 2.032646e-01 3.672500e-13 1 
    0.407771 1.995991e-01 3.601200e-13 1 
    0.408058 1.969496e-01 3.548400e-13 1 
    0.408345 1.944532e-01 3.498500e-13 1 
    0.408632 1.971757e-01 3.542500e-13 1 
    0.408919 1.978429e-01 3.549500e-13 1 
    0.409206 2.018381e-01 3.616100e-13 1 
    0.409493 2.053912e-01 3.674600e-13 1 
    0.409780 2.009214e-01 3.589600e-13 1 
    0.410067 1.918424e-01 3.422600e-13 1 
    0.410354 1.920998e-01 3.422400e-13 1 
    0.410641 1.806041e-01 3.213100e-13 1 
    0.410928 1.815152e-01 3.224800e-13 1 
    0.411215 1.711100e-01 3.035700e-13 1 
    0.411502 1.767451e-01 3.131300e-13 1 
    0.411789 1.861655e-01 3.293600e-13 1 
    0.412076 1.923683e-01 3.398600e-13 1 
    0.412363 1.933902e-01 3.411900e-13 1 
    0.412650 2.088825e-01 3.680100e-13 1 
    0.412937 2.033699e-01 3.578000e-13 1 
    0.413224 2.028046e-01 3.563100e-13 1 
    0.413511 2.006241e-01 3.519900e-13 1 
    0.413798 2.037337e-01 3.569500e-13 1 
    0.414085 2.043651e-01 3.575600e-13 1 
    0.414372 2.105723e-01 3.679100e-13 1 
    0.414659 2.135864e-01 3.726600e-13 1 
    0.414946 2.115578e-01 3.686100e-13 1 
    0.415233 2.093850e-01 3.643200e-13 1 
    0.415520 2.073782e-01 3.603300e-13 1 
    0.415807 2.056937e-01 3.569100e-13 1 
    0.416094 2.060124e-01 3.569700e-13 1 
    0.416381 2.112494e-01 3.655400e-13 1 
    0.416668 2.148625e-01 3.712800e-13 1 
    0.416955 2.110673e-01 3.642200e-13 1 
    0.417242 2.151531e-01 3.707600e-13 1 
    0.417529 2.173494e-01 3.740300e-13 1 
    0.417816 2.176600e-01 3.740500e-13 1 
    0.418103 2.122777e-01 3.643000e-13 1 
    0.418390 2.053981e-01 3.520100e-13 1 
    0.418677 2.086073e-01 3.570200e-13 1 
    0.418964 2.048972e-01 3.501900e-13 1 
    0.419251 2.093437e-01 3.573000e-13 1 
    0.419538 2.095014e-01 3.570800e-13 1 
    0.419825 2.215912e-01 3.771700e-13 1 
    0.420112 2.199587e-01 3.738800e-13 1 
    0.420399 2.151281e-01 3.651700e-13 1 
    0.420686 2.092395e-01 3.546900e-13 1 
    0.420973 2.132290e-01 3.609600e-13 1 
    0.421260 2.130526e-01 3.601700e-13 1 
    0.421547 2.213929e-01 3.737600e-13 1 
    0.421834 2.249092e-01 3.791800e-13 1 
    0.422121 2.216873e-01 3.732400e-13 1 
    0.422408 2.190686e-01 3.683300e-13 1 
    0.422695 2.172938e-01 3.648500e-13 1 
    0.422982 2.230399e-01 3.739900e-13 1 
    0.423269 2.196401e-01 3.677900e-13 1 
    0.423556 2.073382e-01 3.467200e-13 1 
    0.423843 2.140266e-01 3.574200e-13 1 
    0.424130 2.079365e-01 3.467800e-13 1 
    0.424417 2.180471e-01 3.631500e-13 1 
    0.424704 2.238796e-01 3.723600e-13 1 
    0.424991 2.244833e-01 3.728600e-13 1 
    0.425278 2.213140e-01 3.671000e-13 1 
    0.425565 2.339521e-01 3.875400e-13 1 
    0.425852 2.284465e-01 3.779100e-13 1 
    0.426139 2.309397e-01 3.815200e-13 1 
    0.426426 2.220377e-01 3.663200e-13 1 
    0.426713 2.202184e-01 3.628300e-13 1 
    0.427000 2.247083e-01 3.697300e-13 1 
    0.427287 2.285951e-01 3.756200e-13 1 
    0.427574 2.260381e-01 3.709200e-13 1 
    0.427861 2.230464e-01 3.655200e-13 1 
    0.428148 2.221848e-01 3.636200e-13 1 
    0.428435 2.156667e-01 3.524800e-13 1 
    0.428722 2.237245e-01 3.651600e-13 1 
    0.429009 2.318093e-01 3.778500e-13 1 
    0.429296 2.248891e-01 3.660800e-13 1 
    0.429583 2.250669e-01 3.658800e-13 1 
    0.429870 2.224542e-01 3.611500e-13 1 
    0.430157 2.173545e-01 3.524000e-13 1 
    0.430444 2.157362e-01 3.493100e-13 1 
    0.430731 2.013672e-01 3.256100e-13 1 
    0.431018 1.908358e-01 3.081700e-13 1 
    0.431305 1.944323e-01 3.135600e-13 1 
    0.431592 1.943186e-01 3.129600e-13 1 
    0.431879 2.015592e-01 3.241900e-13 1 
    0.432166 2.089803e-01 3.356800e-13 1 
    0.432453 2.211584e-01 3.547700e-13 1 
    0.432740 2.264145e-01 3.627200e-13 1 
    0.433027 2.324279e-01 3.718600e-13 1 
    0.433314 2.326797e-01 3.717700e-13 1 
    0.433601 2.252921e-01 3.594900e-13 1 
    0.433888 2.313512e-01 3.686700e-13 1 
    0.434175 2.318396e-01 3.689600e-13 1 
    0.434462 2.304097e-01 3.662000e-13 1 
    0.434749 2.231224e-01 3.541500e-13 1 
    0.435036 2.201682e-01 3.490000e-13 1 
    0.435323 2.225181e-01 3.522600e-13 1 
    0.435610 2.232544e-01 3.529600e-13 1 
    0.435897 2.249040e-01 3.551000e-13 1 
    0.436184 2.359814e-01 3.721000e-13 1 
    0.436471 2.392767e-01 3.768000e-13 1 
    0.436758 2.448818e-01 3.851200e-13 1 
    0.437045 2.511441e-01 3.944500e-13 1 
    0.437332 2.546999e-01 3.995100e-13 1 
    0.437619 2.573325e-01 4.031100e-13 1 
    0.437906 2.554074e-01 3.995700e-13 1 
    0.438193 2.507947e-01 3.918400e-13 1 
    0.438480 2.464833e-01 3.846000e-13 1 
    0.438767 2.473131e-01 3.853900e-13 1 
    0.439054 2.454456e-01 3.819800e-13 1 
    0.439341 2.330465e-01 3.622100e-13 1 
    0.439628 2.291184e-01 3.556400e-13 1 
    0.439915 2.390681e-01 3.706000e-13 1 
    0.440202 2.492693e-01 3.859100e-13 1 
    0.440489 2.477964e-01 3.831300e-13 1 
    0.440776 2.544207e-01 3.928600e-13 1 
    0.441063 2.524306e-01 3.892800e-13 1 
    0.441350 2.496491e-01 3.844900e-13 1 
    0.441637 2.527305e-01 3.887300e-13 1 
    0.441924 2.584754e-01 3.970500e-13 1 
    0.442211 2.559561e-01 3.926700e-13 1 
    0.442498 2.568302e-01 3.935000e-13 1 
    0.442785 2.654764e-01 4.062200e-13 1 
    0.443072 2.629348e-01 4.018100e-13 1 
    0.443359 2.666827e-01 4.070100e-13 1 
    0.443646 2.626718e-01 4.003700e-13 1 
    0.443933 2.613300e-01 3.978100e-13 1 
    0.444220 2.639768e-01 4.013200e-13 1 
    0.444507 2.605902e-01 3.956600e-13 1 
    0.444794 2.645539e-01 4.011600e-13 1 
    0.445081 2.644927e-01 4.005500e-13 1 
    0.445368 2.656273e-01 4.017500e-13 1 
    0.445655 2.719213e-01 4.107400e-13 1 
    0.445942 2.759241e-01 4.162500e-13 1 
    0.446229 2.692638e-01 4.056800e-13 1 
    0.446516 2.674171e-01 4.023800e-13 1 
    0.446803 2.620115e-01 3.937400e-13 1 
    0.447090 2.562250e-01 3.845500e-13 1 
    0.447377 2.591826e-01 3.884900e-13 1 
    0.447664 2.728889e-01 4.085100e-13 1 
    0.447951 2.732656e-01 4.085500e-13 1 
    0.448238 2.741249e-01 4.093100e-13 1 
    0.448525 2.821206e-01 4.207100e-13 1 
    0.448812 2.884845e-01 4.296500e-13 1 
    0.449099 2.890553e-01 4.299500e-13 1 
    0.449386 2.909933e-01 4.322800e-13 1 
    0.449673 2.893835e-01 4.293400e-13 1 
    0.449960 2.863449e-01 4.242900e-13 1 
    0.450247 2.842100e-01 4.205900e-13 1 
    0.450534 2.911422e-01 4.303000e-13 1 
    0.450821 2.960523e-01 4.370000e-13 1 
    0.451108 2.994344e-01 4.414300e-13 1 
    0.451395 3.052830e-01 4.494800e-13 1 
    0.451682 3.103161e-01 4.563100e-13 1 
    0.451969 3.098117e-01 4.549900e-13 1 
    0.452256 3.069464e-01 4.502100e-13 1 
    0.452543 3.044963e-01 4.460500e-13 1 
    0.452830 3.014103e-01 4.409700e-13 1 
    0.453117 2.987470e-01 4.365200e-13 1 
    0.453404 2.939383e-01 4.289500e-13 1 
    0.453691 2.870308e-01 4.183400e-13 1 
    0.453978 2.774945e-01 4.039300e-13 1 
    0.454265 2.808102e-01 4.082400e-13 1 
    0.454552 2.871708e-01 4.169600e-13 1 
    0.454839 2.913332e-01 4.224700e-13 1 
    0.455126 2.930059e-01 4.243600e-13 1 
    0.455413 2.961548e-01 4.283800e-13 1 
    0.455700 2.961406e-01 4.278200e-13 1 
    0.455987 2.913641e-01 4.203900e-13 1 
    0.456274 2.962278e-01 4.268700e-13 1 
    0.456561 3.010891e-01 4.333300e-13 1 
    0.456848 3.037149e-01 4.365600e-13 1 
    0.457135 3.066601e-01 4.402400e-13 1 
    0.457422 3.093468e-01 4.435400e-13 1 
    0.457709 3.074236e-01 4.402300e-13 1 
    0.457996 3.068724e-01 4.388900e-13 1 
    0.458283 3.095324e-01 4.421400e-13 1 
    0.458570 3.135581e-01 4.473300e-13 1 
    0.458857 3.080343e-01 4.389000e-13 1 
    0.459144 3.009007e-01 4.282000e-13 1 
    0.459431 2.989059e-01 4.248300e-13 1 
    0.459718 3.002446e-01 4.262000e-13 1 
    0.460005 3.032858e-01 4.299800e-13 1 
    0.460292 3.033466e-01 4.295300e-13 1 
    0.460579 3.026785e-01 4.280500e-13 1 
    0.460866 3.052223e-01 4.311100e-13 1 
    0.461153 3.098841e-01 4.371500e-13 1 
    0.461440 3.080200e-01 4.339800e-13 1 
    0.461727 3.136762e-01 4.414000e-13 1 
    0.462014 3.223484e-01 4.530400e-13 1 
    0.462301 3.238533e-01 4.545900e-13 1 
    0.462588 3.258818e-01 4.568700e-13 1 
    0.462875 3.247580e-01 4.547300e-13 1 
    0.463162 3.233374e-01 4.521800e-13 1 
    0.463449 3.304181e-01 4.615100e-13 1 
    0.463736 3.313149e-01 4.621900e-13 1 
    0.464023 3.274331e-01 4.562100e-13 1 
    0.464310 3.257112e-01 4.532500e-13 1 
    0.464597 3.220560e-01 4.476100e-13 1 
    0.464884 3.204945e-01 4.448900e-13 1 
    0.465171 3.171397e-01 4.396900e-13 1 
    0.465458 3.156752e-01 4.371200e-13 1 
    0.465745 3.124782e-01 4.321600e-13 1 
    0.466032 3.122553e-01 4.313200e-13 1 
    0.466319 3.132634e-01 4.321800e-13 1 
    0.466606 3.150716e-01 4.341400e-13 1 
    0.466893 3.192087e-01 4.393000e-13 1 
    0.467180 3.193902e-01 4.390100e-13 1 
    0.467467 3.109106e-01 4.268300e-13 1 
    0.467754 3.061509e-01 4.197800e-13 1 
    0.468041 3.092358e-01 4.234900e-13 1 
    0.468328 3.146743e-01 4.304100e-13 1 
    0.468615 3.163850e-01 4.322200e-13 1 
    0.468902 3.175350e-01 4.332600e-13 1 
    0.469189 3.198610e-01 4.359000e-13 1 
    0.469476 3.241389e-01 4.411900e-13 1 
    0.469763 3.232039e-01 4.393800e-13 1 
    0.470050 3.228551e-01 4.383700e-13 1 
    0.470337 3.219738e-01 4.366400e-13 1 
    0.470624 3.225515e-01 4.368900e-13 1 
    0.470911 3.160483e-01 4.275600e-13 1 
    0.471198 3.153901e-01 4.261500e-13 1 
    0.471485 3.148482e-01 4.249000e-13 1 
    0.471772 3.160849e-01 4.260500e-13 1 
    0.472059 3.182002e-01 4.283800e-13 1 
    0.472346 3.206101e-01 4.311000e-13 1 
    0.472633 3.257356e-01 4.374600e-13 1 
    0.472920 3.282262e-01 4.402700e-13 1 
    0.473207 3.365441e-01 4.508800e-13 1 
    0.473494 3.416307e-01 4.571400e-13 1 
    0.473781 3.353783e-01 4.482300e-13 1 
    0.474068 3.290800e-01 4.392800e-13 1 
    0.474355 3.322087e-01 4.429200e-13 1 
    0.474642 3.286383e-01 4.376300e-13 1 
    0.474929 3.319907e-01 4.415600e-13 1 
    0.475216 3.394154e-01 4.508900e-13 1 
    0.475503 3.381296e-01 4.486400e-13 1 
    0.475790 3.365534e-01 4.460100e-13 1 
    0.476077 3.375110e-01 4.467400e-13 1 
    0.476364 3.378425e-01 4.466400e-13 1 
    0.476651 3.353415e-01 4.428000e-13 1 
    0.476938 3.344489e-01 4.410900e-13 1 
    0.477225 3.311014e-01 4.361500e-13 1 
    0.477512 3.229263e-01 4.248700e-13 1 
    0.477799 3.225917e-01 4.239200e-13 1 
    0.478086 3.238936e-01 4.251200e-13 1 
    0.478373 3.302934e-01 4.330000e-13 1 
    0.478660 3.384111e-01 4.431100e-13 1 
    0.478947 3.389241e-01 4.432500e-13 1 
    0.479234 3.383811e-01 4.420100e-13 1 
    0.479521 3.339041e-01 4.356400e-13 1 
    0.479808 3.364373e-01 4.384200e-13 1 
    0.480095 3.428173e-01 4.462000e-13 1 
    0.480382 3.457734e-01 4.495100e-13 1 
    0.480669 3.536724e-01 4.592300e-13 1 
    0.480956 3.549431e-01 4.603300e-13 1 
    0.481243 3.513371e-01 4.551100e-13 1 
    0.481530 3.435480e-01 4.444900e-13 1 
    0.481817 3.507054e-01 4.532100e-13 1 
    0.482104 3.467150e-01 4.475200e-13 1 
    0.482391 3.462592e-01 4.464000e-13 1 
    0.482678 3.555555e-01 4.578400e-13 1 
    0.482965 3.587154e-01 4.613600e-13 1 
    0.483252 3.575305e-01 4.592900e-13 1 
    0.483539 3.530686e-01 4.530200e-13 1 
    0.483826 3.491650e-01 4.474800e-13 1 
    0.484113 3.447827e-01 4.413400e-13 1 
    0.484400 3.477884e-01 4.446600e-13 1 
    0.484687 3.484669e-01 4.450000e-13 1 
    0.484974 3.470530e-01 4.426700e-13 1 
    0.485261 3.463806e-01 4.412900e-13 1 
    0.485548 3.406923e-01 4.335300e-13 1 
    0.485835 3.379323e-01 4.295100e-13 1 
    0.486122 3.340465e-01 4.240700e-13 1 
    0.486409 3.352454e-01 4.250900e-13 1 
    0.486696 3.296009e-01 4.174400e-13 1 
    0.486983 3.368751e-01 4.261500e-13 1 
    0.487270 3.425512e-01 4.328200e-13 1 
    0.487557 3.414413e-01 4.309100e-13 1 
    0.487844 3.317843e-01 4.182300e-13 1 
    0.488131 3.208887e-01 4.040200e-13 1 
    0.488418 3.208447e-01 4.034900e-13 1 
    0.488705 3.277022e-01 4.116300e-13 1 
    0.488992 3.322159e-01 4.168100e-13 1 
    0.489279 3.335795e-01 4.180300e-13 1 
    0.489566 3.351214e-01 4.194700e-13 1 
    0.489853 3.340427e-01 4.176300e-13 1 
    0.490140 3.402239e-01 4.248600e-13 1 
    0.490427 3.500268e-01 4.365900e-13 1 
    0.490714 3.552044e-01 4.425300e-13 1 
    0.491001 3.610443e-01 4.492800e-13 1 
    0.491288 3.639928e-01 4.524200e-13 1 
    0.491575 3.635564e-01 4.513500e-13 1 
    0.491862 3.625859e-01 4.496200e-13 1 
    0.492149 3.602157e-01 4.461600e-13 1 
    0.492436 3.551313e-01 4.393500e-13 1 
    0.492723 3.563951e-01 4.404000e-13 1 
    0.493010 3.509851e-01 4.332100e-13 1 
    0.493297 3.520103e-01 4.339700e-13 1 
    0.493584 3.540442e-01 4.359700e-13 1 
    0.493871 3.659929e-01 4.501600e-13 1 
    0.494158 3.676557e-01 4.516800e-13 1 
    0.494445 3.626555e-01 4.450200e-13 1 
    0.494732 3.562723e-01 4.366800e-13 1 
    0.495019 3.594058e-01 4.400100e-13 1 
    0.495306 3.699792e-01 4.524300e-13 1 
    0.495593 3.750011e-01 4.580400e-13 1 
    0.495880 3.750256e-01 4.575400e-13 1 
    0.496167 3.798665e-01 4.629100e-13 1 
    0.496454 3.781537e-01 4.602900e-13 1 
    0.496741 3.778673e-01 4.594100e-13 1 
    0.497028 3.792509e-01 4.605600e-13 1 
    0.497315 3.786255e-01 4.592700e-13 1 
    0.497602 3.744737e-01 4.537100e-13 1 
    0.497889 3.733028e-01 4.517700e-13 1 
    0.498176 3.713259e-01 4.488600e-13 1 
    0.498463 3.705447e-01 4.474000e-13 1 
    0.498750 3.692634e-01 4.453400e-13 1 
    0.499037 3.602002e-01 4.339100e-13 1 
    0.499324 3.517886e-01 4.232900e-13 1 
    0.499611 3.475003e-01 4.176500e-13 1 
    0.499898 3.543637e-01 4.254100e-13 1 
    0.500185 3.603332e-01 4.320800e-13 1 
    0.500472 3.653138e-01 4.375500e-13 1 
    0.500759 3.677222e-01 4.399300e-13 1 
    0.501046 3.649639e-01 4.361300e-13 1 
    0.501333 3.692359e-01 4.407300e-13 1 
    0.501620 3.732570e-01 4.450200e-13 1 
    0.501907 3.779751e-01 4.501300e-13 1 
    0.502194 3.688239e-01 4.387300e-13 1 
    0.502481 3.615616e-01 4.296000e-13 1 
    0.502768 3.523440e-01 4.181700e-13 1 
    0.503055 3.461498e-01 4.103500e-13 1 
    0.503342 3.510292e-01 4.156600e-13 1 
    0.503629 3.541352e-01 4.188600e-13 1 
    0.503916 3.569513e-01 4.217100e-13 1 
    0.504203 3.658320e-01 4.317100e-13 1 
    0.504490 3.725435e-01 4.391300e-13 1 
    0.504777 3.657142e-01 4.305900e-13 1 
    0.505064 3.646592e-01 4.288600e-13 1 
    0.505351 3.605364e-01 4.235300e-13 1 
    0.505638 3.595825e-01 4.219300e-13 1 
    0.505925 3.682925e-01 4.316600e-13 1 
    0.506212 3.703077e-01 4.335300e-13 1 
    0.506499 3.709159e-01 4.337500e-13 1 
    0.506786 3.768154e-01 4.401500e-13 1 
    0.507073 3.887186e-01 4.535400e-13 1 
    0.507360 3.895277e-01 4.539700e-13 1 
    0.507647 3.827614e-01 4.455800e-13 1 
    0.507934 3.795393e-01 4.413300e-13 1 
    0.508221 3.737780e-01 4.341400e-13 1 
    0.508508 3.735366e-01 4.333700e-13 1 
    0.508795 3.740016e-01 4.334200e-13 1 
    0.509082 3.703201e-01 4.286700e-13 1 
    0.509369 3.683248e-01 4.258800e-13 1 
    0.509656 3.677011e-01 4.246800e-13 1 
    0.509943 3.734028e-01 4.307800e-13 1 
    0.510230 3.809303e-01 4.389700e-13 1 
    0.510517 3.866063e-01 4.450100e-13 1 
    0.510804 3.862497e-01 4.441000e-13 1 
    0.511091 3.825915e-01 4.394000e-13 1 
    0.511378 3.776080e-01 4.331900e-13 1 
    0.511665 3.813831e-01 4.370300e-13 1 
    0.511952 3.793212e-01 4.341800e-13 1 
    0.512239 3.751635e-01 4.289400e-13 1 
    0.512526 3.817833e-01 4.360200e-13 1 
    0.512813 3.885049e-01 4.432000e-13 1 
    0.513100 3.877728e-01 4.418700e-13 1 
    0.513387 3.822237e-01 4.350600e-13 1 
    0.513674 3.716394e-01 4.225400e-13 1 
    0.513961 3.652043e-01 4.147600e-13 1 
    0.514248 3.711393e-01 4.210300e-13 1 
    0.514535 3.743512e-01 4.242000e-13 1 
    0.514822 3.782499e-01 4.281400e-13 1 
    0.515109 3.753638e-01 4.244000e-13 1 
    0.515396 3.735509e-01 4.218800e-13 1 
    0.515683 3.755271e-01 4.236400e-13 1 
    0.515970 3.713751e-01 4.184900e-13 1 
    0.516257 3.725257e-01 4.193200e-13 1 
    0.516544 3.780985e-01 4.251200e-13 1 
    0.516831 3.805310e-01 4.273800e-13 1 
    0.517118 3.800535e-01 4.263700e-13 1 
    0.517405 3.739523e-01 4.190600e-13 1 
    0.517692 3.596627e-01 4.026000e-13 1 
    0.517979 3.412179e-01 3.815300e-13 1 
    0.518266 3.279781e-01 3.663200e-13 1 
    0.518553 3.313172e-01 3.696400e-13 1 
    0.518840 3.441029e-01 3.834800e-13 1 
    0.519127 3.533141e-01 3.933100e-13 1 
    0.519414 3.566276e-01 3.965600e-13 1 
    0.519701 3.625586e-01 4.027100e-13 1 
    0.519988 3.661047e-01 4.062000e-13 1 
    0.520275 3.651916e-01 4.047400e-13 1 
    0.520562 3.693523e-01 4.089000e-13 1 
    0.520849 3.794264e-01 4.195900e-13 1 
    0.521136 3.876934e-01 4.282600e-13 1 
    0.521423 3.897246e-01 4.300300e-13 1 
    0.521710 3.848553e-01 4.241900e-13 1 
    0.521997 3.799201e-01 4.182900e-13 1 
    0.522284 3.857117e-01 4.242000e-13 1 
    0.522571 3.893581e-01 4.277400e-13 1 
    0.522858 3.957547e-01 4.342900e-13 1 
    0.523145 4.038433e-01 4.426800e-13 1 
    0.523432 4.025329e-01 4.407600e-13 1 
    0.523719 3.987689e-01 4.361600e-13 1 
    0.524006 3.974030e-01 4.341900e-13 1 
    0.524293 3.980033e-01 4.343700e-13 1 
    0.524580 3.973292e-01 4.331600e-13 1 
    0.524867 4.042564e-01 4.402300e-13 1 
    0.525154 4.133032e-01 4.495900e-13 1 
    0.525441 4.161294e-01 4.521700e-13 1 
    0.525728 4.202785e-01 4.561800e-13 1 
    0.526015 4.135343e-01 4.483700e-13 1 
    0.526302 4.068669e-01 4.406600e-13 1 
    0.526589 4.103888e-01 4.439900e-13 1 
    0.526876 4.117430e-01 4.449700e-13 1 
    0.527163 4.042438e-01 4.363900e-13 1 
    0.527450 4.010396e-01 4.324600e-13 1 
    0.527737 3.854064e-01 4.151500e-13 1 
    0.528024 3.772012e-01 4.058700e-13 1 
    0.528311 3.789045e-01 4.072600e-13 1 
    0.528598 3.905954e-01 4.193700e-13 1 
    0.528885 4.037656e-01 4.330400e-13 1 
    0.529172 4.210706e-01 4.511100e-13 1 
    0.529459 4.255922e-01 4.554600e-13 1 
    0.529746 4.275223e-01 4.570300e-13 1 
    0.530033 4.379027e-01 4.676200e-13 1 
    0.530320 4.450612e-01 4.747500e-13 1 
    0.530607 4.421926e-01 4.711800e-13 1 
    0.530894 4.312939e-01 4.590700e-13 1 
    0.531181 4.260890e-01 4.530400e-13 1 
    0.531468 4.324059e-01 4.592600e-13 1 
    0.531755 4.431467e-01 4.701600e-13 1 
    0.532042 4.525042e-01 4.795700e-13 1 
    0.532329 4.570259e-01 4.838400e-13 1 
    0.532616 4.567812e-01 4.830600e-13 1 
    0.532903 4.502686e-01 4.756600e-13 1 
    0.533190 4.451059e-01 4.697000e-13 1 
    0.533477 4.402537e-01 4.640800e-13 1 
    0.533764 4.284007e-01 4.511000e-13 1 
    0.534051 4.230526e-01 4.449900e-13 1 
    0.534338 4.216611e-01 4.430500e-13 1 
    0.534625 4.237625e-01 4.447800e-13 1 
    0.534912 4.335836e-01 4.546000e-13 1 
    0.535199 4.451628e-01 4.662400e-13 1 
    0.535486 4.378504e-01 4.580900e-13 1 
    0.535773 4.399083e-01 4.597500e-13 1 
    0.536060 4.481480e-01 4.678600e-13 1 
    0.536347 4.467199e-01 4.658700e-13 1 
    0.536634 4.553381e-01 4.743500e-13 1 
    0.536921 4.662997e-01 4.852500e-13 1 
    0.537208 4.638258e-01 4.821600e-13 1 
    0.537495 4.591117e-01 4.767500e-13 1 
    0.537782 4.509932e-01 4.678200e-13 1 
    0.538069 4.439376e-01 4.600100e-13 1 
    0.538356 4.392041e-01 4.546200e-13 1 
    0.538643 4.430961e-01 4.581600e-13 1 
    0.538930 4.510329e-01 4.658700e-13 1 
    0.539217 4.549443e-01 4.694100e-13 1 
    0.539504 4.635592e-01 4.777900e-13 1 
    0.539791 4.575937e-01 4.711400e-13 1 
    0.540078 4.483478e-01 4.611300e-13 1 
    0.540365 4.446490e-01 4.568400e-13 1 
    0.540652 4.433092e-01 4.549800e-13 1 
    0.540939 4.397321e-01 4.508300e-13 1 
    0.541226 4.392614e-01 4.498700e-13 1 
    0.541513 4.335597e-01 4.435600e-13 1 
    0.541800 4.313188e-01 4.408000e-13 1 
    0.542087 4.360368e-01 4.451500e-13 1 
    0.542374 4.329196e-01 4.415000e-13 1 
    0.542661 4.474540e-01 4.558400e-13 1 
    0.542948 4.554446e-01 4.634900e-13 1 
    0.543235 4.587986e-01 4.664100e-13 1 
    0.543522 4.584564e-01 4.655700e-13 1 
    0.543809 4.561312e-01 4.627200e-13 1 
    0.544096 4.519057e-01 4.579500e-13 1 
    0.544383 4.530346e-01 4.586100e-13 1 
    0.544670 4.493690e-01 4.544200e-13 1 
    0.544957 4.554852e-01 4.601200e-13 1 
    0.545244 4.586804e-01 4.628600e-13 1 
    0.545531 4.614748e-01 4.651900e-13 1 
    0.545818 4.672535e-01 4.705200e-13 1 
    0.546105 4.570882e-01 4.598000e-13 1 
    0.546392 4.608727e-01 4.631200e-13 1 
    0.546679 4.604006e-01 4.621600e-13 1 
    0.546966 4.564065e-01 4.576700e-13 1 
    0.547253 4.607190e-01 4.615100e-13 1 
    0.547540 4.623716e-01 4.626800e-13 1 
    0.547827 4.661477e-01 4.659700e-13 1 
    0.548114 4.664961e-01 4.658300e-13 1 
    0.548401 4.620625e-01 4.609200e-13 1 
    0.548688 4.578498e-01 4.562400e-13 1 
    0.548975 4.540795e-01 4.520100e-13 1 
    0.549262 4.490536e-01 4.465400e-13 1 
    0.549549 4.532277e-01 4.502200e-13 1 
    0.549836 4.636978e-01 4.601400e-13 1 
    0.550123 4.677329e-01 4.636600e-13 1 
    0.550410 4.693724e-01 4.648000e-13 1 
    0.550697 4.747648e-01 4.696500e-13 1 
    0.550984 4.683785e-01 4.628500e-13 1 
    0.551271 4.714498e-01 4.654000e-13 1 
    0.551558 4.712006e-01 4.646700e-13 1 
    0.551845 4.666663e-01 4.597200e-13 1 
    0.552132 4.638085e-01 4.564300e-13 1 
    0.552419 4.720930e-01 4.641000e-13 1 
    0.552706 4.633173e-01 4.550000e-13 1 
    0.552993 4.741245e-01 4.651300e-13 1 
    0.553280 4.776575e-01 4.681100e-13 1 
    0.553567 4.757834e-01 4.657900e-13 1 
    0.553854 4.821564e-01 4.715400e-13 1 
    0.554141 4.725330e-01 4.616500e-13 1 
    0.554428 4.719057e-01 4.605600e-13 1 
    0.554715 4.840873e-01 4.719600e-13 1 
    0.555002 4.835412e-01 4.709400e-13 1 
    0.555289 4.684288e-01 4.557500e-13 1 
    0.555576 4.794591e-01 4.660000e-13 1 
    0.555863 4.892653e-01 4.750400e-13 1 
    0.556150 4.826155e-01 4.681000e-13 1 
    0.556437 4.841665e-01 4.691200e-13 1 
    0.556724 4.909476e-01 4.752000e-13 1 
    0.557011 4.872446e-01 4.711300e-13 1 
    0.557298 4.862457e-01 4.696800e-13 1 
    0.557585 4.856793e-01 4.686500e-13 1 
    0.557872 4.706079e-01 4.536400e-13 1 
    0.558159 4.641449e-01 4.469500e-13 1 
    0.558446 4.665143e-01 4.487700e-13 1 
    0.558733 4.697411e-01 4.514100e-13 1 
    0.559020 4.898282e-01 4.702300e-13 1 
    0.559307 4.779955e-01 4.584000e-13 1 
    0.559594 4.846030e-01 4.642600e-13 1 
    0.559881 4.707330e-01 4.505100e-13 1 
    0.560168 4.676490e-01 4.471000e-13 1 
    0.560455 4.553440e-01 4.348900e-13 1 
    0.560742 4.665326e-01 4.451200e-13 1 
    0.561029 4.746378e-01 4.523900e-13 1 
    0.561316 4.745145e-01 4.518100e-13 1 
    0.561603 4.782063e-01 4.548600e-13 1 
    0.561890 4.910715e-01 4.666200e-13 1 
    0.562177 5.045310e-01 4.789200e-13 1 
    0.562464 5.015873e-01 4.756400e-13 1 
    0.562751 4.907829e-01 4.649200e-13 1 
    0.563038 4.892549e-01 4.630000e-13 1 
    0.563325 4.872786e-01 4.606600e-13 1 
    0.563612 4.859222e-01 4.589100e-13 1 
    0.563899 4.890671e-01 4.614100e-13 1 
    0.564186 4.946473e-01 4.662000e-13 1 
    0.564473 4.958410e-01 4.668500e-13 1 
    0.564760 4.953353e-01 4.659000e-13 1 
    0.565047 4.945831e-01 4.647200e-13 1 
    0.565334 4.990700e-01 4.684600e-13 1 
    0.565621 5.044077e-01 4.729900e-13 1 
    0.565908 4.989204e-01 4.673700e-13 1 
    0.566195 5.061480e-01 4.736600e-13 1 
    0.566482 4.998367e-01 4.672800e-13 1 
    0.566769 5.029988e-01 4.697600e-13 1 
    0.567056 4.938725e-01 4.607700e-13 1 
    0.567343 4.891796e-01 4.559300e-13 1 
    0.567630 4.804488e-01 4.473400e-13 1 
    0.567917 4.896754e-01 4.554700e-13 1 
    0.568204 4.959710e-01 4.608600e-13 1 
    0.568491 5.091625e-01 4.726400e-13 1 
    0.568778 5.125020e-01 4.752600e-13 1 
    0.569065 5.113678e-01 4.737300e-13 1 
    0.569352 5.084152e-01 4.705200e-13 1 
    0.569639 5.005237e-01 4.627500e-13 1 
    0.569926 5.021974e-01 4.638300e-13 1 
    0.570213 5.024433e-01 4.635900e-13 1 
    0.570500 5.108581e-01 4.708800e-13 1 
    0.570787 5.134465e-01 4.727900e-13 1 
    0.571074 5.131042e-01 4.720000e-13 1 
    0.571361 5.152087e-01 4.734600e-13 1 
    0.571648 5.088640e-01 4.671600e-13 1 
    0.571935 5.020588e-01 4.604500e-13 1 
    0.572222 4.977058e-01 4.560000e-13 1 
    0.572509 5.011987e-01 4.587400e-13 1 
    0.572796 5.076180e-01 4.641500e-13 1 
    0.573083 5.130314e-01 4.686300e-13 1 
    0.573370 5.223997e-01 4.767100e-13 1 
    0.573657 5.316764e-01 4.846900e-13 1 
    0.573944 5.346572e-01 4.869200e-13 1 
    0.574231 5.331916e-01 4.851000e-13 1 
    0.574518 5.302809e-01 4.819700e-13 1 
    0.574805 5.260421e-01 4.776400e-13 1 
    0.575092 5.288717e-01 4.797300e-13 1 
    0.575379 5.312205e-01 4.813800e-13 1 
    0.575666 5.304692e-01 4.802200e-13 1 
    0.575953 5.288531e-01 4.782800e-13 1 
    0.576240 5.280964e-01 4.771200e-13 1 
    0.576527 5.297304e-01 4.781200e-13 1 
    0.576814 5.293375e-01 4.772900e-13 1 
    0.577101 5.257346e-01 4.735700e-13 1 
    0.577388 5.279134e-01 4.750600e-13 1 
    0.577675 5.255018e-01 4.724200e-13 1 
    0.577962 5.243316e-01 4.709000e-13 1 
    0.578249 5.310161e-01 4.764300e-13 1 
    0.578536 5.314540e-01 4.763500e-13 1 
    0.578823 5.281509e-01 4.729200e-13 1 
    0.579110 5.240467e-01 4.687800e-13 1 
    0.579397 5.149316e-01 4.601700e-13 1 
    0.579684 5.066601e-01 4.523300e-13 1 
    0.579971 5.155487e-01 4.598100e-13 1 
    0.580258 5.264968e-01 4.691100e-13 1 
    0.580545 5.309274e-01 4.725900e-13 1 
    0.580832 5.377274e-01 4.781700e-13 1 
    0.581119 5.444162e-01 4.836400e-13 1 
    0.581406 5.480979e-01 4.864300e-13 1 
    0.581693 5.526206e-01 4.899600e-13 1 
    0.581980 5.529289e-01 4.897500e-13 1 
    0.582267 5.499145e-01 4.866000e-13 1 
    0.582554 5.514296e-01 4.874600e-13 1 
    0.582841 5.546228e-01 4.898000e-13 1 
    0.583128 5.570734e-01 4.914800e-13 1 
    0.583415 5.606285e-01 4.941300e-13 1 
    0.583702 5.645646e-01 4.971100e-13 1 
    0.583989 5.660635e-01 4.979400e-13 1 
    0.584276 5.611237e-01 4.931100e-13 1 
    0.584563 5.639077e-01 4.950700e-13 1 
    0.584850 5.654649e-01 4.959500e-13 1 
    0.585137 5.629043e-01 4.932200e-13 1 
    0.585424 5.656729e-01 4.951600e-13 1 
    0.585711 5.674512e-01 4.962300e-13 1 
    0.585998 5.507119e-01 4.811200e-13 1 
    0.586285 5.497391e-01 4.798000e-13 1 
    0.586572 5.515619e-01 4.809200e-13 1 
    0.586859 5.360181e-01 4.669100e-13 1 
    0.587146 5.314633e-01 4.624900e-13 1 
    0.587433 5.303842e-01 4.611000e-13 1 
    0.587720 5.376036e-01 4.669200e-13 1 
    0.588007 5.403761e-01 4.688700e-13 1 
    0.588294 5.411692e-01 4.691000e-13 1 
    0.588581 5.457505e-01 4.726100e-13 1 
    0.588868 5.455315e-01 4.719600e-13 1 
    0.589155 5.243231e-01 4.531700e-13 1 
    0.589442 5.100678e-01 4.404200e-13 1 
    0.589729 4.882024e-01 4.211300e-13 1 
    0.590016 4.646459e-01 4.004200e-13 1 
    0.590303 4.458631e-01 3.838600e-13 1 
    0.590590 4.344261e-01 3.736500e-13 1 
    0.590877 4.388751e-01 3.771100e-13 1 
    0.591164 4.604565e-01 3.952700e-13 1 
    0.591451 4.883524e-01 4.188100e-13 1 
    0.591738 5.103959e-01 4.372900e-13 1 
    0.592025 5.268269e-01 4.509300e-13 1 
    0.592312 5.392428e-01 4.611100e-13 1 
    0.592599 5.431836e-01 4.640300e-13 1 
    0.592886 5.421280e-01 4.626800e-13 1 
    0.593173 5.497370e-01 4.687200e-13 1 
    0.593460 5.446810e-01 4.639600e-13 1 
    0.593747 5.488155e-01 4.670300e-13 1 
    0.594034 5.455115e-01 4.637700e-13 1 
    0.594321 5.487940e-01 4.661100e-13 1 
    0.594608 5.541207e-01 4.701800e-13 1 
    0.594895 5.571449e-01 4.722900e-13 1 
    0.595182 5.600324e-01 4.742800e-13 1 
    0.595469 5.647567e-01 4.778200e-13 1 
    0.595756 5.611959e-01 4.743500e-13 1 
    0.596043 5.619736e-01 4.745500e-13 1 
    0.596330 5.626689e-01 4.746800e-13 1 
    0.596617 5.588562e-01 4.710100e-13 1 
    0.596904 5.557480e-01 4.679400e-13 1 
    0.597191 5.602888e-01 4.713100e-13 1 
    0.597478 5.591139e-01 4.698700e-13 1 
    0.597765 5.677743e-01 4.766900e-13 1 
    0.598052 5.689754e-01 4.772400e-13 1 
    0.598339 5.730420e-01 4.801900e-13 1 
    0.598626 5.603687e-01 4.691200e-13 1 
    0.598913 5.565061e-01 4.654400e-13 1 
    0.599200 5.662311e-01 4.731200e-13 1 
    0.599487 5.612031e-01 4.684700e-13 1 
    0.599774 5.579635e-01 4.653200e-13 1 
    0.600061 5.619543e-01 4.682000e-13 1 
    0.600348 5.580948e-01 4.645400e-13 1 
    0.600635 5.569931e-01 4.631800e-13 1 
    0.600922 5.617746e-01 4.667100e-13 1 
    0.601209 5.649740e-01 4.689200e-13 1 
    0.601496 5.615217e-01 4.656100e-13 1 
    0.601783 5.686004e-01 4.710300e-13 1 
    0.602070 5.625698e-01 4.655900e-13 1 
    0.602357 5.580870e-01 4.614400e-13 1 
    0.602644 5.545392e-01 4.580700e-13 1 
    0.602931 5.549948e-01 4.580100e-13 1 
    0.603218 5.641714e-01 4.651400e-13 1 
    0.603505 5.551172e-01 4.572400e-13 1 
    0.603792 5.604089e-01 4.611600e-13 1 
    0.604079 5.643963e-01 4.640000e-13 1 
    0.604366 5.742956e-01 4.716900e-13 1 
    0.604653 5.777293e-01 4.740600e-13 1 
    0.604940 5.853409e-01 4.798500e-13 1 
    0.605227 5.853225e-01 4.793800e-13 1 
    0.605514 5.842768e-01 4.780700e-13 1 
    0.605801 5.866290e-01 4.795400e-13 1 
    0.606088 5.903686e-01 4.821400e-13 1 
    0.606375 5.899474e-01 4.813400e-13 1 
    0.606662 5.933890e-01 4.836900e-13 1 
    0.606949 5.866197e-01 4.777200e-13 1 
    0.607236 5.975728e-01 4.861800e-13 1 
    0.607523 5.894398e-01 4.791100e-13 1 
    0.607810 5.887408e-01 4.780900e-13 1 
    0.608097 5.926865e-01 4.808400e-13 1 
    0.608384 5.959604e-01 4.830400e-13 1 
    0.608671 5.985975e-01 4.847200e-13 1 
    0.608958 5.978395e-01 4.836500e-13 1 
    0.609245 6.004199e-01 4.852800e-13 1 
    0.609532 5.932331e-01 4.790200e-13 1 
    0.609819 5.877799e-01 4.741700e-13 1 
    0.610106 5.862364e-01 4.724800e-13 1 
    0.610393 5.829878e-01 4.694200e-13 1 
    0.610680 5.861217e-01 4.715000e-13 1 
    0.610967 5.926080e-01 4.762700e-13 1 
    0.611254 5.903128e-01 4.739800e-13 1 
    0.611541 5.884489e-01 4.720400e-13 1 
    0.611828 5.856946e-01 4.693900e-13 1 
    0.612115 5.863192e-01 4.694500e-13 1 
    0.612402 5.903945e-01 4.722700e-13 1 
    0.612689 5.883954e-01 4.702300e-13 1 
    0.612976 5.913765e-01 4.721700e-13 1 
    0.613263 5.917172e-01 4.720000e-13 1 
    0.613550 5.891844e-01 4.695400e-13 1 
    0.613837 5.922603e-01 4.715500e-13 1 
    0.614124 5.924120e-01 4.712300e-13 1 
    0.614411 5.919968e-01 4.704600e-13 1 
    0.614698 5.926130e-01 4.705100e-13 1 
    0.614985 5.822868e-01 4.618800e-13 1 
    0.615272 5.780858e-01 4.581200e-13 1 
    0.615559 5.810124e-01 4.600100e-13 1 
    0.615846 5.891649e-01 4.660300e-13 1 
    0.616133 5.869683e-01 4.638600e-13 1 
    0.616420 5.860207e-01 4.626800e-13 1 
    0.616707 5.883287e-01 4.640700e-13 1 
    0.616994 5.846888e-01 4.607700e-13 1 
    0.617281 5.687849e-01 4.478200e-13 1 
    0.617568 5.570078e-01 4.381400e-13 1 
    0.617855 5.486817e-01 4.311900e-13 1 
    0.618142 5.544519e-01 4.353200e-13 1 
    0.618429 5.601045e-01 4.393500e-13 1 
    0.618716 5.715984e-01 4.479500e-13 1 
    0.619003 5.749003e-01 4.501200e-13 1 
    0.619290 5.767375e-01 4.511400e-13 1 
    0.619577 5.845531e-01 4.568300e-13 1 
    0.619864 5.812781e-01 4.538500e-13 1 
    0.620151 5.740734e-01 4.478100e-13 1 
    0.620438 5.766323e-01 4.493900e-13 1 
    0.620725 5.726193e-01 4.458500e-13 1 
    0.621012 5.724676e-01 4.453200e-13 1 
    0.621299 5.854136e-01 4.549700e-13 1 
    0.621586 5.859417e-01 4.549600e-13 1 
    0.621873 5.832602e-01 4.524600e-13 1 
    0.622160 5.899534e-01 4.572300e-13 1 
    0.622447 5.903944e-01 4.571500e-13 1 
    0.622734 5.856778e-01 4.530800e-13 1 
    0.623021 5.762551e-01 4.453800e-13 1 
    0.623308 5.797778e-01 4.476900e-13 1 
    0.623595 5.698123e-01 4.395900e-13 1 
    0.623882 5.684296e-01 4.381200e-13 1 
    0.624169 5.631219e-01 4.336300e-13 1 
    0.624456 5.592206e-01 4.302300e-13 1 
    0.624743 5.592273e-01 4.298400e-13 1 
    0.625030 5.687264e-01 4.367400e-13 1 
    0.625317 5.717254e-01 4.386400e-13 1 
    0.625604 5.682713e-01 4.355900e-13 1 
    0.625891 5.656458e-01 4.331800e-13 1 
    0.626178 5.594989e-01 4.280800e-13 1 
    0.626465 5.653232e-01 4.321400e-13 1 
    0.626752 5.580897e-01 4.262200e-13 1 
    0.627039 5.669625e-01 4.326000e-13 1 
    0.627326 5.690033e-01 4.337600e-13 1 
    0.627613 5.758265e-01 4.385600e-13 1 
    0.627900 5.894820e-01 4.485500e-13 1 
    0.628187 5.964665e-01 4.534500e-13 1 
    0.628474 5.944443e-01 4.515000e-13 1 
    0.628761 5.933927e-01 4.502900e-13 1 
    0.629048 5.848334e-01 4.433900e-13 1 
    0.629335 5.937110e-01 4.497100e-13 1 
    0.629622 5.894955e-01 4.461100e-13 1 
    0.629909 5.908530e-01 4.467300e-13 1 
    0.630196 5.963559e-01 4.504800e-13 1 
    0.630483 9.465215e-01 7.143400e-13 1 
    0.630770 6.746829e-01 5.087200e-13 1 
    0.631057 5.489906e-01 4.135700e-13 1 
    0.631344 6.027158e-01 4.536300e-13 1 
    0.631631 6.010564e-01 4.519700e-13 1 
    0.631918 6.038257e-01 4.536400e-13 1 
    0.632205 6.045874e-01 4.538000e-13 1 
    0.632492 6.025761e-01 4.518800e-13 1 
    0.632779 6.064198e-01 4.543500e-13 1 
    0.633066 6.050731e-01 4.529300e-13 1 
    0.633353 6.047660e-01 4.522900e-13 1 
    0.633640 5.997066e-01 4.481000e-13 1 
    0.633927 5.999687e-01 4.478900e-13 1 
    0.634214 6.114259e-01 4.560300e-13 1 
    0.634501 6.092685e-01 4.540100e-13 1 
    0.634788 6.148837e-01 4.577800e-13 1 
    0.635075 6.142029e-01 4.568600e-13 1 
    0.635362 6.185664e-01 4.596900e-13 1 
    0.635649 6.106403e-01 4.533900e-13 1 
    0.635936 6.232972e-01 4.623700e-13 1 
    0.636223 6.259648e-01 4.639300e-13 1 
    0.636510 6.173059e-01 4.571000e-13 1 
    0.636797 6.199038e-01 4.586100e-13 1 
    0.637084 6.177162e-01 4.565800e-13 1 
    0.637371 6.184896e-01 4.567400e-13 1 
    0.637658 6.034737e-01 4.452500e-13 1 
    0.637945 6.064996e-01 4.470800e-13 1 
    0.638232 6.158574e-01 4.535700e-13 1 
    0.638519 6.348670e-01 4.671500e-13 1 
    0.638806 6.327174e-01 4.651500e-13 1 
    0.639093 6.364038e-01 4.674400e-13 1 
    0.639380 6.274775e-01 4.604700e-13 1 
    0.639667 6.253405e-01 4.584900e-13 1 
    0.639954 6.321540e-01 4.630700e-13 1 
    0.640241 6.397033e-01 4.681800e-13 1 
    0.640528 6.341638e-01 4.637100e-13 1 
    0.640815 6.323231e-01 4.619500e-13 1 
    0.641102 6.303687e-01 4.601100e-13 1 
    0.641389 6.276697e-01 4.577300e-13 1 
    0.641676 6.245532e-01 4.550500e-13 1 
    0.641963 6.275297e-01 4.568100e-13 1 
    0.642250 6.265236e-01 4.556700e-13 1 
    0.642537 6.204504e-01 4.508500e-13 1 
    0.642824 6.246964e-01 4.535300e-13 1 
    0.643111 6.201395e-01 4.498200e-13 1 
    0.643398 6.205137e-01 4.496900e-13 1 
    0.643685 6.292574e-01 4.556200e-13 1 
    0.643972 6.337031e-01 4.584300e-13 1 
    0.644259 6.316391e-01 4.565300e-13 1 
    0.644546 6.330468e-01 4.571400e-13 1 
    0.644833 6.292724e-01 4.540100e-13 1 
    0.645120 6.250466e-01 4.505600e-13 1 
    0.645407 6.320454e-01 4.552000e-13 1 
    0.645694 6.353177e-01 4.571500e-13 1 
    0.645981 6.373014e-01 4.581700e-13 1 
    0.646268 6.370326e-01 4.575700e-13 1 
    0.646555 6.309934e-01 4.528300e-13 1 
    0.646842 6.309262e-01 4.523800e-13 1 
    0.647129 6.243950e-01 4.473000e-13 1 
    0.647416 6.184382e-01 4.426400e-13 1 
    0.647703 6.199234e-01 4.433100e-13 1 
    0.647990 6.246859e-01 4.463200e-13 1 
    0.648277 6.332804e-01 4.520600e-13 1 
    0.648564 6.365053e-01 4.539600e-13 1 
    0.648851 6.387948e-01 4.551900e-13 1 
    0.649138 6.503862e-01 4.630400e-13 1 
    0.649425 6.628127e-01 4.714700e-13 1 
    0.649712 6.620619e-01 4.705200e-13 1 
    0.649999 6.485778e-01 4.605300e-13 1 
    0.650286 6.397628e-01 4.538700e-13 1 
    0.650573 6.380140e-01 4.522300e-13 1 
    0.650860 6.224936e-01 4.408400e-13 1 
    0.651147 6.016029e-01 4.256700e-13 1 
    0.651434 6.047926e-01 4.275500e-13 1 
    0.651721 6.128011e-01 4.328300e-13 1 
    0.652008 6.348801e-01 4.480300e-13 1 
    0.652295 6.494236e-01 4.578900e-13 1 
    0.652582 6.444446e-01 4.539800e-13 1 
    0.652869 6.556250e-01 4.614500e-13 1 
    0.653156 6.659283e-01 4.682900e-13 1 
    0.653443 6.594115e-01 4.633000e-13 1 
    0.653730 6.427253e-01 4.511800e-13 1 
    0.654017 6.462412e-01 4.532500e-13 1 
    0.654304 6.508328e-01 4.560700e-13 1 
    0.654591 6.542605e-01 4.580700e-13 1 
    0.654878 6.564496e-01 4.592000e-13 1 
    0.655165 6.641076e-01 4.641500e-13 1 
    0.655452 6.778359e-01 4.733300e-13 1 
    0.655739 6.688122e-01 4.666200e-13 1 
    0.656026 6.964822e-01 4.855000e-13 1 
    0.656313 7.287948e-01 5.075800e-13 1 
    0.656600 7.232673e-01 5.032900e-13 1 
    0.656887 7.124074e-01 4.953000e-13 1 
    0.657174 7.422250e-01 5.155800e-13 1 
    0.657461 8.815407e-01 6.118200e-13 1 
    0.657748 1.055652e+00 7.320200e-13 1 
    0.658035 1.162026e+00 8.050800e-13 1 
    0.658322 1.042760e+00 7.218200e-13 1 
    0.658609 8.562537e-01 5.922000e-13 1 
    0.658896 7.361345e-01 5.086800e-13 1 
    0.659183 7.098935e-01 4.901200e-13 1 
    0.659470 7.690639e-01 5.305100e-13 1 
    0.659757 8.539744e-01 5.885700e-13 1 
    0.660044 8.979058e-01 6.183100e-13 1 
    0.660331 8.658097e-01 5.956900e-13 1 
    0.660618 7.865674e-01 5.407000e-13 1 
    0.660905 7.053664e-01 4.844600e-13 1 
    0.661192 6.623053e-01 4.544900e-13 1 
    0.661479 6.632013e-01 4.547100e-13 1 
    0.661766 6.639959e-01 4.548600e-13 1 
    0.662053 6.551481e-01 4.484100e-13 1 
    0.662340 6.726207e-01 4.599700e-13 1 
    0.662627 6.717694e-01 4.589900e-13 1 
    0.662914 6.738750e-01 4.600300e-13 1 
    0.663201 6.789594e-01 4.631000e-13 1 
    0.663488 6.748517e-01 4.599000e-13 1 
    0.663775 6.757587e-01 4.601200e-13 1 
    0.664062 6.669651e-01 4.537400e-13 1 
    0.664349 6.735442e-01 4.578200e-13 1 
    0.664636 6.723003e-01 4.565800e-13 1 
    0.664923 6.682241e-01 4.534200e-13 1 
    0.665210 6.675031e-01 4.525400e-13 1 
    0.665497 6.692012e-01 4.533000e-13 1 
    0.665784 6.807419e-01 4.607200e-13 1 
    0.666071 6.752362e-01 4.566000e-13 1 
    0.666358 6.783640e-01 4.583200e-13 1 
    0.666645 6.809188e-01 4.596500e-13 1 
    0.666932 6.823354e-01 4.602100e-13 1 
    0.667219 6.744792e-01 4.545200e-13 1 
    0.667506 6.688069e-01 4.503100e-13 1 
    0.667793 6.726969e-01 4.525400e-13 1 
    0.668080 6.747035e-01 4.535000e-13 1 
    0.668367 6.735263e-01 4.523200e-13 1 
    0.668654 6.772494e-01 4.544300e-13 1 
    0.668941 6.778906e-01 4.544700e-13 1 
    0.669228 6.875790e-01 4.605700e-13 1 
    0.669515 6.831633e-01 4.572200e-13 1 
    0.669802 6.812668e-01 4.555600e-13 1 
    0.670089 6.886309e-01 4.600900e-13 1 
    0.670376 6.879776e-01 4.592600e-13 1 
    0.670663 6.908306e-01 4.607700e-13 1 
    0.670950 6.891263e-01 4.592400e-13 1 
    0.671237 6.787823e-01 4.519600e-13 1 
    0.671524 6.797087e-01 4.521900e-13 1 
    0.671811 6.803048e-01 4.522000e-13 1 
    0.672098 6.904776e-01 4.585700e-13 1 
    0.672385 6.943075e-01 4.607200e-13 1 
    0.672672 7.035881e-01 4.664800e-13 1 
    0.672959 7.367049e-01 4.880200e-13 1 
    0.673246 7.653147e-01 5.065400e-13 1 
    0.673533 7.678122e-01 5.077600e-13 1 
    0.673820 7.473541e-01 4.938100e-13 1 
    0.674107 7.271935e-01 4.800800e-13 1 
    0.674394 7.322700e-01 4.830200e-13 1 
    0.674681 7.563056e-01 4.984500e-13 1 
    0.674968 7.535627e-01 4.962200e-13 1 
    0.675255 7.286085e-01 4.793800e-13 1 
    0.675542 7.019379e-01 4.614400e-13 1 
    0.675829 6.858633e-01 4.504900e-13 1 
    0.676116 6.856079e-01 4.499400e-13 1 
    0.676403 6.750570e-01 4.426400e-13 1 
    0.676690 6.842082e-01 4.482600e-13 1 
    0.676977 6.812903e-01 4.459700e-13 1 
    0.677264 6.940845e-01 4.539600e-13 1 
    0.677551 6.960959e-01 4.548900e-13 1 
    0.677838 6.900235e-01 4.505400e-13 1 
    0.678125 6.945474e-01 4.531100e-13 1 
    0.678412 6.918984e-01 4.510000e-13 1 
    0.678699 6.946029e-01 4.523800e-13 1 
    0.678986 7.084371e-01 4.610000e-13 1 
    0.679273 6.867653e-01 4.465200e-13 1 
    0.679560 6.899781e-01 4.482300e-13 1 
    0.679847 6.890358e-01 4.472400e-13 1 
    0.680134 7.086914e-01 4.596100e-13 1 
    0.680421 6.847984e-01 4.437400e-13 1 
    0.680708 6.877702e-01 4.452900e-13 1 
    0.680995 6.833264e-01 4.420400e-13 1 
    0.681282 6.897506e-01 4.458200e-13 1 
    0.681569 7.016046e-01 4.531000e-13 1 
    0.681856 6.983213e-01 4.506000e-13 1 
    0.682143 7.056874e-01 4.549700e-13 1 
    0.682430 7.181414e-01 4.626100e-13 1 
    0.682717 7.355409e-01 4.734200e-13 1 
    0.683912 6.988438e-01 4.482300e-13 0 
    0.685488 7.036503e-01 4.492400e-13 0 
    0.687068 7.117600e-01 4.523300e-13 0 
    0.688652 6.891521e-01 4.359500e-13 0 
    0.690240 7.019262e-01 4.419900e-13 0 
    0.691831 7.132866e-01 4.470800e-13 0 
    0.693426 7.132614e-01 4.450100e-13 0 
    0.695024 7.198214e-01 4.470400e-13 0 
    0.696626 7.331566e-01 4.532300e-13 0 
    0.698233 7.331303e-01 4.511300e-13 0 
    0.699842 7.467168e-01 4.573800e-13 0 
    0.701455 7.398300e-01 4.510800e-13 0 
    0.703072 7.229453e-01 4.387600e-13 0 
    0.704693 7.465934e-01 4.510300e-13 0 
    0.706318 7.363212e-01 4.427800e-13 0 
    0.707946 7.362779e-01 4.407200e-13 0 
    0.709578 7.278106e-01 4.336500e-13 0 
    0.711214 7.260955e-01 4.306400e-13 0 
    0.712853 7.277350e-01 4.296300e-13 0 
    0.714496 7.260225e-01 4.266500e-13 0 
    0.716143 7.327071e-01 4.286000e-13 0 
    0.717794 7.326545e-01 4.266000e-13 0 
    0.719449 7.326208e-01 4.246200e-13 0 
    0.721108 7.093449e-01 4.092400e-13 0 
    0.722770 7.109468e-01 4.082800e-13 0 
    0.724436 7.599912e-01 4.344400e-13 0 
    0.726106 7.478054e-01 4.255100e-13 0 
    0.727780 7.426238e-01 4.206200e-13 0 
    0.729457 7.865790e-01 4.434700e-13 0 
    0.731139 7.651040e-01 4.293800e-13 0 
    0.732825 7.739175e-01 4.323300e-13 0 
    0.734514 7.882613e-01 4.383200e-13 0 
    0.736207 8.178068e-01 4.526600e-13 0 
    0.737904 8.046837e-01 4.433500e-13 0 
    0.739605 8.233678e-01 4.515600e-13 0 
    0.741310 8.045823e-01 4.392300e-13 0 
    0.743019 8.463528e-01 4.599100e-13 0 
    0.744732 8.346933e-01 4.514900e-13 0 
    0.746449 8.560607e-01 4.609200e-13 0 
    0.748170 8.659275e-01 4.640900e-13 0 
    0.749894 8.500721e-01 4.535000e-13 0 
    0.751623 8.678188e-01 4.608400e-13 0 
    0.753356 8.617986e-01 4.555400e-13 0 
    0.755092 8.657369e-01 4.555200e-13 0 
    0.756833 8.878914e-01 4.650300e-13 0 
    0.758578 8.676301e-01 4.523300e-13 0 
    0.760326 8.816728e-01 4.575400e-13 0 
    0.762079 8.615640e-01 4.450500e-13 0 
    0.763836 8.634992e-01 4.440000e-13 0 
    0.765597 8.876291e-01 4.543100e-13 0 
    0.767361 8.834999e-01 4.501200e-13 0 
    0.769130 8.150526e-01 4.133400e-13 0 
    0.770904 8.573667e-01 4.328000e-13 0 
    0.772681 8.494428e-01 4.268300e-13 0 
    0.774462 8.435467e-01 4.219200e-13 0 
    0.776247 8.591895e-01 4.277700e-13 0 
    0.778037 8.453999e-01 4.189700e-13 0 
    0.779830 8.610581e-01 4.247700e-13 0 
    0.781628 8.492098e-01 4.170000e-13 0 
    0.783430 8.749594e-01 4.276700e-13 0 
    0.785236 8.973520e-01 4.366000e-13 0 
    0.787046 8.931726e-01 4.325700e-13 0 
    0.788860 9.118149e-01 4.395700e-13 0 
    0.790679 8.930600e-01 4.285500e-13 0 
    0.792501 8.646890e-01 4.130300e-13 0 
    0.794328 8.567133e-01 4.073400e-13 0 
    0.796159 8.625903e-01 4.082500e-13 0 
    0.797995 8.826418e-01 4.158200e-13 0 
    0.799834 9.052242e-01 4.245000e-13 0 
    0.801678 8.886442e-01 4.148100e-13 0 
    0.803526 9.156020e-01 4.254300e-13 0 
    0.805378 9.071575e-01 4.195700e-13 0 
    0.807235 9.389747e-01 4.322900e-13 0 
    0.809096 9.476079e-01 4.342600e-13 0 
    0.810961 9.324052e-01 4.253300e-13 0 
    0.812831 9.090272e-01 4.127600e-13 0 
    0.814704 9.301468e-01 4.204100e-13 0 
    0.816582 9.408413e-01 4.232900e-13 0 
    0.818465 9.257587e-01 4.145900e-13 0 
    0.820352 9.805504e-01 4.371100e-13 0 
    0.822243 9.559596e-01 4.241900e-13 0 
    0.824138 9.804301e-01 4.330500e-13 0 
    0.826038 8.479878e-01 3.728300e-13 0 
    0.827942 1.005451e+00 4.400300e-13 0 
    0.829851 1.014684e+00 4.420300e-13 0 
    0.831764 9.756896e-01 4.230900e-13 0 
    0.833681 9.381665e-01 4.049500e-13 0 
    0.835603 9.778047e-01 4.201200e-13 0 
    0.837529 9.868067e-01 4.220400e-13 0 
    0.839460 9.776911e-01 4.162200e-13 0 
    0.841395 9.531779e-01 4.039200e-13 0 
    0.843335 9.980465e-01 4.209900e-13 0 
    0.845279 1.000271e+00 4.199900e-13 0 
    0.847227 9.707200e-01 4.057100e-13 0 
    0.849180 1.000151e+00 4.160900e-13 0 
    0.851138 9.977897e-01 4.132000e-13 0 
    0.853100 7.980103e-01 3.289500e-13 0 
    0.855067 9.839676e-01 4.037400e-13 0 
    0.857038 8.316658e-01 3.396800e-13 0 
    0.859014 1.004436e+00 4.083600e-13 0 
    0.860994 1.027778e+00 4.159300e-13 0 
    0.862979 9.769404e-01 3.935400e-13 0 
    0.864968 1.022922e+00 4.101700e-13 0 
    0.866962 1.039470e+00 4.148900e-13 0 
    0.868960 9.435874e-01 3.748900e-13 0 
    0.870964 9.971511e-01 3.943500e-13 0 
    0.872971 1.022658e+00 4.025800e-13 0 
    0.874984 1.051241e+00 4.119300e-13 0 
    0.877001 1.036737e+00 4.043800e-13 0 
    0.879023 1.034286e+00 4.015700e-13 0 
    0.881049 1.080485e+00 4.175800e-13 0 
    0.883080 1.085394e+00 4.175500e-13 0 
    0.885116 1.085312e+00 4.156000e-13 0 
    0.887156 1.046010e+00 3.987100e-13 0 
    0.889201 1.029200e+00 3.905000e-13 0 
    0.891251 1.017349e+00 3.842300e-13 0 
    0.893305 1.050612e+00 3.949700e-13 0 
    0.895365 1.045709e+00 3.913200e-13 0 
    0.897429 1.055315e+00 3.931000e-13 0 
    0.899498 1.040768e+00 3.859000e-13 0 
    0.901571 1.077271e+00 3.976000e-13 0 
    0.903650 1.026364e+00 3.770700e-13 0 
    0.905733 9.891807e-01 3.617400e-13 0 
    0.907820 1.154094e+00 4.201100e-13 0 
    0.909913 1.143443e+00 4.143200e-13 0 
    0.912011 1.016665e+00 3.666900e-13 0 
    0.914113 1.052330e+00 3.778100e-13 0 
    0.916220 1.076774e+00 3.848100e-13 0 
    0.918333 1.099232e+00 3.910300e-13 0 
    0.920450 1.047287e+00 3.708400e-13 0 
    0.922571 1.109259e+00 3.909800e-13 0 
    0.924698 1.059256e+00 3.716400e-13 0 
    0.926830 1.071448e+00 3.741900e-13 0 
    0.928966 1.091293e+00 3.793700e-13 0 
    0.931108 1.121791e+00 3.881800e-13 0 
    0.933254 1.023004e+00 3.523700e-13 0 
    0.935406 1.158392e+00 3.971700e-13 0 
    0.937562 1.160984e+00 3.962300e-13 0 
    0.939723 1.147591e+00 3.898600e-13 0 
    0.941890 1.168859e+00 3.952600e-13 0 
    0.944061 1.152744e+00 3.880200e-13 0 
    0.946237 1.190417e+00 3.988600e-13 0 
    0.948418 1.179420e+00 3.933600e-13 0 
    0.950605 1.212367e+00 4.024900e-13 0 
    0.952796 1.187429e+00 3.924000e-13 0 
    0.954993 1.198322e+00 3.941800e-13 0 
    0.957194 1.165585e+00 3.816500e-13 0 
    0.959401 1.206465e+00 3.932200e-13 0 
    0.961612 1.234471e+00 4.005000e-13 0 
    0.963829 1.228713e+00 3.968000e-13 0 
    0.966051 1.239984e+00 3.986000e-13 0 
    0.968278 1.231363e+00 3.940100e-13 0 
    0.970510 1.234126e+00 3.930800e-13 0 
    0.972747 1.236889e+00 3.921500e-13 0 
    0.974990 1.228277e+00 3.876300e-13 0 
    0.977237 1.228184e+00 3.858200e-13 0 
    0.979490 1.239450e+00 3.875700e-13 0 
    0.981748 1.230842e+00 3.831100e-13 0 
    0.984011 1.262311e+00 3.911000e-13 0 
    0.986279 1.256432e+00 3.874900e-13 0 
    0.988553 1.265033e+00 3.883500e-13 0 
    0.990832 1.262037e+00 3.856500e-13 0 
    0.993116 1.261945e+00 3.838500e-13 0 
    0.995405 1.276455e+00 3.864800e-13 0 
    0.997700 1.285201e+00 3.873400e-13 0 
    1.000000 1.291033e+00 3.873100e-13 0 
    1.002305 1.290964e+00 3.855100e-13 0 
    1.004615 1.293827e+00 3.845900e-13 0 
    1.009253 1.287704e+00 3.792600e-13 0 
    1.016249 1.332642e+00 3.871100e-13 0 
    1.020939 1.332428e+00 3.835000e-13 0 
    1.025652 1.350754e+00 3.852100e-13 0 
    1.030386 1.366190e+00 3.860400e-13 0 
    1.032761 1.366095e+00 3.842400e-13 0 
    1.051962 1.374685e+00 3.726700e-13 0 
    1.073990 1.377071e+00 3.581600e-13 0 
    1.093956 1.380240e+00 3.460000e-13 0 
    1.111732 1.367576e+00 3.319500e-13 0 
    1.132400 1.396201e+00 3.266400e-13 0 
    1.153453 1.441946e+00 3.251400e-13 0 
    1.172195 1.451949e+00 3.170100e-13 0 
    1.193988 1.451934e+00 3.055400e-13 0 
    1.213389 1.475552e+00 3.006600e-13 0 
    1.233105 1.502960e+00 2.965300e-13 0 
    1.253141 1.509904e+00 2.884500e-13 0 
    1.273503 1.527421e+00 2.825400e-13 0 
    1.294196 1.541562e+00 2.761100e-13 0 
    1.312200 1.559382e+00 2.716900e-13 0 
    1.333521 1.562988e+00 2.636800e-13 0 
    1.352073 1.573813e+00 2.582700e-13 0 
    1.374042 1.595730e+00 2.535600e-13 0 
    1.393157 1.581111e+00 2.443900e-13 0 
    1.412538 1.552248e+00 2.333900e-13 0 
    1.432188 1.577412e+00 2.307100e-13 0 
    1.455459 1.636646e+00 2.317800e-13 0 
    1.472313 1.617903e+00 2.239100e-13 0 
    1.492794 1.686405e+00 2.270300e-13 0 
    1.513561 1.741593e+00 2.280700e-13 0 
    1.534617 1.819511e+00 2.317800e-13 0 
    1.552387 1.844783e+00 2.296500e-13 0 
    1.573983 1.861866e+00 2.254600e-13 0 
    1.595879 1.844839e+00 2.173100e-13 0 
    1.614359 1.892155e+00 2.178100e-13 0 
    1.633051 1.927336e+00 2.168100e-13 0 
    1.655770 1.958672e+00 2.143300e-13 0 
    1.674943 1.995038e+00 2.133400e-13 0 
    1.694338 2.008877e+00 2.099300e-13 0 
    1.713958 2.018167e+00 2.061000e-13 0 
    1.733803 1.985912e+00 1.981900e-13 0 
    1.753880 1.972187e+00 1.923400e-13 0 
    1.774190 1.936181e+00 1.845300e-13 0 
    1.794734 1.905263e+00 1.774500e-13 0 
    1.815515 1.853284e+00 1.686800e-13 0 
    1.836538 1.849121e+00 1.644700e-13 0 
    1.853532 1.823721e+00 1.592500e-13 0 
    1.874994 1.782176e+00 1.520800e-13 0 
    1.896705 1.778119e+00 1.482800e-13 0 
    1.914256 1.778077e+00 1.455700e-13 0 
    1.936423 1.761750e+00 1.409500e-13 0 
    1.954339 1.725624e+00 1.355400e-13 0 
    1.976970 1.709799e+00 1.312400e-13 0 
    1.995263 1.686383e+00 1.270800e-13 0 
    2.013724 1.690294e+00 1.250500e-13 0 
    2.037042 1.670882e+00 1.208000e-13 0 
    2.055892 1.682505e+00 1.194200e-13 0 
    2.074913 1.670873e+00 1.164300e-13 0 
    2.094113 1.663202e+00 1.137800e-13 0 
    2.113488 1.667022e+00 1.119600e-13 0 
    2.137962 1.667000e+00 1.094100e-13 0 
    2.157745 1.663229e+00 1.071700e-13 0 
    2.177709 1.636608e+00 1.035300e-13 0 
    2.197860 1.640468e+00 1.018800e-13 0 
    2.218197 1.625372e+00 9.910000e-14 0 
    2.233572 1.603082e+00 9.640000e-14 0 
    2.254240 1.595706e+00 9.420500e-14 0 
    2.275097 1.581081e+00 9.163800e-14 0 
    2.296149 1.445296e+00 8.223900e-14 0 
    2.317393 1.462013e+00 8.167200e-14 0 
    2.338837 1.306037e+00 7.162700e-14 0 
    2.355050 1.247262e+00 6.746500e-14 0 
    2.376840 1.285156e+00 6.824600e-14 0 
    2.398834 1.204915e+00 6.281700e-14 0 
    2.415460 1.180192e+00 6.068400e-14 0 
    2.437811 1.185653e+00 5.985200e-14 0 
    2.454708 1.116743e+00 5.560000e-14 0 
    2.477422 1.114183e+00 5.446000e-14 0 
    2.494594 9.505008e-01 4.582200e-14 0 
    2.517677 9.505088e-01 4.498600e-14 0 
    2.535128 9.681656e-01 4.519300e-14 0 
    2.558586 9.748843e-01 4.467600e-14 0 
    2.576320 1.004508e+00 4.540200e-14 0 
    2.594179 9.998860e-01 4.457300e-14 0 
    2.618184 1.016146e+00 4.447100e-14 0 
    2.636331 1.004518e+00 4.335900e-14 0 
    2.654604 1.009143e+00 4.296100e-14 0 
    2.679168 1.009147e+00 4.217700e-14 0 
    2.697741 1.009141e+00 4.159800e-14 0 
    2.716439 1.009158e+00 4.102800e-14 0 
    2.735267 1.002197e+00 4.018600e-14 0 
    2.754229 1.002208e+00 3.963500e-14 0 
    2.779712 9.975812e-01 3.873200e-14 0 
    2.798981 9.998910e-01 3.828900e-14 0 
    2.818382 9.952927e-01 3.759000e-14 0 
    2.837920 9.930054e-01 3.698900e-14 0 
    2.857590 9.884454e-01 3.631400e-14 0 
    2.877399 9.816363e-01 3.556900e-14 0 
    2.897343 9.816362e-01 3.508100e-14 0 
    2.917428 9.793768e-01 3.452000e-14 0 
    2.937649 9.726340e-01 3.381200e-14 0 
    2.958014 9.704164e-01 3.327200e-14 0 
    2.978516 9.681826e-01 3.274000e-14 0 
    2.999164 9.637227e-01 3.214200e-14 0 
    3.019952 9.615028e-01 3.162800e-14 0 
    3.040884 9.570928e-01 3.105100e-14 0 
    3.054922 9.570839e-01 3.076600e-14 0 
    3.076096 9.592947e-01 3.041400e-14 0 
    3.097421 9.593058e-01 2.999700e-14 0 
    3.118889 9.592906e-01 2.958500e-14 0 
    3.140510 9.615247e-01 2.924700e-14 0 
    3.155005 9.570826e-01 2.884500e-14 0 
    3.176873 9.571075e-01 2.845000e-14 0 
    3.198896 9.593036e-01 2.812400e-14 0 
    3.221068 9.615117e-01 2.780200e-14 0 
    3.235938 9.637432e-01 2.761100e-14 0 
    3.258367 9.793788e-01 2.767400e-14 0 
    3.280952 1.020847e+00 2.845000e-14 0 
    3.296098 1.121916e+00 3.098000e-14 0 
    3.318944 1.124488e+00 3.062500e-14 0 
    3.341952 1.011469e+00 2.716900e-14 0 
    3.357376 9.659331e-01 2.570800e-14 0 
    3.380647 9.461501e-01 2.483600e-14 0 
    3.396254 9.309912e-01 2.421400e-14 0 
    3.419794 9.246061e-01 2.371800e-14 0 
    3.435578 9.161248e-01 2.328500e-14 0 
    3.459394 9.119164e-01 2.286000e-14 0 
    3.475361 9.014716e-01 2.239100e-14 0 
    3.499453 8.993998e-01 2.203300e-14 0 
    3.515604 8.911591e-01 2.163100e-14 0 
    3.539971 8.870557e-01 2.123600e-14 0 
    3.556314 8.789500e-01 2.084900e-14 0 
    3.580964 8.748913e-01 2.046800e-14 0 
    3.597495 8.688807e-01 2.014100e-14 0 
    3.622430 8.668830e-01 1.981900e-14 0 
    3.639149 8.589231e-01 1.945700e-14 0 
    3.655950 8.490956e-01 1.905800e-14 0 
    3.681289 8.471286e-01 1.875300e-14 0 
    3.698280 8.374596e-01 1.836900e-14 0 
    3.723918 8.316841e-01 1.799200e-14 0 
    3.741105 8.278555e-01 1.774500e-14 0 
    3.758372 8.164929e-01 1.734100e-14 0 
    3.784427 8.184004e-01 1.714300e-14 0 
    3.801893 8.108913e-01 1.683000e-14 0 
    3.819441 8.034169e-01 1.652200e-14 0 
    3.837073 7.978954e-01 1.625800e-14 0 
    3.863669 7.960572e-01 1.599800e-14 0 
    3.881506 7.869520e-01 1.567000e-14 0 
    3.899421 7.815619e-01 1.542000e-14 0 
    3.917418 7.761578e-01 1.517300e-14 0 
    3.944575 7.744049e-01 1.493100e-14 0 
    3.962781 7.654997e-01 1.462400e-14 0 
    3.981071 7.602202e-01 1.439000e-14 0 
    3.999450 7.515267e-01 1.409500e-14 0 
    4.017909 7.463721e-01 1.387000e-14 0 
    4.036454 7.412211e-01 1.364800e-14 0 
    4.064435 7.378219e-01 1.339900e-14 0 
    4.083195 7.344227e-01 1.321500e-14 0 
    4.102040 7.293827e-01 1.300400e-14 0 
    4.120973 7.243568e-01 1.279600e-14 0 
    4.139998 7.210051e-01 1.262000e-14 0 
    4.159106 7.144141e-01 1.239000e-14 0 
    4.178302 7.095016e-01 1.219200e-14 0 
    4.197591 7.062591e-01 1.202500e-14 0 
    4.216965 6.997529e-01 1.180500e-14 0 
    4.236428 6.981509e-01 1.167000e-14 0 
    4.265796 6.965818e-01 1.148400e-14 0 
    4.285485 6.933544e-01 1.132600e-14 0 
    4.305264 6.744377e-01 1.091600e-14 0 
    4.325140 6.576076e-01 1.054600e-14 0 
    4.345102 6.606081e-01 1.049700e-14 0 
    4.365157 6.441089e-01 1.014100e-14 0 
    4.385309 6.367299e-01 9.932900e-15 0 
    4.405549 6.323472e-01 9.774100e-15 0 
    4.425883 6.193734e-01 9.485800e-15 0 
    4.446310 6.179473e-01 9.377200e-15 0 
    4.466837 6.136965e-01 9.227300e-15 0 
    4.477133 6.011077e-01 8.996500e-15 0 
    4.497797 6.038843e-01 8.955200e-15 0 
    4.518562 5.997272e-01 8.812000e-15 0 
    4.539417 5.928641e-01 8.631300e-15 0 
    4.560368 5.942314e-01 8.571900e-15 0 
    4.581416 5.928588e-01 8.473700e-15 0 
    4.602567 5.833829e-01 8.261800e-15 0 
    4.623810 5.874265e-01 8.242800e-15 0 
    4.645151 5.833818e-01 8.111000e-15 0 
    4.666595 5.820441e-01 8.018200e-15 0 
    4.677352 5.807050e-01 7.963000e-15 0 
    4.698940 5.780332e-01 7.853700e-15 0 
    4.720628 5.753814e-01 7.746000e-15 0 
    4.742421 5.793642e-01 7.728100e-15 0 
    4.764310 5.753806e-01 7.604600e-15 0 
    4.786299 5.740528e-01 7.517500e-15 0 
    4.797337 5.714180e-01 7.448600e-15 0 
    4.819479 5.661828e-01 7.312700e-15 0 
    4.841723 5.714212e-01 7.312700e-15 0 
    4.864070 5.674811e-01 7.195700e-15 0 
    4.886525 5.648769e-01 7.097000e-15 0 
    4.897789 5.622786e-01 7.031900e-15 0 
    4.920395 5.609846e-01 6.951400e-15 0 
    4.943104 5.609866e-01 6.887700e-15 0 
    4.965924 5.584101e-01 6.793200e-15 0 
    4.988845 5.609884e-01 6.762000e-15 0 
    5.000344 5.558932e-01 6.669800e-15 0 
    5.023429 5.590105e-01 6.645700e-15 0 
    5.046614 5.621366e-01 6.621600e-15 0 
    5.058246 5.585392e-01 6.549000e-15 0 
    5.081593 5.629582e-01 6.540300e-15 0 
    5.093306 5.645274e-01 6.528400e-15 0 
    5.105052 5.661004e-01 6.516500e-15 0 
    5.116820 5.663744e-01 6.489700e-15 0 
    5.128614 5.666474e-01 6.463000e-15 0 
    5.140436 5.682234e-01 6.451200e-15 0 
    5.152285 5.698019e-01 6.439400e-15 0 
    5.164162 5.713919e-01 6.427700e-15 0 
    5.176071 5.729765e-01 6.415900e-15 0 
    5.188002 5.758991e-01 6.419000e-15 0 
    5.199961 5.761687e-01 6.392500e-15 0 
    5.211947 5.764374e-01 6.366100e-15 0 
    5.223961 5.780337e-01 6.354400e-15 0 
    5.236003 5.796416e-01 6.342800e-15 0 
    5.248072 5.799114e-01 6.316600e-15 0 
    5.260175 5.828568e-01 6.319500e-15 0 
    5.272300 5.858249e-01 6.322500e-15 0 
    5.284453 5.887987e-01 6.325400e-15 0 
    5.296634 5.904315e-01 6.313800e-15 0 
    5.308843 5.893424e-01 6.273200e-15 0 
    5.321080 5.909676e-01 6.261600e-15 0 
    5.333352 5.926062e-01 6.250100e-15 0 
    5.345646 5.956082e-01 6.252900e-15 0 
    5.357968 5.972567e-01 6.241400e-15 0 
    5.370318 6.002823e-01 6.244200e-15 0 
    5.382697 6.019422e-01 6.232700e-15 0 
    5.395105 6.049923e-01 6.235500e-15 0 
    5.407541 6.066539e-01 6.223900e-15 0 
    5.420011 6.097292e-01 6.226700e-15 0 
    5.432505 6.114122e-01 6.215200e-15 0 
    5.445027 6.116844e-01 6.189400e-15 0 
    5.457579 6.147758e-01 6.192100e-15 0 
    5.470159 6.193188e-01 6.209200e-15 0 
    5.482768 6.210149e-01 6.197600e-15 0 
    5.495406 6.227235e-01 6.186100e-15 0 
    5.508079 6.258720e-01 6.188800e-15 0 
    5.520776 6.290351e-01 6.191500e-15 0 
    5.533502 6.322242e-01 6.194300e-15 0 
    5.546257 6.383516e-01 6.225600e-15 0 
    5.559041 6.400926e-01 6.213900e-15 0 
    5.571855 6.403769e-01 6.188100e-15 0 
    5.584705 6.465777e-01 6.219300e-15 0 
    5.597578 6.513479e-01 6.236400e-15 0 
    5.610481 6.531265e-01 6.224700e-15 0 
    5.623413 6.579328e-01 6.241700e-15 0 
    5.636376 6.627806e-01 6.258800e-15 0 
    5.649368 6.661267e-01 6.261500e-15 0 
    5.662390 6.710287e-01 6.278600e-15 0 
    5.675448 6.775200e-01 6.310200e-15 0 
    5.688531 6.825134e-01 6.327500e-15 0 
    5.701643 6.875272e-01 6.344700e-15 0 
    5.714786 6.925839e-01 6.362000e-15 0 
    5.727959 6.992911e-01 6.394100e-15 0 
    5.741162 7.076824e-01 6.441100e-15 0 
    5.754402 7.128818e-01 6.458600e-15 0 
    5.767667 7.214394e-01 6.506100e-15 0 
    5.780962 7.284231e-01 6.538900e-15 0 
    5.794287 7.371567e-01 6.586900e-15 0 
    5.807643 7.477207e-01 6.650600e-15 0 
    5.821030 7.566949e-01 6.699500e-15 0 
    5.834448 7.657701e-01 6.748700e-15 0 
    5.847904 7.785284e-01 6.829600e-15 0 
    5.861383 7.896797e-01 6.895600e-15 0 
    5.874894 8.028390e-01 6.978300e-15 0 
    5.888436 8.162184e-01 7.062000e-15 0 
    5.902009 8.317361e-01 7.163200e-15 0 
    5.915614 8.494912e-01 7.282500e-15 0 
    5.924495 8.568174e-01 7.323300e-15 3 
    5.955481 9.356984e-01 7.914500e-15 3 
    5.986466 9.860047e-01 8.253900e-15 3 
    6.017451 1.087595e+00 9.010800e-15 3 
    6.048437 1.179175e+00 9.669700e-15 3 
    6.079422 1.178708e+00 9.567600e-15 3 
    6.110407 1.317750e+00 1.058800e-14 3 
    6.141393 1.499239e+00 1.192500e-14 3 
    6.172378 1.936788e+00 1.525100e-14 3 
    6.203363 2.431531e+00 1.895600e-14 3 
    6.234349 2.612647e+00 2.016600e-14 3 
    6.265334 2.399491e+00 1.833800e-14 3 
    6.296319 2.149610e+00 1.626700e-14 3 
    6.327305 1.863619e+00 1.396500e-14 3 
    6.358290 1.699317e+00 1.261000e-14 3 
    6.389276 1.582566e+00 1.163000e-14 3 
    6.420261 1.492567e+00 1.086300e-14 3 
    6.451246 1.377797e+00 9.931600e-15 3 
    6.482232 1.312334e+00 9.369500e-15 3 
    6.513217 1.182556e+00 8.362800e-15 3 
    6.544202 1.130308e+00 7.917800e-15 3 
    6.575188 1.145173e+00 7.946500e-15 3 
    6.606173 1.148019e+00 7.891700e-15 3 
    6.637158 1.208225e+00 8.228200e-15 3 
    6.668145 1.239587e+00 8.363500e-15 3 
    6.699129 1.244162e+00 8.316900e-15 3 
    6.730114 1.275567e+00 8.448500e-15 3 
    6.761100 1.326652e+00 8.706500e-15 3 
    6.792085 1.392184e+00 9.053400e-15 3 
    6.823071 1.327387e+00 8.553800e-15 3 
    6.854056 1.423452e+00 9.090100e-15 3 
    6.885041 1.396863e+00 8.840200e-15 3 
    6.916027 1.454873e+00 9.125000e-15 3 
    6.947012 1.514944e+00 9.417200e-15 3 
    6.977998 1.570121e+00 9.673700e-15 3 
    7.008983 1.632075e+00 9.966700e-15 3 
    7.039968 1.536957e+00 9.303400e-15 3 
    7.070954 1.561783e+00 9.371000e-15 3 
    7.101939 1.642885e+00 9.771800e-15 3 
    7.132924 1.786857e+00 1.053600e-14 3 
    7.163910 1.842788e+00 1.077200e-14 3 
    7.194895 1.777145e+00 1.029900e-14 3 
    7.225881 1.832515e+00 1.052900e-14 3 
    7.256866 1.916549e+00 1.091800e-14 3 
    7.287851 2.071929e+00 1.170300e-14 3 
    7.318838 2.161006e+00 1.210300e-14 3 
    7.349822 2.241465e+00 1.244800e-14 3 
    7.380807 2.285463e+00 1.258600e-14 3 
    7.411793 2.374643e+00 1.296800e-14 3 
    7.442778 2.689794e+00 1.456700e-14 3 
    7.473763 3.006231e+00 1.614600e-14 3 
    7.504748 3.383029e+00 1.802000e-14 3 
    7.533706 2.883053e+00 1.523900e-14 3 
    7.535734 3.632683e+00 1.919100e-14 3 
    7.566720 3.732852e+00 1.955900e-14 3 
    7.595799 3.505811e+00 1.822900e-14 3 
    7.597705 3.962252e+00 2.059200e-14 3 
    7.657894 3.596791e+00 1.840000e-14 3 
    7.719988 3.570728e+00 1.797400e-14 3 
    7.782082 3.481237e+00 1.724500e-14 3 
    7.844176 3.503170e+00 1.708000e-14 3 
    7.906271 3.328819e+00 1.597600e-14 3 
    7.968365 3.038863e+00 1.435800e-14 3 
    8.030459 2.770201e+00 1.288700e-14 3 
    8.092554 2.462839e+00 1.128200e-14 3 
    8.154648 2.274906e+00 1.026300e-14 3 
    8.216741 2.199363e+00 9.772800e-15 3 
    8.278836 2.190922e+00 9.589800e-15 3 
    8.340930 2.192673e+00 9.455100e-15 3 
    8.403025 2.244506e+00 9.536100e-15 3 
    8.465119 2.241876e+00 9.385700e-15 3 
    8.527213 2.407055e+00 9.931000e-15 3 
    8.589307 2.576511e+00 1.047700e-14 3 
    8.651402 2.521837e+00 1.010800e-14 3 
    8.713495 2.272891e+00 8.980800e-15 3 
    8.775590 1.983623e+00 7.727300e-15 3 
    8.837684 1.716506e+00 6.593100e-15 3 
    8.899778 1.524928e+00 5.775800e-15 3 
    8.961872 1.392397e+00 5.201000e-15 3 
    9.023966 1.321233e+00 4.867500e-15 3 
    9.086060 1.238843e+00 4.501800e-15 3 
    9.148155 1.205983e+00 4.323100e-15 3 
    9.210249 1.235869e+00 4.370700e-15 3 
    9.272344 1.233388e+00 4.303700e-15 3 
    9.334438 1.208750e+00 4.161800e-15 3 
    9.396532 1.218086e+00 4.138700e-15 3 
    9.458626 1.159206e+00 3.887100e-15 3 
    9.520720 1.188707e+00 3.934200e-15 3 
    9.582815 1.197437e+00 3.911900e-15 3 
    9.644909 1.195207e+00 3.854500e-15 3 
    9.707002 1.253958e+00 3.992400e-15 3 
    9.769098 1.241072e+00 3.901300e-15 3 
    9.831192 1.211730e+00 3.761100e-15 3 
    9.893286 1.205226e+00 3.694100e-15 3 
    9.955380 1.158525e+00 3.506800e-15 3 
   10.017470 1.183591e+00 3.538400e-15 3 
   10.079570 1.186865e+00 3.504600e-15 3 
   10.141659 1.176504e+00 3.431600e-15 3 
   10.203760 1.187486e+00 3.421600e-15 3 
   10.265850 1.174721e+00 3.344000e-15 3 
   10.327949 1.214825e+00 3.416700e-15 3 
   10.390041 1.215586e+00 3.378100e-15 3 
   10.452130 1.297053e+00 3.561800e-15 3 
   10.514230 1.360085e+00 3.690900e-15 3 
   10.576320 1.448755e+00 3.885500e-15 3 
   10.638420 1.493433e+00 3.958700e-15 3 
   10.700510 1.546411e+00 4.051700e-15 3 
   10.762600 1.570858e+00 4.068400e-15 3 
   10.824700 1.573844e+00 4.029500e-15 3 
   10.886791 1.602144e+00 4.055300e-15 3 
   10.948890 1.777114e+00 4.447300e-15 3 
   11.010980 2.012086e+00 4.978700e-15 3 
   11.073080 2.224610e+00 5.443000e-15 3 
   11.135170 2.686824e+00 6.500800e-15 3 
   11.197260 3.962592e+00 9.481500e-15 3 
   11.259360 5.044728e+00 1.193800e-14 3 
   11.321450 4.798881e+00 1.123200e-14 3 
   11.383550 3.994119e+00 9.246700e-15 3 
   11.445640 3.319826e+00 7.602500e-15 3 
   11.507740 2.886755e+00 6.539600e-15 3 
   11.569830 2.533319e+00 5.677500e-15 3 
   11.631920 2.308335e+00 5.118200e-15 3 
   11.694020 2.185404e+00 4.794300e-15 3 
   11.756110 2.128789e+00 4.620900e-15 3 
   11.818209 2.155994e+00 4.630900e-15 3 
   11.880299 2.242645e+00 4.766800e-15 3 
   11.942400 2.369124e+00 4.983400e-15 3 
   12.004490 2.418417e+00 5.034600e-15 3 
   12.066580 2.386277e+00 4.916700e-15 3 
   12.128680 2.326905e+00 4.745400e-15 3 
   12.190770 2.272569e+00 4.587500e-15 3 
   12.252870 2.308442e+00 4.612800e-15 3 
   12.314959 2.394582e+00 4.736800e-15 3 
   12.377051 2.478994e+00 4.854700e-15 3 
   12.439150 2.560358e+00 4.964100e-15 3 
   12.501240 2.716528e+00 5.214700e-15 3 
   12.563340 2.854544e+00 5.425600e-15 3 
   12.625430 2.980117e+00 5.608700e-15 3 
   12.687530 3.084197e+00 5.747900e-15 3 
   12.749620 3.227757e+00 5.957000e-15 3 
   12.811710 3.717496e+00 6.794500e-15 3 
   12.873810 3.507836e+00 6.349600e-15 3 
   12.935900 2.558925e+00 4.587600e-15 3 
   12.998000 2.128069e+00 3.778800e-15 3 
   13.060090 2.017852e+00 3.549100e-15 3 
   13.122180 1.995069e+00 3.475900e-15 3 
   13.184280 2.008435e+00 3.466300e-15 3 
   13.246370 1.951887e+00 3.337200e-15 3 
   13.308470 1.937583e+00 3.281900e-15 3 
   13.370559 1.906125e+00 3.198700e-15 3 
   13.432659 1.899634e+00 3.158400e-15 3 
   13.494750 1.910498e+00 3.147300e-15 3 
   13.556841 1.884990e+00 3.076900e-15 3 
   13.618941 1.883133e+00 3.045900e-15 3 
   13.681030 1.869085e+00 2.995800e-15 3 
   13.743130 1.769368e+00 2.810400e-15 3 
   13.805220 1.727899e+00 2.719900e-15 3 
   13.867320 1.712198e+00 2.671100e-15 3 
   13.929409 1.709649e+00 2.643400e-15 3 
   13.991500 1.758792e+00 2.695300e-15 3 
   14.053600 1.754491e+00 2.665000e-15 3 
   14.115691 1.719285e+00 2.588600e-15 3 
   14.177789 1.732838e+00 2.586200e-15 3 
   14.239880 1.786102e+00 2.642500e-15 3 
   14.301980 1.752964e+00 2.571000e-15 3 
   14.364070 1.657421e+00 2.409900e-15 3 
   14.426159 1.576048e+00 2.271900e-15 3 
   14.488261 1.505752e+00 2.152000e-15 3 
   14.541691 1.502570e+00 2.131700e-15 3 
   14.633380 1.486317e+00 2.082300e-15 3 
   14.725080 1.446026e+00 2.000700e-15 3 
   14.816770 1.445576e+00 1.975400e-15 3 
   14.908459 1.421515e+00 1.918700e-15 3 
   15.000150 1.388128e+00 1.850800e-15 3 
   15.091850 1.383514e+00 1.822300e-15 3 
   15.183541 1.415208e+00 1.841600e-15 3 
   15.275230 1.443007e+00 1.855300e-15 3 
   15.366930 1.448262e+00 1.839900e-15 3 
   15.458620 1.495388e+00 1.877300e-15 3 
   15.550309 1.768856e+00 2.194500e-15 3 
   15.642000 1.851842e+00 2.270600e-15 3 
   15.733700 1.626316e+00 1.970900e-15 3 
   15.825391 1.577958e+00 1.890200e-15 3 
   15.917080 1.680747e+00 1.990200e-15 3 
   16.008780 1.724430e+00 2.018600e-15 3 
   16.100470 1.765150e+00 2.042800e-15 3 
   16.192159 1.776135e+00 2.032300e-15 3 
   16.283859 1.963275e+00 2.221200e-15 3 
   16.375550 2.445964e+00 2.736400e-15 3 
   16.467239 3.007185e+00 3.326900e-15 3 
   16.558930 2.959421e+00 3.237900e-15 3 
   16.650631 2.660891e+00 2.879300e-15 3 
   16.742319 2.647016e+00 2.833000e-15 3 
   16.834009 2.730687e+00 2.890800e-15 3 
   16.925700 2.808261e+00 2.940800e-15 3 
   17.017400 3.260129e+00 3.377300e-15 3 
   17.109091 3.515676e+00 3.603100e-15 3 
   17.200781 3.134217e+00 3.178000e-15 3 
   17.292481 2.987807e+00 2.997500e-15 3 
   17.384170 3.033880e+00 3.011700e-15 3 
   17.475861 2.847196e+00 2.796800e-15 3 
   17.567561 2.449511e+00 2.381100e-15 3 
   17.659250 2.209971e+00 2.126000e-15 3 
   17.750941 2.163658e+00 2.060000e-15 3 
   17.842630 2.132478e+00 2.009500e-15 3 
   17.934330 2.028585e+00 1.892100e-15 3 
   18.026020 1.870231e+00 1.726700e-15 3 
   18.117709 1.812167e+00 1.656200e-15 3 
   18.209409 1.759819e+00 1.592200e-15 3 
   18.301100 1.731589e+00 1.551000e-15 3 
   18.392789 1.785519e+00 1.583400e-15 3 
   18.484489 1.791409e+00 1.572900e-15 3 
   18.576180 1.837982e+00 1.597900e-15 3 
   18.667870 2.214302e+00 1.906200e-15 3 
   18.759559 2.821703e+00 2.405400e-15 3 
   18.851259 2.415923e+00 2.039500e-15 3 
   18.942950 1.987469e+00 1.661600e-15 3 
   19.034639 1.867988e+00 1.546700e-15 3 
   19.126341 1.902004e+00 1.559800e-15 3 
   19.218031 1.823026e+00 1.480800e-15 3 
   19.309719 1.821074e+00 1.465200e-15 3 
   19.401409 1.759237e+00 1.402100e-15 3 
   19.493111 1.774640e+00 1.401100e-15 3 
   19.584800 1.747519e+00 1.366800e-15 3 
   19.676491 1.794636e+00 1.390600e-15 3 
   19.768191 1.737544e+00 1.333900e-15 3 
   19.859880 1.758433e+00 1.337500e-15 3 
   19.951570 1.759846e+00 1.326300e-15 3 
   20.043261 1.744054e+00 1.302400e-15 3 
   20.134961 1.800185e+00 1.332100e-15 3 
   20.226650 1.780342e+00 1.305500e-15 3 
   20.318341 1.738586e+00 1.263400e-15 3 
   20.410041 1.791528e+00 1.290200e-15 3 
   20.520050 1.763592e+00 1.256500e-15 3 
   20.696581 1.859746e+00 1.302500e-15 3 
   20.873220 1.842103e+00 1.268400e-15 3 
   21.049950 1.750542e+00 1.185200e-15 3 
   21.226789 1.896176e+00 1.262500e-15 3 
   21.403730 1.890812e+00 1.238200e-15 3 
   21.580780 1.846930e+00 1.189700e-15 3 
   21.757919 1.930080e+00 1.223100e-15 3 
   21.935169 1.994373e+00 1.243500e-15 3 
   22.112520 1.963026e+00 1.204400e-15 3 
   22.289980 1.940504e+00 1.171700e-15 3 
   22.467541 2.035315e+00 1.209600e-15 3 
   22.645200 2.103526e+00 1.230600e-15 3 
   22.822969 2.071918e+00 1.193300e-15 3 
   23.000839 2.063251e+00 1.170000e-15 3 
   23.178809 2.124494e+00 1.186300e-15 3 
   23.356889 2.223820e+00 1.222900e-15 3 
   23.535070 2.281697e+00 1.235800e-15 3 
   23.713359 2.277785e+00 1.215200e-15 3 
   23.891759 2.255675e+00 1.185500e-15 3 
   24.070259 2.307467e+00 1.194800e-15 3 
   24.248859 2.339484e+00 1.193600e-15 3 
   24.427570 2.319596e+00 1.166200e-15 3 
   24.606380 2.320781e+00 1.149900e-15 3 
   24.785311 2.341551e+00 1.143500e-15 3 
   24.964331 2.421409e+00 1.165600e-15 3 
   25.143459 2.494846e+00 1.183900e-15 3 
   25.322700 2.530543e+00 1.183900e-15 3 
   25.502050 2.543320e+00 1.173200e-15 3 
   25.681500 2.648491e+00 1.204700e-15 3 
   25.861059 2.826325e+00 1.267800e-15 3 
   26.040730 2.863699e+00 1.266900e-15 3 
   26.220509 2.718206e+00 1.186100e-15 3 
   26.400391 2.626688e+00 1.130600e-15 3 
   26.580378 2.630361e+00 1.116900e-15 3 
   26.760481 2.649418e+00 1.109900e-15 3 
   26.940678 2.653283e+00 1.096700e-15 3 
   27.121000 2.698728e+00 1.100700e-15 3 
   27.301419 2.712641e+00 1.091800e-15 3 
   27.481950 2.714648e+00 1.078300e-15 3 
   27.662591 2.738208e+00 1.073500e-15 3 
   27.843341 2.747750e+00 1.063300e-15 3 
   28.024200 2.870476e+00 1.096500e-15 3 
   28.205169 3.204666e+00 1.208500e-15 3 
   28.386250 3.233323e+00 1.203800e-15 3 
   28.567441 2.918913e+00 1.073000e-15 3 
   28.748741 2.860482e+00 1.038300e-15 3 
   28.930150 2.930454e+00 1.050400e-15 3 
   29.111669 2.959432e+00 1.047600e-15 3 
   29.293300 3.049392e+00 1.066100e-15 3 
   29.475041 3.120651e+00 1.077600e-15 3 
   29.656891 3.113540e+00 1.062000e-15 3 
   29.838859 3.110909e+00 1.048200e-15 3 
   30.020941 3.162811e+00 1.052800e-15 3 
   30.203119 3.189150e+00 1.048800e-15 3 
   30.385419 3.281007e+00 1.066100e-15 3 
   30.567828 3.343566e+00 1.073500e-15 3 
   30.750359 3.427114e+00 1.087300e-15 3 
   30.932991 3.446254e+00 1.080500e-15 3 
   31.115741 3.483545e+00 1.079400e-15 3 
   31.298609 3.543550e+00 1.085200e-15 3 
   31.481581 3.520021e+00 1.065500e-15 3 
   31.664672 3.642632e+00 1.089900e-15 3 
   31.847878 3.731563e+00 1.103700e-15 3 
   32.031188 3.731551e+00 1.091100e-15 3 
   32.214619 3.829068e+00 1.106900e-15 3 
   32.398172 4.067361e+00 1.162500e-15 3 
   32.581828 4.045310e+00 1.143200e-15 3 
   32.765597 4.125785e+00 1.152900e-15 3 
   32.949491 4.177654e+00 1.154400e-15 3 
   33.133500 4.307514e+00 1.177100e-15 3 
   33.317619 4.679288e+00 1.264600e-15 3 
   33.501850 6.178295e+00 1.651400e-15 3 
   33.686200 6.455650e+00 1.706700e-15 3 
   33.870672 4.839367e+00 1.265500e-15 3 
   34.055259 4.537757e+00 1.173800e-15 3 
   34.239959 4.367487e+00 1.117600e-15 3 
   34.424772 4.391060e+00 1.111600e-15 3 
   34.609709 4.929877e+00 1.234700e-15 3 
   34.794763 7.699492e+00 1.907900e-15 3 
   34.979931 1.016074e+01 2.491200e-15 3 
