# UGC 06665      
# 
# An Atlas of Galaxy Spectral Energy Distributions from the Ultraviolet to the Mid-Infrared
# Brown et al. (2014)
# http://dx.doi.org/10.5072/03/529D3551F0117
# http://dx.doi.org/10.17909/t9-5bxk-dh29
# 
# The Spectral Energy Distributions of Active Galactic Nuclei
# Brown et al. (2019)
# http://dx.doi.org/10.17909/t9-3dbt-8734
# 
# Column 1: Observed wavelength (um)
# Column 2: f_nu (Jy)
# Column 3: f_lam (erg/s/cm2/A)
# Column 4: Source (0 = model, 1 = Optical Spectrun, 2 = Akari, 3 = Spitzer IRS)
# 
    0.010186 9.346906e-17 2.702600e-25 0 
    0.010399 1.515823e-16 4.205200e-25 0 
    0.010593 2.216704e-16 5.926400e-25 0 
    0.010789 3.323758e-16 8.566200e-25 0 
    0.010990 5.042569e-16 1.252500e-24 0 
    0.011194 8.642330e-16 2.069100e-24 0 
    0.011614 1.789070e-15 3.979100e-24 0 
    0.012023 3.433171e-15 7.125100e-24 0 
    0.012331 1.171269e-14 2.310900e-23 0 
    0.012735 2.054283e-14 3.800000e-23 0 
    0.012942 2.677134e-14 4.795000e-23 0 
    0.013032 3.080998e-14 5.442400e-23 0 
    0.013335 4.412184e-14 7.443700e-23 0 
    0.013459 5.428664e-14 8.990600e-23 0 
    0.013646 6.755820e-14 1.088400e-22 0 
    0.013964 1.070773e-13 1.647400e-22 0 
    0.014256 1.505419e-13 2.222200e-22 0 
    0.014555 3.611515e-13 5.114300e-22 0 
    0.014962 9.029078e-13 1.210000e-21 0 
    0.015382 1.246519e-12 1.580500e-21 0 
    0.015776 1.843553e-12 2.222200e-21 0 
    0.016181 2.622262e-12 3.004600e-21 0 
    0.016520 3.401646e-12 3.739300e-21 0 
    0.016904 4.771373e-12 5.009400e-21 0 
    0.017298 6.586548e-12 6.603700e-21 0 
    0.017620 7.650360e-12 7.392500e-21 0 
    0.018030 1.144610e-11 1.056300e-20 0 
    0.018323 1.434360e-11 1.281700e-20 0 
    0.018535 1.665970e-11 1.454800e-20 0 
    0.018923 2.226660e-11 1.865500e-20 0 
    0.019454 3.174633e-11 2.516500e-20 0 
    0.019770 3.923512e-11 3.011500e-20 0 
    0.020184 5.113064e-11 3.765200e-20 0 
    0.020559 6.632436e-11 4.707500e-20 0 
    0.020893 8.029156e-11 5.518100e-20 0 
    0.021380 1.056048e-10 6.930900e-20 0 
    0.021979 1.547696e-10 9.611500e-20 0 
    0.022387 1.948245e-10 1.166200e-19 0 
    0.022699 2.278583e-10 1.326700e-19 0 
    0.023121 2.868738e-10 1.609900e-19 0 
    0.023442 4.351707e-10 2.375700e-19 0 
    0.023823 8.010572e-10 4.234400e-19 0 
    0.024434 1.198558e-09 6.022700e-19 0 
    0.025061 1.501990e-09 7.174500e-19 0 
    0.025645 2.097363e-09 9.567300e-19 0 
    0.026182 2.396955e-09 1.049000e-18 0 
    0.026485 2.969494e-09 1.270000e-18 0 
    0.026915 4.684323e-09 1.939900e-18 0 
    0.027416 5.952214e-09 2.375700e-18 0 
    0.027925 7.407114e-09 2.849600e-18 0 
    0.028445 7.703344e-09 2.856200e-18 0 
    0.028907 1.116019e-08 4.006700e-18 0 
    0.029512 1.441000e-08 4.963500e-18 0 
    0.030130 1.628048e-08 5.380100e-18 0 
    0.030690 1.685236e-08 5.367700e-18 0 
    0.031405 2.364099e-08 7.191000e-18 0 
    0.032359 3.331644e-08 9.545300e-18 0 
    0.033419 4.641544e-08 1.246800e-17 0 
    0.034435 5.830032e-08 1.475000e-17 0 
    0.035481 7.221897e-08 1.721000e-17 0 
    0.036392 1.193088e-07 2.702600e-17 0 
    0.037239 2.151116e-07 4.653600e-17 0 
    0.038194 2.604120e-07 5.355400e-17 0 
    0.039174 2.622175e-07 5.126100e-17 0 
    0.040272 4.599143e-07 8.507300e-17 0 
    0.041210 6.740411e-07 1.190700e-16 0 
    0.042170 7.937186e-07 1.339000e-16 0 
    0.042954 8.407876e-07 1.367100e-16 0 
    0.043752 9.240024e-07 1.448100e-16 0 
    0.044875 1.278406e-06 1.904500e-16 0 
    0.045920 1.526379e-06 2.171600e-16 0 
    0.046881 1.569176e-06 2.141900e-16 0 
    0.047863 1.843613e-06 2.414300e-16 0 
    0.048865 2.353245e-06 2.956600e-16 0 
    0.049888 2.326293e-06 2.804100e-16 0 
    0.050933 3.203800e-06 3.705000e-16 0 
    0.051523 3.045556e-06 3.441800e-16 0 
    0.052119 5.007937e-06 5.530800e-16 0 
    0.052966 5.268162e-06 5.633600e-16 0 
    0.053951 5.491152e-06 5.659600e-16 0 
    0.054954 5.148297e-06 5.114300e-16 0 
    0.055976 5.580430e-06 5.343000e-16 0 
    0.057016 7.955417e-06 7.341600e-16 0 
    0.058076 9.719911e-06 8.645500e-16 0 
    0.059020 1.046320e-05 9.011300e-16 0 
    0.060117 1.171279e-05 9.722701e-16 0 
    0.061094 1.098157e-05 8.826500e-16 0 
    0.062087 1.149924e-05 8.949300e-16 0 
    0.063096 1.572802e-05 1.185200e-15 0 
    0.064121 1.613080e-05 1.177000e-15 0 
    0.065163 1.912779e-05 1.351400e-15 0 
    0.066222 1.993728e-05 1.363900e-15 0 
    0.066988 1.957251e-05 1.308500e-15 0 
    0.067764 2.305011e-05 1.505900e-15 0 
    0.068707 2.586288e-05 1.643600e-15 0 
    0.069823 2.419099e-05 1.488600e-15 0 
    0.070795 2.962553e-05 1.773300e-15 0 
    0.071779 2.610117e-05 1.519800e-15 0 
    0.072946 3.504844e-05 1.976000e-15 0 
    0.073961 3.764247e-05 2.064400e-15 0 
    0.074817 3.987159e-05 2.136900e-15 0 
    0.075858 4.117874e-05 2.146800e-15 0 
    0.076913 4.341860e-05 2.201900e-15 0 
    0.077983 4.155994e-05 2.050200e-15 0 
    0.078886 4.860371e-05 2.343100e-15 0 
    0.079983 4.771518e-05 2.237600e-15 0 
    0.080910 5.353887e-05 2.453500e-15 0 
    0.082035 5.789820e-05 2.581000e-15 0 
    0.082985 6.104661e-05 2.659400e-15 0 
    0.083946 6.511364e-05 2.772000e-15 0 
    0.085114 5.567558e-05 2.305600e-15 0 
    0.086099 7.057706e-05 2.856200e-15 0 
    0.087096 7.288859e-05 2.882600e-15 0 
    0.088105 7.882551e-05 3.046400e-15 0 
    0.089125 8.273176e-05 3.124600e-15 0 
    0.090157 8.662855e-05 3.197300e-15 0 
    0.091201 9.071200e-05 3.271800e-15 0 
    0.092257 9.304045e-05 3.279400e-15 0 
    0.093111 9.390106e-05 3.249300e-15 0 
    0.094189 2.226734e-04 7.529900e-15 0 
    0.095280 3.661572e-04 1.210000e-14 0 
    0.096161 5.207876e-04 1.689600e-14 0 
    0.097275 6.392499e-04 2.026700e-14 0 
    0.098401 7.272073e-04 2.253100e-14 0 
    0.099312 2.921942e-04 8.887700e-15 0 
    0.100231 6.407166e-04 1.913300e-14 0 
    0.101391 6.481282e-04 1.891400e-14 0 
    0.102329 8.407346e-04 2.408700e-14 0 
    0.103276 8.743221e-04 2.459200e-14 0 
    0.104472 5.951985e-04 1.636000e-14 0 
    0.105439 8.047503e-04 2.171600e-14 0 
    0.106414 1.168593e-03 3.095900e-14 0 
    0.107399 1.165912e-03 3.032400e-14 0 
    0.108393 1.017820e-03 2.598900e-14 0 
    0.109396 1.160567e-03 2.909300e-14 0 
    0.110408 1.034356e-03 2.545600e-14 0 
    0.111429 1.263743e-03 3.053400e-14 0 
    0.112461 1.249318e-03 2.963400e-14 0 
    0.113501 1.255054e-03 2.922700e-14 0 
    0.114551 1.152587e-03 2.635100e-14 0 
    0.115611 1.401727e-03 3.146200e-14 0 
    0.116681 1.357271e-03 2.990800e-14 0 
    0.117761 1.417967e-03 3.067500e-14 0 
    0.118577 1.444342e-03 3.081700e-14 0 
    0.119674 1.048742e-03 2.196800e-14 0 
    0.120781 1.464397e-03 3.011500e-14 0 
    0.121619 1.243593e-03 2.522300e-14 0 
    0.122744 1.080590e-03 2.151700e-14 0 
    0.123880 8.623060e-04 1.685700e-14 0 
    0.124738 1.299172e-03 2.504900e-14 0 
    0.125893 1.658339e-03 3.139000e-14 0 
    0.126765 1.768755e-03 3.302100e-14 0 
    0.127938 1.764703e-03 3.234400e-14 0 
    0.128825 1.693057e-03 3.060500e-14 0 
    0.129718 1.975462e-03 3.522000e-14 0 
    0.130918 2.073311e-03 3.629000e-14 0 
    0.131826 1.809986e-03 3.124600e-14 0 
    0.133045 1.860667e-03 3.153500e-14 0 
    0.133968 2.176066e-03 3.637400e-14 0 
    0.134896 2.131406e-03 3.513900e-14 0 
    0.135831 2.021450e-03 3.286900e-14 0 
    0.137088 2.273341e-03 3.629000e-14 0 
    0.138038 2.257703e-03 3.554600e-14 0 
    0.138995 2.131404e-03 3.309700e-14 0 
    0.139959 2.196200e-03 3.363500e-14 0 
    0.140929 2.237009e-03 3.379000e-14 0 
    0.142233 1.835151e-03 2.721400e-14 0 
    0.143219 1.856375e-03 2.715100e-14 0 
    0.144212 2.237006e-03 3.226900e-14 0 
    0.145211 2.247300e-03 3.197300e-14 0 
    0.146218 2.342432e-03 3.286900e-14 0 
    0.146893 2.430352e-03 3.379000e-14 0 
    0.147231 2.452821e-03 3.394600e-14 0 
    0.148252 2.424759e-03 3.309700e-14 0 
    0.149279 2.337020e-03 3.146200e-14 0 
    0.150314 2.391456e-03 3.175300e-14 0 
    0.151356 2.458479e-03 3.219500e-14 0 
    0.152405 2.498404e-03 3.226900e-14 0 
    0.153462 2.424768e-03 3.088800e-14 0 
    0.154170 2.262909e-03 2.856200e-14 0 
    0.154525 2.374983e-03 2.983900e-14 0 
    0.155239 2.364126e-03 2.943000e-14 0 
    0.156315 2.111863e-03 2.592900e-14 0 
    0.157398 2.068557e-03 2.504900e-14 0 
    0.158489 2.068530e-03 2.470500e-14 0 
    0.159588 2.273388e-03 2.677900e-14 0 
    0.160325 2.435978e-03 2.843100e-14 0 
    0.161436 2.544913e-03 2.929500e-14 0 
    0.162555 2.610175e-03 2.963400e-14 0 
    0.163305 2.586225e-03 2.909300e-14 0 
    0.164437 2.610126e-03 2.895900e-14 0 
    0.165577 2.592159e-03 2.836500e-14 0 
    0.166725 2.758504e-03 2.977100e-14 0 
    0.167494 2.796821e-03 2.990800e-14 0 
    0.168655 2.758454e-03 2.909300e-14 0 
    0.169434 2.915190e-03 3.046400e-14 0 
    0.170216 2.726888e-03 2.823500e-14 0 
    0.171002 3.045619e-03 3.124600e-14 0 
    0.171791 3.095037e-03 3.146200e-14 0 
    0.172584 2.996891e-03 3.018500e-14 0 
    0.173780 2.962570e-03 2.943000e-14 0 
    0.174582 2.848860e-03 2.804100e-14 0 
    0.175792 2.862014e-03 2.778400e-14 0 
    0.176604 3.045603e-03 2.929500e-14 0 
    0.177828 3.038530e-03 2.882600e-14 0 
    0.178649 3.167184e-03 2.977100e-14 0 
    0.179887 3.080824e-03 2.856200e-14 0 
    0.180717 3.087874e-03 2.836500e-14 0 
    0.181970 3.196405e-03 2.895900e-14 0 
    0.182810 3.324014e-03 2.983900e-14 0 
    0.183654 3.370294e-03 2.997700e-14 0 
    0.184927 3.189077e-03 2.797600e-14 0 
    0.185780 3.285983e-03 2.856200e-14 0 
    0.187068 3.263348e-03 2.797600e-14 0 
    0.187932 3.087891e-03 2.622900e-14 0 
    0.188799 3.123696e-03 2.629000e-14 0 
    0.190108 3.226071e-03 2.677900e-14 0 
    0.190985 3.432931e-03 2.823500e-14 0 
    0.191867 3.211193e-03 2.616900e-14 0 
    0.193197 3.130952e-03 2.516500e-14 0 
    0.194089 3.362598e-03 2.677900e-14 0 
    0.194984 3.255800e-03 2.569100e-14 0 
    0.195884 3.189103e-03 2.493400e-14 0 
    0.197242 3.401412e-03 2.622900e-14 0 
    0.198153 3.512874e-03 2.684000e-14 0 
    0.199067 3.293588e-03 2.493400e-14 0 
    0.200447 3.594681e-03 2.684000e-14 0 
    0.201372 3.738232e-03 2.765600e-14 0 
    0.202302 3.594812e-03 2.635100e-14 0 
    0.203236 3.545472e-03 2.575100e-14 0 
    0.204174 3.695416e-03 2.659400e-14 0 
    0.205116 3.661576e-03 2.610900e-14 0 
    0.206063 3.825256e-03 2.702600e-14 0 
    0.207491 3.661616e-03 2.551500e-14 0 
    0.208449 3.764159e-03 2.598900e-14 0 
    0.209411 3.464677e-03 2.370200e-14 0 
    0.210378 3.628050e-03 2.459200e-14 0 
    0.211349 3.978019e-03 2.671700e-14 0 
    0.211836 3.764222e-03 2.516500e-14 0 
    0.212324 3.914425e-03 2.604900e-14 0 
    0.213304 3.772744e-03 2.487600e-14 0 
    0.214289 3.878537e-03 2.533900e-14 0 
    0.215278 3.950570e-03 2.557300e-14 0 
    0.216272 4.014888e-03 2.575100e-14 0 
    0.217270 3.923469e-03 2.493400e-14 0 
    0.218273 3.923410e-03 2.470500e-14 0 
    0.219281 4.089558e-03 2.551500e-14 0 
    0.220293 4.033407e-03 2.493400e-14 0 
    0.221309 4.061229e-03 2.487600e-14 0 
    0.222331 4.005565e-03 2.431000e-14 0 
    0.223357 4.165511e-03 2.504900e-14 0 
    0.224388 4.146320e-03 2.470500e-14 0 
    0.225424 4.061383e-03 2.397700e-14 0 
    0.226464 4.014834e-03 2.348500e-14 0 
    0.227510 4.155875e-03 2.408700e-14 0 
    0.228560 4.108302e-03 2.359300e-14 0 
    0.229615 4.042627e-03 2.300300e-14 0 
    0.230675 4.147617e-03 2.338400e-14 0 
    0.231739 4.217114e-03 2.355800e-14 0 
    0.232809 4.277828e-03 2.367800e-14 0 
    0.233884 4.115576e-03 2.257100e-14 0 
    0.234963 4.184552e-03 2.273900e-14 0 
    0.236048 4.119652e-03 2.218100e-14 0 
    0.236592 3.588980e-03 1.923500e-14 0 
    0.237684 4.028942e-03 2.139500e-14 0 
    0.238781 4.040180e-03 2.125800e-14 0 
    0.239883 4.165024e-03 2.171400e-14 0 
    0.240991 4.072336e-03 2.103600e-14 0 
    0.242103 4.112153e-03 2.104700e-14 0 
    0.242661 3.982742e-03 2.029100e-14 0 
    0.243781 4.153307e-03 2.096600e-14 0 
    0.244906 4.088965e-03 2.045200e-14 0 
    0.246037 4.157691e-03 2.060500e-14 0 
    0.247172 4.266397e-03 2.095000e-14 0 
    0.247742 4.170506e-03 2.038500e-14 0 
    0.248886 4.319166e-03 2.091800e-14 0 
    0.250035 4.311624e-03 2.069000e-14 0 
    0.251189 4.323752e-03 2.055800e-14 0 
    0.252348 4.276504e-03 2.014700e-14 0 
    0.252930 4.347218e-03 2.038600e-14 0 
    0.254097 3.921265e-03 1.822000e-14 0 
    0.255270 4.412171e-03 2.031300e-14 0 
    0.255859 4.195359e-03 1.922600e-14 0 
    0.256448 4.374068e-03 1.995300e-14 0 
    0.257040 4.295402e-03 1.950400e-14 0 
    0.258226 4.337578e-03 1.951500e-14 0 
    0.259418 4.300098e-03 1.916900e-14 0 
    0.260016 4.421809e-03 1.962100e-14 0 
    0.261216 4.424052e-03 1.945100e-14 0 
    0.262422 4.571509e-03 1.991500e-14 0 
    0.263027 4.551794e-03 1.973800e-14 0 
    0.264241 4.564815e-03 1.961300e-14 0 
    0.265461 4.525320e-03 1.926500e-14 0 
    0.266072 4.505822e-03 1.909400e-14 0 
    0.267301 4.592081e-03 1.928100e-14 0 
    0.268534 4.648003e-03 1.933700e-14 0 
    0.269154 4.779364e-03 1.979200e-14 0 
    0.270396 4.815288e-03 1.975800e-14 0 
    0.271644 4.665032e-03 1.896600e-14 0 
    0.272270 4.753276e-03 1.923600e-14 0 
    0.273527 4.788788e-03 1.920200e-14 0 
    0.274789 4.715033e-03 1.873300e-14 0 
    0.275423 4.748953e-03 1.878100e-14 0 
    0.276694 4.708158e-03 1.844900e-14 0 
    0.277332 4.731178e-03 1.845400e-14 0 
    0.278612 4.833169e-03 1.867900e-14 0 
    0.279898 4.650173e-03 1.780700e-14 0 
    0.280543 4.672941e-03 1.781200e-14 0 
    0.281838 4.751661e-03 1.794600e-14 0 
    0.282488 4.863777e-03 1.828500e-14 0 
    0.283792 4.844354e-03 1.804500e-14 0 
    0.284446 4.470521e-03 1.657600e-14 0 
    0.285759 4.662412e-03 1.712900e-14 0 
    0.286418 4.928679e-03 1.802400e-14 0 
    0.287740 4.977318e-03 1.803500e-14 0 
    0.289068 4.866831e-03 1.747300e-14 0 
    0.289734 4.857104e-03 1.735800e-14 0 
    0.291072 4.871285e-03 1.724900e-14 0 
    0.291743 4.997609e-03 1.761500e-14 0 
    0.293089 4.989139e-03 1.742400e-14 0 
    0.293765 5.013619e-03 1.742900e-14 0 
    0.295121 5.016753e-03 1.728000e-14 0 
    0.296483 5.136710e-03 1.753100e-14 0 
    0.298538 5.129436e-03 1.726600e-14 0 
    0.300608 5.110753e-03 1.696700e-14 0 
    0.302691 5.174496e-03 1.694300e-14 0 
    0.304789 5.191356e-03 1.676500e-14 0 
    0.306902 5.232190e-03 1.666500e-14 0 
    0.308319 5.247662e-03 1.656100e-14 0 
    0.310456 5.276644e-03 1.642400e-14 0 
    0.312608 5.306074e-03 1.628900e-14 0 
    0.314775 5.323416e-03 1.611800e-14 0 
    0.316957 5.365662e-03 1.602300e-14 0 
    0.319154 5.358477e-03 1.578200e-14 0 
    0.320627 5.386465e-03 1.571900e-14 0 
    0.322849 5.391894e-03 1.551900e-14 0 
    0.325087 5.335510e-03 1.514600e-14 0 
    0.326588 5.400537e-03 1.519000e-14 0 
    0.328852 5.393484e-03 1.496200e-14 0 
    0.331131 5.486773e-03 1.501200e-14 0 
    0.333426 5.543081e-03 1.495800e-14 0 
    0.334966 5.546903e-03 1.483100e-14 0 
    0.337287 5.578156e-03 1.471000e-14 0 
    0.338065 5.736112e-03 1.505700e-14 0 
    0.338844 5.818072e-03 1.520200e-14 0 
    0.339625 5.806474e-03 1.510200e-14 0 
    0.340408 5.598433e-03 1.449400e-14 0 
    0.341193 5.837319e-03 1.504300e-14 0 
    0.341979 5.589413e-03 1.433800e-14 0 
    0.342768 5.617192e-03 1.434300e-14 0 
    0.343558 5.580558e-03 1.418400e-14 0 
    0.344350 5.647028e-03 1.428700e-14 0 
    0.345144 5.847419e-03 1.472600e-14 0 
    0.345939 5.849255e-03 1.466300e-14 0 
    0.346737 5.691926e-03 1.420300e-14 0 
    0.347536 5.706915e-03 1.417500e-14 0 
    0.348337 5.802011e-03 1.434500e-14 0 
    0.349140 5.884458e-03 1.448200e-14 0 
    0.349945 5.900195e-03 1.445400e-14 0 
    0.350752 5.754791e-03 1.403300e-14 0 
    0.351560 5.931709e-03 1.439800e-14 0 
    0.352371 5.732299e-03 1.385000e-14 0 
    0.353183 5.747522e-03 1.382300e-14 0 
    0.353997 5.802868e-03 1.389200e-14 0 
    0.354813 5.725160e-03 1.364300e-14 0 
    0.355631 5.928230e-03 1.406200e-14 0 
    0.356451 5.822190e-03 1.374700e-14 0 
    0.357273 5.797590e-03 1.362600e-14 0 
    0.358096 5.759787e-03 1.347500e-14 0 
    0.358922 5.909632e-03 1.376200e-14 0 
    0.359749 5.884697e-03 1.364100e-14 0 
    0.360579 5.995961e-03 1.383500e-14 0 
    0.361410 6.109837e-03 1.403300e-14 0 
    0.362243 6.055803e-03 1.384500e-14 0 
    0.363078 6.100012e-03 1.388200e-14 0 
    0.363915 6.018689e-03 1.363400e-14 0 
    0.364283 4.721099e-03 1.067300e-14 1 
    0.364558 5.320975e-03 1.201100e-14 1 
    0.364833 6.225677e-03 1.403200e-14 1 
    0.365108 4.306559e-03 9.691900e-15 1 
    0.365383 2.375717e-03 5.338500e-15 1 
    0.365658 4.607947e-03 1.033900e-14 1 
    0.365933 9.155666e-03 2.051200e-14 1 
    0.366208 8.483245e-03 1.897700e-14 1 
    0.366483 8.026801e-03 1.792900e-14 1 
    0.366758 5.273745e-03 1.176200e-14 1 
    0.367033 4.890539e-03 1.089100e-14 1 
    0.367308 5.937617e-03 1.320300e-14 1 
    0.367583 6.124415e-03 1.359800e-14 1 
    0.367858 6.317617e-03 1.400600e-14 1 
    0.368133 3.801525e-03 8.415300e-15 1 
    0.368408 7.895092e-03 1.745100e-14 1 
    0.368683 6.307020e-03 1.392000e-14 1 
    0.368958 4.972829e-03 1.095900e-14 1 
    0.369233 6.945258e-03 1.528300e-14 1 
    0.369508 5.841472e-03 1.283500e-14 1 
    0.369783 6.686104e-03 1.466900e-14 1 
    0.370058 5.882611e-03 1.288700e-14 1 
    0.370333 6.222796e-03 1.361200e-14 1 
    0.370608 2.750943e-03 6.008600e-15 1 
    0.370883 2.736320e-03 5.967800e-15 1 
    0.371158 6.901689e-03 1.503000e-14 1 
    0.371433 6.931235e-03 1.507200e-14 1 
    0.371708 7.481274e-03 1.624400e-14 1 
    0.371983 6.296820e-03 1.365200e-14 1 
    0.372258 5.108836e-03 1.106000e-14 1 
    0.372533 6.326556e-03 1.367600e-14 1 
    0.372808 4.360309e-03 9.411700e-15 1 
    0.373083 6.946092e-03 1.497100e-14 1 
    0.373358 6.671038e-03 1.435700e-14 1 
    0.373633 7.327689e-03 1.574700e-14 1 
    0.373908 7.883728e-03 1.691700e-14 1 
    0.374183 7.156061e-03 1.533300e-14 1 
    0.374458 4.491115e-03 9.608800e-15 1 
    0.374733 7.609622e-03 1.625700e-14 1 
    0.375008 5.390855e-03 1.150000e-14 1 
    0.375283 5.282339e-03 1.125200e-14 1 
    0.375558 6.256704e-03 1.330800e-14 1 
    0.375833 7.117610e-03 1.511700e-14 1 
    0.376108 5.036349e-03 1.068100e-14 1 
    0.376383 6.435331e-03 1.362800e-14 1 
    0.376658 5.113513e-03 1.081300e-14 1 
    0.376933 4.774311e-03 1.008100e-14 1 
    0.377208 5.403543e-03 1.139300e-14 1 
    0.377483 5.432324e-03 1.143700e-14 1 
    0.377758 5.569624e-03 1.170900e-14 1 
    0.378033 5.507235e-03 1.156100e-14 1 
    0.378308 8.333223e-03 1.746800e-14 1 
    0.378583 8.515422e-03 1.782400e-14 1 
    0.378858 1.269027e-02 2.652400e-14 1 
    0.379133 2.865446e-02 5.980400e-14 1 
    0.379408 4.310836e-02 8.984000e-14 1 
    0.379683 5.444412e-02 1.133000e-13 1 
    0.379958 4.613812e-02 9.587600e-14 1 
    0.380233 2.612798e-02 5.421600e-14 1 
    0.380508 1.444678e-02 2.993400e-14 1 
    0.380783 8.259921e-03 1.709000e-14 1 
    0.381058 6.612645e-03 1.366200e-14 1 
    0.381333 5.077887e-03 1.047600e-14 1 
    0.381608 6.285646e-03 1.294900e-14 1 
    0.381883 6.546516e-03 1.346700e-14 1 
    0.382158 6.245360e-03 1.282900e-14 1 
    0.382433 5.768785e-03 1.183300e-14 1 
    0.382708 6.031446e-03 1.235400e-14 1 
    0.382983 7.330866e-03 1.499400e-14 1 
    0.383258 8.473895e-03 1.730700e-14 1 
    0.383533 7.733410e-03 1.577200e-14 1 
    0.383808 6.867526e-03 1.398600e-14 1 
    0.384083 6.178127e-03 1.256400e-14 1 
    0.384358 7.913462e-03 1.607000e-14 1 
    0.384633 7.498715e-03 1.520600e-14 1 
    0.384908 6.889169e-03 1.395000e-14 1 
    0.385183 7.787729e-03 1.574700e-14 1 
    0.385458 8.181193e-03 1.651900e-14 1 
    0.385733 8.857466e-03 1.785900e-14 1 
    0.386008 8.418623e-03 1.695000e-14 1 
    0.386283 7.301068e-03 1.467900e-14 1 
    0.386558 7.904195e-03 1.586900e-14 1 
    0.386833 7.058508e-03 1.415100e-14 1 
    0.387108 6.631477e-03 1.327600e-14 1 
    0.387383 6.840990e-03 1.367600e-14 1 
    0.387658 7.103174e-03 1.418000e-14 1 
    0.387933 6.941695e-03 1.383800e-14 1 
    0.388208 7.903999e-03 1.573400e-14 1 
    0.388483 7.785411e-03 1.547600e-14 1 
    0.388758 8.559153e-03 1.699000e-14 1 
    0.389033 8.602546e-03 1.705200e-14 1 
    0.389308 8.129717e-03 1.609200e-14 1 
    0.389583 7.911521e-03 1.563800e-14 1 
    0.389858 9.139114e-03 1.803900e-14 1 
    0.390133 8.395053e-03 1.654700e-14 1 
    0.390408 7.586880e-03 1.493300e-14 1 
    0.390683 6.136364e-03 1.206100e-14 1 
    0.390958 5.966173e-03 1.171000e-14 1 
    0.391233 7.682755e-03 1.505800e-14 1 
    0.391508 7.280219e-03 1.424900e-14 1 
    0.391783 6.913366e-03 1.351200e-14 1 
    0.392058 6.984046e-03 1.363100e-14 1 
    0.392333 7.008727e-03 1.366000e-14 1 
    0.392608 8.281998e-03 1.611900e-14 1 
    0.392883 7.677206e-03 1.492100e-14 1 
    0.393158 8.092423e-03 1.570600e-14 1 
    0.393433 8.944255e-03 1.733500e-14 1 
    0.393708 9.852698e-03 1.906900e-14 1 
    0.393983 1.178967e-02 2.278600e-14 1 
    0.394258 1.038491e-02 2.004300e-14 1 
    0.394533 8.753591e-03 1.687100e-14 1 
    0.394808 8.995451e-03 1.731300e-14 1 
    0.395083 6.960600e-03 1.337800e-14 1 
    0.395358 7.146400e-03 1.371600e-14 1 
    0.395633 8.590641e-03 1.646500e-14 1 
    0.395908 9.825706e-03 1.880600e-14 1 
    0.396183 9.453237e-03 1.806800e-14 1 
    0.396458 8.910475e-03 1.700700e-14 1 
    0.396733 8.909199e-03 1.698100e-14 1 
    0.397008 8.757635e-03 1.666900e-14 1 
    0.397283 7.708076e-03 1.465100e-14 1 
    0.397558 8.068047e-03 1.531400e-14 1 
    0.397833 8.843662e-03 1.676300e-14 1 
    0.398108 8.861176e-03 1.677300e-14 1 
    0.398383 1.021927e-02 1.931700e-14 1 
    0.398658 9.866793e-03 1.862500e-14 1 
    0.398933 1.100558e-02 2.074600e-14 1 
    0.399208 9.479683e-03 1.784500e-14 1 
    0.399483 8.676727e-03 1.631100e-14 1 
    0.399758 7.979137e-03 1.497900e-14 1 
    0.400033 7.141445e-03 1.338800e-14 1 
    0.400308 7.473363e-03 1.399100e-14 1 
    0.400583 7.762846e-03 1.451300e-14 1 
    0.400858 7.158612e-03 1.336500e-14 1 
    0.401133 6.711460e-03 1.251300e-14 1 
    0.401408 7.545105e-03 1.404800e-14 1 
    0.401683 7.123569e-03 1.324500e-14 1 
    0.401958 7.632578e-03 1.417200e-14 1 
    0.402233 7.267130e-03 1.347500e-14 1 
    0.402508 9.220683e-03 1.707400e-14 1 
    0.402783 8.894217e-03 1.644700e-14 1 
    0.403058 8.638314e-03 1.595200e-14 1 
    0.403333 7.916973e-03 1.460000e-14 1 
    0.403608 7.448304e-03 1.371700e-14 1 
    0.403883 8.929270e-03 1.642200e-14 1 
    0.404158 9.784288e-03 1.797000e-14 1 
    0.404433 8.984684e-03 1.647900e-14 1 
    0.404708 9.549965e-03 1.749200e-14 1 
    0.404983 8.350358e-03 1.527400e-14 1 
    0.405258 7.900753e-03 1.443200e-14 1 
    0.405533 7.407693e-03 1.351300e-14 1 
    0.405808 8.595754e-03 1.565900e-14 1 
    0.406083 7.888978e-03 1.435200e-14 1 
    0.406358 8.144055e-03 1.479600e-14 1 
    0.406633 7.368565e-03 1.336900e-14 1 
    0.406908 8.015444e-03 1.452300e-14 1 
    0.407183 7.870984e-03 1.424200e-14 1 
    0.407458 8.498668e-03 1.535700e-14 1 
    0.407733 9.016640e-03 1.627100e-14 1 
    0.408008 8.158721e-03 1.470300e-14 1 
    0.408283 8.268073e-03 1.488000e-14 1 
    0.408558 8.874561e-03 1.595000e-14 1 
    0.408833 8.562809e-03 1.536900e-14 1 
    0.409108 9.069745e-03 1.625700e-14 1 
    0.409383 7.505997e-03 1.343600e-14 1 
    0.409658 9.050515e-03 1.617900e-14 1 
    0.409933 1.166681e-02 2.082800e-14 1 
    0.410208 1.013943e-02 1.807700e-14 1 
    0.410483 9.740209e-03 1.734200e-14 1 
    0.410758 1.158840e-02 2.060500e-14 1 
    0.411033 9.582175e-03 1.701500e-14 1 
    0.411308 9.424135e-03 1.671200e-14 1 
    0.411583 9.092858e-03 1.610300e-14 1 
    0.411858 9.153075e-03 1.618800e-14 1 
    0.412133 8.649512e-03 1.527700e-14 1 
    0.412408 9.983150e-03 1.760900e-14 1 
    0.412683 7.668936e-03 1.350900e-14 1 
    0.412958 8.929745e-03 1.570900e-14 1 
    0.413233 9.031007e-03 1.586600e-14 1 
    0.413508 7.401539e-03 1.298600e-14 1 
    0.413783 6.861211e-03 1.202200e-14 1 
    0.414058 8.336752e-03 1.458800e-14 1 
    0.414333 9.852247e-03 1.721700e-14 1 
    0.414608 8.731364e-03 1.523800e-14 1 
    0.414883 9.354005e-03 1.630300e-14 1 
    0.415158 8.203579e-03 1.427900e-14 1 
    0.415433 7.650099e-03 1.329800e-14 1 
    0.415708 9.148153e-03 1.588100e-14 1 
    0.415983 7.696902e-03 1.334400e-14 1 
    0.416258 7.648170e-03 1.324200e-14 1 
    0.416533 7.951493e-03 1.374900e-14 1 
    0.416808 7.440810e-03 1.284900e-14 1 
    0.417083 8.288530e-03 1.429400e-14 1 
    0.417358 1.044778e-02 1.799400e-14 1 
    0.417633 1.065457e-02 1.832600e-14 1 
    0.417908 1.126066e-02 1.934300e-14 1 
    0.418183 8.746766e-03 1.500500e-14 1 
    0.418458 8.013485e-03 1.372900e-14 1 
    0.418733 8.118119e-03 1.389000e-14 1 
    0.419008 7.644803e-03 1.306300e-14 1 
    0.419283 9.174910e-03 1.565700e-14 1 
    0.419558 7.864973e-03 1.340400e-14 1 
    0.419833 9.137893e-03 1.555300e-14 1 
    0.420108 9.904660e-03 1.683600e-14 1 
    0.420383 7.097151e-03 1.204800e-14 1 
    0.420658 9.789049e-03 1.659600e-14 1 
    0.420933 8.595815e-03 1.455400e-14 1 
    0.421208 7.889106e-03 1.334000e-14 1 
    0.421483 7.719987e-03 1.303700e-14 1 
    0.421758 9.017321e-03 1.520800e-14 1 
    0.422033 8.836723e-03 1.488400e-14 1 
    0.422308 6.976819e-03 1.173600e-14 1 
    0.422583 8.225229e-03 1.381800e-14 1 
    0.422858 8.559582e-03 1.436100e-14 1 
    0.423133 8.736034e-03 1.463800e-14 1 
    0.423408 8.763527e-03 1.466500e-14 1 
    0.423683 8.484711e-03 1.418000e-14 1 
    0.423958 9.482504e-03 1.582700e-14 1 
    0.424233 7.645281e-03 1.274400e-14 1 
    0.424508 8.950284e-03 1.490000e-14 1 
    0.424783 7.250705e-03 1.205500e-14 1 
    0.425058 8.480250e-03 1.408100e-14 1 
    0.425333 9.065309e-03 1.503300e-14 1 
    0.425608 8.556552e-03 1.417100e-14 1 
    0.425883 9.405572e-03 1.555700e-14 1 
    0.426158 7.553792e-03 1.247800e-14 1 
    0.426433 7.981787e-03 1.316800e-14 1 
    0.426708 8.004225e-03 1.318800e-14 1 
    0.426983 8.350611e-03 1.374100e-14 1 
    0.427258 7.516168e-03 1.235200e-14 1 
    0.427533 7.998649e-03 1.312800e-14 1 
    0.427808 8.843511e-03 1.449600e-14 1 
    0.428083 7.222082e-03 1.182300e-14 1 
    0.428358 7.416689e-03 1.212600e-14 1 
    0.428633 7.976169e-03 1.302400e-14 1 
    0.428908 8.421784e-03 1.373400e-14 1 
    0.429183 8.285843e-03 1.349500e-14 1 
    0.429458 8.556516e-03 1.391800e-14 1 
    0.429733 8.409277e-03 1.366100e-14 1 
    0.430008 9.041330e-03 1.466900e-14 1 
    0.430283 9.335551e-03 1.512700e-14 1 
    0.430558 9.038521e-03 1.462700e-14 1 
    0.430833 7.784781e-03 1.258200e-14 1 
    0.431108 8.135454e-03 1.313200e-14 1 
    0.431383 8.164446e-03 1.316200e-14 1 
    0.431658 8.050018e-03 1.296100e-14 1 
    0.431933 9.006169e-03 1.448200e-14 1 
    0.432208 8.297200e-03 1.332500e-14 1 
    0.432483 8.390061e-03 1.345700e-14 1 
    0.432758 7.821416e-03 1.252900e-14 1 
    0.433033 7.853862e-03 1.256500e-14 1 
    0.433308 8.485937e-03 1.355900e-14 1 
    0.433583 7.864425e-03 1.255000e-14 1 
    0.433858 8.762863e-03 1.396600e-14 1 
    0.434133 8.497550e-03 1.352600e-14 1 
    0.434408 8.847998e-03 1.406600e-14 1 
    0.434683 7.857773e-03 1.247600e-14 1 
    0.434958 7.658349e-03 1.214400e-14 1 
    0.435233 7.458403e-03 1.181200e-14 1 
    0.435508 8.610260e-03 1.361900e-14 1 
    0.435783 8.336277e-03 1.316900e-14 1 
    0.436058 8.062215e-03 1.272000e-14 1 
    0.436333 8.937377e-03 1.408300e-14 1 
    0.436608 7.483363e-03 1.177700e-14 1 
    0.436883 7.698293e-03 1.210000e-14 1 
    0.437158 8.297235e-03 1.302500e-14 1 
    0.437433 9.151519e-03 1.434800e-14 1 
    0.437708 7.807862e-03 1.222600e-14 1 
    0.437983 8.842044e-03 1.382800e-14 1 
    0.438258 8.243648e-03 1.287600e-14 1 
    0.438533 7.955914e-03 1.241100e-14 1 
    0.438808 8.297086e-03 1.292700e-14 1 
    0.439083 8.154538e-03 1.268900e-14 1 
    0.439358 8.101055e-03 1.259000e-14 1 
    0.439633 8.265177e-03 1.282900e-14 1 
    0.439908 7.578206e-03 1.174800e-14 1 
    0.440183 8.103734e-03 1.254700e-14 1 
    0.440458 8.216038e-03 1.270500e-14 1 
    0.440733 7.725794e-03 1.193200e-14 1 
    0.441008 8.581461e-03 1.323700e-14 1 
    0.441283 9.074450e-03 1.398000e-14 1 
    0.441558 1.218584e-02 1.875000e-14 1 
    0.441833 1.631098e-02 2.506600e-14 1 
    0.442108 1.714310e-02 2.631200e-14 1 
    0.442383 1.569666e-02 2.406200e-14 1 
    0.442658 1.036294e-02 1.586600e-14 1 
    0.442933 8.702319e-03 1.330700e-14 1 
    0.443208 7.737509e-03 1.181700e-14 1 
    0.443483 8.338457e-03 1.271900e-14 1 
    0.443758 8.880489e-03 1.352900e-14 1 
    0.444033 8.073919e-03 1.228500e-14 1 
    0.444308 8.459002e-03 1.285500e-14 1 
    0.444583 8.901679e-03 1.351100e-14 1 
    0.444858 8.474680e-03 1.284700e-14 1 
    0.445133 8.554511e-03 1.295200e-14 1 
    0.445408 7.936193e-03 1.200100e-14 1 
    0.445683 7.477221e-03 1.129300e-14 1 
    0.445958 7.259730e-03 1.095100e-14 1 
    0.446233 7.956991e-03 1.198800e-14 1 
    0.446508 7.733539e-03 1.163700e-14 1 
    0.446783 8.705878e-03 1.308400e-14 1 
    0.447058 7.702637e-03 1.156200e-14 1 
    0.447333 8.001605e-03 1.199600e-14 1 
    0.447608 8.611836e-03 1.289500e-14 1 
    0.447883 8.266692e-03 1.236300e-14 1 
    0.448158 8.772936e-03 1.310400e-14 1 
    0.448433 8.496144e-03 1.267500e-14 1 
    0.448708 8.795825e-03 1.310600e-14 1 
    0.448983 8.975941e-03 1.335800e-14 1 
    0.449258 8.401625e-03 1.248800e-14 1 
    0.449533 9.788077e-03 1.453100e-14 1 
    0.449808 8.909818e-03 1.321100e-14 1 
    0.450083 8.807274e-03 1.304300e-14 1 
    0.450358 8.953254e-03 1.324300e-14 1 
    0.450633 8.989237e-03 1.328000e-14 1 
    0.450908 7.774882e-03 1.147200e-14 1 
    0.451183 8.155537e-03 1.201900e-14 1 
    0.451458 8.090750e-03 1.190900e-14 1 
    0.451733 8.812108e-03 1.295500e-14 1 
    0.452008 8.642365e-03 1.269000e-14 1 
    0.452283 8.940632e-03 1.311200e-14 1 
    0.452558 8.180744e-03 1.198300e-14 1 
    0.452833 8.367723e-03 1.224200e-14 1 
    0.453108 8.247177e-03 1.205100e-14 1 
    0.453383 8.271580e-03 1.207200e-14 1 
    0.453658 8.596499e-03 1.253100e-14 1 
    0.453933 9.095962e-03 1.324300e-14 1 
    0.454208 9.181944e-03 1.335200e-14 1 
    0.454483 9.246769e-03 1.343000e-14 1 
    0.454758 9.204194e-03 1.335200e-14 1 
    0.455033 8.862645e-03 1.284100e-14 1 
    0.455308 9.393698e-03 1.359400e-14 1 
    0.455583 9.360078e-03 1.352900e-14 1 
    0.455858 9.968479e-03 1.439100e-14 1 
    0.456133 9.602539e-03 1.384600e-14 1 
    0.456408 9.002388e-03 1.296500e-14 1 
    0.456683 7.988519e-03 1.149100e-14 1 
    0.456958 8.123429e-03 1.167100e-14 1 
    0.457233 8.490706e-03 1.218400e-14 1 
    0.457508 9.175609e-03 1.315100e-14 1 
    0.457783 8.981269e-03 1.285700e-14 1 
    0.458058 8.410870e-03 1.202600e-14 1 
    0.458333 9.269651e-03 1.323800e-14 1 
    0.458608 8.865043e-03 1.264500e-14 1 
    0.458883 9.379650e-03 1.336300e-14 1 
    0.459158 9.637563e-03 1.371400e-14 1 
    0.459433 8.681666e-03 1.233900e-14 1 
    0.459708 8.332095e-03 1.182800e-14 1 
    0.459983 8.466196e-03 1.200400e-14 1 
    0.460258 8.761596e-03 1.240800e-14 1 
    0.460533 8.547960e-03 1.209100e-14 1 
    0.460808 8.466864e-03 1.196200e-14 1 
    0.461083 7.992250e-03 1.127800e-14 1 
    0.461358 7.681800e-03 1.082700e-14 1 
    0.461633 7.618505e-03 1.072500e-14 1 
    0.461908 7.537263e-03 1.059800e-14 1 
    0.462183 8.215561e-03 1.153800e-14 1 
    0.462458 8.784248e-03 1.232200e-14 1 
    0.462733 8.624114e-03 1.208300e-14 1 
    0.463008 9.161733e-03 1.282100e-14 1 
    0.463283 8.679684e-03 1.213200e-14 1 
    0.463558 8.490147e-03 1.185300e-14 1 
    0.463833 9.116961e-03 1.271300e-14 1 
    0.464108 9.584415e-03 1.334900e-14 1 
    0.464383 8.727419e-03 1.214100e-14 1 
    0.464658 8.950788e-03 1.243700e-14 1 
    0.464933 8.402964e-03 1.166200e-14 1 
    0.465208 9.062164e-03 1.256200e-14 1 
    0.465483 9.838464e-03 1.362200e-14 1 
    0.465758 8.954892e-03 1.238400e-14 1 
    0.466033 9.472239e-03 1.308400e-14 1 
    0.466308 8.728168e-03 1.204200e-14 1 
    0.466583 8.126730e-03 1.119900e-14 1 
    0.466858 8.532993e-03 1.174500e-14 1 
    0.467133 8.421577e-03 1.157800e-14 1 
    0.467408 8.736625e-03 1.199700e-14 1 
    0.467683 8.605465e-03 1.180300e-14 1 
    0.467958 9.606859e-03 1.316100e-14 1 
    0.468233 9.204516e-03 1.259500e-14 1 
    0.468508 9.299473e-03 1.271000e-14 1 
    0.468783 9.418807e-03 1.285800e-14 1 
    0.469058 9.231114e-03 1.258700e-14 1 
    0.469333 9.953424e-03 1.355600e-14 1 
    0.469608 1.214982e-02 1.652800e-14 1 
    0.469883 1.422918e-02 1.933400e-14 1 
    0.470158 1.351786e-02 1.834600e-14 1 
    0.470433 1.203174e-02 1.631000e-14 1 
    0.470708 1.058052e-02 1.432600e-14 1 
    0.470983 9.184294e-03 1.242100e-14 1 
    0.471258 8.285958e-03 1.119300e-14 1 
    0.471533 9.180558e-03 1.238700e-14 1 
    0.471808 9.996349e-03 1.347200e-14 1 
    0.472083 9.667027e-03 1.301300e-14 1 
    0.472358 9.711760e-03 1.305800e-14 1 
    0.472633 8.889113e-03 1.193800e-14 1 
    0.472908 8.265808e-03 1.108800e-14 1 
    0.473183 9.512110e-03 1.274500e-14 1 
    0.473458 8.516680e-03 1.139800e-14 1 
    0.473733 9.275401e-03 1.239900e-14 1 
    0.474008 9.940751e-03 1.327300e-14 1 
    0.474283 1.045391e-02 1.394200e-14 1 
    0.474558 9.879757e-03 1.316100e-14 1 
    0.474833 9.552259e-03 1.271000e-14 1 
    0.475108 9.501628e-03 1.262800e-14 1 
    0.475383 9.751426e-03 1.294500e-14 1 
    0.475658 1.029968e-02 1.365700e-14 1 
    0.475933 8.815100e-03 1.167500e-14 1 
    0.476208 9.315123e-03 1.232300e-14 1 
    0.476483 9.546866e-03 1.261500e-14 1 
    0.476758 8.939639e-03 1.179900e-14 1 
    0.477033 9.402040e-03 1.239500e-14 1 
    0.477308 8.837252e-03 1.163700e-14 1 
    0.477583 8.820828e-03 1.160200e-14 1 
    0.477858 9.688056e-03 1.272800e-14 1 
    0.478133 9.719785e-03 1.275500e-14 1 
    0.478408 9.191588e-03 1.204800e-14 1 
    0.478683 9.464903e-03 1.239200e-14 1 
    0.478958 8.651468e-03 1.131400e-14 1 
    0.479233 9.504274e-03 1.241500e-14 1 
    0.479508 8.708137e-03 1.136200e-14 1 
    0.479783 9.381848e-03 1.222700e-14 1 
    0.480058 1.016156e-02 1.322800e-14 1 
    0.480333 9.506425e-03 1.236100e-14 1 
    0.480608 9.542721e-03 1.239400e-14 1 
    0.480883 9.061856e-03 1.175600e-14 1 
    0.481158 9.104636e-03 1.179800e-14 1 
    0.481433 1.044004e-02 1.351300e-14 1 
    0.481708 8.740271e-03 1.130000e-14 1 
    0.481983 8.970171e-03 1.158400e-14 1 
    0.482258 9.264925e-03 1.195100e-14 1 
    0.482533 8.868027e-03 1.142600e-14 1 
    0.482808 9.300056e-03 1.196900e-14 1 
    0.483083 9.278759e-03 1.192800e-14 1 
    0.483358 1.060625e-02 1.361900e-14 1 
    0.483633 9.434002e-03 1.210000e-14 1 
    0.483908 9.518887e-03 1.219500e-14 1 
    0.484183 9.613323e-03 1.230200e-14 1 
    0.484458 9.775236e-03 1.249500e-14 1 
    0.484733 9.008600e-03 1.150200e-14 1 
    0.485008 9.561428e-03 1.219400e-14 1 
    0.485283 8.823385e-03 1.124000e-14 1 
    0.485558 9.361505e-03 1.191200e-14 1 
    0.485833 9.708853e-03 1.234000e-14 1 
    0.486108 9.580430e-03 1.216300e-14 1 
    0.486383 9.909063e-03 1.256600e-14 1 
    0.486658 1.201153e-02 1.521500e-14 1 
    0.486933 1.183701e-02 1.497700e-14 1 
    0.487208 1.065324e-02 1.346400e-14 1 
    0.487483 9.418452e-03 1.189000e-14 1 
    0.487758 9.490145e-03 1.196700e-14 1 
    0.488033 1.008121e-02 1.269800e-14 1 
    0.488308 9.193633e-03 1.156700e-14 1 
    0.488583 9.565244e-03 1.202100e-14 1 
    0.488858 8.716476e-03 1.094200e-14 1 
    0.489133 9.681694e-03 1.214000e-14 1 
    0.489408 9.789988e-03 1.226200e-14 1 
    0.489683 1.000402e-02 1.251600e-14 1 
    0.489958 1.009367e-02 1.261400e-14 1 
    0.490233 1.063613e-02 1.327700e-14 1 
    0.490508 9.289493e-03 1.158300e-14 1 
    0.490783 9.137727e-03 1.138100e-14 1 
    0.491058 8.902814e-03 1.107600e-14 1 
    0.491333 9.189602e-03 1.142000e-14 1 
    0.491608 1.019238e-02 1.265200e-14 1 
    0.491883 9.585208e-03 1.188500e-14 1 
    0.492158 9.818772e-03 1.216100e-14 1 
    0.492433 8.352173e-03 1.033300e-14 1 
    0.492708 1.000095e-02 1.235900e-14 1 
    0.492983 9.833084e-03 1.213800e-14 1 
    0.493258 9.053322e-03 1.116300e-14 1 
    0.493533 9.873712e-03 1.216100e-14 1 
    0.493808 9.017438e-03 1.109400e-14 1 
    0.494083 1.059228e-02 1.301700e-14 1 
    0.494358 1.439375e-02 1.766900e-14 1 
    0.494633 2.358703e-02 2.892200e-14 1 
    0.494908 3.559870e-02 4.360200e-14 1 
    0.495183 4.029882e-02 4.930400e-14 1 
    0.495458 3.105305e-02 3.795000e-14 1 
    0.495733 1.797916e-02 2.194800e-14 1 
    0.496008 1.124493e-02 1.371200e-14 1 
    0.496283 9.355995e-03 1.139600e-14 1 
    0.496558 9.464174e-03 1.151500e-14 1 
    0.496833 8.934072e-03 1.085800e-14 1 
    0.497108 1.016719e-02 1.234300e-14 1 
    0.497383 9.514614e-03 1.153800e-14 1 
    0.497658 9.878471e-03 1.196600e-14 1 
    0.497933 1.002906e-02 1.213500e-14 1 
    0.498208 9.722433e-03 1.175100e-14 1 
    0.498483 9.665251e-03 1.166900e-14 1 
    0.498758 9.457838e-03 1.140600e-14 1 
    0.499033 1.096413e-02 1.320800e-14 1 
    0.499308 9.153777e-03 1.101500e-14 1 
    0.499583 9.747054e-03 1.171600e-14 1 
    0.499858 9.797766e-03 1.176400e-14 1 
    0.500133 9.615114e-03 1.153200e-14 1 
    0.500408 8.625727e-03 1.033400e-14 1 
    0.500683 9.412329e-03 1.126400e-14 1 
    0.500958 9.740553e-03 1.164400e-14 1 
    0.501233 9.000896e-03 1.074800e-14 1 
    0.501508 9.403969e-03 1.121700e-14 1 
    0.501783 1.080582e-02 1.287500e-14 1 
    0.502058 1.025557e-02 1.220600e-14 1 
    0.502333 9.712507e-03 1.154700e-14 1 
    0.502608 9.416638e-03 1.118300e-14 1 
    0.502883 9.043394e-03 1.072800e-14 1 
    0.503158 9.718275e-03 1.151600e-14 1 
    0.503433 9.521921e-03 1.127100e-14 1 
    0.503708 1.040936e-02 1.230800e-14 1 
    0.503983 1.067388e-02 1.260700e-14 1 
    0.504258 1.262227e-02 1.489200e-14 1 
    0.504533 2.128407e-02 2.508400e-14 1 
    0.504808 3.437162e-02 4.046400e-14 1 
    0.505083 3.746529e-02 4.405800e-14 1 
    0.505358 3.243837e-02 3.810500e-14 1 
    0.505633 1.969300e-02 2.310800e-14 1 
    0.505908 1.291659e-02 1.514000e-14 1 
    0.506183 9.929427e-03 1.162600e-14 1 
    0.506458 1.082942e-02 1.266600e-14 1 
    0.506733 1.005801e-02 1.175100e-14 1 
    0.507008 9.380014e-03 1.094700e-14 1 
    0.507283 1.078410e-02 1.257200e-14 1 
    0.507558 9.715525e-03 1.131400e-14 1 
    0.507833 1.051865e-02 1.223600e-14 1 
    0.508108 1.031146e-02 1.198200e-14 1 
    0.508383 1.009088e-02 1.171300e-14 1 
    0.508658 9.891361e-03 1.146900e-14 1 
    0.508933 1.420858e-02 1.645700e-14 1 
    0.509208 2.552997e-02 2.953800e-14 1 
    0.509483 5.298403e-02 6.123600e-14 1 
    0.509758 8.977929e-02 1.036500e-13 1 
    0.510033 1.000734e-01 1.154100e-13 1 
    0.510308 6.950630e-02 8.007200e-14 1 
    0.510583 3.480018e-02 4.004700e-14 1 
    0.510858 1.664678e-02 1.913600e-14 1 
    0.511133 1.138558e-02 1.307400e-14 1 
    0.511408 1.028368e-02 1.179600e-14 1 
    0.511683 9.284120e-03 1.063800e-14 1 
    0.511958 1.062383e-02 1.216000e-14 1 
    0.512233 1.040260e-02 1.189400e-14 1 
    0.512508 1.075786e-02 1.228700e-14 1 
    0.512783 9.111093e-03 1.039500e-14 1 
    0.513058 1.048176e-02 1.194600e-14 1 
    0.513333 8.528702e-03 9.709700e-15 1 
    0.513608 9.992486e-03 1.136400e-14 1 
    0.513883 1.015371e-02 1.153500e-14 1 
    0.514158 9.823560e-03 1.114800e-14 1 
    0.514433 9.228043e-03 1.046100e-14 1 
    0.514708 9.569949e-03 1.083700e-14 1 
    0.514983 1.063570e-02 1.203100e-14 1 
    0.515258 9.785991e-03 1.105800e-14 1 
    0.515533 8.945962e-03 1.009800e-14 1 
    0.515808 9.429092e-03 1.063200e-14 1 
    0.516083 1.049919e-02 1.182600e-14 1 
    0.516358 1.013799e-02 1.140700e-14 1 
    0.516633 1.117907e-02 1.256500e-14 1 
    0.516908 9.765047e-03 1.096400e-14 1 
    0.517183 8.601209e-03 9.647000e-15 1 
    0.517458 8.921231e-03 9.995300e-15 1 
    0.517733 9.666685e-03 1.081900e-14 1 
    0.518008 9.779818e-03 1.093400e-14 1 
    0.518283 9.806321e-03 1.095200e-14 1 
    0.518558 1.032675e-02 1.152100e-14 1 
    0.518833 9.802021e-03 1.092400e-14 1 
    0.519108 1.037831e-02 1.155400e-14 1 
    0.519383 1.017620e-02 1.131700e-14 1 
    0.519658 9.563174e-03 1.062400e-14 1 
    0.519933 9.987805e-03 1.108400e-14 1 
    0.520208 1.072182e-02 1.188600e-14 1 
    0.520483 9.770552e-03 1.082000e-14 1 
    0.520758 1.052846e-02 1.164700e-14 1 
    0.521033 8.903760e-03 9.839300e-15 1 
    0.521308 1.007603e-02 1.112300e-14 1 
    0.521583 9.986913e-03 1.101300e-14 1 
    0.521858 9.256694e-03 1.019700e-14 1 
    0.522133 9.492729e-03 1.044600e-14 1 
    0.522408 1.036422e-02 1.139300e-14 1 
    0.522683 9.546433e-03 1.048300e-14 1 
    0.522958 8.805308e-03 9.659000e-15 1 
    0.523233 8.701411e-03 9.535000e-15 1 
    0.523508 9.673427e-03 1.058900e-14 1 
    0.523783 9.462284e-03 1.034700e-14 1 
    0.524058 9.474054e-03 1.034900e-14 1 
    0.524333 9.203576e-03 1.004300e-14 1 
    0.524608 9.870076e-03 1.075900e-14 1 
    0.524883 9.199936e-03 1.001800e-14 1 
    0.525158 9.636135e-03 1.048200e-14 1 
    0.525433 9.174869e-03 9.969800e-15 1 
    0.525708 1.024500e-02 1.112100e-14 1 
    0.525983 9.428510e-03 1.022400e-14 1 
    0.526258 8.495734e-03 9.202900e-15 1 
    0.526533 8.952168e-03 9.687200e-15 1 
    0.526808 8.578534e-03 9.273200e-15 1 
    0.527083 8.222905e-03 8.879500e-15 1 
    0.527358 9.629901e-03 1.038800e-14 1 
    0.527633 1.018375e-02 1.097400e-14 1 
    0.527908 1.010983e-02 1.088300e-14 1 
    0.528183 9.188954e-03 9.881400e-15 1 
    0.528458 1.019979e-02 1.095700e-14 1 
    0.528733 1.049370e-02 1.126100e-14 1 
    0.529008 1.033764e-02 1.108200e-14 1 
    0.529283 1.110197e-02 1.188900e-14 1 
    0.529558 1.192769e-02 1.276000e-14 1 
    0.529833 1.130284e-02 1.207900e-14 1 
    0.530108 1.024298e-02 1.093500e-14 1 
    0.530383 9.893537e-03 1.055100e-14 1 
    0.530658 1.097012e-02 1.168700e-14 1 
    0.530933 1.070993e-02 1.139800e-14 1 
    0.531208 1.022251e-02 1.086800e-14 1 
    0.531483 9.992995e-03 1.061300e-14 1 
    0.531758 9.008378e-03 9.557400e-15 1 
    0.532033 9.529657e-03 1.010000e-14 1 
    0.532308 9.433255e-03 9.987500e-15 1 
    0.532583 9.873671e-03 1.044300e-14 1 
    0.532858 8.661140e-03 9.151100e-15 1 
    0.533133 9.579525e-03 1.011100e-14 1 
    0.533408 1.076260e-02 1.134800e-14 1 
    0.533683 9.338693e-03 9.836500e-15 1 
    0.533958 1.085323e-02 1.142000e-14 1 
    0.534233 1.093957e-02 1.149900e-14 1 
    0.534508 1.030706e-02 1.082300e-14 1 
    0.534783 1.070662e-02 1.123100e-14 1 
    0.535058 1.083597e-02 1.135500e-14 1 
    0.535333 9.860312e-03 1.032200e-14 1 
    0.535608 1.091372e-02 1.141300e-14 1 
    0.535883 1.065211e-02 1.112800e-14 1 
    0.536158 1.015807e-02 1.060100e-14 1 
    0.536433 1.031525e-02 1.075400e-14 1 
    0.536708 9.988804e-03 1.040300e-14 1 
    0.536983 1.093618e-02 1.137800e-14 1 
    0.537258 1.005451e-02 1.045000e-14 1 
    0.537533 1.036049e-02 1.075700e-14 1 
    0.537808 1.115300e-02 1.156800e-14 1 
    0.538083 1.063070e-02 1.101500e-14 1 
    0.538358 1.067828e-02 1.105300e-14 1 
    0.538633 1.065728e-02 1.102000e-14 1 
    0.538908 1.043776e-02 1.078200e-14 1 
    0.539183 1.019840e-02 1.052400e-14 1 
    0.539458 1.009240e-02 1.040400e-14 1 
    0.539733 1.065133e-02 1.096900e-14 1 
    0.540008 9.962324e-03 1.024900e-14 1 
    0.540283 1.057380e-02 1.086700e-14 1 
    0.540558 1.136572e-02 1.166900e-14 1 
    0.540833 1.055439e-02 1.082500e-14 1 
    0.541108 9.506268e-03 9.740100e-15 1 
    0.541383 1.078592e-02 1.104000e-14 1 
    0.541658 9.995913e-03 1.022100e-14 1 
    0.541933 1.026843e-02 1.048900e-14 1 
    0.542208 1.050523e-02 1.072000e-14 1 
    0.542483 1.107896e-02 1.129400e-14 1 
    0.542758 1.264757e-02 1.288000e-14 1 
    0.543033 1.043401e-02 1.061500e-14 1 
    0.543308 9.350039e-03 9.502600e-15 1 
    0.543583 1.084421e-02 1.101000e-14 1 
    0.543858 1.104843e-02 1.120600e-14 1 
    0.544133 1.047435e-02 1.061300e-14 1 
    0.544408 1.103917e-02 1.117400e-14 1 
    0.544683 1.112450e-02 1.124900e-14 1 
    0.544958 1.087142e-02 1.098200e-14 1 
    0.545233 1.043945e-02 1.053500e-14 1 
    0.545508 9.996669e-03 1.007800e-14 1 
    0.545783 1.016165e-02 1.023400e-14 1 
    0.546058 1.072253e-02 1.078800e-14 1 
    0.546333 1.095122e-02 1.100700e-14 1 
    0.546608 1.054993e-02 1.059300e-14 1 
    0.546883 1.098824e-02 1.102200e-14 1 
    0.547158 1.040851e-02 1.043000e-14 1 
    0.547433 9.991428e-03 1.000200e-14 1 
    0.547708 1.077643e-02 1.077700e-14 1 
    0.547983 1.087634e-02 1.086600e-14 1 
    0.548258 1.058066e-02 1.056000e-14 1 
    0.548533 1.000364e-02 9.974100e-15 1 
    0.548808 1.043724e-02 1.039600e-14 1 
    0.549083 1.099341e-02 1.093900e-14 1 
    0.549358 1.118248e-02 1.111600e-14 1 
    0.549633 1.128934e-02 1.121100e-14 1 
    0.549908 9.729582e-03 9.652400e-15 1 
    0.550183 9.350445e-03 9.267000e-15 1 
    0.550458 9.136582e-03 9.046000e-15 1 
    0.550733 9.465297e-03 9.362100e-15 1 
    0.551008 1.094311e-02 1.081300e-14 1 
    0.551283 1.041915e-02 1.028500e-14 1 
    0.551558 1.002585e-02 9.886900e-15 1 
    0.551833 1.057191e-02 1.041500e-14 1 
    0.552108 1.000278e-02 9.844500e-15 1 
    0.552383 1.129580e-02 1.110600e-14 1 
    0.552658 1.107900e-02 1.088200e-14 1 
    0.552933 9.959824e-03 9.773000e-15 1 
    0.553208 1.001686e-02 9.819200e-15 1 
    0.553483 1.042691e-02 1.021100e-14 1 
    0.553758 1.146352e-02 1.121500e-14 1 
    0.554033 1.058372e-02 1.034400e-14 1 
    0.554308 1.057887e-02 1.032900e-14 1 
    0.554583 1.056579e-02 1.030600e-14 1 
    0.554858 1.129463e-02 1.100600e-14 1 
    0.555133 1.135000e-02 1.104900e-14 1 
    0.555408 1.003777e-02 9.761900e-15 1 
    0.555683 1.149087e-02 1.116400e-14 1 
    0.555958 1.011423e-02 9.816800e-15 1 
    0.556233 1.108047e-02 1.074400e-14 1 
    0.556508 1.054326e-02 1.021300e-14 1 
    0.556783 9.741359e-03 9.426900e-15 1 
    0.557058 1.010805e-02 9.772100e-15 1 
    0.557333 9.952474e-03 9.612200e-15 1 
    0.557608 1.057773e-02 1.020600e-14 1 
    0.557883 1.024497e-02 9.875200e-15 1 
    0.558158 1.118118e-02 1.076700e-14 1 
    0.558433 1.013837e-02 9.753200e-15 1 
    0.558708 1.258607e-02 1.209600e-14 1 
    0.558983 1.001378e-02 9.614400e-15 1 
    0.559258 1.131600e-02 1.085400e-14 1 
    0.559533 1.025703e-02 9.828600e-15 1 
    0.559808 1.183969e-02 1.133400e-14 1 
    0.560083 1.021228e-02 9.766500e-15 1 
    0.560358 1.039972e-02 9.936000e-15 1 
    0.560633 1.105531e-02 1.055200e-14 1 
    0.560908 1.060786e-02 1.011500e-14 1 
    0.561183 1.111690e-02 1.059000e-14 1 
    0.561458 1.181186e-02 1.124100e-14 1 
    0.561733 1.164252e-02 1.106900e-14 1 
    0.562008 1.142440e-02 1.085100e-14 1 
    0.562283 1.027274e-02 9.747600e-15 1 
    0.562558 1.069357e-02 1.013700e-14 1 
    0.562833 1.081385e-02 1.024100e-14 1 
    0.563108 1.168056e-02 1.105100e-14 1 
    0.563383 1.171525e-02 1.107300e-14 1 
    0.563658 1.133908e-02 1.070700e-14 1 
    0.563933 1.111905e-02 1.048900e-14 1 
    0.564208 1.221435e-02 1.151100e-14 1 
    0.564483 1.187150e-02 1.117700e-14 1 
    0.564758 1.181609e-02 1.111400e-14 1 
    0.565033 1.087514e-02 1.021900e-14 1 
    0.565308 1.117015e-02 1.048600e-14 1 
    0.565583 1.084407e-02 1.017000e-14 1 
    0.565858 1.108089e-02 1.038200e-14 1 
    0.566133 1.086838e-02 1.017300e-14 1 
    0.566408 1.207666e-02 1.129300e-14 1 
    0.566683 1.239239e-02 1.157700e-14 1 
    0.566958 1.170475e-02 1.092400e-14 1 
    0.567233 1.129569e-02 1.053200e-14 1 
    0.567508 1.077631e-02 1.003800e-14 1 
    0.567783 1.163568e-02 1.082800e-14 1 
    0.568058 1.159317e-02 1.077800e-14 1 
    0.568333 1.122756e-02 1.042800e-14 1 
    0.568608 1.143997e-02 1.061500e-14 1 
    0.568883 1.131511e-02 1.048900e-14 1 
    0.569158 1.007542e-02 9.330800e-15 1 
    0.569433 1.021216e-02 9.448300e-15 1 
    0.569708 9.865654e-03 9.118900e-15 1 
    0.569983 1.076394e-02 9.939600e-15 1 
    0.570258 1.099265e-02 1.014100e-14 1 
    0.570533 1.060244e-02 9.771600e-15 1 
    0.570808 1.110183e-02 1.022200e-14 1 
    0.571083 1.147781e-02 1.055800e-14 1 
    0.571358 1.082008e-02 9.943400e-15 1 
    0.571633 1.035353e-02 9.505500e-15 1 
    0.571908 1.041637e-02 9.554000e-15 1 
    0.572183 1.031016e-02 9.447500e-15 1 
    0.572458 1.042582e-02 9.544300e-15 1 
    0.572733 9.773011e-03 8.938100e-15 1 
    0.573008 9.628080e-03 8.797100e-15 1 
    0.573283 1.133087e-02 1.034300e-14 1 
    0.573558 1.050507e-02 9.580000e-15 1 
    0.573833 1.067046e-02 9.721500e-15 1 
    0.574108 1.038438e-02 9.451800e-15 1 
    0.574383 1.021002e-02 9.284200e-15 1 
    0.574658 1.055960e-02 9.592900e-15 1 
    0.574933 1.058139e-02 9.603500e-15 1 
    0.575208 1.115343e-02 1.011300e-14 1 
    0.575483 1.083391e-02 9.813900e-15 1 
    0.575758 1.139909e-02 1.031600e-14 1 
    0.576033 1.109807e-02 1.003400e-14 1 
    0.576308 1.144523e-02 1.033800e-14 1 
    0.576583 1.110819e-02 1.002400e-14 1 
    0.576858 9.950122e-03 8.970400e-15 1 
    0.577133 9.969937e-03 8.979700e-15 1 
    0.577408 1.096319e-02 9.864900e-15 1 
    0.577683 1.275803e-02 1.146900e-14 1 
    0.577958 1.134496e-02 1.018900e-14 1 
    0.578233 1.079839e-02 9.688900e-15 1 
    0.578508 1.059369e-02 9.496200e-15 1 
    0.578783 1.009927e-02 9.044400e-15 1 
    0.579058 1.175032e-02 1.051300e-14 1 
    0.579333 1.143816e-02 1.022400e-14 1 
    0.579608 1.000804e-02 8.937200e-15 1 
    0.579883 1.150472e-02 1.026400e-14 1 
    0.580158 1.101222e-02 9.815300e-15 1 
    0.580433 1.126602e-02 1.003200e-14 1 
    0.580708 1.134864e-02 1.009600e-14 1 
    0.580983 1.080807e-02 9.606000e-15 1 
    0.581258 1.123815e-02 9.978800e-15 1 
    0.581533 1.137752e-02 1.009300e-14 1 
    0.581808 1.108454e-02 9.823800e-15 1 
    0.582083 1.149280e-02 1.017600e-14 1 
    0.582358 1.204515e-02 1.065500e-14 1 
    0.582633 1.249783e-02 1.104500e-14 1 
    0.582908 1.158316e-02 1.022700e-14 1 
    0.583183 1.052243e-02 9.281700e-15 1 
    0.583458 9.737920e-03 8.581600e-15 1 
    0.583733 1.083623e-02 9.540500e-15 1 
    0.584008 9.798353e-03 8.618600e-15 1 
    0.584283 1.112829e-02 9.779200e-15 1 
    0.584558 1.093546e-02 9.600700e-15 1 
    0.584833 1.133076e-02 9.938400e-15 1 
    0.585108 1.101858e-02 9.655500e-15 1 
    0.585383 1.287766e-02 1.127400e-14 1 
    0.585658 1.200255e-02 1.049800e-14 1 
    0.585933 1.220036e-02 1.066100e-14 1 
    0.586208 1.053691e-02 9.198800e-15 1 
    0.586483 1.143514e-02 9.973600e-15 1 
    0.586758 1.065918e-02 9.288100e-15 1 
    0.587033 1.098184e-02 9.560300e-15 1 
    0.587308 1.215421e-02 1.057100e-14 1 
    0.587583 1.192276e-02 1.036000e-14 1 
    0.587858 1.209059e-02 1.049600e-14 1 
    0.588133 1.228292e-02 1.065300e-14 1 
    0.588408 1.049832e-02 9.096700e-15 1 
    0.588683 1.228512e-02 1.063500e-14 1 
    0.588958 1.150862e-02 9.953500e-15 1 
    0.589233 1.130226e-02 9.765900e-15 1 
    0.589508 1.266014e-02 1.092900e-14 1 
    0.589783 1.175133e-02 1.013500e-14 1 
    0.590058 1.042138e-02 8.979600e-15 1 
    0.590333 1.160656e-02 9.991500e-15 1 
    0.590608 1.053407e-02 9.059800e-15 1 
    0.590883 1.342803e-02 1.153800e-14 1 
    0.591158 1.203334e-02 1.033000e-14 1 
    0.591433 1.102268e-02 9.453600e-15 1 
    0.591708 1.148563e-02 9.841500e-15 1 
    0.591983 9.886372e-03 8.463300e-15 1 
    0.592258 1.143029e-02 9.775900e-15 1 
    0.592533 1.135524e-02 9.702700e-15 1 
    0.592808 1.057778e-02 9.030000e-15 1 
    0.593083 1.182106e-02 1.008200e-14 1 
    0.593358 1.154684e-02 9.839000e-15 1 
    0.593633 1.139075e-02 9.697000e-15 1 
    0.593908 1.097885e-02 9.337700e-15 1 
    0.594183 1.038613e-02 8.825400e-15 1 
    0.594458 1.255089e-02 1.065500e-14 1 
    0.594733 1.290207e-02 1.094300e-14 1 
    0.595008 1.296120e-02 1.098300e-14 1 
    0.595283 1.131206e-02 9.576700e-15 1 
    0.595558 1.303129e-02 1.102200e-14 1 
    0.595833 1.177911e-02 9.953700e-15 1 
    0.596108 1.195024e-02 1.008900e-14 1 
    0.596383 1.125977e-02 9.497300e-15 1 
    0.596658 1.047639e-02 8.828400e-15 1 
    0.596933 1.152297e-02 9.701400e-15 1 
    0.597208 1.133279e-02 9.532500e-15 1 
    0.597483 1.262064e-02 1.060600e-14 1 
    0.597758 1.359701e-02 1.141600e-14 1 
    0.598033 1.588533e-02 1.332500e-14 1 
    0.598308 1.762418e-02 1.477000e-14 1 
    0.598583 1.593726e-02 1.334400e-14 1 
    0.598858 1.466800e-02 1.227000e-14 1 
    0.599133 1.243558e-02 1.039300e-14 1 
    0.599408 1.107044e-02 9.243600e-15 1 
    0.599683 1.174026e-02 9.793900e-15 1 
    0.599958 1.158306e-02 9.653900e-15 1 
    0.600233 1.099273e-02 9.153500e-15 1 
    0.600508 1.056899e-02 8.792600e-15 1 
    0.600783 1.082929e-02 9.000900e-15 1 
    0.601058 1.000082e-02 8.304700e-15 1 
    0.601333 1.173975e-02 9.739800e-15 1 
    0.601608 1.204462e-02 9.983600e-15 1 
    0.601883 1.100797e-02 9.116000e-15 1 
    0.602158 1.108970e-02 9.175300e-15 1 
    0.602433 1.195682e-02 9.883700e-15 1 
    0.602708 1.242218e-02 1.025900e-14 1 
    0.602983 1.106582e-02 9.130500e-15 1 
    0.603258 1.145936e-02 9.446600e-15 1 
    0.603533 1.136807e-02 9.362800e-15 1 
    0.603808 1.110195e-02 9.135300e-15 1 
    0.604083 1.112788e-02 9.148300e-15 1 
    0.604358 9.944258e-03 8.167800e-15 1 
    0.604633 1.093221e-02 8.971100e-15 1 
    0.604908 1.174998e-02 9.633400e-15 1 
    0.605183 1.096615e-02 8.982600e-15 1 
    0.605458 9.936012e-03 8.131400e-15 1 
    0.605733 1.086330e-02 8.882200e-15 1 
    0.606008 1.146517e-02 9.365800e-15 1 
    0.606283 1.043814e-02 8.519100e-15 1 
    0.606558 1.208151e-02 9.851400e-15 1 
    0.606833 1.245041e-02 1.014300e-14 1 
    0.607108 1.214668e-02 9.886600e-15 1 
    0.607383 1.081140e-02 8.791800e-15 1 
    0.607658 1.177311e-02 9.565200e-15 1 
    0.607933 1.282451e-02 1.041000e-14 1 
    0.608208 1.125645e-02 9.128900e-15 1 
    0.608483 1.207094e-02 9.780600e-15 1 
    0.608758 1.260858e-02 1.020700e-14 1 
    0.609033 1.154690e-02 9.339100e-15 1 
    0.609308 1.216161e-02 9.827400e-15 1 
    0.609583 1.179989e-02 9.526500e-15 1 
    0.609858 1.156023e-02 9.324600e-15 1 
    0.610133 1.197667e-02 9.651800e-15 1 
    0.610408 1.226692e-02 9.876800e-15 1 
    0.610683 1.233168e-02 9.920000e-15 1 
    0.610958 1.252942e-02 1.007000e-14 1 
    0.611233 1.162337e-02 9.333400e-15 1 
    0.611508 1.120767e-02 8.991500e-15 1 
    0.611783 1.107128e-02 8.874100e-15 1 
    0.612058 1.251464e-02 1.002200e-14 1 
    0.612333 1.199446e-02 9.596800e-15 1 
    0.612608 1.286864e-02 1.028700e-14 1 
    0.612883 1.173429e-02 9.371800e-15 1 
    0.613158 1.190035e-02 9.495900e-15 1 
    0.613433 1.231756e-02 9.820000e-15 1 
    0.613708 1.110654e-02 8.846600e-15 1 
    0.613983 1.165167e-02 9.272500e-15 1 
    0.614258 1.204458e-02 9.576600e-15 1 
    0.614533 1.259214e-02 1.000300e-14 1 
    0.614808 1.245095e-02 9.882000e-15 1 
    0.615083 1.224758e-02 9.711900e-15 1 
    0.615358 1.185955e-02 9.395800e-15 1 
    0.615633 1.129028e-02 8.936800e-15 1 
    0.615908 1.265108e-02 1.000500e-14 1 
    0.616183 1.210247e-02 9.562600e-15 1 
    0.616458 1.163078e-02 9.181700e-15 1 
    0.616733 1.202380e-02 9.483500e-15 1 
    0.617008 1.099496e-02 8.664300e-15 1 
    0.617283 1.174665e-02 9.248400e-15 1 
    0.617558 1.205904e-02 9.485900e-15 1 
    0.617833 1.272239e-02 9.998800e-15 1 
    0.618108 1.243113e-02 9.761200e-15 1 
    0.618383 1.189779e-02 9.334100e-15 1 
    0.618658 1.129816e-02 8.855800e-15 1 
    0.618933 1.228799e-02 9.623100e-15 1 
    0.619208 1.145195e-02 8.960400e-15 1 
    0.619483 1.072185e-02 8.381700e-15 1 
    0.619758 1.173502e-02 9.165600e-15 1 
    0.620033 1.165228e-02 9.092900e-15 1 
    0.620308 1.084944e-02 8.458900e-15 1 
    0.620583 1.280856e-02 9.977500e-15 1 
    0.620858 1.171504e-02 9.117600e-15 1 
    0.621133 1.210814e-02 9.415200e-15 1 
    0.621408 1.180107e-02 9.168300e-15 1 
    0.621683 1.300667e-02 1.009600e-14 1 
    0.621958 1.266139e-02 9.819300e-15 1 
    0.622233 1.248675e-02 9.675300e-15 1 
    0.622508 1.328276e-02 1.028300e-14 1 
    0.622783 1.267108e-02 9.800800e-15 1 
    0.623058 1.090548e-02 8.427700e-15 1 
    0.623333 1.163560e-02 8.984000e-15 1 
    0.623608 1.040221e-02 8.024600e-15 1 
    0.623883 1.030798e-02 7.944900e-15 1 
    0.624158 9.765562e-03 7.520200e-15 1 
    0.624433 1.192183e-02 9.172600e-15 1 
    0.624708 1.225052e-02 9.417200e-15 1 
    0.624983 1.268785e-02 9.744800e-15 1 
    0.625258 1.076526e-02 8.260900e-15 1 
    0.625533 1.091625e-02 8.369400e-15 1 
    0.625808 1.238887e-02 9.490100e-15 1 
    0.626083 1.157164e-02 8.856300e-15 1 
    0.626358 1.320695e-02 1.009900e-14 1 
    0.626633 1.154067e-02 8.817100e-15 1 
    0.626908 1.141430e-02 8.712900e-15 1 
    0.627183 1.122239e-02 8.558900e-15 1 
    0.627458 1.239969e-02 9.448500e-15 1 
    0.627733 1.176249e-02 8.955100e-15 1 
    0.628008 1.154562e-02 8.782300e-15 1 
    0.628283 1.149468e-02 8.735900e-15 1 
    0.628558 1.196015e-02 9.081700e-15 1 
    0.628833 1.198604e-02 9.093400e-15 1 
    0.629108 1.164442e-02 8.826500e-15 1 
    0.629383 1.142802e-02 8.654900e-15 1 
    0.629658 1.174183e-02 8.884800e-15 1 
    0.629933 1.074339e-02 8.122200e-15 1 
    0.630208 1.305114e-02 9.858300e-15 1 
    0.630483 1.123519e-02 8.479200e-15 1 
    0.630758 1.150758e-02 8.677200e-15 1 
    0.631033 1.265461e-02 9.533800e-15 1 
    0.631308 1.240553e-02 9.338000e-15 1 
    0.631583 1.203845e-02 9.053800e-15 1 
    0.631858 1.239255e-02 9.312000e-15 1 
    0.632133 1.287180e-02 9.663700e-15 1 
    0.632408 1.113233e-02 8.350500e-15 1 
    0.632683 9.619716e-03 7.209600e-15 1 
    0.632958 1.207343e-02 9.040700e-15 1 
    0.633233 1.137873e-02 8.513100e-15 1 
    0.633508 1.296999e-02 9.695200e-15 1 
    0.633783 1.197879e-02 8.946500e-15 1 
    0.634058 1.272651e-02 9.496700e-15 1 
    0.634333 1.145947e-02 8.543800e-15 1 
    0.634608 1.259154e-02 9.379700e-15 1 
    0.634883 1.110798e-02 8.267400e-15 1 
    0.635158 1.179765e-02 8.773100e-15 1 
    0.635433 1.135887e-02 8.439500e-15 1 
    0.635708 1.273989e-02 9.457400e-15 1 
    0.635983 1.290894e-02 9.574600e-15 1 
    0.636258 1.231354e-02 9.125100e-15 1 
    0.636533 1.325014e-02 9.810700e-15 1 
    0.636808 1.208314e-02 8.938900e-15 1 
    0.637083 1.031504e-02 7.624300e-15 1 
    0.637358 1.090512e-02 8.053500e-15 1 
    0.637633 1.258325e-02 9.284800e-15 1 
    0.637908 1.431568e-02 1.055400e-14 1 
    0.638183 1.343079e-02 9.893100e-15 1 
    0.638458 1.220182e-02 8.980100e-15 1 
    0.638733 1.211129e-02 8.905800e-15 1 
    0.639008 1.183289e-02 8.693600e-15 1 
    0.639283 1.260419e-02 9.252300e-15 1 
    0.639558 1.236129e-02 9.066200e-15 1 
    0.639833 1.157881e-02 8.485000e-15 1 
    0.640108 1.327893e-02 9.722500e-15 1 
    0.640383 1.311715e-02 9.595800e-15 1 
    0.640658 1.326961e-02 9.699000e-15 1 
    0.640933 1.445725e-02 1.055800e-14 1 
    0.641208 1.697355e-02 1.238500e-14 1 
    0.641483 1.903327e-02 1.387600e-14 1 
    0.641758 1.820941e-02 1.326400e-14 1 
    0.642033 1.665589e-02 1.212200e-14 1 
    0.642308 1.400365e-02 1.018300e-14 1 
    0.642583 1.384084e-02 1.005600e-14 1 
    0.642858 1.326695e-02 9.630800e-15 1 
    0.643133 1.330547e-02 9.650500e-15 1 
    0.643408 1.383639e-02 1.002700e-14 1 
    0.643683 1.273340e-02 9.219800e-15 1 
    0.643958 1.227320e-02 8.879000e-15 1 
    0.644233 1.303725e-02 9.423700e-15 1 
    0.644508 1.254189e-02 9.057900e-15 1 
    0.644783 1.504027e-02 1.085300e-14 1 
    0.645058 1.264208e-02 9.114700e-15 1 
    0.645333 1.128079e-02 8.126300e-15 1 
    0.645608 1.408261e-02 1.013600e-14 1 
    0.645883 1.295102e-02 9.313600e-15 1 
    0.646158 1.217642e-02 8.749100e-15 1 
    0.646433 1.257555e-02 9.028200e-15 1 
    0.646708 1.247807e-02 8.950600e-15 1 
    0.646983 1.282955e-02 9.194900e-15 1 
    0.647258 1.112698e-02 7.967900e-15 1 
    0.647533 1.417091e-02 1.013900e-14 1 
    0.647808 1.541254e-02 1.101800e-14 1 
    0.648083 1.633985e-02 1.167100e-14 1 
    0.648358 1.348163e-02 9.621300e-15 1 
    0.648633 1.538170e-02 1.096800e-14 1 
    0.648908 1.360346e-02 9.691800e-15 1 
    0.649183 1.318161e-02 9.383300e-15 1 
    0.649458 1.250554e-02 8.894500e-15 1 
    0.649733 1.345345e-02 9.560600e-15 1 
    0.650008 1.360695e-02 9.661500e-15 1 
    0.650283 1.132046e-02 8.031200e-15 1 
    0.650558 1.239910e-02 8.789000e-15 1 
    0.650833 1.319279e-02 9.343700e-15 1 
    0.651108 1.269267e-02 8.981900e-15 1 
    0.651383 1.211871e-02 8.568500e-15 1 
    0.651658 1.281420e-02 9.052600e-15 1 
    0.651933 1.302053e-02 9.190600e-15 1 
    0.652208 1.281117e-02 9.035200e-15 1 
    0.652483 1.261606e-02 8.890100e-15 1 
    0.652758 1.239505e-02 8.727000e-15 1 
    0.653033 1.201046e-02 8.449100e-15 1 
    0.653308 9.773268e-03 6.869500e-15 1 
    0.653583 1.165493e-02 8.185200e-15 1 
    0.653858 1.187636e-02 8.333700e-15 1 
    0.654133 1.302683e-02 9.133300e-15 1 
    0.654408 1.363034e-02 9.548400e-15 1 
    0.654683 1.071125e-02 7.497200e-15 1 
    0.654958 1.090256e-02 7.624700e-15 1 
    0.655233 1.103021e-02 7.707500e-15 1 
    0.655508 1.124286e-02 7.849500e-15 1 
    0.655783 1.207312e-02 8.422100e-15 1 
    0.656058 1.350978e-02 9.416400e-15 1 
    0.656333 1.399567e-02 9.746900e-15 1 
    0.656608 1.235199e-02 8.595000e-15 1 
    0.656883 1.392881e-02 9.684100e-15 1 
    0.657158 1.533667e-02 1.065400e-14 1 
    0.657433 1.349457e-02 9.366500e-15 1 
    0.657708 1.264460e-02 8.769200e-15 1 
    0.657983 1.163026e-02 8.059000e-15 1 
    0.658258 1.287027e-02 8.910800e-15 1 
    0.658533 1.332828e-02 9.220200e-15 1 
    0.658808 1.212269e-02 8.379200e-15 1 
    0.659083 1.390788e-02 9.605100e-15 1 
    0.659358 1.391369e-02 9.601100e-15 1 
    0.659633 1.278007e-02 8.811500e-15 1 
    0.659908 1.422505e-02 9.799600e-15 1 
    0.660183 1.421265e-02 9.782900e-15 1 
    0.660458 1.218567e-02 8.380700e-15 1 
    0.660733 1.283525e-02 8.820100e-15 1 
    0.661008 1.363154e-02 9.359500e-15 1 
    0.661283 1.436048e-02 9.851800e-15 1 
    0.661558 1.232156e-02 8.446000e-15 1 
    0.661833 1.290503e-02 8.838600e-15 1 
    0.662108 1.235813e-02 8.457000e-15 1 
    0.662383 1.248964e-02 8.539900e-15 1 
    0.662658 1.177811e-02 8.046700e-15 1 
    0.662933 1.417939e-02 9.679200e-15 1 
    0.663208 1.373533e-02 9.368300e-15 1 
    0.663483 1.361451e-02 9.278200e-15 1 
    0.663758 1.327363e-02 9.038400e-15 1 
    0.664033 1.351745e-02 9.196800e-15 1 
    0.664308 1.340170e-02 9.110500e-15 1 
    0.664583 1.255228e-02 8.526000e-15 1 
    0.664858 1.463847e-02 9.934800e-15 1 
    0.665133 1.405821e-02 9.533100e-15 1 
    0.665408 1.425417e-02 9.658000e-15 1 
    0.665683 1.461958e-02 9.897400e-15 1 
    0.665958 1.323715e-02 8.954100e-15 1 
    0.666233 1.856693e-02 1.254900e-14 1 
    0.666508 2.038437e-02 1.376600e-14 1 
    0.666783 2.501910e-02 1.688200e-14 1 
    0.667058 2.672913e-02 1.802100e-14 1 
    0.667333 2.907878e-02 1.958900e-14 1 
    0.667608 5.155120e-02 3.469900e-14 1 
    0.667883 1.092048e-01 7.344500e-14 1 
    0.668158 1.963719e-01 1.319600e-13 1 
    0.668433 2.228503e-01 1.496300e-13 1 
    0.668708 1.674504e-01 1.123400e-13 1 
    0.668983 7.862800e-02 5.270700e-14 1 
    0.669258 3.409462e-02 2.283600e-14 1 
    0.669533 2.255717e-02 1.509600e-14 1 
    0.669808 2.588968e-02 1.731200e-14 1 
    0.670083 3.481633e-02 2.326200e-14 1 
    0.670358 4.165452e-02 2.780800e-14 1 
    0.670633 4.097360e-02 2.733100e-14 1 
    0.670908 3.101760e-02 2.067300e-14 1 
    0.671183 2.243874e-02 1.494300e-14 1 
    0.671458 1.692663e-02 1.126300e-14 1 
    0.671733 1.566654e-02 1.041600e-14 1 
    0.672008 1.309489e-02 8.699100e-15 1 
    0.672283 1.212636e-02 8.049100e-15 1 
    0.672558 1.302135e-02 8.636100e-15 1 
    0.672833 1.348410e-02 8.935700e-15 1 
    0.673108 1.419648e-02 9.400100e-15 1 
    0.673383 1.307130e-02 8.648000e-15 1 
    0.673658 1.312691e-02 8.677700e-15 1 
    0.673933 1.448050e-02 9.564700e-15 1 
    0.674208 1.453626e-02 9.593700e-15 1 
    0.674483 1.441331e-02 9.504800e-15 1 
    0.674758 1.332203e-02 8.778000e-15 1 
    0.675033 1.276482e-02 8.404000e-15 1 
    0.675308 1.428791e-02 9.399100e-15 1 
    0.675583 1.278381e-02 8.402800e-15 1 
    0.675858 1.212000e-02 7.960000e-15 1 
    0.676133 1.465962e-02 9.620100e-15 1 
    0.676408 1.377082e-02 9.029500e-15 1 
    0.676683 1.262308e-02 8.270200e-15 1 
    0.676958 1.243873e-02 8.142800e-15 1 
    0.677233 1.292323e-02 8.453100e-15 1 
    0.677508 1.281101e-02 8.372900e-15 1 
    0.677783 1.307944e-02 8.541400e-15 1 
    0.678058 1.399380e-02 9.131100e-15 1 
    0.678333 1.292659e-02 8.427900e-15 1 
    0.678608 1.414391e-02 9.214100e-15 1 
    0.678883 1.426292e-02 9.284100e-15 1 
    0.679158 1.366700e-02 8.889000e-15 1 
    0.679433 1.325137e-02 8.611700e-15 1 
    0.679708 1.339470e-02 8.697800e-15 1 
    0.679983 1.423828e-02 9.238100e-15 1 
    0.680258 1.547439e-02 1.003200e-14 1 
    0.680533 1.527757e-02 9.896400e-15 1 
    0.680808 1.323090e-02 8.563700e-15 1 
    0.681083 1.431778e-02 9.259700e-15 1 
    0.681358 1.361518e-02 8.798200e-15 1 
    0.681633 1.231206e-02 7.949700e-15 1 
    0.681908 1.073620e-02 6.926600e-15 1 
    0.682183 1.250444e-02 8.060900e-15 1 
    0.682458 1.509492e-02 9.723000e-15 1 
    0.682733 1.383814e-02 8.906300e-15 1 
    0.683912 1.392589e-02 8.931900e-15 0 
    0.685488 1.388959e-02 8.867700e-15 0 
    0.687068 1.375795e-02 8.743300e-15 0 
    0.688652 1.375364e-02 8.700400e-15 0 
    0.690240 1.381285e-02 8.697700e-15 0 
    0.691831 1.371355e-02 8.595500e-15 0 
    0.693426 1.406087e-02 8.772700e-15 0 
    0.695024 1.412125e-02 8.769900e-15 0 
    0.696626 1.414937e-02 8.747000e-15 0 
    0.698233 1.421034e-02 8.744300e-15 0 
    0.699842 1.375511e-02 8.425300e-15 0 
    0.701455 1.407101e-02 8.579200e-15 0 
    0.703072 1.406659e-02 8.537100e-15 0 
    0.704693 1.419227e-02 8.573800e-15 0 
    0.706318 1.409001e-02 8.472900e-15 0 
    0.707946 1.448014e-02 8.667500e-15 0 
    0.709578 1.440902e-02 8.585300e-15 0 
    0.711214 1.433813e-02 8.503800e-15 0 
    0.712853 1.449948e-02 8.560000e-15 0 
    0.714496 1.439504e-02 8.459300e-15 0 
    0.716143 1.422556e-02 8.321300e-15 0 
    0.717794 1.485695e-02 8.650700e-15 0 
    0.719449 1.448057e-02 8.392800e-15 0 
    0.721108 1.457620e-02 8.409400e-15 0 
    0.722770 1.407684e-02 8.084000e-15 0 
    0.724436 1.426794e-02 8.156100e-15 0 
    0.726106 1.423046e-02 8.097300e-15 0 
    0.727780 1.416038e-02 8.020400e-15 0 
    0.729457 1.425374e-02 8.036200e-15 0 
    0.731139 1.411838e-02 7.923300e-15 0 
    0.732825 1.326291e-02 7.409000e-15 0 
    0.734514 1.391542e-02 7.737800e-15 0 
    0.736207 1.453285e-02 8.044000e-15 0 
    0.737904 1.446126e-02 7.967600e-15 0 
    0.739605 1.422514e-02 7.801500e-15 0 
    0.741310 1.472018e-02 8.035900e-15 0 
    0.743019 1.447988e-02 7.868400e-15 0 
    0.744732 1.484622e-02 8.030400e-15 0 
    0.746449 1.518685e-02 8.176900e-15 0 
    0.748170 1.549971e-02 8.307000e-15 0 
    0.749894 1.489941e-02 7.948600e-15 0 
    0.751623 1.556044e-02 8.263100e-15 0 
    0.753356 1.499247e-02 7.924900e-15 0 
    0.755092 1.562154e-02 8.219500e-15 0 
    0.756833 1.501662e-02 7.864900e-15 0 
    0.758578 1.539649e-02 8.026800e-15 0 
    0.760326 1.578606e-02 8.192100e-15 0 
    0.762079 1.559991e-02 8.058300e-15 0 
    0.763836 1.555854e-02 8.000000e-15 0 
    0.765597 1.580582e-02 8.089800e-15 0 
    0.767361 1.602006e-02 8.161800e-15 0 
    0.769130 1.608829e-02 8.158900e-15 0 
    0.770904 1.597202e-02 8.062700e-15 0 
    0.772681 1.600315e-02 8.041300e-15 0 
    0.774462 1.588727e-02 7.946400e-15 0 
    0.776247 1.580875e-02 7.870800e-15 0 
    0.778037 1.569429e-02 7.777900e-15 0 
    0.779830 1.576103e-02 7.775100e-15 0 
    0.781628 1.453554e-02 7.137600e-15 0 
    0.783430 1.564133e-02 7.645300e-15 0 
    0.785236 1.472697e-02 7.165300e-15 0 
    0.787046 1.562995e-02 7.569700e-15 0 
    0.788860 1.580518e-02 7.619400e-15 0 
    0.790679 1.565455e-02 7.512100e-15 0 
    0.792501 1.504827e-02 7.188000e-15 0 
    0.794328 1.553542e-02 7.386600e-15 0 
    0.796159 1.567347e-02 7.418000e-15 0 
    0.797995 1.606976e-02 7.570600e-15 0 
    0.799834 1.617504e-02 7.585200e-15 0 
    0.801678 1.624371e-02 7.582400e-15 0 
    0.803526 1.601502e-02 7.441300e-15 0 
    0.805378 1.586212e-02 7.336400e-15 0 
    0.807235 1.549529e-02 7.133800e-15 0 
    0.809096 1.574117e-02 7.213700e-15 0 
    0.810961 1.591751e-02 7.261000e-15 0 
    0.812831 1.605883e-02 7.291800e-15 0 
    0.814704 1.627607e-02 7.356500e-15 0 
    0.816582 1.612071e-02 7.252800e-15 0 
    0.818465 1.553173e-02 6.955700e-15 0 
    0.820352 1.603458e-02 7.147900e-15 0 
    0.822243 1.651559e-02 7.328500e-15 0 
    0.824138 1.605931e-02 7.093300e-15 0 
    0.826038 1.638932e-02 7.205800e-15 0 
    0.827942 1.642064e-02 7.186400e-15 0 
    0.829851 1.652812e-02 7.200200e-15 0 
    0.831764 1.655990e-02 7.180900e-15 0 
    0.833681 1.599157e-02 6.902600e-15 0 
    0.835603 1.554964e-02 6.681000e-15 0 
    0.837529 1.650266e-02 7.057900e-15 0 
    0.839460 1.582647e-02 6.737600e-15 0 
    0.841395 1.683495e-02 7.134000e-15 0 
    0.843335 1.686715e-02 7.114800e-15 0 
    0.845279 1.636340e-02 6.870600e-15 0 
    0.847227 1.643245e-02 6.867900e-15 0 
    0.849180 1.646383e-02 6.849400e-15 0 
    0.851138 1.653332e-02 6.846700e-15 0 
    0.853100 1.683379e-02 6.939100e-15 0 
    0.855067 1.629345e-02 6.685500e-15 0 
    0.857038 1.705444e-02 6.965600e-15 0 
    0.859014 1.665968e-02 6.773100e-15 0 
    0.860994 1.657645e-02 6.708300e-15 0 
    0.862979 1.680018e-02 6.767600e-15 0 
    0.864968 1.710565e-02 6.859000e-15 0 
    0.866962 1.592063e-02 6.354500e-15 0 
    0.868960 1.724981e-02 6.853400e-15 0 
    0.870964 1.105628e-02 4.372500e-15 0 
    0.872971 1.719630e-02 6.769500e-15 0 
    0.874984 1.707077e-02 6.689200e-15 0 
    0.877001 1.656067e-02 6.459500e-15 0 
    0.879023 1.709609e-02 6.637700e-15 0 
    0.881049 1.736672e-02 6.711800e-15 0 
    0.883080 1.283912e-02 4.939200e-15 0 
    0.885116 1.645726e-02 6.302000e-15 0 
    0.887156 1.698943e-02 6.475900e-15 0 
    0.889201 1.778262e-02 6.747100e-15 0 
    0.891251 1.693614e-02 6.396400e-15 0 
    0.893305 1.744335e-02 6.557700e-15 0 
    0.895365 1.784216e-02 6.676800e-15 0 
    0.897429 1.791699e-02 6.674000e-15 0 
    0.899498 1.762321e-02 6.534400e-15 0 
    0.901571 1.761566e-02 6.501600e-15 0 
    0.903650 1.537136e-02 5.647200e-15 0 
    0.905733 1.716040e-02 6.275500e-15 0 
    0.907820 1.763379e-02 6.419000e-15 0 
    0.909913 1.758548e-02 6.372000e-15 0 
    0.912011 1.721752e-02 6.210000e-15 0 
    0.914113 1.666414e-02 5.982800e-15 0 
    0.916220 1.669544e-02 5.966500e-15 0 
    0.918333 1.649705e-02 5.868500e-15 0 
    0.920450 1.710864e-02 6.058100e-15 0 
    0.922571 1.892475e-02 6.670400e-15 0 
    0.924698 1.701525e-02 5.969800e-15 0 
    0.926830 1.685185e-02 5.885300e-15 0 
    0.928966 1.846945e-02 6.420600e-15 0 
    0.931108 1.718955e-02 5.948200e-15 0 
    0.933254 1.648443e-02 5.678000e-15 0 
    0.935406 1.573543e-02 5.395100e-15 0 
    0.937562 1.736568e-02 5.926700e-15 0 
    0.939723 1.696278e-02 5.762600e-15 0 
    0.941890 1.707274e-02 5.773300e-15 0 
    0.944061 1.770530e-02 5.959700e-15 0 
    0.946237 1.757571e-02 5.888900e-15 0 
    0.948418 1.835333e-02 6.121200e-15 0 
    0.950605 1.842964e-02 6.118400e-15 0 
    0.952796 1.842149e-02 6.087600e-15 0 
    0.954993 1.828644e-02 6.015200e-15 0 
    0.957194 1.848963e-02 6.054100e-15 0 
    0.959401 1.822768e-02 5.940900e-15 0 
    0.961612 1.843015e-02 5.979300e-15 0 
    0.963829 1.872115e-02 6.045800e-15 0 
    0.966051 1.875561e-02 6.029100e-15 0 
    0.968278 1.848967e-02 5.916300e-15 0 
    0.970510 1.839636e-02 5.859400e-15 0 
    0.972747 1.751957e-02 5.554500e-15 0 
    0.974990 1.842147e-02 5.813600e-15 0 
    0.977237 1.892890e-02 5.946300e-15 0 
    0.979490 1.883304e-02 5.889000e-15 0 
    0.981748 1.891097e-02 5.886200e-15 0 
    0.984011 1.881525e-02 5.829500e-15 0 
    0.986279 1.902400e-02 5.867100e-15 0 
    0.988553 1.888413e-02 5.797200e-15 0 
    0.990832 1.883189e-02 5.754600e-15 0 
    0.993116 1.882282e-02 5.725400e-15 0 
    0.995405 1.894436e-02 5.735900e-15 0 
    0.997700 1.880486e-02 5.667500e-15 0 
    1.000000 1.914533e-02 5.743600e-15 0 
    1.002305 1.909204e-02 5.701300e-15 0 
    1.004615 1.908293e-02 5.672400e-15 0 
    1.006931 1.911761e-02 5.656600e-15 0 
    1.009253 1.910844e-02 5.627900e-15 0 
    1.011580 1.923145e-02 5.638100e-15 0 
    1.013912 1.931063e-02 5.635300e-15 0 
    1.016249 1.934570e-02 5.619600e-15 0 
    1.018591 1.933640e-02 5.591100e-15 0 
    1.020939 1.910566e-02 5.499000e-15 0 
    1.025652 1.886834e-02 5.380900e-15 0 
    1.030386 1.946689e-02 5.500700e-15 0 
    1.037528 1.952742e-02 5.442100e-15 0 
    1.042318 1.968823e-02 5.436600e-15 0 
    1.047129 1.985029e-02 5.431100e-15 0 
    1.049542 1.979464e-02 5.391000e-15 0 
    1.069054 1.975843e-02 5.186500e-15 0 
    1.088931 1.966403e-02 4.975000e-15 0 
    1.109175 1.939396e-02 4.729200e-15 0 
    1.129796 1.943889e-02 4.568700e-15 0 
    1.150800 1.966381e-02 4.454400e-15 0 
    1.172195 2.021489e-02 4.413600e-15 0 
    1.191243 2.026134e-02 4.283400e-15 0 
    1.213389 2.035472e-02 4.147500e-15 0 
    1.233105 2.054311e-02 4.053100e-15 0 
    1.253141 2.078113e-02 3.970000e-15 0 
    1.273503 2.087702e-02 3.861800e-15 0 
    1.294196 2.102165e-02 3.765200e-15 0 
    1.315225 2.111876e-02 3.662600e-15 0 
    1.333521 2.131385e-02 3.595700e-15 0 
    1.355189 2.136321e-02 3.489700e-15 0 
    1.374042 2.151114e-02 3.418100e-15 0 
    1.396368 2.176025e-02 3.348000e-15 0 
    1.415794 2.166033e-02 3.241800e-15 0 
    1.435490 2.146216e-02 3.124600e-15 0 
    1.455459 2.156068e-02 3.053400e-15 0 
    1.475707 2.211393e-02 3.046400e-15 0 
    1.496236 2.211410e-02 2.963400e-15 0 
    1.517051 2.278583e-02 2.970200e-15 0 
    1.538154 2.331691e-02 2.956600e-15 0 
    1.559552 2.408042e-02 2.970200e-15 0 
    1.577611 2.452851e-02 2.956600e-15 0 
    1.599558 2.464174e-02 2.889300e-15 0 
    1.618080 2.424786e-02 2.778400e-15 0 
    1.640590 2.504205e-02 2.791200e-15 0 
    1.659586 2.544904e-02 2.772000e-15 0 
    1.678804 2.550730e-02 2.715100e-15 0 
    1.702158 2.592155e-02 2.684000e-15 0 
    1.721869 2.592153e-02 2.622900e-15 0 
    1.741808 2.604195e-02 2.575100e-15 0 
    1.761975 2.556602e-02 2.470500e-15 0 
    1.782379 2.544888e-02 2.403200e-15 0 
    1.803018 2.509999e-02 2.316300e-15 0 
    1.823896 2.481198e-02 2.237600e-15 0 
    1.845014 2.424724e-02 2.136900e-15 0 
    1.862087 2.408087e-02 2.083500e-15 0 
    1.883649 2.386001e-02 2.017400e-15 0 
    1.905462 2.331690e-02 1.926600e-15 0 
    1.923091 2.315616e-02 1.878400e-15 0 
    1.945360 2.331711e-02 1.848400e-15 0 
    1.967887 2.310251e-02 1.789700e-15 0 
    1.986094 2.262868e-02 1.721000e-15 0 
    2.004472 2.242127e-02 1.674100e-15 0 
    2.027683 2.226787e-02 1.624800e-15 0 
    2.046444 2.226724e-02 1.595100e-15 0 
    2.065380 2.191197e-02 1.541000e-15 0 
    2.089297 2.211391e-02 1.519800e-15 0 
    2.108628 2.191142e-02 1.478400e-15 0 
    2.128139 2.181004e-02 1.444700e-15 0 
    2.147829 2.181106e-02 1.418400e-15 0 
    2.167704 2.166055e-02 1.382900e-15 0 
    2.187762 2.161015e-02 1.354500e-15 0 
    2.208004 2.126435e-02 1.308500e-15 0 
    2.228435 2.131374e-02 1.287600e-15 0 
    2.249056 2.111821e-02 1.252500e-15 0 
    2.269865 2.092516e-02 1.218400e-15 0 
    2.290868 2.082961e-02 1.190700e-15 0 
    2.312064 2.068584e-02 1.160900e-15 0 
    2.333458 1.903944e-02 1.049000e-15 0 
    2.355050 1.926032e-02 1.041800e-15 0 
    2.371374 1.724514e-02 9.200000e-16 0 
    2.393317 1.658323e-02 8.685400e-16 0 
    2.415460 1.716591e-02 8.826500e-16 0 
    2.432205 1.602029e-02 8.124400e-16 0 
    2.454708 1.583686e-02 7.884800e-16 0 
    2.477422 1.605704e-02 7.848500e-16 0 
    2.494594 1.526398e-02 7.358500e-16 0 
    2.517677 1.544064e-02 7.307800e-16 0 
    2.535128 1.382506e-02 6.453400e-16 0 
    2.558586 1.404980e-02 6.438600e-16 0 
    2.576320 1.434392e-02 6.483200e-16 0 
    2.600159 1.447673e-02 6.423800e-16 0 
    2.618184 1.481387e-02 6.483200e-16 0 
    2.636331 1.464416e-02 6.321000e-16 0 
    2.660726 1.484799e-02 6.292000e-16 0 
    2.679168 1.467793e-02 6.134600e-16 0 
    2.697741 1.474581e-02 6.078400e-16 0 
    2.716439 1.464420e-02 5.953700e-16 0 
    2.741575 1.471177e-02 5.872000e-16 0 
    2.760578 1.471194e-02 5.791500e-16 0 
    2.779712 1.461060e-02 5.672700e-16 0 
    2.798981 1.457701e-02 5.582000e-16 0 
    2.818382 1.444326e-02 5.454900e-16 0 
    2.844461 1.457694e-02 5.404900e-16 0 
    2.864177 1.447673e-02 5.294100e-16 0 
    2.884032 1.444331e-02 5.209400e-16 0 
    2.904021 1.437688e-02 5.114300e-16 0 
    2.924153 1.427791e-02 5.009400e-16 0 
    2.944421 1.427799e-02 4.940700e-16 0 
    2.964832 1.421233e-02 4.850500e-16 0 
    2.985382 1.411444e-02 4.751000e-16 0 
    3.006077 1.404965e-02 4.664300e-16 0 
    3.026913 1.404963e-02 4.600300e-16 0 
    3.047896 1.395309e-02 4.506000e-16 0 
    3.069022 1.392082e-02 4.433900e-16 0 
    3.083187 1.376158e-02 4.343000e-16 0 
    3.104560 1.376155e-02 4.283400e-16 0 
    3.126079 1.376145e-02 4.224600e-16 0 
    3.147749 1.372996e-02 4.157100e-16 0 
    3.169567 1.372974e-02 4.100000e-16 0 
    3.191539 1.372994e-02 4.043800e-16 0 
    3.206270 1.366680e-02 3.988300e-16 0 
    3.228493 1.366686e-02 3.933600e-16 0 
    3.250874 1.376153e-02 3.906500e-16 0 
    3.265878 1.379322e-02 3.879600e-16 0 
    3.288518 1.404964e-02 3.897500e-16 0 
    3.311311 1.464420e-02 4.006700e-16 0 
    3.334262 1.624312e-02 4.383200e-16 0 
    3.349655 2.049592e-02 5.480100e-16 0 
    3.372872 2.054326e-02 5.417400e-16 0 
    3.388443 1.605733e-02 4.195600e-16 0 
    3.411929 1.440994e-02 3.713500e-16 0 
    3.435578 1.376174e-02 3.497800e-16 0 
    3.451438 1.335581e-02 3.363500e-16 0 
    3.475361 1.314222e-02 3.264300e-16 0 
    3.491405 1.299160e-02 3.197300e-16 0 
    3.515604 1.290246e-02 3.131800e-16 0 
    3.531830 1.275448e-02 3.067500e-16 0 
    3.556314 1.269585e-02 3.011500e-16 0 
    3.572728 1.257973e-02 2.956600e-16 0 
    3.597495 1.252179e-02 2.902600e-16 0 
    3.614099 1.243562e-02 2.856200e-16 0 
    3.639149 1.237861e-02 2.804100e-16 0 
    3.655950 1.229313e-02 2.759200e-16 0 
    3.672823 1.220856e-02 2.715100e-16 0 
    3.698280 1.218053e-02 2.671700e-16 0 
    3.715354 1.204110e-02 2.616900e-16 0 
    3.741105 1.201359e-02 2.575100e-16 0 
    3.758372 1.190344e-02 2.528100e-16 0 
    3.775723 1.179406e-02 2.481900e-16 0 
    3.801893 1.179430e-02 2.447900e-16 0 
    3.819441 1.165932e-02 2.397700e-16 0 
    3.837073 1.165925e-02 2.375700e-16 0 
    3.863669 1.163235e-02 2.337700e-16 0 
    3.881506 1.155217e-02 2.300300e-16 0 
    3.899421 1.149940e-02 2.268800e-16 0 
    3.917418 1.142010e-02 2.232500e-16 0 
    3.944575 1.139383e-02 2.196800e-16 0 
    3.962781 1.131551e-02 2.161700e-16 0 
    3.981071 1.126330e-02 2.132000e-16 0 
    3.999450 1.121185e-02 2.102800e-16 0 
    4.027171 1.116022e-02 2.064400e-16 0 
    4.045758 1.110907e-02 2.036100e-16 0 
    4.064435 1.100703e-02 1.998900e-16 0 
    4.083195 1.098161e-02 1.976000e-16 0 
    4.102040 1.093121e-02 1.948900e-16 0 
    4.120973 1.085573e-02 1.917700e-16 0 
    4.149541 1.088106e-02 1.895800e-16 0 
    4.168693 1.083113e-02 1.869800e-16 0 
    4.187938 1.078111e-02 1.844100e-16 0 
    4.207267 1.075637e-02 1.823000e-16 0 
    4.226686 1.070701e-02 1.798000e-16 0 
    4.246193 1.065762e-02 1.773300e-16 0 
    4.265796 1.063312e-02 1.753000e-16 0 
    4.285485 1.058458e-02 1.729000e-16 0 
    4.305264 1.058427e-02 1.713100e-16 0 
    4.325140 1.053569e-02 1.689600e-16 0 
    4.345102 1.051170e-02 1.670300e-16 0 
    4.365157 1.024883e-02 1.613600e-16 0 
    4.385309 1.001547e-02 1.562400e-16 0 
    4.405549 1.013143e-02 1.566000e-16 0 
    4.425883 9.900650e-03 1.516300e-16 0 
    4.446310 9.832777e-03 1.492100e-16 0 
    4.466837 9.787432e-03 1.471600e-16 0 
    4.487454 9.608821e-03 1.431500e-16 0 
    4.508165 9.630653e-03 1.421600e-16 0 
    4.528977 9.609016e-03 1.405400e-16 0 
    4.549880 9.477105e-03 1.373400e-16 0 
    4.570880 9.586380e-03 1.376500e-16 0 
    4.591982 9.520465e-03 1.354500e-16 0 
    4.613176 9.455324e-03 1.332900e-16 0 
    4.634468 9.542806e-03 1.332900e-16 0 
    4.655863 9.542964e-03 1.320700e-16 0 
    4.677352 9.454778e-03 1.296500e-16 0 
    4.698940 9.586416e-03 1.302500e-16 0 
    4.720628 9.564435e-03 1.287600e-16 0 
    4.731515 9.520544e-03 1.275800e-16 0 
    4.753353 9.608630e-03 1.275800e-16 0 
    4.775292 9.608599e-03 1.264100e-16 0 
    4.797337 9.608530e-03 1.252500e-16 0 
    4.819479 9.742336e-03 1.258300e-16 0 
    4.841723 9.719952e-03 1.243900e-16 0 
    4.864070 9.764931e-03 1.238200e-16 0 
    4.875287 9.764861e-03 1.232500e-16 0 
    4.897789 9.764852e-03 1.221200e-16 0 
    4.920395 9.900393e-03 1.226800e-16 0 
    4.943104 9.900769e-03 1.215600e-16 0 
    4.965924 9.923344e-03 1.207200e-16 0 
    4.977371 9.946851e-03 1.204500e-16 0 
    5.000344 9.969706e-03 1.196200e-16 0 
    5.023429 1.007207e-02 1.197400e-16 0 
    5.046614 1.015167e-02 1.195800e-16 0 
    5.058246 1.021473e-02 1.197700e-16 0 
    5.081593 1.029547e-02 1.196100e-16 0 
    5.105052 1.042549e-02 1.200100e-16 0 
    5.128614 1.050792e-02 1.198500e-16 0 
    5.140436 1.052559e-02 1.195000e-16 0 
    5.164162 1.065765e-02 1.198900e-16 0 
    5.176071 1.072472e-02 1.200900e-16 0 
    5.188002 1.076704e-02 1.200100e-16 0 
    5.199961 1.080953e-02 1.199300e-16 0 
    5.211947 1.087753e-02 1.201300e-16 0 
    5.223961 1.092046e-02 1.200500e-16 0 
    5.236003 1.098914e-02 1.202500e-16 0 
    5.248072 1.105822e-02 1.204500e-16 0 
    5.260175 1.115355e-02 1.209300e-16 0 
    5.272300 1.122356e-02 1.211300e-16 0 
    5.284453 1.129398e-02 1.213300e-16 0 
    5.296634 1.133863e-02 1.212500e-16 0 
    5.308843 1.140975e-02 1.214500e-16 0 
    5.321080 1.148128e-02 1.216500e-16 0 
    5.333352 1.155421e-02 1.218600e-16 0 
    5.345646 1.165326e-02 1.223400e-16 0 
    5.357968 1.175394e-02 1.228300e-16 0 
    5.370318 1.185529e-02 1.233200e-16 0 
    5.382697 1.192932e-02 1.235200e-16 0 
    5.395105 1.197663e-02 1.234400e-16 0 
    5.407541 1.205237e-02 1.236500e-16 0 
    5.420011 1.215600e-02 1.241400e-16 0 
    5.432505 1.226130e-02 1.246400e-16 0 
    5.445027 1.236631e-02 1.251300e-16 0 
    5.457579 1.247303e-02 1.256300e-16 0 
    5.470159 1.255155e-02 1.258400e-16 0 
    5.482768 1.265958e-02 1.263400e-16 0 
    5.495406 1.279854e-02 1.271400e-16 0 
    5.508079 1.290922e-02 1.276500e-16 0 
    5.520776 1.299014e-02 1.278600e-16 0 
    5.533502 1.310215e-02 1.283700e-16 0 
    5.546257 1.321491e-02 1.288800e-16 0 
    5.559041 1.335934e-02 1.296900e-16 0 
    5.571855 1.347481e-02 1.302100e-16 0 
    5.584705 1.359110e-02 1.307300e-16 0 
    5.597578 1.374051e-02 1.315600e-16 0 
    5.610481 1.385849e-02 1.320800e-16 0 
    5.623413 1.404262e-02 1.332200e-16 0 
    5.636376 1.422922e-02 1.343700e-16 0 
    5.649368 1.435234e-02 1.349100e-16 0 
    5.662390 1.447629e-02 1.354500e-16 0 
    5.675448 1.466876e-02 1.366200e-16 0 
    5.688531 1.486374e-02 1.378000e-16 0 
    5.701643 1.502662e-02 1.386700e-16 0 
    5.714786 1.522661e-02 1.398700e-16 0 
    5.727959 1.542922e-02 1.410800e-16 0 
    5.741162 1.559822e-02 1.419700e-16 0 
    5.754402 1.584243e-02 1.435300e-16 0 
    5.767667 1.605306e-02 1.447700e-16 0 
    5.780962 1.630316e-02 1.463500e-16 0 
    5.794287 1.652053e-02 1.476200e-16 0 
    5.807643 1.677891e-02 1.492400e-16 0 
    5.821030 1.704159e-02 1.508800e-16 0 
    5.834448 1.734718e-02 1.528800e-16 0 
    5.847904 1.761880e-02 1.545600e-16 0 
    5.861383 1.797725e-02 1.569800e-16 0 
    5.874894 1.830067e-02 1.590700e-16 0 
    5.888436 1.862901e-02 1.611800e-16 0 
    5.902009 1.900876e-02 1.637100e-16 0 
    5.915614 1.943944e-02 1.666500e-16 0 
    5.929250 1.988072e-02 1.696500e-16 0 
    5.942924 2.033159e-02 1.727000e-16 0 
    5.956623 2.084057e-02 1.762100e-16 0 
    5.970353 2.131340e-02 1.793800e-16 0 
    5.984115 2.189759e-02 1.834500e-16 0 
    5.997909 2.249871e-02 1.876200e-16 0 
    6.033780 2.415450e-02 1.990400e-16 3 
    6.064020 2.435922e-02 1.987300e-16 3 
    6.094260 2.870922e-02 2.319000e-16 3 
    6.124510 3.215825e-02 2.572000e-16 3 
    6.154750 3.416104e-02 2.705400e-16 3 
    6.184990 3.472834e-02 2.723500e-16 3 
    6.215230 3.940038e-02 3.059900e-16 3 
    6.245470 5.570562e-02 4.284400e-16 3 
    6.275720 8.079632e-02 6.154400e-16 3 
    6.305960 1.023077e-01 7.718400e-16 3 
    6.336200 1.094794e-01 8.180800e-16 3 
    6.366440 1.005237e-01 7.440400e-16 3 
    6.396680 8.143813e-02 5.970900e-16 3 
    6.426930 6.240149e-02 4.532200e-16 3 
    6.457170 6.008673e-02 4.323300e-16 3 
    6.487410 5.496075e-02 3.917700e-16 3 
    6.517650 4.741449e-02 3.348500e-16 3 
    6.547890 4.546594e-02 3.181300e-16 3 
    6.578140 4.208772e-02 2.917900e-16 3 
    6.608380 3.830355e-02 2.631300e-16 3 
    6.638620 3.497937e-02 2.381100e-16 3 
    6.668860 3.651439e-02 2.463100e-16 3 
    6.699100 3.397559e-02 2.271200e-16 3 
    6.729350 3.959797e-02 2.623300e-16 3 
    6.759590 3.932106e-02 2.581700e-16 3 
    6.789830 3.578421e-02 2.328600e-16 3 
    6.820070 3.924952e-02 2.531500e-16 3 
    6.850310 4.436924e-02 2.836500e-16 3 
    6.880560 3.861538e-02 2.447000e-16 3 
    6.910800 3.956846e-02 2.485500e-16 3 
    6.941040 3.666509e-02 2.283100e-16 3 
    6.971280 4.153087e-02 2.563700e-16 3 
    7.001520 3.881996e-02 2.375700e-16 3 
    7.031770 4.978203e-02 3.020400e-16 3 
    7.062010 5.001828e-02 3.008800e-16 3 
    7.092250 5.660428e-02 3.376000e-16 3 
    7.122490 5.261870e-02 3.111700e-16 3 
    7.152730 5.124170e-02 3.004700e-16 3 
    7.182980 5.591888e-02 3.251400e-16 3 
    7.213220 5.484540e-02 3.162300e-16 3 
    7.243460 6.496377e-02 3.714500e-16 3 
    7.273700 6.183560e-02 3.506300e-16 3 
    7.303940 5.418154e-02 3.046900e-16 3 
    7.334190 6.005691e-02 3.349500e-16 3 
    7.364430 6.407483e-02 3.544300e-16 3 
    7.394670 6.729974e-02 3.692300e-16 3 
    7.424910 7.355350e-02 4.002600e-16 3 
    7.455150 7.569525e-02 4.085800e-16 3 
    7.485400 8.016013e-02 4.291900e-16 3 
    7.515640 8.856070e-02 4.703600e-16 3 
    7.545880 1.112101e-01 5.859300e-16 3 
    7.576120 1.105191e-01 5.776500e-16 3 
    7.636600 1.263841e-01 6.501500e-16 3 
    7.697090 1.456266e-01 7.374100e-16 3 
    7.757570 1.553524e-01 7.744400e-16 3 
    7.818050 1.535769e-01 7.537900e-16 3 
    7.878540 1.491969e-01 7.210900e-16 3 
    7.939020 1.447040e-01 6.887600e-16 3 
    7.999510 1.376621e-01 6.453700e-16 3 
    8.059990 1.225514e-01 5.659400e-16 3 
    8.120470 1.088879e-01 4.953800e-16 3 
    8.180959 9.718629e-02 4.356300e-16 3 
    8.241440 8.542240e-02 3.773000e-16 3 
    8.301920 8.011709e-02 3.487300e-16 3 
    8.362409 7.712102e-02 3.308500e-16 3 
    8.422890 8.039259e-02 3.399500e-16 3 
    8.483370 8.210061e-02 3.422400e-16 3 
    8.543860 8.603491e-02 3.535800e-16 3 
    8.604340 8.818762e-02 3.573500e-16 3 
    8.664830 9.728022e-02 3.887100e-16 3 
    8.725310 1.038047e-01 4.090500e-16 3 
    8.785791 1.026989e-01 3.991400e-16 3 
    8.846280 9.454709e-02 3.624500e-16 3 
    8.906760 8.135859e-02 3.076700e-16 3 
    8.967241 6.852660e-02 2.556600e-16 3 
    9.027730 6.146723e-02 2.262600e-16 3 
    9.088210 6.243949e-02 2.267900e-16 3 
    9.148690 7.265589e-02 2.604200e-16 3 
    9.209180 5.458872e-02 1.931000e-16 3 
    9.269660 4.568717e-02 1.595100e-16 3 
    9.330150 4.498542e-02 1.550300e-16 3 
    9.390630 4.615253e-02 1.570100e-16 3 
    9.451110 4.264006e-02 1.432100e-16 3 
    9.511599 4.476783e-02 1.484500e-16 3 
    9.572080 4.270933e-02 1.398400e-16 3 
    9.632560 4.356004e-02 1.408400e-16 3 
    9.693050 4.671453e-02 1.491600e-16 3 
    9.753530 4.365577e-02 1.376700e-16 3 
    9.814009 4.875454e-02 1.518600e-16 3 
    9.874500 4.904214e-02 1.508900e-16 3 
    9.934980 4.795032e-02 1.457400e-16 3 
    9.995470 4.815634e-02 1.446000e-16 3 
   10.055950 4.886559e-02 1.449700e-16 3 
   10.116430 4.758228e-02 1.394800e-16 3 
   10.176920 4.819789e-02 1.396100e-16 3 
   10.237400 4.993928e-02 1.429500e-16 3 
   10.297880 5.166577e-02 1.461600e-16 3 
   10.358370 5.208855e-02 1.456400e-16 3 
   10.418850 5.126208e-02 1.416700e-16 3 
   10.479330 5.220670e-02 1.426200e-16 3 
   10.539820 5.832851e-02 1.575200e-16 3 
   10.600300 7.164479e-02 1.912800e-16 3 
   10.660791 1.023175e-01 2.700800e-16 3 
   10.721270 1.155970e-01 3.017000e-16 3 
   10.781750 8.451094e-02 2.181000e-16 3 
   10.842241 6.730761e-02 1.717700e-16 3 
   10.902720 6.978817e-02 1.761300e-16 3 
   10.963200 6.906218e-02 1.723800e-16 3 
   11.023690 7.215150e-02 1.781200e-16 3 
   11.084170 7.748297e-02 1.892000e-16 3 
   11.144651 8.445407e-02 2.039900e-16 3 
   11.205140 9.795814e-02 2.340600e-16 3 
   11.265620 1.090108e-01 2.576800e-16 3 
   11.326110 1.336814e-01 3.126300e-16 3 
   11.386590 2.087955e-01 4.831200e-16 3 
   11.447070 2.494914e-01 5.712000e-16 3 
   11.507560 2.287182e-01 5.181500e-16 3 
   11.568040 1.884536e-01 4.224800e-16 3 
   11.628520 1.572773e-01 3.489300e-16 3 
   11.689009 1.413012e-01 3.102500e-16 3 
   11.749490 1.233389e-01 2.680300e-16 3 
   11.809970 1.154159e-01 2.482500e-16 3 
   11.870459 1.158544e-01 2.466600e-16 3 
   11.930940 1.113204e-01 2.346100e-16 3 
   11.991430 1.127636e-01 2.352600e-16 3 
   12.051910 1.143929e-01 2.362700e-16 3 
   12.112390 1.183020e-01 2.419100e-16 3 
   12.172880 1.248013e-01 2.526700e-16 3 
   12.233360 1.234505e-01 2.474700e-16 3 
   12.293841 1.244777e-01 2.470800e-16 3 
   12.354330 1.239860e-01 2.437000e-16 3 
   12.414810 1.291280e-01 2.513400e-16 3 
   12.475291 1.324332e-01 2.552800e-16 3 
   12.535780 1.357216e-01 2.591000e-16 3 
   12.596260 1.422650e-01 2.689900e-16 3 
   12.656750 1.437201e-01 2.691500e-16 3 
   12.717230 1.461535e-01 2.711100e-16 3 
   12.777710 1.581432e-01 2.905800e-16 3 
   12.838200 1.657534e-01 3.017000e-16 3 
   12.898680 1.740514e-01 3.138400e-16 3 
   12.959160 2.062693e-01 3.684700e-16 3 
   13.019651 2.803887e-01 4.962300e-16 3 
   13.080130 2.777814e-01 4.870800e-16 3 
   13.140609 1.669831e-01 2.901100e-16 3 
   13.201100 1.416923e-01 2.439200e-16 3 
   13.261580 1.299969e-01 2.217500e-16 3 
   13.322059 1.290023e-01 2.180600e-16 3 
   13.382550 1.275856e-01 2.137200e-16 3 
   13.443030 1.319762e-01 2.190900e-16 3 
   13.503520 1.306928e-01 2.150200e-16 3 
   13.564000 1.314613e-01 2.143600e-16 3 
   13.624480 1.376915e-01 2.225300e-16 3 
   13.684970 1.377121e-01 2.206000e-16 3 
   13.745450 1.377417e-01 2.187100e-16 3 
   13.805930 1.447635e-01 2.278500e-16 3 
   13.866420 1.395102e-01 2.176700e-16 3 
   13.926900 1.404648e-01 2.172600e-16 3 
   13.987380 1.451699e-01 2.226000e-16 3 
   14.047870 1.412316e-01 2.147000e-16 3 
   14.108350 1.397631e-01 2.106500e-16 3 
   14.168841 1.476360e-01 2.206200e-16 3 
   14.229320 1.518484e-01 2.249900e-16 3 
   14.289800 1.425917e-01 2.094900e-16 3 
   14.350291 1.391818e-01 2.027600e-16 3 
   14.410770 1.364463e-01 1.971100e-16 3 
   14.471250 1.353532e-01 1.939000e-16 3 
   14.577409 1.494094e-01 2.109300e-16 3 
   14.662091 1.512147e-01 2.110200e-16 3 
   14.746770 1.484649e-01 2.048100e-16 3 
   14.831450 1.494343e-01 2.038000e-16 3 
   14.916120 1.497065e-01 2.018600e-16 3 
   15.000800 1.497610e-01 1.996600e-16 3 
   15.085480 1.537550e-01 2.026900e-16 3 
   15.170150 1.564217e-01 2.039100e-16 3 
   15.254830 1.593287e-01 2.054000e-16 3 
   15.339509 1.615887e-01 2.060200e-16 3 
   15.424180 1.640674e-01 2.068900e-16 3 
   15.508859 1.672769e-01 2.086400e-16 3 
   15.593541 1.711269e-01 2.111300e-16 3 
   15.678211 1.839041e-01 2.244500e-16 3 
   15.762891 2.621014e-01 3.164600e-16 3 
   15.847570 4.608352e-01 5.504800e-16 3 
   15.932239 3.111694e-01 3.677600e-16 3 
   16.016920 1.968958e-01 2.302500e-16 3 
   16.101600 1.962869e-01 2.271300e-16 3 
   16.186280 1.976320e-01 2.263000e-16 3 
   16.270950 2.027584e-01 2.297600e-16 3 
   16.355631 2.058821e-01 2.308900e-16 3 
   16.440309 2.109655e-01 2.341600e-16 3 
   16.524981 2.148008e-01 2.359800e-16 3 
   16.609659 2.314732e-01 2.517100e-16 3 
   16.694339 2.513883e-01 2.706000e-16 3 
   16.779011 2.578675e-01 2.747800e-16 3 
   16.863689 2.501157e-01 2.638500e-16 3 
   16.948370 2.454336e-01 2.563300e-16 3 
   17.033039 2.515185e-01 2.600800e-16 3 
   17.117720 2.543089e-01 2.603700e-16 3 
   17.202400 2.611319e-01 2.647300e-16 3 
   17.287069 2.855741e-01 2.866800e-16 3 
   17.371750 3.074109e-01 3.056000e-16 3 
   17.456430 2.879060e-01 2.834400e-16 3 
   17.541109 2.815266e-01 2.744900e-16 3 
   17.625780 2.864153e-01 2.765800e-16 3 
   17.710461 2.925615e-01 2.798200e-16 3 
   17.795139 2.900247e-01 2.747600e-16 3 
   17.879811 2.888058e-01 2.710200e-16 3 
   17.964491 2.942910e-01 2.735700e-16 3 
   18.049170 3.021432e-01 2.782400e-16 3 
   18.133841 3.021676e-01 2.756700e-16 3 
   18.218519 3.079059e-01 2.783000e-16 3 
   18.303200 3.064869e-01 2.744600e-16 3 
   18.387870 3.101180e-01 2.751600e-16 3 
   18.472550 3.126510e-01 2.748700e-16 3 
   18.557230 3.149156e-01 2.743400e-16 3 
   18.641898 3.190237e-01 2.754000e-16 3 
   18.726580 3.235768e-01 2.768100e-16 3 
   18.811261 3.315230e-01 2.810600e-16 3 
   18.895941 3.470947e-01 2.916300e-16 3 
   18.980609 4.239341e-01 3.530200e-16 3 
   19.065291 5.220134e-01 4.308400e-16 3 
   19.149969 4.529497e-01 3.705400e-16 3 
   19.234641 3.680352e-01 2.984300e-16 3 
   19.319320 3.723030e-01 2.992500e-16 3 
   19.404000 3.740302e-01 2.980200e-16 3 
   19.488670 3.684520e-01 2.910300e-16 3 
   19.573352 3.794127e-01 2.971000e-16 3 
   19.658030 3.790056e-01 2.942300e-16 3 
   19.742700 3.878253e-01 2.985000e-16 3 
   19.827380 3.960865e-01 3.022600e-16 3 
   19.912059 3.984593e-01 3.014900e-16 3 
   19.996731 3.979366e-01 2.985500e-16 3 
   20.081409 3.984911e-01 2.964500e-16 3 
   20.166091 4.059256e-01 2.994500e-16 3 
   20.250770 4.133745e-01 3.024000e-16 3 
   20.335439 4.162456e-01 3.019700e-16 3 
   20.420120 4.196222e-01 3.019000e-16 3 
   20.589470 4.122683e-01 2.917500e-16 3 
   20.758830 4.430812e-01 3.084600e-16 3 
   20.928181 4.475953e-01 3.065800e-16 3 
   21.097530 4.604174e-01 3.103200e-16 3 
   21.266889 4.712311e-01 3.125700e-16 3 
   21.436239 4.842188e-01 3.161300e-16 3 
   21.605600 4.966151e-01 3.191600e-16 3 
   21.774950 5.076075e-01 3.211700e-16 3 
   21.944300 5.227892e-01 3.256900e-16 3 
   22.113661 5.363832e-01 3.290600e-16 3 
   22.283011 5.398799e-01 3.261900e-16 3 
   22.452359 5.517299e-01 3.283400e-16 3 
   22.621719 5.644004e-01 3.308700e-16 3 
   22.791070 5.800161e-01 3.349900e-16 3 
   22.960430 5.893711e-01 3.353900e-16 3 
   23.129780 6.057298e-01 3.396700e-16 3 
   23.299130 6.224493e-01 3.439900e-16 3 
   23.468491 6.353132e-01 3.460500e-16 3 
   23.637841 6.442545e-01 3.459100e-16 3 
   23.807191 6.489280e-01 3.434800e-16 3 
   23.976548 6.687136e-01 3.489700e-16 3 
   24.145900 6.798260e-01 3.498100e-16 3 
   24.315259 6.964908e-01 3.534100e-16 3 
   24.484609 7.137201e-01 3.571600e-16 3 
   24.653959 7.290976e-01 3.598600e-16 3 
   24.823320 7.305634e-01 3.556800e-16 3 
   24.992670 7.387750e-01 3.548200e-16 3 
   25.162020 7.611245e-01 3.606500e-16 3 
   25.331381 7.778218e-01 3.636500e-16 3 
   25.500731 7.853953e-01 3.623300e-16 3 
   25.670089 7.989811e-01 3.637500e-16 3 
   25.839439 8.151664e-01 3.662700e-16 3 
   26.008789 8.385137e-01 3.718700e-16 3 
   26.178150 8.491269e-01 3.717200e-16 3 
   26.347500 8.689186e-01 3.755100e-16 3 
   26.516850 8.759057e-01 3.737100e-16 3 
   26.686209 8.801983e-01 3.707900e-16 3 
   26.855559 9.009734e-01 3.747700e-16 3 
   27.024919 9.170471e-01 3.766900e-16 3 
   27.194269 9.293898e-01 3.770200e-16 3 
   27.363622 9.402028e-01 3.767000e-16 3 
   27.532981 9.512958e-01 3.764700e-16 3 
   27.702328 9.568691e-01 3.740600e-16 3 
   27.871678 9.729283e-01 3.757300e-16 3 
   28.041041 9.943287e-01 3.793700e-16 3 
   28.210391 1.017888e+00 3.837100e-16 3 
   28.379750 1.027569e+00 3.827500e-16 3 
   28.549100 1.039299e+00 3.825400e-16 3 
   28.718450 1.058978e+00 3.852000e-16 3 
   28.887809 1.071116e+00 3.850600e-16 3 
   29.057159 1.090522e+00 3.874800e-16 3 
   29.226509 1.093020e+00 3.838800e-16 3 
   29.395869 1.117822e+00 3.880800e-16 3 
   29.565219 1.129719e+00 3.877300e-16 3 
   29.734578 1.139074e+00 3.865000e-16 3 
   29.903931 1.156408e+00 3.879500e-16 3 
   30.073281 1.168729e+00 3.876800e-16 3 
   30.242641 1.190954e+00 3.906400e-16 3 
   30.411991 1.213639e+00 3.936600e-16 3 
   30.581341 1.220896e+00 3.916400e-16 3 
   30.750700 1.246529e+00 3.954700e-16 3 
   30.920050 1.260328e+00 3.954800e-16 3 
   31.089409 1.272175e+00 3.948600e-16 3 
   31.258759 1.297244e+00 3.982900e-16 3 
   31.428109 1.306268e+00 3.967500e-16 3 
   31.597469 1.341617e+00 4.031300e-16 3 
   31.766822 1.349713e+00 4.012500e-16 3 
   31.936172 1.350441e+00 3.972200e-16 3 
   32.105531 1.370711e+00 3.989400e-16 3 
   32.274878 1.406321e+00 4.050200e-16 3 
   32.444241 1.440522e+00 4.105500e-16 3 
   32.613591 1.467406e+00 4.138800e-16 3 
   32.782941 1.487271e+00 4.151600e-16 3 
   32.952300 1.505645e+00 4.159800e-16 3 
   33.121650 1.530193e+00 4.184500e-16 3 
   33.291000 1.563133e+00 4.231200e-16 3 
   33.460363 1.613338e+00 4.323000e-16 3 
   33.629713 1.567469e+00 4.157900e-16 3 
   33.799069 1.637064e+00 4.299100e-16 3 
   33.968419 2.239283e+00 5.822100e-16 3 
   34.137772 2.080178e+00 5.354900e-16 3 
   34.307128 1.762095e+00 4.491400e-16 3 
   34.476478 1.765944e+00 4.457100e-16 3 
   34.645828 1.726640e+00 4.315400e-16 3 
   34.815191 1.767198e+00 4.373900e-16 3 
   34.984538 1.759341e+00 4.312400e-16 3 
