# UGC 09618      
# 
# An Atlas of Galaxy Spectral Energy Distributions from the Ultraviolet to the Mid-Infrared
# Brown et al. (2014)
# http://dx.doi.org/10.5072/03/529D3551F0117
# http://dx.doi.org/10.17909/t9-5bxk-dh29
# 
# The Spectral Energy Distributions of Active Galactic Nuclei
# Brown et al. (2019)
# http://dx.doi.org/10.17909/t9-3dbt-8734
# 
# Column 1: Observed wavelength (um)
# Column 2: f_nu (Jy)
# Column 3: f_lam (erg/s/cm2/A)
# Column 4: Source (0 = model, 1 = Optical Spectrun, 2 = Akari, 3 = Spitzer IRS)
# 
    0.010544 6.781362e-17 1.829900e-25 0 
    0.010740 1.021672e-16 2.657200e-25 0 
    0.010965 1.567935e-16 3.912300e-25 0 
    0.011169 2.428483e-16 5.840200e-25 0 
    0.011376 4.190707e-16 9.714700e-25 0 
    0.011776 8.635703e-16 1.868200e-24 0 
    0.012190 1.653132e-15 3.337500e-24 0 
    0.012503 7.912651e-15 1.518500e-23 0 
    0.012912 1.359210e-14 2.445800e-23 0 
    0.013122 1.719114e-14 2.995200e-23 0 
    0.013243 1.969133e-14 3.368400e-23 0 
    0.013552 2.724670e-14 4.450700e-23 0 
    0.013646 3.461892e-14 5.577300e-23 0 
    0.013836 4.220119e-14 6.613400e-23 0 
    0.014158 6.596442e-14 9.872500e-23 0 
    0.014488 8.817290e-14 1.260200e-22 0 
    0.014791 3.028995e-13 4.153600e-22 0 
    0.015205 1.005223e-12 1.304400e-21 0 
    0.015596 1.359361e-12 1.676600e-21 0 
    0.016032 1.854693e-12 2.164800e-21 0 
    0.016444 2.513776e-12 2.788900e-21 0 
    0.016749 3.113779e-12 3.329900e-21 0 
    0.017179 4.181232e-12 4.250400e-21 0 
    0.017579 5.423631e-12 5.265300e-21 0 
    0.017865 6.581255e-12 6.186200e-21 0 
    0.018281 8.419931e-12 7.558400e-21 0 
    0.018621 1.009978e-11 8.738300e-21 0 
    0.018793 1.133180e-11 9.625600e-21 0 
    0.019231 1.426563e-11 1.157200e-20 0 
    0.019724 1.871913e-11 1.443500e-20 0 
    0.020045 2.214733e-11 1.653600e-20 0 
    0.020464 2.711989e-11 1.942800e-20 0 
    0.020893 3.328882e-11 2.287800e-20 0 
    0.021184 3.839905e-11 2.567000e-20 0 
    0.021727 4.648400e-11 2.954100e-20 0 
    0.022336 6.357942e-11 3.823200e-20 0 
    0.022751 7.608664e-11 4.409900e-20 0 
    0.023067 8.536618e-11 4.813100e-20 0 
    0.023442 1.014592e-10 5.538900e-20 0 
    0.023768 1.707219e-10 9.066200e-20 0 
    0.024210 3.178942e-10 1.627100e-19 0 
    0.024831 4.648386e-10 2.261700e-19 0 
    0.025410 5.167928e-10 2.401200e-19 0 
    0.026062 6.461268e-10 2.853800e-19 0 
    0.026546 6.198689e-10 2.638900e-19 0 
    0.026853 7.678819e-10 3.194700e-19 0 
    0.027290 8.877846e-10 3.576200e-19 0 
    0.027797 9.983968e-10 3.876400e-19 0 
    0.028314 1.115087e-09 4.172800e-19 0 
    0.028840 1.245373e-09 4.491900e-19 0 
    0.029376 1.387680e-09 4.824200e-19 0 
    0.029992 1.497341e-09 4.993800e-19 0 
    0.030620 1.719155e-09 5.500800e-19 0 
    0.031117 1.871984e-09 5.800000e-19 0 
    0.031842 2.159263e-09 6.388900e-19 0 
    0.032885 2.632112e-09 7.301800e-19 0 
    0.033884 3.113831e-09 8.136300e-19 0 
    0.034914 3.624984e-09 8.921300e-19 0 
    0.035975 4.181260e-09 9.692300e-19 0 
    0.036898 4.734713e-09 1.043300e-18 0 
    0.037844 5.398797e-09 1.130900e-18 0 
    0.038726 6.002312e-09 1.200700e-18 0 
    0.039811 6.566305e-09 1.242900e-18 0 
    0.040832 7.608784e-09 1.369100e-18 0 
    0.041879 8.596206e-09 1.470400e-18 0 
    0.042756 9.382293e-09 1.539700e-18 0 
    0.043652 1.007690e-08 1.586500e-18 0 
    0.044463 1.082187e-08 1.642200e-18 0 
    0.045604 1.208667e-08 1.743500e-18 0 
    0.046666 1.310114e-08 1.804800e-18 0 
    0.047534 1.397414e-08 1.855400e-18 0 
    0.048529 1.511166e-08 1.925000e-18 0 
    0.049659 1.653135e-08 2.011100e-18 0 
    0.050699 1.743066e-08 2.034400e-18 0 
    0.051642 1.902475e-08 2.140100e-18 0 
    0.052360 1.955744e-08 2.140100e-18 0 
    0.052966 2.189238e-08 2.341100e-18 0 
    0.053703 2.303076e-08 2.395700e-18 0 
    0.054828 2.445170e-08 2.440200e-18 0 
    0.055847 2.531081e-08 2.434600e-18 0 
    0.056885 2.762491e-08 2.561100e-18 0 
    0.057943 3.064179e-08 2.738000e-18 0 
    0.058884 3.367467e-08 2.913600e-18 0 
    0.059979 3.501907e-08 2.920300e-18 0 
    0.060954 3.866483e-08 3.122000e-18 0 
    0.062087 4.039312e-08 3.143600e-18 0 
    0.063096 4.076652e-08 3.072000e-18 0 
    0.064121 4.923936e-08 3.592800e-18 0 
    0.065163 5.263893e-08 3.719000e-18 0 
    0.066222 5.601557e-08 3.832000e-18 0 
    0.067143 6.113697e-08 4.068400e-18 0 
    0.068077 6.520865e-08 4.221100e-18 0 
    0.068707 6.939201e-08 4.409900e-18 0 
    0.069823 7.299714e-08 4.491900e-18 0 
    0.070795 7.435536e-08 4.450700e-18 0 
    0.071779 9.021888e-08 5.253200e-18 0 
    0.072946 9.105677e-08 5.133700e-18 0 
    0.073961 1.062464e-07 5.826800e-18 0 
    0.074989 1.138410e-07 6.073300e-18 0 
    0.076033 1.217058e-07 6.315800e-18 0 
    0.077090 1.375002e-07 6.941100e-18 0 
    0.077983 1.497289e-07 7.386300e-18 0 
    0.079068 1.582359e-07 7.593200e-18 0 
    0.080168 1.812624e-07 8.461100e-18 0 
    0.081096 1.973801e-07 9.003800e-18 0 
    0.082224 2.139451e-07 9.493500e-18 0 
    0.083176 2.303038e-07 9.986800e-18 0 
    0.084333 2.473336e-07 1.043300e-17 0 
    0.085310 2.781573e-07 1.146600e-17 0 
    0.086298 2.367585e-07 9.537300e-18 0 
    0.087297 3.106732e-07 1.223000e-17 0 
    0.088308 3.290884e-07 1.266000e-17 0 
    0.089331 3.658577e-07 1.375400e-17 0 
    0.090365 4.057875e-07 1.490800e-17 0 
    0.091411 4.574058e-07 1.642200e-17 0 
    0.092470 4.992469e-07 1.751600e-17 0 
    0.093541 5.073494e-07 1.739500e-17 0 
    0.094624 8.655842e-07 2.900200e-17 0 
    0.095719 6.843803e-06 2.240900e-16 0 
    0.096605 1.549915e-05 4.982300e-16 0 
    0.097724 3.157255e-05 9.918100e-16 0 
    0.098628 4.890006e-05 1.508100e-15 0 
    0.099770 5.108752e-05 1.539700e-15 0 
    0.100693 7.003401e-06 2.072200e-16 0 
    0.101859 3.717800e-05 1.075000e-15 0 
    0.102802 4.734929e-05 1.344100e-15 0 
    0.103992 8.420043e-05 2.335800e-15 0 
    0.104954 8.776291e-05 2.390200e-15 0 
    0.105925 4.029888e-05 1.077500e-15 0 
    0.106905 5.705578e-05 1.497700e-15 0 
    0.108143 1.334467e-04 3.423200e-15 0 
    0.109144 1.353012e-04 3.407400e-15 0 
    0.110154 9.869718e-05 2.440200e-15 0 
    0.111173 1.295104e-04 3.143600e-15 0 
    0.112202 9.491065e-05 2.261700e-15 0 
    0.113240 1.480151e-04 3.462800e-15 0 
    0.114288 1.459868e-04 3.353000e-15 0 
    0.115345 1.387745e-04 3.129200e-15 0 
    0.116413 1.245382e-04 2.756900e-15 0 
    0.117220 1.808482e-04 3.948500e-15 0 
    0.118304 1.649316e-04 3.535300e-15 0 
    0.119399 1.876343e-04 3.948500e-15 0 
    0.120504 1.978370e-04 4.087200e-15 0 
    0.121339 1.262707e-04 2.572900e-15 0 
    0.122462 2.019788e-04 4.040400e-15 0 
    0.123595 1.217068e-04 2.390200e-15 0 
    0.124451 7.803913e-05 1.511600e-15 0 
    0.125603 6.891533e-05 1.310500e-15 0 
    0.126765 1.507681e-04 2.814700e-15 0 
    0.127644 2.584068e-04 4.758000e-15 0 
    0.128825 2.946488e-04 5.326300e-15 0 
    0.129718 2.781688e-04 4.959400e-15 0 
    0.130617 2.324364e-04 4.087200e-15 0 
    0.131826 3.383051e-04 5.840200e-15 0 
    0.132739 3.700888e-04 6.301300e-15 0 
    0.133968 2.662620e-04 4.450700e-15 0 
    0.134896 2.662575e-04 4.389600e-15 0 
    0.135831 3.787060e-04 6.157800e-15 0 
    0.137088 3.666976e-04 5.853700e-15 0 
    0.138038 3.092480e-04 4.868900e-15 0 
    0.138995 4.171619e-04 6.477800e-15 0 
    0.139959 4.095503e-04 6.272300e-15 0 
    0.141254 3.575257e-04 5.375600e-15 0 
    0.142233 3.947389e-04 5.853700e-15 0 
    0.143219 4.067330e-04 5.948800e-15 0 
    0.144212 3.567049e-04 5.145500e-15 0 
    0.145211 3.787088e-04 5.388000e-15 0 
    0.146218 3.893244e-04 5.463000e-15 0 
    0.147231 4.200563e-04 5.813400e-15 0 
    0.148252 4.210231e-04 5.746800e-15 0 
    0.148936 4.595209e-04 6.214800e-15 0 
    0.149624 4.789697e-04 6.418400e-15 0 
    0.150314 4.648400e-04 6.172000e-15 0 
    0.151356 4.239397e-04 5.551700e-15 0 
    0.152405 4.348148e-04 5.616000e-15 0 
    0.153462 4.605866e-04 5.867200e-15 0 
    0.154525 4.833937e-04 6.073300e-15 0 
    0.155597 4.563585e-04 5.654900e-15 0 
    0.156315 3.947374e-04 4.846500e-15 0 
    0.156675 4.398505e-04 5.375600e-15 0 
    0.157761 4.249219e-04 5.121900e-15 0 
    0.158855 3.600013e-04 4.279800e-15 0 
    0.159588 4.268832e-04 5.028400e-15 0 
    0.160694 4.067311e-04 4.725300e-15 0 
    0.161808 4.171638e-04 4.780000e-15 0 
    0.162930 4.584703e-04 5.181200e-15 0 
    0.163682 5.015424e-04 5.616000e-15 0 
    0.164816 5.215639e-04 5.760100e-15 0 
    0.165959 5.227637e-04 5.694100e-15 0 
    0.167109 5.398914e-04 5.800000e-15 0 
    0.167880 5.061792e-04 5.388000e-15 0 
    0.169044 5.614397e-04 5.894200e-15 0 
    0.170216 5.825120e-04 6.031500e-15 0 
    0.171002 5.337095e-04 5.475500e-15 0 
    0.172187 6.085623e-04 6.157800e-15 0 
    0.172982 5.215639e-04 5.229100e-15 0 
    0.173380 6.213030e-04 6.200500e-15 0 
    0.174181 6.750028e-04 6.674600e-15 0 
    0.175388 6.357776e-04 6.200500e-15 0 
    0.176198 6.113733e-04 5.907800e-15 0 
    0.177419 5.758494e-04 5.488200e-15 0 
    0.178238 5.825125e-04 5.500800e-15 0 
    0.179473 6.461116e-04 6.017700e-15 0 
    0.180302 6.372486e-04 5.880700e-15 0 
    0.181552 7.100816e-04 6.462900e-15 0 
    0.182390 6.401842e-04 5.773300e-15 0 
    0.183654 6.719001e-04 5.976200e-15 0 
    0.184502 6.987253e-04 6.157800e-15 0 
    0.185353 7.767946e-04 6.783100e-15 0 
    0.186638 7.839798e-04 6.751900e-15 0 
    0.187499 7.133479e-04 6.087300e-15 0 
    0.188799 7.487008e-04 6.301300e-15 0 
    0.189671 7.183026e-04 5.990000e-15 0 
    0.190546 6.566019e-04 5.425300e-15 0 
    0.191867 6.642160e-04 5.412900e-15 0 
    0.192753 7.019576e-04 5.668000e-15 0 
    0.193642 7.967160e-04 6.374200e-15 0 
    0.194984 7.316457e-04 5.773300e-15 0 
    0.195884 7.100724e-04 5.551700e-15 0 
    0.196789 7.696775e-04 5.962500e-15 0 
    0.198153 7.452554e-04 5.694100e-15 0 
    0.199067 7.452513e-04 5.641900e-15 0 
    0.199986 7.803841e-04 5.853700e-15 0 
    0.200909 8.285202e-04 6.157800e-15 0 
    0.202302 7.821796e-04 5.733600e-15 0 
    0.203236 8.939338e-04 6.492700e-15 0 
    0.204174 9.339143e-04 6.720900e-15 0 
    0.205116 8.837063e-04 6.301300e-15 0 
    0.206063 8.635912e-04 6.101400e-15 0 
    0.207491 9.126558e-04 6.359600e-15 0 
    0.208449 8.755953e-04 6.045400e-15 0 
    0.209411 9.469026e-04 6.477800e-15 0 
    0.210378 8.939414e-04 6.059400e-15 0 
    0.211349 9.578692e-04 6.433200e-15 0 
    0.212324 9.189710e-04 6.115400e-15 0 
    0.213304 9.274738e-04 6.115400e-15 0 
    0.214289 1.024011e-03 6.690000e-15 0 
    0.214783 9.711962e-04 6.315800e-15 0 
    0.215774 1.031114e-03 6.644000e-15 0 
    0.216770 9.756688e-04 6.229100e-15 0 
    0.217771 9.892532e-04 6.257900e-15 0 
    0.218776 1.014631e-03 6.359600e-15 0 
    0.219786 1.045452e-03 6.492700e-15 0 
    0.220801 9.600781e-04 5.907800e-15 0 
    0.221820 1.012293e-03 6.172000e-15 0 
    0.222844 1.074746e-03 6.492700e-15 0 
    0.223872 1.045459e-03 6.257900e-15 0 
    0.224905 1.045451e-03 6.200500e-15 0 
    0.225944 1.035870e-03 6.087300e-15 0 
    0.226986 1.107394e-03 6.448000e-15 0 
    0.228034 1.082196e-03 6.243500e-15 0 
    0.229087 1.026386e-03 5.867200e-15 0 
    0.230144 9.985375e-04 5.655700e-15 0 
    0.231207 1.101029e-03 6.179000e-15 0 
    0.232274 1.054962e-03 5.866200e-15 0 
    0.233346 1.006170e-03 5.543600e-15 0 
    0.233884 1.049270e-03 5.754500e-15 0 
    0.234963 1.097306e-03 5.962800e-15 0 
    0.236048 1.150182e-03 6.192800e-15 0 
    0.237137 1.091970e-03 5.825500e-15 0 
    0.238232 1.100659e-03 5.818000e-15 0 
    0.239332 1.042550e-03 5.460300e-15 0 
    0.240436 7.665536e-04 3.978000e-15 0 
    0.241546 9.682653e-04 4.978700e-15 0 
    0.242661 9.493926e-04 4.836900e-15 0 
    0.243220 1.056013e-03 5.355400e-15 0 
    0.244343 9.574650e-04 4.811100e-15 0 
    0.245471 1.008264e-03 5.019900e-15 0 
    0.246604 9.333256e-04 4.604200e-15 0 
    0.247742 1.029175e-03 5.030500e-15 0 
    0.248886 9.884237e-04 4.787000e-15 0 
    0.249460 1.030803e-03 4.969300e-15 0 
    0.250611 1.126256e-03 5.379700e-15 0 
    0.251768 1.089181e-03 5.154900e-15 0 
    0.252930 1.181848e-03 5.542200e-15 0 
    0.253513 1.171642e-03 5.469100e-15 0 
    0.254683 1.175607e-03 5.437300e-15 0 
    0.255859 1.136932e-03 5.210200e-15 0 
    0.257040 1.186323e-03 5.386700e-15 0 
    0.257632 1.123141e-03 5.076400e-15 0 
    0.258821 1.287984e-03 5.768100e-15 0 
    0.260016 1.128203e-03 5.006200e-15 0 
    0.261216 1.119080e-03 4.920200e-15 0 
    0.261818 1.153720e-03 5.049200e-15 0 
    0.263027 1.139148e-03 4.939700e-15 0 
    0.264241 1.264919e-03 5.434800e-15 0 
    0.264850 1.225466e-03 5.241100e-15 0 
    0.266072 1.332844e-03 5.648100e-15 0 
    0.267301 1.325156e-03 5.564000e-15 0 
    0.268534 1.314479e-03 5.468600e-15 0 
    0.269154 1.267647e-03 5.249500e-15 0 
    0.270396 1.263239e-03 5.183300e-15 0 
    0.271644 1.355113e-03 5.509300e-15 0 
    0.272270 1.429615e-03 5.785500e-15 0 
    0.273527 1.598516e-03 6.409700e-15 0 
    0.274157 1.663261e-03 6.638700e-15 0 
    0.275423 1.470479e-03 5.815400e-15 0 
    0.276694 1.584732e-03 6.209800e-15 0 
    0.277332 1.585639e-03 6.184800e-15 0 
    0.278612 1.519503e-03 5.872500e-15 0 
    0.279898 1.600310e-03 6.128100e-15 0 
    0.280543 1.504723e-03 5.735600e-15 0 
    0.281838 1.516899e-03 5.729000e-15 0 
    0.282488 1.622616e-03 6.100100e-15 0 
    0.283792 1.373144e-03 5.114900e-15 0 
    0.285102 1.429635e-03 5.276500e-15 0 
    0.285759 1.508282e-03 5.541200e-15 0 
    0.287078 1.610612e-03 5.862900e-15 0 
    0.287740 1.514446e-03 5.487500e-15 0 
    0.289068 1.198840e-03 4.304100e-15 0 
    0.289734 1.312269e-03 4.689700e-15 0 
    0.291072 1.650205e-03 5.843300e-15 0 
    0.291743 1.781549e-03 6.279400e-15 0 
    0.293089 1.723120e-03 6.017800e-15 0 
    0.293765 1.681025e-03 5.843800e-15 0 
    0.295121 1.618454e-03 5.574700e-15 0 
    0.296483 1.860479e-03 6.349600e-15 0 
    0.297167 1.887500e-03 6.412200e-15 0 
    0.298538 1.881100e-03 6.331900e-15 0 
    0.299227 1.882243e-03 6.306600e-15 0 
    0.300608 2.119364e-03 7.036000e-15 0 
    0.302691 2.055872e-03 6.731600e-15 0 
    0.304789 2.054929e-03 6.636200e-15 0 
    0.306902 2.150834e-03 6.850600e-15 0 
    0.309030 2.194898e-03 6.895000e-15 0 
    0.311172 2.276297e-03 7.052600e-15 0 
    0.313329 2.317651e-03 7.082200e-15 0 
    0.315501 2.354341e-03 7.095600e-15 0 
    0.317687 2.413723e-03 7.174800e-15 0 
    0.319154 2.467439e-03 7.267200e-15 0 
    0.321366 2.512329e-03 7.297900e-15 0 
    0.323594 2.517163e-03 7.211600e-15 0 
    0.325837 2.574864e-03 7.275700e-15 0 
    0.327341 2.614048e-03 7.318700e-15 0 
    0.329610 2.501282e-03 6.906900e-15 0 
    0.331894 2.666929e-03 7.263300e-15 0 
    0.334195 2.551920e-03 6.854700e-15 0 
    0.335738 2.788956e-03 7.422700e-15 0 
    0.338065 2.960096e-03 7.770100e-15 0 
    0.340408 2.979716e-03 7.714300e-15 0 
    0.341979 3.011297e-03 7.724600e-15 0 
    0.343558 3.001478e-03 7.628800e-15 0 
    0.344350 3.073474e-03 7.775900e-15 0 
    0.345144 2.896827e-03 7.295300e-15 0 
    0.345939 3.134815e-03 7.858400e-15 0 
    0.346737 3.030431e-03 7.561800e-15 0 
    0.347536 2.896013e-03 7.193200e-15 0 
    0.348337 3.069706e-03 7.589600e-15 0 
    0.349140 3.008786e-03 7.404800e-15 0 
    0.349945 3.102317e-03 7.599900e-15 0 
    0.350752 3.273255e-03 7.981800e-15 0 
    0.351560 3.501678e-03 8.499600e-15 0 
    0.352371 3.188400e-03 7.703600e-15 0 
    0.353183 3.212716e-03 7.726700e-15 0 
    0.353997 3.421110e-03 8.190100e-15 0 
    0.354813 3.551924e-03 8.464200e-15 0 
    0.355631 3.425828e-03 8.126200e-15 0 
    0.356451 3.177322e-03 7.502100e-15 0 
    0.357273 3.253603e-03 7.646900e-15 0 
    0.358096 3.116483e-03 7.291000e-15 0 
    0.358922 3.451179e-03 8.036900e-15 0 
    0.359749 3.223016e-03 7.471100e-15 0 
    0.360579 3.392886e-03 7.828700e-15 0 
    0.361410 3.364089e-03 7.726600e-15 0 
    0.362243 3.533229e-03 8.077800e-15 0 
    0.363078 3.431421e-03 7.809000e-15 0 
    0.363915 3.645691e-03 8.258500e-15 0 
    0.364754 3.289151e-03 7.416600e-15 0 
    0.365595 3.634029e-03 8.156600e-15 0 
    0.366437 3.799163e-03 8.488100e-15 0 
    0.367282 3.854745e-03 8.572700e-15 0 
    0.368047 4.040865e-03 8.949300e-15 1 
    0.368322 4.385290e-03 9.697600e-15 1 
    0.368597 4.168435e-03 9.204300e-15 1 
    0.368872 3.819388e-03 8.421000e-15 1 
    0.369147 4.260103e-03 9.378700e-15 1 
    0.369422 4.389096e-03 9.648300e-15 1 
    0.369697 4.070299e-03 8.934200e-15 1 
    0.369972 3.378728e-03 7.405200e-15 1 
    0.370247 2.994757e-03 6.553900e-15 1 
    0.370522 3.460536e-03 7.562000e-15 1 
    0.370797 3.010490e-03 6.568800e-15 1 
    0.371072 3.612505e-03 7.870700e-15 1 
    0.371347 3.645855e-03 7.931600e-15 1 
    0.371622 3.851230e-03 8.366000e-15 1 
    0.371897 3.977397e-03 8.627300e-15 1 
    0.372172 3.778423e-03 8.183600e-15 1 
    0.372447 3.930077e-03 8.499500e-15 1 
    0.372722 3.327498e-03 7.185700e-15 1 
    0.372997 3.358845e-03 7.242700e-15 1 
    0.373272 3.570986e-03 7.688800e-15 1 
    0.373547 3.415502e-03 7.343200e-15 1 
    0.373822 4.111515e-03 8.826600e-15 1 
    0.374097 3.564910e-03 7.641900e-15 1 
    0.374372 3.143243e-03 6.728100e-15 1 
    0.374647 3.363830e-03 7.189700e-15 1 
    0.374922 3.931738e-03 8.391200e-15 1 
    0.375197 3.746011e-03 7.983100e-15 1 
    0.375472 3.913630e-03 8.328100e-15 1 
    0.375747 3.679538e-03 7.818500e-15 1 
    0.376022 3.630677e-03 7.703400e-15 1 
    0.376297 4.190588e-03 8.878400e-15 1 
    0.376572 3.827309e-03 8.096900e-15 1 
    0.376847 3.703385e-03 7.823300e-15 1 
    0.377122 3.821147e-03 8.060300e-15 1 
    0.377397 3.987381e-03 8.398700e-15 1 
    0.377672 4.100123e-03 8.623600e-15 1 
    0.377947 4.463016e-03 9.373200e-15 1 
    0.378222 3.963538e-03 8.312100e-15 1 
    0.378497 4.080283e-03 8.544500e-15 1 
    0.378772 4.216483e-03 8.816900e-15 1 
    0.379047 3.673428e-03 7.670200e-15 1 
    0.379322 4.027490e-03 8.397300e-15 1 
    0.379597 4.310184e-03 8.973700e-15 1 
    0.379872 4.182566e-03 8.695400e-15 1 
    0.380147 4.324513e-03 8.977500e-15 1 
    0.380422 4.171097e-03 8.646500e-15 1 
    0.380697 4.187855e-03 8.668700e-15 1 
    0.380972 4.576108e-03 9.458700e-15 1 
    0.381247 4.863387e-03 1.003800e-14 1 
    0.381522 4.400104e-03 9.068700e-15 1 
    0.381797 4.298435e-03 8.846400e-15 1 
    0.382072 3.969754e-03 8.158200e-15 1 
    0.382347 4.017816e-03 8.245100e-15 1 
    0.382622 3.480650e-03 7.132500e-15 1 
    0.382897 3.516981e-03 7.196600e-15 1 
    0.383172 4.090916e-03 8.359000e-15 1 
    0.383447 3.716322e-03 7.582700e-15 1 
    0.383722 4.559268e-03 9.289300e-15 1 
    0.383997 4.671726e-03 9.504800e-15 1 
    0.384272 6.813754e-03 1.384300e-14 1 
    0.384547 8.697597e-03 1.764500e-14 1 
    0.384822 1.152075e-02 2.333900e-14 1 
    0.385097 1.224362e-02 2.476800e-14 1 
    0.385372 1.059234e-02 2.139700e-14 1 
    0.385647 8.244245e-03 1.663000e-14 1 
    0.385922 6.420622e-03 1.293300e-14 1 
    0.386197 5.427003e-03 1.091600e-14 1 
    0.386472 4.873139e-03 9.788000e-15 1 
    0.386747 4.426321e-03 8.877900e-15 1 
    0.387022 4.388731e-03 8.790000e-15 1 
    0.387297 4.441970e-03 8.884000e-15 1 
    0.387572 4.838780e-03 9.663900e-15 1 
    0.387847 5.038746e-03 1.004900e-14 1 
    0.388122 4.618883e-03 9.198600e-15 1 
    0.388397 4.665759e-03 9.278800e-15 1 
    0.388672 5.213285e-03 1.035300e-14 1 
    0.388947 5.047701e-03 1.001000e-14 1 
    0.389222 5.024341e-03 9.949600e-15 1 
    0.389497 5.268310e-03 1.041800e-14 1 
    0.389772 5.173964e-03 1.021700e-14 1 
    0.390047 5.453085e-03 1.075300e-14 1 
    0.390322 5.620238e-03 1.106700e-14 1 
    0.390597 5.439996e-03 1.069700e-14 1 
    0.390872 5.855074e-03 1.149700e-14 1 
    0.391147 6.156048e-03 1.207100e-14 1 
    0.391422 5.752058e-03 1.126300e-14 1 
    0.391697 4.948312e-03 9.675600e-15 1 
    0.391972 4.379413e-03 8.551200e-15 1 
    0.392247 4.766204e-03 9.293400e-15 1 
    0.392522 4.868878e-03 9.480300e-15 1 
    0.392797 4.574220e-03 8.894100e-15 1 
    0.393072 5.287182e-03 1.026600e-14 1 
    0.393347 6.117702e-03 1.186200e-14 1 
    0.393622 5.768352e-03 1.116900e-14 1 
    0.393897 6.098620e-03 1.179200e-14 1 
    0.394172 6.067777e-03 1.171600e-14 1 
    0.394447 6.018160e-03 1.160400e-14 1 
    0.394722 6.091993e-03 1.173000e-14 1 
    0.394997 5.781678e-03 1.111700e-14 1 
    0.395272 4.951088e-03 9.506700e-15 1 
    0.395547 4.585454e-03 8.792400e-15 1 
    0.395822 4.345278e-03 8.320300e-15 1 
    0.396097 3.799055e-03 7.264300e-15 1 
    0.396372 3.944580e-03 7.532100e-15 1 
    0.396647 4.742101e-03 9.042400e-15 1 
    0.396922 4.887898e-03 9.307500e-15 1 
    0.397197 5.290402e-03 1.006000e-14 1 
    0.397472 6.555809e-03 1.244900e-14 1 
    0.397747 6.319670e-03 1.198400e-14 1 
    0.398022 6.520629e-03 1.234800e-14 1 
    0.398297 6.669247e-03 1.261200e-14 1 
    0.398572 7.111087e-03 1.342900e-14 1 
    0.398847 6.818123e-03 1.285800e-14 1 
    0.399122 6.880627e-03 1.295800e-14 1 
    0.399397 6.960832e-03 1.309100e-14 1 
    0.399672 7.368168e-03 1.383800e-14 1 
    0.399947 6.980016e-03 1.309100e-14 1 
    0.400222 6.482389e-03 1.214100e-14 1 
    0.400497 5.975354e-03 1.117600e-14 1 
    0.400772 5.774759e-03 1.078600e-14 1 
    0.401047 5.593970e-03 1.043400e-14 1 
    0.401322 5.350284e-03 9.965800e-15 1 
    0.401597 4.936194e-03 9.181900e-15 1 
    0.401872 4.864036e-03 9.035300e-15 1 
    0.402147 5.579416e-03 1.035000e-14 1 
    0.402422 6.072340e-03 1.124900e-14 1 
    0.402697 6.430918e-03 1.189700e-14 1 
    0.402972 6.750404e-03 1.247100e-14 1 
    0.403247 7.002449e-03 1.291900e-14 1 
    0.403522 7.006032e-03 1.290800e-14 1 
    0.403797 6.620456e-03 1.218100e-14 1 
    0.404072 7.046913e-03 1.294800e-14 1 
    0.404347 7.457620e-03 1.368400e-14 1 
    0.404622 7.035549e-03 1.289200e-14 1 
    0.404897 6.652203e-03 1.217300e-14 1 
    0.405172 6.452753e-03 1.179200e-14 1 
    0.405447 6.743166e-03 1.230600e-14 1 
    0.405722 6.441202e-03 1.173900e-14 1 
    0.405997 5.701593e-03 1.037700e-14 1 
    0.406272 5.530508e-03 1.005200e-14 1 
    0.406547 5.388143e-03 9.780000e-15 1 
    0.406822 5.154681e-03 9.343600e-15 1 
    0.407097 5.593319e-03 1.012500e-14 1 
    0.407372 6.700033e-03 1.211200e-14 1 
    0.407647 7.125630e-03 1.286400e-14 1 
    0.407922 7.241189e-03 1.305500e-14 1 
    0.408197 7.323160e-03 1.318500e-14 1 
    0.408472 7.174523e-03 1.290000e-14 1 
    0.408747 7.031035e-03 1.262500e-14 1 
    0.409022 6.285981e-03 1.127200e-14 1 
    0.409297 6.092291e-03 1.091000e-14 1 
    0.409572 6.024993e-03 1.077500e-14 1 
    0.409847 5.467516e-03 9.764900e-15 1 
    0.410122 5.113899e-03 9.121100e-15 1 
    0.410397 5.048898e-03 8.993100e-15 1 
    0.410672 5.496128e-03 9.776600e-15 1 
    0.410947 6.571022e-03 1.167300e-14 1 
    0.411222 6.707211e-03 1.189900e-14 1 
    0.411497 6.715056e-03 1.189700e-14 1 
    0.411772 7.266048e-03 1.285600e-14 1 
    0.412047 7.750582e-03 1.369500e-14 1 
    0.412322 7.879372e-03 1.390400e-14 1 
    0.412597 7.767315e-03 1.368800e-14 1 
    0.412872 7.994729e-03 1.407000e-14 1 
    0.413147 8.258574e-03 1.451500e-14 1 
    0.413422 7.967046e-03 1.398400e-14 1 
    0.413697 8.068927e-03 1.414400e-14 1 
    0.413972 7.663793e-03 1.341600e-14 1 
    0.414247 7.895916e-03 1.380400e-14 1 
    0.414522 8.660157e-03 1.512000e-14 1 
    0.414797 8.461168e-03 1.475300e-14 1 
    0.415072 8.168596e-03 1.422400e-14 1 
    0.415347 8.051763e-03 1.400200e-14 1 
    0.415622 8.459735e-03 1.469200e-14 1 
    0.415897 8.436339e-03 1.463200e-14 1 
    0.416172 7.861509e-03 1.361700e-14 1 
    0.416447 8.179449e-03 1.414900e-14 1 
    0.416722 7.969709e-03 1.376800e-14 1 
    0.416997 8.274101e-03 1.427500e-14 1 
    0.417272 8.169520e-03 1.407600e-14 1 
    0.417547 8.535957e-03 1.468800e-14 1 
    0.417822 8.349935e-03 1.434900e-14 1 
    0.418097 8.751327e-03 1.501900e-14 1 
    0.418372 8.310669e-03 1.424400e-14 1 
    0.418647 8.467652e-03 1.449400e-14 1 
    0.418922 8.195648e-03 1.401000e-14 1 
    0.419197 8.233355e-03 1.405600e-14 1 
    0.419472 8.288151e-03 1.413100e-14 1 
    0.419747 8.183325e-03 1.393400e-14 1 
    0.420022 8.164648e-03 1.388400e-14 1 
    0.420297 8.019892e-03 1.362000e-14 1 
    0.420572 8.099372e-03 1.373700e-14 1 
    0.420847 8.542122e-03 1.446900e-14 1 
    0.421122 8.527279e-03 1.442500e-14 1 
    0.421397 8.156041e-03 1.377900e-14 1 
    0.421672 8.002514e-03 1.350200e-14 1 
    0.421947 7.849752e-03 1.322700e-14 1 
    0.422222 7.764315e-03 1.306600e-14 1 
    0.422497 7.712551e-03 1.296200e-14 1 
    0.422772 7.354994e-03 1.234500e-14 1 
    0.423047 7.423625e-03 1.244400e-14 1 
    0.423322 7.105938e-03 1.189600e-14 1 
    0.423597 6.817910e-03 1.139900e-14 1 
    0.423872 6.382388e-03 1.065700e-14 1 
    0.424147 6.695904e-03 1.116600e-14 1 
    0.424422 7.411916e-03 1.234400e-14 1 
    0.424697 7.054776e-03 1.173400e-14 1 
    0.424972 7.592476e-03 1.261200e-14 1 
    0.425247 7.857282e-03 1.303500e-14 1 
    0.425522 7.833045e-03 1.297800e-14 1 
    0.425797 8.200943e-03 1.357000e-14 1 
    0.426072 8.444513e-03 1.395500e-14 1 
    0.426347 8.225779e-03 1.357600e-14 1 
    0.426622 8.243674e-03 1.358800e-14 1 
    0.426897 8.514303e-03 1.401600e-14 1 
    0.427172 8.564204e-03 1.408000e-14 1 
    0.427447 8.662936e-03 1.422400e-14 1 
    0.427722 8.982045e-03 1.472900e-14 1 
    0.427997 8.809807e-03 1.442800e-14 1 
    0.428272 8.753267e-03 1.431700e-14 1 
    0.428547 8.693499e-03 1.420100e-14 1 
    0.428822 8.797831e-03 1.435300e-14 1 
    0.429097 8.388701e-03 1.366800e-14 1 
    0.429372 8.886782e-03 1.446100e-14 1 
    0.429647 9.330126e-03 1.516300e-14 1 
    0.429922 8.857195e-03 1.437600e-14 1 
    0.430197 8.719857e-03 1.413500e-14 1 
    0.430472 8.835398e-03 1.430400e-14 1 
    0.430747 9.134282e-03 1.476900e-14 1 
    0.431022 8.773150e-03 1.416700e-14 1 
    0.431297 8.707461e-03 1.404300e-14 1 
    0.431572 8.932141e-03 1.438700e-14 1 
    0.431847 8.917418e-03 1.434500e-14 1 
    0.432122 8.747029e-03 1.405300e-14 1 
    0.432397 8.854766e-03 1.420800e-14 1 
    0.432672 8.803007e-03 1.410700e-14 1 
    0.432947 8.858562e-03 1.417800e-14 1 
    0.433222 8.975546e-03 1.434700e-14 1 
    0.433497 9.154820e-03 1.461500e-14 1 
    0.433772 8.867267e-03 1.413800e-14 1 
    0.434047 8.872234e-03 1.412800e-14 1 
    0.434322 9.153857e-03 1.455800e-14 1 
    0.434597 8.973431e-03 1.425300e-14 1 
    0.434872 9.429208e-03 1.495800e-14 1 
    0.435147 9.601456e-03 1.521200e-14 1 
    0.435422 8.951287e-03 1.416400e-14 1 
    0.435697 9.207480e-03 1.455100e-14 1 
    0.435972 8.855436e-03 1.397700e-14 1 
    0.436247 8.203059e-03 1.293100e-14 1 
    0.436522 8.607846e-03 1.355200e-14 1 
    0.436797 9.025081e-03 1.419100e-14 1 
    0.437072 9.007793e-03 1.414600e-14 1 
    0.437347 8.947724e-03 1.403400e-14 1 
    0.437622 8.868330e-03 1.389200e-14 1 
    0.437897 8.979191e-03 1.404800e-14 1 
    0.438172 9.403261e-03 1.469300e-14 1 
    0.438447 8.969722e-03 1.399800e-14 1 
    0.438722 9.158056e-03 1.427400e-14 1 
    0.438997 8.678751e-03 1.351000e-14 1 
    0.439272 8.741084e-03 1.359000e-14 1 
    0.439547 8.813212e-03 1.368500e-14 1 
    0.439822 8.954495e-03 1.388700e-14 1 
    0.440097 8.935353e-03 1.384000e-14 1 
    0.440372 9.080979e-03 1.404800e-14 1 
    0.440647 8.929869e-03 1.379700e-14 1 
    0.440922 9.004527e-03 1.389500e-14 1 
    0.441197 8.906106e-03 1.372600e-14 1 
    0.441472 9.092620e-03 1.399600e-14 1 
    0.441747 8.985567e-03 1.381400e-14 1 
    0.442022 9.292438e-03 1.426800e-14 1 
    0.442297 8.915359e-03 1.367200e-14 1 
    0.442572 8.714909e-03 1.334800e-14 1 
    0.442847 8.481908e-03 1.297500e-14 1 
    0.443122 8.569025e-03 1.309200e-14 1 
    0.443397 8.583596e-03 1.309800e-14 1 
    0.443672 8.272734e-03 1.260800e-14 1 
    0.443947 8.384164e-03 1.276200e-14 1 
    0.444222 8.366270e-03 1.271900e-14 1 
    0.444497 8.362142e-03 1.269700e-14 1 
    0.444772 8.327654e-03 1.262900e-14 1 
    0.445047 8.357760e-03 1.265900e-14 1 
    0.445322 8.350906e-03 1.263300e-14 1 
    0.445597 8.659719e-03 1.308400e-14 1 
    0.445872 8.543178e-03 1.289200e-14 1 
    0.446147 8.738170e-03 1.317000e-14 1 
    0.446422 8.798105e-03 1.324400e-14 1 
    0.446697 8.948625e-03 1.345400e-14 1 
    0.446972 8.944996e-03 1.343200e-14 1 
    0.447247 8.715303e-03 1.307100e-14 1 
    0.447522 8.946994e-03 1.340200e-14 1 
    0.447797 8.937942e-03 1.337200e-14 1 
    0.448072 9.015176e-03 1.347100e-14 1 
    0.448347 9.113353e-03 1.360100e-14 1 
    0.448622 8.960842e-03 1.335700e-14 1 
    0.448897 8.759576e-03 1.304100e-14 1 
    0.449172 8.730633e-03 1.298200e-14 1 
    0.449447 8.754120e-03 1.300100e-14 1 
    0.449722 8.625958e-03 1.279500e-14 1 
    0.449997 9.310151e-03 1.379300e-14 1 
    0.450272 9.474269e-03 1.401900e-14 1 
    0.450547 9.499379e-03 1.403900e-14 1 
    0.450822 9.551626e-03 1.409900e-14 1 
    0.451097 9.695549e-03 1.429400e-14 1 
    0.451372 9.667985e-03 1.423600e-14 1 
    0.451647 9.684529e-03 1.424300e-14 1 
    0.451922 9.453969e-03 1.388700e-14 1 
    0.452197 9.464797e-03 1.388600e-14 1 
    0.452472 9.000654e-03 1.318900e-14 1 
    0.452747 9.422241e-03 1.379000e-14 1 
    0.453022 9.322868e-03 1.362800e-14 1 
    0.453297 9.422545e-03 1.375700e-14 1 
    0.453572 9.556732e-03 1.393600e-14 1 
    0.453847 9.573130e-03 1.394300e-14 1 
    0.454122 9.875515e-03 1.436600e-14 1 
    0.454397 9.548857e-03 1.387400e-14 1 
    0.454672 9.735446e-03 1.412800e-14 1 
    0.454947 9.896940e-03 1.434500e-14 1 
    0.455222 9.260288e-03 1.340600e-14 1 
    0.455497 9.440228e-03 1.365000e-14 1 
    0.455772 1.000211e-02 1.444500e-14 1 
    0.456047 1.005231e-02 1.450000e-14 1 
    0.456322 9.718084e-03 1.400100e-14 1 
    0.456597 9.790260e-03 1.408800e-14 1 
    0.456872 9.796491e-03 1.408000e-14 1 
    0.457147 1.011131e-02 1.451500e-14 1 
    0.457422 1.031389e-02 1.478800e-14 1 
    0.457697 1.017197e-02 1.456700e-14 1 
    0.457972 9.780800e-03 1.399000e-14 1 
    0.458247 9.784849e-03 1.397900e-14 1 
    0.458522 1.033201e-02 1.474300e-14 1 
    0.458797 1.015005e-02 1.446600e-14 1 
    0.459072 9.931809e-03 1.413800e-14 1 
    0.459347 9.974658e-03 1.418200e-14 1 
    0.459622 1.016969e-02 1.444200e-14 1 
    0.459897 1.037504e-02 1.471600e-14 1 
    0.460172 1.044604e-02 1.479900e-14 1 
    0.460447 1.038715e-02 1.469800e-14 1 
    0.460722 1.028140e-02 1.453100e-14 1 
    0.460997 1.013287e-02 1.430400e-14 1 
    0.461272 1.057476e-02 1.491000e-14 1 
    0.461547 1.048938e-02 1.477200e-14 1 
    0.461822 1.057156e-02 1.487000e-14 1 
    0.462097 1.050942e-02 1.476500e-14 1 
    0.462372 1.069082e-02 1.500200e-14 1 
    0.462647 1.084124e-02 1.519500e-14 1 
    0.462922 1.058983e-02 1.482500e-14 1 
    0.463197 1.070326e-02 1.496600e-14 1 
    0.463472 1.088638e-02 1.520400e-14 1 
    0.463747 1.063335e-02 1.483300e-14 1 
    0.464022 1.040409e-02 1.449600e-14 1 
    0.464297 1.086841e-02 1.512500e-14 1 
    0.464572 1.126114e-02 1.565300e-14 1 
    0.464847 1.111602e-02 1.543300e-14 1 
    0.465122 1.082990e-02 1.501800e-14 1 
    0.465397 1.122103e-02 1.554200e-14 1 
    0.465672 1.098781e-02 1.520100e-14 1 
    0.465947 1.071277e-02 1.480300e-14 1 
    0.466222 1.067397e-02 1.473200e-14 1 
    0.466497 1.084035e-02 1.494400e-14 1 
    0.466772 1.032370e-02 1.421500e-14 1 
    0.467047 1.022607e-02 1.406400e-14 1 
    0.467322 1.013620e-02 1.392400e-14 1 
    0.467597 1.031576e-02 1.415400e-14 1 
    0.467872 1.020750e-02 1.398900e-14 1 
    0.468147 1.052414e-02 1.440600e-14 1 
    0.468422 1.061257e-02 1.451000e-14 1 
    0.468697 1.013882e-02 1.384600e-14 1 
    0.468972 1.043004e-02 1.422700e-14 1 
    0.469247 1.030062e-02 1.403400e-14 1 
    0.469522 1.040896e-02 1.416500e-14 1 
    0.469797 1.064407e-02 1.446800e-14 1 
    0.470072 1.040684e-02 1.412900e-14 1 
    0.470347 1.005621e-02 1.363700e-14 1 
    0.470622 1.040020e-02 1.408700e-14 1 
    0.470897 1.050401e-02 1.421100e-14 1 
    0.471172 1.075753e-02 1.453700e-14 1 
    0.471447 1.076342e-02 1.452800e-14 1 
    0.471722 1.089392e-02 1.468700e-14 1 
    0.471997 1.134922e-02 1.528300e-14 1 
    0.472272 1.149032e-02 1.545500e-14 1 
    0.472547 1.124691e-02 1.511000e-14 1 
    0.472822 1.075774e-02 1.443600e-14 1 
    0.473097 1.108734e-02 1.486100e-14 1 
    0.473372 1.134747e-02 1.519200e-14 1 
    0.473647 1.078858e-02 1.442700e-14 1 
    0.473922 1.104443e-02 1.475200e-14 1 
    0.474197 1.120117e-02 1.494400e-14 1 
    0.474472 1.097928e-02 1.463100e-14 1 
    0.474747 1.146983e-02 1.526700e-14 1 
    0.475022 1.099197e-02 1.461400e-14 1 
    0.475297 1.080966e-02 1.435500e-14 1 
    0.475572 1.092697e-02 1.449400e-14 1 
    0.475847 1.051014e-02 1.392500e-14 1 
    0.476122 1.066058e-02 1.410800e-14 1 
    0.476397 1.096945e-02 1.450000e-14 1 
    0.476672 1.107755e-02 1.462600e-14 1 
    0.476947 1.133525e-02 1.494900e-14 1 
    0.477222 1.178179e-02 1.552000e-14 1 
    0.477497 1.179158e-02 1.551500e-14 1 
    0.477772 1.090047e-02 1.432600e-14 1 
    0.478047 1.158870e-02 1.521300e-14 1 
    0.478322 1.088821e-02 1.427700e-14 1 
    0.478597 1.125042e-02 1.473500e-14 1 
    0.478872 1.175945e-02 1.538400e-14 1 
    0.479147 1.129543e-02 1.476000e-14 1 
    0.479422 1.148921e-02 1.499600e-14 1 
    0.479697 1.114189e-02 1.452600e-14 1 
    0.479972 1.126755e-02 1.467300e-14 1 
    0.480247 1.145498e-02 1.490000e-14 1 
    0.480522 1.155970e-02 1.501900e-14 1 
    0.480797 1.145812e-02 1.487000e-14 1 
    0.481072 1.166177e-02 1.511700e-14 1 
    0.481347 1.178787e-02 1.526300e-14 1 
    0.481622 1.133201e-02 1.465600e-14 1 
    0.481897 1.155783e-02 1.493100e-14 1 
    0.482172 1.145013e-02 1.477500e-14 1 
    0.482447 1.117225e-02 1.440000e-14 1 
    0.482722 1.130150e-02 1.455000e-14 1 
    0.482997 1.156788e-02 1.487600e-14 1 
    0.483272 1.140044e-02 1.464400e-14 1 
    0.483547 1.147188e-02 1.471900e-14 1 
    0.483822 1.183527e-02 1.516800e-14 1 
    0.484097 1.179249e-02 1.509600e-14 1 
    0.484372 1.156189e-02 1.478400e-14 1 
    0.484647 1.154136e-02 1.474100e-14 1 
    0.484922 1.170338e-02 1.493100e-14 1 
    0.485197 1.200309e-02 1.529600e-14 1 
    0.485472 1.192399e-02 1.517800e-14 1 
    0.485747 1.159538e-02 1.474300e-14 1 
    0.486022 1.151245e-02 1.462100e-14 1 
    0.486297 1.157199e-02 1.468000e-14 1 
    0.486572 1.135543e-02 1.438900e-14 1 
    0.486847 1.193396e-02 1.510500e-14 1 
    0.487122 1.194112e-02 1.509700e-14 1 
    0.487397 1.273062e-02 1.607700e-14 1 
    0.487672 1.225031e-02 1.545300e-14 1 
    0.487947 1.191969e-02 1.501900e-14 1 
    0.488222 1.206661e-02 1.518700e-14 1 
    0.488497 1.156955e-02 1.454500e-14 1 
    0.488772 1.167256e-02 1.465800e-14 1 
    0.489047 1.141863e-02 1.432300e-14 1 
    0.489322 1.198058e-02 1.501100e-14 1 
    0.489597 1.209313e-02 1.513500e-14 1 
    0.489872 1.177955e-02 1.472600e-14 1 
    0.490147 1.151730e-02 1.438200e-14 1 
    0.490422 1.174749e-02 1.465300e-14 1 
    0.490697 1.234417e-02 1.538000e-14 1 
    0.490972 1.203580e-02 1.497900e-14 1 
    0.491247 1.217397e-02 1.513400e-14 1 
    0.491522 1.213768e-02 1.507200e-14 1 
    0.491797 1.176347e-02 1.459100e-14 1 
    0.492072 1.170076e-02 1.449700e-14 1 
    0.492347 1.219947e-02 1.509800e-14 1 
    0.492622 1.197770e-02 1.480700e-14 1 
    0.492897 1.170845e-02 1.445800e-14 1 
    0.493172 1.196798e-02 1.476200e-14 1 
    0.493447 1.201461e-02 1.480300e-14 1 
    0.493722 1.161929e-02 1.430000e-14 1 
    0.493997 1.153463e-02 1.418000e-14 1 
    0.494272 1.167044e-02 1.433100e-14 1 
    0.494547 1.156930e-02 1.419100e-14 1 
    0.494822 1.168255e-02 1.431400e-14 1 
    0.495097 1.173966e-02 1.436800e-14 1 
    0.495372 1.177725e-02 1.439800e-14 1 
    0.495647 1.128016e-02 1.377500e-14 1 
    0.495922 1.193868e-02 1.456300e-14 1 
    0.496197 1.162200e-02 1.416100e-14 1 
    0.496472 1.177949e-02 1.433700e-14 1 
    0.496747 1.151782e-02 1.400300e-14 1 
    0.497022 1.211357e-02 1.471100e-14 1 
    0.497297 1.211049e-02 1.469100e-14 1 
    0.497572 1.220724e-02 1.479200e-14 1 
    0.497847 1.208194e-02 1.462400e-14 1 
    0.498122 1.212424e-02 1.465900e-14 1 
    0.498397 1.146613e-02 1.384800e-14 1 
    0.498672 1.179543e-02 1.423000e-14 1 
    0.498947 1.188561e-02 1.432300e-14 1 
    0.499222 1.156891e-02 1.392600e-14 1 
    0.499497 1.158915e-02 1.393500e-14 1 
    0.499772 1.148702e-02 1.379700e-14 1 
    0.500047 1.174471e-02 1.409100e-14 1 
    0.500322 1.162079e-02 1.392700e-14 1 
    0.500597 1.155839e-02 1.383700e-14 1 
    0.500872 1.158698e-02 1.385600e-14 1 
    0.501147 1.168258e-02 1.395500e-14 1 
    0.501422 1.222591e-02 1.458800e-14 1 
    0.501697 1.400962e-02 1.669800e-14 1 
    0.501972 1.538229e-02 1.831400e-14 1 
    0.502247 1.514942e-02 1.801700e-14 1 
    0.502522 1.302373e-02 1.547200e-14 1 
    0.502797 1.262423e-02 1.498100e-14 1 
    0.503072 1.232085e-02 1.460500e-14 1 
    0.503347 1.217977e-02 1.442200e-14 1 
    0.503622 1.171963e-02 1.386200e-14 1 
    0.503897 1.152846e-02 1.362100e-14 1 
    0.504172 1.185031e-02 1.398600e-14 1 
    0.504447 1.201677e-02 1.416700e-14 1 
    0.504722 1.155435e-02 1.360700e-14 1 
    0.504997 1.209229e-02 1.422500e-14 1 
    0.505272 1.216504e-02 1.429500e-14 1 
    0.505547 1.192526e-02 1.399800e-14 1 
    0.505822 1.190498e-02 1.395900e-14 1 
    0.506097 1.199818e-02 1.405300e-14 1 
    0.506372 1.231550e-02 1.440900e-14 1 
    0.506647 1.252396e-02 1.463700e-14 1 
    0.506922 1.252043e-02 1.461700e-14 1 
    0.507197 1.219359e-02 1.422000e-14 1 
    0.507472 1.196732e-02 1.394100e-14 1 
    0.507747 1.132117e-02 1.317400e-14 1 
    0.508022 1.206812e-02 1.402800e-14 1 
    0.508297 1.188397e-02 1.379900e-14 1 
    0.508572 1.209254e-02 1.402600e-14 1 
    0.508847 1.209440e-02 1.401300e-14 1 
    0.509122 1.181285e-02 1.367200e-14 1 
    0.509397 1.222608e-02 1.413500e-14 1 
    0.509672 1.251551e-02 1.445400e-14 1 
    0.509947 1.214501e-02 1.401100e-14 1 
    0.510222 1.193944e-02 1.375900e-14 1 
    0.510497 1.246832e-02 1.435300e-14 1 
    0.510772 1.275134e-02 1.466300e-14 1 
    0.511047 1.294963e-02 1.487500e-14 1 
    0.511322 1.326773e-02 1.522400e-14 1 
    0.511597 1.339455e-02 1.535300e-14 1 
    0.511872 1.395132e-02 1.597400e-14 1 
    0.512147 1.402052e-02 1.603600e-14 1 
    0.512422 1.437080e-02 1.641900e-14 1 
    0.512697 1.393499e-02 1.590400e-14 1 
    0.512972 1.326666e-02 1.512500e-14 1 
    0.513247 1.305346e-02 1.486600e-14 1 
    0.513522 1.277035e-02 1.452800e-14 1 
    0.513797 1.207390e-02 1.372100e-14 1 
    0.514072 1.230529e-02 1.396900e-14 1 
    0.514347 1.227966e-02 1.392500e-14 1 
    0.514622 1.201648e-02 1.361200e-14 1 
    0.514897 1.226352e-02 1.387700e-14 1 
    0.515172 1.254379e-02 1.417900e-14 1 
    0.515447 1.239512e-02 1.399600e-14 1 
    0.515722 1.284365e-02 1.448700e-14 1 
    0.515997 1.310497e-02 1.476600e-14 1 
    0.516272 1.336771e-02 1.504600e-14 1 
    0.516547 1.460222e-02 1.641800e-14 1 
    0.516822 1.616074e-02 1.815100e-14 1 
    0.517097 1.672075e-02 1.876000e-14 1 
    0.517372 1.715968e-02 1.923200e-14 1 
    0.517647 1.627401e-02 1.822000e-14 1 
    0.517922 1.522548e-02 1.702800e-14 1 
    0.518197 1.410399e-02 1.575700e-14 1 
    0.518472 1.330357e-02 1.484700e-14 1 
    0.518747 1.310061e-02 1.460500e-14 1 
    0.519022 1.274904e-02 1.419800e-14 1 
    0.519297 1.267896e-02 1.410500e-14 1 
    0.519572 1.253401e-02 1.392900e-14 1 
    0.519847 1.241757e-02 1.378500e-14 1 
    0.520122 1.224224e-02 1.357600e-14 1 
    0.520397 1.211257e-02 1.341800e-14 1 
    0.520672 1.199886e-02 1.327800e-14 1 
    0.520947 1.246385e-02 1.377800e-14 1 
    0.521222 1.279939e-02 1.413400e-14 1 
    0.521497 1.248927e-02 1.377700e-14 1 
    0.521772 1.257323e-02 1.385500e-14 1 
    0.522047 1.274819e-02 1.403300e-14 1 
    0.522322 1.339820e-02 1.473300e-14 1 
    0.522597 1.292254e-02 1.419500e-14 1 
    0.522872 1.255431e-02 1.377600e-14 1 
    0.523147 1.266604e-02 1.388400e-14 1 
    0.523422 1.293963e-02 1.416900e-14 1 
    0.523697 1.282433e-02 1.402800e-14 1 
    0.523972 1.260535e-02 1.377400e-14 1 
    0.524247 1.281739e-02 1.399100e-14 1 
    0.524522 1.280607e-02 1.396400e-14 1 
    0.524797 1.263223e-02 1.376000e-14 1 
    0.525072 1.254162e-02 1.364700e-14 1 
    0.525347 1.276451e-02 1.387500e-14 1 
    0.525622 1.305324e-02 1.417400e-14 1 
    0.525897 1.339325e-02 1.452800e-14 1 
    0.526172 1.299567e-02 1.408200e-14 1 
    0.526447 1.279493e-02 1.385000e-14 1 
    0.526722 1.292205e-02 1.397300e-14 1 
    0.526997 1.279390e-02 1.382000e-14 1 
    0.527272 1.274980e-02 1.375800e-14 1 
    0.527547 1.277331e-02 1.376900e-14 1 
    0.527822 1.262690e-02 1.359700e-14 1 
    0.528097 1.271443e-02 1.367700e-14 1 
    0.528372 1.239918e-02 1.332400e-14 1 
    0.528647 1.275211e-02 1.368900e-14 1 
    0.528922 1.255556e-02 1.346400e-14 1 
    0.529197 1.302790e-02 1.395600e-14 1 
    0.529472 1.260318e-02 1.348700e-14 1 
    0.529747 1.279120e-02 1.367400e-14 1 
    0.530022 1.270429e-02 1.356700e-14 1 
    0.530297 1.277841e-02 1.363200e-14 1 
    0.530572 1.276257e-02 1.360100e-14 1 
    0.530847 1.271287e-02 1.353400e-14 1 
    0.531122 1.263014e-02 1.343200e-14 1 
    0.531397 1.262439e-02 1.341200e-14 1 
    0.531672 1.270907e-02 1.348800e-14 1 
    0.531947 1.272506e-02 1.349100e-14 1 
    0.532222 1.268723e-02 1.343700e-14 1 
    0.532497 1.282511e-02 1.356900e-14 1 
    0.532772 1.307016e-02 1.381400e-14 1 
    0.533047 1.320773e-02 1.394500e-14 1 
    0.533322 1.278618e-02 1.348600e-14 1 
    0.533597 1.242259e-02 1.308900e-14 1 
    0.533872 1.225393e-02 1.289800e-14 1 
    0.534147 1.164172e-02 1.224100e-14 1 
    0.534422 1.214972e-02 1.276200e-14 1 
    0.534697 1.194303e-02 1.253200e-14 1 
    0.534972 1.206503e-02 1.264700e-14 1 
    0.535247 1.238398e-02 1.296800e-14 1 
    0.535522 1.229347e-02 1.286000e-14 1 
    0.535797 1.318551e-02 1.377900e-14 1 
    0.536072 1.274500e-02 1.330500e-14 1 
    0.536347 1.310328e-02 1.366500e-14 1 
    0.536622 1.350931e-02 1.407400e-14 1 
    0.536897 1.370765e-02 1.426600e-14 1 
    0.537172 1.307149e-02 1.359000e-14 1 
    0.537447 1.361924e-02 1.414500e-14 1 
    0.537722 1.334500e-02 1.384600e-14 1 
    0.537997 1.331524e-02 1.380100e-14 1 
    0.538272 1.309127e-02 1.355500e-14 1 
    0.538547 1.315106e-02 1.360300e-14 1 
    0.538822 1.301642e-02 1.345000e-14 1 
    0.539097 1.325253e-02 1.368000e-14 1 
    0.539372 1.293440e-02 1.333800e-14 1 
    0.539647 1.287673e-02 1.326500e-14 1 
    0.539922 1.315222e-02 1.353500e-14 1 
    0.540197 1.320161e-02 1.357200e-14 1 
    0.540472 1.322382e-02 1.358100e-14 1 
    0.540747 1.311057e-02 1.345100e-14 1 
    0.541022 1.384201e-02 1.418700e-14 1 
    0.541297 1.336482e-02 1.368400e-14 1 
    0.541572 1.375089e-02 1.406500e-14 1 
    0.541847 1.326477e-02 1.355400e-14 1 
    0.542122 1.374749e-02 1.403300e-14 1 
    0.542397 1.345646e-02 1.372200e-14 1 
    0.542672 1.367232e-02 1.392800e-14 1 
    0.542947 1.345625e-02 1.369400e-14 1 
    0.543222 1.324070e-02 1.346100e-14 1 
    0.543497 1.278739e-02 1.298700e-14 1 
    0.543772 1.301323e-02 1.320300e-14 1 
    0.544047 1.285768e-02 1.303200e-14 1 
    0.544322 1.281933e-02 1.298000e-14 1 
    0.544597 1.251889e-02 1.266300e-14 1 
    0.544872 1.273144e-02 1.286500e-14 1 
    0.545147 1.312866e-02 1.325300e-14 1 
    0.545422 1.301498e-02 1.312500e-14 1 
    0.545697 1.407730e-02 1.418200e-14 1 
    0.545972 1.431804e-02 1.441000e-14 1 
    0.546247 1.393263e-02 1.400800e-14 1 
    0.546522 1.429114e-02 1.435400e-14 1 
    0.546797 1.422181e-02 1.427000e-14 1 
    0.547072 1.449950e-02 1.453400e-14 1 
    0.547347 1.410264e-02 1.412200e-14 1 
    0.547622 1.462763e-02 1.463300e-14 1 
    0.547897 1.392587e-02 1.391700e-14 1 
    0.548172 1.474617e-02 1.472200e-14 1 
    0.548447 1.479205e-02 1.475300e-14 1 
    0.548722 1.494339e-02 1.488900e-14 1 
    0.548997 1.495937e-02 1.489000e-14 1 
    0.549272 1.448762e-02 1.440600e-14 1 
    0.549547 1.460481e-02 1.450800e-14 1 
    0.549822 1.467687e-02 1.456500e-14 1 
    0.550097 1.470971e-02 1.458300e-14 1 
    0.550372 1.406105e-02 1.392600e-14 1 
    0.550647 1.384062e-02 1.369400e-14 1 
    0.550922 1.406084e-02 1.389800e-14 1 
    0.551197 1.385006e-02 1.367600e-14 1 
    0.551472 1.378481e-02 1.359800e-14 1 
    0.551747 1.444293e-02 1.423300e-14 1 
    0.552022 1.436185e-02 1.413900e-14 1 
    0.552297 1.446563e-02 1.422700e-14 1 
    0.552572 1.490039e-02 1.464000e-14 1 
    0.552847 1.483881e-02 1.456500e-14 1 
    0.553122 1.467817e-02 1.439300e-14 1 
    0.553397 1.444777e-02 1.415300e-14 1 
    0.553672 1.462972e-02 1.431700e-14 1 
    0.553947 1.512500e-02 1.478700e-14 1 
    0.554222 1.480521e-02 1.446000e-14 1 
    0.554497 1.472459e-02 1.436700e-14 1 
    0.554772 1.393899e-02 1.358700e-14 1 
    0.555047 1.445087e-02 1.407200e-14 1 
    0.555322 1.441072e-02 1.401900e-14 1 
    0.555597 1.477895e-02 1.436300e-14 1 
    0.555872 1.448563e-02 1.406400e-14 1 
    0.556147 1.469585e-02 1.425400e-14 1 
    0.556422 1.466085e-02 1.420600e-14 1 
    0.556697 1.437680e-02 1.391700e-14 1 
    0.556972 1.481497e-02 1.432700e-14 1 
    0.557247 1.372724e-02 1.326200e-14 1 
    0.557522 1.336780e-02 1.290200e-14 1 
    0.557797 1.398667e-02 1.348600e-14 1 
    0.558072 1.419356e-02 1.367200e-14 1 
    0.558347 1.430004e-02 1.376100e-14 1 
    0.558622 1.442751e-02 1.387000e-14 1 
    0.558897 1.374202e-02 1.319800e-14 1 
    0.559172 1.469565e-02 1.410000e-14 1 
    0.559447 1.433140e-02 1.373700e-14 1 
    0.559722 1.477678e-02 1.415000e-14 1 
    0.559997 1.508505e-02 1.443100e-14 1 
    0.560272 1.529135e-02 1.461400e-14 1 
    0.560547 1.484552e-02 1.417400e-14 1 
    0.560822 1.498799e-02 1.429600e-14 1 
    0.561097 1.491454e-02 1.421200e-14 1 
    0.561372 1.546280e-02 1.472000e-14 1 
    0.561647 1.536965e-02 1.461700e-14 1 
    0.561922 1.486476e-02 1.412300e-14 1 
    0.562197 1.490881e-02 1.415100e-14 1 
    0.562472 1.534629e-02 1.455200e-14 1 
    0.562747 1.507417e-02 1.428000e-14 1 
    0.563022 1.441371e-02 1.364100e-14 1 
    0.563297 1.490586e-02 1.409300e-14 1 
    0.563572 1.490242e-02 1.407600e-14 1 
    0.563847 1.519356e-02 1.433700e-14 1 
    0.564122 1.505882e-02 1.419600e-14 1 
    0.564397 1.556831e-02 1.466200e-14 1 
    0.564672 1.523168e-02 1.433100e-14 1 
    0.564947 1.506991e-02 1.416500e-14 1 
    0.565222 1.506329e-02 1.414500e-14 1 
    0.565497 1.497668e-02 1.405000e-14 1 
    0.565772 1.452391e-02 1.361200e-14 1 
    0.566047 1.489155e-02 1.394300e-14 1 
    0.566322 1.502469e-02 1.405400e-14 1 
    0.566597 1.540419e-02 1.439500e-14 1 
    0.566872 1.524027e-02 1.422800e-14 1 
    0.567147 1.531403e-02 1.428300e-14 1 
    0.567422 1.501872e-02 1.399400e-14 1 
    0.567697 1.551670e-02 1.444400e-14 1 
    0.567972 1.516399e-02 1.410200e-14 1 
    0.568247 1.582233e-02 1.470000e-14 1 
    0.568522 1.522353e-02 1.413000e-14 1 
    0.568797 1.560817e-02 1.447300e-14 1 
    0.569072 1.542896e-02 1.429300e-14 1 
    0.569347 1.523966e-02 1.410400e-14 1 
    0.569622 1.523491e-02 1.408600e-14 1 
    0.569897 1.548455e-02 1.430300e-14 1 
    0.570172 1.539872e-02 1.421000e-14 1 
    0.570447 1.568475e-02 1.446000e-14 1 
    0.570722 1.567817e-02 1.444000e-14 1 
    0.570997 1.537159e-02 1.414400e-14 1 
    0.571272 1.541250e-02 1.416800e-14 1 
    0.571547 1.545021e-02 1.418900e-14 1 
    0.571822 1.510214e-02 1.385600e-14 1 
    0.572097 1.491702e-02 1.367300e-14 1 
    0.572372 1.543042e-02 1.413000e-14 1 
    0.572647 1.617324e-02 1.479600e-14 1 
    0.572922 1.625990e-02 1.486100e-14 1 
    0.573197 1.605209e-02 1.465700e-14 1 
    0.573472 1.599734e-02 1.459300e-14 1 
    0.573747 1.527421e-02 1.392000e-14 1 
    0.574022 1.619499e-02 1.474500e-14 1 
    0.574297 1.597194e-02 1.452800e-14 1 
    0.574572 1.635369e-02 1.486100e-14 1 
    0.574847 1.602568e-02 1.454900e-14 1 
    0.575122 1.535523e-02 1.392700e-14 1 
    0.575397 1.553325e-02 1.407500e-14 1 
    0.575672 1.531833e-02 1.386700e-14 1 
    0.575947 1.535398e-02 1.388600e-14 1 
    0.576222 1.572392e-02 1.420700e-14 1 
    0.576497 1.611116e-02 1.454300e-14 1 
    0.576772 1.605557e-02 1.447900e-14 1 
    0.577047 1.547928e-02 1.394600e-14 1 
    0.577322 1.552737e-02 1.397600e-14 1 
    0.577597 1.569118e-02 1.411000e-14 1 
    0.577872 1.526644e-02 1.371500e-14 1 
    0.578147 1.539128e-02 1.381400e-14 1 
    0.578422 1.461522e-02 1.310500e-14 1 
    0.578697 1.561816e-02 1.399100e-14 1 
    0.578972 1.647886e-02 1.474800e-14 1 
    0.579247 1.615563e-02 1.444500e-14 1 
    0.579522 1.594484e-02 1.424300e-14 1 
    0.579797 1.555770e-02 1.388400e-14 1 
    0.580072 1.601886e-02 1.428200e-14 1 
    0.580347 1.609580e-02 1.433700e-14 1 
    0.580622 1.565032e-02 1.392700e-14 1 
    0.580897 1.591598e-02 1.415000e-14 1 
    0.581172 1.604702e-02 1.425300e-14 1 
    0.581447 1.610165e-02 1.428800e-14 1 
    0.581722 1.633234e-02 1.447900e-14 1 
    0.581997 1.593680e-02 1.411500e-14 1 
    0.582272 1.618467e-02 1.432100e-14 1 
    0.582547 1.586513e-02 1.402500e-14 1 
    0.582822 1.603750e-02 1.416400e-14 1 
    0.583097 1.615463e-02 1.425400e-14 1 
    0.583372 1.577510e-02 1.390600e-14 1 
    0.583647 1.553222e-02 1.367900e-14 1 
    0.583922 1.578440e-02 1.388800e-14 1 
    0.584197 1.559564e-02 1.370900e-14 1 
    0.584472 1.602481e-02 1.407300e-14 1 
    0.584747 1.587463e-02 1.392800e-14 1 
    0.585022 1.547088e-02 1.356100e-14 1 
    0.585297 1.585997e-02 1.388900e-14 1 
    0.585572 1.611147e-02 1.409600e-14 1 
    0.585847 1.635885e-02 1.429900e-14 1 
    0.586122 1.598487e-02 1.395900e-14 1 
    0.586397 1.631623e-02 1.423500e-14 1 
    0.586672 1.589213e-02 1.385200e-14 1 
    0.586947 1.589210e-02 1.383900e-14 1 
    0.587222 1.513802e-02 1.317000e-14 1 
    0.587497 1.546975e-02 1.344600e-14 1 
    0.587772 1.526428e-02 1.325500e-14 1 
    0.588047 1.602895e-02 1.390600e-14 1 
    0.588322 1.610394e-02 1.395800e-14 1 
    0.588597 1.591575e-02 1.378200e-14 1 
    0.588872 1.552375e-02 1.343000e-14 1 
    0.589147 1.592237e-02 1.376200e-14 1 
    0.589422 1.575658e-02 1.360600e-14 1 
    0.589697 1.542470e-02 1.330700e-14 1 
    0.589972 1.651694e-02 1.423600e-14 1 
    0.590247 1.561026e-02 1.344200e-14 1 
    0.590522 1.633038e-02 1.404900e-14 1 
    0.590797 1.590580e-02 1.367100e-14 1 
    0.591072 1.662633e-02 1.427700e-14 1 
    0.591347 1.656021e-02 1.420700e-14 1 
    0.591622 1.632478e-02 1.399200e-14 1 
    0.591897 1.618464e-02 1.385900e-14 1 
    0.592172 1.663217e-02 1.422900e-14 1 
    0.592447 1.709221e-02 1.460900e-14 1 
    0.592722 1.642184e-02 1.402300e-14 1 
    0.592997 1.607723e-02 1.371600e-14 1 
    0.593272 1.624232e-02 1.384400e-14 1 
    0.593547 1.663904e-02 1.416900e-14 1 
    0.593822 1.682489e-02 1.431400e-14 1 
    0.594097 1.681342e-02 1.429100e-14 1 
    0.594372 1.690554e-02 1.435600e-14 1 
    0.594647 1.656993e-02 1.405800e-14 1 
    0.594922 1.650976e-02 1.399400e-14 1 
    0.595197 1.731738e-02 1.466500e-14 1 
    0.595472 1.689252e-02 1.429200e-14 1 
    0.595747 1.686436e-02 1.425500e-14 1 
    0.596022 1.629378e-02 1.376000e-14 1 
    0.596297 1.675091e-02 1.413300e-14 1 
    0.596572 1.624675e-02 1.369500e-14 1 
    0.596847 1.590551e-02 1.339500e-14 1 
    0.597122 1.606873e-02 1.352000e-14 1 
    0.597397 1.540427e-02 1.294900e-14 1 
    0.597672 1.558872e-02 1.309200e-14 1 
    0.597947 1.583786e-02 1.328900e-14 1 
    0.598222 1.564964e-02 1.311900e-14 1 
    0.598497 1.567955e-02 1.313200e-14 1 
    0.598772 1.670621e-02 1.397900e-14 1 
    0.599047 1.600504e-02 1.338000e-14 1 
    0.599322 1.612150e-02 1.346500e-14 1 
    0.599597 1.694881e-02 1.414300e-14 1 
    0.599872 1.687320e-02 1.406700e-14 1 
    0.600147 1.698232e-02 1.414500e-14 1 
    0.600422 1.720818e-02 1.432000e-14 1 
    0.600697 1.646378e-02 1.368800e-14 1 
    0.600972 1.748893e-02 1.452700e-14 1 
    0.601247 1.708439e-02 1.417800e-14 1 
    0.601522 1.690223e-02 1.401400e-14 1 
    0.601797 1.676196e-02 1.388500e-14 1 
    0.602072 1.714219e-02 1.418700e-14 1 
    0.602347 1.695830e-02 1.402200e-14 1 
    0.602622 1.766983e-02 1.459700e-14 1 
    0.602897 1.781803e-02 1.470600e-14 1 
    0.603172 1.682530e-02 1.387400e-14 1 
    0.603447 1.671077e-02 1.376700e-14 1 
    0.603722 1.845121e-02 1.518700e-14 1 
    0.603997 1.715834e-02 1.411000e-14 1 
    0.604272 1.665060e-02 1.368000e-14 1 
    0.604547 1.730169e-02 1.420200e-14 1 
    0.604822 1.729060e-02 1.418000e-14 1 
    0.605097 1.652523e-02 1.354000e-14 1 
    0.605372 1.678335e-02 1.373900e-14 1 
    0.605647 1.708471e-02 1.397300e-14 1 
    0.605922 1.726789e-02 1.411000e-14 1 
    0.606197 1.714270e-02 1.399500e-14 1 
    0.606472 1.701359e-02 1.387700e-14 1 
    0.606747 1.786961e-02 1.456200e-14 1 
    0.607022 1.765981e-02 1.437800e-14 1 
    0.607297 1.787252e-02 1.453800e-14 1 
    0.607572 1.775335e-02 1.442800e-14 1 
    0.607847 1.736916e-02 1.410300e-14 1 
    0.608122 1.667484e-02 1.352700e-14 1 
    0.608397 1.644933e-02 1.333200e-14 1 
    0.608672 1.568002e-02 1.269700e-14 1 
    0.608947 1.457803e-02 1.179400e-14 1 
    0.609222 1.488317e-02 1.203000e-14 1 
    0.609497 1.551452e-02 1.252900e-14 1 
    0.609772 1.618169e-02 1.305600e-14 1 
    0.610047 1.581421e-02 1.274800e-14 1 
    0.610322 1.641577e-02 1.322100e-14 1 
    0.610597 1.757390e-02 1.414100e-14 1 
    0.610872 1.626127e-02 1.307300e-14 1 
    0.611147 1.740015e-02 1.397600e-14 1 
    0.611422 1.798778e-02 1.443500e-14 1 
    0.611697 1.643494e-02 1.317700e-14 1 
    0.611972 1.674808e-02 1.341600e-14 1 
    0.612247 1.771524e-02 1.417800e-14 1 
    0.612522 1.703457e-02 1.362100e-14 1 
    0.612797 1.710369e-02 1.366400e-14 1 
    0.613072 1.697497e-02 1.354900e-14 1 
    0.613347 1.720714e-02 1.372200e-14 1 
    0.613622 1.758028e-02 1.400700e-14 1 
    0.613897 1.725686e-02 1.373700e-14 1 
    0.614172 1.665370e-02 1.324500e-14 1 
    0.614447 1.678440e-02 1.333700e-14 1 
    0.614722 1.721006e-02 1.366300e-14 1 
    0.614997 1.820757e-02 1.444200e-14 1 
    0.615272 1.751848e-02 1.388300e-14 1 
    0.615547 1.729796e-02 1.369600e-14 1 
    0.615822 1.811488e-02 1.433000e-14 1 
    0.616097 1.725930e-02 1.364100e-14 1 
    0.616372 1.766602e-02 1.395000e-14 1 
    0.616647 1.737505e-02 1.370800e-14 1 
    0.616922 1.716474e-02 1.353000e-14 1 
    0.617197 1.759780e-02 1.385900e-14 1 
    0.617472 1.793248e-02 1.411000e-14 1 
    0.617747 1.735314e-02 1.364200e-14 1 
    0.618022 1.709868e-02 1.343000e-14 1 
    0.618297 1.779438e-02 1.396400e-14 1 
    0.618572 1.813162e-02 1.421600e-14 1 
    0.618847 1.783116e-02 1.396800e-14 1 
    0.619122 1.719410e-02 1.345700e-14 1 
    0.619397 1.745875e-02 1.365200e-14 1 
    0.619672 1.717474e-02 1.341800e-14 1 
    0.619947 1.780237e-02 1.389600e-14 1 
    0.620222 1.737963e-02 1.355400e-14 1 
    0.620497 1.771590e-02 1.380400e-14 1 
    0.620772 1.775858e-02 1.382500e-14 1 
    0.621047 1.695920e-02 1.319100e-14 1 
    0.621322 1.752369e-02 1.361800e-14 1 
    0.621597 1.772982e-02 1.376600e-14 1 
    0.621872 1.790794e-02 1.389200e-14 1 
    0.622147 1.697546e-02 1.315700e-14 1 
    0.622422 1.694140e-02 1.311900e-14 1 
    0.622697 1.768276e-02 1.368100e-14 1 
    0.622972 1.812012e-02 1.400700e-14 1 
    0.623247 1.909556e-02 1.474800e-14 1 
    0.623522 1.901003e-02 1.466900e-14 1 
    0.623797 1.794245e-02 1.383300e-14 1 
    0.624072 1.747663e-02 1.346200e-14 1 
    0.624347 1.834832e-02 1.412100e-14 1 
    0.624622 1.852965e-02 1.424800e-14 1 
    0.624897 1.818671e-02 1.397200e-14 1 
    0.625172 1.855057e-02 1.423900e-14 1 
    0.625447 1.883942e-02 1.444800e-14 1 
    0.625722 1.871374e-02 1.433900e-14 1 
    0.625997 1.865834e-02 1.428400e-14 1 
    0.626272 1.807073e-02 1.382200e-14 1 
    0.626547 1.779611e-02 1.360000e-14 1 
    0.626822 1.806581e-02 1.379400e-14 1 
    0.627097 1.805807e-02 1.377600e-14 1 
    0.627372 1.797551e-02 1.370100e-14 1 
    0.627647 1.818168e-02 1.384600e-14 1 
    0.627922 1.843682e-02 1.402800e-14 1 
    0.628197 1.781104e-02 1.354000e-14 1 
    0.628472 1.766206e-02 1.341500e-14 1 
    0.628747 1.787254e-02 1.356300e-14 1 
    0.629022 1.800688e-02 1.365300e-14 1 
    0.629297 1.824044e-02 1.381800e-14 1 
    0.629572 1.879808e-02 1.422800e-14 1 
    0.629847 1.833845e-02 1.386800e-14 1 
    0.630122 1.816256e-02 1.372300e-14 1 
    0.630397 1.750549e-02 1.321500e-14 1 
    0.630672 1.856949e-02 1.400600e-14 1 
    0.630947 1.893336e-02 1.426800e-14 1 
    0.631222 1.829509e-02 1.377500e-14 1 
    0.631497 1.849980e-02 1.391700e-14 1 
    0.631772 1.873012e-02 1.407800e-14 1 
    0.632047 1.803401e-02 1.354300e-14 1 
    0.632322 1.835092e-02 1.376900e-14 1 
    0.632597 1.874038e-02 1.404900e-14 1 
    0.632872 1.755243e-02 1.314700e-14 1 
    0.633147 1.765721e-02 1.321400e-14 1 
    0.633422 1.733152e-02 1.295900e-14 1 
    0.633697 1.782578e-02 1.331700e-14 1 
    0.633972 1.841064e-02 1.374200e-14 1 
    0.634247 1.752151e-02 1.306700e-14 1 
    0.634522 1.802790e-02 1.343300e-14 1 
    0.634797 1.815233e-02 1.351400e-14 1 
    0.635072 1.886849e-02 1.403500e-14 1 
    0.635347 1.851481e-02 1.376000e-14 1 
    0.635622 1.823725e-02 1.354200e-14 1 
    0.635897 1.761144e-02 1.306600e-14 1 
    0.636172 1.785737e-02 1.323700e-14 1 
    0.636447 1.728141e-02 1.279900e-14 1 
    0.636722 1.688418e-02 1.249400e-14 1 
    0.636997 1.773194e-02 1.311000e-14 1 
    0.637272 1.848909e-02 1.365800e-14 1 
    0.637547 1.791839e-02 1.322500e-14 1 
    0.637822 1.804640e-02 1.330800e-14 1 
    0.638097 1.773216e-02 1.306500e-14 1 
    0.638372 1.791045e-02 1.318500e-14 1 
    0.638647 1.884767e-02 1.386300e-14 1 
    0.638922 1.858088e-02 1.365500e-14 1 
    0.639197 1.897957e-02 1.393600e-14 1 
    0.639472 1.775141e-02 1.302300e-14 1 
    0.639747 1.776668e-02 1.302300e-14 1 
    0.640022 1.780927e-02 1.304300e-14 1 
    0.640297 1.820859e-02 1.332400e-14 1 
    0.640572 1.823244e-02 1.333000e-14 1 
    0.640847 1.886139e-02 1.377800e-14 1 
    0.641122 1.856519e-02 1.355000e-14 1 
    0.641397 1.911867e-02 1.394200e-14 1 
    0.641672 1.928604e-02 1.405200e-14 1 
    0.641947 1.816107e-02 1.322100e-14 1 
    0.642222 1.785492e-02 1.298700e-14 1 
    0.642497 1.819083e-02 1.322000e-14 1 
    0.642772 1.834550e-02 1.332100e-14 1 
    0.643047 1.837223e-02 1.332900e-14 1 
    0.643322 1.828448e-02 1.325400e-14 1 
    0.643597 1.835672e-02 1.329500e-14 1 
    0.643872 1.811952e-02 1.311200e-14 1 
    0.644147 1.864121e-02 1.347800e-14 1 
    0.644422 1.857269e-02 1.341700e-14 1 
    0.644697 1.801359e-02 1.300200e-14 1 
    0.644972 1.759356e-02 1.268800e-14 1 
    0.645247 1.793609e-02 1.292400e-14 1 
    0.645522 1.778470e-02 1.280400e-14 1 
    0.645797 1.741617e-02 1.252800e-14 1 
    0.646072 1.812947e-02 1.303000e-14 1 
    0.646347 1.792070e-02 1.286900e-14 1 
    0.646622 1.841540e-02 1.321300e-14 1 
    0.646897 1.739604e-02 1.247100e-14 1 
    0.647172 1.701573e-02 1.218800e-14 1 
    0.647447 1.809074e-02 1.294700e-14 1 
    0.647722 1.947802e-02 1.392800e-14 1 
    0.647997 1.876674e-02 1.340800e-14 1 
    0.648272 1.864398e-02 1.330900e-14 1 
    0.648547 1.850558e-02 1.319900e-14 1 
    0.648822 1.805540e-02 1.286700e-14 1 
    0.649097 1.781230e-02 1.268300e-14 1 
    0.649372 1.832639e-02 1.303800e-14 1 
    0.649647 1.995833e-02 1.418700e-14 1 
    0.649922 2.000621e-02 1.420900e-14 1 
    0.650197 1.965957e-02 1.395100e-14 1 
    0.650472 1.905564e-02 1.351100e-14 1 
    0.650747 2.033652e-02 1.440700e-14 1 
    0.651022 1.989033e-02 1.407900e-14 1 
    0.651297 2.120373e-02 1.499600e-14 1 
    0.651572 1.963526e-02 1.387500e-14 1 
    0.651847 2.024104e-02 1.429100e-14 1 
    0.652122 1.904187e-02 1.343300e-14 1 
    0.652397 1.900402e-02 1.339500e-14 1 
    0.652672 1.870340e-02 1.317200e-14 1 
    0.652947 1.999960e-02 1.407300e-14 1 
    0.653222 1.953428e-02 1.373400e-14 1 
    0.653497 1.946532e-02 1.367400e-14 1 
    0.653772 1.888047e-02 1.325200e-14 1 
    0.654047 1.993728e-02 1.398200e-14 1 
    0.654322 1.786331e-02 1.251700e-14 1 
    0.654597 1.853536e-02 1.297700e-14 1 
    0.654872 1.897980e-02 1.327700e-14 1 
    0.655147 1.893708e-02 1.323600e-14 1 
    0.655422 1.902028e-02 1.328300e-14 1 
    0.655697 1.845583e-02 1.287800e-14 1 
    0.655972 1.848136e-02 1.288500e-14 1 
    0.656247 1.835330e-02 1.278500e-14 1 
    0.656522 1.847644e-02 1.286000e-14 1 
    0.656797 1.956175e-02 1.360400e-14 1 
    0.657072 1.956374e-02 1.359400e-14 1 
    0.657347 1.853587e-02 1.286900e-14 1 
    0.657622 1.905593e-02 1.321900e-14 1 
    0.657897 1.889873e-02 1.309900e-14 1 
    0.658172 1.857232e-02 1.286200e-14 1 
    0.658447 1.972664e-02 1.365000e-14 1 
    0.658722 1.967948e-02 1.360600e-14 1 
    0.658997 1.958300e-02 1.352800e-14 1 
    0.659272 1.885756e-02 1.301600e-14 1 
    0.659547 1.961860e-02 1.353000e-14 1 
    0.659822 1.924604e-02 1.326200e-14 1 
    0.660097 2.027298e-02 1.395800e-14 1 
    0.660372 2.017794e-02 1.388100e-14 1 
    0.660647 1.935239e-02 1.330200e-14 1 
    0.660922 1.866814e-02 1.282100e-14 1 
    0.661197 1.920684e-02 1.318000e-14 1 
    0.661472 2.002207e-02 1.372800e-14 1 
    0.661747 2.073646e-02 1.420600e-14 1 
    0.662022 2.099328e-02 1.437000e-14 1 
    0.662297 1.997554e-02 1.366200e-14 1 
    0.662572 1.995555e-02 1.363700e-14 1 
    0.662847 1.992672e-02 1.360600e-14 1 
    0.663122 1.962519e-02 1.338900e-14 1 
    0.663397 1.901653e-02 1.296300e-14 1 
    0.663672 1.960490e-02 1.335300e-14 1 
    0.663947 1.984303e-02 1.350400e-14 1 
    0.664222 1.942711e-02 1.321000e-14 1 
    0.664497 1.970960e-02 1.339100e-14 1 
    0.664772 1.982756e-02 1.346000e-14 1 
    0.665047 2.004447e-02 1.359600e-14 1 
    0.665322 2.037829e-02 1.381100e-14 1 
    0.665597 2.019430e-02 1.367500e-14 1 
    0.665872 1.994348e-02 1.349400e-14 1 
    0.666147 2.019958e-02 1.365600e-14 1 
    0.666422 1.938725e-02 1.309600e-14 1 
    0.666697 1.968920e-02 1.328900e-14 1 
    0.666972 2.011174e-02 1.356300e-14 1 
    0.667247 1.943824e-02 1.309800e-14 1 
    0.667522 1.975727e-02 1.330200e-14 1 
    0.667797 2.011099e-02 1.352900e-14 1 
    0.668072 1.968570e-02 1.323200e-14 1 
    0.668347 2.011286e-02 1.350800e-14 1 
    0.668622 1.961381e-02 1.316200e-14 1 
    0.668897 1.927947e-02 1.292700e-14 1 
    0.669172 1.898784e-02 1.272100e-14 1 
    0.669447 1.894071e-02 1.267900e-14 1 
    0.669722 1.990416e-02 1.331300e-14 1 
    0.669997 1.989358e-02 1.329500e-14 1 
    0.670272 1.916563e-02 1.279800e-14 1 
    0.670547 1.895204e-02 1.264500e-14 1 
    0.670822 1.971910e-02 1.314600e-14 1 
    0.671097 2.018414e-02 1.344500e-14 1 
    0.671372 2.052071e-02 1.365800e-14 1 
    0.671647 2.039768e-02 1.356500e-14 1 
    0.671922 2.034215e-02 1.351700e-14 1 
    0.672197 2.018559e-02 1.340200e-14 1 
    0.672472 2.020965e-02 1.340700e-14 1 
    0.672747 1.910678e-02 1.266500e-14 1 
    0.673022 2.054771e-02 1.360900e-14 1 
    0.673297 2.121277e-02 1.403800e-14 1 
    0.673572 2.096393e-02 1.386200e-14 1 
    0.673847 2.003356e-02 1.323600e-14 1 
    0.674122 2.033924e-02 1.342700e-14 1 
    0.674397 2.110325e-02 1.392000e-14 1 
    0.674672 2.072293e-02 1.365800e-14 1 
    0.674947 2.043917e-02 1.346000e-14 1 
    0.675222 1.998774e-02 1.315200e-14 1 
    0.675497 2.065045e-02 1.357700e-14 1 
    0.675772 2.287145e-02 1.502500e-14 1 
    0.676047 2.457349e-02 1.613000e-14 1 
    0.676322 2.657866e-02 1.743200e-14 1 
    0.676597 2.626152e-02 1.721000e-14 1 
    0.676872 2.735037e-02 1.790900e-14 1 
    0.677147 3.659054e-02 2.394000e-14 1 
    0.677422 5.284240e-02 3.454500e-14 1 
    0.677697 6.338277e-02 4.140200e-14 1 
    0.677972 5.704208e-02 3.723000e-14 1 
    0.678247 4.326019e-02 2.821200e-14 1 
    0.678522 3.853635e-02 2.511100e-14 1 
    0.678797 3.515793e-02 2.289100e-14 1 
    0.679072 3.343718e-02 2.175300e-14 1 
    0.679347 3.325197e-02 2.161500e-14 1 
    0.679622 3.667991e-02 2.382400e-14 1 
    0.679897 3.804091e-02 2.468800e-14 1 
    0.680172 3.690585e-02 2.393200e-14 1 
    0.680447 3.306650e-02 2.142500e-14 1 
    0.680722 3.135091e-02 2.029700e-14 1 
    0.680997 3.038535e-02 1.965600e-14 1 
    0.681272 2.817743e-02 1.821300e-14 1 
    0.681547 2.434633e-02 1.572400e-14 1 
    0.681822 2.146512e-02 1.385200e-14 1 
    0.682097 2.068374e-02 1.333700e-14 1 
    0.682372 2.194677e-02 1.414000e-14 1 
    0.682647 2.144098e-02 1.380300e-14 1 
    0.682922 2.096545e-02 1.348600e-14 1 
    0.683912 2.024983e-02 1.298800e-14 0 
    0.685488 2.058135e-02 1.314000e-14 0 
    0.687068 2.082110e-02 1.323200e-14 0 
    0.688652 2.082237e-02 1.317200e-14 0 
    0.690240 2.101697e-02 1.323400e-14 0 
    0.691831 2.087466e-02 1.308400e-14 0 
    0.693426 2.102070e-02 1.311500e-14 0 
    0.695024 2.003082e-02 1.244000e-14 0 
    0.696626 2.097576e-02 1.296700e-14 0 
    0.698233 2.064362e-02 1.270300e-14 0 
    0.699842 2.127109e-02 1.302900e-14 0 
    0.701455 2.166940e-02 1.321200e-14 0 
    0.703072 2.098347e-02 1.273500e-14 0 
    0.704693 2.137499e-02 1.291300e-14 0 
    0.706318 2.167490e-02 1.303400e-14 0 
    0.707946 2.079594e-02 1.244800e-14 0 
    0.709578 2.099095e-02 1.250700e-14 0 
    0.711214 2.128513e-02 1.262400e-14 0 
    0.712853 2.163235e-02 1.277100e-14 0 
    0.714496 2.173388e-02 1.277200e-14 0 
    0.716143 2.163589e-02 1.265600e-14 0 
    0.717794 2.234717e-02 1.301200e-14 0 
    0.719449 2.219498e-02 1.286400e-14 0 
    0.721108 2.308266e-02 1.331700e-14 0 
    0.722770 2.313868e-02 1.328800e-14 0 
    0.724436 2.261396e-02 1.292700e-14 0 
    0.726106 2.220341e-02 1.263400e-14 0 
    0.727780 2.325224e-02 1.317000e-14 0 
    0.729457 2.429425e-02 1.369700e-14 0 
    0.731139 2.226104e-02 1.249300e-14 0 
    0.732825 2.283283e-02 1.275500e-14 0 
    0.734514 2.231597e-02 1.240900e-14 0 
    0.736207 2.226720e-02 1.232500e-14 0 
    0.737904 2.126645e-02 1.171700e-14 0 
    0.739605 2.161441e-02 1.185400e-14 0 
    0.741310 2.151634e-02 1.174600e-14 0 
    0.743019 2.171688e-02 1.180100e-14 0 
    0.744732 2.217394e-02 1.199400e-14 0 
    0.746449 2.300807e-02 1.238800e-14 0 
    0.748170 2.349306e-02 1.259100e-14 0 
    0.749894 2.398572e-02 1.279600e-14 0 
    0.751623 2.338840e-02 1.242000e-14 0 
    0.753356 2.360799e-02 1.247900e-14 0 
    0.755092 2.466529e-02 1.297800e-14 0 
    0.756833 2.478107e-02 1.297900e-14 0 
    0.758578 2.478422e-02 1.292100e-14 0 
    0.760326 2.542272e-02 1.319300e-14 0 
    0.762079 2.490318e-02 1.286400e-14 0 
    0.763836 2.578051e-02 1.325600e-14 0 
    0.765597 2.584286e-02 1.322700e-14 0 
    0.767361 2.508274e-02 1.277900e-14 0 
    0.769130 2.602671e-02 1.319900e-14 0 
    0.770904 2.639057e-02 1.332200e-14 0 
    0.772681 2.676114e-02 1.344700e-14 0 
    0.774462 2.664073e-02 1.332500e-14 0 
    0.776247 2.707500e-02 1.348000e-14 0 
    0.778037 2.745426e-02 1.360600e-14 0 
    0.779830 2.764783e-02 1.363900e-14 0 
    0.781628 2.739669e-02 1.345300e-14 0 
    0.783430 2.689917e-02 1.314800e-14 0 
    0.785236 2.671709e-02 1.299900e-14 0 
    0.787046 2.647493e-02 1.282200e-14 0 
    0.788860 2.678380e-02 1.291200e-14 0 
    0.790679 2.690954e-02 1.291300e-14 0 
    0.792501 2.570013e-02 1.227600e-14 0 
    0.794328 2.636348e-02 1.253500e-14 0 
    0.796159 2.606259e-02 1.233500e-14 0 
    0.797995 2.606618e-02 1.228000e-14 0 
    0.799834 2.655324e-02 1.245200e-14 0 
    0.801678 2.536045e-02 1.183800e-14 0 
    0.803526 2.668057e-02 1.239700e-14 0 
    0.805378 2.680587e-02 1.239800e-14 0 
    0.807235 2.681016e-02 1.234300e-14 0 
    0.809096 2.769112e-02 1.269000e-14 0 
    0.810961 2.718757e-02 1.240200e-14 0 
    0.812831 2.763244e-02 1.254700e-14 0 
    0.814704 2.750771e-02 1.243300e-14 0 
    0.816582 2.802142e-02 1.260700e-14 0 
    0.818465 2.713704e-02 1.215300e-14 0 
    0.820352 2.745299e-02 1.223800e-14 0 
    0.822243 2.670755e-02 1.185100e-14 0 
    0.824138 2.777716e-02 1.226900e-14 0 
    0.826038 2.855815e-02 1.255600e-14 0 
    0.827942 2.810272e-02 1.229900e-14 0 
    0.829851 2.929528e-02 1.276200e-14 0 
    0.831764 2.998166e-02 1.300100e-14 0 
    0.833681 2.998565e-02 1.294300e-14 0 
    0.835603 2.916982e-02 1.253300e-14 0 
    0.837529 2.818212e-02 1.205300e-14 0 
    0.839460 2.992596e-02 1.274000e-14 0 
    0.841395 2.979035e-02 1.262400e-14 0 
    0.843335 2.945137e-02 1.242300e-14 0 
    0.845279 2.979689e-02 1.251100e-14 0 
    0.847227 2.845812e-02 1.189400e-14 0 
    0.849180 3.056771e-02 1.271700e-14 0 
    0.851138 2.994335e-02 1.240000e-14 0 
    0.853100 3.092821e-02 1.274900e-14 0 
    0.855067 3.165103e-02 1.298700e-14 0 
    0.857038 3.036971e-02 1.240400e-14 0 
    0.859014 3.065257e-02 1.246200e-14 0 
    0.860994 2.995884e-02 1.212400e-14 0 
    0.862979 3.003011e-02 1.209700e-14 0 
    0.864968 3.123358e-02 1.252400e-14 0 
    0.866962 3.031547e-02 1.210000e-14 0 
    0.868960 3.073977e-02 1.221300e-14 0 
    0.870964 3.160490e-02 1.249900e-14 0 
    0.872971 2.909361e-02 1.145300e-14 0 
    0.874984 3.082038e-02 1.207700e-14 0 
    0.877001 3.168818e-02 1.236000e-14 0 
    0.879023 3.075788e-02 1.194200e-14 0 
    0.881049 2.978461e-02 1.151100e-14 0 
    0.883080 3.083449e-02 1.186200e-14 0 
    0.885116 3.162970e-02 1.211200e-14 0 
    0.887156 3.192519e-02 1.216900e-14 0 
    0.889201 3.141892e-02 1.192100e-14 0 
    0.891251 3.127800e-02 1.181300e-14 0 
    0.893305 3.230545e-02 1.214500e-14 0 
    0.895365 3.142847e-02 1.176100e-14 0 
    0.897429 3.071715e-02 1.144200e-14 0 
    0.899498 3.150623e-02 1.168200e-14 0 
    0.901571 3.209596e-02 1.184600e-14 0 
    0.903650 3.315056e-02 1.217900e-14 0 
    0.905733 3.115698e-02 1.139400e-14 0 
    0.907820 3.233090e-02 1.176900e-14 0 
    0.909913 3.308731e-02 1.198900e-14 0 
    0.912011 3.417442e-02 1.232600e-14 0 
    0.914113 3.409816e-02 1.224200e-14 0 
    0.916220 3.371268e-02 1.204800e-14 0 
    0.918333 3.197647e-02 1.137500e-14 0 
    0.920450 3.341186e-02 1.183100e-14 0 
    0.922571 3.388094e-02 1.194200e-14 0 
    0.924698 3.459314e-02 1.213700e-14 0 
    0.926830 3.334692e-02 1.164600e-14 0 
    0.928966 3.342601e-02 1.162000e-14 0 
    0.931108 3.312373e-02 1.146200e-14 0 
    0.933254 3.084370e-02 1.062400e-14 0 
    0.935406 3.632643e-02 1.245500e-14 0 
    0.937562 3.493821e-02 1.192400e-14 0 
    0.939723 3.313902e-02 1.125800e-14 0 
    0.941890 3.510480e-02 1.187100e-14 0 
    0.944061 3.651159e-02 1.229000e-14 0 
    0.946237 3.479088e-02 1.165700e-14 0 
    0.948418 3.520030e-02 1.174000e-14 0 
    0.950605 3.520318e-02 1.168700e-14 0 
    0.952796 3.472412e-02 1.147500e-14 0 
    0.954993 3.331882e-02 1.096000e-14 0 
    0.957194 3.537833e-02 1.158400e-14 0 
    0.959401 3.671062e-02 1.196500e-14 0 
    0.961612 3.546832e-02 1.150700e-14 0 
    0.963829 3.731658e-02 1.205100e-14 0 
    0.966051 3.749194e-02 1.205200e-14 0 
    0.968278 3.706809e-02 1.186100e-14 0 
    0.970510 3.776035e-02 1.202700e-14 0 
    0.972747 3.716187e-02 1.178200e-14 0 
    0.974990 3.864845e-02 1.219700e-14 0 
    0.977237 3.829837e-02 1.203100e-14 0 
    0.979490 3.955929e-02 1.237000e-14 0 
    0.981748 3.974510e-02 1.237100e-14 0 
    0.984011 3.866656e-02 1.198000e-14 0 
    0.986279 3.744425e-02 1.154800e-14 0 
    0.988553 3.921327e-02 1.203800e-14 0 
    0.990832 4.031712e-02 1.232000e-14 0 
    0.993116 3.995418e-02 1.215300e-14 0 
    0.995405 4.041930e-02 1.223800e-14 0 
    0.997700 4.014802e-02 1.210000e-14 0 
    1.000000 4.024334e-02 1.207300e-14 0 
    1.002305 4.099835e-02 1.224300e-14 0 
    1.004615 4.044070e-02 1.202100e-14 0 
    1.006931 4.007310e-02 1.185700e-14 0 
    1.009253 4.045167e-02 1.191400e-14 0 
    1.011580 4.027003e-02 1.180600e-14 0 
    1.013912 4.140170e-02 1.208200e-14 0 
    1.016249 4.121753e-02 1.197300e-14 0 
    1.018591 4.169824e-02 1.205700e-14 0 
    1.020939 4.160927e-02 1.197600e-14 0 
    1.023294 4.180495e-02 1.197700e-14 0 
    1.025652 4.229588e-02 1.206200e-14 0 
    1.028017 4.269196e-02 1.211900e-14 0 
    1.030386 4.299513e-02 1.214900e-14 0 
    1.032761 4.309756e-02 1.212200e-14 0 
    1.035142 4.360368e-02 1.220800e-14 0 
    1.042318 4.351864e-02 1.201700e-14 0 
    1.047129 4.579262e-02 1.252900e-14 0 
    1.051962 4.612040e-02 1.250300e-14 0 
    1.056818 4.742578e-02 1.273900e-14 0 
    1.061696 4.854092e-02 1.291900e-14 0 
    1.064143 4.888572e-02 1.295100e-14 0 
    1.086425 4.901079e-02 1.245700e-14 0 
    1.106624 4.811927e-02 1.178800e-14 0 
    1.127198 4.923903e-02 1.162600e-14 0 
    1.148154 4.734742e-02 1.077500e-14 0 
    1.166809 4.981067e-02 1.097600e-14 0 
    1.188502 5.275825e-02 1.120500e-14 0 
    1.210599 5.386385e-02 1.102600e-14 0 
    1.230269 5.155696e-02 1.021900e-14 0 
    1.250259 5.423601e-02 1.040900e-14 0 
    1.270574 5.588371e-02 1.038500e-14 0 
    1.291219 5.550153e-02 9.986800e-15 0 
    1.312200 5.627355e-02 9.804500e-15 0 
    1.333521 5.745202e-02 9.692300e-15 0 
    1.355189 5.879001e-02 9.603400e-15 0 
    1.374042 5.811741e-02 9.234800e-15 0 
    1.396368 5.825157e-02 8.962500e-15 0 
    1.415794 5.892616e-02 8.819200e-15 0 
    1.435490 5.745247e-02 8.364300e-15 0 
    1.458814 5.550184e-02 7.824000e-15 0 
    1.479109 5.666380e-02 7.770100e-15 0 
    1.499685 5.933456e-02 7.914600e-15 0 
    1.520548 5.838584e-02 7.575800e-15 0 
    1.541701 6.198804e-02 7.824000e-15 0 
    1.559552 6.475982e-02 7.987800e-15 0 
    1.581248 6.875534e-02 8.249500e-15 0 
    1.603245 7.019491e-02 8.192700e-15 0 
    1.621810 7.003351e-02 7.987800e-15 0 
    1.644372 6.875538e-02 7.628300e-15 0 
    1.663413 7.003317e-02 7.593200e-15 0 
    1.686554 7.216121e-02 7.610700e-15 0 
    1.706082 7.367216e-02 7.593200e-15 0 
    1.725838 7.643769e-02 7.698900e-15 0 
    1.745823 7.875971e-02 7.752200e-15 0 
    1.766039 8.059429e-02 7.752200e-15 0 
    1.786487 7.985541e-02 7.506300e-15 0 
    1.807174 7.894171e-02 7.251500e-15 0 
    1.828101 7.661317e-02 6.877400e-15 0 
    1.849270 7.418343e-02 6.507700e-15 0 
    1.870681 7.133507e-02 6.115400e-15 0 
    1.892343 7.100809e-02 5.948800e-15 0 
    1.914256 6.987233e-02 5.720400e-15 0 
    1.931967 6.718991e-02 5.400400e-15 0 
    1.954339 6.749971e-02 5.301800e-15 0 
    1.972423 6.859776e-02 5.289700e-15 0 
    1.995263 6.875582e-02 5.181200e-15 0 
    2.013724 6.765638e-02 5.005300e-15 0 
    2.037042 6.657384e-02 4.813100e-15 0 
    2.055892 6.566025e-02 4.660400e-15 0 
    2.079696 6.657393e-02 4.617700e-15 0 
    2.098940 6.611554e-02 4.502200e-15 0 
    2.118362 6.750033e-02 4.512600e-15 0 
    2.137962 6.796747e-02 4.460900e-15 0 
    2.162719 6.875554e-02 4.409900e-15 0 
    2.182731 6.971145e-02 4.389600e-15 0 
    2.202926 7.003357e-02 4.329400e-15 0 
    2.223311 7.051843e-02 4.279800e-15 0 
    2.243881 6.987240e-02 4.163200e-15 0 
    2.264644 7.035601e-02 4.115500e-15 0 
    2.285600 6.987230e-02 4.012600e-15 0 
    2.306747 6.972568e-02 3.931100e-15 0 
    2.328092 7.011509e-02 3.880900e-15 0 
    2.344228 6.988506e-02 3.815100e-15 0 
    2.365920 6.438893e-02 3.450900e-15 0 
    2.387810 6.535026e-02 3.438500e-15 0 
    2.409905 5.897661e-02 3.046500e-15 0 
    2.426611 5.626798e-02 2.866700e-15 0 
    2.449063 5.843963e-02 2.923000e-15 0 
    2.471725 5.535546e-02 2.718200e-15 0 
    2.488857 5.392027e-02 2.611400e-15 0 
    2.511887 5.372814e-02 2.554600e-15 0 
    2.535128 5.042739e-02 2.353900e-15 0 
    2.548550 3.922828e-02 1.811900e-15 2 
    2.558230 3.913417e-02 1.793900e-15 2 
    2.567900 3.908329e-02 1.778100e-15 2 
    2.577580 3.936744e-02 1.777600e-15 2 
    2.587260 4.064545e-02 1.821600e-15 2 
    2.596930 4.106000e-02 1.826500e-15 2 
    2.606610 4.031127e-02 1.779900e-15 2 
    2.616290 4.137102e-02 1.813200e-15 2 
    2.625960 4.086832e-02 1.778000e-15 2 
    2.635640 4.260117e-02 1.839800e-15 2 
    2.645310 4.389169e-02 1.881700e-15 2 
    2.654990 4.316086e-02 1.836900e-15 2 
    2.664670 4.237795e-02 1.790500e-15 2 
    2.674340 4.435729e-02 1.860600e-15 2 
    2.684020 4.351914e-02 1.812300e-15 2 
    2.693700 4.422544e-02 1.828500e-15 2 
    2.703370 4.326703e-02 1.776100e-15 2 
    2.713050 4.619047e-02 1.882600e-15 2 
    2.722720 4.485483e-02 1.815200e-15 2 
    2.732400 4.513203e-02 1.813500e-15 2 
    2.742080 4.493105e-02 1.792700e-15 2 
    2.751750 4.637424e-02 1.837300e-15 2 
    2.761430 4.627659e-02 1.820600e-15 2 
    2.771110 4.708282e-02 1.839400e-15 2 
    2.780780 4.579069e-02 1.776500e-15 2 
    2.790460 4.750905e-02 1.830400e-15 2 
    2.800130 4.597019e-02 1.758900e-15 2 
    2.809810 4.460430e-02 1.694900e-15 2 
    2.819490 4.551103e-02 1.717500e-15 2 
    2.829160 4.510336e-02 1.690500e-15 2 
    2.838840 4.528091e-02 1.685600e-15 2 
    2.848520 4.405667e-02 1.628900e-15 2 
    2.858190 4.346313e-02 1.596100e-15 2 
    2.867870 4.358257e-02 1.589700e-15 2 
    2.877540 4.323940e-02 1.566600e-15 2 
    2.887220 4.363916e-02 1.570500e-15 2 
    2.896900 4.334483e-02 1.549500e-15 2 
    2.906570 4.305458e-02 1.528900e-15 2 
    2.916250 4.090671e-02 1.443000e-15 2 
    2.925930 4.149549e-02 1.454100e-15 2 
    2.935600 4.229016e-02 1.472200e-15 2 
    2.945280 4.230639e-02 1.463100e-15 2 
    2.954950 4.143788e-02 1.423700e-15 2 
    2.964630 4.137290e-02 1.412200e-15 2 
    2.974310 4.190891e-02 1.421200e-15 2 
    2.983980 4.180196e-02 1.408400e-15 2 
    2.993660 4.109674e-02 1.375700e-15 2 
    3.003340 4.170271e-02 1.387000e-15 2 
    3.013010 4.049496e-02 1.338200e-15 2 
    3.022690 4.194943e-02 1.377400e-15 2 
    3.032360 3.956391e-02 1.290800e-15 2 
    3.042040 3.886992e-02 1.260100e-15 2 
    3.051720 3.869549e-02 1.246500e-15 2 
    3.061390 4.039067e-02 1.292900e-15 2 
    3.071070 4.000515e-02 1.272500e-15 2 
    3.080750 3.984331e-02 1.259400e-15 2 
    3.090420 3.876309e-02 1.217600e-15 2 
    3.100100 4.074903e-02 1.272000e-15 2 
    3.109770 3.834098e-02 1.189400e-15 2 
    3.119450 3.763614e-02 1.160300e-15 2 
    3.129130 3.907117e-02 1.197100e-15 2 
    3.138800 3.998953e-02 1.217700e-15 2 
    3.148480 3.953936e-02 1.196600e-15 2 
    3.158160 3.917112e-02 1.178200e-15 2 
    3.167830 4.033795e-02 1.205900e-15 2 
    3.177510 3.792945e-02 1.127000e-15 2 
    3.187180 3.878708e-02 1.145500e-15 2 
    3.196860 4.133955e-02 1.213500e-15 2 
    3.206540 4.055867e-02 1.183400e-15 2 
    3.216210 4.181392e-02 1.212700e-15 2 
    3.225890 4.038017e-02 1.164100e-15 2 
    3.235570 4.265733e-02 1.222400e-15 2 
    3.245240 4.215793e-02 1.200900e-15 2 
    3.254920 4.325029e-02 1.224700e-15 2 
    3.264590 4.163549e-02 1.172000e-15 2 
    3.274270 4.528484e-02 1.267200e-15 2 
    3.283950 4.478372e-02 1.245800e-15 2 
    3.293620 4.873614e-02 1.347800e-15 2 
    3.303300 4.857565e-02 1.335500e-15 2 
    3.312980 5.103398e-02 1.394900e-15 2 
    3.322650 5.075457e-02 1.379200e-15 2 
    3.332330 5.549251e-02 1.499200e-15 2 
    3.342000 5.660431e-02 1.520400e-15 2 
    3.351680 5.797743e-02 1.548300e-15 2 
    3.361360 5.919034e-02 1.571600e-15 2 
    3.371030 6.277766e-02 1.657300e-15 2 
    3.380710 6.049857e-02 1.588000e-15 2 
    3.390390 6.378049e-02 1.664600e-15 2 
    3.400060 6.163625e-02 1.599500e-15 2 
    3.409740 5.959267e-02 1.537700e-15 2 
    3.419410 5.800973e-02 1.488400e-15 2 
    3.429090 5.718627e-02 1.459000e-15 2 
    3.438770 5.243661e-02 1.330300e-15 2 
    3.448440 5.331066e-02 1.344900e-15 2 
    3.458120 5.061674e-02 1.269800e-15 2 
    3.467800 5.064797e-02 1.263500e-15 2 
    3.477470 4.935070e-02 1.224300e-15 2 
    3.487150 4.999875e-02 1.233500e-15 2 
    3.496820 4.849526e-02 1.189800e-15 2 
    3.506500 5.241590e-02 1.278900e-15 2 
    3.516180 4.900076e-02 1.189000e-15 2 
    3.525850 4.790732e-02 1.156100e-15 2 
    3.535530 4.807490e-02 1.153800e-15 2 
    3.545210 4.751318e-02 1.134100e-15 2 
    3.554880 4.504731e-02 1.069400e-15 2 
    3.564560 4.864738e-02 1.148600e-15 2 
    3.574230 4.618632e-02 1.084600e-15 2 
    3.583910 4.710474e-02 1.100200e-15 2 
    3.593590 4.613271e-02 1.071700e-15 2 
    3.603260 4.789174e-02 1.106600e-15 2 
    3.612940 4.714429e-02 1.083500e-15 2 
    3.622620 4.632551e-02 1.059000e-15 2 
    3.632290 4.409277e-02 1.002600e-15 2 
    3.641970 4.282795e-02 9.686699e-16 2 
    3.651640 4.500829e-02 1.012600e-15 2 
    3.661320 4.461406e-02 9.984300e-16 2 
    3.671000 4.448372e-02 9.902700e-16 2 
    3.680670 4.453143e-02 9.861301e-16 2 
    3.690350 4.496617e-02 9.905400e-16 2 
    3.700030 4.706242e-02 1.031300e-15 2 
    3.709700 4.358799e-02 9.501900e-16 2 
    3.719380 4.418327e-02 9.581600e-16 2 
    3.729050 4.368372e-02 9.424200e-16 2 
    3.738730 4.252558e-02 9.126900e-16 2 
    3.748410 4.194660e-02 8.956200e-16 2 
    3.758080 4.425118e-02 9.399700e-16 2 
    3.767760 4.247070e-02 8.975200e-16 2 
    3.777440 4.413846e-02 9.279900e-16 2 
    3.787110 4.439820e-02 9.286900e-16 2 
    3.796790 4.502188e-02 9.369400e-16 2 
    3.806460 4.434063e-02 9.180800e-16 2 
    3.816140 4.541448e-02 9.355500e-16 2 
    3.825820 4.263680e-02 8.738900e-16 2 
    3.835490 4.387060e-02 8.946500e-16 2 
    3.845170 4.131761e-02 8.383500e-16 2 
    3.854850 4.352703e-02 8.787500e-16 2 
    3.864520 4.289342e-02 8.616300e-16 2 
    3.874200 4.205791e-02 8.406300e-16 2 
    3.883870 4.425927e-02 8.802300e-16 2 
    3.893550 4.481671e-02 8.868900e-16 2 
    3.903230 4.146921e-02 8.165800e-16 2 
    3.912900 4.379242e-02 8.580700e-16 2 
    3.922580 4.285127e-02 8.354900e-16 2 
    3.932260 4.307230e-02 8.356700e-16 2 
    3.941930 4.136017e-02 7.985200e-16 2 
    3.951610 4.642094e-02 8.918400e-16 2 
    3.961280 4.322499e-02 8.263900e-16 2 
    3.970960 4.108016e-02 7.815600e-16 2 
    3.980640 4.174495e-02 7.903500e-16 2 
    3.990310 4.170282e-02 7.857300e-16 2 
    3.999990 4.144619e-02 7.771200e-16 2 
    4.009670 4.320333e-02 8.061600e-16 2 
    4.019340 4.138181e-02 7.684600e-16 2 
    4.029020 4.241304e-02 7.838300e-16 2 
    4.038690 4.318233e-02 7.942300e-16 2 
    4.048370 4.144417e-02 7.586200e-16 2 
    4.058050 4.239243e-02 7.722800e-16 2 
    4.067720 4.329076e-02 7.849000e-16 2 
    4.077400 4.150313e-02 7.489200e-16 2 
    4.087080 4.386028e-02 7.877100e-16 2 
    4.096750 4.110245e-02 7.347000e-16 2 
    4.106430 4.512533e-02 8.028100e-16 2 
    4.116100 4.381104e-02 7.757700e-16 2 
    4.125780 4.443950e-02 7.832100e-16 2 
    4.135460 4.285085e-02 7.516800e-16 2 
    4.145130 4.441917e-02 7.755600e-16 2 
    4.154810 4.373901e-02 7.601300e-16 2 
    4.164480 4.550486e-02 7.871500e-16 2 
    4.174160 4.615166e-02 7.946400e-16 2 
    4.183840 4.611331e-02 7.903100e-16 2 
    4.193510 4.109562e-02 7.010700e-16 2 
    4.203190 4.386020e-02 7.447900e-16 2 
    4.212870 4.008270e-02 6.775200e-16 2 
    4.222540 4.193401e-02 7.055700e-16 2 
    4.232220 4.075864e-02 6.826600e-16 2 
    4.241900 4.133756e-02 6.892000e-16 2 
    4.251570 3.964576e-02 6.579900e-16 2 
    4.261250 4.000505e-02 6.609400e-16 2 
    4.270920 3.840652e-02 6.316600e-16 2 
    4.280600 3.895034e-02 6.377100e-16 2 
    4.290280 3.883711e-02 6.329900e-16 2 
    4.299950 4.179629e-02 6.781600e-16 2 
    4.309630 4.231343e-02 6.834700e-16 2 
    4.319300 4.050045e-02 6.512600e-16 2 
    4.328980 3.905430e-02 6.252000e-16 2 
    4.338660 3.834757e-02 6.111500e-16 2 
    4.348330 3.943888e-02 6.257500e-16 2 
    4.358010 3.757237e-02 5.934900e-16 2 
    4.367690 3.650520e-02 5.740800e-16 2 
    4.377360 3.544326e-02 5.549200e-16 2 
    4.387040 3.455576e-02 5.386400e-16 2 
    4.396720 3.450030e-02 5.354100e-16 2 
    4.406390 3.520364e-02 5.439300e-16 2 
    4.416070 3.565426e-02 5.484800e-16 2 
    4.425740 3.544625e-02 5.429000e-16 2 
    4.435420 3.711630e-02 5.660000e-16 2 
    4.445100 3.930707e-02 5.968000e-16 2 
    4.454770 3.706710e-02 5.603500e-16 2 
    4.464450 3.732006e-02 5.617300e-16 2 
    4.474120 3.856553e-02 5.779700e-16 2 
    4.483800 3.677844e-02 5.488100e-16 2 
    4.493480 3.642657e-02 5.412200e-16 2 
    4.503150 3.511536e-02 5.195000e-16 2 
    4.512830 3.413280e-02 5.028000e-16 2 
    4.522510 3.663491e-02 5.373500e-16 2 
    4.532180 3.440286e-02 5.024600e-16 2 
    4.541860 3.484703e-02 5.067800e-16 2 
    4.551540 3.519943e-02 5.097300e-16 2 
    4.561210 3.603502e-02 5.196200e-16 2 
    4.570890 3.244618e-02 4.658900e-16 2 
    4.580560 3.058478e-02 4.373100e-16 2 
    4.590240 3.778046e-02 5.379200e-16 2 
    4.599920 3.665278e-02 5.196700e-16 2 
    4.609590 3.401360e-02 4.802300e-16 2 
    4.619270 3.347665e-02 4.706700e-16 2 
    4.628940 3.211277e-02 4.496100e-16 2 
    4.638620 3.320328e-02 4.629400e-16 2 
    4.648300 3.434168e-02 4.768200e-16 2 
    4.657970 3.557533e-02 4.919000e-16 2 
    4.667650 3.392955e-02 4.672000e-16 2 
    4.677330 3.410543e-02 4.676800e-16 2 
    4.687000 3.608825e-02 4.928300e-16 2 
    4.696680 2.820071e-02 3.835300e-16 2 
    4.706360 3.428571e-02 4.643700e-16 2 
    4.716030 3.343332e-02 4.509700e-16 2 
    4.725710 3.337047e-02 4.482800e-16 2 
    4.735380 3.242335e-02 4.337800e-16 2 
    4.745060 3.187458e-02 4.247000e-16 2 
    4.754740 3.261139e-02 4.327500e-16 2 
    4.764410 3.426127e-02 4.528000e-16 2 
    4.774090 3.171270e-02 4.174200e-16 2 
    4.783770 3.125864e-02 4.097800e-16 2 
    4.793440 3.290929e-02 4.296800e-16 2 
    4.803120 3.427658e-02 4.457300e-16 2 
    4.812790 3.339016e-02 4.324600e-16 2 
    4.822470 3.318895e-02 4.281300e-16 2 
    4.832150 3.428822e-02 4.405400e-16 2 
    4.841820 3.685821e-02 4.716700e-16 2 
    4.851500 3.512042e-02 4.476400e-16 2 
    4.861180 3.838946e-02 4.873600e-16 2 
    4.870850 3.337658e-02 4.220400e-16 2 
    4.880530 3.415330e-02 4.301500e-16 2 
    4.890200 3.425529e-02 4.297300e-16 2 
    4.899880 3.468155e-02 4.333600e-16 2 
    4.909560 3.104005e-02 3.863300e-16 2 
    4.919230 3.067846e-02 3.803300e-16 2 
    4.928910 3.275986e-02 4.045400e-16 2 
    4.938580 3.238773e-02 3.983800e-16 2 
    4.948360 3.316665e-02 4.063500e-16 2 
    4.997843 3.441279e-02 4.133100e-16 0 
    5.047822 3.570243e-02 4.203500e-16 0 
    5.098300 3.703521e-02 4.274500e-16 0 
    5.149283 3.841333e-02 4.346200e-16 0 
    5.200776 3.983911e-02 4.418700e-16 0 
    5.252784 4.131311e-02 4.491900e-16 0 
    5.305311 4.283683e-02 4.565800e-16 0 
    5.335773 4.373729e-02 4.608700e-16 3 
    5.366758 5.244764e-02 5.462900e-16 3 
    5.397744 5.892489e-02 6.067300e-16 3 
    5.428729 6.239817e-02 6.351800e-16 3 
    5.459714 5.695903e-02 5.732500e-16 3 
    5.490700 5.542570e-02 5.515400e-16 3 
    5.521685 5.527352e-02 5.438700e-16 3 
    5.552670 4.783401e-02 4.654300e-16 3 
    5.583656 4.512070e-02 4.341700e-16 3 
    5.614641 4.394998e-02 4.182500e-16 3 
    5.645627 4.489858e-02 4.226000e-16 3 
    5.676612 4.873868e-02 4.537500e-16 3 
    5.707598 5.198043e-02 4.786900e-16 3 
    5.738583 5.051118e-02 4.601500e-16 3 
    5.769568 5.457443e-02 4.918400e-16 3 
    5.800553 6.749807e-02 6.018300e-16 3 
    5.831539 7.699377e-02 6.792200e-16 3 
    5.862525 7.823919e-02 6.829300e-16 3 
    5.893510 8.216085e-02 7.096400e-16 3 
    5.924495 8.491889e-02 7.258100e-16 3 
    5.955481 7.933545e-02 6.710500e-16 3 
    5.986466 7.555439e-02 6.324700e-16 3 
    6.017451 7.544174e-02 6.250400e-16 3 
    6.048437 7.649507e-02 6.272900e-16 3 
    6.079422 7.921379e-02 6.429800e-16 3 
    6.110407 8.150186e-02 6.548600e-16 3 
    6.141393 8.230162e-02 6.546300e-16 3 
    6.172378 9.437572e-02 7.431500e-16 3 
    6.203363 1.150141e-01 8.966400e-16 3 
    6.234349 1.244680e-01 9.607200e-16 3 
    6.265334 1.288932e-01 9.850600e-16 3 
    6.296319 1.385677e-01 1.048600e-15 3 
    6.327305 1.771006e-01 1.327100e-15 3 
    6.358290 2.499789e-01 1.855000e-15 3 
    6.389276 3.427623e-01 2.518900e-15 3 
    6.420261 3.860230e-01 2.809500e-15 3 
    6.451246 3.635383e-01 2.620500e-15 3 
    6.482232 3.100046e-01 2.213300e-15 3 
    6.513217 2.618144e-01 1.851500e-15 3 
    6.544202 2.265241e-01 1.586800e-15 3 
    6.575188 1.963936e-01 1.362800e-15 3 
    6.606173 1.747697e-01 1.201400e-15 3 
    6.637158 1.614648e-01 1.099600e-15 3 
    6.668145 1.462426e-01 9.867000e-16 3 
    6.699129 1.401221e-01 9.366799e-16 3 
    6.730114 1.344399e-01 8.904400e-16 3 
    6.761100 1.315041e-01 8.630300e-16 3 
    6.792085 1.327368e-01 8.631900e-16 3 
    6.823071 1.376083e-01 8.867600e-16 3 
    6.854056 1.385540e-01 8.848000e-16 3 
    6.885041 1.369764e-01 8.668700e-16 3 
    6.916027 1.434178e-01 8.995200e-16 3 
    6.947012 1.408368e-01 8.754700e-16 3 
    6.977998 1.361782e-01 8.390100e-16 3 
    7.008983 1.385693e-01 8.462100e-16 3 
    7.039968 1.419200e-01 8.590600e-16 3 
    7.070954 1.467469e-01 8.805100e-16 3 
    7.101939 1.604452e-01 9.543200e-16 3 
    7.132924 1.706638e-01 1.006300e-15 3 
    7.163910 1.772306e-01 1.036000e-15 3 
    7.194895 2.041844e-01 1.183300e-15 3 
    7.225881 2.267452e-01 1.302800e-15 3 
    7.256866 2.102447e-01 1.197700e-15 3 
    7.287851 2.014213e-01 1.137700e-15 3 
    7.318838 1.970135e-01 1.103400e-15 3 
    7.349822 1.972626e-01 1.095500e-15 3 
    7.380807 2.057026e-01 1.132800e-15 3 
    7.411793 2.080010e-01 1.135900e-15 3 
    7.442778 2.108886e-01 1.142100e-15 3 
    7.473763 2.243967e-01 1.205200e-15 3 
    7.504748 2.399097e-01 1.277900e-15 3 
    7.533706 2.535134e-01 1.340000e-15 3 
    7.535734 2.470058e-01 1.304900e-15 3 
    7.566720 2.688898e-01 1.408900e-15 3 
    7.595799 3.070398e-01 1.596500e-15 3 
    7.597705 2.868361e-01 1.490700e-15 3 
    7.657894 3.764120e-01 1.925600e-15 3 
    7.719988 4.782956e-01 2.407600e-15 3 
    7.782082 5.734502e-01 2.840700e-15 3 
    7.844176 6.491736e-01 3.165100e-15 3 
    7.906271 6.714314e-01 3.222400e-15 3 
    7.968365 6.481553e-01 3.062400e-15 3 
    8.030459 6.380255e-01 2.968100e-15 3 
    8.092554 6.147493e-01 2.816100e-15 3 
    8.154648 5.708656e-01 2.575400e-15 3 
    8.216741 4.930608e-01 2.190900e-15 3 
    8.278836 4.333957e-01 1.897000e-15 3 
    8.340930 3.787451e-01 1.633200e-15 3 
    8.403025 3.371667e-01 1.432500e-15 3 
    8.465119 3.178282e-01 1.330600e-15 3 
    8.527213 3.095408e-01 1.277100e-15 3 
    8.589307 3.227709e-01 1.312500e-15 3 
    8.651402 3.159781e-01 1.266500e-15 3 
    8.713495 3.215930e-01 1.270700e-15 3 
    8.775590 3.373851e-01 1.314300e-15 3 
    8.837684 3.592033e-01 1.379700e-15 3 
    8.899778 3.549487e-01 1.344400e-15 3 
    8.961872 3.260527e-01 1.217900e-15 3 
    9.023966 2.579059e-01 9.501400e-16 3 
    9.086060 2.077259e-01 7.548500e-16 3 
    9.148155 1.696594e-01 6.081800e-16 3 
    9.210249 1.370351e-01 4.846300e-16 3 
    9.272344 1.206105e-01 4.208500e-16 3 
    9.334438 1.056617e-01 3.638000e-16 3 
    9.396532 9.729206e-02 3.305700e-16 3 
    9.458626 9.010081e-02 3.021300e-16 3 
    9.520720 8.356179e-02 2.765600e-16 3 
    9.582815 8.247283e-02 2.694300e-16 3 
    9.644909 7.795744e-02 2.514100e-16 3 
    9.707002 7.946384e-02 2.530000e-16 3 
    9.769098 8.044875e-02 2.528900e-16 3 
    9.831192 7.608473e-02 2.361600e-16 3 
    9.893286 7.895746e-02 2.420100e-16 3 
    9.955380 8.655240e-02 2.619900e-16 3 
   10.017470 8.911054e-02 2.664000e-16 3 
   10.079570 7.516201e-02 2.219400e-16 3 
   10.141659 7.217898e-02 2.105300e-16 3 
   10.203760 7.242012e-02 2.086700e-16 3 
   10.265850 6.866007e-02 1.954500e-16 3 
   10.327949 7.033592e-02 1.978200e-16 3 
   10.390041 7.195424e-02 1.999600e-16 3 
   10.452130 7.251453e-02 1.991300e-16 3 
   10.514230 7.010283e-02 1.902400e-16 3 
   10.576320 7.151490e-02 1.918000e-16 3 
   10.638420 7.230060e-02 1.916500e-16 3 
   10.700510 7.637212e-02 2.001000e-16 3 
   10.762600 8.377855e-02 2.169800e-16 3 
   10.824700 9.682880e-02 2.479100e-16 3 
   10.886791 1.114583e-01 2.821200e-16 3 
   10.948890 1.186834e-01 2.970100e-16 3 
   11.010980 1.179318e-01 2.918100e-16 3 
   11.073080 1.189551e-01 2.910500e-16 3 
   11.135170 1.209997e-01 2.927600e-16 3 
   11.197260 1.247601e-01 2.985200e-16 3 
   11.259360 1.395519e-01 3.302400e-16 3 
   11.321450 1.697254e-01 3.972500e-16 3 
   11.383550 2.121526e-01 4.911500e-16 3 
   11.445640 2.439925e-01 5.587500e-16 3 
   11.507740 3.658282e-01 8.287400e-16 3 
   11.569830 5.679274e-01 1.272800e-15 3 
   11.631920 6.623012e-01 1.468500e-15 3 
   11.694020 5.815071e-01 1.275700e-15 3 
   11.756110 4.690716e-01 1.018200e-15 3 
   11.818209 3.811829e-01 8.187500e-16 3 
   11.880299 3.217274e-01 6.838400e-16 3 
   11.942400 2.889452e-01 6.077900e-16 3 
   12.004490 2.611713e-01 5.437000e-16 3 
   12.066580 2.450584e-01 5.049200e-16 3 
   12.128680 2.416001e-01 4.927100e-16 3 
   12.190770 2.404886e-01 4.854600e-16 3 
   12.252870 2.558314e-01 5.112100e-16 3 
   12.314959 2.777570e-01 5.494400e-16 3 
   12.377051 2.902977e-01 5.685000e-16 3 
   12.439150 2.873794e-01 5.571800e-16 3 
   12.501240 2.829780e-01 5.432100e-16 3 
   12.563340 2.800774e-01 5.323400e-16 3 
   12.625430 2.901532e-01 5.460800e-16 3 
   12.687530 3.171069e-01 5.909800e-16 3 
   12.749620 3.339864e-01 6.163900e-16 3 
   12.811710 3.395180e-01 6.205400e-16 3 
   12.873810 3.640645e-01 6.590000e-16 3 
   12.935900 3.926296e-01 7.039000e-16 3 
   12.998000 4.267458e-01 7.577700e-16 3 
   13.060090 4.542967e-01 7.990400e-16 3 
   13.122180 4.807475e-01 8.375800e-16 3 
   13.184280 5.853275e-01 1.010200e-15 3 
   13.246370 6.822715e-01 1.166500e-15 3 
   13.308470 4.996366e-01 8.462900e-16 3 
   13.370559 3.135778e-01 5.262200e-16 3 
   13.432659 2.707447e-01 4.501500e-16 3 
   13.494750 2.585816e-01 4.259800e-16 3 
   13.556841 2.581608e-01 4.214000e-16 3 
   13.618941 2.549361e-01 4.123500e-16 3 
   13.681030 2.547641e-01 4.083400e-16 3 
   13.743130 2.552249e-01 4.053900e-16 3 
   13.805220 2.491506e-01 3.921900e-16 3 
   13.867320 2.487690e-01 3.880900e-16 3 
   13.929409 2.534658e-01 3.919000e-16 3 
   13.991500 2.545038e-01 3.900200e-16 3 
   14.053600 2.525545e-01 3.836200e-16 3 
   14.115691 2.453266e-01 3.693700e-16 3 
   14.177789 2.317575e-01 3.458900e-16 3 
   14.239880 2.224433e-01 3.291000e-16 3 
   14.301980 2.177467e-01 3.193600e-16 3 
   14.364070 2.143320e-01 3.116400e-16 3 
   14.426159 2.125122e-01 3.063400e-16 3 
   14.488261 2.119738e-01 3.029500e-16 3 
   14.541691 2.210893e-01 3.136600e-16 3 
   14.633380 2.329012e-01 3.262900e-16 3 
   14.725080 2.449289e-01 3.388800e-16 3 
   14.816770 2.401000e-01 3.281000e-16 3 
   14.908459 2.217139e-01 2.992600e-16 3 
   15.000150 2.025640e-01 2.700800e-16 3 
   15.091850 1.926959e-01 2.538100e-16 3 
   15.183541 1.798749e-01 2.340700e-16 3 
   15.275230 1.900961e-01 2.444100e-16 3 
   15.366930 2.066247e-01 2.625000e-16 3 
   15.458620 1.847787e-01 2.319700e-16 3 
   15.550309 1.830840e-01 2.271400e-16 3 
   15.642000 1.788146e-01 2.192500e-16 3 
   15.733700 1.795228e-01 2.175600e-16 3 
   15.825391 1.844763e-01 2.209800e-16 3 
   15.917080 1.885287e-01 2.232400e-16 3 
   16.008780 2.420489e-01 2.833400e-16 3 
   16.100470 2.909025e-01 3.366600e-16 3 
   16.192159 2.293428e-01 2.624200e-16 3 
   16.283859 1.938084e-01 2.192700e-16 3 
   16.375550 2.022274e-01 2.262400e-16 3 
   16.467239 2.055559e-01 2.274100e-16 3 
   16.558930 1.984920e-01 2.171700e-16 3 
   16.650631 2.078495e-01 2.249100e-16 3 
   16.742319 2.406701e-01 2.575800e-16 3 
   16.834009 2.499351e-01 2.645900e-16 3 
   16.925700 3.254787e-01 3.408400e-16 3 
   17.017400 3.523465e-01 3.650100e-16 3 
   17.109091 3.543875e-01 3.632000e-16 3 
   17.200781 3.048612e-01 3.091200e-16 3 
   17.292481 3.140711e-01 3.150900e-16 3 
   17.384170 3.123535e-01 3.100700e-16 3 
   17.475861 3.149140e-01 3.093400e-16 3 
   17.567561 4.142801e-01 4.027100e-16 3 
   17.659250 4.338029e-01 4.173200e-16 3 
   17.750941 3.392847e-01 3.230300e-16 3 
   17.842630 3.364423e-01 3.170400e-16 3 
   17.934330 3.468889e-01 3.235500e-16 3 
   18.026020 3.241359e-01 2.992600e-16 3 
   18.117709 2.668684e-01 2.439000e-16 3 
   18.209409 2.521023e-01 2.280900e-16 3 
   18.301100 2.594147e-01 2.323600e-16 3 
   18.392789 2.488270e-01 2.206600e-16 3 
   18.484489 2.461322e-01 2.161100e-16 3 
   18.576180 2.318325e-01 2.015500e-16 3 
   18.667870 2.236605e-01 1.925400e-16 3 
   18.759559 2.129122e-01 1.815000e-16 3 
   18.851259 2.226038e-01 1.879200e-16 3 
   18.942950 2.153969e-01 1.800800e-16 3 
   19.034639 2.448179e-01 2.027100e-16 3 
   19.126341 2.187585e-01 1.794000e-16 3 
   19.218031 2.465296e-01 2.002500e-16 3 
   19.309719 3.733375e-01 3.003800e-16 3 
   19.401409 4.956378e-01 3.950200e-16 3 
   19.493111 2.970695e-01 2.345400e-16 3 
   19.584800 3.356828e-01 2.625500e-16 3 
   19.676491 2.322599e-01 1.799700e-16 3 
   19.768191 2.427404e-01 1.863500e-16 3 
   19.859880 2.505980e-01 1.906100e-16 3 
   19.951570 2.393300e-01 1.803700e-16 3 
   20.043261 2.574033e-01 1.922200e-16 3 
   20.134961 2.548990e-01 1.886200e-16 3 
   20.226650 3.019968e-01 2.214500e-16 3 
   20.318341 2.488019e-01 1.808000e-16 3 
   20.410041 2.573985e-01 1.853700e-16 3 
   20.555241 2.311314e-01 1.641100e-16 3 
   20.730739 2.996741e-01 2.091900e-16 3 
   20.906339 2.842153e-01 1.950800e-16 3 
   21.082041 2.610714e-01 1.762200e-16 3 
   21.257830 2.975279e-01 1.975200e-16 3 
   21.433709 2.999295e-01 1.958600e-16 3 
   21.609689 2.876277e-01 1.847800e-16 3 
   21.785761 3.076325e-01 1.944500e-16 3 
   21.961930 3.332875e-01 2.073000e-16 3 
   22.138200 3.231392e-01 1.978000e-16 3 
   22.314559 3.081582e-01 1.856600e-16 3 
   22.491020 3.400971e-01 2.017000e-16 3 
   22.667570 3.543637e-01 2.069000e-16 3 
   22.844219 3.511411e-01 2.018600e-16 3 
   23.020969 3.389126e-01 1.918500e-16 3 
   23.197809 3.609294e-01 2.012100e-16 3 
   23.374750 3.833030e-01 2.104600e-16 3 
   23.551791 3.909803e-01 2.114600e-16 3 
   23.728920 3.804045e-01 2.026800e-16 3 
   23.906161 3.891755e-01 2.042900e-16 3 
   24.083481 4.162181e-01 2.152800e-16 3 
   24.260909 4.399331e-01 2.242300e-16 3 
   24.438441 4.453400e-01 2.237000e-16 3 
   24.616061 4.558767e-01 2.257000e-16 3 
   24.793780 4.660894e-01 2.274600e-16 3 
   24.971600 4.791803e-01 2.305300e-16 3 
   25.149509 5.089499e-01 2.414000e-16 3 
   25.327530 5.026453e-01 2.350700e-16 3 
   25.505641 4.963603e-01 2.289000e-16 3 
   25.683861 5.218796e-01 2.373400e-16 3 
   25.862169 5.518250e-01 2.475100e-16 3 
   26.040581 5.629911e-01 2.490700e-16 3 
   26.219091 5.903741e-01 2.576400e-16 3 
   26.397700 5.845779e-01 2.516700e-16 3 
   26.576409 6.366639e-01 2.704200e-16 3 
   26.755222 7.470049e-01 3.130600e-16 3 
   26.934131 6.906744e-01 2.856200e-16 3 
   27.113141 6.459275e-01 2.636000e-16 3 
   27.292250 6.470162e-01 2.605900e-16 3 
   27.471459 6.508118e-01 2.587100e-16 3 
   27.650781 6.603554e-01 2.591100e-16 3 
   27.830191 6.726186e-01 2.605300e-16 3 
   28.009700 6.895612e-01 2.636800e-16 3 
   28.189319 7.124456e-01 2.689700e-16 3 
   28.369041 7.100504e-01 2.646800e-16 3 
   28.548850 7.378801e-01 2.716000e-16 3 
   28.728769 7.433307e-01 2.701900e-16 3 
   28.908791 7.722036e-01 2.772000e-16 3 
   29.088922 8.237138e-01 2.920400e-16 3 
   29.269150 8.370080e-01 2.931100e-16 3 
   29.449472 8.703936e-01 3.010800e-16 3 
   29.629909 8.409414e-01 2.873600e-16 3 
   29.810441 9.211282e-01 3.109600e-16 3 
   29.991078 8.647454e-01 2.884200e-16 3 
   30.171819 8.633955e-01 2.845300e-16 3 
   30.352659 9.239864e-01 3.008800e-16 3 
   30.533609 9.217663e-01 2.966100e-16 3 
   30.714659 9.471323e-01 3.011900e-16 3 
   30.895809 9.503828e-01 2.986900e-16 3 
   31.077069 9.943392e-01 3.088700e-16 3 
   31.258441 9.942869e-01 3.052800e-16 3 
   31.439909 9.942669e-01 3.017600e-16 3 
   31.621481 1.048681e+00 3.146300e-16 3 
   31.803150 1.108033e+00 3.286500e-16 3 
   31.984941 1.225018e+00 3.592300e-16 3 
   32.166822 1.101926e+00 3.194900e-16 3 
   32.348819 1.144184e+00 3.280200e-16 3 
   32.530909 1.302365e+00 3.692000e-16 3 
   32.713119 1.187365e+00 3.328600e-16 3 
   32.895431 1.161825e+00 3.221000e-16 3 
   33.077838 1.175803e+00 3.223900e-16 3 
   33.260359 1.243390e+00 3.371900e-16 3 
   33.442991 1.422461e+00 3.815500e-16 3 
   33.625728 1.358410e+00 3.604200e-16 3 
   33.808572 1.281211e+00 3.362700e-16 3 
   33.991519 1.453330e+00 3.773500e-16 3 
   34.174569 1.452597e+00 3.731300e-16 3 
   34.357731 1.507400e+00 3.830900e-16 3 
   34.541013 1.944325e+00 4.889000e-16 3 
   34.724381 1.793481e+00 4.462200e-16 3 
   34.907872 1.517797e+00 3.736700e-16 3 
