# CGCG 436-030   
# 
# An Atlas of Galaxy Spectral Energy Distributions from the Ultraviolet to the Mid-Infrared
# Brown et al. (2014)
# http://dx.doi.org/10.5072/03/529D3551F0117
# http://dx.doi.org/10.17909/t9-5bxk-dh29
# 
# The Spectral Energy Distributions of Active Galactic Nuclei
# Brown et al. (2019)
# http://dx.doi.org/10.17909/t9-3dbt-8734
# 
# Column 1: Observed wavelength (um)
# Column 2: L_nu (W/Hz)
# Column 3: f_lam (erg/s/cm2/A)
# Column 4: Source (0 = model, 1 = Optical Spectrun, 2 = Akari, 3 = Spitzer IRS)
# 
  1.0201e-02 7.231712e+04 1.733213e-14 0 
  1.0391e-02 1.174527e+05 2.712969e-14 0 
  1.0608e-02 1.947901e+05 4.317142e-14 0 
  1.0805e-02 3.259842e+05 6.963754e-14 0 
  1.1006e-02 6.163714e+05 1.269054e-13 0 
  1.1393e-02 1.459501e+06 2.804301e-13 0 
  1.1794e-02 3.151644e+06 5.650819e-13 0 
  1.2096e-02 1.794783e+07 3.059319e-12 0 
  1.2492e-02 3.469830e+07 5.545501e-12 0 
  1.2695e-02 4.623884e+07 7.155468e-12 0 
  1.2813e-02 5.442459e+07 8.267800e-12 0 
  1.3111e-02 8.115365e+07 1.177424e-11 0 
  1.3202e-02 1.061952e+08 1.519574e-11 0 
  1.3386e-02 1.357837e+08 1.889916e-11 0 
  1.3698e-02 2.302806e+08 3.060833e-11 0 
  1.3984e-02 3.279332e+08 4.182338e-11 0 
  1.4310e-02 1.178270e+09 1.435033e-10 0 
  1.4711e-02 3.754816e+09 4.327138e-10 0 
  1.5088e-02 5.609748e+09 6.145772e-10 0 
  1.5511e-02 8.360360e+09 8.666462e-10 0 
  1.5909e-02 1.234592e+10 1.216562e-09 0 
  1.6205e-02 1.621890e+10 1.540352e-09 0 
  1.6582e-02 2.335331e+10 2.118219e-09 0 
  1.7008e-02 3.278270e+10 2.826407e-09 0 
  1.7284e-02 4.208935e+10 3.513825e-09 0 
  1.7687e-02 5.774097e+10 4.603331e-09 0 
  1.8015e-02 7.276262e+10 5.591602e-09 0 
  1.8182e-02 8.406604e+10 6.342109e-09 0 
  1.8606e-02 1.126968e+11 8.118992e-09 0 
  1.9083e-02 1.596168e+11 1.093155e-08 0 
  1.9393e-02 1.970391e+11 1.306649e-08 0 
  1.9799e-02 2.551644e+11 1.623417e-08 0 
  2.0214e-02 3.304728e+11 2.017101e-08 0 
  2.0495e-02 3.977895e+11 2.361859e-08 0 
  2.1021e-02 5.125276e+11 2.892724e-08 0 
  2.1610e-02 7.528301e+11 4.020535e-08 0 
  2.2011e-02 9.419455e+11 4.848894e-08 0 
  2.2317e-02 1.095127e+12 5.483897e-08 0 
  2.2680e-02 1.354658e+12 6.568106e-08 0 
  2.2996e-02 2.149355e+12 1.013678e-07 0 
  2.3423e-02 3.737340e+12 1.698924e-07 0 
  2.4024e-02 5.881731e+12 2.541622e-07 0 
  2.4584e-02 6.942458e+12 2.864868e-07 0 
  2.5214e-02 9.277474e+12 3.639508e-07 0 
  2.5683e-02 9.323974e+12 3.525381e-07 0 
  2.5980e-02 1.196971e+13 4.422846e-07 0 
  2.6402e-02 1.439940e+13 5.151899e-07 0 
  2.6893e-02 1.696179e+13 5.849107e-07 0 
  2.7393e-02 1.979687e+13 6.579818e-07 0 
  2.7903e-02 2.299874e+13 7.367136e-07 0 
  2.8421e-02 2.684002e+13 8.287062e-07 0 
  2.9016e-02 3.046079e+13 9.023240e-07 0 
  2.9624e-02 3.653039e+13 1.038158e-06 0 
  3.0105e-02 4.090850e+13 1.125726e-06 0 
  3.0807e-02 4.983880e+13 1.309680e-06 0 
  3.1816e-02 6.497964e+13 1.600968e-06 0 
  3.2783e-02 8.185521e+13 1.899527e-06 0 
  3.3779e-02 1.012189e+14 2.212404e-06 0 
  3.4805e-02 1.234287e+14 2.541145e-06 0 
  3.5698e-02 1.481919e+14 2.900234e-06 0 
  3.6614e-02 1.803697e+14 3.355564e-06 0 
  3.7467e-02 2.101971e+14 3.734438e-06 0 
  3.8516e-02 2.397253e+14 4.030213e-06 0 
  3.9504e-02 2.964356e+14 4.737449e-06 0 
  4.0518e-02 3.556970e+14 5.403568e-06 0 
  4.1366e-02 4.032173e+14 5.876904e-06 0 
  4.2232e-02 4.445685e+14 6.216584e-06 0 
  4.3017e-02 4.926152e+14 6.639326e-06 0 
  4.4121e-02 5.814111e+14 7.448848e-06 0 
  4.5149e-02 6.570415e+14 8.038833e-06 0 
  4.5988e-02 7.161938e+14 8.445745e-06 0 
  4.6951e-02 8.058353e+14 9.117022e-06 0 
  4.8045e-02 9.251517e+14 9.995695e-06 0 
  4.9051e-02 9.984565e+14 1.034975e-05 0 
  4.9963e-02 1.152500e+15 1.151437e-05 0 
    0.050658 1.307200e+15 1.270406e-05 0 
    0.051244 2.846075e+15 2.703066e-05 0 
    0.051957 3.235214e+15 2.988900e-05 0 
    0.053045 3.783116e+15 3.353183e-05 0 
    0.054031 4.026970e+15 3.440240e-05 0 
    0.055036 6.398248e+15 5.268219e-05 0 
    0.056059 8.416520e+15 6.679413e-05 0 
    0.056970 1.065094e+16 8.184496e-05 0 
    0.058029 1.107552e+16 8.202960e-05 0 
    0.058972 1.557937e+16 1.117261e-04 0 
    0.060068 1.825776e+16 1.261995e-04 0 
    0.061044 2.390950e+16 1.600225e-04 0 
    0.062036 2.962258e+16 1.919693e-04 0 
    0.063044 3.545512e+16 2.224784e-04 0 
    0.064069 3.834400e+16 2.329689e-04 0 
    0.064960 4.830186e+16 2.854751e-04 0 
    0.065864 5.664675e+16 3.256681e-04 0 
    0.066473 6.266049e+16 3.536712e-04 0 
    0.067553 6.712370e+16 3.668454e-04 0 
    0.068493 7.194743e+16 3.824894e-04 0 
    0.069446 1.035432e+17 5.354558e-04 0 
    0.070574 1.073737e+17 5.376566e-04 0 
    0.071556 1.377013e+17 6.707218e-04 0 
    0.072551 1.537977e+17 7.287179e-04 0 
    0.073561 1.701886e+17 7.843892e-04 0 
    0.074584 2.098327e+17 9.407587e-04 0 
    0.075448 2.399603e+17 1.051333e-03 0 
    0.076497 2.735350e+17 1.165791e-03 0 
    0.077561 3.183112e+17 1.319658e-03 0 
    0.078459 3.647806e+17 1.477892e-03 0 
    0.079551 4.043913e+17 1.593701e-03 0 
    0.080472 4.465995e+17 1.719987e-03 0 
    0.081591 4.904920e+17 1.837570e-03 0 
    0.082536 5.736715e+17 2.100259e-03 0 
    0.083492 4.816082e+17 1.723061e-03 0 
    0.084459 6.678837e+17 2.335100e-03 0 
    0.085437 7.222080e+17 2.467555e-03 0 
    0.086426 8.234043e+17 2.749291e-03 0 
    0.087427 9.343157e+17 3.048589e-03 0 
    0.088439 1.079887e+18 3.443398e-03 0 
    0.089463 1.197352e+18 3.731053e-03 0 
    0.090499 1.236018e+18 3.763863e-03 0 
    0.091547 2.176754e+18 6.477651e-03 0 
    0.092394 1.815600e+19 5.304312e-02 0 
    0.093464 4.253343e+19 1.214334e-01 0 
    0.094546 8.758075e+19 2.443536e-01 0 
    0.095421 1.344387e+20 3.682417e-01 0 
    0.096526 1.486467e+20 3.978901e-01 0 
    0.097419 2.124372e+19 5.582641e-02 0 
    0.098547 1.201658e+20 3.085961e-01 0 
    0.099459 1.434810e+20 3.617450e-01 0 
    0.100611 2.405893e+20 5.927640e-01 0 
    0.101542 2.461675e+20 5.954369e-01 0 
    0.102481 1.094353e+20 2.598766e-01 0 
    0.103430 1.686831e+20 3.932556e-01 0 
    0.104387 3.723578e+20 8.522441e-01 0 
    0.105595 3.795515e+20 8.489468e-01 0 
    0.106572 2.897967e+20 6.363612e-01 0 
    0.107559 3.714410e+20 8.007423e-01 0 
    0.108554 2.842140e+20 6.015203e-01 0 
    0.109558 4.220670e+20 8.769800e-01 0 
    0.110572 4.188795e+20 8.544669e-01 0 
    0.111595 4.052872e+20 8.116521e-01 0 
    0.112628 3.693240e+20 7.261246e-01 0 
    0.113408 5.147883e+20 9.982464e-01 0 
    0.114458 4.733914e+20 9.012070e-01 0 
    0.115517 5.318392e+20 9.939967e-01 0 
    0.116586 5.640320e+20 1.034922e+00 0 
    0.117394 3.770785e+20 6.823959e-01 0 
    0.118480 5.779702e+20 1.026861e+00 0 
    0.119576 3.675796e+20 6.411503e-01 0 
    0.120405 2.491128e+20 4.285519e-01 0 
    0.121519 1.948825e+20 3.291402e-01 0 
    0.122362 4.273570e+20 7.118592e-01 0 
    0.123494 7.130137e+20 1.166011e+00 0 
    0.124636 8.116700e+20 1.303134e+00 0 
    0.125500 7.768046e+20 1.230044e+00 0 
    0.126370 6.595168e+20 1.029993e+00 0 
    0.127540 9.298367e+20 1.425641e+00 0 
    0.128424 1.007556e+21 1.523609e+00 0 
    0.129612 7.575120e+20 1.124593e+00 0 
    0.130510 7.624193e+20 1.116356e+00 0 
    0.131415 1.037487e+21 1.498267e+00 0 
    0.132631 1.009237e+21 1.430867e+00 0 
    0.133550 8.744387e+20 1.222751e+00 0 
    0.134476 1.130939e+21 1.559718e+00 0 
    0.135408 1.112038e+21 1.512611e+00 0 
    0.136347 9.835022e+20 1.319413e+00 0 
    0.137608 1.075510e+21 1.416523e+00 0 
    0.138562 1.109719e+21 1.441522e+00 0 
    0.139523 9.790082e+20 1.254270e+00 0 
    0.140490 1.038323e+21 1.312012e+00 0 
    0.141464 1.068689e+21 1.331851e+00 0 
    0.142444 1.138533e+21 1.399439e+00 0 
    0.143432 1.145014e+21 1.388082e+00 0 
    0.144094 1.239108e+21 1.488380e+00 0 
    0.144759 1.280502e+21 1.524003e+00 0 
    0.145427 1.249273e+21 1.473206e+00 0 
    0.146435 1.153535e+21 1.341645e+00 0 
    0.147450 1.175938e+21 1.348936e+00 0 
    0.148472 1.229427e+21 1.390946e+00 0 
    0.149501 1.282307e+21 1.430870e+00 0 
    0.150538 1.216880e+21 1.339220e+00 0 
    0.151232 1.067586e+21 1.164158e+00 0 
    0.151581 1.176177e+21 1.276673e+00 0 
    0.152632 1.139379e+21 1.219757e+00 0 
    0.153336 9.789972e+20 1.038460e+00 0 
    0.154399 1.132186e+21 1.184473e+00 0 
    0.155469 1.079019e+21 1.113366e+00 0 
    0.156547 1.111976e+21 1.131625e+00 0 
    0.157632 1.208184e+21 1.212664e+00 0 
    0.158360 1.303586e+21 1.296418e+00 0 
    0.159458 1.349328e+21 1.323492e+00 0 
    0.160563 1.349144e+21 1.305161e+00 0 
    0.161676 1.383452e+21 1.319987e+00 0 
    0.162422 1.308816e+21 1.237329e+00 0 
    0.163548 1.431275e+21 1.334533e+00 0 
    0.164682 1.474093e+21 1.355593e+00 0 
    0.165442 1.365753e+21 1.244449e+00 0 
    0.166588 1.531482e+21 1.376324e+00 0 
    0.167357 1.348703e+21 1.200950e+00 0 
    0.167743 1.544571e+21 1.369038e+00 0 
    0.168517 1.654173e+21 1.452747e+00 0 
    0.169686 1.563912e+21 1.354617e+00 0 
    0.170469 1.506382e+21 1.292828e+00 0 
    0.171650 1.420669e+21 1.202546e+00 0 
    0.172443 1.429471e+21 1.198893e+00 0 
    0.173638 1.558329e+21 1.289039e+00 0 
    0.174440 1.535628e+21 1.258608e+00 0 
    0.175649 1.677597e+21 1.356104e+00 0 
    0.176459 1.535551e+21 1.229909e+00 0 
    0.177683 1.590708e+21 1.256594e+00 0 
    0.178503 1.644817e+21 1.287428e+00 0 
    0.179327 1.789037e+21 1.387473e+00 0 
    0.180570 1.806491e+21 1.381787e+00 0 
    0.181403 1.645430e+21 1.247059e+00 0 
    0.182661 1.719508e+21 1.285313e+00 0 
    0.183504 1.654971e+21 1.225733e+00 0 
    0.184351 1.521108e+21 1.116260e+00 0 
    0.185629 1.524620e+21 1.103485e+00 0 
    0.186485 1.590238e+21 1.140436e+00 0 
    0.187346 1.785422e+21 1.268670e+00 0 
    0.188645 1.631584e+21 1.143445e+00 0 
    0.189516 1.566107e+21 1.087492e+00 0 
    0.190390 1.698300e+21 1.168484e+00 0 
    0.191710 1.628342e+21 1.104975e+00 0 
    0.192595 1.621318e+21 1.090121e+00 0 
    0.193484 1.713775e+21 1.141721e+00 0 
    0.194377 1.774270e+21 1.171187e+00 0 
    0.195724 1.661753e+21 1.081869e+00 0 
    0.196628 1.864473e+21 1.202713e+00 0 
    0.197535 1.943211e+21 1.242019e+00 0 
    0.198447 1.830013e+21 1.158941e+00 0 
    0.199363 1.783849e+21 1.119349e+00 0 
    0.200283 1.871645e+21 1.163675e+00 0 
    0.201672 1.800826e+21 1.104274e+00 0 
    0.202603 1.933146e+21 1.174544e+00 0 
    0.203538 1.807264e+21 1.087996e+00 0 
    0.204477 1.904342e+21 1.135933e+00 0 
    0.205421 1.825711e+21 1.079043e+00 0 
    0.206369 1.845396e+21 1.080680e+00 0 
    0.207322 1.993934e+21 1.156955e+00 0 
    0.207800 1.862118e+21 1.075505e+00 0 
    0.208279 1.955674e+21 1.124351e+00 0 
    0.209722 1.849714e+21 1.048849e+00 0 
    0.210690 1.886244e+21 1.059757e+00 0 
    0.211663 1.914466e+21 1.065747e+00 0 
    0.212640 1.960948e+21 1.081615e+00 0 
    0.213621 1.823225e+21 9.964349e-01 0 
    0.214608 1.871430e+21 1.013394e+00 0 
    0.215598 1.965477e+21 1.054569e+00 0 
    0.216593 1.917433e+21 1.019361e+00 0 
    0.217593 1.905163e+21 1.003549e+00 0 
    0.218597 1.858227e+21 9.698552e-01 0 
    0.219606 1.964348e+21 1.015843e+00 0 
    0.220620 1.919989e+21 9.837967e-01 0 
    0.221638 1.837938e+21 9.331228e-01 0 
    0.222661 1.771400e+21 8.910965e-01 0 
    0.223689 1.893063e+21 9.435661e-01 0 
    0.224722 1.819439e+21 8.985510e-01 0 
    0.225759 1.771261e+21 8.667401e-01 0 
    0.226279 1.842697e+21 8.975567e-01 0 
    0.227324 1.913325e+21 9.234100e-01 0 
    0.228373 1.982100e+21 9.478346e-01 0 
    0.229427 1.898751e+21 8.996538e-01 0 
    0.230486 1.904661e+21 8.941802e-01 0 
    0.231550 1.837221e+21 8.546107e-01 0 
    0.232619 1.420691e+21 6.547958e-01 0 
    0.233693 1.761363e+21 8.043664e-01 0 
    0.234231 1.745918e+21 7.936547e-01 0 
    0.235312 1.880919e+21 8.471852e-01 0 
    0.236399 1.773070e+21 7.912816e-01 0 
    0.237490 1.836831e+21 8.122224e-01 0 
    0.238586 1.751566e+21 7.674197e-01 0 
    0.239687 1.900120e+21 8.248757e-01 0 
    0.240240 1.823723e+21 7.880698e-01 0 
    0.241349 1.893706e+21 8.108080e-01 0 
    0.242463 1.998367e+21 8.477753e-01 0 
    0.243582 1.936555e+21 8.140216e-01 0 
    0.244706 2.076786e+21 8.649657e-01 0 
    0.245270 2.053870e+21 8.514921e-01 0 
    0.246402 2.074570e+21 8.521895e-01 0 
    0.247540 2.029047e+21 8.258434e-01 0 
    0.248682 2.141170e+21 8.634932e-01 0 
    0.249256 2.026929e+21 8.136614e-01 0 
    0.250406 2.244953e+21 8.929235e-01 0 
    0.251562 2.072848e+21 8.169094e-01 0 
    0.252723 2.079384e+21 8.119730e-01 0 
    0.253306 2.114100e+21 8.217335e-01 0 
    0.254475 2.082087e+21 8.018720e-01 0 
    0.255649 2.227750e+21 8.501093e-01 0 
    0.256239 2.213377e+21 8.407396e-01 0 
    0.257422 2.362788e+21 8.892622e-01 0 
    0.258610 2.364819e+21 8.818682e-01 0 
    0.259206 2.365876e+21 8.782100e-01 0 
    0.260402 2.313984e+21 8.510756e-01 0 
    0.261604 2.326737e+21 8.479202e-01 0 
    0.262207 2.415094e+21 8.760764e-01 0 
    0.263418 2.462153e+21 8.849537e-01 0 
    0.264634 2.640536e+21 9.403666e-01 0 
    0.265244 2.653886e+21 9.407790e-01 0 
    0.266468 2.501869e+21 8.787613e-01 0 
    0.267698 2.634238e+21 9.167718e-01 0 
    0.268315 2.617278e+21 9.066852e-01 0 
    0.269553 2.577712e+21 8.847948e-01 0 
    0.270798 2.646200e+21 8.999703e-01 0 
    0.271422 2.581189e+21 8.738285e-01 0 
    0.272675 2.625455e+21 8.806644e-01 0 
    0.273303 2.756773e+21 9.204679e-01 0 
    0.274565 2.504895e+21 8.286969e-01 0 
    0.275198 2.535099e+21 8.348354e-01 0 
    0.276468 2.626532e+21 8.570170e-01 0 
    0.277744 2.765563e+21 8.941093e-01 0 
    0.278384 2.735109e+21 8.802023e-01 0 
    0.279669 2.330125e+21 7.429971e-01 0 
    0.280314 2.509418e+21 7.964891e-01 0 
    0.281608 2.870594e+21 9.027724e-01 0 
    0.282257 2.925300e+21 9.157509e-01 0 
    0.283560 2.822129e+21 8.753533e-01 0 
    0.284214 2.804002e+21 8.657327e-01 0 
    0.285526 2.826020e+21 8.645305e-01 0 
    0.286184 2.967416e+21 9.036164e-01 0 
    0.287505 2.949787e+21 8.900130e-01 0 
    0.288832 3.000501e+21 8.970147e-01 0 
    0.289497 2.967544e+21 8.830910e-01 0 
    0.290834 3.153601e+21 9.298500e-01 0 
    0.292850 3.129104e+21 9.099678e-01 0 
    0.294880 3.148061e+21 9.029192e-01 0 
    0.296924 3.225965e+21 9.125685e-01 0 
    0.298982 3.275614e+21 9.139007e-01 0 
    0.301054 3.349024e+21 9.215649e-01 0 
    0.303141 3.400573e+21 9.229097e-01 0 
    0.305242 3.421268e+21 9.157880e-01 0 
    0.306651 3.440408e+21 9.124681e-01 0 
    0.308777 3.501440e+21 9.159110e-01 0 
    0.310917 3.506605e+21 9.046788e-01 0 
    0.313073 3.544304e+21 9.018540e-01 0 
    0.315243 3.607342e+21 9.053007e-01 0 
    0.316698 3.610926e+21 8.978927e-01 0 
    0.318893 3.558581e+21 8.727369e-01 0 
    0.321103 3.680704e+21 8.903046e-01 0 
    0.323329 3.677818e+21 8.773996e-01 0 
    0.324822 3.750056e+21 8.864277e-01 0 
    0.327073 3.825604e+21 8.918814e-01 0 
    0.329340 3.866962e+21 8.891549e-01 0 
    0.330860 3.906767e+21 8.900726e-01 0 
    0.332388 3.974319e+21 8.971572e-01 0 
    0.333154 3.976369e+21 8.934969e-01 0 
    0.333922 3.861143e+21 8.636192e-01 0 
    0.334692 4.017357e+21 8.944298e-01 0 
    0.335463 3.883013e+21 8.605500e-01 0 
    0.336236 3.939100e+21 8.689704e-01 0 
    0.337012 3.869181e+21 8.496199e-01 0 
    0.337789 3.898038e+21 8.520234e-01 0 
    0.338567 4.055744e+21 8.824248e-01 0 
    0.339348 4.133379e+21 8.951814e-01 0 
    0.340130 4.231875e+21 9.123036e-01 0 
    0.340914 4.006462e+21 8.597415e-01 0 
    0.341700 4.139893e+21 8.842918e-01 0 
    0.342488 4.209380e+21 8.950018e-01 0 
    0.343277 4.280017e+21 9.058421e-01 0 
    0.344068 4.272429e+21 9.000833e-01 0 
    0.344862 4.158233e+21 8.719961e-01 0 
    0.345657 4.073756e+21 8.503559e-01 0 
    0.346453 4.072616e+21 8.462161e-01 0 
    0.347252 4.185624e+21 8.656994e-01 0 
    0.348053 4.174884e+21 8.595084e-01 0 
    0.348855 4.241606e+21 8.692342e-01 0 
    0.349659 4.279762e+21 8.730249e-01 0 
    0.350465 4.200443e+21 8.529082e-01 0 
    0.351273 4.199319e+21 8.487618e-01 0 
    0.352083 4.286131e+21 8.623265e-01 0 
    0.352895 4.275091e+21 8.561518e-01 0 
    0.353708 4.373501e+21 8.718383e-01 0 
    0.354523 4.433121e+21 8.796648e-01 0 
    0.355341 4.472916e+21 8.834796e-01 0 
    0.356160 4.492382e+21 8.832483e-01 0 
    0.356981 4.388884e+21 8.589351e-01 0 
    0.357804 4.238740e+21 8.257390e-01 0 
    0.358629 4.218129e+21 8.179476e-01 0 
    0.359455 4.275633e+21 8.252924e-01 0 
    0.360284 4.414530e+21 8.481858e-01 0 
    0.361115 4.413244e+21 8.440407e-01 0 
    0.361947 4.504393e+21 8.575171e-01 0 
    0.362781 4.661465e+21 8.833439e-01 0 
    0.363617 4.564532e+21 8.610023e-01 0 
    0.363696 4.395002e+21 8.286640e-01 1 
    0.363963 5.200171e+21 9.790381e-01 1 
    0.364229 4.220146e+21 7.933684e-01 1 
    0.364496 3.730108e+21 7.002166e-01 1 
    0.364763 3.799996e+21 7.122921e-01 1 
    0.365029 3.482178e+21 6.517674e-01 1 
    0.365296 5.245831e+21 9.804397e-01 1 
    0.365563 4.241197e+21 7.915175e-01 1 
    0.365830 5.777386e+21 1.076637e+00 1 
    0.366096 5.964793e+21 1.109946e+00 1 
    0.366363 3.752767e+21 6.973084e-01 1 
    0.366630 4.840082e+21 8.980348e-01 1 
    0.366896 4.277423e+21 7.924880e-01 1 
    0.367163 4.490051e+21 8.306726e-01 1 
    0.367430 3.595434e+21 6.641995e-01 1 
    0.367696 4.018076e+21 7.412023e-01 1 
    0.367963 4.351332e+21 8.015127e-01 1 
    0.368230 4.982225e+21 9.163923e-01 1 
    0.368496 5.544000e+21 1.018249e+00 1 
    0.368763 3.801217e+21 6.971471e-01 1 
    0.369030 3.554503e+21 6.509565e-01 1 
    0.369296 3.054781e+21 5.586339e-01 1 
    0.369563 4.197634e+21 7.665209e-01 1 
    0.369830 4.718084e+21 8.603157e-01 1 
    0.370096 4.141954e+21 7.541765e-01 1 
    0.370363 3.409889e+21 6.199855e-01 1 
    0.370630 4.577613e+21 8.311021e-01 1 
    0.370896 4.172451e+21 7.564555e-01 1 
    0.371163 5.871343e+21 1.062930e+00 1 
    0.371430 4.066435e+21 7.351167e-01 1 
    0.371696 4.513739e+21 8.148114e-01 1 
    0.371963 5.600025e+21 1.009455e+00 1 
    0.372230 7.762396e+21 1.397235e+00 1 
    0.372496 9.602792e+21 1.726040e+00 1 
    0.372763 1.495465e+22 2.684152e+00 1 
    0.373030 1.794664e+22 3.216562e+00 1 
    0.373296 1.727647e+22 3.092038e+00 1 
    0.373563 1.209505e+22 2.161606e+00 1 
    0.373830 8.145102e+21 1.453599e+00 1 
    0.374096 6.517427e+21 1.161466e+00 1 
    0.374363 5.763582e+21 1.025659e+00 1 
    0.374630 5.263557e+21 9.353424e-01 1 
    0.374896 5.780421e+21 1.025733e+00 1 
    0.375163 5.083206e+21 9.007291e-01 1 
    0.375430 4.029653e+21 7.130273e-01 1 
    0.375696 5.312057e+21 9.386118e-01 1 
    0.375963 4.955102e+21 8.742968e-01 1 
    0.376230 5.350268e+21 9.426819e-01 1 
    0.376496 5.277386e+21 9.285270e-01 1 
    0.376763 5.024624e+21 8.828026e-01 1 
    0.377030 5.977007e+21 1.048645e+00 1 
    0.377296 5.291439e+21 9.270557e-01 1 
    0.377563 5.954132e+21 1.041684e+00 1 
    0.377830 7.196860e+21 1.257322e+00 1 
    0.378096 6.710830e+21 1.170762e+00 1 
    0.378363 6.449296e+21 1.123548e+00 1 
    0.378630 7.953232e+21 1.383598e+00 1 
    0.378896 7.364399e+21 1.279363e+00 1 
    0.379163 7.613510e+21 1.320777e+00 1 
    0.379430 7.238883e+21 1.254021e+00 1 
    0.379696 6.626570e+21 1.146339e+00 1 
    0.379963 5.775259e+21 9.976663e-01 1 
    0.380230 5.787945e+21 9.984541e-01 1 
    0.380496 5.822526e+21 1.003016e+00 1 
    0.380763 6.696714e+21 1.151990e+00 1 
    0.381030 6.220353e+21 1.068546e+00 1 
    0.381296 6.877524e+21 1.179788e+00 1 
    0.381563 6.768043e+21 1.159383e+00 1 
    0.381830 6.357170e+21 1.087477e+00 1 
    0.382097 6.790128e+21 1.159918e+00 1 
    0.382363 7.425406e+21 1.266674e+00 1 
    0.382630 7.204018e+21 1.227194e+00 1 
    0.382897 7.084946e+21 1.205228e+00 1 
    0.383163 5.737841e+21 9.747155e-01 1 
    0.383430 5.881760e+21 9.977725e-01 1 
    0.383697 5.609339e+21 9.502357e-01 1 
    0.383963 4.703826e+21 7.957360e-01 1 
    0.384230 4.855569e+21 8.202648e-01 1 
    0.384497 6.447980e+21 1.087763e+00 1 
    0.384763 7.014657e+21 1.181725e+00 1 
    0.385030 6.527320e+21 1.098101e+00 1 
    0.385297 6.584859e+21 1.106246e+00 1 
    0.385563 7.343672e+21 1.232024e+00 1 
    0.385830 7.711366e+21 1.291920e+00 1 
    0.386097 7.276694e+21 1.217412e+00 1 
    0.386363 8.220216e+21 1.373373e+00 1 
    0.386630 8.188545e+21 1.366193e+00 1 
    0.386897 8.366031e+21 1.393879e+00 1 
    0.387163 7.922112e+21 1.318104e+00 1 
    0.387430 7.703744e+21 1.280005e+00 1 
    0.387697 7.337022e+21 1.217395e+00 1 
    0.387963 6.760580e+21 1.120211e+00 1 
    0.388230 8.045099e+21 1.331219e+00 1 
    0.388497 7.367008e+21 1.217341e+00 1 
    0.388763 7.379191e+21 1.217686e+00 1 
    0.389030 5.738487e+21 9.456440e-01 1 
    0.389297 5.993777e+21 9.863587e-01 1 
    0.389563 6.287529e+21 1.033287e+00 1 
    0.389830 6.635648e+21 1.089003e+00 1 
    0.390097 6.652504e+21 1.090276e+00 1 
    0.390363 7.546081e+21 1.235039e+00 1 
    0.390630 8.265976e+21 1.351013e+00 1 
    0.390897 8.760788e+21 1.429931e+00 1 
    0.391163 7.413887e+21 1.208445e+00 1 
    0.391430 7.939048e+21 1.292280e+00 1 
    0.391697 9.817037e+21 1.595792e+00 1 
    0.391963 8.135244e+21 1.320617e+00 1 
    0.392230 8.623624e+21 1.397992e+00 1 
    0.392497 8.196637e+21 1.326965e+00 1 
    0.392763 9.430932e+21 1.524719e+00 1 
    0.393030 8.260385e+21 1.333661e+00 1 
    0.393297 6.947625e+21 1.120190e+00 1 
    0.393563 7.643450e+21 1.230715e+00 1 
    0.393830 7.821543e+21 1.257683e+00 1 
    0.394097 7.699940e+21 1.236453e+00 1 
    0.394363 8.061059e+21 1.292696e+00 1 
    0.394630 7.976945e+21 1.277476e+00 1 
    0.394897 8.840359e+21 1.413835e+00 1 
    0.395163 8.545800e+21 1.364887e+00 1 
    0.395430 7.892427e+21 1.258832e+00 1 
    0.395697 7.334039e+21 1.168192e+00 1 
    0.395963 7.615800e+21 1.211442e+00 1 
    0.396230 7.007934e+21 1.113247e+00 1 
    0.396497 7.452406e+21 1.182260e+00 1 
    0.396763 6.372359e+21 1.009565e+00 1 
    0.397030 6.876454e+21 1.087964e+00 1 
    0.397297 5.140903e+21 8.122792e-01 1 
    0.397563 6.012447e+21 9.487151e-01 1 
    0.397830 6.312493e+21 9.947234e-01 1 
    0.398097 7.195903e+21 1.132411e+00 1 
    0.398364 7.812194e+21 1.227748e+00 1 
    0.398630 7.714610e+21 1.210795e+00 1 
    0.398897 7.564882e+21 1.185706e+00 1 
    0.399164 8.606421e+21 1.347151e+00 1 
    0.399430 8.737311e+21 1.365818e+00 1 
    0.399697 9.207276e+21 1.437361e+00 1 
    0.399964 8.083983e+21 1.260318e+00 1 
    0.400230 9.378814e+21 1.460243e+00 1 
    0.400497 9.085138e+21 1.412633e+00 1 
    0.400764 7.807805e+21 1.212406e+00 1 
    0.401030 8.140467e+21 1.262386e+00 1 
    0.401297 8.345841e+21 1.292512e+00 1 
    0.401564 8.232212e+21 1.273220e+00 1 
    0.401830 9.436294e+21 1.457515e+00 1 
    0.402097 9.362504e+21 1.444198e+00 1 
    0.402364 8.993668e+21 1.385463e+00 1 
    0.402630 9.655165e+21 1.485402e+00 1 
    0.402897 9.930164e+21 1.525685e+00 1 
    0.403164 9.049115e+21 1.388478e+00 1 
    0.403430 8.978999e+21 1.375904e+00 1 
    0.403697 9.237236e+21 1.413603e+00 1 
    0.403964 9.075787e+21 1.387061e+00 1 
    0.404230 9.513259e+21 1.452007e+00 1 
    0.404497 8.810166e+21 1.342919e+00 1 
    0.404764 9.480618e+21 1.443209e+00 1 
    0.405030 8.646093e+21 1.314444e+00 1 
    0.405297 8.213792e+21 1.247077e+00 1 
    0.405564 8.651244e+21 1.311766e+00 1 
    0.405830 8.915745e+21 1.350099e+00 1 
    0.406097 1.013374e+22 1.532522e+00 1 
    0.406364 8.825252e+21 1.332886e+00 1 
    0.406630 8.912147e+21 1.344250e+00 1 
    0.406897 9.331846e+21 1.405708e+00 1 
    0.407164 9.877750e+21 1.485989e+00 1 
    0.407430 9.252176e+21 1.390062e+00 1 
    0.407697 9.832008e+21 1.475243e+00 1 
    0.407964 8.815132e+21 1.320935e+00 1 
    0.408230 8.995371e+21 1.346188e+00 1 
    0.408497 9.290480e+21 1.388535e+00 1 
    0.408764 9.330866e+21 1.392750e+00 1 
    0.409030 9.396973e+21 1.400793e+00 1 
    0.409297 8.194837e+21 1.220000e+00 1 
    0.409564 9.336528e+21 1.388156e+00 1 
    0.409830 8.189500e+21 1.216036e+00 1 
    0.410097 8.242998e+21 1.222386e+00 1 
    0.410364 7.826375e+21 1.159094e+00 1 
    0.410630 7.135187e+21 1.055360e+00 1 
    0.410897 7.897631e+21 1.166614e+00 1 
    0.411164 6.959844e+21 1.026753e+00 1 
    0.411430 8.548924e+21 1.259552e+00 1 
    0.411697 8.905380e+21 1.310369e+00 1 
    0.411964 8.803113e+21 1.293642e+00 1 
    0.412230 9.388813e+21 1.377933e+00 1 
    0.412497 9.684996e+21 1.419562e+00 1 
    0.412764 9.596758e+21 1.404809e+00 1 
    0.413030 8.848146e+21 1.293557e+00 1 
    0.413297 8.228347e+21 1.201391e+00 1 
    0.413564 9.054497e+21 1.320308e+00 1 
    0.413830 1.010727e+22 1.471927e+00 1 
    0.414097 9.889577e+21 1.438368e+00 1 
    0.414364 9.010374e+21 1.308806e+00 1 
    0.414631 9.403333e+21 1.364127e+00 1 
    0.414897 8.752554e+21 1.268092e+00 1 
    0.415164 8.512678e+21 1.231752e+00 1 
    0.415431 8.607187e+21 1.243827e+00 1 
    0.415697 8.980674e+21 1.296139e+00 1 
    0.415964 9.144209e+21 1.318048e+00 1 
    0.416231 9.878928e+21 1.422124e+00 1 
    0.416497 1.011938e+22 1.454877e+00 1 
    0.416764 9.695556e+21 1.392159e+00 1 
    0.417031 9.025115e+21 1.294233e+00 1 
    0.417297 8.589113e+21 1.230139e+00 1 
    0.417564 9.410398e+21 1.346041e+00 1 
    0.417831 8.985663e+21 1.283646e+00 1 
    0.418097 9.139135e+21 1.303909e+00 1 
    0.418364 9.482132e+21 1.351120e+00 1 
    0.418631 9.644276e+21 1.372471e+00 1 
    0.418897 9.058241e+21 1.287436e+00 1 
    0.419164 9.487331e+21 1.346705e+00 1 
    0.419431 9.416119e+21 1.334896e+00 1 
    0.419697 9.988663e+21 1.414269e+00 1 
    0.419964 9.852125e+21 1.393164e+00 1 
    0.420231 9.911781e+21 1.399819e+00 1 
    0.420497 9.433668e+21 1.330611e+00 1 
    0.420764 9.504233e+21 1.338864e+00 1 
    0.421031 1.033334e+22 1.453814e+00 1 
    0.421297 9.646473e+21 1.355465e+00 1 
    0.421564 8.468871e+21 1.188488e+00 1 
    0.421831 9.257117e+21 1.297464e+00 1 
    0.422097 9.450986e+21 1.322967e+00 1 
    0.422364 9.826817e+21 1.373838e+00 1 
    0.422631 9.646070e+21 1.346865e+00 1 
    0.422897 9.200535e+21 1.283040e+00 1 
    0.423164 9.769896e+21 1.360721e+00 1 
    0.423431 1.013646e+22 1.409994e+00 1 
    0.423697 9.654006e+21 1.341199e+00 1 
    0.423964 9.686726e+21 1.344050e+00 1 
    0.424231 9.364309e+21 1.297679e+00 1 
    0.424497 9.822486e+21 1.359467e+00 1 
    0.424764 1.019858e+22 1.409745e+00 1 
    0.425031 1.027807e+22 1.418949e+00 1 
    0.425297 1.040836e+22 1.435139e+00 1 
    0.425564 9.752942e+21 1.343081e+00 1 
    0.425831 9.171531e+21 1.261432e+00 1 
    0.426097 9.659181e+21 1.326844e+00 1 
    0.426364 9.525043e+21 1.306780e+00 1 
    0.426631 9.413335e+21 1.289838e+00 1 
    0.426897 9.870668e+21 1.350818e+00 1 
    0.427164 9.750402e+21 1.332692e+00 1 
    0.427431 9.889170e+21 1.349970e+00 1 
    0.427697 9.759367e+21 1.330594e+00 1 
    0.427964 1.017281e+22 1.385234e+00 1 
    0.428231 1.004458e+22 1.366067e+00 1 
    0.428497 1.010597e+22 1.372710e+00 1 
    0.428764 1.069051e+22 1.450301e+00 1 
    0.429031 9.991157e+21 1.353739e+00 1 
    0.429297 9.425962e+21 1.275576e+00 1 
    0.429564 8.912181e+21 1.204550e+00 1 
    0.429831 1.008708e+22 1.361653e+00 1 
    0.430097 9.716008e+21 1.309940e+00 1 
    0.430364 9.348794e+21 1.258868e+00 1 
    0.430631 8.875373e+21 1.193638e+00 1 
    0.430898 8.623857e+21 1.158375e+00 1 
    0.431164 9.289685e+21 1.246271e+00 1 
    0.431431 9.067080e+21 1.214902e+00 1 
    0.431698 9.421563e+21 1.260838e+00 1 
    0.431964 9.743203e+21 1.302276e+00 1 
    0.432231 1.025569e+22 1.369082e+00 1 
    0.432498 1.017898e+22 1.357164e+00 1 
    0.432764 9.745907e+21 1.297826e+00 1 
    0.433031 9.200434e+21 1.223677e+00 1 
    0.433298 8.534585e+21 1.133719e+00 1 
    0.433564 9.114910e+21 1.209323e+00 1 
    0.433831 9.186117e+21 1.217271e+00 1 
    0.434098 9.093691e+21 1.203542e+00 1 
    0.434364 1.007128e+22 1.331293e+00 1 
    0.434631 9.826767e+21 1.297375e+00 1 
    0.434898 9.884826e+21 1.303439e+00 1 
    0.435164 1.001903e+22 1.319521e+00 1 
    0.435431 9.144047e+21 1.202808e+00 1 
    0.435698 8.669414e+21 1.138977e+00 1 
    0.435964 9.796075e+21 1.285426e+00 1 
    0.436231 1.026552e+22 1.345378e+00 1 
    0.436498 1.080518e+22 1.414372e+00 1 
    0.436764 1.041334e+22 1.361422e+00 1 
    0.437031 1.004210e+22 1.311283e+00 1 
    0.437298 1.092985e+22 1.425462e+00 1 
    0.437564 1.037066e+22 1.350889e+00 1 
    0.437831 1.070592e+22 1.392859e+00 1 
    0.438098 1.066800e+22 1.386236e+00 1 
    0.438364 9.673192e+21 1.255441e+00 1 
    0.438631 9.067143e+21 1.175353e+00 1 
    0.438898 9.930978e+21 1.285764e+00 1 
    0.439164 1.048994e+22 1.356488e+00 1 
    0.439431 1.010212e+22 1.304751e+00 1 
    0.439698 9.941620e+21 1.282462e+00 1 
    0.439964 9.588226e+21 1.235379e+00 1 
    0.440231 9.798420e+21 1.260931e+00 1 
    0.440498 1.043311e+22 1.340980e+00 1 
    0.440764 1.028401e+22 1.320222e+00 1 
    0.441031 1.049673e+22 1.345898e+00 1 
    0.441298 1.037982e+22 1.329298e+00 1 
    0.441564 1.039335e+22 1.329427e+00 1 
    0.441831 9.453454e+21 1.207743e+00 1 
    0.442098 1.068806e+22 1.363823e+00 1 
    0.442364 1.050018e+22 1.338238e+00 1 
    0.442631 9.947559e+21 1.266279e+00 1 
    0.442898 1.064379e+22 1.353272e+00 1 
    0.443164 1.110766e+22 1.410555e+00 1 
    0.443431 1.078743e+22 1.368240e+00 1 
    0.443698 1.095480e+22 1.387797e+00 1 
    0.443964 1.201204e+22 1.519910e+00 1 
    0.444231 1.098641e+22 1.388464e+00 1 
    0.444498 1.031212e+22 1.301682e+00 1 
    0.444764 1.085183e+22 1.368170e+00 1 
    0.445031 1.048736e+22 1.320633e+00 1 
    0.445298 1.055244e+22 1.327235e+00 1 
    0.445564 1.058151e+22 1.329302e+00 1 
    0.445831 1.076265e+22 1.350439e+00 1 
    0.446098 1.027696e+22 1.287954e+00 1 
    0.446364 9.726001e+21 1.217454e+00 1 
    0.446631 1.057683e+22 1.322374e+00 1 
    0.446898 1.097486e+22 1.370499e+00 1 
    0.447165 9.993822e+21 1.246501e+00 1 
    0.447431 1.051306e+22 1.309705e+00 1 
    0.447698 1.088988e+22 1.355031e+00 1 
    0.447965 1.108623e+22 1.377819e+00 1 
    0.448231 1.072561e+22 1.331418e+00 1 
    0.448498 1.078121e+22 1.336728e+00 1 
    0.448765 1.117122e+22 1.383436e+00 1 
    0.449031 1.224107e+22 1.514130e+00 1 
    0.449298 1.107854e+22 1.368705e+00 1 
    0.449565 1.052151e+22 1.298343e+00 1 
    0.449831 1.060213e+22 1.306744e+00 1 
    0.450098 1.047652e+22 1.289731e+00 1 
    0.450365 1.152304e+22 1.416884e+00 1 
    0.450631 1.218455e+22 1.496455e+00 1 
    0.450898 1.165319e+22 1.429502e+00 1 
    0.451165 1.178297e+22 1.443712e+00 1 
    0.451431 1.169910e+22 1.431747e+00 1 
    0.451698 1.199185e+22 1.465840e+00 1 
    0.451965 1.125482e+22 1.374123e+00 1 
    0.452231 1.061962e+22 1.295045e+00 1 
    0.452498 1.126947e+22 1.372671e+00 1 
    0.452765 1.206935e+22 1.468368e+00 1 
    0.453031 1.196854e+22 1.454393e+00 1 
    0.453298 1.063016e+22 1.290234e+00 1 
    0.453565 1.105682e+22 1.340441e+00 1 
    0.453831 1.087421e+22 1.316758e+00 1 
    0.454098 1.132735e+22 1.370016e+00 1 
    0.454365 1.140973e+22 1.378358e+00 1 
    0.454631 1.159370e+22 1.398944e+00 1 
    0.454898 1.099507e+22 1.325154e+00 1 
    0.455165 1.125064e+22 1.354366e+00 1 
    0.455431 1.034601e+22 1.244011e+00 1 
    0.455698 1.097909e+22 1.318587e+00 1 
    0.455965 1.210848e+22 1.452523e+00 1 
    0.456231 1.086673e+22 1.302044e+00 1 
    0.456498 1.025479e+22 1.227285e+00 1 
    0.456765 1.053427e+22 1.259260e+00 1 
    0.457031 1.051036e+22 1.254939e+00 1 
    0.457298 1.198620e+22 1.429485e+00 1 
    0.457565 1.095519e+22 1.305001e+00 1 
    0.457831 1.102467e+22 1.311752e+00 1 
    0.458098 1.057820e+22 1.257163e+00 1 
    0.458365 1.146397e+22 1.360845e+00 1 
    0.458631 1.151424e+22 1.365227e+00 1 
    0.458898 1.121202e+22 1.327846e+00 1 
    0.459165 1.089405e+22 1.288690e+00 1 
    0.459431 1.142930e+22 1.350441e+00 1 
    0.459698 1.238847e+22 1.462072e+00 1 
    0.459965 1.178740e+22 1.389520e+00 1 
    0.460231 1.180747e+22 1.390278e+00 1 
    0.460498 1.145238e+22 1.346904e+00 1 
    0.460765 1.186632e+22 1.393971e+00 1 
    0.461031 1.268617e+22 1.488561e+00 1 
    0.461298 1.112260e+22 1.303586e+00 1 
    0.461565 1.244054e+22 1.456364e+00 1 
    0.461831 1.243175e+22 1.453659e+00 1 
    0.462098 1.163104e+22 1.358460e+00 1 
    0.462365 1.249616e+22 1.457818e+00 1 
    0.462631 1.196805e+22 1.394603e+00 1 
    0.462898 1.198787e+22 1.395301e+00 1 
    0.463165 1.253095e+22 1.456831e+00 1 
    0.463432 1.119481e+22 1.299993e+00 1 
    0.463698 1.156213e+22 1.341108e+00 1 
    0.463965 1.216306e+22 1.409188e+00 1 
    0.464232 1.203238e+22 1.392444e+00 1 
    0.464498 1.154571e+22 1.334594e+00 1 
    0.464765 1.174081e+22 1.355588e+00 1 
    0.465032 1.163572e+22 1.341912e+00 1 
    0.465298 1.098733e+22 1.265687e+00 1 
    0.465565 1.187125e+22 1.365942e+00 1 
    0.465832 1.182474e+22 1.359031e+00 1 
    0.466098 1.206837e+22 1.385450e+00 1 
    0.466365 1.214932e+22 1.393146e+00 1 
    0.466632 1.168146e+22 1.337964e+00 1 
    0.466898 1.209839e+22 1.384140e+00 1 
    0.467165 1.148331e+22 1.312270e+00 1 
    0.467432 1.119962e+22 1.278389e+00 1 
    0.467698 1.169952e+22 1.333931e+00 1 
    0.467965 1.119399e+22 1.274837e+00 1 
    0.468232 1.242424e+22 1.413332e+00 1 
    0.468498 1.181222e+22 1.342185e+00 1 
    0.468765 1.226552e+22 1.392105e+00 1 
    0.469032 1.164523e+22 1.320200e+00 1 
    0.469298 1.163043e+22 1.317027e+00 1 
    0.469565 1.156353e+22 1.307963e+00 1 
    0.469832 1.149710e+22 1.298971e+00 1 
    0.470098 1.167647e+22 1.317745e+00 1 
    0.470365 1.179543e+22 1.329658e+00 1 
    0.470632 1.143254e+22 1.287289e+00 1 
    0.470898 1.119405e+22 1.259012e+00 1 
    0.471165 1.230902e+22 1.382846e+00 1 
    0.471432 1.107326e+22 1.242608e+00 1 
    0.471698 1.249683e+22 1.400775e+00 1 
    0.471965 1.217440e+22 1.363089e+00 1 
    0.472232 1.116816e+22 1.249014e+00 1 
    0.472498 1.163939e+22 1.300249e+00 1 
    0.472765 1.193862e+22 1.332171e+00 1 
    0.473032 1.203243e+22 1.341124e+00 1 
    0.473298 1.150944e+22 1.281390e+00 1 
    0.473565 1.055602e+22 1.173918e+00 1 
    0.473832 1.146884e+22 1.273993e+00 1 
    0.474098 1.228438e+22 1.363056e+00 1 
    0.474365 1.038529e+22 1.151038e+00 1 
    0.474632 1.160825e+22 1.285137e+00 1 
    0.474898 1.188272e+22 1.314049e+00 1 
    0.475165 1.081706e+22 1.194859e+00 1 
    0.475432 1.150950e+22 1.269920e+00 1 
    0.475698 1.125051e+22 1.239956e+00 1 
    0.475965 1.236338e+22 1.361080e+00 1 
    0.476232 1.190956e+22 1.309649e+00 1 
    0.476498 1.114201e+22 1.223877e+00 1 
    0.476765 1.162207e+22 1.275179e+00 1 
    0.477032 1.068429e+22 1.170973e+00 1 
    0.477298 1.216983e+22 1.332299e+00 1 
    0.477565 1.213962e+22 1.327506e+00 1 
    0.477832 1.189033e+22 1.298793e+00 1 
    0.478098 1.162484e+22 1.268380e+00 1 
    0.478365 1.157903e+22 1.261972e+00 1 
    0.478632 1.192622e+22 1.298362e+00 1 
    0.478898 1.197136e+22 1.301829e+00 1 
    0.479165 1.231774e+22 1.338004e+00 1 
    0.479432 1.207213e+22 1.309865e+00 1 
    0.479698 1.198672e+22 1.299155e+00 1 
    0.479965 1.263704e+22 1.368115e+00 1 
    0.480232 1.336261e+22 1.445059e+00 1 
    0.480499 1.165147e+22 1.258613e+00 1 
    0.480765 1.199619e+22 1.294416e+00 1 
    0.481032 1.174478e+22 1.265883e+00 1 
    0.481299 1.154347e+22 1.242804e+00 1 
    0.481565 1.193469e+22 1.283506e+00 1 
    0.481832 1.198784e+22 1.287793e+00 1 
    0.482099 1.255297e+22 1.347008e+00 1 
    0.482365 1.341263e+22 1.437668e+00 1 
    0.482632 1.203673e+22 1.288762e+00 1 
    0.482899 1.145642e+22 1.225272e+00 1 
    0.483165 1.095727e+22 1.170599e+00 1 
    0.483432 1.024816e+22 1.093633e+00 1 
    0.483699 1.238981e+22 1.320720e+00 1 
    0.483965 1.212018e+22 1.290559e+00 1 
    0.484232 1.033542e+22 1.099303e+00 1 
    0.484499 1.124889e+22 1.195144e+00 1 
    0.484765 1.141970e+22 1.211961e+00 1 
    0.485032 1.097931e+22 1.163940e+00 1 
    0.485299 1.109238e+22 1.174633e+00 1 
    0.485565 1.098107e+22 1.161573e+00 1 
    0.485832 1.288944e+22 1.361941e+00 1 
    0.486099 1.530946e+22 1.615872e+00 1 
    0.486365 1.793579e+22 1.891004e+00 1 
    0.486632 1.780041e+22 1.874672e+00 1 
    0.486899 1.623409e+22 1.707838e+00 1 
    0.487165 1.263857e+22 1.328135e+00 1 
    0.487432 1.165082e+22 1.222996e+00 1 
    0.487699 1.001040e+22 1.049649e+00 1 
    0.487965 1.118052e+22 1.171066e+00 1 
    0.488232 1.113821e+22 1.165358e+00 1 
    0.488499 1.082278e+22 1.131118e+00 1 
    0.488765 1.038873e+22 1.084573e+00 1 
    0.489032 1.120726e+22 1.168749e+00 1 
    0.489299 1.156608e+22 1.204852e+00 1 
    0.489565 1.195152e+22 1.243652e+00 1 
    0.489832 1.165259e+22 1.211224e+00 1 
    0.490099 1.193748e+22 1.239485e+00 1 
    0.490365 1.169615e+22 1.213110e+00 1 
    0.490632 1.245398e+22 1.290306e+00 1 
    0.490899 1.160474e+22 1.201012e+00 1 
    0.491165 1.201224e+22 1.241840e+00 1 
    0.491432 1.275823e+22 1.317528e+00 1 
    0.491699 1.194545e+22 1.232254e+00 1 
    0.491965 1.073174e+22 1.105856e+00 1 
    0.492232 1.212740e+22 1.248316e+00 1 
    0.492499 1.100703e+22 1.131764e+00 1 
    0.492765 1.157628e+22 1.189011e+00 1 
    0.493032 1.208640e+22 1.240062e+00 1 
    0.493299 1.349809e+22 1.383401e+00 1 
    0.493565 1.246137e+22 1.275773e+00 1 
    0.493832 1.272312e+22 1.301163e+00 1 
    0.494099 1.236237e+22 1.262903e+00 1 
    0.494365 1.233562e+22 1.258816e+00 1 
    0.494632 1.188631e+22 1.211655e+00 1 
    0.494899 1.353645e+22 1.378377e+00 1 
    0.495165 1.237117e+22 1.258367e+00 1 
    0.495432 1.189583e+22 1.208713e+00 1 
    0.495699 1.295669e+22 1.315086e+00 1 
    0.495965 1.444528e+22 1.464605e+00 1 
    0.496232 1.502850e+22 1.522097e+00 1 
    0.496499 1.389265e+22 1.405545e+00 1 
    0.496766 1.424672e+22 1.439817e+00 1 
    0.497032 1.332777e+22 1.345505e+00 1 
    0.497299 1.202764e+22 1.212946e+00 1 
    0.497566 1.323775e+22 1.333550e+00 1 
    0.497832 1.326336e+22 1.334702e+00 1 
    0.498099 1.270133e+22 1.276775e+00 1 
    0.498366 1.252748e+22 1.257950e+00 1 
    0.498632 1.212675e+22 1.216411e+00 1 
    0.498899 1.202099e+22 1.204512e+00 1 
    0.499166 1.186299e+22 1.187410e+00 1 
    0.499432 1.248712e+22 1.248550e+00 1 
    0.499699 1.275091e+22 1.273563e+00 1 
    0.499966 1.182263e+22 1.179586e+00 1 
    0.500232 1.249313e+22 1.245159e+00 1 
    0.500499 1.624474e+22 1.617346e+00 1 
    0.500766 2.004926e+22 1.994000e+00 1 
    0.501032 2.125549e+22 2.111722e+00 1 
    0.501299 2.003594e+22 1.988440e+00 1 
    0.501566 1.648366e+22 1.634158e+00 1 
    0.501832 1.369679e+22 1.356433e+00 1 
    0.502099 1.300973e+22 1.287022e+00 1 
    0.502366 1.249115e+22 1.234407e+00 1 
    0.502632 1.176531e+22 1.161447e+00 1 
    0.502899 1.139311e+22 1.123511e+00 1 
    0.503166 1.280894e+22 1.261790e+00 1 
    0.503432 1.309660e+22 1.288764e+00 1 
    0.503699 1.235856e+22 1.214849e+00 1 
    0.503966 1.169605e+22 1.148506e+00 1 
    0.504232 1.279709e+22 1.255298e+00 1 
    0.504499 1.185396e+22 1.161553e+00 1 
    0.504766 1.179353e+22 1.154410e+00 1 
    0.505032 1.264669e+22 1.236618e+00 1 
    0.505299 1.252630e+22 1.223552e+00 1 
    0.505566 1.233374e+22 1.203471e+00 1 
    0.505832 1.254908e+22 1.223195e+00 1 
    0.506099 1.185076e+22 1.153909e+00 1 
    0.506366 1.315650e+22 1.279699e+00 1 
    0.506632 1.187686e+22 1.154019e+00 1 
    0.506899 1.187975e+22 1.153084e+00 1 
    0.507166 1.239046e+22 1.201389e+00 1 
    0.507432 1.150626e+22 1.114487e+00 1 
    0.507699 1.164725e+22 1.126957e+00 1 
    0.507966 1.299435e+22 1.255977e+00 1 
    0.508232 1.212855e+22 1.171066e+00 1 
    0.508499 1.132604e+22 1.092431e+00 1 
    0.508766 1.229966e+22 1.185096e+00 1 
    0.509032 1.300815e+22 1.252050e+00 1 
    0.509299 1.272802e+22 1.223804e+00 1 
    0.509566 1.427128e+22 1.370750e+00 1 
    0.509832 1.355833e+22 1.300914e+00 1 
    0.510099 1.331734e+22 1.276453e+00 1 
    0.510366 1.195696e+22 1.144864e+00 1 
    0.510632 1.231223e+22 1.177652e+00 1 
    0.510899 1.200451e+22 1.147019e+00 1 
    0.511166 1.258838e+22 1.201551e+00 1 
    0.511432 1.250572e+22 1.192421e+00 1 
    0.511699 1.222600e+22 1.164533e+00 1 
    0.511966 1.269834e+22 1.208262e+00 1 
    0.512232 1.264947e+22 1.202362e+00 1 
    0.512499 1.254112e+22 1.190822e+00 1 
    0.512766 1.198361e+22 1.136699e+00 1 
    0.513033 1.281513e+22 1.214308e+00 1 
    0.513299 1.211832e+22 1.147091e+00 1 
    0.513566 1.172499e+22 1.108706e+00 1 
    0.513833 1.191118e+22 1.125142e+00 1 
    0.514099 1.229627e+22 1.160316e+00 1 
    0.514366 1.268119e+22 1.195396e+00 1 
    0.514633 1.228483e+22 1.156832e+00 1 
    0.514899 1.387818e+22 1.305524e+00 1 
    0.515166 1.224023e+22 1.150248e+00 1 
    0.515433 1.322702e+22 1.241692e+00 1 
    0.515699 1.220416e+22 1.144489e+00 1 
    0.515966 1.235163e+22 1.157121e+00 1 
    0.516233 1.223613e+22 1.145114e+00 1 
    0.516499 1.327088e+22 1.240672e+00 1 
    0.516766 1.204661e+22 1.125054e+00 1 
    0.517033 1.203500e+22 1.122809e+00 1 
    0.517299 1.242037e+22 1.157571e+00 1 
    0.517566 1.301081e+22 1.211349e+00 1 
    0.517833 1.192796e+22 1.109387e+00 1 
    0.518099 1.261525e+22 1.172106e+00 1 
    0.518366 1.192547e+22 1.106876e+00 1 
    0.518633 1.102543e+22 1.022284e+00 1 
    0.518899 1.120997e+22 1.038329e+00 1 
    0.519166 1.239885e+22 1.147269e+00 1 
    0.519433 1.328344e+22 1.227857e+00 1 
    0.519699 1.288918e+22 1.190194e+00 1 
    0.519966 1.350993e+22 1.246234e+00 1 
    0.520233 1.304904e+22 1.202484e+00 1 
    0.520499 1.317606e+22 1.212948e+00 1 
    0.520766 1.246720e+22 1.146516e+00 1 
    0.521033 1.262744e+22 1.160063e+00 1 
    0.521299 1.315012e+22 1.206847e+00 1 
    0.521566 1.280794e+22 1.174240e+00 1 
    0.521833 1.129161e+22 1.034164e+00 1 
    0.522099 1.308323e+22 1.197032e+00 1 
    0.522366 1.239943e+22 1.133309e+00 1 
    0.522633 1.235411e+22 1.128014e+00 1 
    0.522899 1.304879e+22 1.190231e+00 1 
    0.523166 1.265583e+22 1.153209e+00 1 
    0.523433 1.360551e+22 1.238481e+00 1 
    0.523699 1.306921e+22 1.188454e+00 1 
    0.523966 1.207945e+22 1.097330e+00 1 
    0.524233 1.341994e+22 1.217862e+00 1 
    0.524499 1.333225e+22 1.208678e+00 1 
    0.524766 1.401651e+22 1.269419e+00 1 
    0.525033 1.156877e+22 1.046671e+00 1 
    0.525299 1.166470e+22 1.054282e+00 1 
    0.525566 1.253870e+22 1.132125e+00 1 
    0.525833 1.270242e+22 1.145743e+00 1 
    0.526099 1.341890e+22 1.209145e+00 1 
    0.526366 1.274515e+22 1.147270e+00 1 
    0.526633 1.312943e+22 1.180663e+00 1 
    0.526899 1.271166e+22 1.141942e+00 1 
    0.527166 1.232942e+22 1.106482e+00 1 
    0.527433 1.265054e+22 1.134151e+00 1 
    0.527699 1.322595e+22 1.184543e+00 1 
    0.527966 1.316571e+22 1.177955e+00 1 
    0.528233 1.301981e+22 1.163724e+00 1 
    0.528499 1.218206e+22 1.087749e+00 1 
    0.528766 1.319136e+22 1.176682e+00 1 
    0.529033 1.320890e+22 1.177057e+00 1 
    0.529300 1.302508e+22 1.159506e+00 1 
    0.529566 1.402369e+22 1.247150e+00 1 
    0.529833 1.353872e+22 1.202807e+00 1 
    0.530100 1.321996e+22 1.173305e+00 1 
    0.530366 1.223143e+22 1.084482e+00 1 
    0.530633 1.384969e+22 1.226728e+00 1 
    0.530900 1.350102e+22 1.194641e+00 1 
    0.531166 1.364816e+22 1.206452e+00 1 
    0.531433 1.369743e+22 1.209591e+00 1 
    0.531700 1.309037e+22 1.154822e+00 1 
    0.531966 1.295059e+22 1.141349e+00 1 
    0.532233 1.338956e+22 1.178852e+00 1 
    0.532500 1.402321e+22 1.233402e+00 1 
    0.532766 1.254028e+22 1.101871e+00 1 
    0.533033 1.245103e+22 1.092933e+00 1 
    0.533300 1.246104e+22 1.092716e+00 1 
    0.533566 1.386805e+22 1.214886e+00 1 
    0.533833 1.270312e+22 1.111721e+00 1 
    0.534100 1.313390e+22 1.148273e+00 1 
    0.534366 1.428092e+22 1.247312e+00 1 
    0.534633 1.353589e+22 1.181059e+00 1 
    0.534900 1.277164e+22 1.113263e+00 1 
    0.535166 1.267475e+22 1.103719e+00 1 
    0.535433 1.427364e+22 1.241712e+00 1 
    0.535700 1.343613e+22 1.167689e+00 1 
    0.535966 1.309173e+22 1.136630e+00 1 
    0.536233 1.496224e+22 1.297735e+00 1 
    0.536500 1.446725e+22 1.253554e+00 1 
    0.536766 1.321211e+22 1.143664e+00 1 
    0.537033 1.317751e+22 1.139535e+00 1 
    0.537300 1.358941e+22 1.173988e+00 1 
    0.537566 1.288745e+22 1.112243e+00 1 
    0.537833 1.400748e+22 1.207707e+00 1 
    0.538100 1.466263e+22 1.262939e+00 1 
    0.538366 1.305972e+22 1.123764e+00 1 
    0.538633 1.474724e+22 1.267714e+00 1 
    0.538900 1.338776e+22 1.149709e+00 1 
    0.539166 1.345916e+22 1.154700e+00 1 
    0.539433 1.501762e+22 1.287130e+00 1 
    0.539700 1.427401e+22 1.222187e+00 1 
    0.539966 1.259622e+22 1.077467e+00 1 
    0.540233 1.299442e+22 1.110430e+00 1 
    0.540500 1.255406e+22 1.071740e+00 1 
    0.540766 1.357430e+22 1.157697e+00 1 
    0.541033 1.278736e+22 1.089506e+00 1 
    0.541300 1.420698e+22 1.209267e+00 1 
    0.541566 1.149408e+22 9.773897e-01 1 
    0.541833 1.236830e+22 1.050692e+00 1 
    0.542100 1.311080e+22 1.112672e+00 1 
    0.542366 1.403953e+22 1.190321e+00 1 
    0.542633 1.458150e+22 1.235055e+00 1 
    0.542900 1.285942e+22 1.088123e+00 1 
    0.543166 1.438241e+22 1.215802e+00 1 
    0.543433 1.337129e+22 1.129218e+00 1 
    0.543700 1.399506e+22 1.180735e+00 1 
    0.543966 1.377354e+22 1.160909e+00 1 
    0.544233 1.296912e+22 1.092037e+00 1 
    0.544500 1.385111e+22 1.165160e+00 1 
    0.544766 1.348439e+22 1.133203e+00 1 
    0.545033 1.347366e+22 1.131192e+00 1 
    0.545300 1.447357e+22 1.213951e+00 1 
    0.545567 1.351224e+22 1.132212e+00 1 
    0.545833 1.388559e+22 1.162362e+00 1 
    0.546100 1.383265e+22 1.156798e+00 1 
    0.546367 1.362708e+22 1.138493e+00 1 
    0.546633 1.208081e+22 1.008325e+00 1 
    0.546900 1.358763e+22 1.132985e+00 1 
    0.547167 1.404765e+22 1.170201e+00 1 
    0.547433 1.301880e+22 1.083442e+00 1 
    0.547700 1.411412e+22 1.173450e+00 1 
    0.547967 1.366423e+22 1.134940e+00 1 
    0.548233 1.338775e+22 1.110897e+00 1 
    0.548500 1.465736e+22 1.215064e+00 1 
    0.548767 1.312498e+22 1.086974e+00 1 
    0.549033 1.401310e+22 1.159401e+00 1 
    0.549300 1.406818e+22 1.162827e+00 1 
    0.549567 1.392647e+22 1.149996e+00 1 
    0.549833 1.401199e+22 1.155938e+00 1 
    0.550100 1.426987e+22 1.176070e+00 1 
    0.550367 1.412788e+22 1.163239e+00 1 
    0.550633 1.363088e+22 1.121233e+00 1 
    0.550900 1.247671e+22 1.025300e+00 1 
    0.551167 1.424921e+22 1.169824e+00 1 
    0.551433 1.567768e+22 1.285857e+00 1 
    0.551700 1.526821e+22 1.251061e+00 1 
    0.551967 1.292798e+22 1.058281e+00 1 
    0.552233 1.391230e+22 1.137760e+00 1 
    0.552500 1.374520e+22 1.123008e+00 1 
    0.552767 1.358436e+22 1.108795e+00 1 
    0.553033 1.293531e+22 1.054802e+00 1 
    0.553300 1.405553e+22 1.145044e+00 1 
    0.553567 1.429662e+22 1.163562e+00 1 
    0.553833 1.590140e+22 1.292927e+00 1 
    0.554100 1.340167e+22 1.088627e+00 1 
    0.554367 1.495358e+22 1.213520e+00 1 
    0.554633 1.359437e+22 1.102158e+00 1 
    0.554900 1.406693e+22 1.139374e+00 1 
    0.555167 1.459871e+22 1.181309e+00 1 
    0.555433 1.499853e+22 1.212500e+00 1 
    0.555700 1.514847e+22 1.223445e+00 1 
    0.555967 1.439795e+22 1.161714e+00 1 
    0.556233 1.300263e+22 1.048127e+00 1 
    0.556500 1.560145e+22 1.256409e+00 1 
    0.556767 1.426656e+22 1.147807e+00 1 
    0.557033 1.393553e+22 1.120103e+00 1 
    0.557300 1.499470e+22 1.204083e+00 1 
    0.557567 1.388953e+22 1.114269e+00 1 
    0.557833 1.490005e+22 1.194197e+00 1 
    0.558100 1.413261e+22 1.131604e+00 1 
    0.558367 1.422665e+22 1.138045e+00 1 
    0.558633 1.537753e+22 1.228937e+00 1 
    0.558900 1.500946e+22 1.198376e+00 1 
    0.559167 1.411199e+22 1.125646e+00 1 
    0.559433 1.360821e+22 1.084429e+00 1 
    0.559700 1.350466e+22 1.075151e+00 1 
    0.559967 1.479900e+22 1.177075e+00 1 
    0.560233 1.387479e+22 1.102518e+00 1 
    0.560500 1.323746e+22 1.050872e+00 1 
    0.560767 1.469380e+22 1.165375e+00 1 
    0.561033 1.480312e+22 1.172932e+00 1 
    0.561300 1.313472e+22 1.039746e+00 1 
    0.561567 1.405232e+22 1.111326e+00 1 
    0.561834 1.489647e+22 1.176966e+00 1 
    0.562100 1.389398e+22 1.096720e+00 1 
    0.562367 1.460096e+22 1.151432e+00 1 
    0.562634 1.488244e+22 1.172516e+00 1 
    0.562900 1.468749e+22 1.156063e+00 1 
    0.563167 1.401522e+22 1.102103e+00 1 
    0.563434 1.540949e+22 1.210594e+00 1 
    0.563700 1.575216e+22 1.236347e+00 1 
    0.563967 1.488990e+22 1.167565e+00 1 
    0.564234 1.433041e+22 1.122630e+00 1 
    0.564500 1.377214e+22 1.077879e+00 1 
    0.564767 1.367913e+22 1.069587e+00 1 
    0.565034 1.431043e+22 1.117893e+00 1 
    0.565300 1.419128e+22 1.107541e+00 1 
    0.565567 1.332735e+22 1.039135e+00 1 
    0.565834 1.401281e+22 1.091550e+00 1 
    0.566100 1.447635e+22 1.126598e+00 1 
    0.566367 1.457123e+22 1.132914e+00 1 
    0.566634 1.420955e+22 1.103752e+00 1 
    0.566900 1.435312e+22 1.113858e+00 1 
    0.567167 1.454160e+22 1.127423e+00 1 
    0.567434 1.460045e+22 1.130921e+00 1 
    0.567700 1.501163e+22 1.161680e+00 1 
    0.567967 1.454737e+22 1.124695e+00 1 
    0.568234 1.442978e+22 1.114555e+00 1 
    0.568500 1.425496e+22 1.100023e+00 1 
    0.568767 1.401254e+22 1.080300e+00 1 
    0.569034 1.382905e+22 1.065154e+00 1 
    0.569300 1.481864e+22 1.140308e+00 1 
    0.569567 1.570339e+22 1.207258e+00 1 
    0.569834 1.572277e+22 1.207616e+00 1 
    0.570100 1.416204e+22 1.086726e+00 1 
    0.570367 1.379937e+22 1.057906e+00 1 
    0.570634 1.395425e+22 1.068779e+00 1 
    0.570900 1.287637e+22 9.853030e-01 1 
    0.571167 1.327453e+22 1.014821e+00 1 
    0.571434 1.451241e+22 1.108418e+00 1 
    0.571700 1.482109e+22 1.130941e+00 1 
    0.571967 1.518329e+22 1.157498e+00 1 
    0.572234 1.545449e+22 1.177074e+00 1 
    0.572500 1.336346e+22 1.016868e+00 1 
    0.572767 1.497558e+22 1.138477e+00 1 
    0.573034 1.758631e+22 1.335705e+00 1 
    0.573300 1.601564e+22 1.215281e+00 1 
    0.573567 1.453623e+22 1.101996e+00 1 
    0.573834 1.534345e+22 1.162109e+00 1 
    0.574100 1.412835e+22 1.069087e+00 1 
    0.574367 1.491268e+22 1.127387e+00 1 
    0.574634 1.517552e+22 1.146192e+00 1 
    0.574900 1.434635e+22 1.082563e+00 1 
    0.575167 1.581353e+22 1.192167e+00 1 
    0.575434 1.514538e+22 1.140737e+00 1 
    0.575700 1.432931e+22 1.078274e+00 1 
    0.575967 1.527133e+22 1.148096e+00 1 
    0.576234 1.397768e+22 1.049866e+00 1 
    0.576500 1.394662e+22 1.046566e+00 1 
    0.576767 1.593658e+22 1.194787e+00 1 
    0.577034 1.663746e+22 1.246180e+00 1 
    0.577300 1.652790e+22 1.236833e+00 1 
    0.577567 1.508387e+22 1.127729e+00 1 
    0.577834 1.620651e+22 1.210542e+00 1 
    0.578101 1.473278e+22 1.099445e+00 1 
    0.578367 1.371770e+22 1.022753e+00 1 
    0.578634 1.410905e+22 1.050960e+00 1 
    0.578901 1.606626e+22 1.195646e+00 1 
    0.579167 1.418358e+22 1.054569e+00 1 
    0.579434 1.531295e+22 1.137489e+00 1 
    0.579701 1.384630e+22 1.027596e+00 1 
    0.579967 1.495441e+22 1.108815e+00 1 
    0.580234 1.456993e+22 1.079313e+00 1 
    0.580501 1.600826e+22 1.184772e+00 1 
    0.580767 1.615839e+22 1.194788e+00 1 
    0.581034 1.488049e+22 1.099285e+00 1 
    0.581301 1.717228e+22 1.267425e+00 1 
    0.581567 1.451967e+22 1.070665e+00 1 
    0.581834 1.558037e+22 1.147826e+00 1 
    0.582101 1.414648e+22 1.041234e+00 1 
    0.582367 1.408672e+22 1.035888e+00 1 
    0.582634 1.638822e+22 1.204028e+00 1 
    0.582901 1.595022e+22 1.170775e+00 1 
    0.583167 1.498849e+22 1.099179e+00 1 
    0.583434 1.575263e+22 1.154160e+00 1 
    0.583701 1.523753e+22 1.115399e+00 1 
    0.583967 1.522814e+22 1.113696e+00 1 
    0.584234 1.494023e+22 1.091641e+00 1 
    0.584501 1.527711e+22 1.115237e+00 1 
    0.584767 1.447199e+22 1.055502e+00 1 
    0.585034 1.356934e+22 9.887650e-01 1 
    0.585301 1.494701e+22 1.088159e+00 1 
    0.585567 1.325832e+22 9.643436e-01 1 
    0.585834 1.404331e+22 1.020509e+00 1 
    0.586101 1.549854e+22 1.125232e+00 1 
    0.586367 1.559527e+22 1.131229e+00 1 
    0.586634 1.485870e+22 1.076819e+00 1 
    0.586901 1.434110e+22 1.038363e+00 1 
    0.587167 1.648152e+22 1.192258e+00 1 
    0.587434 1.669810e+22 1.206828e+00 1 
    0.587701 1.691680e+22 1.221523e+00 1 
    0.587967 1.739903e+22 1.255208e+00 1 
    0.588234 1.755150e+22 1.265058e+00 1 
    0.588501 1.367183e+22 9.845293e-01 1 
    0.588767 1.418604e+22 1.020636e+00 1 
    0.589034 1.411053e+22 1.014282e+00 1 
    0.589301 1.576794e+22 1.132393e+00 1 
    0.589567 1.511771e+22 1.084716e+00 1 
    0.589834 1.363597e+22 9.775141e-01 1 
    0.590101 1.334264e+22 9.556206e-01 1 
    0.590367 1.427629e+22 1.021569e+00 1 
    0.590634 1.506177e+22 1.076802e+00 1 
    0.590901 1.660309e+22 1.185921e+00 1 
    0.591167 1.571737e+22 1.121646e+00 1 
    0.591434 1.495361e+22 1.066178e+00 1 
    0.591701 1.597825e+22 1.138207e+00 1 
    0.591967 1.450532e+22 1.032354e+00 1 
    0.592234 1.611281e+22 1.145727e+00 1 
    0.592501 1.481664e+22 1.052611e+00 1 
    0.592767 1.480343e+22 1.050729e+00 1 
    0.593034 1.655821e+22 1.174223e+00 1 
    0.593301 1.580543e+22 1.119832e+00 1 
    0.593567 1.462034e+22 1.034938e+00 1 
    0.593834 1.394233e+22 9.860560e-01 1 
    0.594101 1.367042e+22 9.659570e-01 1 
    0.594368 1.564906e+22 1.104775e+00 1 
    0.594634 1.668686e+22 1.176987e+00 1 
    0.594901 1.529443e+22 1.077806e+00 1 
    0.595168 1.428766e+22 1.005954e+00 1 
    0.595434 1.406246e+22 9.892143e-01 1 
    0.595701 1.471413e+22 1.034129e+00 1 
    0.595968 1.551186e+22 1.089217e+00 1 
    0.596234 1.567077e+22 1.099394e+00 1 
    0.596501 1.487196e+22 1.042419e+00 1 
    0.596768 1.570677e+22 1.099948e+00 1 
    0.597034 1.634813e+22 1.143843e+00 1 
    0.597301 1.459896e+22 1.020545e+00 1 
    0.597568 1.381373e+22 9.647896e-01 1 
    0.597834 1.478808e+22 1.031923e+00 1 
    0.598101 1.560999e+22 1.088303e+00 1 
    0.598368 1.792932e+22 1.248888e+00 1 
    0.598634 1.621516e+22 1.128483e+00 1 
    0.598901 1.560145e+22 1.084804e+00 1 
    0.599168 1.550376e+22 1.077051e+00 1 
    0.599434 1.539502e+22 1.068548e+00 1 
    0.599701 1.444533e+22 1.001739e+00 1 
    0.599968 1.559543e+22 1.080532e+00 1 
    0.600234 1.569977e+22 1.086797e+00 1 
    0.600501 1.580116e+22 1.092844e+00 1 
    0.600768 1.621382e+22 1.120387e+00 1 
    0.601034 1.589526e+22 1.097403e+00 1 
    0.601301 1.526420e+22 1.052899e+00 1 
    0.601568 1.583600e+22 1.091371e+00 1 
    0.601834 1.522510e+22 1.048342e+00 1 
    0.602101 1.657436e+22 1.140235e+00 1 
    0.602368 1.639481e+22 1.126883e+00 1 
    0.602634 1.527187e+22 1.048773e+00 1 
    0.602901 1.555948e+22 1.067578e+00 1 
    0.603168 1.684229e+22 1.154572e+00 1 
    0.603434 1.654488e+22 1.133184e+00 1 
    0.603701 1.523604e+22 1.042617e+00 1 
    0.603968 1.602560e+22 1.095678e+00 1 
    0.604234 1.597145e+22 1.091015e+00 1 
    0.604501 1.606233e+22 1.096253e+00 1 
    0.604768 1.617255e+22 1.102802e+00 1 
    0.605034 1.458515e+22 9.936832e-01 1 
    0.605301 1.497815e+22 1.019558e+00 1 
    0.605568 1.490059e+22 1.013384e+00 1 
    0.605834 1.664638e+22 1.131121e+00 1 
    0.606101 1.654368e+22 1.123152e+00 1 
    0.606368 1.626935e+22 1.103556e+00 1 
    0.606634 1.628049e+22 1.103343e+00 1 
    0.606901 1.718977e+22 1.163941e+00 1 
    0.607168 1.639215e+22 1.108957e+00 1 
    0.607434 1.703442e+22 1.151399e+00 1 
    0.607701 1.581619e+22 1.068116e+00 1 
    0.607968 1.512478e+22 1.020526e+00 1 
    0.608234 1.626960e+22 1.096811e+00 1 
    0.608501 1.591861e+22 1.072208e+00 1 
    0.608768 1.589630e+22 1.069766e+00 1 
    0.609034 1.645841e+22 1.106627e+00 1 
    0.609301 1.578500e+22 1.060418e+00 1 
    0.609568 1.531144e+22 1.027704e+00 1 
    0.609834 1.551482e+22 1.040447e+00 1 
    0.610101 1.570917e+22 1.052559e+00 1 
    0.610368 1.680343e+22 1.124892e+00 1 
    0.610634 1.719586e+22 1.150161e+00 1 
    0.610901 1.559573e+22 1.042223e+00 1 
    0.611168 1.453056e+22 9.701918e-01 1 
    0.611435 1.564853e+22 1.043925e+00 1 
    0.611701 1.443397e+22 9.620642e-01 1 
    0.611968 1.781859e+22 1.186622e+00 1 
    0.612235 1.562720e+22 1.039780e+00 1 
    0.612501 1.744179e+22 1.159509e+00 1 
    0.612768 1.682318e+22 1.117409e+00 1 
    0.613035 1.537469e+22 1.020310e+00 1 
    0.613301 1.494395e+22 9.908654e-01 1 
    0.613568 1.656430e+22 1.097347e+00 1 
    0.613835 1.494610e+22 9.892840e-01 1 
    0.614101 1.753304e+22 1.159509e+00 1 
    0.614368 1.522030e+22 1.005686e+00 1 
    0.614635 1.656894e+22 1.093847e+00 1 
    0.614901 1.684367e+22 1.111023e+00 1 
    0.615168 1.587043e+22 1.045918e+00 1 
    0.615435 1.577137e+22 1.038488e+00 1 
    0.615701 1.586960e+22 1.044053e+00 1 
    0.615968 1.500267e+22 9.861628e-01 1 
    0.616235 1.566486e+22 1.028798e+00 1 
    0.616501 1.635361e+22 1.073106e+00 1 
    0.616768 1.461934e+22 9.584744e-01 1 
    0.617035 1.635425e+22 1.071291e+00 1 
    0.617301 1.367130e+22 8.947721e-01 1 
    0.617568 1.518252e+22 9.928204e-01 1 
    0.617835 1.524177e+22 9.958340e-01 1 
    0.618101 1.611011e+22 1.051662e+00 1 
    0.618368 1.604973e+22 1.046816e+00 1 
    0.618635 1.583007e+22 1.031598e+00 1 
    0.618901 1.632547e+22 1.062967e+00 1 
    0.619168 1.562512e+22 1.016489e+00 1 
    0.619435 1.521260e+22 9.887999e-01 1 
    0.619701 1.593969e+22 1.035171e+00 1 
    0.619968 1.418072e+22 9.201449e-01 1 
    0.620235 1.494607e+22 9.689711e-01 1 
    0.620501 1.536892e+22 9.955314e-01 1 
    0.620768 1.656939e+22 1.072369e+00 1 
    0.621035 1.519195e+22 9.823758e-01 1 
    0.621301 1.635457e+22 1.056651e+00 1 
    0.621568 1.651344e+22 1.065999e+00 1 
    0.621835 1.509590e+22 9.736548e-01 1 
    0.622101 1.475493e+22 9.508494e-01 1 
    0.622368 1.618642e+22 1.042204e+00 1 
    0.622635 1.656961e+22 1.065962e+00 1 
    0.622901 1.459106e+22 9.378754e-01 1 
    0.623168 1.350909e+22 8.675854e-01 1 
    0.623435 1.492087e+22 9.574329e-01 1 
    0.623701 1.488158e+22 9.540975e-01 1 
    0.623968 1.690790e+22 1.083082e+00 1 
    0.624235 1.651133e+22 1.056774e+00 1 
    0.624501 1.634276e+22 1.045095e+00 1 
    0.624768 1.665414e+22 1.064097e+00 1 
    0.625035 1.689295e+22 1.078433e+00 1 
    0.625301 1.645780e+22 1.049760e+00 1 
    0.625568 1.580424e+22 1.007212e+00 1 
    0.625835 1.624128e+22 1.034182e+00 1 
    0.626101 1.615810e+22 1.028012e+00 1 
    0.626368 1.629579e+22 1.035888e+00 1 
    0.626635 1.510298e+22 9.592456e-01 1 
    0.626901 1.557845e+22 9.886052e-01 1 
    0.627168 1.643565e+22 1.042115e+00 1 
    0.627435 1.659182e+22 1.051122e+00 1 
    0.627702 1.607665e+22 1.017618e+00 1 
    0.627968 1.499311e+22 9.482286e-01 1 
    0.628235 1.470284e+22 9.290808e-01 1 
    0.628502 1.441576e+22 9.101663e-01 1 
    0.628768 1.491983e+22 9.411944e-01 1 
    0.629035 1.567157e+22 9.877776e-01 1 
    0.629302 1.718991e+22 1.082560e+00 1 
    0.629568 1.919677e+22 1.207923e+00 1 
    0.629835 1.870698e+22 1.176106e+00 1 
    0.630102 1.894736e+22 1.190209e+00 1 
    0.630368 2.160118e+22 1.355769e+00 1 
    0.630635 2.051321e+22 1.286394e+00 1 
    0.630902 1.746073e+22 1.094044e+00 1 
    0.631168 1.650925e+22 1.033555e+00 1 
    0.631435 1.627075e+22 1.017763e+00 1 
    0.631702 1.582023e+22 9.887459e-01 1 
    0.631968 1.609652e+22 1.005167e+00 1 
    0.632235 1.657373e+22 1.034093e+00 1 
    0.632502 1.649445e+22 1.028278e+00 1 
    0.632768 1.577633e+22 9.826827e-01 1 
    0.633035 1.578905e+22 9.826457e-01 1 
    0.633302 1.695838e+22 1.054531e+00 1 
    0.633568 1.520164e+22 9.444966e-01 1 
    0.633835 1.620534e+22 1.006010e+00 1 
    0.634102 1.713983e+22 1.063126e+00 1 
    0.634368 1.552815e+22 9.623515e-01 1 
    0.634635 1.510247e+22 9.351824e-01 1 
    0.634902 1.668019e+22 1.032010e+00 1 
    0.635168 1.473889e+22 9.111376e-01 1 
    0.635435 1.653333e+22 1.021209e+00 1 
    0.635702 1.363112e+22 8.412417e-01 1 
    0.635968 1.669234e+22 1.029303e+00 1 
    0.636235 1.401690e+22 8.636015e-01 1 
    0.636502 1.839297e+22 1.132267e+00 1 
    0.636768 1.664363e+22 1.023722e+00 1 
    0.637035 1.603185e+22 9.852659e-01 1 
    0.637302 1.620103e+22 9.948294e-01 1 
    0.637568 1.864683e+22 1.144059e+00 1 
    0.637835 1.547031e+22 9.483718e-01 1 
    0.638102 1.674359e+22 1.025569e+00 1 
    0.638368 1.566567e+22 9.587449e-01 1 
    0.638635 1.574801e+22 9.629789e-01 1 
    0.638902 1.713187e+22 1.046725e+00 1 
    0.639168 1.361441e+22 8.311228e-01 1 
    0.639435 1.433566e+22 8.744223e-01 1 
    0.639702 1.598969e+22 9.744984e-01 1 
    0.639968 1.505798e+22 9.169519e-01 1 
    0.640235 1.619450e+22 9.853379e-01 1 
    0.640502 1.702297e+22 1.034882e+00 1 
    0.640768 1.595296e+22 9.690273e-01 1 
    0.641035 1.484921e+22 9.012317e-01 1 
    0.641302 1.504208e+22 9.121769e-01 1 
    0.641568 1.404084e+22 8.507544e-01 1 
    0.641835 1.540768e+22 9.327962e-01 1 
    0.642102 1.531487e+22 9.264070e-01 1 
    0.642368 1.619780e+22 9.790045e-01 1 
    0.642635 1.742627e+22 1.052379e+00 1 
    0.642902 1.733546e+22 1.046026e+00 1 
    0.643168 1.461575e+22 8.811885e-01 1 
    0.643435 1.866927e+22 1.124642e+00 1 
    0.643702 1.724120e+22 1.037753e+00 1 
    0.643969 1.730143e+22 1.040516e+00 1 
    0.644235 1.655636e+22 9.948846e-01 1 
    0.644502 1.614627e+22 9.694383e-01 1 
    0.644769 1.678659e+22 1.007049e+00 1 
    0.645035 1.726749e+22 1.035045e+00 1 
    0.645302 1.571688e+22 9.413192e-01 1 
    0.645569 1.729516e+22 1.034989e+00 1 
    0.645835 1.772270e+22 1.059701e+00 1 
    0.646102 1.632416e+22 9.752704e-01 1 
    0.646369 1.634695e+22 9.758256e-01 1 
    0.646635 1.686317e+22 1.005813e+00 1 
    0.646902 1.830642e+22 1.090995e+00 1 
    0.647169 1.728215e+22 1.029103e+00 1 
    0.647435 1.893227e+22 1.126437e+00 1 
    0.647702 1.876042e+22 1.115292e+00 1 
    0.647969 1.787956e+22 1.062049e+00 1 
    0.648235 1.816366e+22 1.078040e+00 1 
    0.648502 1.890605e+22 1.121178e+00 1 
    0.648769 1.735348e+22 1.028260e+00 1 
    0.649035 1.606658e+22 9.512257e-01 1 
    0.649302 1.615137e+22 9.554597e-01 1 
    0.649569 1.827064e+22 1.079940e+00 1 
    0.649835 1.624112e+22 9.591932e-01 1 
    0.650102 1.532941e+22 9.046048e-01 1 
    0.650369 1.704050e+22 1.004753e+00 1 
    0.650635 1.433664e+22 8.446348e-01 1 
    0.650902 1.622010e+22 9.548138e-01 1 
    0.651169 1.717824e+22 1.010387e+00 1 
    0.651435 1.679904e+22 9.872766e-01 1 
    0.651702 1.850942e+22 1.086904e+00 1 
    0.651969 1.867933e+22 1.095983e+00 1 
    0.652235 1.722937e+22 1.010084e+00 1 
    0.652502 1.597032e+22 9.355056e-01 1 
    0.652769 1.686022e+22 9.868261e-01 1 
    0.653035 1.668100e+22 9.755410e-01 1 
    0.653302 1.820796e+22 1.063971e+00 1 
    0.653569 1.782912e+22 1.040983e+00 1 
    0.653835 1.745088e+22 1.018070e+00 1 
    0.654102 1.863738e+22 1.086402e+00 1 
    0.654369 2.145500e+22 1.249625e+00 1 
    0.654635 2.235744e+22 1.301128e+00 1 
    0.654902 2.566158e+22 1.492201e+00 1 
    0.655169 2.922558e+22 1.698060e+00 1 
    0.655435 3.062919e+22 1.778168e+00 1 
    0.655702 3.107113e+22 1.802355e+00 1 
    0.655969 4.332258e+22 2.510985e+00 1 
    0.656235 7.265137e+22 4.207474e+00 1 
    0.656502 1.025860e+23 5.936252e+00 1 
    0.656769 9.993198e+22 5.777975e+00 1 
    0.657035 7.527621e+22 4.348878e+00 1 
    0.657302 4.114255e+22 2.374968e+00 1 
    0.657569 2.842431e+22 1.639471e+00 1 
    0.657835 2.708545e+22 1.560984e+00 1 
    0.658102 3.196898e+22 1.840936e+00 1 
    0.658369 4.402378e+22 2.533057e+00 1 
    0.658635 5.208104e+22 2.994239e+00 1 
    0.658902 4.639423e+22 2.665132e+00 1 
    0.659169 3.364210e+22 1.931017e+00 1 
    0.659435 2.366427e+22 1.357205e+00 1 
    0.659702 1.938625e+22 1.110950e+00 1 
    0.659969 2.000144e+22 1.145277e+00 1 
    0.660236 1.658604e+22 9.489446e-01 1 
    0.660502 1.968002e+22 1.125055e+00 1 
    0.660769 1.697695e+22 9.697433e-01 1 
    0.661036 1.667594e+22 9.517799e-01 1 
    0.661302 1.713464e+22 9.771735e-01 1 
    0.661569 1.896360e+22 1.080605e+00 1 
    0.661836 1.952571e+22 1.111738e+00 1 
    0.662102 2.151312e+22 1.223912e+00 1 
    0.663201 1.716956e+22 9.735658e-01 0 
    0.664729 1.740107e+22 9.821619e-01 0 
    0.666262 1.731434e+22 9.727745e-01 0 
    0.667798 1.746742e+22 9.768658e-01 0 
    0.669337 1.726021e+22 9.608440e-01 0 
    0.670880 1.733275e+22 9.604487e-01 0 
    0.672427 1.677608e+22 9.253302e-01 0 
    0.673977 1.735845e+22 9.530537e-01 0 
    0.675530 1.703470e+22 9.309831e-01 0 
    0.677088 1.746436e+22 9.500772e-01 0 
    0.678649 1.778155e+22 9.628874e-01 0 
    0.680213 1.732962e+22 9.341047e-01 0 
    0.681781 1.764439e+22 9.467019e-01 0 
    0.683353 1.775945e+22 9.484963e-01 0 
    0.684928 1.742796e+22 9.265163e-01 0 
    0.686507 1.738055e+22 9.197504e-01 0 
    0.688090 1.749347e+22 9.214718e-01 0 
    0.689676 1.772927e+22 9.296022e-01 0 
    0.691265 1.776260e+22 9.270727e-01 0 
    0.692859 1.767360e+22 9.181882e-01 0 
    0.694456 1.824479e+22 9.435083e-01 0 
    0.696057 1.802816e+22 9.280222e-01 0 
    0.697662 1.869659e+22 9.580073e-01 0 
    0.699270 1.873190e+22 9.554073e-01 0 
    0.700882 1.842425e+22 9.353983e-01 0 
    0.702497 1.833175e+22 9.264273e-01 0 
    0.704117 1.896750e+22 9.541503e-01 0 
    0.705740 1.931200e+22 9.670173e-01 0 
    0.707367 1.768597e+22 8.815273e-01 0 
    0.708998 1.846893e+22 9.163220e-01 0 
    0.710632 1.804079e+22 8.909687e-01 0 
    0.712270 1.811601e+22 8.905735e-01 0 
    0.713913 1.733271e+22 8.481493e-01 0 
    0.715558 1.760649e+22 8.575897e-01 0 
    0.717208 1.763927e+22 8.552376e-01 0 
    0.718861 1.746972e+22 8.431261e-01 0 
    0.720518 1.770500e+22 8.505556e-01 0 
    0.722179 1.840365e+22 8.800569e-01 0 
    0.723844 1.856552e+22 8.837177e-01 0 
    0.725513 1.907691e+22 9.038870e-01 0 
    0.727185 1.867716e+22 8.808815e-01 0 
    0.728861 1.875498e+22 8.804883e-01 0 
    0.730542 1.949474e+22 9.110109e-01 0 
    0.732226 1.966647e+22 9.148138e-01 0 
    0.733913 1.974797e+22 9.143863e-01 0 
    0.735606 2.015255e+22 9.288295e-01 0 
    0.737301 2.000460e+22 9.177758e-01 0 
    0.739001 2.027338e+22 9.258328e-01 0 
    0.740704 2.026394e+22 9.211512e-01 0 
    0.742412 2.002277e+22 9.060051e-01 0 
    0.744123 2.071674e+22 9.331003e-01 0 
    0.745838 2.085079e+22 9.348240e-01 0 
    0.747558 2.098568e+22 9.365475e-01 0 
    0.749281 2.112092e+22 9.382528e-01 0 
    0.751008 2.120866e+22 9.378222e-01 0 
    0.752740 2.154299e+22 9.482274e-01 0 
    0.754475 2.148355e+22 9.412669e-01 0 
    0.756214 2.137448e+22 9.321862e-01 0 
    0.757957 2.111974e+22 9.168449e-01 0 
    0.759705 2.101292e+22 9.080148e-01 0 
    0.761456 2.076240e+22 8.930676e-01 0 
    0.763211 2.099276e+22 8.988283e-01 0 
    0.764971 2.083828e+22 8.881132e-01 0 
    0.766734 2.049501e+22 8.694709e-01 0 
    0.768502 2.043829e+22 8.630798e-01 0 
    0.770274 2.033455e+22 8.547528e-01 0 
    0.772049 2.023112e+22 8.464995e-01 0 
    0.773829 2.064467e+22 8.598333e-01 0 
    0.775613 1.975132e+22 8.188464e-01 0 
    0.777401 2.043562e+22 8.433232e-01 0 
    0.779193 2.061425e+22 8.467865e-01 0 
    0.780989 2.074713e+22 8.483296e-01 0 
    0.782789 2.131775e+22 8.676576e-01 0 
    0.784594 2.111187e+22 8.553288e-01 0 
    0.786402 2.144425e+22 8.648047e-01 0 
    0.788215 2.128622e+22 8.544873e-01 0 
    0.790032 2.142306e+22 8.560291e-01 0 
    0.791853 2.097288e+22 8.341908e-01 0 
    0.793679 2.110779e+22 8.356980e-01 0 
    0.795509 2.071210e+22 8.162637e-01 0 
    0.797342 2.147875e+22 8.425899e-01 0 
    0.799180 2.196803e+22 8.578242e-01 0 
    0.801023 2.170518e+22 8.436647e-01 0 
    0.802869 2.230208e+22 8.628841e-01 0 
    0.804720 2.275729e+22 8.764506e-01 0 
    0.806575 2.279821e+22 8.739923e-01 0 
    0.808435 2.221685e+22 8.477909e-01 0 
    0.810298 2.174968e+22 8.261516e-01 0 
    0.812166 2.255436e+22 8.527806e-01 0 
    0.814038 2.233617e+22 8.406511e-01 0 
    0.815915 2.237604e+22 8.382814e-01 0 
    0.817796 2.205732e+22 8.225443e-01 0 
    0.819681 2.174339e+22 8.071123e-01 0 
    0.821571 2.291410e+22 8.466601e-01 0 
    0.823464 2.152154e+22 7.915540e-01 0 
    0.825363 2.358541e+22 8.634754e-01 0 
    0.827265 2.362731e+22 8.610360e-01 0 
    0.829172 2.291818e+22 8.313566e-01 0 
    0.831084 2.285350e+22 8.252002e-01 0 
    0.833000 2.227002e+22 8.004369e-01 0 
    0.834920 2.304039e+22 8.243213e-01 0 
    0.836845 2.345613e+22 8.353390e-01 0 
    0.838774 2.312196e+22 8.196550e-01 0 
    0.840707 2.310969e+22 8.154572e-01 0 
    0.842645 2.341813e+22 8.225442e-01 0 
    0.844588 2.209635e+22 7.725512e-01 0 
    0.846535 2.296606e+22 7.992694e-01 0 
    0.848486 2.359631e+22 8.174311e-01 0 
    0.850443 2.195880e+22 7.572071e-01 0 
    0.852403 2.256153e+22 7.744174e-01 0 
    0.854368 2.307479e+22 7.883958e-01 0 
    0.856338 2.349048e+22 7.989102e-01 0 
    0.858311 2.396944e+22 8.114560e-01 0 
    0.860290 2.293037e+22 7.727120e-01 0 
    0.862273 2.350590e+22 7.884675e-01 0 
    0.864261 2.443024e+22 8.157073e-01 0 
    0.866253 2.321046e+22 7.714197e-01 0 
    0.868250 2.230713e+22 7.379901e-01 0 
    0.870252 2.383395e+22 7.848785e-01 0 
    0.872258 2.454450e+22 8.045643e-01 0 
    0.874268 2.447408e+22 7.985712e-01 0 
    0.876284 2.282794e+22 7.414356e-01 0 
    0.878304 2.433423e+22 7.867277e-01 0 
    0.880329 2.523273e+22 8.120273e-01 0 
    0.882358 2.574638e+22 8.247511e-01 0 
    0.884392 2.532049e+22 8.073817e-01 0 
    0.886431 2.427834e+22 7.705941e-01 0 
    0.888474 2.354866e+22 7.440006e-01 0 
    0.890523 2.510272e+22 7.894541e-01 0 
    0.892575 2.543699e+22 7.962927e-01 0 
    0.894633 2.583538e+22 8.050474e-01 0 
    0.896695 2.546579e+22 7.898854e-01 0 
    0.898762 2.492891e+22 7.696804e-01 0 
    0.900834 2.412434e+22 7.414166e-01 0 
    0.902911 2.318456e+22 7.092600e-01 0 
    0.904992 2.672651e+22 8.138591e-01 0 
    0.907078 2.544981e+22 7.714214e-01 0 
    0.909169 2.584798e+22 7.798908e-01 0 
    0.911266 2.661734e+22 7.994121e-01 0 
    0.913366 2.709618e+22 8.100556e-01 0 
    0.915471 2.580175e+22 7.678146e-01 0 
    0.917582 2.578634e+22 7.638293e-01 0 
    0.919697 2.631005e+22 7.757623e-01 0 
    0.921817 2.499535e+22 7.336117e-01 0 
    0.923943 2.288783e+22 6.686683e-01 0 
    0.926072 2.608188e+22 7.584831e-01 0 
    0.928207 2.704409e+22 7.828509e-01 0 
    0.930347 2.575152e+22 7.420093e-01 0 
    0.932492 2.682507e+22 7.693911e-01 0 
    0.934641 2.693194e+22 7.689080e-01 0 
    0.936795 2.666856e+22 7.578911e-01 0 
    0.938955 2.702319e+22 7.644403e-01 0 
    0.941120 2.663555e+22 7.500117e-01 0 
    0.943289 2.742814e+22 7.687823e-01 0 
    0.945464 2.722226e+22 7.595052e-01 0 
    0.947643 2.771101e+22 7.695899e-01 0 
    0.949828 2.775780e+22 7.673464e-01 0 
    0.952018 2.723380e+22 7.494013e-01 0 
    0.954212 2.545832e+22 6.973268e-01 0 
    0.956412 2.713694e+22 7.398903e-01 0 
    0.958616 2.807284e+22 7.618921e-01 0 
    0.960826 2.799054e+22 7.561678e-01 0 
    0.963041 2.823117e+22 7.591643e-01 0 
    0.965261 2.814827e+22 7.534573e-01 0 
    0.967487 2.819471e+22 7.512315e-01 0 
    0.969717 2.856842e+22 7.576920e-01 0 
    0.971952 2.835362e+22 7.485407e-01 0 
    0.974192 2.814031e+22 7.394967e-01 0 
    0.976438 2.838202e+22 7.424213e-01 0 
    0.978690 2.823327e+22 7.351354e-01 0 
    0.980946 2.880603e+22 7.466028e-01 0 
    0.983207 2.865452e+22 7.392641e-01 0 
    0.985473 2.890066e+22 7.421893e-01 0 
    0.987745 2.888169e+22 7.382939e-01 0 
    0.990022 2.892896e+22 7.361046e-01 0 
    0.992305 2.917735e+22 7.390127e-01 0 
    0.994592 2.929275e+22 7.385275e-01 0 
    0.996885 2.940797e+22 7.380257e-01 0 
    0.999183 2.938851e+22 7.341485e-01 0 
    1.001486 2.909981e+22 7.235972e-01 0 
    1.008428 2.890691e+22 7.089381e-01 0 
    1.013083 3.022811e+22 7.345432e-01 0 
    1.017759 3.032594e+22 7.301647e-01 0 
    1.022456 3.077651e+22 7.342207e-01 0 
    1.027176 3.116156e+22 7.365902e-01 0 
    1.029544 3.121159e+22 7.343829e-01 0 
    1.051102 3.149816e+22 7.110367e-01 0 
    1.070644 3.142581e+22 6.837427e-01 0 
    1.090549 3.092367e+22 6.484808e-01 0 
    1.110823 3.056956e+22 6.178683e-01 0 
    1.128872 3.142619e+22 6.150335e-01 0 
    1.149859 3.283099e+22 6.192859e-01 0 
    1.171237 3.351824e+22 6.093798e-01 0 
    1.190269 3.336467e+22 5.873446e-01 0 
    1.209609 3.422085e+22 5.833070e-01 0 
    1.229264 3.501795e+22 5.779588e-01 0 
    1.249237 3.517934e+22 5.622046e-01 0 
    1.269536 3.558619e+22 5.506655e-01 0 
    1.290164 3.616522e+22 5.418733e-01 0 
    1.311127 3.692208e+22 5.356648e-01 0 
    1.329367 3.692273e+22 5.210752e-01 0 
    1.350968 3.743638e+22 5.115642e-01 0 
    1.369762 3.786963e+22 5.033815e-01 0 
    1.388817 3.760800e+22 4.862803e-01 0 
    1.411383 3.692237e+22 4.622706e-01 0 
    1.431018 3.717739e+22 4.527778e-01 0 
    1.450925 3.839618e+22 4.548776e-01 0 
    1.471110 3.848468e+22 4.435005e-01 0 
    1.491574 4.020632e+22 4.507141e-01 0 
    1.508846 4.142787e+22 4.538363e-01 0 
    1.529836 4.328064e+22 4.612118e-01 0 
    1.551118 4.459536e+22 4.622708e-01 0 
    1.569080 4.439056e+22 4.496731e-01 0 
    1.590908 4.368023e+22 4.304188e-01 0 
    1.609328 4.449262e+22 4.284452e-01 0 
    1.631717 4.573914e+22 4.284447e-01 0 
    1.650611 4.637526e+22 4.245153e-01 0 
    1.669725 4.767418e+22 4.264713e-01 0 
    1.689060 4.856095e+22 4.245154e-01 0 
    1.708617 4.946300e+22 4.225591e-01 0 
    1.728402 4.912349e+22 4.101060e-01 0 
    1.748417 4.912398e+22 4.007744e-01 0 
    1.768663 4.855992e+22 3.871544e-01 0 
    1.789141 4.811556e+22 3.748805e-01 0 
    1.809859 4.702093e+22 3.580125e-01 0 
    1.830817 4.702130e+22 3.498655e-01 0 
    1.852017 4.669757e+22 3.395477e-01 0 
    1.869152 4.552951e+22 3.250126e-01 0 
    1.890797 4.563313e+22 3.183368e-01 0 
    1.908293 4.605711e+22 3.154300e-01 0 
    1.930388 4.595011e+22 3.075344e-01 0 
    1.948251 4.521499e+22 2.970907e-01 0 
    1.970811 4.490439e+22 2.883336e-01 0 
    1.989045 4.459483e+22 2.811200e-01 0 
    2.012078 4.500734e+22 2.772619e-01 0 
    2.030696 4.459500e+22 2.697074e-01 0 
    2.049485 4.500695e+22 2.672308e-01 0 
    2.068449 4.490482e+22 2.617579e-01 0 
    2.092401 4.521683e+22 2.575768e-01 0 
    2.111761 4.542530e+22 2.540416e-01 0 
    2.131302 4.542336e+22 2.493939e-01 0 
    2.151023 4.552881e+22 2.454102e-01 0 
    2.170925 4.500865e+22 2.381786e-01 0 
    2.191013 4.532042e+22 2.354509e-01 0 
    2.211285 4.511099e+22 2.300855e-01 0 
    2.231747 4.486386e+22 2.246483e-01 0 
    2.252398 4.426342e+22 2.175961e-01 0 
    2.268009 4.340980e+22 2.104722e-01 0 
    2.288996 3.957993e+22 1.884002e-01 0 
    2.310174 3.965143e+22 1.852959e-01 0 
    2.331551 3.538914e+22 1.623591e-01 0 
    2.347711 3.334095e+22 1.508638e-01 0 
    2.369436 3.406627e+22 1.513321e-01 0 
    2.391361 3.187866e+22 1.390293e-01 0 
    2.407936 3.085070e+22 1.327002e-01 0 
    2.430217 3.077030e+22 1.299386e-01 0 
    2.452702 2.909459e+22 1.206199e-01 0 
    2.469705 2.872083e+22 1.174366e-01 0 
    2.470111 2.659716e+22 1.087173e-01 2 
    2.479498 2.638653e+22 1.070413e-01 2 
    2.488885 2.508958e+22 1.010137e-01 2 
    2.498262 2.540114e+22 1.015018e-01 2 
    2.507649 2.555347e+22 1.013474e-01 2 
    2.517036 2.571733e+22 1.012380e-01 2 
    2.526413 2.665512e+22 1.041522e-01 2 
    2.535800 2.697524e+22 1.046241e-01 2 
    2.545177 2.835060e+22 1.091498e-01 2 
    2.554564 2.758300e+22 1.054155e-01 2 
    2.563951 2.983888e+22 1.132034e-01 2 
    2.573328 2.871249e+22 1.081377e-01 2 
    2.582714 2.854127e+22 1.067129e-01 2 
    2.592101 2.894297e+22 1.074325e-01 2 
    2.601478 3.100654e+22 1.142640e-01 2 
    2.610865 3.156717e+22 1.154950e-01 2 
    2.620242 3.092391e+22 1.123332e-01 2 
    2.629629 2.947564e+22 1.063092e-01 2 
    2.639016 2.795917e+22 1.001237e-01 2 
    2.648393 2.538106e+22 9.024877e-02 2 
    2.657780 2.573105e+22 9.084810e-02 2 
    2.667167 2.800810e+22 9.819282e-02 2 
    2.676544 2.628431e+22 9.150488e-02 2 
    2.685931 2.748793e+22 9.502739e-02 2 
    2.695308 2.869058e+22 9.849609e-02 2 
    2.704695 2.799440e+22 9.544012e-02 2 
    2.714082 3.345627e+22 1.132734e-01 2 
    2.723459 2.914946e+22 9.801337e-02 2 
    2.732846 2.917825e+22 9.743734e-02 2 
    2.742233 2.756649e+22 9.142590e-02 2 
    2.751610 2.971160e+22 9.786982e-02 2 
    2.760997 2.833172e+22 9.269098e-02 2 
    2.770374 2.887792e+22 9.383946e-02 2 
    2.779761 2.837898e+22 9.159637e-02 2 
    2.789148 2.766867e+22 8.870369e-02 2 
    2.798525 2.313514e+22 7.367331e-02 2 
    2.807912 2.817269e+22 8.911643e-02 2 
    2.817299 2.652075e+22 8.333287e-02 2 
    2.826676 2.732997e+22 8.530678e-02 2 
    2.836062 2.662577e+22 8.255952e-02 2 
    2.845440 2.543546e+22 7.834967e-02 2 
    2.854827 2.431171e+22 7.439648e-02 2 
    2.864213 2.531475e+22 7.695900e-02 2 
    2.873591 2.419388e+22 7.307216e-02 2 
    2.882978 2.532040e+22 7.597738e-02 2 
    2.892364 2.523274e+22 7.522375e-02 2 
    2.901742 2.489196e+22 7.372892e-02 2 
    2.911128 2.447582e+22 7.202962e-02 2 
    2.920505 2.386725e+22 6.978834e-02 2 
    2.929892 2.166768e+22 6.295144e-02 2 
    2.939279 2.421921e+22 6.991573e-02 2 
    2.948656 2.249412e+22 6.452340e-02 2 
    2.958043 2.396596e+22 6.830970e-02 2 
    2.967430 2.480764e+22 7.026206e-02 2 
    2.976807 2.546836e+22 7.167968e-02 2 
    2.986194 2.341631e+22 6.549060e-02 2 
    2.995571 2.481875e+22 6.897902e-02 2 
    3.004958 2.337692e+22 6.456645e-02 2 
    3.014345 2.326888e+22 6.386840e-02 2 
    3.023722 2.394739e+22 6.532371e-02 2 
    3.033109 2.375541e+22 6.439956e-02 2 
    3.042496 2.358830e+22 6.355256e-02 2 
    3.051873 2.419834e+22 6.479614e-02 2 
    3.061260 2.129970e+22 5.668517e-02 2 
    3.070637 2.250364e+22 5.952402e-02 2 
    3.080024 2.230629e+22 5.864292e-02 2 
    3.089411 2.582051e+22 6.746988e-02 2 
    3.098788 2.402982e+22 6.241129e-02 2 
    3.108175 2.482068e+22 6.407655e-02 2 
    3.117562 2.263304e+22 5.807766e-02 2 
    3.126939 2.257945e+22 5.759316e-02 2 
    3.136326 2.611029e+22 6.620118e-02 2 
    3.145703 2.649520e+22 6.677721e-02 2 
    3.155090 2.571958e+22 6.443722e-02 2 
    3.164477 2.668919e+22 6.647035e-02 2 
    3.173854 2.618659e+22 6.483380e-02 2 
    3.183241 2.790705e+22 6.868650e-02 2 
    3.192628 2.964793e+22 7.254279e-02 2 
    3.202005 2.789768e+22 6.786105e-02 2 
    3.211392 3.164255e+22 7.652111e-02 2 
    3.220769 3.433467e+22 8.254870e-02 2 
    3.230156 3.916486e+22 9.361512e-02 2 
    3.239542 3.984890e+22 9.469903e-02 2 
    3.248920 4.854050e+22 1.146893e-01 2 
    3.258307 5.610493e+22 1.317994e-01 2 
    3.267693 6.448099e+22 1.506072e-01 2 
    3.277071 7.099378e+22 1.648713e-01 2 
    3.286457 6.933079e+22 1.600909e-01 2 
    3.295835 6.529627e+22 1.499180e-01 2 
    3.305221 5.778645e+22 1.319233e-01 2 
    3.314608 5.080302e+22 1.153245e-01 2 
    3.323985 4.297494e+22 9.700487e-02 2 
    3.333372 3.930298e+22 8.821742e-02 2 
    3.342759 3.794803e+22 8.469847e-02 2 
    3.352136 3.934246e+22 8.732019e-02 2 
    3.361523 3.519629e+22 7.768214e-02 2 
    3.370900 3.882921e+22 8.522426e-02 2 
    3.380287 3.700275e+22 8.076502e-02 2 
    3.389674 3.960849e+22 8.597435e-02 2 
    3.399051 3.977722e+22 8.586487e-02 2 
    3.408438 4.035833e+22 8.664009e-02 2 
    3.417825 3.689955e+22 7.878035e-02 2 
    3.427202 3.482725e+22 7.394967e-02 2 
    3.436589 3.556638e+22 7.510709e-02 2 
    3.445966 3.745415e+22 7.866371e-02 2 
    3.455353 3.461656e+22 7.230952e-02 2 
    3.464740 3.496986e+22 7.265226e-02 2 
    3.474117 3.502047e+22 7.236515e-02 2 
    3.483504 3.573820e+22 7.345079e-02 2 
    3.492890 3.526831e+22 7.209602e-02 2 
    3.502268 3.530878e+22 7.179271e-02 2 
    3.511654 3.585321e+22 7.251054e-02 2 
    3.521032 3.613415e+22 7.268994e-02 2 
    3.530418 3.431827e+22 6.867040e-02 2 
    3.539805 3.179541e+22 6.328521e-02 2 
    3.549183 3.497588e+22 6.924818e-02 2 
    3.558569 3.534701e+22 6.961427e-02 2 
    3.567956 3.581310e+22 7.016159e-02 2 
    3.577333 3.797482e+22 7.400712e-02 2 
    3.586720 3.504856e+22 6.794722e-02 2 
    3.596097 3.334136e+22 6.430089e-02 2 
    3.605484 3.433780e+22 6.587820e-02 2 
    3.614871 3.304541e+22 6.306987e-02 2 
    3.624248 3.348547e+22 6.357950e-02 2 
    3.633635 3.463860e+22 6.542958e-02 2 
    3.643022 3.488750e+22 6.556057e-02 2 
    3.652399 3.376677e+22 6.312910e-02 2 
    3.661786 3.472973e+22 6.459695e-02 2 
    3.671163 3.336696e+22 6.174557e-02 2 
    3.680550 3.511094e+22 6.464181e-02 2 
    3.689937 3.565861e+22 6.531651e-02 2 
    3.699314 3.672823e+22 6.693512e-02 2 
    3.708701 3.670605e+22 6.655648e-02 2 
    3.718088 3.706317e+22 6.686514e-02 2 
    3.727465 4.106416e+22 7.371100e-02 2 
    3.736852 3.982645e+22 7.113057e-02 2 
    3.746229 3.851797e+22 6.844965e-02 2 
    3.755616 3.788110e+22 6.698178e-02 2 
    3.765003 3.701814e+22 6.512989e-02 2 
    3.774380 3.872388e+22 6.779287e-02 2 
    3.783767 3.780730e+22 6.586024e-02 2 
    3.793153 3.753237e+22 6.505814e-02 2 
    3.802531 3.716366e+22 6.410168e-02 2 
    3.811917 3.644510e+22 6.255307e-02 2 
    3.821295 3.860931e+22 6.594279e-02 2 
    3.830682 3.948656e+22 6.711098e-02 2 
    3.840068 3.793709e+22 6.416270e-02 2 
    3.849446 3.831558e+22 6.448748e-02 2 
    3.858833 3.671130e+22 6.148713e-02 2 
    3.868219 3.879142e+22 6.465617e-02 2 
    3.877596 3.949792e+22 6.551571e-02 2 
    3.886983 3.941218e+22 6.505814e-02 2 
    3.896361 3.754461e+22 6.167735e-02 2 
    3.905747 3.816258e+22 6.239157e-02 2 
    3.915134 4.162842e+22 6.773188e-02 2 
    3.924511 4.314679e+22 6.986729e-02 2 
    3.933898 4.156074e+22 6.697820e-02 2 
    3.943285 4.169555e+22 6.687592e-02 2 
    3.952662 4.283498e+22 6.837788e-02 2 
    3.962049 3.760363e+22 5.974294e-02 2 
    3.971426 3.945344e+22 6.238618e-02 2 
    3.980813 3.962421e+22 6.236106e-02 2 
    3.990200 4.157091e+22 6.511735e-02 2 
    3.999577 4.157432e+22 6.481768e-02 2 
    4.008964 4.181942e+22 6.489484e-02 2 
    4.018351 4.628860e+22 7.149484e-02 2 
    4.027728 5.243794e+22 8.061609e-02 2 
    4.037115 5.962020e+22 9.123210e-02 2 
    4.046492 5.827874e+22 8.876652e-02 2 
    4.055879 5.184075e+22 7.859552e-02 2 
    4.065266 5.031281e+22 7.592715e-02 2 
    4.074643 4.354254e+22 6.540804e-02 2 
    4.084030 4.217367e+22 6.306087e-02 2 
    4.093417 4.255584e+22 6.334080e-02 2 
    4.102794 4.316767e+22 6.395811e-02 2 
    4.112181 4.333258e+22 6.390967e-02 2 
    4.121558 4.625971e+22 6.791669e-02 2 
    4.130945 4.225800e+22 6.175990e-02 2 
    4.140332 4.586188e+22 6.672337e-02 2 
    4.149709 4.240365e+22 6.141357e-02 2 
    4.159096 4.462442e+22 6.433853e-02 2 
    4.168482 4.310325e+22 6.186580e-02 2 
    4.177860 4.303617e+22 6.149251e-02 2 
    4.187246 4.307587e+22 6.127362e-02 2 
    4.196624 4.774723e+22 6.761523e-02 2 
    4.206010 4.126459e+22 5.817459e-02 2 
    4.215398 4.213683e+22 5.913998e-02 2 
    4.224774 4.158864e+22 5.811179e-02 2 
    4.234162 4.062044e+22 5.650750e-02 2 
    4.243548 3.643562e+22 5.046199e-02 2 
    4.252925 3.577694e+22 4.933149e-02 2 
    4.262312 3.678339e+22 5.049608e-02 2 
    4.271689 3.766752e+22 5.148305e-02 2 
    4.281077 4.158888e+22 5.659364e-02 2 
    4.290463 4.677932e+22 6.337852e-02 2 
    4.299841 4.751214e+22 6.409089e-02 2 
    4.309227 4.922826e+22 6.611685e-02 2 
    4.318614 4.849155e+22 6.484458e-02 2 
    4.327991 4.803387e+22 6.395453e-02 2 
    4.337378 4.821403e+22 6.391685e-02 2 
    4.346755 5.006632e+22 6.608635e-02 2 
    4.356142 4.985817e+22 6.552827e-02 2 
    4.365529 4.982371e+22 6.520168e-02 2 
    4.374906 5.185442e+22 6.756858e-02 2 
    4.384293 5.152534e+22 6.685258e-02 2 
    4.393680 5.280877e+22 6.822533e-02 2 
    4.403057 4.973547e+22 6.398145e-02 2 
    4.412444 4.965918e+22 6.361178e-02 2 
    4.421821 5.121118e+22 6.532191e-02 2 
    4.431208 4.716781e+22 5.990981e-02 2 
    4.440595 5.118300e+22 6.473511e-02 2 
    4.449972 4.915677e+22 6.191063e-02 2 
    4.459359 4.990236e+22 6.258535e-02 2 
    4.468746 4.960690e+22 6.195369e-02 2 
    4.478123 4.851239e+22 6.033330e-02 2 
    4.487509 4.766841e+22 5.903593e-02 2 
    4.496887 4.682023e+22 5.774389e-02 2 
    4.506274 4.789401e+22 5.882237e-02 2 
    4.515661 4.516235e+22 5.523704e-02 2 
    4.525038 4.784877e+22 5.828044e-02 2 
    4.534425 4.787589e+22 5.807228e-02 2 
    4.543811 4.595746e+22 5.551520e-02 2 
    4.553189 4.745701e+22 5.709071e-02 2 
    4.562575 4.288086e+22 5.137359e-02 2 
    4.571952 4.347841e+22 5.187604e-02 2 
    4.581340 4.331282e+22 5.146688e-02 2 
    4.590726 4.650348e+22 5.503248e-02 2 
    4.600104 4.303648e+22 5.072218e-02 2 
    4.609490 4.807379e+22 5.642857e-02 2 
    4.618877 5.295462e+22 6.190526e-02 2 
    4.628254 5.681798e+22 6.615275e-02 2 
    4.637641 5.111246e+22 5.926919e-02 2 
    4.647018 5.300676e+22 6.121799e-02 2 
    4.656405 5.378742e+22 6.186937e-02 2 
    4.665792 5.307409e+22 6.080345e-02 2 
    4.675169 5.375000e+22 6.133103e-02 2 
    4.684556 5.411764e+22 6.150331e-02 2 
    4.693943 5.070914e+22 5.739937e-02 2 
    4.703320 5.779263e+22 6.515682e-02 2 
    4.712707 5.097315e+22 5.723966e-02 2 
    4.722084 5.419723e+22 6.061863e-02 2 
    4.731471 5.065986e+22 5.643754e-02 2 
    4.740858 5.557669e+22 6.167019e-02 2 
    4.750235 4.858817e+22 5.370278e-02 2 
    4.759622 5.355949e+22 5.896414e-02 2 
    4.769009 5.510463e+22 6.042661e-02 2 
    4.778386 5.575526e+22 6.090036e-02 2 
    4.787773 5.772775e+22 6.280786e-02 2 
    4.797247 5.440796e+22 5.896235e-02 2 
    4.845219 5.849809e+22 6.214573e-02 0 
    4.893672 6.275994e+22 6.535958e-02 0 
    4.942608 6.720288e+22 6.860757e-02 0 
    4.992034 7.183134e+22 7.188783e-02 0 
    5.041955 7.665168e+22 7.520041e-02 0 
    5.059255 7.835725e+22 7.634884e-02 3 
    5.088579 8.060217e+22 7.763368e-02 3 
    5.117903 8.518244e+22 8.110776e-02 3 
    5.147227 8.516059e+22 8.016568e-02 3 
    5.176552 8.642291e+22 8.043483e-02 3 
    5.205886 1.000526e+23 9.207369e-02 3 
    5.235210 1.149790e+23 1.046277e-01 3 
    5.264534 1.070976e+23 9.637322e-02 3 
    5.293858 1.059147e+23 9.425578e-02 3 
    5.323182 1.091892e+23 9.610227e-02 3 
    5.352516 1.110618e+23 9.668188e-02 3 
    5.381841 9.702296e+22 8.354284e-02 3 
    5.411165 1.002110e+23 8.535524e-02 3 
    5.440489 1.025970e+23 8.644807e-02 3 
    5.469813 1.065346e+23 8.880601e-02 3 
    5.499147 1.146822e+23 9.458058e-02 3 
    5.528471 1.142307e+23 9.321140e-02 3 
    5.557795 1.173637e+23 9.476004e-02 3 
    5.587120 1.225966e+23 9.794876e-02 3 
    5.616444 1.376297e+23 1.088142e-01 3 
    5.645778 1.454628e+23 1.138154e-01 3 
    5.675102 1.464518e+23 1.134081e-01 3 
    5.704426 1.503433e+23 1.152276e-01 3 
    5.733750 1.485293e+23 1.126759e-01 3 
    5.763075 1.426180e+23 1.070933e-01 3 
    5.792409 1.343761e+23 9.988498e-02 3 
    5.821733 1.339283e+23 9.855172e-02 3 
    5.851057 1.357193e+23 9.887114e-02 3 
    5.880382 1.365980e+23 9.852117e-02 3 
    5.909706 1.342070e+23 9.583849e-02 3 
    5.939040 1.329667e+23 9.401711e-02 3 
    5.968364 1.415414e+23 9.909902e-02 3 
    5.997688 1.647364e+23 1.142137e-01 3 
    6.027013 1.758021e+23 1.207025e-01 3 
    6.056337 1.765035e+23 1.200134e-01 3 
    6.085671 1.902061e+23 1.280867e-01 3 
    6.114995 2.172076e+23 1.448703e-01 3 
    6.144319 2.758990e+23 1.822632e-01 3 
    6.173643 3.970350e+23 2.598018e-01 3 
    6.202967 4.688918e+23 3.039276e-01 3 
    6.232302 4.656238e+23 2.989748e-01 3 
    6.261626 4.095324e+23 2.605016e-01 3 
    6.290950 3.577648e+23 2.254559e-01 3 
    6.320274 3.112701e+23 1.943400e-01 3 
    6.349599 2.848837e+23 1.762266e-01 3 
    6.378932 2.649930e+23 1.624183e-01 3 
    6.408256 2.502356e+23 1.519728e-01 3 
    6.437580 2.404785e+23 1.447196e-01 3 
    6.466905 2.273311e+23 1.355696e-01 3 
    6.496229 2.213540e+23 1.308161e-01 3 
    6.525563 2.208115e+23 1.293249e-01 3 
    6.554887 2.185033e+23 1.268306e-01 3 
    6.584212 2.308278e+23 1.327936e-01 3 
    6.613535 2.321647e+23 1.323809e-01 3 
    6.642860 2.380127e+23 1.345199e-01 3 
    6.672194 2.411092e+23 1.350744e-01 3 
    6.701518 2.363148e+23 1.312324e-01 3 
    6.730842 2.384592e+23 1.312719e-01 3 
    6.760167 2.327880e+23 1.270405e-01 3 
    6.789491 2.243875e+23 1.214006e-01 3 
    6.818825 2.230989e+23 1.196671e-01 3 
    6.848149 2.230851e+23 1.186371e-01 3 
    6.877473 2.433262e+23 1.283003e-01 3 
    6.906797 2.700910e+23 1.412060e-01 3 
    6.936122 2.844182e+23 1.474417e-01 3 
    6.965455 3.456121e+23 1.776587e-01 3 
    6.994780 3.708684e+23 1.890463e-01 3 
    7.024104 3.285845e+23 1.660970e-01 3 
    7.053428 3.192132e+23 1.600209e-01 3 
    7.082753 3.303299e+23 1.642253e-01 3 
    7.112086 3.312338e+23 1.633192e-01 3 
    7.141411 3.306390e+23 1.616898e-01 3 
    7.170735 3.383915e+23 1.641302e-01 3 
    7.200059 3.478453e+23 1.673441e-01 3 
    7.229384 3.493532e+23 1.667088e-01 3 
    7.258718 3.683742e+23 1.743676e-01 3 
    7.288042 3.799554e+23 1.784051e-01 3 
    7.317366 4.161509e+23 1.938375e-01 3 
    7.346690 4.341726e+23 2.006206e-01 3 
    7.405339 4.848904e+23 2.205211e-01 3 
    7.463997 5.753376e+23 2.575587e-01 3 
    7.522645 6.597822e+23 2.907742e-01 3 
    7.581294 7.550936e+23 3.276503e-01 3 
    7.639952 7.846302e+23 3.352588e-01 3 
    7.698601 7.632046e+23 3.211544e-01 3 
    7.757259 7.494207e+23 3.106029e-01 3 
    7.815907 7.332365e+23 2.993517e-01 3 
    7.874556 7.071168e+23 2.844038e-01 3 
    7.933213 6.498567e+23 2.575229e-01 3 
    7.991862 5.793552e+23 2.262275e-01 3 
    8.050511 5.178483e+23 1.992747e-01 3 
    8.109168 4.738971e+23 1.797331e-01 3 
    8.167817 4.440801e+23 1.660144e-01 3 
    8.226465 4.279942e+23 1.577276e-01 3 
    8.285124 4.202163e+23 1.526762e-01 3 
    8.343772 4.165139e+23 1.492111e-01 3 
    8.402431 4.035498e+23 1.425554e-01 3 
    8.461079 4.064370e+23 1.415918e-01 3 
    8.519728 4.113807e+23 1.413478e-01 3 
    8.578386 4.241599e+23 1.437523e-01 3 
    8.637034 4.030833e+23 1.347603e-01 3 
    8.695683 3.448561e+23 1.137436e-01 3 
    8.754340 2.897061e+23 9.427732e-02 3 
    8.812989 2.376781e+23 7.632015e-02 3 
    8.871637 1.970602e+23 6.244360e-02 3 
    8.930295 1.761772e+23 5.509528e-02 3 
    8.988944 1.747490e+23 5.393786e-02 3 
    9.047602 1.520818e+23 4.633474e-02 3 
    9.106251 1.285473e+23 3.866162e-02 3 
    9.164900 1.190943e+23 3.536161e-02 3 
    9.223557 1.186526e+23 3.478380e-02 3 
    9.282206 1.132356e+23 3.277759e-02 3 
    9.340855 1.050471e+23 3.002669e-02 3 
    9.399513 1.022259e+23 2.885670e-02 3 
    9.458161 1.017226e+23 2.835963e-02 3 
    9.516809 9.909114e+22 2.728655e-02 3 
    9.575468 1.013522e+23 2.756828e-02 3 
    9.634117 1.107650e+23 2.976290e-02 3 
    9.692775 1.061963e+23 2.819095e-02 3 
    9.751423 9.179702e+22 2.407626e-02 3 
    9.810072 8.792589e+22 2.278604e-02 3 
    9.868730 8.715159e+22 2.231769e-02 3 
    9.927378 8.746016e+22 2.213286e-02 3 
    9.986027 9.123743e+22 2.281834e-02 3 
   10.044684 9.700938e+22 2.397936e-02 3 
   10.103333 1.005913e+23 2.457691e-02 3 
   10.161981 1.002616e+23 2.421443e-02 3 
   10.220639 1.016404e+23 2.426648e-02 3 
   10.279288 1.035173e+23 2.443336e-02 3 
   10.337947 1.053941e+23 2.459486e-02 3 
   10.396594 1.123951e+23 2.593353e-02 3 
   10.455243 1.261880e+23 2.879031e-02 3 
   10.513902 1.446366e+23 3.263224e-02 3 
   10.572550 1.497050e+23 3.340207e-02 3 
   10.631198 1.464994e+23 3.232719e-02 3 
   10.689856 1.466076e+23 3.199700e-02 3 
   10.748505 1.498001e+23 3.233796e-02 3 
   10.807154 1.530612e+23 3.268428e-02 3 
   10.865811 1.582866e+23 3.343616e-02 3 
   10.924460 1.729147e+23 3.613503e-02 3 
   10.983118 2.070205e+23 4.280145e-02 3 
   11.041767 2.362385e+23 4.832478e-02 3 
   11.100415 2.800957e+23 5.669236e-02 3 
   11.159073 4.169755e+23 8.351236e-02 3 
   11.217722 6.069614e+23 1.202952e-01 3 
   11.276371 6.091435e+23 1.194751e-01 3 
   11.335028 5.392858e+23 1.046816e-01 3 
   11.393677 4.632366e+23 8.899620e-02 3 
   11.452325 4.132467e+23 7.858117e-02 3 
   11.510983 3.810529e+23 7.172274e-02 3 
   11.569632 3.685440e+23 6.866678e-02 3 
   11.628291 3.595260e+23 6.631244e-02 3 
   11.686939 3.624051e+23 6.617427e-02 3 
   11.745587 3.721760e+23 6.728146e-02 3 
   11.804246 3.843042e+23 6.878520e-02 3 
   11.862894 4.079886e+23 7.230415e-02 3 
   11.921543 4.304087e+23 7.552879e-02 3 
   11.980200 4.548434e+23 7.903696e-02 3 
   12.038849 4.756695e+23 8.185247e-02 3 
   12.097498 4.876547e+23 8.310321e-02 3 
   12.156155 5.065044e+23 8.548447e-02 3 
   12.214804 5.401738e+23 9.029360e-02 3 
   12.273462 5.771963e+23 9.556214e-02 3 
   12.332110 6.026518e+23 9.882984e-02 3 
   12.390759 6.240067e+23 1.013654e-01 3 
   12.449417 6.580418e+23 1.058892e-01 3 
   12.508065 7.043758e+23 1.122847e-01 3 
   12.566714 7.527773e+23 1.188829e-01 3 
   12.625373 7.956504e+23 1.244888e-01 3 
   12.684020 8.325895e+23 1.290665e-01 3 
   12.742669 9.979818e+23 1.532845e-01 3 
   12.801327 1.255260e+24 1.910381e-01 3 
   12.859976 1.163800e+24 1.755071e-01 3 
   12.918624 7.427771e+23 1.109999e-01 3 
   12.977282 6.903208e+23 1.022304e-01 3 
   13.035931 6.736486e+23 9.886572e-02 3 
   13.094589 6.808105e+23 9.902365e-02 3 
   13.153238 6.876570e+23 9.912952e-02 3 
   13.211886 6.815074e+23 9.737274e-02 3 
   13.270544 6.911203e+23 9.787520e-02 3 
   13.329194 6.948520e+23 9.753961e-02 3 
   13.387841 6.939775e+23 9.656523e-02 3 
   13.446500 6.980948e+23 9.629248e-02 3 
   13.505148 7.118354e+23 9.733685e-02 3 
   13.563795 7.266619e+23 9.850684e-02 3 
   13.622455 7.092875e+23 9.532527e-02 3 
   13.681103 7.075297e+23 9.427551e-02 3 
   13.739763 6.990896e+23 9.235722e-02 3 
   13.798409 6.978921e+23 9.141694e-02 3 
   13.857058 6.908504e+23 8.973015e-02 3 
   13.915717 6.605692e+23 8.507532e-02 3 
   13.974366 6.447775e+23 8.234593e-02 3 
   14.033012 6.344167e+23 8.034693e-02 3 
   14.135958 7.315343e+23 9.130208e-02 3 
   14.218073 7.433309e+23 9.170586e-02 3 
   14.300191 7.463211e+23 9.102035e-02 3 
   14.382305 7.470288e+23 9.006931e-02 3 
   14.464411 7.489739e+23 8.928153e-02 3 
   14.546527 7.371462e+23 8.688234e-02 3 
   14.628642 7.561933e+23 8.812949e-02 3 
   14.710748 7.651105e+23 8.817614e-02 3 
   14.792863 7.717394e+23 8.795544e-02 3 
   14.874980 7.607014e+23 8.574284e-02 3 
   14.957084 7.573879e+23 8.443470e-02 3 
   15.039200 7.550515e+23 8.325753e-02 3 
   15.121317 7.486936e+23 8.166225e-02 3 
   15.203423 7.344942e+23 7.925050e-02 3 
   15.285539 7.340274e+23 7.835148e-02 3 
   15.367655 7.470667e+23 7.889339e-02 3 
   15.449759 7.556204e+23 7.895082e-02 3 
   15.531875 9.280140e+23 9.594078e-02 3 
   15.613991 8.889821e+23 9.094140e-02 3 
   15.696106 7.666145e+23 7.760498e-02 3 
   15.778213 7.572807e+23 7.586435e-02 3 
   15.860330 7.551567e+23 7.487022e-02 3 
   15.942444 7.445079e+23 7.305602e-02 3 
   16.024552 7.431986e+23 7.218211e-02 3 
   16.106664 7.510216e+23 7.220008e-02 3 
   16.188780 7.616404e+23 7.248000e-02 3 
   16.270888 7.916345e+23 7.457593e-02 3 
   16.353002 8.517694e+23 7.943713e-02 3 
   16.435119 9.026356e+23 8.334187e-02 3 
   16.517223 8.905159e+23 8.140743e-02 3 
   16.599341 8.826203e+23 7.988931e-02 3 
   16.681455 8.863689e+23 7.944071e-02 3 
   16.763559 9.059736e+23 8.040434e-02 3 
   16.845677 9.251006e+23 8.130336e-02 3 
   16.927792 9.587177e+23 8.344236e-02 3 
   17.009906 1.023688e+24 8.823895e-02 3 
   17.092012 1.024430e+24 8.745657e-02 3 
   17.174130 9.903466e+23 8.374024e-02 3 
   17.256244 9.799567e+23 8.207498e-02 3 
   17.338352 9.793115e+23 8.124594e-02 3 
   17.420467 1.001187e+24 8.227954e-02 3 
   17.502581 9.893334e+23 8.054432e-02 3 
   17.584688 9.664432e+23 7.794773e-02 3 
   17.666802 9.751757e+23 7.792260e-02 3 
   17.748919 9.693478e+23 7.674185e-02 3 
   17.831025 9.881051e+23 7.750808e-02 3 
   17.913141 9.817351e+23 7.630400e-02 3 
   17.995256 9.578104e+23 7.376663e-02 3 
   18.077361 9.621501e+23 7.342927e-02 3 
   18.159477 9.598306e+23 7.259127e-02 3 
   18.241594 9.558655e+23 7.164200e-02 3 
   18.323709 9.711342e+23 7.213548e-02 3 
   18.405814 9.794665e+23 7.210676e-02 3 
   18.487931 9.833317e+23 7.174966e-02 3 
   18.570045 1.004963e+24 7.268098e-02 3 
   18.652153 1.104811e+24 7.920025e-02 3 
   18.734269 1.373680e+24 9.761319e-02 3 
   18.816383 1.148146e+24 8.087628e-02 3 
   18.898489 1.057093e+24 7.381688e-02 3 
   18.980606 1.124882e+24 7.787235e-02 3 
   19.062720 1.113484e+24 7.642064e-02 3 
   19.144827 1.144299e+24 7.786338e-02 3 
   19.226942 1.161983e+24 7.839274e-02 3 
   19.309056 1.190225e+24 7.961658e-02 3 
   19.391166 1.209919e+24 8.025001e-02 3 
   19.473278 1.228401e+24 8.079015e-02 3 
   19.555395 1.261125e+24 8.224724e-02 3 
   19.637509 1.277454e+24 8.261691e-02 3 
   19.719616 1.297811e+24 8.323599e-02 3 
   19.801731 1.348620e+24 8.577875e-02 3 
   19.965955 1.343374e+24 8.404528e-02 3 
   20.130184 1.424548e+24 8.767548e-02 3 
   20.294406 1.476661e+24 8.941792e-02 3 
   20.458627 1.532608e+24 9.132183e-02 3 
   20.622858 1.599267e+24 9.378203e-02 3 
   20.787080 1.650519e+24 9.526426e-02 3 
   20.951311 1.694105e+24 9.625301e-02 3 
   21.115533 1.742421e+24 9.746427e-02 3 
   21.279755 1.781782e+24 9.813359e-02 3 
   21.443988 1.835793e+24 9.956557e-02 3 
   21.608208 1.909809e+24 1.020114e-01 3 
   21.772428 1.957741e+24 1.030002e-01 3 
   21.936659 2.033437e+24 1.053868e-01 3 
   22.100881 2.064805e+24 1.054281e-01 3 
   22.265113 2.107519e+24 1.060274e-01 3 
   22.429334 2.157039e+24 1.069354e-01 3 
   22.593556 2.220731e+24 1.084984e-01 3 
   22.757788 2.277617e+24 1.096774e-01 3 
   22.922009 2.346596e+24 1.113857e-01 3 
   23.086231 2.405343e+24 1.125557e-01 3 
   23.250459 2.455439e+24 1.132824e-01 3 
   23.414683 2.513009e+24 1.143178e-01 3 
   23.578913 2.607908e+24 1.169880e-01 3 
   23.743134 2.675594e+24 1.183697e-01 3 
   23.907356 2.781618e+24 1.213754e-01 3 
   24.071589 2.857155e+24 1.229761e-01 3 
   24.235809 2.981430e+24 1.265919e-01 3 
   24.400031 3.084599e+24 1.292154e-01 3 
   24.564264 3.137160e+24 1.296658e-01 3 
   24.728484 3.206525e+24 1.307784e-01 3 
   24.892714 3.342260e+24 1.345217e-01 3 
   25.056936 3.436241e+24 1.364973e-01 3 
   25.221158 3.517588e+24 1.379150e-01 3 
   25.385391 3.556732e+24 1.376512e-01 3 
   25.549611 3.659402e+24 1.398099e-01 3 
   25.713833 3.784093e+24 1.427331e-01 3 
   25.878063 3.930109e+24 1.463651e-01 3 
   26.042284 4.014599e+24 1.476320e-01 3 
   26.206516 4.079427e+24 1.481416e-01 3 
   26.370738 4.182501e+24 1.499989e-01 3 
   26.534963 4.280960e+24 1.516354e-01 3 
   26.699191 4.328062e+24 1.514237e-01 3 
   26.863413 4.362100e+24 1.507543e-01 3 
   27.027631 4.494172e+24 1.534370e-01 3 
   27.191866 4.603646e+24 1.552817e-01 3 
   27.356088 4.711004e+24 1.570008e-01 3 
   27.520319 4.769918e+24 1.570726e-01 3 
   27.684541 4.870856e+24 1.584992e-01 3 
   27.848763 4.996501e+24 1.606759e-01 3 
   28.012991 5.101171e+24 1.621240e-01 3 
   28.177213 5.231192e+24 1.643240e-01 3 
   28.341434 5.305697e+24 1.647385e-01 3 
   28.505666 5.402386e+24 1.658134e-01 3 
   28.669888 5.501184e+24 1.669170e-01 3 
   28.834116 5.613921e+24 1.684029e-01 3 
   28.998341 5.723792e+24 1.697595e-01 3 
   29.162562 5.801777e+24 1.701399e-01 3 
   29.326794 5.901218e+24 1.711232e-01 3 
   29.491016 6.029632e+24 1.729051e-01 3 
   29.655238 6.134368e+24 1.739656e-01 3 
   29.819469 6.294631e+24 1.765497e-01 3 
   29.983688 6.382718e+24 1.770647e-01 3 
   30.147919 6.427652e+24 1.763738e-01 3 
   30.312141 6.506793e+24 1.766161e-01 3 
   30.476363 6.598873e+24 1.771903e-01 3 
   30.640594 6.828727e+24 1.814019e-01 3 
   30.804819 6.833845e+24 1.796074e-01 3 
   30.969041 6.917253e+24 1.798766e-01 3 
   31.133269 7.015919e+24 1.805226e-01 3 
   31.297488 7.219809e+24 1.838244e-01 3 
   31.461722 7.347059e+24 1.851164e-01 3 
   31.625944 7.428996e+24 1.852420e-01 3 
   31.790166 7.470717e+24 1.843628e-01 3 
   31.954397 7.537820e+24 1.841115e-01 3 
   32.118619 7.732772e+24 1.869468e-01 3 
   32.282837 7.990516e+24 1.912176e-01 3 
   32.447072 8.281854e+24 1.961883e-01 3 
   32.611294 8.157000e+24 1.912894e-01 3 
   32.775522 8.560125e+24 1.987364e-01 3 
   32.939744 9.039588e+24 2.077804e-01 3 
   33.103969 8.575639e+24 1.951654e-01 3 
   33.268197 8.834538e+24 1.990773e-01 3 
   33.432416 9.104529e+24 2.031508e-01 3 
   33.596637 9.359056e+24 2.067935e-01 3 
   33.760872 9.303164e+24 2.035635e-01 3 
   33.925091 9.297003e+24 2.014640e-01 3 
