# IC 0883        
# 
# An Atlas of Galaxy Spectral Energy Distributions from the Ultraviolet to the Mid-Infrared
# Brown et al. (2014)
# http://dx.doi.org/10.5072/03/529D3551F0117
# http://dx.doi.org/10.17909/t9-5bxk-dh29
# 
# The Spectral Energy Distributions of Active Galactic Nuclei
# Brown et al. (2019)
# http://dx.doi.org/10.17909/t9-3dbt-8734
# 
# Column 1: Observed wavelength (um)
# Column 2: L_nu (W/Hz)
# Column 3: f_lam (erg/s/cm2/A)
# Column 4: Source (0 = model, 1 = Optical Spectrun, 2 = Akari, 3 = Spitzer IRS)
# 
  1.0209e-02 1.183270e+04 2.831483e-15 0 
  1.0399e-02 2.008166e+04 4.631406e-15 0 
  1.0592e-02 3.439800e+04 7.646694e-15 0 
  1.0789e-02 5.973999e+04 1.279968e-14 0 
  1.0990e-02 1.158680e+05 2.392569e-14 0 
  1.1402e-02 2.946933e+05 5.653334e-14 0 
  1.1803e-02 6.820017e+05 1.220948e-13 0 
  1.2106e-02 3.884678e+06 6.610741e-13 0 
  1.2503e-02 7.975848e+06 1.272462e-12 0 
  1.2706e-02 1.092677e+07 1.687992e-12 0 
  1.2794e-02 1.298232e+07 1.978045e-12 0 
  1.3092e-02 2.022691e+07 2.943160e-12 0 
  1.3213e-02 2.690002e+07 3.842785e-12 0 
  1.3397e-02 3.527617e+07 4.901881e-12 0 
  1.3709e-02 6.180209e+07 8.201401e-12 0 
  1.3996e-02 9.132772e+07 1.162763e-11 0 
  1.4289e-02 3.405539e+08 4.159859e-11 0 
  1.4689e-02 1.249023e+09 1.443719e-10 0 
  1.5101e-02 1.936390e+09 2.117765e-10 0 
  1.5488e-02 2.981407e+09 3.099753e-10 0 
  1.5885e-02 4.579283e+09 4.526051e-10 0 
  1.6218e-02 6.213672e+09 5.891830e-10 0 
  1.6596e-02 9.284522e+09 8.407156e-10 0 
  1.6982e-02 1.337257e+10 1.156468e-09 0 
  1.7298e-02 1.765047e+10 1.471164e-09 0 
  1.7701e-02 2.489631e+10 1.981690e-09 0 
  1.7989e-02 3.189661e+10 2.458255e-09 0 
  1.8197e-02 3.762157e+10 2.833569e-09 0 
  1.8621e-02 5.185878e+10 3.730033e-09 0 
  1.9098e-02 7.569658e+10 5.176032e-09 0 
  1.9409e-02 9.541966e+10 6.317249e-09 0 
  1.9815e-02 1.264863e+11 8.034367e-09 0 
  2.0184e-02 1.669161e+11 1.021833e-08 0 
  2.0512e-02 2.051103e+11 1.215816e-08 0 
  2.0989e-02 2.699480e+11 1.528245e-08 0 
  2.1577e-02 4.105926e+11 2.199508e-08 0 
  2.1978e-02 5.246218e+11 2.708735e-08 0 
  2.2284e-02 6.185234e+11 3.106464e-08 0 
  2.2699e-02 7.847707e+11 3.798619e-08 0 
  2.3014e-02 1.365394e+12 6.429398e-08 0 
  2.3388e-02 2.551025e+12 1.163121e-07 0 
  2.3988e-02 4.109729e+12 1.781236e-07 0 
  2.4604e-02 4.976327e+12 2.050189e-07 0 
  2.5177e-02 6.745925e+12 2.654178e-07 0 
  2.5704e-02 6.938479e+12 2.619143e-07 0 
  2.6001e-02 8.970189e+12 3.309161e-07 0 
  2.6424e-02 1.094435e+13 3.909214e-07 0 
  2.6915e-02 1.310457e+13 4.511600e-07 0 
  2.7416e-02 1.551233e+13 5.147132e-07 0 
  2.7925e-02 1.827752e+13 5.845576e-07 0 
  2.8379e-02 2.153872e+13 6.669943e-07 0 
  2.8973e-02 2.484977e+13 7.382983e-07 0 
  2.9580e-02 3.022834e+13 8.616173e-07 0 
  3.0130e-02 3.448162e+13 9.472965e-07 0 
  3.0832e-02 4.270890e+13 1.120499e-06 0 
  3.1769e-02 5.676929e+13 1.402823e-06 0 
  3.2809e-02 7.353983e+13 1.703857e-06 0 
  3.3806e-02 9.267903e+13 2.022508e-06 0 
  3.4834e-02 1.151921e+14 2.367623e-06 0 
  3.5727e-02 1.406138e+14 2.747460e-06 0 
  3.6559e-02 1.716972e+14 3.203841e-06 0 
  3.7497e-02 2.038567e+14 3.616001e-06 0 
  3.8459e-02 2.359570e+14 3.978628e-06 0 
  3.9536e-02 2.945652e+14 4.699942e-06 0 
  4.0457e-02 3.529717e+14 5.378349e-06 0 
  4.1400e-02 4.076351e+14 5.931539e-06 0 
  4.2169e-02 4.540241e+14 6.367790e-06 0 
  4.2953e-02 5.079900e+14 6.866962e-06 0 
  4.4055e-02 6.041404e+14 7.763257e-06 0 
  4.5081e-02 6.894907e+14 8.461313e-06 0 
  4.6025e-02 7.674466e+14 9.035601e-06 0 
  4.6989e-02 8.700180e+14 9.827255e-06 0 
  4.7973e-02 9.930609e+14 1.076164e-05 0 
  4.8978e-02 1.094939e+15 1.138372e-05 0 
    0.050003 1.255342e+15 1.252179e-05 0 
    0.050582 1.364036e+15 1.329629e-05 0 
    0.051168 1.999405e+15 1.904585e-05 0 
    0.051999 2.221131e+15 2.048710e-05 0 
    0.052966 2.506239e+15 2.228048e-05 0 
    0.053951 2.675883e+15 2.292791e-05 0 
    0.054954 3.563212e+15 2.942656e-05 0 
    0.055975 4.438177e+15 3.532750e-05 0 
    0.057016 5.364538e+15 4.115620e-05 0 
    0.057943 5.662872e+15 4.206600e-05 0 
    0.059020 7.316202e+15 5.238220e-05 0 
    0.059979 8.217075e+15 5.696594e-05 0 
    0.060953 9.956869e+15 6.683886e-05 0 
    0.061944 1.243120e+16 8.079996e-05 0 
    0.062950 1.451664e+16 9.136317e-05 0 
    0.063973 1.589252e+16 9.684918e-05 0 
    0.065013 1.942986e+16 1.146478e-04 0 
    0.065765 2.204130e+16 1.270995e-04 0 
    0.066527 2.454645e+16 1.383213e-04 0 
    0.067452 2.651121e+16 1.453236e-04 0 
    0.068548 2.835410e+16 1.504953e-04 0 
    0.069502 3.908624e+16 2.018021e-04 0 
    0.070469 4.012478e+16 2.015176e-04 0 
    0.071614 5.146349e+16 2.502648e-04 0 
    0.072610 5.725717e+16 2.708529e-04 0 
    0.073451 6.301159e+16 2.912872e-04 0 
    0.074473 7.632965e+16 3.432354e-04 0 
    0.075509 8.708521e+16 3.809284e-04 0 
    0.076559 9.820974e+16 4.178866e-04 0 
    0.077446 1.139335e+17 4.737509e-04 0 
    0.078523 1.308634e+17 5.293231e-04 0 
    0.079432 1.443001e+17 5.703901e-04 0 
    0.080537 1.600923e+17 6.155680e-04 0 
    0.081470 1.752945e+17 6.586723e-04 0 
    0.082413 2.037686e+17 7.482421e-04 0 
    0.083560 1.766695e+17 6.310463e-04 0 
    0.084527 2.390503e+17 8.344394e-04 0 
    0.085506 2.598857e+17 8.865140e-04 0 
    0.086496 2.944867e+17 9.816804e-04 0 
    0.087498 3.336619e+17 1.086943e-03 0 
    0.088511 3.841633e+17 1.222976e-03 0 
    0.089536 4.263089e+17 1.326250e-03 0 
    0.090573 4.455681e+17 1.354606e-03 0 
    0.091411 7.454943e+17 2.225071e-03 0 
    0.092469 5.855378e+18 1.707887e-02 0 
    0.093540 1.388851e+19 3.958743e-02 0 
    0.094406 2.832141e+19 7.925235e-02 0 
    0.095499 4.287139e+19 1.172374e-01 0 
    0.096604 5.013794e+19 1.339901e-01 0 
    0.097498 7.613351e+18 1.997473e-02 0 
    0.098401 4.466390e+19 1.150414e-01 0 
    0.099540 5.045504e+19 1.270006e-01 0 
    0.100461 7.911210e+19 1.954989e-01 0 
    0.101391 7.934945e+19 1.925048e-01 0 
    0.102565 3.454676e+19 8.190404e-02 0 
    0.103514 5.803386e+19 1.350765e-01 0 
    0.104471 1.204824e+20 2.753142e-01 0 
    0.105438 1.225055e+20 2.748259e-01 0 
    0.106414 9.825122e+19 2.163898e-01 0 
    0.107398 1.231792e+20 2.663431e-01 0 
    0.108392 9.855702e+19 2.092134e-01 0 
    0.109395 1.392569e+20 2.902139e-01 0 
    0.110407 1.376995e+20 2.817317e-01 0 
    0.111429 1.358381e+20 2.728485e-01 0 
    0.112460 1.256321e+20 2.477427e-01 0 
    0.113500 1.687080e+20 3.266183e-01 0 
    0.114551 1.570937e+20 2.985778e-01 0 
    0.115611 1.738393e+20 3.243740e-01 0 
    0.116412 1.851916e+20 3.408178e-01 0 
    0.117489 1.292904e+20 2.335976e-01 0 
    0.118576 1.912048e+20 3.391577e-01 0 
    0.119398 1.302987e+20 2.279514e-01 0 
    0.120503 9.328660e+19 1.602212e-01 0 
    0.121618 6.511128e+19 1.097885e-01 0 
    0.122461 1.422425e+20 2.365540e-01 0 
    0.123594 2.290006e+20 3.738853e-01 0 
    0.124451 2.601107e+20 4.188494e-01 0 
    0.125602 2.540491e+20 4.016252e-01 0 
    0.126473 2.204065e+20 3.436571e-01 0 
    0.127643 3.005510e+20 4.600664e-01 0 
    0.128528 3.237213e+20 4.887337e-01 0 
    0.129419 2.555122e+20 3.804627e-01 0 
    0.130616 2.594463e+20 3.792723e-01 0 
    0.131522 3.398101e+20 4.899322e-01 0 
    0.132433 3.322179e+20 4.724187e-01 0 
    0.133351 2.968809e+20 4.163765e-01 0 
    0.134585 3.699221e+20 5.093466e-01 0 
    0.135518 3.657913e+20 4.967476e-01 0 
    0.136458 3.306199e+20 4.428202e-01 0 
    0.137403 3.576129e+20 4.724080e-01 0 
    0.138356 3.702263e+20 4.823560e-01 0 
    0.139636 3.294993e+20 4.214598e-01 0 
    0.140604 3.514633e+20 4.433851e-01 0 
    0.141579 3.646510e+20 4.537078e-01 0 
    0.142560 3.844570e+20 4.717901e-01 0 
    0.143548 3.888703e+20 4.706596e-01 0 
    0.144211 4.192109e+20 5.027271e-01 0 
    0.144543 4.302673e+20 5.136185e-01 0 
    0.145545 4.252640e+20 5.006803e-01 0 
    0.146554 3.976905e+20 4.617919e-01 0 
    0.147570 4.049651e+20 4.637863e-01 0 
    0.148593 4.219572e+20 4.766154e-01 0 
    0.149623 4.386225e+20 4.886418e-01 0 
    0.150660 4.215901e+20 4.632239e-01 0 
    0.151355 3.761949e+20 4.095583e-01 0 
    0.151704 4.089496e+20 4.431719e-01 0 
    0.152404 4.010288e+20 4.306052e-01 0 
    0.153461 3.523013e+20 3.730909e-01 0 
    0.154524 4.014511e+20 4.193120e-01 0 
    0.155596 3.848716e+20 3.964747e-01 0 
    0.156674 3.980950e+20 4.044728e-01 0 
    0.157397 4.319356e+20 4.348331e-01 0 
    0.158488 4.634806e+20 4.601880e-01 0 
    0.159587 4.826481e+20 4.726417e-01 0 
    0.160324 4.808624e+20 4.665737e-01 0 
    0.161435 4.915521e+20 4.704036e-01 0 
    0.162554 4.710805e+20 4.446274e-01 0 
    0.163681 5.123802e+20 4.769713e-01 0 
    0.164436 5.295495e+20 4.884377e-01 0 
    0.165576 4.935898e+20 4.490223e-01 0 
    0.166340 5.503579e+20 4.960760e-01 0 
    0.167108 4.930804e+20 4.403720e-01 0 
    0.167879 5.638760e+20 4.989847e-01 0 
    0.168654 5.976180e+20 5.239946e-01 0 
    0.169433 5.670965e+20 4.926715e-01 0 
    0.170607 5.520549e+20 4.730260e-01 0 
    0.171395 5.274517e+20 4.477987e-01 0 
    0.172583 5.326615e+20 4.460173e-01 0 
    0.173379 5.789265e+20 4.803158e-01 0 
    0.174581 5.725914e+20 4.685407e-01 0 
    0.175387 6.222522e+20 5.045080e-01 0 
    0.176603 5.756139e+20 4.602900e-01 0 
    0.177418 5.987219e+20 4.743798e-01 0 
    0.178648 6.185022e+20 4.833274e-01 0 
    0.179472 6.720442e+20 5.203564e-01 0 
    0.180301 6.752075e+20 5.180091e-01 0 
    0.181551 6.287199e+20 4.757254e-01 0 
    0.182388 6.508212e+20 4.879391e-01 0 
    0.183653 6.315884e+20 4.670190e-01 0 
    0.184500 5.853106e+20 4.288349e-01 0 
    0.185352 5.933837e+20 4.307621e-01 0 
    0.186637 6.211720e+20 4.447468e-01 0 
    0.187498 6.840889e+20 4.853061e-01 0 
    0.188364 6.338666e+20 4.455521e-01 0 
    0.189670 6.163089e+20 4.272653e-01 0 
    0.190545 6.616553e+20 4.544993e-01 0 
    0.191424 6.433564e+20 4.378802e-01 0 
    0.192308 6.386503e+20 4.306901e-01 0 
    0.193641 6.666953e+20 4.434342e-01 0 
    0.194535 7.025481e+20 4.629958e-01 0 
    0.195433 6.643893e+20 4.338337e-01 0 
    0.196787 7.395923e+20 4.763169e-01 0 
    0.197696 7.685678e+20 4.904366e-01 0 
    0.198608 7.300493e+20 4.615887e-01 0 
    0.199525 7.161358e+20 4.486392e-01 0 
    0.200446 7.457966e+20 4.629372e-01 0 
    0.201371 7.248176e+20 4.457911e-01 0 
    0.202301 7.688133e+20 4.685126e-01 0 
    0.203703 7.347916e+20 4.416373e-01 0 
    0.204643 7.721323e+20 4.598269e-01 0 
    0.205588 7.450876e+20 4.396512e-01 0 
    0.206537 7.545602e+20 4.411584e-01 0 
    0.207490 8.149983e+20 4.721270e-01 0 
    0.207968 7.760352e+20 4.474916e-01 0 
    0.208448 8.102179e+20 4.650534e-01 0 
    0.209410 7.709437e+20 4.384542e-01 0 
    0.210377 7.841924e+20 4.418985e-01 0 
    0.211348 7.976233e+20 4.453465e-01 0 
    0.212323 8.187370e+20 4.529464e-01 0 
    0.213303 7.646637e+20 4.191534e-01 0 
    0.214288 7.902501e+20 4.292056e-01 0 
    0.215277 8.280252e+20 4.455995e-01 0 
    0.216271 8.096254e+20 4.317020e-01 0 
    0.217269 8.081735e+20 4.269780e-01 0 
    0.218272 7.974536e+20 4.174513e-01 0 
    0.219279 8.430842e+20 4.372938e-01 0 
    0.220291 8.260659e+20 4.245391e-01 0 
    0.221308 7.927218e+20 4.036668e-01 0 
    0.222330 7.712924e+20 3.891521e-01 0 
    0.223356 8.303712e+20 4.151198e-01 0 
    0.224387 7.985556e+20 3.955544e-01 0 
    0.225423 7.733469e+20 3.795547e-01 0 
    0.226463 7.985102e+20 3.883134e-01 0 
    0.227508 8.337415e+20 4.017302e-01 0 
    0.228559 8.664988e+20 4.136830e-01 0 
    0.229614 8.308497e+20 3.930269e-01 0 
    0.230673 8.419109e+20 3.946109e-01 0 
    0.231738 8.166122e+20 3.792432e-01 0 
    0.232272 6.492246e+20 3.001219e-01 0 
    0.233344 7.819146e+20 3.581480e-01 0 
    0.234422 7.707704e+20 3.498040e-01 0 
    0.235504 8.427325e+20 3.789567e-01 0 
    0.236591 7.896684e+20 3.518397e-01 0 
    0.237683 8.245657e+20 3.640202e-01 0 
    0.238231 7.755454e+20 3.408059e-01 0 
    0.239330 8.401872e+20 3.658291e-01 0 
    0.240435 8.168714e+20 3.524153e-01 0 
    0.241545 8.471006e+20 3.621057e-01 0 
    0.242660 9.072359e+20 3.842557e-01 0 
    0.243780 8.821035e+20 3.701858e-01 0 
    0.244342 9.416911e+20 3.933768e-01 0 
    0.245470 9.390703e+20 3.886850e-01 0 
    0.246602 9.473186e+20 3.885074e-01 0 
    0.247741 9.274318e+20 3.768623e-01 0 
    0.248312 9.675663e+20 3.913648e-01 0 
    0.249458 9.236109e+20 3.701610e-01 0 
    0.250609 1.035848e+21 4.113385e-01 0 
    0.251187 9.412470e+20 3.720537e-01 0 
    0.251766 9.774612e+20 3.845934e-01 0 
    0.252347 9.408174e+20 3.684729e-01 0 
    0.253511 9.623205e+20 3.734415e-01 0 
    0.254681 9.574968e+20 3.681634e-01 0 
    0.255269 1.029327e+21 3.939613e-01 0 
    0.256447 1.021814e+21 3.875010e-01 0 
    0.257631 1.094450e+21 4.112409e-01 0 
    0.258224 1.092977e+21 4.088033e-01 0 
    0.259416 1.097572e+21 4.067578e-01 0 
    0.260614 1.077124e+21 3.955184e-01 0 
    0.261215 1.073225e+21 3.922755e-01 0 
    0.262420 1.131159e+21 4.096626e-01 0 
    0.263632 1.170476e+21 4.200129e-01 0 
    0.264239 1.267004e+21 4.525648e-01 0 
    0.265459 1.296072e+21 4.587021e-01 0 
    0.266684 1.211937e+21 4.249937e-01 0 
    0.267299 1.273204e+21 4.444264e-01 0 
    0.268533 1.281589e+21 4.432513e-01 0 
    0.269772 1.252004e+21 4.290506e-01 0 
    0.270394 1.288370e+21 4.394839e-01 0 
    0.271642 1.252847e+21 4.234485e-01 0 
    0.272269 1.265710e+21 4.258280e-01 0 
    0.273525 1.343365e+21 4.478128e-01 0 
    0.274788 1.202435e+21 3.971572e-01 0 
    0.275421 1.231677e+21 4.049480e-01 0 
    0.276692 1.289359e+21 4.200270e-01 0 
    0.277330 1.354617e+21 4.392577e-01 0 
    0.278610 1.317356e+21 4.232590e-01 0 
    0.279253 1.096838e+21 3.507868e-01 0 
    0.280542 1.188555e+21 3.766344e-01 0 
    0.281189 1.407555e+21 4.439818e-01 0 
    0.282486 1.473530e+21 4.605339e-01 0 
    0.283790 1.436308e+21 4.447848e-01 0 
    0.284444 1.421320e+21 4.381217e-01 0 
    0.285757 1.407980e+21 4.300304e-01 0 
    0.286416 1.517211e+21 4.612621e-01 0 
    0.287738 1.523862e+21 4.590370e-01 0 
    0.288401 1.539558e+21 4.616354e-01 0 
    0.289733 1.542806e+21 4.583654e-01 0 
    0.291070 1.668103e+21 4.910487e-01 0 
    0.293088 1.650416e+21 4.791746e-01 0 
    0.295119 1.663305e+21 4.762928e-01 0 
    0.297165 1.723314e+21 4.867047e-01 0 
    0.299225 1.761026e+21 4.905309e-01 0 
    0.301299 1.812057e+21 4.978206e-01 0 
    0.302690 1.836999e+21 5.000451e-01 0 
    0.304788 1.868660e+21 5.016850e-01 0 
    0.306900 1.909661e+21 5.056604e-01 0 
    0.309028 1.956115e+21 5.108520e-01 0 
    0.311170 1.985371e+21 5.113788e-01 0 
    0.313327 2.005781e+21 5.095471e-01 0 
    0.314773 2.042977e+21 5.142391e-01 0 
    0.316955 2.078390e+21 5.159746e-01 0 
    0.319152 2.037950e+21 4.989935e-01 0 
    0.321364 2.136371e+21 5.159157e-01 0 
    0.322848 2.102178e+21 5.030020e-01 0 
    0.325085 2.213922e+21 5.224743e-01 0 
    0.327339 2.304978e+21 5.364975e-01 0 
    0.328850 2.326356e+21 5.365089e-01 0 
    0.331129 2.372441e+21 5.396318e-01 0 
    0.331892 2.419330e+21 5.477698e-01 0 
    0.332658 2.433366e+21 5.484132e-01 0 
    0.333424 2.510265e+21 5.631478e-01 0 
    0.334193 2.400093e+21 5.359569e-01 0 
    0.334964 2.533602e+21 5.631689e-01 0 
    0.335736 2.450485e+21 5.421915e-01 0 
    0.336510 2.370082e+21 5.219919e-01 0 
    0.337285 2.334955e+21 5.118950e-01 0 
    0.338063 2.504913e+21 5.466305e-01 0 
    0.338842 2.602037e+21 5.652173e-01 0 
    0.339623 2.528316e+21 5.466805e-01 0 
    0.340406 2.578347e+21 5.549365e-01 0 
    0.341191 2.505347e+21 5.367465e-01 0 
    0.341977 2.578582e+21 5.498999e-01 0 
    0.342766 2.629724e+21 5.582275e-01 0 
    0.343556 2.675607e+21 5.653581e-01 0 
    0.344348 2.564164e+21 5.393207e-01 0 
    0.345142 2.738263e+21 5.732922e-01 0 
    0.345937 2.624230e+21 5.468954e-01 0 
    0.346735 2.639515e+21 5.475517e-01 0 
    0.347534 2.704262e+21 5.584066e-01 0 
    0.348335 2.681582e+21 5.511798e-01 0 
    0.349138 2.763624e+21 5.654330e-01 0 
    0.349943 2.627654e+21 5.351433e-01 0 
    0.350750 2.733116e+21 5.540630e-01 0 
    0.351558 2.689982e+21 5.428149e-01 0 
    0.352369 2.797968e+21 5.620096e-01 0 
    0.353181 2.792086e+21 5.582524e-01 0 
    0.353995 2.864317e+21 5.700635e-01 0 
    0.354811 2.951955e+21 5.848063e-01 0 
    0.355629 2.925469e+21 5.768962e-01 0 
    0.356449 2.953179e+21 5.796841e-01 0 
    0.357271 2.840404e+21 5.549847e-01 0 
    0.358094 2.776347e+21 5.399781e-01 0 
    0.358920 2.633650e+21 5.098696e-01 0 
    0.359747 2.842222e+21 5.477219e-01 0 
    0.360576 2.895647e+21 5.554543e-01 0 
    0.361408 2.863128e+21 5.466907e-01 0 
    0.362241 2.903549e+21 5.518620e-01 0 
    0.363076 3.266026e+21 6.179040e-01 0 
    0.363913 3.112530e+21 5.861583e-01 0 
    0.363936 2.837167e+21 5.342338e-01 1 
    0.364204 3.055842e+21 5.745633e-01 1 
    0.364473 3.083363e+21 5.788825e-01 1 
    0.364742 2.893413e+21 5.424196e-01 1 
    0.365011 2.953230e+21 5.528176e-01 1 
    0.365279 2.978580e+21 5.567449e-01 1 
    0.365548 3.039065e+21 5.672149e-01 1 
    0.365817 2.841917e+21 5.296391e-01 1 
    0.366086 2.919658e+21 5.433280e-01 1 
    0.366354 3.052678e+21 5.672514e-01 1 
    0.366623 3.028975e+21 5.620212e-01 1 
    0.366892 3.064290e+21 5.677405e-01 1 
    0.367161 3.175636e+21 5.875083e-01 1 
    0.367429 2.925907e+21 5.405180e-01 1 
    0.367698 3.103396e+21 5.724679e-01 1 
    0.367967 3.074996e+21 5.664001e-01 1 
    0.368235 2.954571e+21 5.434265e-01 1 
    0.368504 3.098060e+21 5.689863e-01 1 
    0.368773 2.979581e+21 5.464286e-01 1 
    0.369042 2.838006e+21 5.197066e-01 1 
    0.369310 3.163068e+21 5.783927e-01 1 
    0.369579 3.223314e+21 5.885515e-01 1 
    0.369848 3.198075e+21 5.830940e-01 1 
    0.370117 2.979512e+21 5.424548e-01 1 
    0.370385 3.068029e+21 5.577622e-01 1 
    0.370654 3.239917e+21 5.881565e-01 1 
    0.370923 3.243692e+21 5.879881e-01 1 
    0.371192 3.038891e+21 5.500654e-01 1 
    0.371460 3.298252e+21 5.961508e-01 1 
    0.371729 3.350299e+21 6.046822e-01 1 
    0.371998 3.555467e+21 6.407843e-01 1 
    0.372267 4.318834e+21 7.772377e-01 1 
    0.372535 5.884404e+21 1.057462e+00 1 
    0.372804 7.058699e+21 1.266660e+00 1 
    0.373073 6.730295e+21 1.205988e+00 1 
    0.373342 5.531169e+21 9.896912e-01 1 
    0.373610 4.291867e+21 7.668416e-01 1 
    0.373879 3.464888e+21 6.181921e-01 1 
    0.374148 3.681515e+21 6.558978e-01 1 
    0.374416 3.537950e+21 6.294183e-01 1 
    0.374685 3.528683e+21 6.268685e-01 1 
    0.374954 3.362000e+21 5.964008e-01 1 
    0.375223 3.303321e+21 5.851515e-01 1 
    0.375491 3.731886e+21 6.601244e-01 1 
    0.375760 3.820153e+21 6.747705e-01 1 
    0.376029 4.249648e+21 7.495605e-01 1 
    0.376298 4.108291e+21 7.235921e-01 1 
    0.376566 3.873236e+21 6.812214e-01 1 
    0.376835 3.520781e+21 6.183480e-01 1 
    0.377104 3.426457e+21 6.009239e-01 1 
    0.377373 3.799165e+21 6.653389e-01 1 
    0.377641 4.413310e+21 7.717962e-01 1 
    0.377910 4.760917e+21 8.314004e-01 1 
    0.378179 4.948442e+21 8.629192e-01 1 
    0.378448 5.249325e+21 9.140869e-01 1 
    0.378716 4.984540e+21 8.667507e-01 1 
    0.378985 4.808645e+21 8.349782e-01 1 
    0.379254 4.270470e+21 7.404774e-01 1 
    0.379522 3.867525e+21 6.696621e-01 1 
    0.379791 3.520038e+21 6.086316e-01 1 
    0.380060 3.605695e+21 6.225598e-01 1 
    0.380329 4.098227e+21 7.065999e-01 1 
    0.380597 4.731356e+21 8.146131e-01 1 
    0.380866 5.147017e+21 8.849275e-01 1 
    0.381135 5.323235e+21 9.139331e-01 1 
    0.381404 5.369133e+21 9.205135e-01 1 
    0.381672 5.347625e+21 9.155390e-01 1 
    0.381941 5.442722e+21 9.305079e-01 1 
    0.382210 5.371950e+21 9.171160e-01 1 
    0.382479 5.304331e+21 9.042987e-01 1 
    0.382747 4.796417e+21 8.165633e-01 1 
    0.383016 4.192598e+21 7.127642e-01 1 
    0.383285 3.750179e+21 6.366560e-01 1 
    0.383554 3.481915e+21 5.902848e-01 1 
    0.383822 3.405295e+21 5.764896e-01 1 
    0.384091 3.933520e+21 6.649815e-01 1 
    0.384360 4.463427e+21 7.535091e-01 1 
    0.384629 5.049036e+21 8.511789e-01 1 
    0.384897 5.477826e+21 9.221798e-01 1 
    0.385166 5.960757e+21 1.002079e+00 1 
    0.385435 5.916046e+21 9.931747e-01 1 
    0.385703 5.966698e+21 1.000287e+00 1 
    0.385972 5.981020e+21 1.001290e+00 1 
    0.386241 6.132296e+21 1.025186e+00 1 
    0.386510 5.964215e+21 9.956994e-01 1 
    0.386778 6.257546e+21 1.043223e+00 1 
    0.387047 6.273360e+21 1.044406e+00 1 
    0.387316 6.123722e+21 1.018078e+00 1 
    0.387585 5.838575e+21 9.693248e-01 1 
    0.387853 5.269679e+21 8.736678e-01 1 
    0.388122 4.892318e+21 8.099806e-01 1 
    0.388391 4.646566e+21 7.682283e-01 1 
    0.388660 4.242116e+21 7.003889e-01 1 
    0.388928 3.982200e+21 6.565700e-01 1 
    0.389197 4.202182e+21 6.918825e-01 1 
    0.389466 4.373925e+21 7.191653e-01 1 
    0.389735 4.864618e+21 7.987416e-01 1 
    0.390003 5.169164e+21 8.475803e-01 1 
    0.390272 5.479359e+21 8.972045e-01 1 
    0.390541 5.722115e+21 9.356638e-01 1 
    0.390810 5.930422e+21 9.683909e-01 1 
    0.391078 6.132827e+21 1.000070e+00 1 
    0.391347 6.145889e+21 1.000823e+00 1 
    0.391616 6.559790e+21 1.066757e+00 1 
    0.391884 6.527678e+21 1.060083e+00 1 
    0.392153 6.451704e+21 1.046309e+00 1 
    0.392422 6.066131e+21 9.824298e-01 1 
    0.392691 5.739119e+21 9.281963e-01 1 
    0.392959 5.559673e+21 8.979481e-01 1 
    0.393228 5.127540e+21 8.270211e-01 1 
    0.393497 4.967612e+21 8.001313e-01 1 
    0.393766 5.199297e+21 8.363050e-01 1 
    0.394034 5.527107e+21 8.878241e-01 1 
    0.394303 5.781274e+21 9.273845e-01 1 
    0.394572 6.043887e+21 9.681893e-01 1 
    0.394841 6.202924e+21 9.923125e-01 1 
    0.395109 6.394138e+21 1.021515e+00 1 
    0.395378 6.240900e+21 9.956774e-01 1 
    0.395647 5.862429e+21 9.340245e-01 1 
    0.395916 5.675074e+21 9.029462e-01 1 
    0.396184 5.218705e+21 8.292115e-01 1 
    0.396453 4.462741e+21 7.081328e-01 1 
    0.396722 3.755309e+21 5.950721e-01 1 
    0.396991 3.331032e+21 5.271254e-01 1 
    0.397259 3.599888e+21 5.689026e-01 1 
    0.397528 4.241911e+21 6.694568e-01 1 
    0.397797 4.893937e+21 7.713151e-01 1 
    0.398065 5.556001e+21 8.744819e-01 1 
    0.398334 5.811544e+21 9.134677e-01 1 
    0.398603 6.305843e+21 9.898251e-01 1 
    0.398872 6.725427e+21 1.054264e+00 1 
    0.399140 6.870557e+21 1.075568e+00 1 
    0.399409 6.875678e+21 1.074920e+00 1 
    0.399678 7.201868e+21 1.124401e+00 1 
    0.399947 7.337042e+21 1.143965e+00 1 
    0.400215 7.346905e+21 1.143969e+00 1 
    0.400484 7.335920e+21 1.140724e+00 1 
    0.400753 7.181786e+21 1.115258e+00 1 
    0.401022 7.207856e+21 1.117805e+00 1 
    0.401290 7.421813e+21 1.149449e+00 1 
    0.401559 7.444987e+21 1.151494e+00 1 
    0.401828 7.505623e+21 1.159319e+00 1 
    0.402097 7.598052e+21 1.172025e+00 1 
    0.402365 7.489049e+21 1.153673e+00 1 
    0.402634 7.538571e+21 1.159751e+00 1 
    0.402903 7.585868e+21 1.165469e+00 1 
    0.403171 7.393835e+21 1.134456e+00 1 
    0.403440 7.405179e+21 1.134682e+00 1 
    0.403709 7.489104e+21 1.146013e+00 1 
    0.403978 7.568377e+21 1.156602e+00 1 
    0.404246 7.560494e+21 1.153866e+00 1 
    0.404515 7.567566e+21 1.153409e+00 1 
    0.404784 7.600424e+21 1.156878e+00 1 
    0.405053 7.308227e+21 1.110925e+00 1 
    0.405321 7.429704e+21 1.127898e+00 1 
    0.405590 7.507756e+21 1.138235e+00 1 
    0.405859 7.368568e+21 1.115653e+00 1 
    0.406128 7.445994e+21 1.125883e+00 1 
    0.406396 7.331278e+21 1.107076e+00 1 
    0.406665 7.182992e+21 1.083249e+00 1 
    0.406934 7.247630e+21 1.091552e+00 1 
    0.407203 7.226018e+21 1.086860e+00 1 
    0.407471 6.976171e+21 1.047901e+00 1 
    0.407740 6.966310e+21 1.045039e+00 1 
    0.408009 7.193156e+21 1.077647e+00 1 
    0.408278 7.175602e+21 1.073601e+00 1 
    0.408546 7.055792e+21 1.054291e+00 1 
    0.408815 6.886092e+21 1.027580e+00 1 
    0.409084 6.409835e+21 9.552528e-01 1 
    0.409352 6.160410e+21 9.168795e-01 1 
    0.409621 5.753162e+21 8.551428e-01 1 
    0.409890 5.295977e+21 7.861545e-01 1 
    0.410159 4.922737e+21 7.297912e-01 1 
    0.410427 4.808518e+21 7.119276e-01 1 
    0.410696 5.283083e+21 7.811653e-01 1 
    0.410965 5.924355e+21 8.748384e-01 1 
    0.411234 6.282724e+21 9.265448e-01 1 
    0.411502 6.504541e+21 9.580082e-01 1 
    0.411771 6.711220e+21 9.871575e-01 1 
    0.412040 6.932923e+21 1.018437e+00 1 
    0.412309 7.225662e+21 1.060055e+00 1 
    0.412577 7.316350e+21 1.071966e+00 1 
    0.412846 7.276979e+21 1.064808e+00 1 
    0.413115 7.246413e+21 1.058955e+00 1 
    0.413384 7.298481e+21 1.065177e+00 1 
    0.413652 7.479398e+21 1.090167e+00 1 
    0.413921 7.379620e+21 1.074226e+00 1 
    0.414190 7.365171e+21 1.070730e+00 1 
    0.414459 7.471739e+21 1.084813e+00 1 
    0.414727 7.523109e+21 1.090860e+00 1 
    0.414996 7.565667e+21 1.095610e+00 1 
    0.415265 7.395341e+21 1.069557e+00 1 
    0.415533 7.451145e+21 1.076238e+00 1 
    0.415802 7.545401e+21 1.088443e+00 1 
    0.416071 7.643786e+21 1.101210e+00 1 
    0.416340 7.676037e+21 1.104428e+00 1 
    0.416608 7.543127e+21 1.083909e+00 1 
    0.416877 7.329891e+21 1.051909e+00 1 
    0.417146 7.397538e+21 1.060248e+00 1 
    0.417415 7.251326e+21 1.037953e+00 1 
    0.417683 7.093752e+21 1.014095e+00 1 
    0.417952 7.304627e+21 1.042898e+00 1 
    0.418221 7.317717e+21 1.043423e+00 1 
    0.418490 7.398887e+21 1.053641e+00 1 
    0.418758 7.499936e+21 1.066664e+00 1 
    0.419027 7.493980e+21 1.064449e+00 1 
    0.419296 7.495160e+21 1.063251e+00 1 
    0.419565 7.368361e+21 1.043924e+00 1 
    0.419833 7.330612e+21 1.037250e+00 1 
    0.420102 7.200871e+21 1.017588e+00 1 
    0.420371 7.405016e+21 1.045098e+00 1 
    0.420640 7.594723e+21 1.070501e+00 1 
    0.420908 7.609955e+21 1.071283e+00 1 
    0.421177 7.687342e+21 1.080795e+00 1 
    0.421446 7.787321e+21 1.093454e+00 1 
    0.421714 7.695711e+21 1.079218e+00 1 
    0.421983 7.779770e+21 1.089615e+00 1 
    0.422252 7.517807e+21 1.051584e+00 1 
    0.422521 7.501253e+21 1.047933e+00 1 
    0.422789 7.548622e+21 1.053214e+00 1 
    0.423058 7.601074e+21 1.059184e+00 1 
    0.423327 7.790872e+21 1.084253e+00 1 
    0.423596 7.772615e+21 1.080339e+00 1 
    0.423864 7.828081e+21 1.086673e+00 1 
    0.424133 7.850268e+21 1.088371e+00 1 
    0.424402 7.853737e+21 1.087472e+00 1 
    0.424671 7.725581e+21 1.068372e+00 1 
    0.424939 7.752344e+21 1.070721e+00 1 
    0.425208 7.821144e+21 1.078857e+00 1 
    0.425477 7.654357e+21 1.054516e+00 1 
    0.425746 7.596279e+21 1.045192e+00 1 
    0.426014 7.748249e+21 1.064761e+00 1 
    0.426283 7.851671e+21 1.077612e+00 1 
    0.426552 7.923818e+21 1.086143e+00 1 
    0.426820 7.924716e+21 1.084902e+00 1 
    0.427089 7.689640e+21 1.051394e+00 1 
    0.427358 7.640783e+21 1.043399e+00 1 
    0.427627 7.769723e+21 1.059673e+00 1 
    0.427895 7.783094e+21 1.060167e+00 1 
    0.428164 7.765957e+21 1.056504e+00 1 
    0.428433 7.645891e+21 1.038864e+00 1 
    0.428702 7.621623e+21 1.034268e+00 1 
    0.428970 7.523464e+21 1.019672e+00 1 
    0.429239 7.441484e+21 1.007297e+00 1 
    0.429508 7.331310e+21 9.911412e-01 1 
    0.429777 7.235644e+21 9.769836e-01 1 
    0.430045 7.156225e+21 9.650562e-01 1 
    0.430314 7.030301e+21 9.468897e-01 1 
    0.430583 6.880829e+21 9.256002e-01 1 
    0.430852 7.023025e+21 9.435489e-01 1 
    0.431120 7.168591e+21 9.619088e-01 1 
    0.431389 7.320934e+21 9.811260e-01 1 
    0.431658 7.426523e+21 9.940366e-01 1 
    0.431927 7.523766e+21 1.005799e+00 1 
    0.432195 7.443415e+21 9.938233e-01 1 
    0.432464 7.304071e+21 9.740056e-01 1 
    0.432733 7.123121e+21 9.486952e-01 1 
    0.433001 6.968153e+21 9.269075e-01 1 
    0.433270 6.674253e+21 8.867105e-01 1 
    0.433539 6.410811e+21 8.506542e-01 1 
    0.433808 6.017217e+21 7.974381e-01 1 
    0.434076 5.689985e+21 7.531406e-01 1 
    0.434345 5.839691e+21 7.719988e-01 1 
    0.434614 6.145733e+21 8.114517e-01 1 
    0.434883 6.559958e+21 8.650727e-01 1 
    0.435151 6.919226e+21 9.113266e-01 1 
    0.435420 7.274364e+21 9.569179e-01 1 
    0.435689 7.679000e+21 1.008899e+00 1 
    0.435958 7.896396e+21 1.036182e+00 1 
    0.436226 8.098971e+21 1.061459e+00 1 
    0.436495 8.210792e+21 1.074788e+00 1 
    0.436764 8.150335e+21 1.065561e+00 1 
    0.437033 8.167150e+21 1.066445e+00 1 
    0.437301 8.156552e+21 1.063756e+00 1 
    0.437570 7.912839e+21 1.030703e+00 1 
    0.437839 8.028984e+21 1.044547e+00 1 
    0.438108 7.787517e+21 1.011889e+00 1 
    0.438376 7.891310e+21 1.024123e+00 1 
    0.438645 7.927761e+21 1.027592e+00 1 
    0.438914 7.990627e+21 1.034471e+00 1 
    0.439182 8.009485e+21 1.035648e+00 1 
    0.439451 8.041621e+21 1.038530e+00 1 
    0.439720 8.252779e+21 1.064496e+00 1 
    0.439989 8.263055e+21 1.064519e+00 1 
    0.440257 8.244043e+21 1.060777e+00 1 
    0.440526 8.184275e+21 1.051801e+00 1 
    0.440795 8.387991e+21 1.076666e+00 1 
    0.441064 8.376660e+21 1.073901e+00 1 
    0.441332 8.462850e+21 1.083633e+00 1 
    0.441601 8.436667e+21 1.078965e+00 1 
    0.441870 8.372461e+21 1.069450e+00 1 
    0.442139 8.391653e+21 1.070598e+00 1 
    0.442407 8.558407e+21 1.090550e+00 1 
    0.442676 8.512674e+21 1.083404e+00 1 
    0.442945 8.307058e+21 1.055952e+00 1 
    0.443214 8.304982e+21 1.054407e+00 1 
    0.443482 8.431318e+21 1.069153e+00 1 
    0.443751 8.532620e+21 1.080688e+00 1 
    0.444020 8.592716e+21 1.086981e+00 1 
    0.444289 8.586736e+21 1.084909e+00 1 
    0.444557 8.678962e+21 1.095240e+00 1 
    0.444826 8.694299e+21 1.095849e+00 1 
    0.445095 8.744922e+21 1.100898e+00 1 
    0.445363 8.703807e+21 1.094403e+00 1 
    0.445632 8.541180e+21 1.072659e+00 1 
    0.445901 8.349333e+21 1.047301e+00 1 
    0.446170 8.437817e+21 1.057124e+00 1 
    0.446438 8.550310e+21 1.069932e+00 1 
    0.446707 8.592011e+21 1.073855e+00 1 
    0.446976 8.711825e+21 1.087520e+00 1 
    0.447245 8.902355e+21 1.109968e+00 1 
    0.447513 8.883076e+21 1.106238e+00 1 
    0.447782 8.845163e+21 1.100193e+00 1 
    0.448051 8.872158e+21 1.102227e+00 1 
    0.448320 8.750299e+21 1.085783e+00 1 
    0.448588 8.800283e+21 1.090681e+00 1 
    0.448857 9.019249e+21 1.116480e+00 1 
    0.449126 8.969949e+21 1.109047e+00 1 
    0.449395 8.933981e+21 1.103278e+00 1 
    0.449663 9.018887e+21 1.112436e+00 1 
    0.449932 9.133408e+21 1.125215e+00 1 
    0.450201 9.216869e+21 1.134141e+00 1 
    0.450470 9.357567e+21 1.150079e+00 1 
    0.450738 9.329937e+21 1.145320e+00 1 
    0.451007 9.311397e+21 1.141681e+00 1 
    0.451276 9.389040e+21 1.149829e+00 1 
    0.451544 9.265513e+21 1.133354e+00 1 
    0.451813 9.267632e+21 1.132264e+00 1 
    0.452082 9.182166e+21 1.120488e+00 1 
    0.452351 9.065256e+21 1.104906e+00 1 
    0.452619 8.972327e+21 1.092285e+00 1 
    0.452888 8.756929e+21 1.064797e+00 1 
    0.453157 8.668893e+21 1.052841e+00 1 
    0.453426 8.860393e+21 1.074822e+00 1 
    0.453694 9.055192e+21 1.097155e+00 1 
    0.453963 9.161442e+21 1.108714e+00 1 
    0.454232 9.156156e+21 1.106762e+00 1 
    0.454501 9.203864e+21 1.111212e+00 1 
    0.454769 8.933426e+21 1.077290e+00 1 
    0.455038 8.901069e+21 1.072120e+00 1 
    0.455307 9.034825e+21 1.086945e+00 1 
    0.455576 8.959353e+21 1.076593e+00 1 
    0.455844 9.102929e+21 1.092560e+00 1 
    0.456113 9.227460e+21 1.106200e+00 1 
    0.456382 9.284808e+21 1.111763e+00 1 
    0.456650 9.399404e+21 1.124164e+00 1 
    0.456919 9.302583e+21 1.111275e+00 1 
    0.457188 9.362671e+21 1.117137e+00 1 
    0.457457 9.438847e+21 1.124902e+00 1 
    0.457725 9.427623e+21 1.122249e+00 1 
    0.457994 9.278671e+21 1.103221e+00 1 
    0.458263 9.263466e+21 1.100121e+00 1 
    0.458532 9.236906e+21 1.095680e+00 1 
    0.458800 9.224002e+21 1.092871e+00 1 
    0.459069 9.173331e+21 1.085594e+00 1 
    0.459338 9.251701e+21 1.093587e+00 1 
    0.459607 9.254420e+21 1.092628e+00 1 
    0.459875 9.233079e+21 1.088838e+00 1 
    0.460144 9.304117e+21 1.095933e+00 1 
    0.460413 9.361165e+21 1.101365e+00 1 
    0.460682 9.650194e+21 1.134044e+00 1 
    0.460950 9.654013e+21 1.133174e+00 1 
    0.461219 9.529320e+21 1.117234e+00 1 
    0.461488 9.563011e+21 1.119877e+00 1 
    0.461757 9.667044e+21 1.130741e+00 1 
    0.462025 9.655357e+21 1.128064e+00 1 
    0.462294 9.583738e+21 1.118394e+00 1 
    0.462563 9.601556e+21 1.119171e+00 1 
    0.462831 9.617547e+21 1.119737e+00 1 
    0.463100 9.701779e+21 1.128232e+00 1 
    0.463369 9.772176e+21 1.135099e+00 1 
    0.463638 9.550005e+21 1.108006e+00 1 
    0.463906 9.601247e+21 1.112664e+00 1 
    0.464175 9.587460e+21 1.109779e+00 1 
    0.464444 9.531807e+21 1.102059e+00 1 
    0.464713 9.512790e+21 1.098588e+00 1 
    0.464981 9.389040e+21 1.083047e+00 1 
    0.465250 9.481424e+21 1.092439e+00 1 
    0.465519 9.601663e+21 1.105015e+00 1 
    0.465788 9.595679e+21 1.103051e+00 1 
    0.466056 9.704409e+21 1.114267e+00 1 
    0.466325 9.734386e+21 1.116420e+00 1 
    0.466594 9.440899e+21 1.081512e+00 1 
    0.466863 9.505322e+21 1.087638e+00 1 
    0.467131 9.421723e+21 1.076836e+00 1 
    0.467400 9.593887e+21 1.095251e+00 1 
    0.467669 9.614262e+21 1.096315e+00 1 
    0.467938 9.608715e+21 1.094423e+00 1 
    0.468206 9.719364e+21 1.105759e+00 1 
    0.468475 9.759587e+21 1.109060e+00 1 
    0.468744 9.878216e+21 1.121253e+00 1 
    0.469012 9.841734e+21 1.115835e+00 1 
    0.469281 9.912294e+21 1.122547e+00 1 
    0.469550 9.860813e+21 1.115438e+00 1 
    0.469819 9.862041e+21 1.114300e+00 1 
    0.470087 9.687138e+21 1.093290e+00 1 
    0.470356 9.775495e+21 1.102001e+00 1 
    0.470625 9.767753e+21 1.099869e+00 1 
    0.470894 9.669857e+21 1.087602e+00 1 
    0.471162 9.627000e+21 1.081551e+00 1 
    0.471431 9.830892e+21 1.103197e+00 1 
    0.471700 1.021992e+22 1.145545e+00 1 
    0.471969 1.018454e+22 1.140279e+00 1 
    0.472237 1.015955e+22 1.136190e+00 1 
    0.472506 1.023282e+22 1.143081e+00 1 
    0.472775 9.974954e+21 1.113008e+00 1 
    0.473044 9.954195e+21 1.109429e+00 1 
    0.473312 9.946590e+21 1.107326e+00 1 
    0.473581 1.005076e+22 1.117652e+00 1 
    0.473850 1.001573e+22 1.112493e+00 1 
    0.474119 1.017928e+22 1.129377e+00 1 
    0.474387 1.018661e+22 1.128914e+00 1 
    0.474656 1.027091e+22 1.136966e+00 1 
    0.474925 1.025170e+22 1.133554e+00 1 
    0.475193 1.004152e+22 1.109062e+00 1 
    0.475462 1.021765e+22 1.127238e+00 1 
    0.475731 1.017675e+22 1.121457e+00 1 
    0.476000 1.014324e+22 1.116502e+00 1 
    0.476268 9.892949e+21 1.087726e+00 1 
    0.476537 9.859878e+21 1.082866e+00 1 
    0.476806 9.866421e+21 1.082362e+00 1 
    0.477075 9.923193e+21 1.087363e+00 1 
    0.477343 1.010012e+22 1.105508e+00 1 
    0.477612 1.021919e+22 1.117282e+00 1 
    0.477881 1.020045e+22 1.113978e+00 1 
    0.478150 1.002303e+22 1.093370e+00 1 
    0.478418 1.007988e+22 1.098339e+00 1 
    0.478687 9.988405e+21 1.087150e+00 1 
    0.478956 1.000128e+22 1.087328e+00 1 
    0.479225 1.013988e+22 1.101160e+00 1 
    0.479493 1.021458e+22 1.108032e+00 1 
    0.479762 1.023255e+22 1.108737e+00 1 
    0.480031 1.019448e+22 1.103375e+00 1 
    0.480299 1.028039e+22 1.111432e+00 1 
    0.480568 1.032847e+22 1.115379e+00 1 
    0.480837 1.017761e+22 1.097859e+00 1 
    0.481106 1.024019e+22 1.103375e+00 1 
    0.481374 1.026286e+22 1.104587e+00 1 
    0.481643 1.028935e+22 1.106201e+00 1 
    0.481912 1.036424e+22 1.113009e+00 1 
    0.482181 1.035405e+22 1.110674e+00 1 
    0.482449 1.009868e+22 1.082077e+00 1 
    0.482718 1.003503e+22 1.074059e+00 1 
    0.482987 1.002550e+22 1.071844e+00 1 
    0.483256 9.955865e+21 1.063215e+00 1 
    0.483524 9.925547e+21 1.058802e+00 1 
    0.483793 9.846403e+21 1.049192e+00 1 
    0.484062 9.828452e+21 1.046115e+00 1 
    0.484331 9.722539e+21 1.033693e+00 1 
    0.484599 9.586625e+21 1.018116e+00 1 
    0.484868 9.336911e+21 9.904957e-01 1 
    0.485137 9.190971e+21 9.739329e-01 1 
    0.485406 8.866859e+21 9.385468e-01 1 
    0.485674 8.814205e+21 9.319440e-01 1 
    0.485943 8.794278e+21 9.288079e-01 1 
    0.486212 8.765441e+21 9.247383e-01 1 
    0.486480 8.684290e+21 9.151680e-01 1 
    0.486749 8.512227e+21 8.960442e-01 1 
    0.487018 8.600837e+21 9.043720e-01 1 
    0.487287 8.812331e+21 9.255877e-01 1 
    0.487555 9.265735e+21 9.721407e-01 1 
    0.487824 9.369010e+21 9.818921e-01 1 
    0.488093 9.580519e+21 1.002952e+00 1 
    0.488362 9.655269e+21 1.009665e+00 1 
    0.488630 9.575053e+21 1.000178e+00 1 
    0.488899 9.866797e+21 1.029519e+00 1 
    0.489168 9.891654e+21 1.030978e+00 1 
    0.489437 1.005953e+22 1.047323e+00 1 
    0.489705 1.016413e+22 1.057055e+00 1 
    0.489974 1.034404e+22 1.074585e+00 1 
    0.490243 1.040198e+22 1.079418e+00 1 
    0.490512 1.032796e+22 1.070562e+00 1 
    0.490780 1.018684e+22 1.054781e+00 1 
    0.491049 1.014617e+22 1.049419e+00 1 
    0.491318 1.018890e+22 1.052685e+00 1 
    0.491587 1.032493e+22 1.065572e+00 1 
    0.491855 1.000296e+22 1.031219e+00 1 
    0.492124 9.855158e+21 1.014871e+00 1 
    0.492393 9.945031e+21 1.023008e+00 1 
    0.492661 1.021245e+22 1.049373e+00 1 
    0.492930 1.033470e+22 1.060776e+00 1 
    0.493199 1.038530e+22 1.064807e+00 1 
    0.493468 1.035199e+22 1.060235e+00 1 
    0.493736 1.036303e+22 1.060215e+00 1 
    0.494005 1.034867e+22 1.057593e+00 1 
    0.494274 1.038666e+22 1.060320e+00 1 
    0.494543 1.065449e+22 1.086478e+00 1 
    0.494811 1.080904e+22 1.101044e+00 1 
    0.495080 1.095932e+22 1.115140e+00 1 
    0.495349 1.091730e+22 1.109658e+00 1 
    0.495618 1.088153e+22 1.104822e+00 1 
    0.495886 1.103410e+22 1.119102e+00 1 
    0.496155 1.100850e+22 1.115295e+00 1 
    0.496424 1.084413e+22 1.097452e+00 1 
    0.496693 1.062990e+22 1.074606e+00 1 
    0.496961 1.055229e+22 1.065611e+00 1 
    0.497230 1.050012e+22 1.059196e+00 1 
    0.497499 1.053950e+22 1.062019e+00 1 
    0.497768 1.055684e+22 1.062616e+00 1 
    0.498036 1.035318e+22 1.040996e+00 1 
    0.498305 1.025665e+22 1.030177e+00 1 
    0.498574 1.021536e+22 1.024922e+00 1 
    0.498842 1.033324e+22 1.035635e+00 1 
    0.499111 1.054088e+22 1.055307e+00 1 
    0.499380 1.058430e+22 1.058513e+00 1 
    0.499649 1.056778e+22 1.055724e+00 1 
    0.499917 1.082642e+22 1.080402e+00 1 
    0.500186 1.115797e+22 1.112292e+00 1 
    0.500455 1.164549e+22 1.159642e+00 1 
    0.500724 1.194852e+22 1.188540e+00 1 
    0.500992 1.174012e+22 1.166561e+00 1 
    0.501261 1.102454e+22 1.094282e+00 1 
    0.501530 1.049110e+22 1.040216e+00 1 
    0.501799 1.048374e+22 1.038372e+00 1 
    0.502067 1.037596e+22 1.026600e+00 1 
    0.502336 1.024093e+22 1.012155e+00 1 
    0.502605 1.030752e+22 1.017647e+00 1 
    0.502874 1.026904e+22 1.012763e+00 1 
    0.503142 1.027431e+22 1.012204e+00 1 
    0.503411 1.031058e+22 1.014692e+00 1 
    0.503680 1.028069e+22 1.010670e+00 1 
    0.503948 1.038208e+22 1.019552e+00 1 
    0.504217 1.046513e+22 1.026612e+00 1 
    0.504486 1.028713e+22 1.008074e+00 1 
    0.504755 1.028135e+22 1.006434e+00 1 
    0.505023 1.045604e+22 1.022448e+00 1 
    0.505292 1.063378e+22 1.038721e+00 1 
    0.505561 1.071536e+22 1.045577e+00 1 
    0.505830 1.087346e+22 1.059876e+00 1 
    0.506098 1.079825e+22 1.051431e+00 1 
    0.506367 1.061313e+22 1.032307e+00 1 
    0.506636 1.061183e+22 1.031086e+00 1 
    0.506905 1.064146e+22 1.032868e+00 1 
    0.507173 1.062831e+22 1.030501e+00 1 
    0.507442 1.064254e+22 1.030787e+00 1 
    0.507711 1.061647e+22 1.027172e+00 1 
    0.507980 1.074954e+22 1.038947e+00 1 
    0.508248 1.072671e+22 1.035647e+00 1 
    0.508517 1.047911e+22 1.010671e+00 1 
    0.508786 1.065911e+22 1.026945e+00 1 
    0.509055 1.088523e+22 1.047622e+00 1 
    0.509323 1.083847e+22 1.042025e+00 1 
    0.509592 1.076444e+22 1.033815e+00 1 
    0.509861 1.067514e+22 1.024156e+00 1 
    0.510129 1.075707e+22 1.030932e+00 1 
    0.510398 1.072440e+22 1.026719e+00 1 
    0.510667 1.058067e+22 1.011892e+00 1 
    0.510936 1.064742e+22 1.017204e+00 1 
    0.511204 1.065988e+22 1.017326e+00 1 
    0.511473 1.077803e+22 1.027521e+00 1 
    0.511742 1.091653e+22 1.039630e+00 1 
    0.512011 1.099177e+22 1.045696e+00 1 
    0.512279 1.097762e+22 1.043258e+00 1 
    0.512548 1.077523e+22 1.022949e+00 1 
    0.512817 1.068080e+22 1.012920e+00 1 
    0.513086 1.070690e+22 1.014331e+00 1 
    0.513354 1.071521e+22 1.014059e+00 1 
    0.513623 1.068036e+22 1.009702e+00 1 
    0.513892 1.051300e+22 9.928404e-01 1 
    0.514161 1.058336e+22 9.984397e-01 1 
    0.514429 1.057678e+22 9.967792e-01 1 
    0.514698 1.050419e+22 9.889042e-01 1 
    0.514967 1.051516e+22 9.889031e-01 1 
    0.515236 1.062728e+22 9.984037e-01 1 
    0.515504 1.070046e+22 1.004234e+00 1 
    0.515773 1.083761e+22 1.016044e+00 1 
    0.516042 1.073416e+22 1.005297e+00 1 
    0.516310 1.055374e+22 9.873741e-01 1 
    0.516579 1.018624e+22 9.519999e-01 1 
    0.516848 9.897044e+21 9.240092e-01 1 
    0.517117 9.888735e+21 9.222732e-01 1 
    0.517385 1.007215e+22 9.384066e-01 1 
    0.517654 1.033964e+22 9.623269e-01 1 
    0.517923 1.029851e+22 9.575034e-01 1 
    0.518192 1.034540e+22 9.608650e-01 1 
    0.518460 1.030390e+22 9.560213e-01 1 
    0.518729 1.024228e+22 9.493190e-01 1 
    0.518998 1.038873e+22 9.618950e-01 1 
    0.519267 1.065113e+22 9.851689e-01 1 
    0.519535 1.096767e+22 1.013401e+00 1 
    0.519804 1.119306e+22 1.033157e+00 1 
    0.520073 1.148795e+22 1.059279e+00 1 
    0.520342 1.136276e+22 1.046653e+00 1 
    0.520610 1.094496e+22 1.007130e+00 1 
    0.520879 1.064357e+22 9.783855e-01 1 
    0.521148 1.084143e+22 9.955445e-01 1 
    0.521417 1.116256e+22 1.023976e+00 1 
    0.521685 1.115879e+22 1.022579e+00 1 
    0.521954 1.117539e+22 1.023045e+00 1 
    0.522223 1.120901e+22 1.025066e+00 1 
    0.522491 1.100743e+22 1.005599e+00 1 
    0.522760 1.079244e+22 9.849438e-01 1 
    0.523029 1.077217e+22 9.820828e-01 1 
    0.523298 1.092961e+22 9.954126e-01 1 
    0.523566 1.131885e+22 1.029807e+00 1 
    0.523835 1.154008e+22 1.048857e+00 1 
    0.524104 1.147601e+22 1.041963e+00 1 
    0.524373 1.146694e+22 1.040072e+00 1 
    0.524641 1.138506e+22 1.031590e+00 1 
    0.524910 1.141312e+22 1.033073e+00 1 
    0.525179 1.132317e+22 1.023882e+00 1 
    0.525448 1.130429e+22 1.021128e+00 1 
    0.525716 1.132222e+22 1.021706e+00 1 
    0.525985 1.124128e+22 1.013364e+00 1 
    0.526254 1.090861e+22 9.823695e-01 1 
    0.526523 1.073592e+22 9.658308e-01 1 
    0.526791 1.064902e+22 9.570380e-01 1 
    0.527060 1.066975e+22 9.579226e-01 1 
    0.527329 1.089611e+22 9.772476e-01 1 
    0.527597 1.109260e+22 9.938599e-01 1 
    0.527866 1.128426e+22 1.010002e+00 1 
    0.528135 1.147268e+22 1.025821e+00 1 
    0.528404 1.165825e+22 1.041352e+00 1 
    0.528672 1.179295e+22 1.052316e+00 1 
    0.528941 1.189408e+22 1.060261e+00 1 
    0.529210 1.186089e+22 1.056228e+00 1 
    0.529479 1.165919e+22 1.037212e+00 1 
    0.529747 1.156869e+22 1.028120e+00 1 
    0.530016 1.142031e+22 1.013903e+00 1 
    0.530285 1.155265e+22 1.024612e+00 1 
    0.530554 1.166620e+22 1.033633e+00 1 
    0.530822 1.195828e+22 1.058443e+00 1 
    0.531091 1.199625e+22 1.060728e+00 1 
    0.531360 1.198482e+22 1.058644e+00 1 
    0.531629 1.191544e+22 1.051451e+00 1 
    0.531897 1.183735e+22 1.043509e+00 1 
    0.532166 1.166112e+22 1.026934e+00 1 
    0.532435 1.149716e+22 1.011472e+00 1 
    0.532704 1.137465e+22 9.996840e-01 1 
    0.532972 1.115021e+22 9.789726e-01 1 
    0.533241 1.132927e+22 9.936905e-01 1 
    0.533510 1.175300e+22 1.029817e+00 1 
    0.533778 1.156347e+22 1.012193e+00 1 
    0.534047 1.132989e+22 9.907476e-01 1 
    0.534316 1.150636e+22 1.005166e+00 1 
    0.534585 1.172814e+22 1.023510e+00 1 
    0.534853 1.191892e+22 1.039117e+00 1 
    0.535122 1.196209e+22 1.041833e+00 1 
    0.535391 1.213159e+22 1.055533e+00 1 
    0.535660 1.233775e+22 1.072393e+00 1 
    0.535928 1.236612e+22 1.073784e+00 1 
    0.536197 1.217505e+22 1.056133e+00 1 
    0.536466 1.207872e+22 1.046726e+00 1 
    0.536735 1.189482e+22 1.029756e+00 1 
    0.537003 1.188778e+22 1.028120e+00 1 
    0.537272 1.181034e+22 1.020400e+00 1 
    0.537541 1.201682e+22 1.037200e+00 1 
    0.537810 1.217164e+22 1.049513e+00 1 
    0.538078 1.216727e+22 1.048092e+00 1 
    0.538347 1.207667e+22 1.039247e+00 1 
    0.538616 1.212882e+22 1.042693e+00 1 
    0.538885 1.219847e+22 1.047634e+00 1 
    0.539153 1.203113e+22 1.032236e+00 1 
    0.539422 1.196969e+22 1.025940e+00 1 
    0.539691 1.185277e+22 1.014906e+00 1 
    0.539959 1.172986e+22 1.003385e+00 1 
    0.540228 1.176773e+22 1.005622e+00 1 
    0.540497 1.166029e+22 9.954494e-01 1 
    0.540766 1.166459e+22 9.948262e-01 1 
    0.541034 1.178419e+22 1.004031e+00 1 
    0.541303 1.200566e+22 1.021885e+00 1 
    0.541572 1.208120e+22 1.027292e+00 1 
    0.541841 1.211404e+22 1.029062e+00 1 
    0.542109 1.218387e+22 1.033972e+00 1 
    0.542378 1.216109e+22 1.031015e+00 1 
    0.542647 1.211649e+22 1.026215e+00 1 
    0.542916 1.196161e+22 1.012094e+00 1 
    0.543184 1.199624e+22 1.014023e+00 1 
    0.543453 1.186598e+22 1.002020e+00 1 
    0.543722 1.220979e+22 1.030032e+00 1 
    0.543991 1.214107e+22 1.023222e+00 1 
    0.544259 1.224943e+22 1.031339e+00 1 
    0.544528 1.227519e+22 1.032486e+00 1 
    0.544797 1.231622e+22 1.034915e+00 1 
    0.545066 1.217442e+22 1.021990e+00 1 
    0.545334 1.214005e+22 1.018103e+00 1 
    0.545603 1.230428e+22 1.030859e+00 1 
    0.545872 1.237459e+22 1.035728e+00 1 
    0.546140 1.217998e+22 1.018439e+00 1 
    0.546409 1.204986e+22 1.006567e+00 1 
    0.546678 1.213843e+22 1.012969e+00 1 
    0.546947 1.221396e+22 1.018269e+00 1 
    0.547215 1.193746e+22 9.942427e-01 1 
    0.547484 1.195221e+22 9.944930e-01 1 
    0.547753 1.202729e+22 9.997573e-01 1 
    0.548022 1.216547e+22 1.010251e+00 1 
    0.548290 1.215403e+22 1.008315e+00 1 
    0.548559 1.232997e+22 1.021908e+00 1 
    0.548828 1.246317e+22 1.031935e+00 1 
    0.549097 1.243169e+22 1.028320e+00 1 
    0.549365 1.240548e+22 1.025152e+00 1 
    0.549634 1.237849e+22 1.021920e+00 1 
    0.549903 1.237797e+22 1.020878e+00 1 
    0.550172 1.224963e+22 1.009305e+00 1 
    0.550440 1.236773e+22 1.018044e+00 1 
    0.550709 1.240382e+22 1.020017e+00 1 
    0.550978 1.234586e+22 1.014260e+00 1 
    0.551246 1.237905e+22 1.015998e+00 1 
    0.551515 1.253298e+22 1.027629e+00 1 
    0.551784 1.258815e+22 1.031146e+00 1 
    0.552053 1.256137e+22 1.027950e+00 1 
    0.552321 1.263888e+22 1.033290e+00 1 
    0.552590 1.256167e+22 1.025977e+00 1 
    0.552859 1.236783e+22 1.009163e+00 1 
    0.553128 1.255705e+22 1.023606e+00 1 
    0.553396 1.251885e+22 1.019504e+00 1 
    0.553665 1.266310e+22 1.030249e+00 1 
    0.553934 1.279641e+22 1.040085e+00 1 
    0.554203 1.308942e+22 1.062868e+00 1 
    0.554471 1.300683e+22 1.055140e+00 1 
    0.554740 1.298784e+22 1.052578e+00 1 
    0.555009 1.318725e+22 1.067703e+00 1 
    0.555278 1.302678e+22 1.053689e+00 1 
    0.555546 1.310410e+22 1.058921e+00 1 
    0.555815 1.293120e+22 1.043938e+00 1 
    0.556084 1.281552e+22 1.033598e+00 1 
    0.556353 1.266588e+22 1.020542e+00 1 
    0.556621 1.280106e+22 1.030441e+00 1 
    0.556890 1.266968e+22 1.018880e+00 1 
    0.557159 1.279228e+22 1.027747e+00 1 
    0.557427 1.289139e+22 1.034714e+00 1 
    0.557696 1.301053e+22 1.043269e+00 1 
    0.557965 1.312330e+22 1.051298e+00 1 
    0.558234 1.315822e+22 1.053079e+00 1 
    0.558502 1.285660e+22 1.027952e+00 1 
    0.558771 1.264875e+22 1.010361e+00 1 
    0.559040 1.289020e+22 1.028657e+00 1 
    0.559309 1.257148e+22 1.002258e+00 1 
    0.559577 1.263420e+22 1.006293e+00 1 
    0.559846 1.293538e+22 1.029292e+00 1 
    0.560115 1.290204e+22 1.025653e+00 1 
    0.560384 1.296791e+22 1.029900e+00 1 
    0.560652 1.313374e+22 1.042073e+00 1 
    0.560921 1.315131e+22 1.042467e+00 1 
    0.561190 1.304605e+22 1.033132e+00 1 
    0.561459 1.295691e+22 1.025089e+00 1 
    0.561727 1.311299e+22 1.036448e+00 1 
    0.561996 1.297612e+22 1.024648e+00 1 
    0.562265 1.278633e+22 1.008696e+00 1 
    0.562534 1.279415e+22 1.008348e+00 1 
    0.562802 1.295091e+22 1.019731e+00 1 
    0.563071 1.310385e+22 1.030787e+00 1 
    0.563340 1.308849e+22 1.028596e+00 1 
    0.563608 1.317521e+22 1.034426e+00 1 
    0.563877 1.301447e+22 1.020831e+00 1 
    0.564146 1.314079e+22 1.029758e+00 1 
    0.564415 1.304495e+22 1.021272e+00 1 
    0.564683 1.300428e+22 1.017123e+00 1 
    0.564952 1.317884e+22 1.029794e+00 1 
    0.565221 1.325040e+22 1.034400e+00 1 
    0.565490 1.311923e+22 1.023187e+00 1 
    0.565758 1.300915e+22 1.013640e+00 1 
    0.566027 1.281137e+22 9.972810e-01 1 
    0.566296 1.277829e+22 9.937619e-01 1 
    0.566565 1.275577e+22 9.910686e-01 1 
    0.566833 1.291757e+22 1.002691e+00 1 
    0.567102 1.306376e+22 1.013077e+00 1 
    0.567371 1.328343e+22 1.029135e+00 1 
    0.567640 1.345293e+22 1.041280e+00 1 
    0.567908 1.340192e+22 1.036352e+00 1 
    0.568177 1.307647e+22 1.010229e+00 1 
    0.568446 1.312125e+22 1.012729e+00 1 
    0.568715 1.327674e+22 1.023761e+00 1 
    0.568983 1.333651e+22 1.027401e+00 1 
    0.569252 1.329034e+22 1.022877e+00 1 
    0.569521 1.316827e+22 1.012525e+00 1 
    0.569789 1.309020e+22 1.005575e+00 1 
    0.570058 1.300541e+22 9.981190e-01 1 
    0.570327 1.327316e+22 1.017707e+00 1 
    0.570596 1.319006e+22 1.010383e+00 1 
    0.570864 1.296013e+22 9.918372e-01 1 
    0.571133 1.298658e+22 9.929253e-01 1 
    0.571402 1.299927e+22 9.929602e-01 1 
    0.571671 1.343409e+22 1.025209e+00 1 
    0.571939 1.367321e+22 1.042479e+00 1 
    0.572208 1.375802e+22 1.047959e+00 1 
    0.572477 1.376182e+22 1.047264e+00 1 
    0.572746 1.376483e+22 1.046510e+00 1 
    0.573014 1.361217e+22 1.033935e+00 1 
    0.573283 1.360570e+22 1.032474e+00 1 
    0.573552 1.362099e+22 1.032665e+00 1 
    0.573821 1.351874e+22 1.023952e+00 1 
    0.574089 1.363182e+22 1.031554e+00 1 
    0.574358 1.368115e+22 1.034317e+00 1 
    0.574627 1.349433e+22 1.019238e+00 1 
    0.574895 1.334964e+22 1.007370e+00 1 
    0.575164 1.339165e+22 1.009595e+00 1 
    0.575433 1.351602e+22 1.018019e+00 1 
    0.575702 1.346122e+22 1.012944e+00 1 
    0.575970 1.332671e+22 1.001889e+00 1 
    0.576239 1.346533e+22 1.011366e+00 1 
    0.576508 1.379301e+22 1.035011e+00 1 
    0.576777 1.396390e+22 1.046857e+00 1 
    0.577045 1.367799e+22 1.024470e+00 1 
    0.577314 1.389063e+22 1.039427e+00 1 
    0.577583 1.376350e+22 1.028956e+00 1 
    0.577852 1.333188e+22 9.957595e-01 1 
    0.578120 1.343056e+22 1.002200e+00 1 
    0.578389 1.304304e+22 9.723785e-01 1 
    0.578658 1.328331e+22 9.893701e-01 1 
    0.578927 1.348139e+22 1.003191e+00 1 
    0.579195 1.355185e+22 1.007501e+00 1 
    0.579464 1.358634e+22 1.009128e+00 1 
    0.579733 1.371522e+22 1.017755e+00 1 
    0.580002 1.387530e+22 1.028679e+00 1 
    0.580270 1.372289e+22 1.016440e+00 1 
    0.580539 1.374191e+22 1.016906e+00 1 
    0.580808 1.389157e+22 1.027029e+00 1 
    0.581076 1.387542e+22 1.024889e+00 1 
    0.581345 1.402594e+22 1.035048e+00 1 
    0.581614 1.415593e+22 1.043675e+00 1 
    0.581883 1.419079e+22 1.045277e+00 1 
    0.582151 1.407039e+22 1.035455e+00 1 
    0.582420 1.403863e+22 1.032164e+00 1 
    0.582689 1.414510e+22 1.039032e+00 1 
    0.582958 1.427881e+22 1.047886e+00 1 
    0.583226 1.413644e+22 1.036484e+00 1 
    0.583495 1.401454e+22 1.026599e+00 1 
    0.583764 1.413144e+22 1.034209e+00 1 
    0.584033 1.425820e+22 1.042525e+00 1 
    0.584301 1.414290e+22 1.033146e+00 1 
    0.584570 1.406245e+22 1.026324e+00 1 
    0.584839 1.384595e+22 1.009593e+00 1 
    0.585108 1.387790e+22 1.010993e+00 1 
    0.585376 1.385201e+22 1.008183e+00 1 
    0.585645 1.368832e+22 9.953541e-01 1 
    0.585914 1.369034e+22 9.945873e-01 1 
    0.586183 1.360134e+22 9.872151e-01 1 
    0.586451 1.373131e+22 9.957379e-01 1 
    0.586720 1.382665e+22 1.001732e+00 1 
    0.586989 1.390164e+22 1.006243e+00 1 
    0.587257 1.400290e+22 1.012647e+00 1 
    0.587526 1.417936e+22 1.024469e+00 1 
    0.587795 1.425782e+22 1.029195e+00 1 
    0.588064 1.415852e+22 1.021093e+00 1 
    0.588332 1.397699e+22 1.007083e+00 1 
    0.588601 1.363751e+22 9.817247e-01 1 
    0.588870 1.319192e+22 9.487798e-01 1 
    0.589139 1.271817e+22 9.138725e-01 1 
    0.589407 1.261893e+22 9.059172e-01 1 
    0.589676 1.288704e+22 9.243210e-01 1 
    0.589945 1.326083e+22 9.502635e-01 1 
    0.590214 1.394115e+22 9.981049e-01 1 
    0.590482 1.383641e+22 9.897069e-01 1 
    0.590751 1.376244e+22 9.835194e-01 1 
    0.591020 1.402955e+22 1.001695e+00 1 
    0.591289 1.416376e+22 1.010358e+00 1 
    0.591557 1.373186e+22 9.786615e-01 1 
    0.591826 1.392500e+22 9.915248e-01 1 
    0.592095 1.430586e+22 1.017719e+00 1 
    0.592364 1.437273e+22 1.021547e+00 1 
    0.592632 1.428888e+22 1.014669e+00 1 
    0.592901 1.395978e+22 9.903998e-01 1 
    0.593170 1.395893e+22 9.894416e-01 1 
    0.593438 1.427590e+22 1.010996e+00 1 
    0.593707 1.407929e+22 9.961684e-01 1 
    0.593976 1.419597e+22 1.003515e+00 1 
    0.594245 1.420272e+22 1.003083e+00 1 
    0.594513 1.422524e+22 1.003768e+00 1 
    0.594782 1.404850e+22 9.904004e-01 1 
    0.595051 1.421189e+22 1.001014e+00 1 
    0.595320 1.415587e+22 9.961664e-01 1 
    0.595588 1.414108e+22 9.942304e-01 1 
    0.595857 1.426355e+22 1.001936e+00 1 
    0.596126 1.429773e+22 1.003431e+00 1 
    0.596395 1.436182e+22 1.007020e+00 1 
    0.596663 1.424153e+22 9.976886e-01 1 
    0.596932 1.426531e+22 9.984535e-01 1 
    0.597201 1.466746e+22 1.025677e+00 1 
    0.597470 1.433862e+22 1.001778e+00 1 
    0.597738 1.430061e+22 9.982269e-01 1 
    0.598007 1.428688e+22 9.963713e-01 1 
    0.598276 1.451525e+22 1.011388e+00 1 
    0.598545 1.428060e+22 9.941436e-01 1 
    0.598813 1.412223e+22 9.822394e-01 1 
    0.599082 1.409392e+22 9.793905e-01 1 
    0.599351 1.444181e+22 1.002665e+00 1 
    0.599619 1.454102e+22 1.008650e+00 1 
    0.599888 1.435048e+22 9.945409e-01 1 
    0.600157 1.418585e+22 9.822504e-01 1 
    0.600426 1.423195e+22 9.845592e-01 1 
    0.600694 1.408766e+22 9.737078e-01 1 
    0.600963 1.413925e+22 9.763994e-01 1 
    0.601232 1.431615e+22 9.877309e-01 1 
    0.601501 1.409130e+22 9.713478e-01 1 
    0.601769 1.420363e+22 9.782190e-01 1 
    0.602038 1.424206e+22 9.799893e-01 1 
    0.602307 1.421561e+22 9.772960e-01 1 
    0.602576 1.430251e+22 9.823929e-01 1 
    0.602844 1.451546e+22 9.961329e-01 1 
    0.603113 1.453660e+22 9.966945e-01 1 
    0.603382 1.451428e+22 9.942764e-01 1 
    0.603651 1.444521e+22 9.886632e-01 1 
    0.603919 1.445947e+22 9.887613e-01 1 
    0.604188 1.456342e+22 9.949830e-01 1 
    0.604457 1.472101e+22 1.004855e+00 1 
    0.604725 1.489167e+22 1.015603e+00 1 
    0.604994 1.494073e+22 1.018043e+00 1 
    0.605263 1.485224e+22 1.011114e+00 1 
    0.605532 1.452887e+22 9.882210e-01 1 
    0.605800 1.475501e+22 1.002715e+00 1 
    0.606069 1.465637e+22 9.951272e-01 1 
    0.606338 1.467060e+22 9.952101e-01 1 
    0.606607 1.473322e+22 9.985719e-01 1 
    0.606875 1.476625e+22 9.999265e-01 1 
    0.607144 1.505525e+22 1.018593e+00 1 
    0.607413 1.492412e+22 1.008828e+00 1 
    0.607682 1.489977e+22 1.006290e+00 1 
    0.607950 1.481399e+22 9.996152e-01 1 
    0.608219 1.450138e+22 9.776557e-01 1 
    0.608488 1.443355e+22 9.722221e-01 1 
    0.608757 1.474413e+22 9.922653e-01 1 
    0.609025 1.515669e+22 1.019133e+00 1 
    0.609294 1.533751e+22 1.030380e+00 1 
    0.609563 1.483046e+22 9.954370e-01 1 
    0.609832 1.459069e+22 9.784797e-01 1 
    0.610100 1.454818e+22 9.747723e-01 1 
    0.610369 1.475120e+22 9.875039e-01 1 
    0.610638 1.483307e+22 9.921102e-01 1 
    0.610906 1.489036e+22 9.950683e-01 1 
    0.611175 1.542000e+22 1.029555e+00 1 
    0.611444 1.534566e+22 1.023691e+00 1 
    0.611713 1.497691e+22 9.982130e-01 1 
    0.611981 1.483804e+22 9.880916e-01 1 
    0.612250 1.487248e+22 9.895149e-01 1 
    0.612519 1.478527e+22 9.828486e-01 1 
    0.612788 1.470095e+22 9.763859e-01 1 
    0.613056 1.455750e+22 9.660132e-01 1 
    0.613325 1.492385e+22 9.894549e-01 1 
    0.613594 1.470986e+22 9.744121e-01 1 
    0.613863 1.465566e+22 9.699717e-01 1 
    0.614131 1.457404e+22 9.637275e-01 1 
    0.614400 1.476719e+22 9.756454e-01 1 
    0.614669 1.475546e+22 9.740170e-01 1 
    0.614938 1.486997e+22 9.807175e-01 1 
    0.615206 1.494145e+22 9.845731e-01 1 
    0.615475 1.481291e+22 9.752503e-01 1 
    0.615744 1.470069e+22 9.670165e-01 1 
    0.616013 1.424814e+22 9.364292e-01 1 
    0.616281 1.410203e+22 9.260204e-01 1 
    0.616550 1.418948e+22 9.309499e-01 1 
    0.616819 1.444081e+22 9.466134e-01 1 
    0.617087 1.426356e+22 9.341823e-01 1 
    0.617356 1.440820e+22 9.428333e-01 1 
    0.617625 1.463123e+22 9.565941e-01 1 
    0.617894 1.487534e+22 9.717070e-01 1 
    0.618162 1.483988e+22 9.685501e-01 1 
    0.618431 1.475827e+22 9.623865e-01 1 
    0.618700 1.453142e+22 9.467695e-01 1 
    0.618969 1.430911e+22 9.314754e-01 1 
    0.619237 1.465474e+22 9.531490e-01 1 
    0.619506 1.468312e+22 9.541654e-01 1 
    0.619775 1.472461e+22 9.560315e-01 1 
    0.620044 1.490469e+22 9.668842e-01 1 
    0.620312 1.457163e+22 9.444611e-01 1 
    0.620581 1.479547e+22 9.581382e-01 1 
    0.620850 1.501117e+22 9.712647e-01 1 
    0.621119 1.512227e+22 9.776061e-01 1 
    0.621387 1.497807e+22 9.674488e-01 1 
    0.621656 1.466134e+22 9.461716e-01 1 
    0.621925 1.458716e+22 9.405704e-01 1 
    0.622194 1.442461e+22 9.292851e-01 1 
    0.622462 1.443931e+22 9.294310e-01 1 
    0.622731 1.469739e+22 9.452259e-01 1 
    0.623000 1.435308e+22 9.222854e-01 1 
    0.623268 1.471997e+22 9.450479e-01 1 
    0.623537 1.449146e+22 9.295744e-01 1 
    0.623806 1.453887e+22 9.318114e-01 1 
    0.624075 1.444750e+22 9.251573e-01 1 
    0.624343 1.450633e+22 9.281270e-01 1 
    0.624612 1.427416e+22 9.124860e-01 1 
    0.624881 1.403876e+22 8.966654e-01 1 
    0.625150 1.401164e+22 8.941637e-01 1 
    0.625418 1.404284e+22 8.953864e-01 1 
    0.625687 1.419447e+22 9.042768e-01 1 
    0.625956 1.432699e+22 9.119346e-01 1 
    0.626225 1.459388e+22 9.281247e-01 1 
    0.626493 1.487816e+22 9.453945e-01 1 
    0.626762 1.478141e+22 9.384412e-01 1 
    0.627031 1.483861e+22 9.412645e-01 1 
    0.627300 1.498104e+22 9.494847e-01 1 
    0.627568 1.499445e+22 9.495228e-01 1 
    0.627837 1.485277e+22 9.397454e-01 1 
    0.628106 1.447933e+22 9.153328e-01 1 
    0.628374 1.448074e+22 9.146409e-01 1 
    0.628643 1.444155e+22 9.113852e-01 1 
    0.628912 1.481638e+22 9.342407e-01 1 
    0.629181 1.500227e+22 9.451533e-01 1 
    0.629449 1.589071e+22 1.000273e+00 1 
    0.629718 1.690719e+22 1.063348e+00 1 
    0.629987 1.738684e+22 1.092582e+00 1 
    0.630256 1.743865e+22 1.094903e+00 1 
    0.630524 1.666304e+22 1.045316e+00 1 
    0.630793 1.577020e+22 9.884616e-01 1 
    0.631062 1.538925e+22 9.637619e-01 1 
    0.631331 1.525089e+22 9.542836e-01 1 
    0.631599 1.512741e+22 9.457536e-01 1 
    0.631868 1.504852e+22 9.400208e-01 1 
    0.632137 1.458736e+22 9.104387e-01 1 
    0.632406 1.475021e+22 9.198198e-01 1 
    0.632674 1.482479e+22 9.236872e-01 1 
    0.632943 1.461575e+22 9.098888e-01 1 
    0.633212 1.469050e+22 9.137654e-01 1 
    0.633481 1.475823e+22 9.171990e-01 1 
    0.633749 1.488022e+22 9.239981e-01 1 
    0.634018 1.502380e+22 9.321226e-01 1 
    0.634287 1.499291e+22 9.294174e-01 1 
    0.634555 1.541695e+22 9.548966e-01 1 
    0.634824 1.566301e+22 9.693153e-01 1 
    0.635093 1.553036e+22 9.602919e-01 1 
    0.635362 1.501065e+22 9.273711e-01 1 
    0.635630 1.454608e+22 8.979116e-01 1 
    0.635899 1.488511e+22 9.180625e-01 1 
    0.636168 1.536296e+22 9.467336e-01 1 
    0.636437 1.566494e+22 9.645271e-01 1 
    0.636705 1.574820e+22 9.688373e-01 1 
    0.636974 1.567272e+22 9.633797e-01 1 
    0.637243 1.585157e+22 9.735504e-01 1 
    0.637512 1.544821e+22 9.479772e-01 1 
    0.637780 1.524323e+22 9.346129e-01 1 
    0.638049 1.531702e+22 9.383454e-01 1 
    0.638318 1.571897e+22 9.621581e-01 1 
    0.638587 1.552207e+22 9.493053e-01 1 
    0.638855 1.510451e+22 9.229931e-01 1 
    0.639124 1.542944e+22 9.420549e-01 1 
    0.639393 1.549224e+22 9.450937e-01 1 
    0.639662 1.525534e+22 9.298596e-01 1 
    0.639930 1.513436e+22 9.217126e-01 1 
    0.640199 1.541983e+22 9.383093e-01 1 
    0.640468 1.561287e+22 9.492579e-01 1 
    0.640736 1.530430e+22 9.297188e-01 1 
    0.641005 1.493605e+22 9.065867e-01 1 
    0.641274 1.510169e+22 9.158719e-01 1 
    0.641543 1.516747e+22 9.190902e-01 1 
    0.641811 1.498926e+22 9.075327e-01 1 
    0.642080 1.525501e+22 9.228492e-01 1 
    0.642349 1.545032e+22 9.338814e-01 1 
    0.642618 1.555578e+22 9.394691e-01 1 
    0.642886 1.536216e+22 9.270021e-01 1 
    0.643155 1.499453e+22 9.040616e-01 1 
    0.643424 1.504222e+22 9.061787e-01 1 
    0.643693 1.512497e+22 9.104022e-01 1 
    0.643961 1.543069e+22 9.280312e-01 1 
    0.644230 1.574865e+22 9.463632e-01 1 
    0.644499 1.542477e+22 9.261269e-01 1 
    0.644768 1.560439e+22 9.361301e-01 1 
    0.645036 1.548464e+22 9.281746e-01 1 
    0.645305 1.510813e+22 9.048511e-01 1 
    0.645574 1.533548e+22 9.177022e-01 1 
    0.645843 1.485372e+22 8.881322e-01 1 
    0.646111 1.515311e+22 9.052824e-01 1 
    0.646380 1.542733e+22 9.208981e-01 1 
    0.646649 1.548712e+22 9.236974e-01 1 
    0.646917 1.552730e+22 9.253270e-01 1 
    0.647186 1.533340e+22 9.130127e-01 1 
    0.647455 1.551127e+22 9.228365e-01 1 
    0.647724 1.570412e+22 9.335337e-01 1 
    0.647992 1.576692e+22 9.364917e-01 1 
    0.648261 1.578887e+22 9.370176e-01 1 
    0.648530 1.569279e+22 9.305429e-01 1 
    0.648799 1.527983e+22 9.053046e-01 1 
    0.649067 1.519284e+22 8.994072e-01 1 
    0.649336 1.488901e+22 8.806908e-01 1 
    0.649605 1.486489e+22 8.785360e-01 1 
    0.649874 1.505937e+22 8.892932e-01 1 
    0.650142 1.512415e+22 8.923827e-01 1 
    0.650411 1.564268e+22 9.222145e-01 1 
    0.650680 1.582585e+22 9.322418e-01 1 
    0.650949 1.558722e+22 9.174264e-01 1 
    0.651217 1.546702e+22 9.096024e-01 1 
    0.651486 1.550911e+22 9.113250e-01 1 
    0.651755 1.608710e+22 9.445075e-01 1 
    0.652023 1.579683e+22 9.267032e-01 1 
    0.652292 1.560836e+22 9.148915e-01 1 
    0.652561 1.554787e+22 9.105948e-01 1 
    0.652830 1.568235e+22 9.177142e-01 1 
    0.653098 1.568237e+22 9.169623e-01 1 
    0.653367 1.557894e+22 9.101646e-01 1 
    0.653636 1.579101e+22 9.217953e-01 1 
    0.653905 1.651654e+22 9.633544e-01 1 
    0.654173 1.765082e+22 1.028670e+00 1 
    0.654442 1.877688e+22 1.093396e+00 1 
    0.654711 1.956172e+22 1.138162e+00 1 
    0.654980 1.961875e+22 1.140543e+00 1 
    0.655248 1.954235e+22 1.135172e+00 1 
    0.655517 2.125481e+22 1.233632e+00 1 
    0.655786 2.600995e+22 1.508383e+00 1 
    0.656055 3.071091e+22 1.779544e+00 1 
    0.656323 3.164342e+22 1.832081e+00 1 
    0.656592 2.854585e+22 1.651385e+00 1 
    0.656861 2.319282e+22 1.340612e+00 1 
    0.657130 1.884045e+22 1.088141e+00 1 
    0.657398 1.789536e+22 1.032714e+00 1 
    0.657667 2.036863e+22 1.174481e+00 1 
    0.657936 2.474556e+22 1.425694e+00 1 
    0.658204 2.886499e+22 1.661678e+00 1 
    0.658473 2.939827e+22 1.690995e+00 1 
    0.658742 2.588477e+22 1.487682e+00 1 
    0.659170 1.601409e+22 9.191867e-01 0 
    0.660689 1.638500e+22 9.361570e-01 0 
    0.662213 1.649642e+22 9.381900e-01 0 
    0.663739 1.634300e+22 9.251954e-01 0 
    0.665269 1.641606e+22 9.250621e-01 0 
    0.666803 1.630093e+22 9.143530e-01 0 
    0.668340 1.618650e+22 9.037629e-01 0 
    0.669881 1.667609e+22 9.268200e-01 0 
    0.671425 1.663539e+22 9.203103e-01 0 
    0.672973 1.663308e+22 9.159542e-01 0 
    0.674524 1.647847e+22 9.032720e-01 0 
    0.676079 1.655233e+22 9.031518e-01 0 
    0.677638 1.658820e+22 9.009490e-01 0 
    0.679200 1.654765e+22 8.946178e-01 0 
    0.680765 1.696980e+22 9.132271e-01 0 
    0.682335 1.708505e+22 9.152027e-01 0 
    0.683908 1.720113e+22 9.171874e-01 0 
    0.685484 1.727803e+22 9.170566e-01 0 
    0.687064 1.672766e+22 8.837661e-01 0 
    0.688648 1.719399e+22 9.042291e-01 0 
    0.690236 1.723109e+22 9.020155e-01 0 
    0.691827 1.734804e+22 9.039657e-01 0 
    0.693422 1.718656e+22 8.914362e-01 0 
    0.695020 1.774731e+22 9.162928e-01 0 
    0.696622 1.766318e+22 9.077597e-01 0 
    0.698228 1.753908e+22 8.972402e-01 0 
    0.699838 1.790368e+22 9.116826e-01 0 
    0.701451 1.769641e+22 8.969887e-01 0 
    0.703068 1.749113e+22 8.825099e-01 0 
    0.704689 1.802007e+22 9.050195e-01 0 
    0.706313 1.789355e+22 8.945374e-01 0 
    0.707941 1.801509e+22 8.964760e-01 0 
    0.709574 1.744089e+22 8.639124e-01 0 
    0.711209 1.776265e+22 8.758094e-01 0 
    0.712849 1.759712e+22 8.636603e-01 0 
    0.714492 1.767592e+22 8.635425e-01 0 
    0.716139 1.775483e+22 8.634123e-01 0 
    0.717790 1.771143e+22 8.573443e-01 0 
    0.719445 1.656507e+22 7.981682e-01 0 
    0.721103 1.746337e+22 8.375870e-01 0 
    0.722766 1.819968e+22 8.688897e-01 0 
    0.724432 1.807166e+22 8.588144e-01 0 
    0.726102 1.794461e+22 8.488583e-01 0 
    0.727775 1.857257e+22 8.745290e-01 0 
    0.729453 1.818880e+22 8.525224e-01 0 
    0.731135 1.865262e+22 8.702443e-01 0 
    0.732820 1.912828e+22 8.883371e-01 0 
    0.734509 1.966132e+22 9.088974e-01 0 
    0.736203 1.886009e+22 8.678509e-01 0 
    0.737900 1.988293e+22 9.107137e-01 0 
    0.739601 1.907290e+22 8.695976e-01 0 
    0.741306 1.992271e+22 9.041695e-01 0 
    0.743015 1.919930e+22 8.673345e-01 0 
    0.744728 1.977944e+22 8.894370e-01 0 
    0.746444 2.033058e+22 9.100218e-01 0 
    0.748165 2.009489e+22 8.953388e-01 0 
    0.749890 2.009181e+22 8.910878e-01 0 
    0.751618 2.046212e+22 9.033432e-01 0 
    0.753351 2.064839e+22 9.073775e-01 0 
    0.755088 2.093246e+22 9.156333e-01 0 
    0.756828 2.068965e+22 9.008558e-01 0 
    0.758573 2.078182e+22 9.007105e-01 0 
    0.760322 2.068306e+22 8.923106e-01 0 
    0.762074 2.039618e+22 8.758927e-01 0 
    0.763831 2.048698e+22 8.757494e-01 0 
    0.765592 2.057846e+22 8.756176e-01 0 
    0.767357 1.946901e+22 8.246039e-01 0 
    0.769126 2.043024e+22 8.613409e-01 0 
    0.770899 1.932891e+22 8.111643e-01 0 
    0.772676 2.032996e+22 8.492553e-01 0 
    0.774457 2.070464e+22 8.609334e-01 0 
    0.776243 2.051168e+22 8.489895e-01 0 
    0.778032 1.976667e+22 8.143950e-01 0 
    0.779825 2.045786e+22 8.390008e-01 0 
    0.781623 2.059652e+22 8.408058e-01 0 
    0.783425 2.121874e+22 8.622260e-01 0 
    0.785231 2.141164e+22 8.660671e-01 0 
    0.787041 2.145755e+22 8.639366e-01 0 
    0.788856 2.115980e+22 8.480326e-01 0 
    0.790674 2.096231e+22 8.362587e-01 0 
    0.792497 2.062391e+22 8.189781e-01 0 
    0.794324 2.090744e+22 8.264222e-01 0 
    0.796155 2.119491e+22 8.339360e-01 0 
    0.797990 2.138745e+22 8.376460e-01 0 
    0.799830 2.178148e+22 8.491581e-01 0 
    0.801673 2.157829e+22 8.373731e-01 0 
    0.803521 2.093842e+22 8.088087e-01 0 
    0.805373 2.157096e+22 8.294149e-01 0 
    0.807230 2.232556e+22 8.544845e-01 0 
    0.809091 2.171339e+22 8.272358e-01 0 
    0.810956 2.221533e+22 8.424702e-01 0 
    0.812826 2.231438e+22 8.423375e-01 0 
    0.814699 2.251704e+22 8.460837e-01 0 
    0.816577 2.266929e+22 8.478913e-01 0 
    0.818460 2.184567e+22 8.133301e-01 0 
    0.820347 2.114896e+22 7.837729e-01 0 
    0.822238 2.245005e+22 8.281686e-01 0 
    0.824133 2.109340e+22 7.745480e-01 0 
    0.826033 2.344616e+22 8.569852e-01 0 
    0.827937 2.360467e+22 8.588153e-01 0 
    0.829846 2.212694e+22 8.013511e-01 0 
    0.831759 2.274295e+22 8.198761e-01 0 
    0.833676 2.279156e+22 8.178544e-01 0 
    0.835598 2.284017e+22 8.158324e-01 0 
    0.837525 2.336797e+22 8.308487e-01 0 
    0.839455 2.277967e+22 8.062116e-01 0 
    0.841390 2.373978e+22 8.363313e-01 0 
    0.843330 2.324877e+22 8.152698e-01 0 
    0.845274 2.292582e+22 8.002511e-01 0 
    0.847222 2.340153e+22 8.131045e-01 0 
    0.849175 2.355969e+22 8.148386e-01 0 
    0.851133 2.218670e+22 7.638258e-01 0 
    0.853095 2.398930e+22 8.220897e-01 0 
    0.855062 1.545057e+22 5.270427e-01 0 
    0.857033 2.398081e+22 8.142640e-01 0 
    0.859009 2.386635e+22 8.066534e-01 0 
    0.860989 2.305206e+22 7.755522e-01 0 
    0.862974 2.424545e+22 8.119537e-01 0 
    0.864963 2.463523e+22 8.212171e-01 0 
    0.866957 1.772051e+22 5.880001e-01 0 
    0.868955 2.324874e+22 7.678941e-01 0 
    0.870959 2.406144e+22 7.910840e-01 0 
    0.872966 2.536559e+22 8.301312e-01 0 
    0.874978 2.427527e+22 7.907993e-01 0 
    0.876996 2.495084e+22 8.090704e-01 0 
    0.879017 2.558616e+22 8.258612e-01 0 
    0.881044 2.581820e+22 8.295205e-01 0 
    0.883075 2.540085e+22 8.123619e-01 0 
    0.885110 2.533804e+22 8.066310e-01 0 
    0.887151 2.191239e+22 6.943701e-01 0 
    0.889196 2.441232e+22 7.700350e-01 0 
    0.891246 2.526555e+22 7.932865e-01 0 
    0.893300 2.531897e+22 7.913122e-01 0 
    0.895359 2.490963e+22 7.749422e-01 0 
    0.897424 2.389396e+22 7.399277e-01 0 
    0.899492 2.427756e+22 7.483536e-01 0 
    0.901566 2.394029e+22 7.345658e-01 0 
    0.903644 2.471961e+22 7.549937e-01 0 
    0.905727 2.741346e+22 8.334235e-01 0 
    0.907815 2.569687e+22 7.776461e-01 0 
    0.909908 2.459237e+22 7.408016e-01 0 
    0.912006 2.689804e+22 8.065324e-01 0 
    0.914108 2.509777e+22 7.490945e-01 0 
    0.916215 2.418531e+22 7.185438e-01 0 
    0.918327 2.346782e+22 6.940242e-01 0 
    0.920444 2.549123e+22 7.503995e-01 0 
    0.922566 2.473453e+22 7.247785e-01 0 
    0.924693 2.495864e+22 7.279847e-01 0 
    0.926824 2.595008e+22 7.534260e-01 0 
    0.928961 2.529601e+22 7.310608e-01 0 
    0.931103 2.716234e+22 7.813907e-01 0 
    0.933249 2.734542e+22 7.830437e-01 0 
    0.935400 2.740319e+22 7.810930e-01 0 
    0.937557 2.714673e+22 7.702269e-01 0 
    0.939718 2.758258e+22 7.789979e-01 0 
    0.941884 2.713612e+22 7.628678e-01 0 
    0.944055 2.795499e+22 7.822782e-01 0 
    0.946232 2.820819e+22 7.857354e-01 0 
    0.948413 2.833277e+22 7.855802e-01 0 
    0.950599 2.781013e+22 7.675466e-01 0 
    0.952791 2.767718e+22 7.603666e-01 0 
    0.954987 2.630441e+22 7.193331e-01 0 
    0.957188 2.785765e+22 7.583093e-01 0 
    0.959395 2.876484e+22 7.794057e-01 0 
    0.961607 2.862652e+22 7.720933e-01 0 
    0.963823 2.888566e+22 7.755042e-01 0 
    0.966045 2.881349e+22 7.700120e-01 0 
    0.968272 2.914127e+22 7.751937e-01 0 
    0.970504 2.893502e+22 7.661709e-01 0 
    0.972741 2.879615e+22 7.589907e-01 0 
    0.974984 2.879044e+22 7.553526e-01 0 
    0.977231 2.905071e+22 7.586803e-01 0 
    0.979484 2.891135e+22 7.515713e-01 0 
    0.981742 2.951046e+22 7.636208e-01 0 
    0.984005 2.936886e+22 7.564651e-01 0 
    0.986274 2.943072e+22 7.545746e-01 0 
    0.988548 2.949251e+22 7.526838e-01 0 
    0.990826 2.955422e+22 7.507947e-01 0 
    0.993110 2.982170e+22 7.541091e-01 0 
    0.995399 3.002206e+22 7.556881e-01 0 
    0.997694 3.015442e+22 7.555317e-01 0 
    0.999995 3.014832e+22 7.519066e-01 0 
    1.002300 2.986565e+22 7.414347e-01 0 
    1.006926 2.957912e+22 7.275899e-01 0 
    1.011573 3.081808e+22 7.511170e-01 0 
    1.018586 3.108307e+22 7.471795e-01 0 
    1.023287 3.150231e+22 7.503154e-01 0 
    1.028010 3.185310e+22 7.517156e-01 0 
    1.030380 3.191958e+22 7.498231e-01 0 
    1.049537 3.209645e+22 7.267047e-01 0 
    1.069049 3.209617e+22 7.004133e-01 0 
    1.088924 3.180209e+22 6.688934e-01 0 
    1.109168 3.202216e+22 6.491610e-01 0 
    1.129790 3.276833e+22 6.402584e-01 0 
    1.150794 3.399803e+22 6.402580e-01 0 
    1.169493 3.431257e+22 6.256832e-01 0 
    1.191235 3.447138e+22 6.058432e-01 0 
    1.210591 3.511194e+22 5.975253e-01 0 
    1.230261 3.584687e+22 5.906811e-01 0 
    1.250251 3.609575e+22 5.759147e-01 0 
    1.270566 3.651378e+22 5.641034e-01 0 
    1.291211 3.702125e+22 5.538002e-01 0 
    1.309174 3.753624e+22 5.462010e-01 0 
    1.330446 3.770944e+22 5.313150e-01 0 
    1.348955 3.805872e+22 5.216218e-01 0 
    1.370873 3.858780e+22 5.120967e-01 0 
    1.389944 3.841098e+22 4.958578e-01 0 
    1.409280 3.788428e+22 4.757305e-01 0 
    1.428885 3.841078e+22 4.691968e-01 0 
    1.448763 3.966920e+22 4.713627e-01 0 
    1.468918 3.957860e+22 4.574691e-01 0 
    1.489353 4.125261e+22 4.638233e-01 0 
    1.510072 4.260422e+22 4.659655e-01 0 
    1.531079 4.440749e+22 4.724517e-01 0 
    1.548807 4.523342e+22 4.702851e-01 0 
    1.570353 4.554707e+22 4.606407e-01 0 
    1.588537 4.492140e+22 4.439714e-01 0 
    1.610636 4.639273e+22 4.460172e-01 0 
    1.629287 4.747343e+22 4.460175e-01 0 
    1.648154 4.791322e+22 4.399023e-01 0 
    1.671080 4.936933e+22 4.409194e-01 0 
    1.690431 4.982557e+22 4.348643e-01 0 
    1.710005 5.040254e+22 4.298868e-01 0 
    1.729807 4.959675e+22 4.133847e-01 0 
    1.749835 4.959715e+22 4.039792e-01 0 
    1.770098 4.891683e+22 3.893679e-01 0 
    1.790595 4.824555e+22 3.752831e-01 0 
    1.811330 4.703794e+22 3.575605e-01 0 
    1.828089 4.693103e+22 3.502368e-01 0 
    1.849258 4.660817e+22 3.399096e-01 0 
    1.870671 4.554633e+22 3.246048e-01 0 
    1.887979 4.554643e+22 3.186813e-01 0 
    1.909841 4.607361e+22 3.150317e-01 0 
    1.931957 4.586277e+22 3.064515e-01 0 
    1.949834 4.502443e+22 2.953584e-01 0 
    1.967874 4.471500e+22 2.879752e-01 0 
    1.990662 4.450926e+22 2.801250e-01 0 
    2.009082 4.471512e+22 2.762839e-01 0 
    2.027670 4.420293e+22 2.681347e-01 0 
    2.051150 4.492169e+22 2.662918e-01 0 
    2.070130 4.481925e+22 2.608349e-01 0 
    2.089284 4.481887e+22 2.560722e-01 0 
    2.108616 4.502493e+22 2.525541e-01 0 
    2.128126 4.502533e+22 2.479469e-01 0 
    2.147818 4.502578e+22 2.434236e-01 0 
    2.167692 4.451014e+22 2.362437e-01 0 
    2.187748 4.481860e+22 2.335394e-01 0 
    2.207992 4.461325e+22 2.282261e-01 0 
    2.228421 4.430608e+22 2.225180e-01 0 
    2.249041 4.427311e+22 2.182940e-01 0 
    2.269852 4.361298e+22 2.111141e-01 0 
    2.290854 3.999445e+22 1.900646e-01 0 
    2.312052 4.011221e+22 1.871448e-01 0 
    2.328077 3.603080e+22 1.657966e-01 0 
    2.349619 3.433785e+22 1.551225e-01 0 
    2.371361 3.505721e+22 1.554814e-01 0 
    2.387797 3.280646e+22 1.435030e-01 0 
    2.409892 3.204818e+22 1.376273e-01 0 
    2.432189 3.195141e+22 1.347075e-01 0 
    2.449050 3.016272e+22 1.254214e-01 0 
    2.471709 2.992026e+22 1.221426e-01 0 
    2.488843 2.634912e+22 1.060883e-01 0 
    2.494012 2.488585e+22 9.978191e-02 2 
    2.503462 2.467273e+22 9.818197e-02 2 
    2.512922 2.540493e+22 1.003359e-01 2 
    2.522381 2.643607e+22 1.036268e-01 2 
    2.531831 2.673724e+22 1.040264e-01 2 
    2.541291 2.620922e+22 1.012143e-01 2 
    2.550750 2.746612e+22 1.052829e-01 2 
    2.560200 2.687967e+22 1.022757e-01 2 
    2.569659 2.774147e+22 1.047792e-01 2 
    2.579109 2.799887e+22 1.049778e-01 2 
    2.588569 2.853932e+22 1.062235e-01 2 
    2.598028 2.851025e+22 1.053440e-01 2 
    2.607478 2.964875e+22 1.087581e-01 2 
    2.616938 3.076394e+22 1.120344e-01 2 
    2.626397 3.037379e+22 1.098183e-01 2 
    2.635847 3.039541e+22 1.091099e-01 2 
    2.645307 3.035107e+22 1.081729e-01 2 
    2.654757 3.030488e+22 1.072406e-01 2 
    2.664216 2.919844e+22 1.025929e-01 2 
    2.673676 2.855723e+22 9.963112e-02 2 
    2.683126 2.802474e+22 9.708584e-02 2 
    2.692586 2.868570e+22 9.867855e-02 2 
    2.702045 2.784438e+22 9.511496e-02 2 
    2.711495 2.756818e+22 9.351621e-02 2 
    2.720954 2.730510e+22 9.198095e-02 2 
    2.730404 2.760741e+22 9.235668e-02 2 
    2.739864 2.688127e+22 8.930756e-02 2 
    2.749324 2.698924e+22 8.905027e-02 2 
    2.758773 2.699761e+22 8.846875e-02 2 
    2.768233 2.708343e+22 8.814444e-02 2 
    2.777693 2.729328e+22 8.822338e-02 2 
    2.787142 2.764442e+22 8.875356e-02 2 
    2.796602 2.751717e+22 8.774834e-02 2 
    2.806052 2.658365e+22 8.420145e-02 2 
    2.815511 2.568716e+22 8.081614e-02 2 
    2.824971 2.568239e+22 8.026087e-02 2 
    2.834421 2.511360e+22 7.796088e-02 2 
    2.843880 2.466955e+22 7.607379e-02 2 
    2.853340 2.367958e+22 7.253765e-02 2 
    2.862790 2.370535e+22 7.213797e-02 2 
    2.872249 2.325664e+22 7.030711e-02 2 
    2.881699 2.322146e+22 6.974109e-02 2 
    2.891159 2.303245e+22 6.872151e-02 2 
    2.900618 2.338366e+22 6.931509e-02 2 
    2.910068 2.337698e+22 6.884598e-02 2 
    2.919528 2.386007e+22 6.981407e-02 2 
    2.928988 2.271296e+22 6.602903e-02 2 
    2.938437 2.208337e+22 6.378654e-02 2 
    2.947897 2.204065e+22 6.325520e-02 2 
    2.957347 2.214567e+22 6.315108e-02 2 
    2.966806 2.182470e+22 6.183957e-02 2 
    2.976266 2.137841e+22 6.019056e-02 2 
    2.985716 2.146049e+22 6.003979e-02 2 
    2.995175 2.226302e+22 6.189222e-02 2 
    3.004635 2.222714e+22 6.140398e-02 2 
    3.014085 2.291465e+22 6.290697e-02 2 
    3.023544 2.277228e+22 6.212558e-02 2 
    3.032994 2.276522e+22 6.171990e-02 2 
    3.042454 2.237270e+22 6.027912e-02 2 
    3.051913 2.359892e+22 6.318939e-02 2 
    3.061363 2.286886e+22 6.085711e-02 2 
    3.070823 2.272672e+22 6.010679e-02 2 
    3.080282 2.311006e+22 6.074583e-02 2 
    3.089732 2.277386e+22 5.949652e-02 2 
    3.099192 2.278495e+22 5.916263e-02 2 
    3.108642 2.299458e+22 5.934452e-02 2 
    3.118101 2.263139e+22 5.805335e-02 2 
    3.127561 2.228879e+22 5.682917e-02 2 
    3.137011 2.340155e+22 5.930743e-02 2 
    3.146470 2.340040e+22 5.894846e-02 2 
    3.155930 2.499218e+22 6.258147e-02 2 
    3.165380 2.606945e+22 6.488982e-02 2 
    3.174839 2.521760e+22 6.239601e-02 2 
    3.184289 2.565694e+22 6.310683e-02 2 
    3.193749 2.579737e+22 6.307689e-02 2 
    3.203208 2.651608e+22 6.445186e-02 2 
    3.212658 2.744086e+22 6.630789e-02 2 
    3.222118 2.983537e+22 7.167127e-02 2 
    3.231577 3.294961e+22 7.868968e-02 2 
    3.241027 3.595648e+22 8.537060e-02 2 
    3.250487 4.236015e+22 9.999012e-02 2 
    3.259937 4.971287e+22 1.166667e-01 2 
    3.269396 5.522077e+22 1.288439e-01 2 
    3.278856 5.901757e+22 1.369093e-01 2 
    3.288306 6.113260e+22 1.410019e-01 2 
    3.297765 6.379645e+22 1.463031e-01 2 
    3.307225 6.307138e+22 1.438140e-01 2 
    3.316675 5.654439e+22 1.281977e-01 2 
    3.326134 4.933763e+22 1.112232e-01 2 
    3.335584 4.275791e+22 9.584493e-02 2 
    3.345044 3.941442e+22 8.785124e-02 2 
    3.354504 3.698666e+22 8.197566e-02 2 
    3.363953 3.622777e+22 7.984324e-02 2 
    3.373413 3.682276e+22 8.070004e-02 2 
    3.382872 3.663257e+22 7.983488e-02 2 
    3.392322 3.712519e+22 8.045834e-02 2 
    3.401782 3.636362e+22 7.837014e-02 2 
    3.411232 3.739451e+22 8.014598e-02 2 
    3.420692 3.769089e+22 8.033501e-02 2 
    3.430151 3.698677e+22 7.840005e-02 2 
    3.439601 3.515578e+22 7.411004e-02 2 
    3.449060 3.523697e+22 7.387432e-02 2 
    3.458520 3.462302e+22 7.219062e-02 2 
    3.467970 3.425850e+22 7.104183e-02 2 
    3.477429 3.533860e+22 7.288351e-02 2 
    3.486879 3.342028e+22 6.855399e-02 2 
    3.496339 3.377606e+22 6.890938e-02 2 
    3.505798 3.474400e+22 7.050216e-02 2 
    3.515248 3.509697e+22 7.083601e-02 2 
    3.524708 3.362062e+22 6.749256e-02 2 
    3.534167 3.208911e+22 6.407373e-02 2 
    3.543617 3.117401e+22 6.191495e-02 2 
    3.553077 3.006136e+22 5.938761e-02 2 
    3.562527 3.078354e+22 6.049211e-02 2 
    3.571986 3.093990e+22 6.047778e-02 2 
    3.581446 3.111075e+22 6.049091e-02 2 
    3.590896 3.010024e+22 5.821847e-02 2 
    3.600356 3.039525e+22 5.848052e-02 2 
    3.609815 2.930409e+22 5.608604e-02 2 
    3.619265 2.897501e+22 5.516700e-02 2 
    3.628724 2.890555e+22 5.474819e-02 2 
    3.638174 2.939479e+22 5.538600e-02 2 
    3.647634 2.930845e+22 5.493724e-02 2 
    3.657093 2.936569e+22 5.476016e-02 2 
    3.666543 2.928479e+22 5.432816e-02 2 
    3.676003 2.929734e+22 5.407206e-02 2 
    3.685462 2.886699e+22 5.300466e-02 2 
    3.694912 2.915147e+22 5.325356e-02 2 
    3.704372 2.908299e+22 5.285746e-02 2 
    3.713822 2.960414e+22 5.353118e-02 2 
    3.723281 2.844279e+22 5.117019e-02 2 
    3.732741 3.031368e+22 5.425995e-02 2 
    3.742191 3.346013e+22 5.958983e-02 2 
    3.751650 3.266581e+22 5.788223e-02 2 
    3.761110 3.076601e+22 5.424198e-02 2 
    3.770559 3.209890e+22 5.630864e-02 2 
    3.780019 3.068674e+22 5.356229e-02 2 
    3.789469 3.009691e+22 5.227110e-02 2 
    3.798929 3.107208e+22 5.369631e-02 2 
    3.808388 3.021655e+22 5.195878e-02 2 
    3.817838 3.060448e+22 5.236564e-02 2 
    3.827298 3.107471e+22 5.290771e-02 2 
    3.836757 3.009981e+22 5.099548e-02 2 
    3.846207 3.089560e+22 5.208682e-02 2 
    3.855667 3.097358e+22 5.196235e-02 2 
    3.865117 3.122308e+22 5.212509e-02 2 
    3.874576 2.979933e+22 4.950563e-02 2 
    3.884036 3.051396e+22 5.044620e-02 2 
    3.893486 3.075499e+22 5.059817e-02 2 
    3.902945 3.108442e+22 5.089257e-02 2 
    3.912405 3.098483e+22 5.048449e-02 2 
    3.921854 3.148081e+22 5.104575e-02 2 
    3.931314 3.080009e+22 4.970189e-02 2 
    3.940764 3.083954e+22 4.952717e-02 2 
    3.950224 3.150140e+22 5.034808e-02 2 
    3.959683 3.206471e+22 5.100385e-02 2 
    3.969133 3.215974e+22 5.091171e-02 2 
    3.978593 3.229118e+22 5.087699e-02 2 
    3.988052 3.277917e+22 5.140114e-02 2 
    3.997502 3.157526e+22 4.927946e-02 2 
    4.006962 3.235273e+22 5.025473e-02 2 
    4.016412 3.497384e+22 5.407085e-02 2 
    4.025871 3.641882e+22 5.604057e-02 2 
    4.035331 4.018738e+22 6.154996e-02 2 
    4.044781 4.279593e+22 6.523924e-02 2 
    4.054241 4.266431e+22 6.473543e-02 2 
    4.063690 4.020353e+22 6.071830e-02 2 
    4.073150 3.985360e+22 5.991054e-02 2 
    4.082609 3.463750e+22 5.182835e-02 2 
    4.092059 3.325300e+22 4.952717e-02 2 
    4.101519 3.157789e+22 4.681554e-02 2 
    4.110978 3.049278e+22 4.499903e-02 2 
    4.120428 3.052967e+22 4.484705e-02 2 
    4.129888 3.023382e+22 4.420924e-02 2 
    4.139347 3.050977e+22 4.440908e-02 2 
    4.148797 3.180134e+22 4.607842e-02 2 
    4.158257 3.318436e+22 4.786381e-02 2 
    4.167707 3.359122e+22 4.823118e-02 2 
    4.177166 3.331774e+22 4.762210e-02 2 
    4.186626 3.399865e+22 4.837598e-02 2 
    4.196075 3.318246e+22 4.700224e-02 2 
    4.205536 3.103077e+22 4.375688e-02 2 
    4.214995 3.091820e+22 4.340269e-02 2 
    4.224445 2.911411e+22 4.068747e-02 2 
    4.233904 2.859526e+22 3.978401e-02 2 
    4.243354 2.644566e+22 3.662962e-02 2 
    4.252814 2.626952e+22 3.622394e-02 2 
    4.262273 2.688075e+22 3.690246e-02 2 
    4.271723 2.706750e+22 3.699460e-02 2 
    4.281183 2.707758e+22 3.684502e-02 2 
    4.290633 2.726526e+22 3.693715e-02 2 
    4.300092 2.966753e+22 4.001496e-02 2 
    4.309552 3.161788e+22 4.245853e-02 2 
    4.319002 3.300794e+22 4.413144e-02 2 
    4.328461 3.233195e+22 4.303891e-02 2 
    4.337921 3.183507e+22 4.219286e-02 2 
    4.347370 3.043957e+22 4.016815e-02 2 
    4.356830 3.273619e+22 4.301138e-02 2 
    4.366290 3.221806e+22 4.214739e-02 2 
    4.375740 3.292083e+22 4.288094e-02 2 
    4.385199 3.157135e+22 4.094596e-02 2 
    4.394649 3.068454e+22 3.962485e-02 2 
    4.404109 3.143938e+22 4.042540e-02 2 
    4.413568 3.176526e+22 4.066954e-02 2 
    4.423018 3.135325e+22 3.997068e-02 2 
    4.432478 3.161665e+22 4.013461e-02 2 
    4.441928 3.076513e+22 3.888770e-02 2 
    4.451387 3.065863e+22 3.858855e-02 2 
    4.460847 2.790465e+22 3.497345e-02 2 
    4.470297 2.678131e+22 3.342378e-02 2 
    4.479756 2.760347e+22 3.430452e-02 2 
    4.489216 2.746005e+22 3.398261e-02 2 
    4.498665 2.793604e+22 3.442659e-02 2 
    4.508125 2.816969e+22 3.456898e-02 2 
    4.517585 2.996349e+22 3.661645e-02 2 
    4.527035 2.864939e+22 3.486455e-02 2 
    4.536494 2.726141e+22 3.303726e-02 2 
    4.545944 2.773008e+22 3.346566e-02 2 
    4.555403 2.733780e+22 3.285537e-02 2 
    4.564863 2.669958e+22 3.195549e-02 2 
    4.574313 2.618978e+22 3.121595e-02 2 
    4.583773 2.515902e+22 2.986372e-02 2 
    4.593223 2.484478e+22 2.936950e-02 2 
    4.602682 2.458841e+22 2.894709e-02 2 
    4.612142 2.727286e+22 3.197582e-02 2 
    4.621591 2.847515e+22 3.324907e-02 2 
    4.631051 3.076929e+22 3.578119e-02 2 
    4.640511 3.079077e+22 3.566033e-02 2 
    4.649961 3.249842e+22 3.748522e-02 2 
    4.659420 3.286204e+22 3.775089e-02 2 
    4.668880 3.330729e+22 3.810748e-02 2 
    4.678330 3.394843e+22 3.868427e-02 2 
    4.687789 3.633069e+22 4.123196e-02 2 
    4.697239 3.574048e+22 4.039908e-02 2 
    4.706699 3.538925e+22 3.984144e-02 2 
    4.716158 3.700226e+22 4.149044e-02 2 
    4.725608 3.532488e+22 3.945134e-02 2 
    4.735068 3.545353e+22 3.943697e-02 2 
    4.744527 3.445584e+22 3.817450e-02 2 
    4.753977 3.421911e+22 3.776166e-02 2 
    4.763437 3.092380e+22 3.398979e-02 2 
    4.772886 3.207954e+22 3.512064e-02 2 
    4.782346 3.260737e+22 3.555741e-02 2 
    4.791806 3.640742e+22 3.954467e-02 2 
    4.801255 3.416647e+22 3.696469e-02 2 
    4.810715 3.406361e+22 3.670860e-02 2 
    4.820174 3.071951e+22 3.297505e-02 2 
    4.829625 3.031631e+22 3.241499e-02 2 
    4.839182 2.850492e+22 3.035795e-02 2 
    4.887574 2.931169e+22 3.060206e-02 0 
    4.936449 3.014173e+22 3.084859e-02 0 
    4.985814 3.099685e+22 3.109867e-02 0 
    5.035672 3.187540e+22 3.134998e-02 0 
    5.086029 3.277922e+22 3.160366e-02 0 
    5.098461 3.300577e+22 3.166709e-02 3 
    5.128012 3.477236e+22 3.297862e-02 3 
    5.157564 3.881948e+22 3.639627e-02 3 
    5.187115 4.684374e+22 4.342065e-02 3 
    5.216667 6.092352e+22 5.583354e-02 3 
    5.246228 6.950777e+22 6.298476e-02 3 
    5.275780 6.151609e+22 5.512033e-02 3 
    5.305331 6.107678e+22 5.411874e-02 3 
    5.334882 6.640349e+22 5.818858e-02 3 
    5.364434 5.140182e+22 4.454789e-02 3 
    5.393995 4.510283e+22 3.866155e-02 3 
    5.423547 4.624621e+22 3.921081e-02 3 
    5.453098 4.676581e+22 3.922277e-02 3 
    5.482650 5.119565e+22 4.247647e-02 3 
    5.512201 5.995545e+22 4.921245e-02 3 
    5.541762 5.849747e+22 4.750483e-02 3 
    5.571314 5.981852e+22 4.806366e-02 3 
    5.600865 7.432033e+22 5.908727e-02 3 
    5.630417 8.846027e+22 6.959268e-02 3 
    5.659969 9.572565e+22 7.452408e-02 3 
    5.689530 1.003735e+23 7.733263e-02 3 
    5.719081 9.929400e+22 7.571239e-02 3 
    5.748633 9.335869e+22 7.045666e-02 3 
    5.778184 8.621662e+22 6.440280e-02 3 
    5.807736 8.171471e+22 6.042031e-02 3 
    5.837297 8.537546e+22 6.248934e-02 3 
    5.866848 8.791670e+22 6.370275e-02 3 
    5.896400 9.053788e+22 6.494607e-02 3 
    5.925952 8.902637e+22 6.322646e-02 3 
    5.955503 9.441437e+22 6.638923e-02 3 
    5.985064 1.161232e+23 8.084962e-02 3 
    6.014615 1.346095e+23 9.280184e-02 3 
    6.044167 1.412922e+23 9.645878e-02 3 
    6.073719 1.474316e+23 9.967299e-02 3 
    6.103270 1.728338e+23 1.157178e-01 3 
    6.132831 2.288305e+23 1.517359e-01 3 
    6.162383 3.362668e+23 2.208427e-01 3 
    6.191935 4.467855e+23 2.906316e-01 3 
    6.221485 4.717311e+23 3.039505e-01 3 
    6.251037 4.218137e+23 2.692235e-01 3 
    6.280598 3.494057e+23 2.209146e-01 3 
    6.310150 2.970479e+23 1.860560e-01 3 
    6.339701 2.565621e+23 1.592030e-01 3 
    6.369253 2.282830e+23 1.403437e-01 3 
    6.398804 2.055936e+23 1.252300e-01 3 
    6.428365 1.868945e+23 1.127955e-01 3 
    6.457917 1.747135e+23 1.044812e-01 3 
    6.487468 1.658456e+23 9.827654e-02 3 
    6.517020 1.628216e+23 9.561157e-02 3 
    6.546571 1.595349e+23 9.283772e-02 3 
    6.576133 1.618339e+23 9.333074e-02 3 
    6.605684 1.692418e+23 9.673163e-02 3 
    6.635236 1.746273e+23 9.892269e-02 3 
    6.664787 1.734540e+23 9.738862e-02 3 
    6.694339 1.736818e+23 9.665743e-02 3 
    6.723900 1.750759e+23 9.657845e-02 3 
    6.753451 1.732109e+23 9.471529e-02 3 
    6.783003 1.719573e+23 9.321226e-02 3 
    6.812555 1.743162e+23 9.367296e-02 3 
    6.842106 1.769909e+23 9.429045e-02 3 
    6.871667 1.859889e+23 9.823343e-02 3 
    6.901219 2.109354e+23 1.104573e-01 3 
    6.930770 2.214441e+23 1.149734e-01 3 
    6.960321 2.884716e+23 1.485049e-01 3 
    6.989873 3.526748e+23 1.800248e-01 3 
    7.019434 2.878601e+23 1.457047e-01 3 
    7.048986 2.600108e+23 1.305072e-01 3 
    7.078537 2.630129e+23 1.309141e-01 3 
    7.108089 2.709105e+23 1.337262e-01 3 
    7.137640 2.756855e+23 1.349588e-01 3 
    7.167201 2.772590e+23 1.346118e-01 3 
    7.196753 2.832032e+23 1.363708e-01 3 
    7.226305 2.969342e+23 1.418156e-01 3 
    7.255856 3.118971e+23 1.477510e-01 3 
    7.285407 3.349694e+23 1.573961e-01 3 
    7.314969 3.597217e+23 1.676634e-01 3 
    7.344520 3.481660e+23 1.609741e-01 3 
    7.374071 4.140609e+23 1.899092e-01 3 
    7.403623 4.460536e+23 2.029528e-01 3 
    7.462726 5.281319e+23 2.365070e-01 3 
    7.521839 6.272840e+23 2.765111e-01 3 
    7.580941 7.199338e+23 3.124229e-01 3 
    7.640045 7.902415e+23 3.376482e-01 3 
    7.699157 7.680457e+23 3.231448e-01 3 
    7.758261 7.607643e+23 3.152229e-01 3 
    7.817373 7.553653e+23 3.082704e-01 3 
    7.876476 7.050338e+23 2.834278e-01 3 
    7.935579 6.241920e+23 2.472051e-01 3 
    7.994691 5.410637e+23 2.111259e-01 3 
    8.053794 4.732168e+23 1.819515e-01 3 
    8.112898 4.129835e+23 1.564866e-01 3 
    8.172010 3.818219e+23 1.425934e-01 3 
    8.231113 3.709808e+23 1.365623e-01 3 
    8.290216 3.661709e+23 1.328766e-01 3 
    8.349329 3.620124e+23 1.295140e-01 3 
    8.408432 3.593872e+23 1.267737e-01 3 
    8.467545 3.649053e+23 1.269292e-01 3 
    8.526648 3.796801e+23 1.302440e-01 3 
    8.585751 3.889233e+23 1.315842e-01 3 
    8.644864 3.620606e+23 1.208263e-01 3 
    8.703966 3.021103e+23 9.945524e-02 3 
    8.763070 2.413569e+23 7.838690e-02 3 
    8.822182 1.897876e+23 6.081522e-02 3 
    8.881285 1.524376e+23 4.819888e-02 3 
    8.940388 1.342312e+23 4.188293e-02 3 
    8.999500 1.211595e+23 3.730932e-02 3 
    9.058604 1.018926e+23 3.096824e-02 3 
    9.117716 9.114861e+22 2.734478e-02 3 
    9.176819 8.579625e+22 2.540858e-02 3 
    9.235922 8.014755e+22 2.343291e-02 3 
    9.295034 7.452326e+22 2.151227e-02 3 
    9.354138 7.047795e+22 2.008825e-02 3 
    9.413241 6.707727e+22 1.887963e-02 3 
    9.472354 6.505515e+22 1.808266e-02 3 
    9.531456 6.522000e+22 1.790436e-02 3 
    9.590559 7.070499e+22 1.917161e-02 3 
    9.649672 8.180171e+22 2.190956e-02 3 
    9.708776 7.009340e+22 1.854576e-02 3 
    9.767888 5.827312e+22 1.523223e-02 3 
    9.826991 5.644589e+22 1.457766e-02 3 
    9.886094 5.304238e+22 1.353537e-02 3 
    9.945207 5.243050e+22 1.322065e-02 3 
   10.004310 5.484196e+22 1.366580e-02 3 
   10.063413 5.690102e+22 1.401283e-02 3 
   10.122525 5.671600e+22 1.380462e-02 3 
   10.181628 5.827059e+22 1.401882e-02 3 
   10.240731 5.898428e+22 1.402719e-02 3 
   10.299843 6.299109e+22 1.480861e-02 3 
   10.358947 6.446780e+22 1.498332e-02 3 
   10.418060 6.938746e+22 1.594424e-02 3 
   10.477162 8.025794e+22 1.823464e-02 3 
   10.536266 9.149415e+22 2.055495e-02 3 
   10.595379 9.904671e+22 2.200410e-02 3 
   10.654482 9.677782e+22 2.126217e-02 3 
   10.713584 9.839972e+22 2.138064e-02 3 
   10.772697 1.003572e+23 2.156732e-02 3 
   10.831800 1.026211e+23 2.181383e-02 3 
   10.890904 1.098621e+23 2.310023e-02 3 
   10.950015 1.296231e+23 2.696184e-02 3 
   11.009119 1.574106e+23 3.239107e-02 3 
   11.068231 1.822648e+23 3.710589e-02 3 
   11.127334 2.699502e+23 5.437482e-02 3 
   11.186438 4.621264e+23 9.210295e-02 3 
   11.245550 5.660201e+23 1.116264e-01 3 
   11.304653 5.252182e+23 1.024995e-01 3 
   11.363756 4.422446e+23 8.541126e-02 3 
   11.422868 3.827480e+23 7.315753e-02 3 
   11.481971 3.374674e+23 6.384037e-02 3 
   11.541074 3.121658e+23 5.845064e-02 3 
   11.600187 2.891128e+23 5.358383e-02 3 
   11.659290 2.784929e+23 5.109359e-02 3 
   11.718403 2.770149e+23 5.031097e-02 3 
   11.777506 2.789777e+23 5.016020e-02 3 
   11.836609 2.969505e+23 5.285985e-02 3 
   11.895722 3.201234e+23 5.641989e-02 3 
   11.954825 3.439394e+23 6.001945e-02 3 
   12.013928 3.599251e+23 6.219256e-02 3 
   12.073040 3.626574e+23 6.205256e-02 3 
   12.132143 3.625091e+23 6.142432e-02 3 
   12.191247 3.750209e+23 6.292970e-02 3 
   12.250359 4.141872e+23 6.883280e-02 3 
   12.309462 4.422653e+23 7.279494e-02 3 
   12.368575 4.537093e+23 7.396646e-02 3 
   12.427677 4.744405e+23 7.661226e-02 3 
   12.486781 5.089563e+23 8.140965e-02 3 
   12.545893 5.547498e+23 8.790032e-02 3 
   12.604996 5.989453e+23 9.401522e-02 3 
   12.664099 6.399655e+23 9.951864e-02 3 
   12.723213 7.773444e+23 1.197613e-01 3 
   12.782315 1.156413e+24 1.765186e-01 3 
   12.841417 1.147431e+24 1.735390e-01 3 
   12.900531 5.898055e+23 8.838734e-02 3 
   12.959633 4.460499e+23 6.623607e-02 3 
   13.018736 4.164440e+23 6.127952e-02 3 
   13.077849 4.091477e+23 5.966284e-02 3 
   13.136952 4.122994e+23 5.958267e-02 3 
   13.196066 4.149571e+23 5.943068e-02 3 
   13.255169 4.136159e+23 5.871149e-02 3 
   13.314270 4.123368e+23 5.801146e-02 3 
   13.373384 4.124622e+23 5.751723e-02 3 
   13.432486 4.140295e+23 5.722884e-02 3 
   13.491589 4.232881e+23 5.799710e-02 3 
   13.550702 4.240628e+23 5.759742e-02 3 
   13.609805 4.171496e+23 5.616742e-02 3 
   13.668908 4.132680e+23 5.516461e-02 3 
   13.728020 4.046428e+23 5.354913e-02 3 
   13.787123 3.989319e+23 5.234171e-02 3 
   13.846238 4.009067e+23 5.215263e-02 3 
   13.905341 3.991225e+23 5.148010e-02 3 
   13.964442 3.948314e+23 5.049646e-02 3 
   14.023556 3.888962e+23 4.931895e-02 3 
   14.082658 3.842069e+23 4.831616e-02 3 
   14.141761 3.874002e+23 4.831137e-02 3 
   14.245503 4.328516e+23 5.319612e-02 3 
   14.328256 4.370973e+23 5.309919e-02 3 
   14.411008 4.281006e+23 5.141071e-02 3 
   14.493759 3.996685e+23 4.744978e-02 3 
   14.576502 3.952325e+23 4.639194e-02 3 
   14.659255 3.999080e+23 4.641227e-02 3 
   14.742006 4.009008e+23 4.600660e-02 3 
   14.824748 4.040112e+23 4.584745e-02 3 
   14.907500 3.996945e+23 4.485543e-02 3 
   14.990252 3.922088e+23 4.353073e-02 3 
   15.072994 3.818558e+23 4.191764e-02 3 
   15.155745 3.780809e+23 4.105127e-02 3 
   15.238498 3.858754e+23 4.144376e-02 3 
   15.321241 3.936928e+23 4.182789e-02 3 
   15.403994 4.051182e+23 4.258058e-02 3 
   15.486745 4.265832e+23 4.435881e-02 3 
   15.569486 5.522567e+23 5.681838e-02 3 
   15.652239 4.501020e+23 4.581993e-02 3 
   15.734991 4.143640e+23 4.173933e-02 3 
   15.817742 4.186378e+23 4.172976e-02 3 
   15.900484 4.276630e+23 4.218689e-02 3 
   15.983238 4.166694e+23 4.067790e-02 3 
   16.065988 4.125115e+23 3.985820e-02 3 
   16.148731 4.139937e+23 3.959254e-02 3 
   16.231481 4.291188e+23 4.062166e-02 3 
   16.314234 4.771165e+23 4.470823e-02 3 
   16.396978 5.255587e+23 4.875173e-02 3 
   16.479728 5.629457e+23 5.169670e-02 3 
   16.562481 5.344975e+23 4.859497e-02 3 
   16.645222 5.197908e+23 4.678922e-02 3 
   16.727975 5.319940e+23 4.741507e-02 3 
   16.810727 5.453248e+23 4.812589e-02 3 
   16.893469 5.660701e+23 4.946853e-02 3 
   16.976220 6.711900e+23 5.808446e-02 3 
   17.058973 7.136065e+23 6.115746e-02 3 
   17.141723 6.048096e+23 5.133412e-02 3 
   17.224467 5.778503e+23 4.857583e-02 3 
   17.307220 5.805560e+23 4.833769e-02 3 
   17.389970 5.861934e+23 4.834368e-02 3 
   17.472714 5.621364e+23 4.592164e-02 3 
   17.555466 5.303864e+23 4.292043e-02 3 
   17.638217 5.222922e+23 4.186977e-02 3 
   17.720959 5.269026e+23 4.184584e-02 3 
   17.803709 5.184208e+23 4.079039e-02 3 
   17.886463 5.183392e+23 4.040746e-02 3 
   17.969206 5.149038e+23 3.977084e-02 3 
   18.051956 5.010974e+23 3.835041e-02 3 
   18.134709 4.990747e+23 3.784781e-02 3 
   18.217450 4.909638e+23 3.689528e-02 3 
   18.300203 4.909673e+23 3.656261e-02 3 
   18.382956 4.962283e+23 3.662244e-02 3 
   18.465708 5.118967e+23 3.744095e-02 3 
   18.548448 5.313018e+23 3.851435e-02 3 
   18.631202 5.537579e+23 3.978640e-02 3 
   18.713952 7.403689e+23 5.272464e-02 3 
   18.796695 6.455202e+23 4.556625e-02 3 
   18.879448 5.606091e+23 3.922636e-02 3 
   18.962200 5.738673e+23 3.980434e-02 3 
   19.044942 5.789386e+23 3.980793e-02 3 
   19.127695 5.905287e+23 4.025429e-02 3 
   19.210445 6.072827e+23 4.104049e-02 3 
   19.293188 6.105250e+23 4.090647e-02 3 
   19.375941 6.281309e+23 4.172737e-02 3 
   19.458691 6.434635e+23 4.238314e-02 3 
   19.541434 6.608205e+23 4.315857e-02 3 
   19.624184 6.746518e+23 4.369109e-02 3 
   19.706939 6.927826e+23 4.448925e-02 3 
   19.789691 7.089668e+23 4.514861e-02 3 
   19.872431 7.242682e+23 4.573976e-02 3 
   19.955184 7.391592e+23 4.629381e-02 3 
   20.120680 7.580746e+23 4.670067e-02 3 
   20.286181 7.938377e+23 4.810914e-02 3 
   20.451678 8.393550e+23 5.004771e-02 3 
   20.617170 8.771827e+23 5.146695e-02 3 
   20.782673 8.971044e+23 5.180081e-02 3 
   20.948169 9.314724e+23 5.293883e-02 3 
   21.113673 9.600454e+23 5.371067e-02 3 
   21.279167 9.890591e+23 5.447653e-02 3 
   21.444661 1.026105e+24 5.564806e-02 3 
   21.610166 1.054799e+24 5.633135e-02 3 
   21.775659 1.087671e+24 5.720731e-02 3 
   21.941152 1.120990e+24 5.807369e-02 3 
   22.106656 1.157803e+24 5.908605e-02 3 
   22.272152 1.175274e+24 5.908964e-02 3 
   22.437655 1.215899e+24 6.023365e-02 3 
   22.603148 1.246943e+24 6.087027e-02 3 
   22.768644 1.278328e+24 6.149850e-02 3 
   22.934148 1.316867e+24 6.244147e-02 3 
   23.099642 1.342060e+24 6.272747e-02 3 
   23.265136 1.383745e+24 6.375899e-02 3 
   23.430637 1.428659e+24 6.490180e-02 3 
   23.596134 1.466009e+24 6.566765e-02 3 
   23.761638 1.519481e+24 6.711800e-02 3 
   23.927131 1.589891e+24 6.926001e-02 3 
   24.092625 1.643655e+24 7.062181e-02 3 
   24.258130 1.689580e+24 7.160785e-02 3 
   24.423623 1.761197e+24 7.363499e-02 3 
   24.589119 1.831998e+24 7.556759e-02 3 
   24.754623 1.896142e+24 7.717111e-02 3 
   24.920117 1.969970e+24 7.911448e-02 3 
   25.085619 2.046044e+24 8.108896e-02 3 
   25.251113 2.103141e+24 8.226287e-02 3 
   25.416608 2.147382e+24 8.290308e-02 3 
   25.582113 2.176916e+24 8.295933e-02 3 
   25.747606 2.300376e+24 8.654092e-02 3 
   25.913102 2.490331e+24 9.249427e-02 3 
   26.078605 2.507070e+24 9.193783e-02 3 
   26.244097 2.497351e+24 9.043006e-02 3 
   26.409600 2.503113e+24 8.950623e-02 3 
   26.575097 2.571620e+24 9.081416e-02 3 
   26.740594 2.678819e+24 9.343244e-02 3 
   26.906097 2.761787e+24 9.514485e-02 3 
   27.071587 2.795268e+24 9.512451e-02 3 
   27.237081 2.851333e+24 9.585688e-02 3 
   27.402588 2.909077e+24 9.662034e-02 3 
   27.568081 3.012439e+24 9.885570e-02 3 
   27.733584 3.072448e+24 9.962515e-02 3 
   27.899078 3.159383e+24 1.012323e-01 3 
   28.064575 3.269043e+24 1.035143e-01 3 
   28.230078 3.362394e+24 1.052255e-01 3 
   28.395572 3.422398e+24 1.058585e-01 3 
   28.561066 3.479747e+24 1.063886e-01 3 
   28.726569 3.581524e+24 1.082423e-01 3 
   28.892063 3.645178e+24 1.089076e-01 3 
   29.057566 3.762130e+24 1.111250e-01 3 
   29.223063 3.858702e+24 1.126902e-01 3 
   29.388556 3.922049e+24 1.132539e-01 3 
   29.554063 4.010394e+24 1.145115e-01 3 
   29.719556 4.108367e+24 1.160061e-01 3 
   29.885050 4.150735e+24 1.159080e-01 3 
   30.050553 4.282930e+24 1.182858e-01 3 
   30.216047 4.375707e+24 1.195279e-01 3 
   30.381550 4.450124e+24 1.202399e-01 3 
   30.547044 4.527839e+24 1.210177e-01 3 
   30.712537 4.613240e+24 1.219751e-01 3 
   30.878041 4.808572e+24 1.257804e-01 3 
   31.043538 4.870890e+24 1.260557e-01 3 
   31.209034 4.885576e+24 1.250983e-01 3 
   31.374538 4.976259e+24 1.260796e-01 3 
   31.540028 5.129606e+24 1.286045e-01 3 
   31.705534 5.250626e+24 1.302679e-01 3 
   31.871028 5.315817e+24 1.305192e-01 3 
   32.036522 5.367720e+24 1.304354e-01 3 
   32.202025 5.462132e+24 1.313688e-01 3 
   32.367519 5.691341e+24 1.354853e-01 3 
   32.533012 5.874616e+24 1.384291e-01 3 
   32.698519 6.140259e+24 1.432277e-01 3 
   32.864013 6.004610e+24 1.386565e-01 3 
   33.029513 6.335865e+24 1.448432e-01 3 
   33.195009 6.523763e+24 1.476553e-01 3 
   33.360506 6.893352e+24 1.544762e-01 3 
   33.526006 6.823315e+24 1.514008e-01 3 
   33.691500 6.574951e+24 1.444602e-01 3 
   33.856994 6.642453e+24 1.445201e-01 3 
   34.022500 6.966370e+24 1.500965e-01 3 
   34.187991 7.007387e+24 1.495221e-01 3 
