# III Zw 035     
# 
# An Atlas of Galaxy Spectral Energy Distributions from the Ultraviolet to the Mid-Infrared
# Brown et al. (2014)
# http://dx.doi.org/10.5072/03/529D3551F0117
# http://dx.doi.org/10.17909/t9-5bxk-dh29
# 
# The Spectral Energy Distributions of Active Galactic Nuclei
# Brown et al. (2019)
# http://dx.doi.org/10.17909/t9-3dbt-8734
# 
# Column 1: Observed wavelength (um)
# Column 2: L_nu (W/Hz)
# Column 3: f_lam (erg/s/cm2/A)
# Column 4: Source (0 = model, 1 = Optical Spectrun, 2 = Akari, 3 = Spitzer IRS)
# 
  1.0006e-02 1.519791e+09 3.785815e-10 0 
  1.0192e-02 2.310394e+09 5.547070e-10 0 
  1.0405e-02 3.211073e+09 7.397116e-10 0 
  1.0599e-02 4.534227e+09 1.006630e-09 0 
  1.0796e-02 6.493269e+09 1.389422e-09 0 
  1.0996e-02 1.067441e+10 2.201765e-09 0 
  1.1409e-02 1.937113e+10 3.711558e-09 0 
  1.1810e-02 3.265733e+10 5.839522e-09 0 
  1.2113e-02 1.336019e+11 2.270941e-08 0 
  1.2510e-02 2.087655e+11 3.326906e-08 0 
  1.2713e-02 2.538492e+11 3.917204e-08 0 
  1.2801e-02 2.828052e+11 4.304236e-08 0 
  1.3099e-02 3.701671e+11 5.380442e-08 0 
  1.3190e-02 4.553371e+11 6.527395e-08 0 
  1.3404e-02 5.397914e+11 7.492964e-08 0 
  1.3685e-02 7.835557e+11 1.043462e-07 0 
  1.4004e-02 9.975958e+11 1.268665e-07 0 
  1.4297e-02 2.889374e+12 3.525416e-07 0 
  1.4698e-02 7.991771e+12 9.226204e-07 0 
  1.5109e-02 1.031455e+13 1.126874e-06 0 
  1.5497e-02 1.334380e+13 1.385737e-06 0 
  1.5894e-02 1.718322e+13 1.696425e-06 0 
  1.6190e-02 2.055614e+13 1.955890e-06 0 
  1.6605e-02 2.634837e+13 2.383266e-06 0 
  1.6992e-02 3.277597e+13 2.831151e-06 0 
  1.7308e-02 3.876513e+13 3.227334e-06 0 
  1.7711e-02 4.766918e+13 3.790076e-06 0 
  1.7999e-02 5.547711e+13 4.270842e-06 0 
  1.8207e-02 6.137856e+13 4.617812e-06 0 
  1.8589e-02 7.427649e+13 5.360876e-06 0 
  1.9109e-02 9.388748e+13 6.412513e-06 0 
  1.9420e-02 1.082594e+14 7.159183e-06 0 
  1.9781e-02 1.280250e+14 8.160086e-06 0 
  2.0195e-02 1.524327e+14 9.321525e-06 0 
  2.0523e-02 1.729501e+14 1.024084e-05 0 
  2.1001e-02 2.016956e+14 1.140547e-05 0 
  2.1590e-02 2.645043e+14 1.415220e-05 0 
  2.1991e-02 3.077795e+14 1.587253e-05 0 
  2.2297e-02 3.389290e+14 1.700248e-05 0 
  2.2711e-02 3.943839e+14 1.906967e-05 0 
  2.2974e-02 6.409278e+14 3.028533e-05 0 
  2.3402e-02 1.192907e+15 5.432469e-05 0 
  2.4002e-02 1.687747e+15 7.306492e-05 0 
  2.4618e-02 1.836677e+15 7.558295e-05 0 
  2.5191e-02 2.201705e+15 8.652963e-05 0 
  2.5718e-02 2.058347e+15 7.761411e-05 0 
  2.6016e-02 2.519871e+15 9.285251e-05 0 
  2.6378e-02 2.845872e+15 1.020065e-04 0 
  2.6931e-02 3.140092e+15 1.079777e-04 0 
  2.7431e-02 3.433412e+15 1.137992e-04 0 
  2.7877e-02 3.728361e+15 1.196527e-04 0 
  2.8395e-02 4.066889e+15 1.257984e-04 0 
  2.8990e-02 4.285390e+15 1.271717e-04 0 
  2.9597e-02 4.805242e+15 1.368095e-04 0 
  3.0078e-02 5.110834e+15 1.408933e-04 0 
  3.0778e-02 5.743111e+15 1.512038e-04 0 
  3.1787e-02 6.755862e+15 1.667547e-04 0 
  3.2828e-02 7.730446e+15 1.789008e-04 0 
  3.3826e-02 8.704660e+15 1.897348e-04 0 
  3.4773e-02 9.689095e+15 1.998459e-04 0 
  3.5665e-02 1.071205e+16 2.100316e-04 0 
  3.6580e-02 1.184282e+16 2.207314e-04 0 
  3.7518e-02 1.294208e+16 2.293091e-04 0 
  3.8481e-02 1.372629e+16 2.311835e-04 0 
  3.9468e-02 1.542053e+16 2.468911e-04 0 
  4.0480e-02 1.688958e+16 2.570599e-04 0 
  4.1423e-02 1.816241e+16 2.639896e-04 0 
  4.2193e-02 1.913367e+16 2.680489e-04 0 
  4.2978e-02 2.015761e+16 2.721717e-04 0 
  4.4080e-02 2.192465e+16 2.814142e-04 0 
  4.5107e-02 2.330495e+16 2.856648e-04 0 
  4.6052e-02 2.460335e+16 2.893302e-04 0 
  4.7016e-02 2.603388e+16 2.937270e-04 0 
  4.8000e-02 2.773703e+16 3.002437e-04 0 
  4.9006e-02 2.894683e+16 3.006069e-04 0 
    0.050032 3.083924e+16 3.072588e-04 0 
    0.050611 3.168392e+16 3.084932e-04 0 
    0.051197 3.455862e+16 3.288242e-04 0 
    0.052029 3.598766e+16 3.315578e-04 0 
    0.052996 3.747133e+16 3.327434e-04 0 
    0.053982 3.839285e+16 3.285859e-04 0 
    0.054985 4.080974e+16 3.366448e-04 0 
    0.056007 4.398179e+16 3.496912e-04 0 
    0.057049 4.696640e+16 3.599048e-04 0 
    0.057976 4.812170e+16 3.570598e-04 0 
    0.059053 5.150356e+16 3.683407e-04 0 
    0.060013 5.276741e+16 3.654025e-04 0 
    0.060988 5.151117e+16 3.453895e-04 0 
    0.061979 6.031717e+16 3.916051e-04 0 
    0.062986 6.279816e+16 3.947802e-04 0 
    0.064010 6.568588e+16 3.998277e-04 0 
    0.065050 6.949621e+16 4.096028e-04 0 
    0.065803 7.171542e+16 4.130642e-04 0 
    0.066565 7.537748e+16 4.242738e-04 0 
    0.067491 7.794914e+16 4.267918e-04 0 
    0.068430 7.858599e+16 4.185511e-04 0 
    0.069542 8.867985e+16 4.573272e-04 0 
    0.070509 8.817802e+16 4.423516e-04 0 
    0.071655 9.903979e+16 4.810754e-04 0 
    0.072652 1.033558e+17 4.883555e-04 0 
    0.073493 1.073786e+17 4.958179e-04 0 
    0.074515 1.157276e+17 5.198116e-04 0 
    0.075552 1.221631e+17 5.337580e-04 0 
    0.076427 1.234571e+17 5.271314e-04 0 
    0.077490 1.377224e+17 5.720181e-04 0 
    0.078568 1.457115e+17 5.887067e-04 0 
    0.079478 1.534776e+17 6.059649e-04 0 
    0.080583 1.623712e+17 6.236178e-04 0 
    0.081516 1.694588e+17 6.360261e-04 0 
    0.082460 1.834873e+17 6.730010e-04 0 
    0.083415 1.652512e+17 5.923148e-04 0 
    0.084576 1.993355e+17 6.950034e-04 0 
    0.085555 2.080202e+17 7.087797e-04 0 
    0.086546 2.236819e+17 7.447889e-04 0 
    0.087548 2.405180e+17 7.826211e-04 0 
    0.088562 2.610061e+17 8.299507e-04 0 
    0.089587 2.780678e+17 8.640864e-04 0 
    0.090416 2.849392e+17 8.692770e-04 0 
    0.091463 4.209576e+17 1.255001e-03 0 
    0.092522 2.481568e+18 7.229907e-03 0 
    0.093593 5.549063e+18 1.579899e-02 0 
    0.094459 1.085885e+19 3.035243e-02 0 
    0.095553 1.585811e+19 4.331709e-02 0 
    0.096437 1.852758e+19 4.968530e-02 0 
    0.097554 3.223140e+18 8.446669e-03 0 
    0.098457 1.705453e+19 4.387761e-02 0 
    0.099597 1.850422e+19 4.652376e-02 0 
    0.100518 2.734149e+19 6.748868e-02 0 
    0.101448 2.656885e+19 6.438462e-02 0 
    0.102387 1.142648e+19 2.718438e-02 0 
    0.103573 1.960335e+19 4.557573e-02 0 
    0.104531 3.880287e+19 8.856661e-02 0 
    0.105498 3.929976e+19 8.806390e-02 0 
    0.106474 3.205615e+19 7.052135e-02 0 
    0.107460 3.903209e+19 8.429942e-02 0 
    0.108454 3.169095e+19 6.719555e-02 0 
    0.109457 4.279991e+19 8.909478e-02 0 
    0.110470 4.455983e+19 9.106497e-02 0 
    0.111492 4.533545e+19 9.095926e-02 0 
    0.112524 4.304552e+19 8.478793e-02 0 
    0.113565 5.450260e+19 1.053961e-01 0 
    0.114616 5.045484e+19 9.578748e-02 0 
    0.115410 5.527202e+19 1.034939e-01 0 
    0.116478 5.874584e+19 1.079905e-01 0 
    0.117556 4.319579e+19 7.795577e-02 0 
    0.118371 5.649950e+19 1.005658e-01 0 
    0.119466 3.677056e+19 6.425517e-02 0 
    0.120572 2.734945e+19 4.691937e-02 0 
    0.121407 1.768208e+19 2.991868e-02 0 
    0.122531 3.784237e+19 6.286121e-02 0 
    0.123380 6.188100e+19 1.013828e-01 0 
    0.124522 7.533348e+19 1.211692e-01 0 
    0.125385 7.648200e+19 1.213290e-01 0 
    0.126545 6.367758e+19 9.917291e-02 0 
    0.127422 9.584269e+19 1.472199e-01 0 
    0.128601 1.083787e+20 1.634375e-01 0 
    0.129493 9.130884e+19 1.358053e-01 0 
    0.130390 8.434726e+19 1.237311e-01 0 
    0.131597 1.141426e+20 1.643812e-01 0 
    0.132509 1.158750e+20 1.645869e-01 0 
    0.133427 1.036401e+20 1.451900e-01 0 
    0.134352 1.297458e+20 1.792674e-01 0 
    0.135596 1.277800e+20 1.733268e-01 0 
    0.136535 1.156101e+20 1.546694e-01 0 
    0.137482 1.280950e+20 1.690196e-01 0 
    0.138435 1.321433e+20 1.719688e-01 0 
    0.139394 1.257622e+20 1.614204e-01 0 
    0.140361 1.303407e+20 1.649999e-01 0 
    0.141659 1.310412e+20 1.628606e-01 0 
    0.142641 1.399380e+20 1.715313e-01 0 
    0.143630 1.372209e+20 1.658923e-01 0 
    0.144293 1.496570e+20 1.792681e-01 0 
    0.144626 1.577351e+20 1.880754e-01 0 
    0.145628 1.557530e+20 1.831652e-01 0 
    0.146638 1.451803e+20 1.683880e-01 0 
    0.147654 1.450047e+20 1.658777e-01 0 
    0.148336 1.531240e+20 1.735588e-01 0 
    0.149364 1.620051e+20 1.811061e-01 0 
    0.150399 1.599520e+20 1.763584e-01 0 
    0.151093 1.444300e+20 1.577847e-01 0 
    0.151791 1.582367e+20 1.712820e-01 0 
    0.152491 1.475493e+20 1.582505e-01 0 
    0.153548 1.313409e+20 1.389339e-01 0 
    0.154613 1.577197e+20 1.645471e-01 0 
    0.155326 1.470617e+20 1.520224e-01 0 
    0.156403 1.468734e+20 1.497440e-01 0 
    0.157487 1.608411e+20 1.617350e-01 0 
    0.158579 1.745194e+20 1.730808e-01 0 
    0.159678 1.846324e+20 1.805986e-01 0 
    0.160415 1.790220e+20 1.735053e-01 0 
    0.161527 1.821164e+20 1.740825e-01 0 
    0.162647 1.721053e+20 1.622552e-01 0 
    0.163397 1.855197e+20 1.732999e-01 0 
    0.164530 1.935662e+20 1.783346e-01 0 
    0.165670 1.758923e+20 1.598290e-01 0 
    0.166435 1.999200e+20 1.799962e-01 0 
    0.167203 1.669055e+20 1.488946e-01 0 
    0.167589 2.019588e+20 1.793363e-01 0 
    0.168362 2.187035e+20 1.924261e-01 0 
    0.169529 2.071377e+20 1.797495e-01 0 
    0.170312 2.003743e+20 1.722852e-01 0 
    0.171493 1.964482e+20 1.665910e-01 0 
    0.172681 1.979828e+20 1.655903e-01 0 
    0.173478 2.143996e+20 1.776772e-01 0 
    0.174681 2.140912e+20 1.749862e-01 0 
    0.175487 2.345215e+20 1.899281e-01 0 
    0.176297 2.112335e+20 1.694999e-01 0 
    0.177519 2.281103e+20 1.805310e-01 0 
    0.178339 2.326681e+20 1.824487e-01 0 
    0.179575 2.553133e+20 1.974596e-01 0 
    0.180404 2.527328e+20 1.936715e-01 0 
    0.181654 2.449044e+20 1.850985e-01 0 
    0.182493 2.469310e+20 1.849182e-01 0 
    0.183335 2.410635e+20 1.788698e-01 0 
    0.184606 2.261961e+20 1.655351e-01 0 
    0.185458 2.355154e+20 1.707751e-01 0 
    0.186314 2.441117e+20 1.753857e-01 0 
    0.187605 2.629772e+20 1.863484e-01 0 
    0.188471 2.526295e+20 1.773746e-01 0 
    0.189341 2.512009e+20 1.747545e-01 0 
    0.190654 2.596130e+20 1.781275e-01 0 
    0.191534 2.611497e+20 1.775392e-01 0 
    0.192418 2.620784e+20 1.765372e-01 0 
    0.193306 2.660463e+20 1.775673e-01 0 
    0.194646 2.839591e+20 1.869224e-01 0 
    0.195544 2.752911e+20 1.795559e-01 0 
    0.196900 3.006615e+20 1.934118e-01 0 
    0.197809 3.073185e+20 1.958813e-01 0 
    0.198265 2.974049e+20 1.886916e-01 0 
    0.199639 2.928384e+20 1.832457e-01 0 
    0.200560 3.000182e+20 1.860182e-01 0 
    0.201486 2.935486e+20 1.803378e-01 0 
    0.202416 3.056195e+20 1.860321e-01 0 
    0.203350 3.031703e+20 1.828499e-01 0 
    0.204289 3.178203e+20 1.899276e-01 0 
    0.205705 3.016188e+20 1.777727e-01 0 
    0.206655 3.068747e+20 1.792114e-01 0 
    0.207609 3.345377e+20 1.935749e-01 0 
    0.208567 3.419416e+20 1.960457e-01 0 
    0.209529 3.306876e+20 1.878564e-01 0 
    0.210497 3.318229e+20 1.867717e-01 0 
    0.211468 3.383855e+20 1.887204e-01 0 
    0.212444 3.466561e+20 1.915607e-01 0 
    0.213425 3.208998e+20 1.757014e-01 0 
    0.214410 3.426579e+20 1.858947e-01 0 
    0.215400 3.550650e+20 1.908591e-01 0 
    0.216394 3.441847e+20 1.833148e-01 0 
    0.217393 3.461468e+20 1.826694e-01 0 
    0.218396 3.489299e+20 1.824506e-01 0 
    0.219404 3.699806e+20 1.916842e-01 0 
    0.220417 3.619639e+20 1.858111e-01 0 
    0.221435 3.452209e+20 1.755905e-01 0 
    0.222457 3.424259e+20 1.725722e-01 0 
    0.223483 3.732606e+20 1.863887e-01 0 
    0.224515 3.568060e+20 1.765379e-01 0 
    0.225551 3.468125e+20 1.700206e-01 0 
    0.226592 3.578460e+20 1.738215e-01 0 
    0.227638 3.743562e+20 1.801739e-01 0 
    0.228689 3.916271e+20 1.867578e-01 0 
    0.229745 3.762345e+20 1.777719e-01 0 
    0.230274 3.791082e+20 1.783076e-01 0 
    0.231337 3.692802e+20 1.720926e-01 0 
    0.232405 3.111352e+20 1.436662e-01 0 
    0.233478 3.561141e+20 1.629272e-01 0 
    0.234555 3.437045e+20 1.558089e-01 0 
    0.235638 3.835056e+20 1.722573e-01 0 
    0.236726 3.535137e+20 1.573297e-01 0 
    0.237271 3.704139e+20 1.640946e-01 0 
    0.238366 3.422418e+20 1.502246e-01 0 
    0.239467 3.732006e+20 1.623108e-01 0 
    0.240572 3.652226e+20 1.573852e-01 0 
    0.241683 3.794624e+20 1.620216e-01 0 
    0.242240 4.087821e+20 1.737387e-01 0 
    0.243358 4.009675e+20 1.688551e-01 0 
    0.244481 4.292708e+20 1.791173e-01 0 
    0.245610 4.278988e+20 1.769072e-01 0 
    0.246743 4.305192e+20 1.763597e-01 0 
    0.247312 4.190807e+20 1.708849e-01 0 
    0.248454 4.304632e+20 1.739164e-01 0 
    0.249600 4.107302e+20 1.644235e-01 0 
    0.250752 4.701138e+20 1.864707e-01 0 
    0.251330 4.183217e+20 1.651650e-01 0 
    0.251910 4.293625e+20 1.687445e-01 0 
    0.252491 4.179844e+20 1.635177e-01 0 
    0.253656 4.313005e+20 1.671807e-01 0 
    0.254241 4.316209e+20 1.665359e-01 0 
    0.255414 4.728648e+20 1.807774e-01 0 
    0.256593 4.649252e+20 1.761124e-01 0 
    0.257778 4.977752e+20 1.868263e-01 0 
    0.258372 4.958884e+20 1.852634e-01 0 
    0.259565 4.920627e+20 1.821481e-01 0 
    0.260763 4.838235e+20 1.774563e-01 0 
    0.261364 4.797417e+20 1.751509e-01 0 
    0.262570 5.124742e+20 1.853866e-01 0 
    0.263782 5.424003e+20 1.944133e-01 0 
    0.264390 5.979304e+20 2.133325e-01 0 
    0.265611 6.270589e+20 2.216729e-01 0 
    0.266223 5.670667e+20 1.995444e-01 0 
    0.267452 5.988318e+20 2.087899e-01 0 
    0.268686 6.137078e+20 2.120157e-01 0 
    0.269305 5.825083e+20 2.003133e-01 0 
    0.270549 6.137068e+20 2.091055e-01 0 
    0.271797 5.829746e+20 1.968144e-01 0 
    0.272424 5.794204e+20 1.947150e-01 0 
    0.273681 6.175377e+20 2.056225e-01 0 
    0.274312 5.432320e+20 1.800496e-01 0 
    0.275578 5.670994e+20 1.862373e-01 0 
    0.276214 5.970395e+20 1.951678e-01 0 
    0.277489 6.290794e+20 2.037560e-01 0 
    0.278769 5.948022e+20 1.908886e-01 0 
    0.279412 4.794460e+20 1.531602e-01 0 
    0.280702 5.205068e+20 1.647524e-01 0 
    0.281349 6.482706e+20 2.042500e-01 0 
    0.282648 6.973349e+20 2.176938e-01 0 
    0.283299 6.804244e+20 2.114396e-01 0 
    0.284607 6.598943e+20 2.031794e-01 0 
    0.285263 6.292781e+20 1.928627e-01 0 
    0.286580 7.137098e+20 2.167336e-01 0 
    0.287240 7.360219e+20 2.224833e-01 0 
    0.288566 7.371971e+20 2.207953e-01 0 
    0.289231 7.515086e+20 2.240478e-01 0 
    0.291236 8.452475e+20 2.485365e-01 0 
    0.293255 8.223296e+20 2.384797e-01 0 
    0.295288 8.243654e+20 2.357896e-01 0 
    0.297334 8.534382e+20 2.407572e-01 0 
    0.298707 8.667826e+20 2.422790e-01 0 
    0.300777 8.932762e+20 2.462595e-01 0 
    0.302862 9.142296e+20 2.485777e-01 0 
    0.304962 9.378962e+20 2.515126e-01 0 
    0.307076 9.666091e+20 2.556558e-01 0 
    0.309204 9.870449e+20 2.574798e-01 0 
    0.311347 1.026697e+21 2.641492e-01 0 
    0.312784 1.019026e+21 2.597721e-01 0 
    0.314953 1.040625e+21 2.616371e-01 0 
    0.317136 1.077508e+21 2.671935e-01 0 
    0.319334 1.038811e+21 2.540638e-01 0 
    0.320808 1.092190e+21 2.646696e-01 0 
    0.323032 1.055373e+21 2.522385e-01 0 
    0.325271 1.176388e+21 2.773042e-01 0 
    0.326772 1.248305e+21 2.915597e-01 0 
    0.329037 1.263168e+21 2.909833e-01 0 
    0.331318 1.266487e+21 2.877446e-01 0 
    0.332082 1.256017e+21 2.840542e-01 0 
    0.332847 1.295329e+21 2.915998e-01 0 
    0.333615 1.320537e+21 2.959074e-01 0 
    0.334384 1.265186e+21 2.822019e-01 0 
    0.335155 1.295804e+21 2.877030e-01 0 
    0.335927 1.324072e+21 2.926295e-01 0 
    0.336702 1.304111e+21 2.868928e-01 0 
    0.337478 1.176753e+21 2.576860e-01 0 
    0.338256 1.244744e+21 2.713223e-01 0 
    0.339036 1.366072e+21 2.964001e-01 0 
    0.339817 1.361007e+21 2.939453e-01 0 
    0.340600 1.343551e+21 2.888427e-01 0 
    0.341386 1.350973e+21 2.891024e-01 0 
    0.342173 1.415942e+21 3.016133e-01 0 
    0.342961 1.401001e+21 2.970608e-01 0 
    0.343752 1.421765e+21 3.000778e-01 0 
    0.344544 1.239411e+21 2.603889e-01 0 
    0.345339 1.464243e+21 3.062094e-01 0 
    0.346135 1.339654e+21 2.788675e-01 0 
    0.346933 1.397018e+21 2.894725e-01 0 
    0.347732 1.334027e+21 2.751515e-01 0 
    0.348534 1.399986e+21 2.874285e-01 0 
    0.349338 1.374297e+21 2.808570e-01 0 
    0.350143 1.425687e+21 2.900212e-01 0 
    0.350950 1.452057e+21 2.940286e-01 0 
    0.351759 1.377012e+21 2.775516e-01 0 
    0.352570 1.418719e+21 2.846440e-01 0 
    0.353383 1.527072e+21 3.049752e-01 0 
    0.354197 1.580565e+21 3.142093e-01 0 
    0.355014 1.591328e+21 3.148946e-01 0 
    0.355832 1.544278e+21 3.041808e-01 0 
    0.356652 1.591003e+21 3.119450e-01 0 
    0.357475 1.398362e+21 2.729133e-01 0 
    0.358299 1.391825e+21 2.703896e-01 0 
    0.359125 1.347527e+21 2.605809e-01 0 
    0.359953 1.594001e+21 3.068269e-01 0 
    0.360782 1.497755e+21 2.869773e-01 0 
    0.361614 1.536027e+21 2.929576e-01 0 
    0.362448 1.571665e+21 2.983768e-01 0 
    0.363283 1.735000e+21 3.278730e-01 0 
    0.364121 1.711069e+21 3.218641e-01 0 
    0.364960 1.604004e+21 3.003387e-01 0 
    0.365130 1.582180e+21 2.959766e-01 1 
    0.365398 1.299535e+21 2.427459e-01 1 
    0.365666 1.234580e+21 2.302748e-01 1 
    0.365933 1.896237e+21 3.531716e-01 1 
    0.366201 1.702788e+21 3.166781e-01 1 
    0.366469 1.226710e+21 2.278053e-01 1 
    0.366736 1.932385e+21 3.583299e-01 1 
    0.367004 1.139756e+21 2.110410e-01 1 
    0.367272 1.129176e+21 2.087769e-01 1 
    0.367539 1.802866e+21 3.328535e-01 1 
    0.367807 1.476944e+21 2.722830e-01 1 
    0.368075 1.632765e+21 3.005713e-01 1 
    0.368342 1.544312e+21 2.838762e-01 1 
    0.368610 1.342362e+21 2.463950e-01 1 
    0.368877 1.352621e+21 2.479187e-01 1 
    0.369145 1.170785e+21 2.142790e-01 1 
    0.369413 1.251755e+21 2.287660e-01 1 
    0.369680 1.601938e+21 2.923413e-01 1 
    0.369948 1.778243e+21 3.240456e-01 1 
    0.370216 1.500425e+21 2.730237e-01 1 
    0.370483 1.742017e+21 3.165281e-01 1 
    0.370751 1.377889e+21 2.500035e-01 1 
    0.371019 1.221166e+21 2.212478e-01 1 
    0.371286 1.248939e+21 2.259542e-01 1 
    0.371554 1.760301e+21 3.180091e-01 1 
    0.371822 1.875164e+21 3.382716e-01 1 
    0.372089 1.718615e+21 3.095861e-01 1 
    0.372357 4.120209e+21 7.411339e-01 1 
    0.372625 5.187113e+21 9.317045e-01 1 
    0.372892 5.913025e+21 1.060572e+00 1 
    0.373160 4.775681e+21 8.553454e-01 1 
    0.373428 2.736570e+21 4.894284e-01 1 
    0.373695 1.890192e+21 3.375730e-01 1 
    0.373963 1.507797e+21 2.688945e-01 1 
    0.374231 2.001154e+21 3.563669e-01 1 
    0.374498 1.693956e+21 3.012310e-01 1 
    0.374766 1.236069e+21 2.194920e-01 1 
    0.375034 1.515205e+21 2.686745e-01 1 
    0.375301 1.919102e+21 3.398091e-01 1 
    0.375569 1.962498e+21 3.469973e-01 1 
    0.375837 2.055662e+21 3.629520e-01 1 
    0.376104 1.651090e+21 2.911061e-01 1 
    0.376372 1.867651e+21 3.288195e-01 1 
    0.376640 1.067811e+21 1.877319e-01 1 
    0.376907 1.529600e+21 2.685382e-01 1 
    0.377175 1.769123e+21 3.101477e-01 1 
    0.377442 1.968648e+21 3.446388e-01 1 
    0.377710 2.111367e+21 3.690993e-01 1 
    0.377978 2.224857e+21 3.883877e-01 1 
    0.378245 2.271609e+21 3.959894e-01 1 
    0.378513 2.281208e+21 3.971000e-01 1 
    0.378781 2.411029e+21 4.191046e-01 1 
    0.379048 2.429691e+21 4.217539e-01 1 
    0.379316 2.364345e+21 4.098312e-01 1 
    0.379584 2.024495e+21 3.504268e-01 1 
    0.379851 1.752095e+21 3.028500e-01 1 
    0.380119 2.014869e+21 3.477796e-01 1 
    0.380387 2.010385e+21 3.465168e-01 1 
    0.380654 1.872454e+21 3.222900e-01 1 
    0.380922 2.274499e+21 3.909399e-01 1 
    0.381190 2.377609e+21 4.080881e-01 1 
    0.381457 2.196451e+21 3.764668e-01 1 
    0.381725 2.430380e+21 4.159772e-01 1 
    0.381993 2.087436e+21 3.567786e-01 1 
    0.382260 2.079431e+21 3.549140e-01 1 
    0.382528 2.086690e+21 3.556542e-01 1 
    0.382796 1.804510e+21 3.071292e-01 1 
    0.383063 1.458333e+21 2.478636e-01 1 
    0.383331 1.547103e+21 2.625837e-01 1 
    0.383599 1.339701e+21 2.270646e-01 1 
    0.383866 1.313120e+21 2.222499e-01 1 
    0.384134 1.449450e+21 2.449821e-01 1 
    0.384402 2.092144e+21 3.531154e-01 1 
    0.384669 2.054848e+21 3.463394e-01 1 
    0.384937 2.187717e+21 3.682207e-01 1 
    0.385205 2.309522e+21 3.881813e-01 1 
    0.385472 2.405503e+21 4.037539e-01 1 
    0.385740 2.544552e+21 4.264994e-01 1 
    0.386007 2.700209e+21 4.519636e-01 1 
    0.386275 2.425549e+21 4.054275e-01 1 
    0.386543 2.608745e+21 4.354442e-01 1 
    0.386810 2.667092e+21 4.445689e-01 1 
    0.387078 2.796473e+21 4.654898e-01 1 
    0.387346 2.824112e+21 4.694401e-01 1 
    0.387613 2.380234e+21 3.951113e-01 1 
    0.387881 2.240015e+21 3.713217e-01 1 
    0.388149 2.315209e+21 3.832567e-01 1 
    0.388416 1.988518e+21 3.287243e-01 1 
    0.388684 1.899430e+21 3.135641e-01 1 
    0.388952 2.256226e+21 3.719520e-01 1 
    0.389219 2.485082e+21 4.091185e-01 1 
    0.389487 2.415317e+21 3.970861e-01 1 
    0.389755 2.479555e+21 4.070865e-01 1 
    0.390022 2.366985e+21 3.880732e-01 1 
    0.390290 2.676077e+21 4.381473e-01 1 
    0.390558 2.483825e+21 4.061124e-01 1 
    0.390825 2.735432e+21 4.466401e-01 1 
    0.391093 2.751633e+21 4.486698e-01 1 
    0.391361 2.994088e+21 4.875351e-01 1 
    0.391628 2.568836e+21 4.177201e-01 1 
    0.391896 2.937233e+21 4.769723e-01 1 
    0.392164 3.096146e+21 5.020911e-01 1 
    0.392431 2.903837e+21 4.702643e-01 1 
    0.392699 2.684527e+21 4.341548e-01 1 
    0.392967 2.424602e+21 3.915838e-01 1 
    0.393234 2.226906e+21 3.591667e-01 1 
    0.393502 2.161371e+21 3.481223e-01 1 
    0.393770 2.416012e+21 3.886067e-01 1 
    0.394037 2.428607e+21 3.901033e-01 1 
    0.394305 2.730561e+21 4.380098e-01 1 
    0.394573 2.976549e+21 4.768203e-01 1 
    0.394840 2.875107e+21 4.599474e-01 1 
    0.395108 2.821556e+21 4.507685e-01 1 
    0.395375 3.102097e+21 4.949182e-01 1 
    0.395643 2.684548e+21 4.277211e-01 1 
    0.395911 2.832174e+21 4.506312e-01 1 
    0.396178 2.342486e+21 3.722141e-01 1 
    0.396446 2.188388e+21 3.472584e-01 1 
    0.396714 2.003567e+21 3.175011e-01 1 
    0.396981 1.825955e+21 2.889663e-01 1 
    0.397249 1.975557e+21 3.122197e-01 1 
    0.397517 2.118080e+21 3.342932e-01 1 
    0.397784 2.378141e+21 3.748343e-01 1 
    0.398052 2.658942e+21 4.185291e-01 1 
    0.398320 2.699785e+21 4.243864e-01 1 
    0.398587 2.911323e+21 4.570256e-01 1 
    0.398855 3.140224e+21 4.922967e-01 1 
    0.399123 3.069255e+21 4.805249e-01 1 
    0.399390 3.196392e+21 4.997607e-01 1 
    0.399658 3.001316e+21 4.686311e-01 1 
    0.399926 3.202942e+21 4.994434e-01 1 
    0.400193 3.308368e+21 5.151946e-01 1 
    0.400461 3.270275e+21 5.085811e-01 1 
    0.400729 3.249031e+21 5.046017e-01 1 
    0.400996 3.215780e+21 4.987728e-01 1 
    0.401264 3.223440e+21 4.992932e-01 1 
    0.401532 3.354035e+21 5.188283e-01 1 
    0.401799 3.752278e+21 5.796606e-01 1 
    0.402067 3.560487e+21 5.492993e-01 1 
    0.402335 3.537359e+21 5.450042e-01 1 
    0.402602 3.674741e+21 5.654201e-01 1 
    0.402870 3.266078e+21 5.018723e-01 1 
    0.403138 3.142578e+21 4.822531e-01 1 
    0.403405 3.655843e+21 5.602753e-01 1 
    0.403673 3.121170e+21 4.776991e-01 1 
    0.403940 3.435418e+21 5.251004e-01 1 
    0.404208 3.644528e+21 5.563241e-01 1 
    0.404476 3.597429e+21 5.484073e-01 1 
    0.404743 3.629136e+21 5.525111e-01 1 
    0.405011 3.653067e+21 5.554186e-01 1 
    0.405279 3.169454e+21 4.812522e-01 1 
    0.405546 3.341647e+21 5.067302e-01 1 
    0.405814 3.547986e+21 5.373093e-01 1 
    0.406082 3.503594e+21 5.298863e-01 1 
    0.406349 3.517751e+21 5.313286e-01 1 
    0.406617 3.477276e+21 5.245230e-01 1 
    0.406885 3.443606e+21 5.187600e-01 1 
    0.407152 3.523004e+21 5.300251e-01 1 
    0.407420 3.267772e+21 4.909797e-01 1 
    0.407688 3.411314e+21 5.118731e-01 1 
    0.407955 3.483816e+21 5.220680e-01 1 
    0.408223 3.513873e+21 5.258810e-01 1 
    0.408491 3.236963e+21 4.838037e-01 1 
    0.408758 3.319421e+21 4.954802e-01 1 
    0.409026 3.049520e+21 4.545965e-01 1 
    0.409294 3.254954e+21 4.845856e-01 1 
    0.409561 3.234483e+21 4.809104e-01 1 
    0.409829 2.827013e+21 4.197773e-01 1 
    0.410097 2.634302e+21 3.906509e-01 1 
    0.410364 3.081087e+21 4.563119e-01 1 
    0.410632 2.947923e+21 4.360207e-01 1 
    0.410900 3.151914e+21 4.655846e-01 1 
    0.411167 3.278312e+21 4.836267e-01 1 
    0.411435 3.417881e+21 5.035597e-01 1 
    0.411703 3.348858e+21 4.927483e-01 1 
    0.411970 3.397186e+21 4.992115e-01 1 
    0.412238 3.663537e+21 5.376516e-01 1 
    0.412505 3.545208e+21 5.196127e-01 1 
    0.412773 3.508759e+21 5.136029e-01 1 
    0.413041 3.700721e+21 5.409990e-01 1 
    0.413308 3.570206e+21 5.212452e-01 1 
    0.413576 3.782674e+21 5.515498e-01 1 
    0.413844 3.572205e+21 5.201871e-01 1 
    0.414111 3.378917e+21 4.914060e-01 1 
    0.414379 3.634820e+21 5.279391e-01 1 
    0.414647 3.587689e+21 5.204202e-01 1 
    0.414914 3.871590e+21 5.608795e-01 1 
    0.415182 3.755310e+21 5.433319e-01 1 
    0.415450 3.600933e+21 5.203241e-01 1 
    0.415717 3.730206e+21 5.383116e-01 1 
    0.415985 3.613550e+21 5.208050e-01 1 
    0.416253 3.961417e+21 5.702067e-01 1 
    0.416520 4.073018e+21 5.855190e-01 1 
    0.416788 3.647867e+21 5.237272e-01 1 
    0.417056 3.722783e+21 5.337961e-01 1 
    0.417323 3.462478e+21 4.958369e-01 1 
    0.417591 3.771483e+21 5.393942e-01 1 
    0.417859 4.170404e+21 5.956829e-01 1 
    0.418126 3.688450e+21 5.261699e-01 1 
    0.418394 3.735832e+21 5.322466e-01 1 
    0.418662 4.063130e+21 5.781360e-01 1 
    0.418929 3.874955e+21 5.506584e-01 1 
    0.419197 3.909391e+21 5.548418e-01 1 
    0.419465 3.500811e+21 4.962193e-01 1 
    0.419732 3.640956e+21 5.154277e-01 1 
    0.420000 3.970765e+21 5.613995e-01 1 
    0.420268 3.888482e+21 5.490651e-01 1 
    0.420535 3.479014e+21 4.906234e-01 1 
    0.420803 3.854951e+21 5.429473e-01 1 
    0.421071 4.052576e+21 5.700553e-01 1 
    0.421338 4.221105e+21 5.930092e-01 1 
    0.421606 4.289635e+21 6.018707e-01 1 
    0.421873 4.039459e+21 5.660519e-01 1 
    0.422141 3.894410e+21 5.450333e-01 1 
    0.422409 3.812584e+21 5.329047e-01 1 
    0.422676 3.771523e+21 5.264996e-01 1 
    0.422944 3.495270e+21 4.873169e-01 1 
    0.423212 3.626792e+21 5.050137e-01 1 
    0.423479 3.836078e+21 5.334825e-01 1 
    0.423747 3.967261e+21 5.510282e-01 1 
    0.424015 3.948539e+21 5.477349e-01 1 
    0.424282 4.005315e+21 5.549118e-01 1 
    0.424550 3.869579e+21 5.354297e-01 1 
    0.424818 3.800599e+21 5.252217e-01 1 
    0.425085 4.071581e+21 5.619632e-01 1 
    0.425353 4.035506e+21 5.562827e-01 1 
    0.425621 3.982392e+21 5.482698e-01 1 
    0.425888 4.144048e+21 5.698105e-01 1 
    0.426156 3.868839e+21 5.313000e-01 1 
    0.426424 3.791479e+21 5.200220e-01 1 
    0.426691 3.918324e+21 5.367472e-01 1 
    0.426959 4.040466e+21 5.527841e-01 1 
    0.427227 4.074650e+21 5.567617e-01 1 
    0.427494 3.799382e+21 5.185008e-01 1 
    0.427762 3.932577e+21 5.360055e-01 1 
    0.428030 4.076477e+21 5.549234e-01 1 
    0.428297 3.919016e+21 5.328234e-01 1 
    0.428565 4.182357e+21 5.679161e-01 1 
    0.428833 4.000844e+21 5.425898e-01 1 
    0.429100 3.673724e+21 4.976064e-01 1 
    0.429368 3.606002e+21 4.878238e-01 1 
    0.429636 3.418998e+21 4.619489e-01 1 
    0.429903 3.837239e+21 5.178147e-01 1 
    0.430171 3.638435e+21 4.903756e-01 1 
    0.430438 3.277078e+21 4.411253e-01 1 
    0.430706 3.299727e+21 4.436215e-01 1 
    0.430974 3.631495e+21 4.876180e-01 1 
    0.431241 3.836001e+21 5.144404e-01 1 
    0.431509 3.661416e+21 4.904174e-01 1 
    0.431777 3.976490e+21 5.319580e-01 1 
    0.432044 3.967150e+21 5.300528e-01 1 
    0.432312 3.951916e+21 5.273629e-01 1 
    0.432580 3.573894e+21 4.763271e-01 1 
    0.432847 3.720853e+21 4.953020e-01 1 
    0.433115 3.883645e+21 5.163326e-01 1 
    0.433383 3.703096e+21 4.917198e-01 1 
    0.433650 3.908044e+21 5.182952e-01 1 
    0.433918 3.887287e+21 5.149057e-01 1 
    0.434186 3.833909e+21 5.072086e-01 1 
    0.434453 3.686425e+21 4.870979e-01 1 
    0.434721 3.493244e+21 4.610033e-01 1 
    0.434989 3.476417e+21 4.582176e-01 1 
    0.435256 3.596268e+21 4.734335e-01 1 
    0.435524 4.035167e+21 5.305591e-01 1 
    0.435792 4.509821e+21 5.922394e-01 1 
    0.436059 4.758761e+21 6.241656e-01 1 
    0.436327 4.471268e+21 5.857374e-01 1 
    0.436595 4.349671e+21 5.691088e-01 1 
    0.436862 4.400359e+21 5.750373e-01 1 
    0.437130 4.572249e+21 5.967674e-01 1 
    0.437398 4.343164e+21 5.661729e-01 1 
    0.437665 4.487568e+21 5.842839e-01 1 
    0.437933 4.410032e+21 5.734860e-01 1 
    0.438201 4.434120e+21 5.759134e-01 1 
    0.438468 4.246428e+21 5.508639e-01 1 
    0.438736 4.090562e+21 5.299964e-01 1 
    0.439003 4.352852e+21 5.632943e-01 1 
    0.439271 4.617577e+21 5.968229e-01 1 
    0.439539 4.458058e+21 5.755026e-01 1 
    0.439806 4.223869e+21 5.446087e-01 1 
    0.440074 4.267151e+21 5.495193e-01 1 
    0.440342 4.338900e+21 5.580792e-01 1 
    0.440609 4.389990e+21 5.639664e-01 1 
    0.440877 4.374796e+21 5.613315e-01 1 
    0.441145 4.366193e+21 5.595470e-01 1 
    0.441412 4.406970e+21 5.640897e-01 1 
    0.441680 4.489902e+21 5.740079e-01 1 
    0.441948 4.791990e+21 6.118853e-01 1 
    0.442215 4.450233e+21 5.675607e-01 1 
    0.442483 4.484055e+21 5.711816e-01 1 
    0.442751 4.457240e+21 5.670788e-01 1 
    0.443018 4.470296e+21 5.680544e-01 1 
    0.443286 4.459377e+21 5.659820e-01 1 
    0.443554 4.407514e+21 5.587237e-01 1 
    0.443821 4.586851e+21 5.807583e-01 1 
    0.444089 4.503645e+21 5.695352e-01 1 
    0.444357 4.584563e+21 5.790691e-01 1 
    0.444624 4.637066e+21 5.849974e-01 1 
    0.444892 4.526696e+21 5.703857e-01 1 
    0.445160 4.475896e+21 5.633057e-01 1 
    0.445427 4.397788e+21 5.528123e-01 1 
    0.445695 4.433015e+21 5.565704e-01 1 
    0.445963 4.262750e+21 5.345505e-01 1 
    0.446230 4.514210e+21 5.654064e-01 1 
    0.446498 4.446590e+21 5.562686e-01 1 
    0.446766 4.530867e+21 5.661317e-01 1 
    0.447033 4.749667e+21 5.927621e-01 1 
    0.447301 4.631320e+21 5.773000e-01 1 
    0.447569 4.572732e+21 5.693145e-01 1 
    0.447836 4.665138e+21 5.801268e-01 1 
    0.448104 4.688278e+21 5.823073e-01 1 
    0.448371 4.605411e+21 5.713337e-01 1 
    0.448639 4.691958e+21 5.813751e-01 1 
    0.448907 4.926244e+21 6.096768e-01 1 
    0.449174 4.957980e+21 6.128751e-01 1 
    0.449442 4.697545e+21 5.799895e-01 1 
    0.449710 4.911177e+21 6.056433e-01 1 
    0.449977 4.779692e+21 5.887294e-01 1 
    0.450245 4.969377e+21 6.113650e-01 1 
    0.450513 4.979306e+21 6.118580e-01 1 
    0.450780 5.086049e+21 6.242345e-01 1 
    0.451048 5.320502e+21 6.522342e-01 1 
    0.451316 5.164242e+21 6.323268e-01 1 
    0.451583 5.148495e+21 6.296534e-01 1 
    0.451851 5.125961e+21 6.261541e-01 1 
    0.452119 5.013632e+21 6.117070e-01 1 
    0.452386 4.893372e+21 5.963296e-01 1 
    0.452654 4.780480e+21 5.818824e-01 1 
    0.452922 4.665280e+21 5.671884e-01 1 
    0.453189 4.725476e+21 5.738300e-01 1 
    0.453457 4.639214e+21 5.626893e-01 1 
    0.453725 4.585126e+21 5.554722e-01 1 
    0.453992 4.981349e+21 6.027637e-01 1 
    0.454260 5.136038e+21 6.207485e-01 1 
    0.454528 4.871276e+21 5.880550e-01 1 
    0.454795 4.851528e+21 5.849835e-01 1 
    0.455063 4.835255e+21 5.823349e-01 1 
    0.455331 4.880063e+21 5.870396e-01 1 
    0.455598 4.809073e+21 5.778221e-01 1 
    0.455866 4.914294e+21 5.897706e-01 1 
    0.456134 4.969508e+21 5.956964e-01 1 
    0.456401 5.046613e+21 6.042314e-01 1 
    0.456669 4.917051e+21 5.880282e-01 1 
    0.456936 4.743188e+21 5.665732e-01 1 
    0.457204 4.879257e+21 5.821435e-01 1 
    0.457472 5.175193e+21 6.167284e-01 1 
    0.457739 5.120050e+21 6.094453e-01 1 
    0.458007 5.053919e+21 6.008700e-01 1 
    0.458275 4.827620e+21 5.732937e-01 1 
    0.458542 5.119407e+21 6.072365e-01 1 
    0.458810 5.095394e+21 6.036823e-01 1 
    0.459078 5.233966e+21 6.193761e-01 1 
    0.459345 4.915897e+21 5.810603e-01 1 
    0.459613 5.468474e+21 6.456216e-01 1 
    0.459881 5.327679e+21 6.282660e-01 1 
    0.460148 5.178973e+21 6.100213e-01 1 
    0.460416 5.476172e+21 6.442770e-01 1 
    0.460684 5.674818e+21 6.668715e-01 1 
    0.460951 5.674752e+21 6.660914e-01 1 
    0.461219 5.547361e+21 6.503820e-01 1 
    0.461487 5.269474e+21 6.170847e-01 1 
    0.461754 5.471810e+21 6.400386e-01 1 
    0.462022 5.585129e+21 6.525357e-01 1 
    0.462290 5.600184e+21 6.535364e-01 1 
    0.462557 5.584896e+21 6.510002e-01 1 
    0.462825 5.884528e+21 6.851323e-01 1 
    0.463093 5.545807e+21 6.449480e-01 1 
    0.463360 5.405297e+21 6.278833e-01 1 
    0.463628 5.419466e+21 6.288016e-01 1 
    0.463896 5.401339e+21 6.259745e-01 1 
    0.464163 5.411129e+21 6.263878e-01 1 
    0.464431 5.079216e+21 5.872874e-01 1 
    0.464699 5.328469e+21 6.153970e-01 1 
    0.464966 5.507406e+21 6.353326e-01 1 
    0.465234 5.629833e+21 6.487078e-01 1 
    0.465501 5.498400e+21 6.328366e-01 1 
    0.465769 5.517375e+21 6.342899e-01 1 
    0.466037 5.616907e+21 6.449898e-01 1 
    0.466304 5.247545e+21 6.018861e-01 1 
    0.466572 5.779503e+21 6.621395e-01 1 
    0.466840 5.457410e+21 6.245209e-01 1 
    0.467107 5.551167e+21 6.345239e-01 1 
    0.467375 5.356503e+21 6.115709e-01 1 
    0.467643 5.131186e+21 5.851744e-01 1 
    0.467910 5.425143e+21 6.179922e-01 1 
    0.468178 5.621617e+21 6.396401e-01 1 
    0.468446 5.730409e+21 6.512729e-01 1 
    0.468713 5.351813e+21 6.075520e-01 1 
    0.468981 5.635714e+21 6.390501e-01 1 
    0.469249 5.611020e+21 6.355233e-01 1 
    0.469516 5.421702e+21 6.133824e-01 1 
    0.469784 5.652358e+21 6.387482e-01 1 
    0.470052 5.399434e+21 6.094707e-01 1 
    0.470319 5.020957e+21 5.661062e-01 1 
    0.470587 5.365204e+21 6.042308e-01 1 
    0.470855 5.316551e+21 5.980701e-01 1 
    0.471122 5.340423e+21 6.000747e-01 1 
    0.471390 5.328891e+21 5.980983e-01 1 
    0.471658 5.338371e+21 5.984816e-01 1 
    0.471925 5.391598e+21 6.037651e-01 1 
    0.472193 5.533244e+21 6.189238e-01 1 
    0.472461 5.484632e+21 6.127905e-01 1 
    0.472728 5.714578e+21 6.377611e-01 1 
    0.472996 5.454486e+21 6.080445e-01 1 
    0.473264 5.444028e+21 6.061915e-01 1 
    0.473531 5.546398e+21 6.168941e-01 1 
    0.473799 5.542667e+21 6.157819e-01 1 
    0.474067 5.216255e+21 5.788631e-01 1 
    0.474334 5.783175e+21 6.410535e-01 1 
    0.474602 5.754514e+21 6.371563e-01 1 
    0.474869 5.966797e+21 6.599181e-01 1 
    0.475137 5.831954e+21 6.442773e-01 1 
    0.475405 5.262158e+21 5.806747e-01 1 
    0.475672 5.713046e+21 6.297221e-01 1 
    0.475940 5.277131e+21 5.810184e-01 1 
    0.476208 5.641834e+21 6.204737e-01 1 
    0.476475 5.546272e+21 6.092806e-01 1 
    0.476743 5.379094e+21 5.902513e-01 1 
    0.477011 5.954765e+21 6.526861e-01 1 
    0.477278 5.683270e+21 6.222315e-01 1 
    0.477546 5.722639e+21 6.258387e-01 1 
    0.477814 5.780797e+21 6.314899e-01 1 
    0.478081 5.794945e+21 6.323285e-01 1 
    0.478349 5.954114e+21 6.489688e-01 1 
    0.478617 5.501725e+21 5.989894e-01 1 
    0.478884 5.594673e+21 6.084298e-01 1 
    0.479152 5.778873e+21 6.277591e-01 1 
    0.479420 5.892167e+21 6.393508e-01 1 
    0.479687 5.539657e+21 6.004314e-01 1 
    0.479955 5.330551e+21 5.771219e-01 1 
    0.480223 5.534648e+21 5.985502e-01 1 
    0.480490 5.929563e+21 6.405461e-01 1 
    0.480758 5.459776e+21 5.891396e-01 1 
    0.481026 5.608286e+21 6.044906e-01 1 
    0.481293 5.512080e+21 5.934619e-01 1 
    0.481561 5.823859e+21 6.263322e-01 1 
    0.481829 6.054460e+21 6.504082e-01 1 
    0.482096 5.911861e+21 6.343861e-01 1 
    0.482364 5.501433e+21 5.896882e-01 1 
    0.482632 4.962591e+21 5.313402e-01 1 
    0.482899 5.326625e+21 5.696865e-01 1 
    0.483167 5.610941e+21 5.994288e-01 1 
    0.483434 5.326357e+21 5.683977e-01 1 
    0.483702 5.495450e+21 5.857927e-01 1 
    0.483970 5.793883e+21 6.169205e-01 1 
    0.484237 5.588754e+21 5.944229e-01 1 
    0.484505 5.631219e+21 5.982771e-01 1 
    0.484773 5.152800e+21 5.468433e-01 1 
    0.485040 4.976275e+21 5.275283e-01 1 
    0.485308 5.281696e+21 5.592873e-01 1 
    0.485576 5.890374e+21 6.230529e-01 1 
    0.485843 5.928421e+21 6.263882e-01 1 
    0.486111 6.370932e+21 6.724013e-01 1 
    0.486379 6.346068e+21 6.690391e-01 1 
    0.486646 5.364017e+21 5.648854e-01 1 
    0.486914 4.931588e+21 5.187746e-01 1 
    0.487182 4.897059e+21 5.145758e-01 1 
    0.487449 4.949626e+21 5.195298e-01 1 
    0.487717 4.667330e+21 4.893608e-01 1 
    0.487985 4.990893e+21 5.227111e-01 1 
    0.488252 5.459800e+21 5.711959e-01 1 
    0.488520 5.612163e+21 5.864919e-01 1 
    0.488788 5.282530e+21 5.514389e-01 1 
    0.489055 5.551582e+21 5.788924e-01 1 
    0.489323 5.477581e+21 5.705504e-01 1 
    0.489591 5.599739e+21 5.826360e-01 1 
    0.489858 5.787493e+21 6.015151e-01 1 
    0.490126 6.086517e+21 6.319022e-01 1 
    0.490394 5.872246e+21 6.089903e-01 1 
    0.490661 5.767283e+21 5.974542e-01 1 
    0.490929 6.172102e+21 6.386930e-01 1 
    0.491197 5.892819e+21 6.091274e-01 1 
    0.491464 5.593253e+21 5.775339e-01 1 
    0.491732 5.462213e+21 5.633888e-01 1 
    0.491999 5.682542e+21 5.854780e-01 1 
    0.492267 5.401464e+21 5.559126e-01 1 
    0.492535 5.683304e+21 5.842828e-01 1 
    0.492802 5.587686e+21 5.738304e-01 1 
    0.493070 6.183666e+21 6.343446e-01 1 
    0.493338 5.971620e+21 6.119268e-01 1 
    0.493605 6.038279e+21 6.180883e-01 1 
    0.493873 5.859941e+21 5.991825e-01 1 
    0.494141 5.994029e+21 6.122284e-01 1 
    0.494408 5.998373e+21 6.120106e-01 1 
    0.494676 6.161689e+21 6.279927e-01 1 
    0.494944 6.099229e+21 6.209538e-01 1 
    0.495211 6.339204e+21 6.446895e-01 1 
    0.495479 6.473946e+21 6.576806e-01 1 
    0.495747 6.994400e+21 7.097848e-01 1 
    0.496014 7.211321e+21 7.310101e-01 1 
    0.496282 6.554831e+21 6.637445e-01 1 
    0.496550 6.288744e+21 6.361132e-01 1 
    0.496817 6.043933e+21 6.106934e-01 1 
    0.497085 5.863282e+21 5.918013e-01 1 
    0.497353 5.819525e+21 5.867519e-01 1 
    0.497620 6.149165e+21 6.193226e-01 1 
    0.497888 5.878967e+21 5.914720e-01 1 
    0.498156 5.902490e+21 5.931997e-01 1 
    0.498423 5.867564e+21 5.890581e-01 1 
    0.498691 6.104516e+21 6.121877e-01 1 
    0.498959 5.475491e+21 5.485167e-01 1 
    0.499226 6.191523e+21 6.195832e-01 1 
    0.499494 6.367110e+21 6.364705e-01 1 
    0.499762 6.029225e+21 6.020485e-01 1 
    0.500029 6.892817e+21 6.875476e-01 1 
    0.500297 8.683211e+21 8.652089e-01 1 
    0.500565 1.010225e+22 1.005527e+00 1 
    0.500832 1.031616e+22 1.025724e+00 1 
    0.501100 8.274350e+21 8.218291e-01 1 
    0.501367 6.793561e+21 6.740350e-01 1 
    0.501635 5.898581e+21 5.846128e-01 1 
    0.501903 5.981923e+21 5.922399e-01 1 
    0.502170 6.053363e+21 5.986756e-01 1 
    0.502438 6.016214e+21 5.943671e-01 1 
    0.502706 6.112984e+21 6.032837e-01 1 
    0.502973 5.841451e+21 5.758745e-01 1 
    0.503241 6.225199e+21 6.130524e-01 1 
    0.503509 6.214390e+21 6.113368e-01 1 
    0.503776 5.994278e+21 5.890585e-01 1 
    0.504044 6.069689e+21 5.958350e-01 1 
    0.504312 5.891185e+21 5.776975e-01 1 
    0.504579 6.404146e+21 6.273347e-01 1 
    0.504847 6.314905e+21 6.179363e-01 1 
    0.505115 6.005256e+21 5.870127e-01 1 
    0.505382 5.980853e+21 5.840098e-01 1 
    0.505650 6.202098e+21 6.049717e-01 1 
    0.505918 6.265688e+21 6.105271e-01 1 
    0.506185 6.293743e+21 6.126140e-01 1 
    0.506453 5.768054e+21 5.608510e-01 1 
    0.506721 6.002118e+21 5.829928e-01 1 
    0.506988 5.659787e+21 5.491629e-01 1 
    0.507256 6.183099e+21 5.993055e-01 1 
    0.507524 6.148960e+21 5.953673e-01 1 
    0.507791 6.080699e+21 5.881389e-01 1 
    0.508059 5.750452e+21 5.556102e-01 1 
    0.508327 6.140717e+21 5.926921e-01 1 
    0.508594 5.740806e+21 5.535118e-01 1 
    0.508862 5.839721e+21 5.624559e-01 1 
    0.509130 6.090548e+21 5.859971e-01 1 
    0.509397 6.957813e+21 6.687386e-01 1 
    0.509665 6.113222e+21 5.869445e-01 1 
    0.509932 5.859027e+21 5.619497e-01 1 
    0.510200 6.439654e+21 6.169900e-01 1 
    0.510468 6.157727e+21 5.893588e-01 1 
    0.510735 6.237223e+21 5.963434e-01 1 
    0.511003 6.024854e+21 5.754348e-01 1 
    0.511271 6.221258e+21 5.935706e-01 1 
    0.511538 6.414898e+21 6.114070e-01 1 
    0.511806 6.271037e+21 5.970698e-01 1 
    0.512074 6.350296e+21 6.039833e-01 1 
    0.512341 6.301634e+21 5.987305e-01 1 
    0.512609 6.037776e+21 5.730612e-01 1 
    0.512877 6.018037e+21 5.705910e-01 1 
    0.513144 6.122237e+21 5.798666e-01 1 
    0.513412 6.431526e+21 6.085250e-01 1 
    0.513680 6.350273e+21 6.002105e-01 1 
    0.513947 5.976061e+21 5.642541e-01 1 
    0.514215 6.214428e+21 5.861491e-01 1 
    0.514483 5.884264e+21 5.544298e-01 1 
    0.514750 5.994311e+21 5.642129e-01 1 
    0.515018 6.270911e+21 5.896336e-01 1 
    0.515286 6.359078e+21 5.973019e-01 1 
    0.515553 6.251641e+21 5.866024e-01 1 
    0.515821 6.165194e+21 5.778900e-01 1 
    0.516089 5.871828e+21 5.498200e-01 1 
    0.516356 5.830107e+21 5.453490e-01 1 
    0.516624 6.038614e+21 5.642669e-01 1 
    0.516892 4.981251e+21 4.649811e-01 1 
    0.517159 5.413801e+21 5.048363e-01 1 
    0.517427 5.763587e+21 5.368972e-01 1 
    0.517695 5.989512e+21 5.573653e-01 1 
    0.517962 5.883252e+21 5.469128e-01 1 
    0.518230 5.825809e+21 5.410129e-01 1 
    0.518498 6.136471e+21 5.692735e-01 1 
    0.518765 5.703877e+21 5.285977e-01 1 
    0.519033 6.064680e+21 5.614542e-01 1 
    0.519300 6.510328e+21 6.020918e-01 1 
    0.519568 6.348795e+21 5.865472e-01 1 
    0.519836 6.951569e+21 6.415738e-01 1 
    0.520103 6.903822e+21 6.365131e-01 1 
    0.520371 6.536604e+21 6.020360e-01 1 
    0.520639 6.586721e+21 6.060275e-01 1 
    0.520906 6.557374e+21 6.027090e-01 1 
    0.521174 7.016246e+21 6.442222e-01 1 
    0.521442 6.075038e+21 5.572286e-01 1 
    0.521709 6.568772e+21 6.018995e-01 1 
    0.521977 6.008083e+21 5.499581e-01 1 
    0.522245 6.744292e+21 6.167145e-01 1 
    0.522512 6.349465e+21 5.800174e-01 1 
    0.522780 6.416707e+21 5.855592e-01 1 
    0.523048 6.160371e+21 5.615912e-01 1 
    0.523315 6.738529e+21 6.136704e-01 1 
    0.523583 6.559336e+21 5.967402e-01 1 
    0.523851 6.650428e+21 6.044084e-01 1 
    0.524118 6.907159e+21 6.271013e-01 1 
    0.524386 6.956871e+21 6.309694e-01 1 
    0.524654 6.468387e+21 5.860659e-01 1 
    0.524921 7.233604e+21 6.547316e-01 1 
    0.525189 6.351867e+21 5.743367e-01 1 
    0.525457 6.931693e+21 6.261256e-01 1 
    0.525724 6.725755e+21 6.069066e-01 1 
    0.525992 6.929693e+21 6.246722e-01 1 
    0.526260 6.513074e+21 5.865185e-01 1 
    0.526527 6.246114e+21 5.619078e-01 1 
    0.526795 5.905786e+21 5.307510e-01 1 
    0.527063 6.531130e+21 5.863538e-01 1 
    0.527330 6.084374e+21 5.456918e-01 1 
    0.527598 6.087031e+21 5.453756e-01 1 
    0.527865 6.401754e+21 5.729935e-01 1 
    0.528133 6.644226e+21 5.940927e-01 1 
    0.528401 6.367594e+21 5.687804e-01 1 
    0.528668 6.689835e+21 5.969607e-01 1 
    0.528936 7.401468e+21 6.597936e-01 1 
    0.529204 7.161394e+21 6.377460e-01 1 
    0.529471 7.088297e+21 6.306000e-01 1 
    0.529739 6.798463e+21 6.042036e-01 1 
    0.530007 7.039128e+21 6.249599e-01 1 
    0.530274 7.465729e+21 6.621676e-01 1 
    0.530542 7.462429e+21 6.612065e-01 1 
    0.530810 7.359761e+21 6.514513e-01 1 
    0.531077 6.878470e+21 6.082377e-01 1 
    0.531345 6.826234e+21 6.030099e-01 1 
    0.531613 6.396424e+21 5.644722e-01 1 
    0.531880 6.839996e+21 6.030107e-01 1 
    0.532148 6.787688e+21 5.977966e-01 1 
    0.532416 6.767073e+21 5.953812e-01 1 
    0.532683 6.604212e+21 5.804700e-01 1 
    0.532951 6.544134e+21 5.746113e-01 1 
    0.533219 6.838018e+21 5.998124e-01 1 
    0.533486 6.771616e+21 5.933934e-01 1 
    0.533754 6.938262e+21 6.073861e-01 1 
    0.534022 7.055661e+21 6.170435e-01 1 
    0.534289 6.883093e+21 6.013504e-01 1 
    0.534557 6.908539e+21 6.029685e-01 1 
    0.534825 6.811454e+21 5.938994e-01 1 
    0.535092 7.451590e+21 6.490655e-01 1 
    0.535360 7.079559e+21 6.160427e-01 1 
    0.535628 7.324471e+21 6.367167e-01 1 
    0.535895 7.218367e+21 6.268678e-01 1 
    0.536163 7.244871e+21 6.285408e-01 1 
    0.536430 7.274901e+21 6.305179e-01 1 
    0.536698 7.265049e+21 6.290354e-01 1 
    0.536966 7.127807e+21 6.165364e-01 1 
    0.537233 6.967735e+21 6.020917e-01 1 
    0.537501 6.722467e+21 5.803188e-01 1 
    0.537769 6.935333e+21 5.980979e-01 1 
    0.538036 6.717870e+21 5.787692e-01 1 
    0.538304 6.970188e+21 5.999095e-01 1 
    0.538572 7.485631e+21 6.436315e-01 1 
    0.538839 7.182745e+21 6.169768e-01 1 
    0.539107 6.809861e+21 5.843658e-01 1 
    0.539375 7.265839e+21 6.228745e-01 1 
    0.539642 6.841974e+21 5.859579e-01 1 
    0.539910 7.463710e+21 6.385699e-01 1 
    0.540178 6.991988e+21 5.976176e-01 1 
    0.540445 6.593229e+21 5.629782e-01 1 
    0.540713 6.837466e+21 5.832544e-01 1 
    0.540981 6.841822e+21 5.830478e-01 1 
    0.541248 6.681645e+21 5.688362e-01 1 
    0.541516 6.966670e+21 5.925146e-01 1 
    0.541784 6.885883e+21 5.850645e-01 1 
    0.542051 7.218687e+21 6.127374e-01 1 
    0.542319 7.422063e+21 6.293779e-01 1 
    0.542587 6.633918e+21 5.619889e-01 1 
    0.542854 6.811809e+21 5.764914e-01 1 
    0.543122 7.051378e+21 5.961775e-01 1 
    0.543390 6.923030e+21 5.847488e-01 1 
    0.543657 7.433052e+21 6.272110e-01 1 
    0.543925 7.326613e+21 6.176205e-01 1 
    0.544193 7.563522e+21 6.369636e-01 1 
    0.544460 7.378220e+21 6.207491e-01 1 
    0.544728 7.135578e+21 5.997445e-01 1 
    0.544996 7.325911e+21 6.151364e-01 1 
    0.545263 6.999964e+21 5.871921e-01 1 
    0.545531 7.159413e+21 5.999776e-01 1 
    0.545798 7.391594e+21 6.188290e-01 1 
    0.546066 7.013871e+21 5.866295e-01 1 
    0.546334 7.157190e+21 5.980294e-01 1 
    0.546601 7.083508e+21 5.912948e-01 1 
    0.546869 7.370445e+21 6.146439e-01 1 
    0.547137 7.574611e+21 6.310512e-01 1 
    0.547404 7.157577e+21 5.957259e-01 1 
    0.547672 6.924510e+21 5.757639e-01 1 
    0.547940 7.500904e+21 6.230804e-01 1 
    0.548207 7.054602e+21 5.854366e-01 1 
    0.548475 7.220187e+21 5.985924e-01 1 
    0.548743 7.844744e+21 6.497364e-01 1 
    0.549010 7.949393e+21 6.577637e-01 1 
    0.549278 7.779398e+21 6.430697e-01 1 
    0.549546 7.858915e+21 6.490093e-01 1 
    0.549813 7.367043e+21 6.077985e-01 1 
    0.550081 7.621396e+21 6.281707e-01 1 
    0.550349 7.217450e+21 5.942974e-01 1 
    0.550616 7.474133e+21 6.148364e-01 1 
    0.550884 7.666532e+21 6.300502e-01 1 
    0.551152 7.716093e+21 6.335065e-01 1 
    0.551419 7.519531e+21 6.167707e-01 1 
    0.551687 7.596815e+21 6.225045e-01 1 
    0.551955 7.786186e+21 6.374027e-01 1 
    0.552222 7.982792e+21 6.528656e-01 1 
    0.552490 7.435252e+21 6.074959e-01 1 
    0.552758 7.391195e+21 6.033107e-01 1 
    0.553025 7.171068e+21 5.847777e-01 1 
    0.553293 7.487023e+21 6.099514e-01 1 
    0.553561 7.630130e+21 6.210083e-01 1 
    0.553828 7.959268e+21 6.471722e-01 1 
    0.554096 7.493401e+21 6.087030e-01 1 
    0.554363 7.260082e+21 5.891821e-01 1 
    0.554631 7.600448e+21 6.162080e-01 1 
    0.554899 8.284450e+21 6.710150e-01 1 
    0.555166 7.942341e+21 6.426865e-01 1 
    0.555434 7.679661e+21 6.208313e-01 1 
    0.555702 7.733099e+21 6.245484e-01 1 
    0.555969 7.848690e+21 6.332752e-01 1 
    0.556237 7.875821e+21 6.348521e-01 1 
    0.556505 7.520707e+21 6.056435e-01 1 
    0.556772 7.724046e+21 6.214218e-01 1 
    0.557040 7.815964e+21 6.282120e-01 1 
    0.557308 7.489803e+21 6.014178e-01 1 
    0.557575 7.280322e+21 5.840371e-01 1 
    0.557843 7.633098e+21 6.117490e-01 1 
    0.558111 8.093972e+21 6.480627e-01 1 
    0.558378 7.426508e+21 5.940521e-01 1 
    0.558646 7.765302e+21 6.205566e-01 1 
    0.558914 7.489212e+21 5.979193e-01 1 
    0.559181 7.238555e+21 5.773557e-01 1 
    0.559449 7.571054e+21 6.032978e-01 1 
    0.559717 7.363402e+21 5.861894e-01 1 
    0.559984 7.545186e+21 6.000883e-01 1 
    0.560252 8.266874e+21 6.568572e-01 1 
    0.560520 7.669191e+21 6.087847e-01 1 
    0.560787 7.296107e+21 5.786178e-01 1 
    0.561055 7.572159e+21 5.999366e-01 1 
    0.561323 7.867968e+21 6.227781e-01 1 
    0.561590 7.421456e+21 5.868767e-01 1 
    0.561858 7.855024e+21 6.205700e-01 1 
    0.562126 8.200760e+21 6.472667e-01 1 
    0.562393 7.911755e+21 6.238633e-01 1 
    0.562661 7.281377e+21 5.736095e-01 1 
    0.562928 7.355940e+21 5.789339e-01 1 
    0.563196 7.886381e+21 6.200905e-01 1 
    0.563464 7.914312e+21 6.216949e-01 1 
    0.563731 7.588464e+21 5.955339e-01 1 
    0.563999 7.893136e+21 6.188556e-01 1 
    0.564267 7.954225e+21 6.230531e-01 1 
    0.564534 7.978427e+21 6.243578e-01 1 
    0.564802 8.048815e+21 6.292684e-01 1 
    0.565070 7.812125e+21 6.101844e-01 1 
    0.565337 7.971076e+21 6.220117e-01 1 
    0.565605 8.324420e+21 6.489691e-01 1 
    0.565873 7.964865e+21 6.203502e-01 1 
    0.566140 7.445234e+21 5.793315e-01 1 
    0.566408 7.364213e+21 5.724849e-01 1 
    0.566676 7.685071e+21 5.968631e-01 1 
    0.566943 8.036937e+21 6.236030e-01 1 
    0.567211 7.916396e+21 6.136697e-01 1 
    0.567479 7.798095e+21 6.039283e-01 1 
    0.567746 7.863966e+21 6.084570e-01 1 
    0.568014 8.116481e+21 6.274023e-01 1 
    0.568282 8.090024e+21 6.247676e-01 1 
    0.568549 7.802298e+21 6.019815e-01 1 
    0.568817 7.738097e+21 5.964657e-01 1 
    0.569085 7.909456e+21 6.091002e-01 1 
    0.569352 8.116613e+21 6.244671e-01 1 
    0.569620 8.092833e+21 6.220518e-01 1 
    0.569888 7.830496e+21 6.013215e-01 1 
    0.570155 7.698553e+21 5.906358e-01 1 
    0.570423 8.119066e+21 6.223124e-01 1 
    0.570691 8.108055e+21 6.208849e-01 1 
    0.570958 7.537342e+21 5.766421e-01 1 
    0.571226 7.690518e+21 5.878089e-01 1 
    0.571494 7.735095e+21 5.906616e-01 1 
    0.571761 7.582295e+21 5.784530e-01 1 
    0.572029 8.443481e+21 6.435494e-01 1 
    0.572296 7.876837e+21 5.998006e-01 1 
    0.572564 7.825418e+21 5.953274e-01 1 
    0.572832 7.936344e+21 6.032015e-01 1 
    0.573099 8.669340e+21 6.582989e-01 1 
    0.573367 8.346320e+21 6.331784e-01 1 
    0.573635 8.492949e+21 6.437002e-01 1 
    0.573902 8.471707e+21 6.414929e-01 1 
    0.574170 8.279947e+21 6.263873e-01 1 
    0.574438 8.224319e+21 6.215987e-01 1 
    0.574705 8.558837e+21 6.462809e-01 1 
    0.574973 8.204193e+21 6.189241e-01 1 
    0.575241 8.624664e+21 6.500383e-01 1 
    0.575508 8.553073e+21 6.440445e-01 1 
    0.575776 8.590755e+21 6.462800e-01 1 
    0.576044 7.818966e+21 5.876713e-01 1 
    0.576311 8.209725e+21 6.164691e-01 1 
    0.576579 8.319578e+21 6.241372e-01 1 
    0.576847 7.948956e+21 5.957791e-01 1 
    0.577114 8.589699e+21 6.432076e-01 1 
    0.577382 8.498825e+21 6.358122e-01 1 
    0.577650 8.784787e+21 6.565959e-01 1 
    0.577917 8.313416e+21 6.207904e-01 1 
    0.578185 8.107067e+21 6.048206e-01 1 
    0.578453 8.484173e+21 6.323679e-01 1 
    0.578720 8.155616e+21 6.073181e-01 1 
    0.578988 7.996830e+21 5.949428e-01 1 
    0.579256 8.535614e+21 6.344394e-01 1 
    0.579523 8.286894e+21 6.153850e-01 1 
    0.579791 8.266444e+21 6.132989e-01 1 
    0.580059 8.512653e+21 6.309821e-01 1 
    0.580326 8.926964e+21 6.610834e-01 1 
    0.580594 8.777216e+21 6.493938e-01 1 
    0.580861 8.566304e+21 6.332067e-01 1 
    0.581129 8.281428e+21 6.115846e-01 1 
    0.581397 8.636395e+21 6.372111e-01 1 
    0.581664 8.490063e+21 6.258395e-01 1 
    0.581932 8.936948e+21 6.581748e-01 1 
    0.582200 8.295748e+21 6.103902e-01 1 
    0.582467 8.773303e+21 6.449364e-01 1 
    0.582735 8.775764e+21 6.445241e-01 1 
    0.583003 8.689595e+21 6.376090e-01 1 
    0.583270 8.761015e+21 6.422610e-01 1 
    0.583538 8.461678e+21 6.197473e-01 1 
    0.583806 7.882427e+21 5.767921e-01 1 
    0.584073 8.361238e+21 6.112696e-01 1 
    0.584341 8.575514e+21 6.263598e-01 1 
    0.584609 8.573784e+21 6.256594e-01 1 
    0.584876 8.082413e+21 5.892640e-01 1 
    0.585144 9.252658e+21 6.739652e-01 1 
    0.585412 8.630344e+21 6.280602e-01 1 
    0.585679 8.405393e+21 6.111322e-01 1 
    0.585947 8.048383e+21 5.846398e-01 1 
    0.586215 8.667456e+21 6.290342e-01 1 
    0.586482 7.748633e+21 5.618394e-01 1 
    0.586750 8.926458e+21 6.466502e-01 1 
    0.587018 8.469818e+21 6.130102e-01 1 
    0.587285 8.617373e+21 6.231226e-01 1 
    0.587553 8.596745e+21 6.210641e-01 1 
    0.587821 8.498519e+21 6.134081e-01 1 
    0.588088 9.177256e+21 6.617968e-01 1 
    0.588356 8.385091e+21 6.041209e-01 1 
    0.588624 8.509554e+21 6.125299e-01 1 
    0.588891 8.264340e+21 5.943397e-01 1 
    0.589159 7.811692e+21 5.612761e-01 1 
    0.589426 7.825862e+21 5.617849e-01 1 
    0.589694 7.616626e+21 5.462679e-01 1 
    0.589962 7.931026e+21 5.683001e-01 1 
    0.590229 8.497028e+21 6.083064e-01 1 
    0.590497 8.134356e+21 5.818140e-01 1 
    0.590765 8.418761e+21 6.016101e-01 1 
    0.591032 8.126436e+21 5.801959e-01 1 
    0.591300 8.287470e+21 5.911568e-01 1 
    0.591568 8.371013e+21 5.965751e-01 1 
    0.591835 8.508069e+21 6.057957e-01 1 
    0.592103 8.591944e+21 6.112141e-01 1 
    0.592371 8.771506e+21 6.234233e-01 1 
    0.592638 8.988865e+21 6.382963e-01 1 
    0.592906 8.447026e+21 5.992783e-01 1 
    0.593174 8.787560e+21 6.228744e-01 1 
    0.593441 8.499675e+21 6.019267e-01 1 
    0.593709 8.556012e+21 6.053696e-01 1 
    0.593977 9.191559e+21 6.497501e-01 1 
    0.594244 8.887298e+21 6.276775e-01 1 
    0.594512 9.001850e+21 6.351948e-01 1 
    0.594780 9.163691e+21 6.460322e-01 1 
    0.595047 8.583915e+21 6.046155e-01 1 
    0.595315 8.582282e+21 6.039564e-01 1 
    0.595583 8.439365e+21 5.933646e-01 1 
    0.595850 8.549094e+21 6.005410e-01 1 
    0.596118 8.883807e+21 6.234923e-01 1 
    0.596386 8.463505e+21 5.934605e-01 1 
    0.596653 8.823985e+21 6.181837e-01 1 
    0.596921 8.785647e+21 6.149453e-01 1 
    0.597189 8.926536e+21 6.242461e-01 1 
    0.597456 8.831454e+21 6.170450e-01 1 
    0.597724 8.942940e+21 6.242742e-01 1 
    0.597992 8.399187e+21 5.857914e-01 1 
    0.598259 8.398439e+21 5.852165e-01 1 
    0.598527 9.031028e+21 6.287329e-01 1 
    0.598794 8.810511e+21 6.128338e-01 1 
    0.599062 8.698955e+21 6.045330e-01 1 
    0.599330 8.674523e+21 6.022961e-01 1 
    0.599597 8.571723e+21 5.946284e-01 1 
    0.599865 8.771776e+21 6.079627e-01 1 
    0.600133 8.856079e+21 6.132575e-01 1 
    0.600400 9.024005e+21 6.243303e-01 1 
    0.600668 9.078693e+21 6.275535e-01 1 
    0.600936 8.646183e+21 5.971239e-01 1 
    0.601203 9.152939e+21 6.315602e-01 1 
    0.601471 8.599704e+21 5.928578e-01 1 
    0.601739 8.454787e+21 5.823483e-01 1 
    0.602006 8.680407e+21 5.973583e-01 1 
    0.602274 8.896042e+21 6.116529e-01 1 
    0.602542 8.988030e+21 6.174280e-01 1 
    0.602809 9.160726e+21 6.287339e-01 1 
    0.603077 9.026015e+21 6.189377e-01 1 
    0.603345 8.842195e+21 6.057941e-01 1 
    0.603612 9.114398e+21 6.238909e-01 1 
    0.603880 8.803128e+21 6.020495e-01 1 
    0.604148 9.018136e+21 6.162069e-01 1 
    0.604415 9.217840e+21 6.292963e-01 1 
    0.604683 9.266433e+21 6.320530e-01 1 
    0.604951 9.105135e+21 6.205010e-01 1 
    0.605218 9.287079e+21 6.323418e-01 1 
    0.605486 9.064183e+21 6.166190e-01 1 
    0.605754 9.467817e+21 6.435077e-01 1 
    0.606021 9.429923e+21 6.403675e-01 1 
    0.606289 9.105629e+21 6.177987e-01 1 
    0.606557 9.145243e+21 6.199383e-01 1 
    0.606824 8.973847e+21 6.077844e-01 1 
    0.607092 8.820384e+21 5.968634e-01 1 
    0.607359 9.430222e+21 6.375694e-01 1 
    0.607627 9.156637e+21 6.185265e-01 1 
    0.607895 9.522471e+21 6.426713e-01 1 
    0.608162 9.116421e+21 6.147269e-01 1 
    0.608430 9.146846e+21 6.162354e-01 1 
    0.608698 9.294305e+21 6.256185e-01 1 
    0.608965 9.002203e+21 6.054254e-01 1 
    0.609233 9.031555e+21 6.068651e-01 1 
    0.609501 9.595739e+21 6.442079e-01 1 
    0.609768 8.704026e+21 5.838313e-01 1 
    0.610036 8.353835e+21 5.598497e-01 1 
    0.610304 9.665704e+21 6.471985e-01 1 
    0.610571 9.232053e+21 6.176215e-01 1 
    0.610839 8.951978e+21 5.983592e-01 1 
    0.611107 9.467031e+21 6.322310e-01 1 
    0.611374 9.411382e+21 6.279656e-01 1 
    0.611642 9.025535e+21 6.016928e-01 1 
    0.611910 9.120768e+21 6.075091e-01 1 
    0.612177 9.254913e+21 6.159065e-01 1 
    0.612445 9.091133e+21 6.044777e-01 1 
    0.612713 8.160283e+21 5.421101e-01 1 
    0.612980 9.858357e+21 6.543474e-01 1 
    0.613248 9.466878e+21 6.278140e-01 1 
    0.613516 9.003063e+21 5.965336e-01 1 
    0.613783 9.208207e+21 6.095955e-01 1 
    0.614051 9.252952e+21 6.120232e-01 1 
    0.614319 9.305237e+21 6.149446e-01 1 
    0.614586 9.404145e+21 6.209412e-01 1 
    0.614854 9.853415e+21 6.500387e-01 1 
    0.615122 9.017580e+21 5.943796e-01 1 
    0.615389 9.412278e+21 6.198573e-01 1 
    0.615657 8.669657e+21 5.704541e-01 1 
    0.615924 8.776112e+21 5.769581e-01 1 
    0.616192 8.721083e+21 5.728419e-01 1 
    0.616460 8.770678e+21 5.755987e-01 1 
    0.616727 9.248218e+21 6.064131e-01 1 
    0.616995 8.207113e+21 5.376796e-01 1 
    0.617263 8.696921e+21 5.692742e-01 1 
    0.617530 8.816483e+21 5.766014e-01 1 
    0.617798 9.358458e+21 6.115159e-01 1 
    0.618066 9.044642e+21 5.904976e-01 1 
    0.618333 9.661767e+21 6.302432e-01 1 
    0.618601 9.102205e+21 5.932283e-01 1 
    0.618869 8.898559e+21 5.794537e-01 1 
    0.619136 9.152337e+21 5.954651e-01 1 
    0.619404 8.307625e+21 5.400392e-01 1 
    0.619672 9.469805e+21 6.150546e-01 1 
    0.619939 9.621746e+21 6.243849e-01 1 
    0.620207 9.341654e+21 6.056851e-01 1 
    0.620475 9.417911e+21 6.101020e-01 1 
    0.620742 9.558300e+21 6.186640e-01 1 
    0.621010 9.535147e+21 6.166328e-01 1 
    0.621278 8.721035e+21 5.634982e-01 1 
    0.621545 9.270445e+21 5.984831e-01 1 
    0.621813 8.914943e+21 5.750365e-01 1 
    0.622081 9.086745e+21 5.856133e-01 1 
    0.622348 9.012113e+21 5.803052e-01 1 
    0.622616 9.578556e+21 6.162486e-01 1 
    0.622884 9.215863e+21 5.924042e-01 1 
    0.623151 8.884791e+21 5.706333e-01 1 
    0.623419 9.436309e+21 6.055340e-01 1 
    0.623687 9.281150e+21 5.950656e-01 1 
    0.623954 9.116078e+21 5.839818e-01 1 
    0.624222 9.018444e+21 5.772313e-01 1 
    0.624490 9.234055e+21 5.905245e-01 1 
    0.624757 9.247126e+21 5.908551e-01 1 
    0.625025 9.179623e+21 5.860390e-01 1 
    0.625292 9.286853e+21 5.923785e-01 1 
    0.625560 9.598325e+21 6.117218e-01 1 
    0.625828 9.650276e+21 6.145062e-01 1 
    0.626095 9.585433e+21 6.098566e-01 1 
    0.626363 9.636793e+21 6.125998e-01 1 
    0.626631 9.818911e+21 6.236430e-01 1 
    0.626898 1.021319e+22 6.481329e-01 1 
    0.627166 9.932195e+21 6.297623e-01 1 
    0.627434 9.204825e+21 5.831441e-01 1 
    0.627701 9.480785e+21 6.001159e-01 1 
    0.627969 9.579112e+21 6.058224e-01 1 
    0.628237 9.450285e+21 5.971649e-01 1 
    0.628504 9.595668e+21 6.058367e-01 1 
    0.628772 9.746292e+21 6.148221e-01 1 
    0.629040 9.922192e+21 6.253852e-01 1 
    0.629307 9.831080e+21 6.191168e-01 1 
    0.629575 9.947372e+21 6.259071e-01 1 
    0.629843 1.040034e+22 6.538521e-01 1 
    0.630110 1.109760e+22 6.970962e-01 1 
    0.630378 1.095292e+22 6.874235e-01 1 
    0.630646 1.034002e+22 6.484056e-01 1 
    0.630913 1.017035e+22 6.372259e-01 1 
    0.631181 9.948437e+21 6.227926e-01 1 
    0.631449 9.393628e+21 5.875614e-01 1 
    0.631716 9.117315e+21 5.697963e-01 1 
    0.631984 9.614766e+21 6.003756e-01 1 
    0.632252 9.830270e+21 6.133120e-01 1 
    0.632519 9.984507e+21 6.224091e-01 1 
    0.632787 9.233267e+21 5.750912e-01 1 
    0.633055 9.920068e+21 6.173454e-01 1 
    0.633322 9.749743e+21 6.062342e-01 1 
    0.633590 9.380376e+21 5.827739e-01 1 
    0.633857 9.849994e+21 6.114344e-01 1 
    0.634125 9.569653e+21 5.935303e-01 1 
    0.634393 9.815941e+21 6.082913e-01 1 
    0.634660 1.044950e+22 6.470080e-01 1 
    0.634928 1.038957e+22 6.427544e-01 1 
    0.635196 1.076121e+22 6.651844e-01 1 
    0.635463 9.983269e+21 6.165790e-01 1 
    0.635731 9.615071e+21 5.933380e-01 1 
    0.635999 9.426697e+21 5.812234e-01 1 
    0.636266 9.341770e+21 5.755038e-01 1 
    0.636534 9.465307e+21 5.826234e-01 1 
    0.636802 9.696336e+21 5.963418e-01 1 
    0.637069 1.066136e+22 6.551432e-01 1 
    0.637337 9.486297e+21 5.824449e-01 1 
    0.637605 9.752114e+21 5.982625e-01 1 
    0.637872 1.037760e+22 6.361010e-01 1 
    0.638140 9.925748e+21 6.078939e-01 1 
    0.638408 9.911432e+21 6.065075e-01 1 
    0.638675 1.018384e+22 6.226562e-01 1 
    0.638943 9.718312e+21 5.936945e-01 1 
    0.639211 1.029824e+22 6.285953e-01 1 
    0.639478 9.454543e+21 5.766148e-01 1 
    0.639746 9.158976e+21 5.581208e-01 1 
    0.640014 9.957980e+21 6.063016e-01 1 
    0.640281 9.857388e+21 5.996765e-01 1 
    0.640549 1.019922e+22 6.199527e-01 1 
    0.640817 9.732697e+21 5.911009e-01 1 
    0.641084 9.781071e+21 5.935441e-01 1 
    0.641352 9.411826e+21 5.706600e-01 1 
    0.641620 9.379374e+21 5.682173e-01 1 
    0.641887 9.825534e+21 5.947513e-01 1 
    0.642155 1.033231e+22 6.249053e-01 1 
    0.642422 1.013683e+22 6.125730e-01 1 
    0.642690 9.742433e+21 5.882485e-01 1 
    0.642958 9.322578e+21 5.624284e-01 1 
    0.643225 1.030375e+22 6.211063e-01 1 
    0.643493 9.869748e+21 5.944493e-01 1 
    0.643761 1.014651e+22 6.106099e-01 1 
    0.644028 9.906254e+21 5.956573e-01 1 
    0.644296 9.831827e+21 5.906903e-01 1 
    0.644564 9.552724e+21 5.734447e-01 1 
    0.644831 1.005266e+22 6.029557e-01 1 
    0.645099 9.830709e+21 5.891536e-01 1 
    0.645367 1.025470e+22 6.140533e-01 1 
    0.645634 9.867669e+21 5.903890e-01 1 
    0.645902 1.031762e+22 6.167977e-01 1 
    0.646170 1.053220e+22 6.291030e-01 1 
    0.646437 9.945790e+21 5.935855e-01 1 
    0.646705 9.692218e+21 5.779726e-01 1 
    0.646973 9.549889e+21 5.690133e-01 1 
    0.647240 1.000623e+22 5.957120e-01 1 
    0.647508 9.941398e+21 5.913623e-01 1 
    0.647776 1.004241e+22 5.968768e-01 1 
    0.648043 1.086503e+22 6.452378e-01 1 
    0.648311 1.102036e+22 6.539214e-01 1 
    0.648579 1.028136e+22 6.095668e-01 1 
    0.648846 9.838719e+21 5.828432e-01 1 
    0.649114 9.729327e+21 5.758870e-01 1 
    0.649382 9.413525e+21 5.567346e-01 1 
    0.649649 9.919269e+21 5.861632e-01 1 
    0.649917 1.010543e+22 5.966715e-01 1 
    0.650185 9.665872e+21 5.702478e-01 1 
    0.650452 1.011835e+22 5.964524e-01 1 
    0.650720 1.025363e+22 6.039288e-01 1 
    0.650988 1.023433e+22 6.022956e-01 1 
    0.651255 1.061417e+22 6.241377e-01 1 
    0.651523 1.045641e+22 6.143552e-01 1 
    0.651790 1.076016e+22 6.316838e-01 1 
    0.652058 1.018522e+22 5.974402e-01 1 
    0.652326 9.902626e+21 5.803868e-01 1 
    0.652593 9.949876e+21 5.826789e-01 1 
    0.652861 9.671529e+21 5.659136e-01 1 
    0.653129 1.070818e+22 6.260575e-01 1 
    0.653396 1.037221e+22 6.059191e-01 1 
    0.653664 1.041220e+22 6.077569e-01 1 
    0.653932 1.097540e+22 6.401059e-01 1 
    0.654199 1.103124e+22 6.428372e-01 1 
    0.654467 1.194433e+22 6.954768e-01 1 
    0.654735 1.322228e+22 7.692574e-01 1 
    0.655002 1.388611e+22 8.072198e-01 1 
    0.655270 1.348625e+22 7.833339e-01 1 
    0.655538 1.397737e+22 8.111966e-01 1 
    0.655805 1.889973e+22 1.095980e+00 1 
    0.656073 2.565919e+22 1.486740e+00 1 
    0.656341 2.781995e+22 1.610622e+00 1 
    0.656608 2.326995e+22 1.346107e+00 1 
    0.656876 1.568363e+22 9.065178e-01 1 
    0.657144 1.327676e+22 7.667740e-01 1 
    0.657411 1.255510e+22 7.245070e-01 1 
    0.657679 1.312804e+22 7.569518e-01 1 
    0.657947 1.599245e+22 9.213607e-01 1 
    0.658214 1.759317e+22 1.012759e+00 1 
    0.658482 2.010402e+22 1.156356e+00 1 
    0.658750 1.819948e+22 1.045958e+00 1 
    0.659017 1.397826e+22 8.027058e-01 1 
    0.659285 1.247541e+22 7.158218e-01 1 
    0.659553 1.095360e+22 6.279915e-01 1 
    0.659820 1.103098e+22 6.319164e-01 1 
    0.660088 1.134073e+22 6.491333e-01 1 
    0.660355 1.115251e+22 6.378437e-01 1 
    0.660623 1.079929e+22 6.171409e-01 1 
    0.660891 1.124100e+22 6.418620e-01 1 
    0.661158 1.114238e+22 6.357171e-01 1 
    0.661426 1.121758e+22 6.394892e-01 1 
    0.661694 1.031481e+22 5.875480e-01 1 
    0.661961 1.068255e+22 6.080045e-01 1 
    0.662229 1.063788e+22 6.049718e-01 1 
    0.662497 1.067256e+22 6.064529e-01 1 
    0.662764 1.076913e+22 6.114478e-01 1 
    0.663032 1.046927e+22 5.939417e-01 1 
    0.663300 1.083349e+22 6.141081e-01 1 
    0.663567 1.051113e+22 5.953553e-01 1 
    0.663835 1.125944e+22 6.372253e-01 1 
    0.664103 1.083450e+22 6.126813e-01 1 
    0.664370 1.169159e+22 6.606171e-01 1 
    0.664638 1.170611e+22 6.609045e-01 1 
    0.665649 1.081556e+22 6.087724e-01 0 
    0.667183 1.049303e+22 5.879054e-01 0 
    0.668721 1.056212e+22 5.890575e-01 0 
    0.670263 1.058271e+22 5.874930e-01 0 
    0.671808 1.070158e+22 5.913628e-01 0 
    0.673357 1.067315e+22 5.870816e-01 0 
    0.674909 1.066955e+22 5.841876e-01 0 
    0.676465 1.091438e+22 5.948462e-01 0 
    0.678024 1.093567e+22 5.932688e-01 0 
    0.679587 1.095696e+22 5.916930e-01 0 
    0.681154 1.095316e+22 5.887692e-01 0 
    0.682724 1.099986e+22 5.885632e-01 0 
    0.684298 1.112327e+22 5.924319e-01 0 
    0.685875 1.096682e+22 5.814166e-01 0 
    0.687456 1.098809e+22 5.798673e-01 0 
    0.689041 1.078364e+22 5.664629e-01 0 
    0.690630 1.105643e+22 5.781232e-01 0 
    0.692222 1.112908e+22 5.792487e-01 0 
    0.693817 1.138433e+22 5.898128e-01 0 
    0.695417 1.135387e+22 5.855310e-01 0 
    0.697020 1.153429e+22 5.921025e-01 0 
    0.698627 1.098586e+22 5.613578e-01 0 
    0.700237 1.160570e+22 5.903064e-01 0 
    0.701852 1.154819e+22 5.846812e-01 0 
    0.703469 1.151763e+22 5.804567e-01 0 
    0.705091 1.202832e+22 6.034079e-01 0 
    0.706717 1.127308e+22 5.629219e-01 0 
    0.708346 1.166489e+22 5.798105e-01 0 
    0.709978 1.118716e+22 5.535114e-01 0 
    0.711615 1.128645e+22 5.558575e-01 0 
    0.713256 1.123054e+22 5.505619e-01 0 
    0.714900 1.133016e+22 5.528940e-01 0 
    0.716548 1.143075e+22 5.552396e-01 0 
    0.718200 1.119210e+22 5.411496e-01 0 
    0.719855 1.083301e+22 5.213812e-01 0 
    0.721515 1.085409e+22 5.199949e-01 0 
    0.723178 1.162600e+22 5.544167e-01 0 
    0.724845 1.162157e+22 5.516594e-01 0 
    0.726516 1.208084e+22 5.708253e-01 0 
    0.728191 1.172008e+22 5.512344e-01 0 
    0.729869 1.126603e+22 5.274454e-01 0 
    0.731552 1.192890e+22 5.559124e-01 0 
    0.733239 1.209014e+22 5.608371e-01 0 
    0.734929 1.277224e+22 5.897564e-01 0 
    0.736623 1.250556e+22 5.747897e-01 0 
    0.738321 1.273301e+22 5.825553e-01 0 
    0.740023 1.266976e+22 5.769980e-01 0 
    0.741729 1.254878e+22 5.688629e-01 0 
    0.743439 1.316522e+22 5.940651e-01 0 
    0.745153 1.283107e+22 5.763263e-01 0 
    0.746870 1.259201e+22 5.629910e-01 0 
    0.748592 1.321055e+22 5.879320e-01 0 
    0.750318 1.278660e+22 5.664488e-01 0 
    0.752047 1.320028e+22 5.820894e-01 0 
    0.753781 1.328652e+22 5.831999e-01 0 
    0.755519 1.346590e+22 5.883572e-01 0 
    0.757260 1.339874e+22 5.827342e-01 0 
    0.759006 1.348624e+22 5.838441e-01 0 
    0.760755 1.314354e+22 5.663949e-01 0 
    0.762510 1.304782e+22 5.596845e-01 0 
    0.764267 1.325456e+22 5.659417e-01 0 
    0.766029 1.306751e+22 5.553912e-01 0 
    0.767795 1.279446e+22 5.412872e-01 0 
    0.769565 1.302684e+22 5.485864e-01 0 
    0.771339 1.302149e+22 5.458416e-01 0 
    0.773117 1.304642e+22 5.443741e-01 0 
    0.774899 1.301118e+22 5.404094e-01 0 
    0.776685 1.297569e+22 5.364597e-01 0 
    0.778476 1.300023e+22 5.350039e-01 0 
    0.780271 1.320626e+22 5.409851e-01 0 
    0.782069 1.341525e+22 5.470223e-01 0 
    0.783872 1.310434e+22 5.318895e-01 0 
    0.785679 1.349694e+22 5.453075e-01 0 
    0.787490 1.371070e+22 5.513992e-01 0 
    0.789306 1.361051e+22 5.448540e-01 0 
    0.791125 1.351120e+22 5.383938e-01 0 
    0.792949 1.335079e+22 5.295573e-01 0 
    0.794777 1.310177e+22 5.172923e-01 0 
    0.796609 1.333960e+22 5.242625e-01 0 
    0.798445 1.373924e+22 5.374885e-01 0 
    0.800286 1.342076e+22 5.226163e-01 0 
    0.802131 1.395059e+22 5.407522e-01 0 
    0.803980 1.417143e+22 5.467890e-01 0 
    0.805833 1.403537e+22 5.390516e-01 0 
    0.807691 1.383677e+22 5.289817e-01 0 
    0.809553 1.412055e+22 5.373504e-01 0 
    0.811419 1.408213e+22 5.334264e-01 0 
    0.813290 1.443713e+22 5.443602e-01 0 
    0.815165 1.410241e+22 5.292960e-01 0 
    0.817044 1.303465e+22 4.869731e-01 0 
    0.818927 1.383263e+22 5.144118e-01 0 
    0.820815 1.360556e+22 5.036424e-01 0 
    0.822707 1.453885e+22 5.357179e-01 0 
    0.824604 1.463324e+22 5.367180e-01 0 
    0.826504 1.419538e+22 5.182670e-01 0 
    0.828410 1.393022e+22 5.062487e-01 0 
    0.830319 1.415039e+22 5.118879e-01 0 
    0.832233 1.454033e+22 5.235772e-01 0 
    0.834152 1.404020e+22 5.032448e-01 0 
    0.836075 1.486560e+22 5.303814e-01 0 
    0.838002 1.472290e+22 5.228774e-01 0 
    0.839934 1.434807e+22 5.072238e-01 0 
    0.841870 1.484548e+22 5.223969e-01 0 
    0.843811 1.508007e+22 5.282135e-01 0 
    0.845756 1.439497e+22 5.018999e-01 0 
    0.847706 1.377244e+22 4.779880e-01 0 
    0.849660 1.481886e+22 5.119421e-01 0 
    0.851619 1.481188e+22 5.093494e-01 0 
    0.853582 1.450149e+22 4.963850e-01 0 
    0.855550 1.280003e+22 4.361307e-01 0 
    0.857522 1.503209e+22 5.098298e-01 0 
    0.859499 1.492145e+22 5.037518e-01 0 
    0.861480 1.477805e+22 4.966187e-01 0 
    0.863466 1.521987e+22 5.091162e-01 0 
    0.865456 1.507340e+22 5.019005e-01 0 
    0.867452 1.247400e+22 4.134388e-01 0 
    0.869451 1.485274e+22 4.900190e-01 0 
    0.871455 1.515652e+22 4.977440e-01 0 
    0.873465 1.557397e+22 5.091021e-01 0 
    0.875478 1.524702e+22 4.961247e-01 0 
    0.877496 1.520513e+22 4.924887e-01 0 
    0.879519 1.584085e+22 5.107220e-01 0 
    0.881547 1.388598e+22 4.456379e-01 0 
    0.883579 1.550124e+22 4.951904e-01 0 
    0.885616 1.560128e+22 4.960960e-01 0 
    0.887657 1.432014e+22 4.532660e-01 0 
    0.889703 1.530150e+22 4.821034e-01 0 
    0.891754 1.557859e+22 4.885786e-01 0 
    0.893810 1.525194e+22 4.761360e-01 0 
    0.895870 1.524419e+22 4.737082e-01 0 
    0.897936 1.492423e+22 4.616336e-01 0 
    0.900006 1.317295e+22 4.055915e-01 0 
    0.902080 1.417334e+22 4.343888e-01 0 
    0.904160 1.626508e+22 4.962061e-01 0 
    0.906244 1.663608e+22 5.051929e-01 0 
    0.908333 1.566127e+22 4.734054e-01 0 
    0.910427 1.587128e+22 4.775491e-01 0 
    0.912526 1.608423e+22 4.817329e-01 0 
    0.914630 1.462793e+22 4.361025e-01 0 
    0.916738 1.523960e+22 4.522510e-01 0 
    0.918851 1.576693e+22 4.657506e-01 0 
    0.920970 1.631280e+22 4.796606e-01 0 
    0.923092 1.615513e+22 4.728429e-01 0 
    0.925220 1.581581e+22 4.607844e-01 0 
    0.927354 1.621332e+22 4.701943e-01 0 
    0.929491 1.554727e+22 4.488075e-01 0 
    0.931634 1.668896e+22 4.795514e-01 0 
    0.933782 1.679622e+22 4.804156e-01 0 
    0.935934 1.682651e+22 4.790712e-01 0 
    0.938091 1.685674e+22 4.777275e-01 0 
    0.940254 1.661650e+22 4.687548e-01 0 
    0.942422 1.707331e+22 4.794279e-01 0 
    0.944594 1.694695e+22 4.736935e-01 0 
    0.946771 1.729290e+22 4.811434e-01 0 
    0.948954 1.736383e+22 4.808966e-01 0 
    0.951142 1.707719e+22 4.707846e-01 0 
    0.953334 1.714703e+22 4.705385e-01 0 
    0.955532 1.663252e+22 4.543222e-01 0 
    0.957735 1.720830e+22 4.678900e-01 0 
    0.959942 1.759946e+22 4.763276e-01 0 
    0.962155 1.754984e+22 4.728022e-01 0 
    0.964373 1.742007e+22 4.671499e-01 0 
    0.966596 1.745062e+22 4.658192e-01 0 
    0.968825 1.772478e+22 4.709628e-01 0 
    0.971058 1.755296e+22 4.642548e-01 0 
    0.973297 1.746306e+22 4.597546e-01 0 
    0.975540 1.745361e+22 4.573952e-01 0 
    0.977789 1.756466e+22 4.581904e-01 0 
    0.980043 1.743440e+22 4.527029e-01 0 
    0.982303 1.770811e+22 4.576966e-01 0 
    0.984567 1.782132e+22 4.585069e-01 0 
    0.986837 1.777073e+22 4.551042e-01 0 
    0.989111 1.784306e+22 4.548578e-01 0 
    0.991391 1.775130e+22 4.504398e-01 0 
    0.993677 1.794675e+22 4.533065e-01 0 
    0.995968 1.801983e+22 4.530606e-01 0 
    0.998264 1.800978e+22 4.507274e-01 0 
    1.002871 1.803091e+22 4.471198e-01 0 
    1.007500 1.792805e+22 4.404934e-01 0 
    1.012151 1.836729e+22 4.471476e-01 0 
    1.016823 1.834667e+22 4.425507e-01 0 
    1.021516 1.853766e+22 4.430585e-01 0 
    1.028597 1.880664e+22 4.433198e-01 0 
    1.030968 1.875253e+22 4.400134e-01 0 
    1.050135 1.883449e+22 4.259514e-01 0 
    1.069658 1.874828e+22 4.086655e-01 0 
    1.089545 1.874790e+22 3.938752e-01 0 
    1.109802 1.874825e+22 3.796350e-01 0 
    1.130434 1.900899e+22 3.709925e-01 0 
    1.148802 1.949672e+22 3.684408e-01 0 
    1.170160 1.963183e+22 3.575747e-01 0 
    1.189173 1.958656e+22 3.454335e-01 0 
    1.211281 1.990434e+22 3.383409e-01 0 
    1.230964 2.022807e+22 3.329356e-01 0 
    1.250966 2.032175e+22 3.238668e-01 0 
    1.271292 2.050921e+22 3.164861e-01 0 
    1.288978 2.060399e+22 3.092835e-01 0 
    1.309922 2.089107e+22 3.036451e-01 0 
    1.331206 2.098767e+22 2.953725e-01 0 
    1.349725 2.113272e+22 2.893086e-01 0 
    1.368501 2.132814e+22 2.840267e-01 0 
    1.390738 2.127897e+22 2.743825e-01 0 
    1.410084 2.103616e+22 2.638597e-01 0 
    1.429700 2.132869e+22 2.602381e-01 0 
    1.449590 2.197596e+22 2.608278e-01 0 
    1.469756 2.187510e+22 2.525551e-01 0 
    1.490202 2.269685e+22 2.549011e-01 0 
    1.510933 2.338548e+22 2.554773e-01 0 
    1.528429 2.426303e+22 2.590306e-01 0 
    1.549692 2.471426e+22 2.566570e-01 0 
    1.571250 2.500060e+22 2.525552e-01 0 
    1.589443 2.471434e+22 2.439807e-01 0 
    1.611555 2.552392e+22 2.451058e-01 0 
    1.630216 2.599858e+22 2.439808e-01 0 
    1.649094 2.617931e+22 2.400844e-01 0 
    1.668190 2.654419e+22 2.378893e-01 0 
    1.691395 2.678895e+22 2.335404e-01 0 
    1.710981 2.685094e+22 2.287524e-01 0 
    1.730793 2.642175e+22 2.199722e-01 0 
    1.750836 2.623962e+22 2.134829e-01 0 
    1.771110 2.582071e+22 2.052928e-01 0 
    1.791617 2.546508e+22 1.978569e-01 0 
    1.808195 2.477130e+22 1.889534e-01 0 
    1.829133 2.471521e+22 1.842341e-01 0 
    1.850312 2.448854e+22 1.783896e-01 0 
    1.871738 2.398554e+22 1.707481e-01 0 
    1.889058 2.382099e+22 1.664814e-01 0 
    1.910933 2.392993e+22 1.634357e-01 0 
    1.928613 2.360344e+22 1.582638e-01 0 
    1.950946 2.322571e+22 1.521861e-01 0 
    1.968999 2.301133e+22 1.480291e-01 0 
    1.991797 2.285332e+22 1.436665e-01 0 
    2.010228 2.285364e+22 1.410461e-01 0 
    2.028827 2.254014e+22 1.365724e-01 0 
    2.052320 2.274868e+22 1.346984e-01 0 
    2.071311 2.259199e+22 1.313289e-01 0 
    2.090475 2.254008e+22 1.286358e-01 0 
    2.109819 2.254021e+22 1.262886e-01 0 
    2.129342 2.248838e+22 1.236983e-01 0 
    2.149043 2.243645e+22 1.211603e-01 0 
    2.168929 2.212876e+22 1.173175e-01 0 
    2.188998 2.217988e+22 1.154423e-01 0 
    2.209252 2.197631e+22 1.122951e-01 0 
    2.229694 2.177503e+22 1.092357e-01 0 
    2.250324 2.173191e+22 1.070297e-01 0 
    2.271147 2.154549e+22 1.041747e-01 0 
    2.292163 1.988914e+22 9.441075e-02 0 
    2.308050 1.998970e+22 9.358633e-02 0 
    2.329407 1.803289e+22 8.288405e-02 0 
    2.350959 1.739125e+22 7.847607e-02 0 
    2.372714 1.793076e+22 7.943361e-02 0 
    2.389159 1.681902e+22 7.348643e-02 0 
    2.411267 1.663663e+22 7.136268e-02 0 
    2.427980 1.668289e+22 7.057934e-02 0 
    2.450447 1.594202e+22 6.621390e-02 0 
    2.467431 1.591294e+22 6.518639e-02 0 
    2.490263 1.399691e+22 5.629089e-02 0 
    2.497752 1.269784e+22 5.076071e-02 2 
    2.507163 1.322974e+22 5.249071e-02 2 
    2.516585 1.388467e+22 5.467753e-02 2 
    2.526006 1.459534e+22 5.704821e-02 2 
    2.535418 1.465975e+22 5.687534e-02 2 
    2.544840 1.494026e+22 5.753520e-02 2 
    2.554261 1.534071e+22 5.864236e-02 2 
    2.563673 1.543445e+22 5.856826e-02 2 
    2.573095 1.560674e+22 5.878913e-02 2 
    2.582506 1.539130e+22 5.755581e-02 2 
    2.591928 1.510063e+22 5.605904e-02 2 
    2.601349 1.459119e+22 5.377619e-02 2 
    2.610761 1.467522e+22 5.369662e-02 2 
    2.620183 1.499282e+22 5.446486e-02 2 
    2.629594 1.551989e+22 5.597675e-02 2 
    2.639016 1.520720e+22 5.445801e-02 2 
    2.648437 1.491471e+22 5.303125e-02 2 
    2.657849 1.457868e+22 5.147000e-02 2 
    2.667271 1.435858e+22 5.033541e-02 2 
    2.676692 1.441881e+22 5.019139e-02 2 
    2.686104 1.407785e+22 4.866170e-02 2 
    2.695526 1.415400e+22 4.858348e-02 2 
    2.704937 1.381954e+22 4.710596e-02 2 
    2.714359 1.410120e+22 4.773291e-02 2 
    2.723781 1.393725e+22 4.685212e-02 2 
    2.733192 1.392196e+22 4.647899e-02 2 
    2.742614 1.365358e+22 4.527031e-02 2 
    2.752035 1.323094e+22 4.356917e-02 2 
    2.761447 1.276705e+22 4.175549e-02 2 
    2.770868 1.305957e+22 4.242225e-02 2 
    2.780280 1.453421e+22 4.689330e-02 2 
    2.789702 1.494625e+22 4.789753e-02 2 
    2.799123 1.512711e+22 4.815135e-02 2 
    2.808535 1.414686e+22 4.472980e-02 2 
    2.817957 1.378896e+22 4.330710e-02 2 
    2.827378 1.332680e+22 4.157715e-02 2 
    2.836790 1.326605e+22 4.111343e-02 2 
    2.846211 1.342829e+22 4.134118e-02 2 
    2.855623 1.367828e+22 4.183369e-02 2 
    2.865045 1.364406e+22 4.145503e-02 2 
    2.874466 1.388439e+22 4.190915e-02 2 
    2.883878 1.352391e+22 4.055507e-02 2 
    2.893300 1.332738e+22 3.970584e-02 2 
    2.902721 1.247853e+22 3.693596e-02 2 
    2.912133 1.254233e+22 3.688520e-02 2 
    2.921554 1.196957e+22 3.497414e-02 2 
    2.930966 1.231239e+22 3.574515e-02 2 
    2.940387 1.228846e+22 3.544746e-02 2 
    2.949809 1.235489e+22 3.541178e-02 2 
    2.959221 1.202537e+22 3.424839e-02 2 
    2.968642 1.129345e+22 3.196005e-02 2 
    2.978064 1.091983e+22 3.070748e-02 2 
    2.987475 1.078865e+22 3.014777e-02 2 
    2.996897 1.080641e+22 3.000782e-02 2 
    3.006309 1.132184e+22 3.124254e-02 2 
    3.015730 1.062148e+22 2.912705e-02 2 
    3.025152 1.062955e+22 2.896790e-02 2 
    3.034564 9.984095e+21 2.704036e-02 2 
    3.043985 1.086171e+22 2.923543e-02 2 
    3.053407 1.188040e+22 3.178032e-02 2 
    3.062819 1.316384e+22 3.499745e-02 2 
    3.072240 1.385658e+22 3.661357e-02 2 
    3.081652 1.365899e+22 3.587136e-02 2 
    3.091073 1.259842e+22 3.288472e-02 2 
    3.100495 1.185623e+22 3.075962e-02 2 
    3.109907 1.019927e+22 2.630091e-02 2 
    3.119328 1.017017e+22 2.606769e-02 2 
    3.128750 9.978611e+21 2.542288e-02 2 
    3.138162 1.065793e+22 2.699097e-02 2 
    3.147583 1.085936e+22 2.733670e-02 2 
    3.156995 1.106804e+22 2.769614e-02 2 
    3.166416 1.159417e+22 2.884032e-02 2 
    3.175838 1.178532e+22 2.914213e-02 2 
    3.185250 1.172245e+22 2.881562e-02 2 
    3.194671 1.229661e+22 3.004897e-02 2 
    3.204093 1.346087e+22 3.270087e-02 2 
    3.213504 1.393656e+22 3.365848e-02 2 
    3.222926 1.492291e+22 3.583020e-02 2 
    3.232338 1.567573e+22 3.741887e-02 2 
    3.241759 1.766799e+22 4.192973e-02 2 
    3.251181 1.823134e+22 4.301627e-02 2 
    3.260592 2.002776e+22 4.698248e-02 2 
    3.270014 2.148007e+22 5.009945e-02 2 
    3.279436 2.191521e+22 5.082107e-02 2 
    3.288847 2.097375e+22 4.835988e-02 2 
    3.298269 1.952684e+22 4.476683e-02 2 
    3.307681 1.873991e+22 4.271857e-02 2 
    3.317102 1.826394e+22 4.139743e-02 2 
    3.326523 1.756556e+22 3.958925e-02 2 
    3.335935 1.650628e+22 3.699222e-02 2 
    3.345357 1.518556e+22 3.384093e-02 2 
    3.354778 1.442244e+22 3.196005e-02 2 
    3.364190 1.425569e+22 3.141403e-02 2 
    3.373612 1.380099e+22 3.024240e-02 2 
    3.383024 1.413559e+22 3.080351e-02 2 
    3.392445 1.363327e+22 2.954411e-02 2 
    3.401866 1.409106e+22 3.036726e-02 2 
    3.411278 1.346628e+22 2.886090e-02 2 
    3.420700 1.456806e+22 3.105046e-02 2 
    3.430121 1.423938e+22 3.018343e-02 2 
    3.439533 1.362976e+22 2.873331e-02 2 
    3.448955 1.290493e+22 2.705683e-02 2 
    3.458366 1.312611e+22 2.737100e-02 2 
    3.467788 1.403454e+22 2.910647e-02 2 
    3.477209 1.508861e+22 3.112319e-02 2 
    3.486621 1.554354e+22 3.188871e-02 2 
    3.496042 1.637058e+22 3.340468e-02 2 
    3.505464 1.563291e+22 3.172819e-02 2 
    3.514876 1.510262e+22 3.048798e-02 2 
    3.524297 1.521648e+22 3.055384e-02 2 
    3.533709 1.553966e+22 3.103676e-02 2 
    3.543131 1.429467e+22 2.839856e-02 2 
    3.552552 1.286568e+22 2.542426e-02 2 
    3.561964 1.205386e+22 2.369428e-02 2 
    3.571385 1.294562e+22 2.531314e-02 2 
    3.580807 1.421378e+22 2.764676e-02 2 
    3.590219 1.501182e+22 2.904610e-02 2 
    3.599640 1.525607e+22 2.936440e-02 2 
    3.609052 1.373028e+22 2.628994e-02 2 
    3.618474 1.291976e+22 2.460934e-02 2 
    3.627895 1.232973e+22 2.336365e-02 2 
    3.637307 1.216964e+22 2.294110e-02 2 
    3.646728 1.252026e+22 2.348026e-02 2 
    3.656150 1.318359e+22 2.459700e-02 2 
    3.665562 1.460487e+22 2.710896e-02 2 
    3.674983 1.474987e+22 2.723793e-02 2 
    3.684395 1.471127e+22 2.702803e-02 2 
    3.693817 1.363901e+22 2.493036e-02 2 
    3.703238 1.302747e+22 2.369153e-02 2 
    3.712650 1.239545e+22 2.242800e-02 2 
    3.722071 1.258799e+22 2.266123e-02 2 
    3.731493 1.328676e+22 2.379854e-02 2 
    3.740904 1.310599e+22 2.335679e-02 2 
    3.750326 1.271175e+22 2.254050e-02 2 
    3.759738 1.127334e+22 1.988997e-02 2 
    3.769159 1.094464e+22 1.921362e-02 2 
    3.778581 1.094838e+22 1.912444e-02 2 
    3.787993 1.148999e+22 1.997091e-02 2 
    3.797414 1.248245e+22 2.158840e-02 2 
    3.806836 1.278601e+22 2.200408e-02 2 
    3.816247 1.277801e+22 2.188199e-02 2 
    3.825669 1.263669e+22 2.153352e-02 2 
    3.835081 1.199911e+22 2.034682e-02 2 
    3.844502 1.119795e+22 1.889534e-02 2 
    3.853924 9.538778e+21 1.601707e-02 2 
    3.863336 9.107590e+21 1.521861e-02 2 
    3.872757 9.210643e+21 1.531602e-02 2 
    3.882178 1.064583e+22 1.761672e-02 2 
    3.891590 1.139229e+22 1.876089e-02 2 
    3.901012 1.169363e+22 1.916422e-02 2 
    3.910424 1.126814e+22 1.837812e-02 2 
    3.919845 1.069197e+22 1.735468e-02 2 
    3.929267 1.034937e+22 1.671810e-02 2 
    3.938679 1.109278e+22 1.783347e-02 2 
    3.948100 1.284365e+22 2.054986e-02 2 
    3.957521 1.458417e+22 2.322372e-02 2 
    3.966933 1.483800e+22 2.351593e-02 2 
    3.976355 1.506426e+22 2.376150e-02 2 
    3.985766 1.565386e+22 2.457505e-02 2 
    3.995188 1.533109e+22 2.395495e-02 2 
    4.004610 1.455573e+22 2.263653e-02 2 
    4.014021 1.322739e+22 2.047441e-02 2 
    4.023443 1.267691e+22 1.953053e-02 2 
    4.032864 1.287591e+22 1.974455e-02 2 
    4.042276 1.359313e+22 2.074742e-02 2 
    4.051697 1.482239e+22 2.251856e-02 2 
    4.061109 1.472167e+22 2.226201e-02 2 
    4.070531 1.391963e+22 2.095183e-02 2 
    4.079952 1.239087e+22 1.856471e-02 2 
    4.089364 1.152452e+22 1.718731e-02 2 
    4.098786 1.138824e+22 1.690606e-02 2 
    4.108207 1.134967e+22 1.677162e-02 2 
    4.117619 1.105665e+22 1.626401e-02 2 
    4.127041 1.114103e+22 1.631339e-02 2 
    4.136452 1.140462e+22 1.662345e-02 2 
    4.145874 1.202393e+22 1.744660e-02 2 
    4.155295 1.220116e+22 1.762358e-02 2 
    4.164707 1.331747e+22 1.914914e-02 2 
    4.174129 1.368353e+22 1.958677e-02 2 
    4.183550 1.402168e+22 1.998052e-02 2 
    4.192962 1.336726e+22 1.896256e-02 2 
    4.202383 1.309030e+22 1.848651e-02 2 
    4.211795 1.236738e+22 1.738761e-02 2 
    4.221217 1.222282e+22 1.710773e-02 2 
    4.230638 1.225184e+22 1.707207e-02 2 
    4.240050 1.228070e+22 1.703640e-02 2 
    4.249471 1.263732e+22 1.745346e-02 2 
    4.258893 1.277024e+22 1.755909e-02 2 
    4.268305 1.338195e+22 1.831913e-02 2 
    4.277727 1.297101e+22 1.767844e-02 2 
    4.287138 1.308173e+22 1.775116e-02 2 
    4.296560 1.227309e+22 1.658091e-02 2 
    4.305981 1.257890e+22 1.691978e-02 2 
    4.315393 1.259502e+22 1.686765e-02 2 
    4.324814 1.307294e+22 1.743151e-02 2 
    4.334236 1.373655e+22 1.823682e-02 2 
    4.343648 1.396856e+22 1.846455e-02 2 
    4.353069 1.439717e+22 1.894884e-02 2 
    4.362481 1.404912e+22 1.841105e-02 2 
    4.371902 1.299223e+22 1.695271e-02 2 
    4.381324 1.219719e+22 1.584695e-02 2 
    4.390736 1.203650e+22 1.557119e-02 2 
    4.400157 1.308828e+22 1.685942e-02 2 
    4.409579 1.279035e+22 1.640532e-02 2 
    4.418990 1.220480e+22 1.558766e-02 2 
    4.428412 1.200986e+22 1.527349e-02 2 
    4.437824 1.337398e+22 1.693625e-02 2 
    4.447246 1.333074e+22 1.681002e-02 2 
    4.456667 1.304858e+22 1.638473e-02 2 
    4.466079 1.252444e+22 1.566037e-02 2 
    4.475500 1.206609e+22 1.502380e-02 2 
    4.484922 1.109567e+22 1.375753e-02 2 
    4.494333 1.068418e+22 1.319189e-02 2 
    4.503755 1.029509e+22 1.265835e-02 2 
    4.513167 9.586456e+21 1.173793e-02 2 
    4.522588 8.381562e+21 1.021992e-02 2 
    4.532010 7.960974e+21 9.666760e-03 2 
    4.541421 8.373458e+21 1.012553e-02 2 
    4.550843 1.044086e+22 1.257329e-02 2 
    4.560265 1.144872e+22 1.373009e-02 2 
    4.569676 1.207496e+22 1.442153e-02 2 
    4.579098 1.200254e+22 1.427611e-02 2 
    4.588519 1.170685e+22 1.386728e-02 2 
    4.597931 1.147454e+22 1.353651e-02 2 
    4.607352 1.132334e+22 1.330357e-02 2 
    4.616765 1.354330e+22 1.584695e-02 2 
    4.626186 1.486302e+22 1.732038e-02 2 
    4.635608 1.457373e+22 1.691429e-02 2 
    4.645019 1.191978e+22 1.377811e-02 2 
    4.654441 1.158529e+22 1.333731e-02 2 
    4.663853 1.194915e+22 1.370073e-02 2 
    4.673274 1.290618e+22 1.473844e-02 2 
    4.682793 1.197740e+22 1.362225e-02 2 
    4.729621 1.241207e+22 1.383847e-02 0 
    4.776917 1.286239e+22 1.405798e-02 0 
    4.824686 1.332708e+22 1.427885e-02 0 
    4.872933 1.380656e+22 1.450110e-02 0 
    4.921663 1.430392e+22 1.472746e-02 0 
    4.970879 1.481571e+22 1.495383e-02 0 
    5.020588 1.534645e+22 1.518432e-02 0 
    5.070794 1.589395e+22 1.541616e-02 0 
    5.121502 1.646015e+22 1.565076e-02 0 
    5.172717 1.704563e+22 1.588810e-02 0 
    5.193290 1.728386e+22 1.598277e-02 3 
    5.223447 2.189324e+22 2.001207e-02 3 
    5.253606 2.071507e+22 1.871836e-02 3 
    5.283764 2.117472e+22 1.891591e-02 3 
    5.313921 2.115616e+22 1.868543e-02 3 
    5.344079 2.227831e+22 1.945508e-02 3 
    5.374238 2.019178e+22 1.743562e-02 3 
    5.404395 1.488393e+22 1.270925e-02 3 
    5.434553 1.687352e+22 1.424867e-02 3 
    5.464711 2.018084e+22 1.685393e-02 3 
    5.494870 2.571078e+22 2.123718e-02 3 
    5.525027 2.095622e+22 1.712146e-02 3 
    5.555186 2.108887e+22 1.704325e-02 3 
    5.585344 2.404697e+22 1.922459e-02 3 
    5.615501 2.760836e+22 2.183534e-02 3 
    5.645658 3.095645e+22 2.422247e-02 3 
    5.675817 2.925016e+22 2.264477e-02 3 
    5.705976 3.119341e+22 2.389458e-02 3 
    5.736133 3.563080e+22 2.700745e-02 3 
    5.766291 3.301779e+22 2.476574e-02 3 
    5.796449 2.635562e+22 1.956346e-02 3 
    5.826607 2.328028e+22 1.710225e-02 3 
    5.856765 2.395588e+22 1.741779e-02 3 
    5.886923 2.496005e+22 1.796244e-02 3 
    5.917081 2.507199e+22 1.785954e-02 3 
    5.947239 2.553250e+22 1.800359e-02 3 
    5.977397 2.829801e+22 1.975278e-02 3 
    6.007555 3.248340e+22 2.244721e-02 3 
    6.037712 3.583831e+22 2.451880e-02 3 
    6.067871 3.830766e+22 2.594833e-02 3 
    6.098028 4.577106e+22 3.069789e-02 3 
    6.128186 5.642387e+22 3.747102e-02 3 
    6.158344 8.385095e+22 5.514124e-02 3 
    6.188502 9.569640e+22 6.231908e-02 3 
    6.218661 9.853956e+22 6.354967e-02 3 
    6.248818 8.017032e+22 5.120523e-02 3 
    6.278976 8.227760e+22 5.204756e-02 3 
    6.309135 6.568428e+22 4.115459e-02 3 
    6.339292 5.205311e+22 3.230440e-02 3 
    6.369450 5.460270e+22 3.356655e-02 3 
    6.399609 5.349218e+22 3.257466e-02 3 
    6.429766 4.140552e+22 2.497838e-02 3 
    6.459923 4.136787e+22 2.472322e-02 3 
    6.490083 4.053166e+22 2.399885e-02 3 
    6.520240 4.107992e+22 2.409899e-02 3 
    6.550397 4.058986e+22 2.359276e-02 3 
    6.580556 4.453282e+22 2.564788e-02 3 
    6.610714 5.091576e+22 2.905708e-02 3 
    6.640872 4.582113e+22 2.591266e-02 3 
    6.671030 4.516846e+22 2.531314e-02 3 
    6.701188 4.224792e+22 2.346379e-02 3 
    6.731346 5.137770e+22 2.827921e-02 3 
    6.761503 3.231360e+22 1.762769e-02 3 
    6.791662 4.460674e+22 2.411820e-02 3 
    6.821819 4.175776e+22 2.237862e-02 3 
    6.851977 4.623157e+22 2.455858e-02 3 
    6.882136 5.034433e+22 2.650944e-02 3 
    6.912293 6.769959e+22 3.533769e-02 3 
    6.942451 6.421130e+22 3.322632e-02 3 
    6.972610 7.564167e+22 3.880313e-02 3 
    7.002767 7.622997e+22 3.876884e-02 3 
    7.032926 6.371644e+22 3.212742e-02 3 
    7.063083 6.428873e+22 3.213976e-02 3 
    7.093241 6.517932e+22 3.230851e-02 3 
    7.123400 6.852048e+22 3.367768e-02 3 
    7.153557 6.360141e+22 3.099696e-02 3 
    7.183715 6.966302e+22 3.366670e-02 3 
    7.213873 6.672238e+22 3.197651e-02 3 
    7.244031 7.277468e+22 3.458725e-02 3 
    7.274189 7.847853e+22 3.698947e-02 3 
    7.304346 8.445740e+22 3.947948e-02 3 
    7.332531 8.742920e+22 4.055507e-02 3 
    7.334505 1.024764e+23 4.750929e-02 3 
    7.364663 1.052064e+23 4.837634e-02 3 
    7.392966 1.053101e+23 4.805394e-02 3 
    7.394820 1.130094e+23 5.154134e-02 3 
    7.453402 1.260588e+23 5.659271e-02 3 
    7.513838 1.552517e+23 6.858185e-02 3 
    7.574274 1.778618e+23 7.732091e-02 3 
    7.634710 1.829591e+23 7.828263e-02 3 
    7.695147 1.766685e+23 7.440836e-02 3 
    7.755583 1.768934e+23 7.334649e-02 3 
    7.816018 1.721941e+23 7.029812e-02 3 
    7.876455 1.636432e+23 6.578590e-02 3 
    7.936891 1.447179e+23 5.729514e-02 3 
    7.997327 1.325900e+23 5.170320e-02 3 
    8.057763 8.994986e+22 3.455158e-02 3 
    8.118199 1.046129e+23 3.958787e-02 3 
    8.178636 9.826162e+22 3.663689e-02 3 
    8.239072 9.398733e+22 3.453100e-02 3 
    8.299508 9.570091e+22 3.465037e-02 3 
    8.359944 1.154917e+23 4.121359e-02 3 
    8.420381 9.509213e+22 3.344857e-02 3 
    8.480816 9.299222e+22 3.224540e-02 3 
    8.541252 1.033877e+23 3.534455e-02 3 
    8.601688 9.996793e+22 3.369689e-02 3 
    8.662124 9.120767e+22 3.031650e-02 3 
    8.722560 7.873640e+22 2.580976e-02 3 
    8.782996 6.437676e+22 2.081326e-02 3 
    8.843432 5.485061e+22 1.749187e-02 3 
    8.903869 4.918346e+22 1.547241e-02 3 
    8.964305 4.092550e+22 1.270157e-02 3 
    9.024741 3.858363e+22 1.181490e-02 3 
    9.085177 3.541939e+22 1.070214e-02 3 
    9.145613 3.460804e+22 1.031924e-02 3 
    9.206049 3.193125e+22 9.396493e-03 3 
    9.266484 3.113086e+22 9.041856e-03 3 
    9.326921 3.079607e+22 8.829073e-03 3 
    9.387357 2.835729e+22 8.025545e-03 3 
    9.447793 2.856303e+22 7.980682e-03 3 
    9.508230 3.099696e+22 8.550986e-03 3 
    9.568666 2.776544e+22 7.563073e-03 3 
    9.629102 3.988332e+22 1.072793e-02 3 
    9.689538 4.270340e+22 1.134365e-02 3 
    9.749970 2.799615e+22 7.344938e-03 3 
    9.810411 2.581845e+22 6.690401e-03 3 
    9.870843 2.722445e+22 6.968624e-03 3 
    9.931285 2.738580e+22 6.924860e-03 3 
    9.991717 2.585565e+22 6.459096e-03 3 
   10.052158 2.645344e+22 6.529200e-03 3 
   10.112592 2.795437e+22 6.817438e-03 3 
   10.173023 3.058824e+22 7.371416e-03 3 
   10.233464 2.878908e+22 6.856127e-03 3 
   10.293896 2.959875e+22 6.966429e-03 3 
   10.354339 2.929626e+22 6.814969e-03 3 
   10.414771 3.152707e+22 7.249041e-03 3 
   10.475202 3.481546e+22 7.913047e-03 3 
   10.535644 4.012817e+22 9.016202e-03 3 
   10.596077 4.002780e+22 8.891356e-03 3 
   10.656518 4.086868e+22 8.975454e-03 3 
   10.716949 3.607704e+22 7.834025e-03 3 
   10.777391 4.338371e+22 9.315279e-03 3 
   10.837824 4.288304e+22 9.105375e-03 3 
   10.898256 4.675674e+22 9.818082e-03 3 
   10.958697 5.555429e+22 1.153709e-02 3 
   11.019129 6.393994e+22 1.313331e-02 3 
   11.079571 8.107929e+22 1.647254e-02 3 
   11.140003 1.071015e+23 2.152391e-02 3 
   11.200444 1.741903e+23 3.462979e-02 3 
   11.260876 1.948949e+23 3.833121e-02 3 
   11.321308 1.719487e+23 3.345818e-02 3 
   11.381751 1.415942e+23 2.725988e-02 3 
   11.442182 1.195516e+23 2.277373e-02 3 
   11.502623 1.053518e+23 1.985842e-02 3 
   11.563055 9.494398e+22 1.771001e-02 3 
   11.623498 8.978549e+22 1.657406e-02 3 
   11.683930 8.644865e+22 1.579344e-02 3 
   11.744361 8.731488e+22 1.578796e-02 3 
   11.804804 9.276162e+22 1.660150e-02 3 
   11.865236 9.810482e+22 1.737937e-02 3 
   11.925677 1.058741e+23 1.856608e-02 3 
   11.986109 1.103323e+23 1.915325e-02 3 
   12.046542 1.133795e+23 1.948525e-02 3 
   12.106983 1.133025e+23 1.927810e-02 3 
   12.167415 1.190132e+23 2.004911e-02 3 
   12.227856 1.294927e+23 2.159937e-02 3 
   12.288289 1.439580e+23 2.377659e-02 3 
   12.348730 1.395478e+23 2.282312e-02 3 
   12.409163 1.406883e+23 2.278607e-02 3 
   12.469594 1.509403e+23 2.421012e-02 3 
   12.530036 1.597394e+23 2.537487e-02 3 
   12.590468 1.667077e+23 2.622820e-02 3 
   12.650910 1.780052e+23 2.773867e-02 3 
   12.711341 1.940287e+23 2.994883e-02 3 
   12.771773 2.357535e+23 3.604560e-02 3 
   12.832215 2.646932e+23 4.008999e-02 3 
   12.892648 1.696947e+23 2.546130e-02 3 
   12.953089 1.424290e+23 2.117134e-02 3 
   13.013520 1.398671e+23 2.059788e-02 3 
   13.073962 1.393923e+23 2.033859e-02 3 
   13.134395 1.407503e+23 2.034819e-02 3 
   13.194827 1.429679e+23 2.047989e-02 3 
   13.255269 1.427246e+23 2.025902e-02 3 
   13.315700 1.457163e+23 2.049636e-02 3 
   13.376142 1.489614e+23 2.076388e-02 3 
   13.436573 1.505190e+23 2.079269e-02 3 
   13.497016 1.508741e+23 2.065550e-02 3 
   13.557447 1.552715e+23 2.106844e-02 3 
   13.617880 1.569241e+23 2.110411e-02 3 
   13.678322 1.580114e+23 2.106295e-02 3 
   13.738755 1.609059e+23 2.126051e-02 3 
   13.799194 1.538717e+23 2.015338e-02 3 
   13.859627 1.488719e+23 1.932886e-02 3 
   13.920069 1.527314e+23 1.965812e-02 3 
   13.980502 1.455666e+23 1.857431e-02 3 
   14.040931 1.439105e+23 1.820527e-02 3 
   14.101377 1.427676e+23 1.790618e-02 3 
   14.153380 1.646598e+23 2.050047e-02 3 
   14.242619 1.718646e+23 2.113018e-02 3 
   14.331870 1.720819e+23 2.089421e-02 3 
   14.421113 1.699073e+23 2.037563e-02 3 
   14.510353 1.685305e+23 1.996268e-02 3 
   14.599595 1.648998e+23 1.929456e-02 3 
   14.688847 1.721443e+23 1.989820e-02 3 
   14.778089 1.761886e+23 2.012045e-02 3 
   14.867330 1.798306e+23 2.029057e-02 3 
   14.956581 1.648795e+23 1.838224e-02 3 
   15.045823 1.748226e+23 1.926026e-02 3 
   15.135064 1.711188e+23 1.863055e-02 3 
   15.224306 1.744177e+23 1.876775e-02 3 
   15.313556 1.744177e+23 1.854962e-02 3 
   15.402798 1.766262e+23 1.856745e-02 3 
   15.492041 1.889369e+23 1.963342e-02 3 
   15.581291 1.670682e+23 1.716261e-02 3 
   15.670534 1.692441e+23 1.718867e-02 3 
   15.759773 1.813968e+23 1.821487e-02 3 
   15.849027 1.813569e+23 1.800633e-02 3 
   15.938269 1.826923e+23 1.793637e-02 3 
   16.027508 1.817199e+23 1.764278e-02 3 
   16.116752 1.831205e+23 1.758241e-02 3 
   16.206003 1.863679e+23 1.769766e-02 3 
   16.295242 1.944294e+23 1.826151e-02 3 
   16.384484 2.118045e+23 1.967732e-02 3 
   16.473727 2.325994e+23 2.137575e-02 3 
   16.562978 2.194022e+23 1.994622e-02 3 
   16.652220 2.177917e+23 1.958815e-02 3 
   16.741463 2.362283e+23 2.102043e-02 3 
   16.830714 2.441764e+23 2.149785e-02 3 
   16.919955 2.420954e+23 2.109039e-02 3 
   17.009197 2.540456e+23 2.189982e-02 3 
   17.098448 2.961198e+23 2.526100e-02 3 
   17.187689 2.372561e+23 2.002990e-02 3 
   17.276931 2.419101e+23 2.021237e-02 3 
   17.366170 2.469372e+23 2.042090e-02 3 
   17.455423 2.341795e+23 1.916834e-02 3 
   17.544666 2.331937e+23 1.889396e-02 3 
   17.633906 2.234102e+23 1.791853e-02 3 
   17.723156 2.391894e+23 1.899137e-02 3 
   17.812398 2.410283e+23 1.894610e-02 3 
   17.901641 2.418805e+23 1.882399e-02 3 
   17.990891 2.330636e+23 1.795832e-02 3 
   18.080133 2.350399e+23 1.793225e-02 3 
   18.169375 2.369846e+23 1.790344e-02 3 
   18.258616 2.411888e+23 1.804338e-02 3 
   18.347867 2.576819e+23 1.909015e-02 3 
   18.437109 2.544916e+23 1.867171e-02 3 
   18.526350 3.232688e+23 2.348987e-02 3 
   18.615603 2.888948e+23 2.079131e-02 3 
   18.704845 3.031611e+23 2.161035e-02 3 
   18.794084 2.983665e+23 2.106707e-02 3 
   18.883327 2.977545e+23 2.082561e-02 3 
   18.972580 3.024371e+23 2.095457e-02 3 
   19.061820 3.146831e+23 2.159937e-02 3 
   19.151063 3.109787e+23 2.114664e-02 3 
   19.240313 3.342679e+23 2.251992e-02 3 
   19.329555 3.409727e+23 2.276001e-02 3 
   19.418795 3.490446e+23 2.308515e-02 3 
   19.508038 3.925166e+23 2.572334e-02 3 
   19.597291 3.708072e+23 2.407978e-02 3 
   19.686530 4.622397e+23 2.974578e-02 3 
   19.775773 4.191550e+23 2.673032e-02 3 
   19.865023 4.315864e+23 2.727634e-02 3 
   20.006347 4.247808e+23 2.646828e-02 3 
   20.177159 5.338950e+23 3.270636e-02 3 
   20.348069 5.373752e+23 3.236888e-02 3 
   20.519080 5.018387e+23 2.972657e-02 3 
   20.690173 5.889407e+23 3.431151e-02 3 
   20.861356 6.112467e+23 3.502901e-02 3 
   21.032637 5.932921e+23 3.344857e-02 3 
   21.204008 6.514503e+23 3.613615e-02 3 
   21.375472 7.426333e+23 4.053586e-02 3 
   21.547036 7.071251e+23 3.798548e-02 3 
   21.718686 6.937601e+23 3.668079e-02 3 
   21.890434 7.872814e+23 4.097488e-02 3 
   22.062270 8.567207e+23 4.389705e-02 3 
   22.234202 8.457869e+23 4.266918e-02 3 
   22.406231 8.246536e+23 4.096664e-02 3 
   22.578350 8.863898e+23 4.336474e-02 3 
   22.750566 9.557108e+23 4.605095e-02 3 
   22.922880 9.890886e+23 4.694543e-02 3 
   23.095278 9.931073e+23 4.643508e-02 3 
   23.267786 1.029530e+24 4.742698e-02 3 
   23.440370 1.124864e+24 5.105843e-02 3 
   23.613061 1.193518e+24 5.338519e-02 3 
   23.785852 1.223747e+24 5.394493e-02 3 
   23.958730 1.253125e+24 5.444567e-02 3 
   24.131702 1.342335e+24 5.748858e-02 3 
   24.304773 1.429215e+24 6.034078e-02 3 
   24.477933 1.516132e+24 6.310792e-02 3 
   24.651198 1.551611e+24 6.368001e-02 3 
   24.824555 1.605816e+24 6.498743e-02 3 
   24.998016 1.692789e+24 6.755977e-02 3 
   25.171563 1.801278e+24 7.090174e-02 3 
   25.345209 1.871694e+24 7.266740e-02 3 
   25.518953 1.955977e+24 7.490910e-02 3 
   25.692794 1.993175e+24 7.530420e-02 3 
   25.866730 2.076492e+24 7.740049e-02 3 
   26.040767 2.171001e+24 7.984524e-02 3 
   26.214900 2.215632e+24 8.040772e-02 3 
   26.389128 2.339340e+24 8.377988e-02 3 
   26.563456 2.411610e+24 8.523821e-02 3 
   26.737878 2.456244e+24 8.568684e-02 3 
   26.912413 2.501563e+24 8.613957e-02 3 
   27.087031 2.593016e+24 8.814118e-02 3 
   27.261747 2.720605e+24 9.129658e-02 3 
   27.436569 2.846004e+24 9.429146e-02 3 
   27.611491 2.876412e+24 9.409528e-02 3 
   27.786500 2.970752e+24 9.596108e-02 3 
   27.961613 3.046075e+24 9.716563e-02 3 
   28.136828 3.188670e+24 1.004513e-01 3 
   28.312150 3.291894e+24 1.024228e-01 3 
   28.487566 3.438523e+24 1.056715e-01 3 
   28.663072 3.449025e+24 1.047002e-01 3 
   28.838691 3.600759e+24 1.079790e-01 3 
   29.014403 3.692514e+24 1.093934e-01 3 
   29.190216 3.815252e+24 1.116722e-01 3 
   29.366131 3.798047e+24 1.098407e-01 3 
   29.542141 4.084904e+24 1.167332e-01 3 
   29.718259 4.074046e+24 1.150471e-01 3 
   29.894475 4.273720e+24 1.192671e-01 3 
   30.070788 4.286178e+24 1.182162e-01 3 
   30.247206 4.544619e+24 1.238863e-01 3 
   30.423734 4.554033e+24 1.227065e-01 3 
   30.600359 4.561838e+24 1.215019e-01 3 
   30.777081 4.803147e+24 1.264642e-01 3 
   30.953900 5.089927e+24 1.324882e-01 3 
   31.130834 5.012448e+24 1.289926e-01 3 
   31.307859 5.087463e+24 1.294467e-01 3 
   31.484997 5.347174e+24 1.345282e-01 3 
   31.662225 6.448198e+24 1.604176e-01 3 
   31.839569 5.485910e+24 1.349618e-01 3 
   32.017012 5.431631e+24 1.321494e-01 3 
   32.194547 5.556291e+24 1.336955e-01 3 
   32.372197 5.624812e+24 1.338629e-01 3 
   32.549950 5.575086e+24 1.312343e-01 3 
   32.727809 6.007493e+24 1.398801e-01 3 
   32.905769 5.723907e+24 1.318393e-01 3 
   33.083831 5.337103e+24 1.216103e-01 3 
   33.261994 5.335585e+24 1.202768e-01 3 
   33.440263 6.137120e+24 1.368742e-01 3 
   33.618650 6.301064e+24 1.390432e-01 3 
   33.797122 6.616335e+24 1.444623e-01 3 
   33.975713 6.803916e+24 1.470003e-01 3 
