# IRAS 08572+3915
# 
# An Atlas of Galaxy Spectral Energy Distributions from the Ultraviolet to the Mid-Infrared
# Brown et al. (2014)
# http://dx.doi.org/10.5072/03/529D3551F0117
# http://dx.doi.org/10.17909/t9-5bxk-dh29
# 
# The Spectral Energy Distributions of Active Galactic Nuclei
# Brown et al. (2019)
# http://dx.doi.org/10.17909/t9-3dbt-8734
# 
# Column 1: Observed wavelength (um)
# Column 2: L_nu (W/Hz)
# Column 3: f_lam (erg/s/cm2/A)
# Column 4: Source (0 = model, 1 = Optical Spectrun, 2 = Akari, 3 = Spitzer IRS)
# 
  1.0009e-02 1.020603e+10 2.540808e-09 0 
  1.0195e-02 1.551474e+10 3.722772e-09 0 
  1.0408e-02 2.146446e+10 4.941762e-09 0 
  1.0602e-02 3.004020e+10 6.665362e-09 0 
  1.0799e-02 4.292246e+10 9.179394e-09 0 
  1.0999e-02 6.864854e+10 1.415212e-08 0 
  1.1412e-02 1.217805e+11 2.332118e-08 0 
  1.1813e-02 2.006979e+11 3.586896e-08 0 
  1.2088e-02 8.799914e+11 1.501986e-07 0 
  1.2513e-02 1.331576e+12 2.120994e-07 0 
  1.2687e-02 1.568156e+12 2.429785e-07 0 
  1.2805e-02 1.739198e+12 2.645369e-07 0 
  1.3103e-02 2.194437e+12 3.187704e-07 0 
  1.3194e-02 2.712052e+12 3.885452e-07 0 
  1.3408e-02 3.128033e+12 4.339501e-07 0 
  1.3689e-02 4.479360e+12 5.961685e-07 0 
  1.4008e-02 5.509670e+12 7.002768e-07 0 
  1.4301e-02 1.726286e+13 2.105118e-06 0 
  1.4702e-02 5.117387e+13 5.904619e-06 0 
  1.5114e-02 6.338436e+13 6.920218e-06 0 
  1.5501e-02 7.886803e+13 8.186119e-06 0 
  1.5899e-02 9.836551e+13 9.705092e-06 0 
  1.6195e-02 1.147651e+14 1.091301e-05 0 
  1.6610e-02 1.424639e+14 1.287841e-05 0 
  1.6997e-02 1.708700e+14 1.475087e-05 0 
  1.7313e-02 1.975042e+14 1.643342e-05 0 
  1.7716e-02 2.352490e+14 1.869360e-05 0 
  1.8004e-02 2.669864e+14 2.054223e-05 0 
  1.8213e-02 2.906895e+14 2.185561e-05 0 
  1.8594e-02 3.407058e+14 2.457708e-05 0 
  1.9115e-02 4.152220e+14 2.834185e-05 0 
  1.9381e-02 4.669403e+14 3.100312e-05 0 
  1.9787e-02 5.384766e+14 3.430073e-05 0 
  2.0201e-02 6.239011e+14 3.812997e-05 0 
  2.0482e-02 6.919117e+14 4.113414e-05 0 
  2.1007e-02 7.815610e+14 4.417039e-05 0 
  2.1596e-02 9.905332e+14 5.296864e-05 0 
  2.1997e-02 1.126691e+15 5.807299e-05 0 
  2.2303e-02 1.221118e+15 6.122483e-05 0 
  2.2718e-02 1.388971e+15 6.711962e-05 0 
  2.2981e-02 2.241995e+15 1.058750e-04 0 
  2.3408e-02 3.868683e+15 1.760885e-04 0 
  2.4009e-02 5.339138e+15 2.310040e-04 0 
  2.4625e-02 5.589421e+15 2.298851e-04 0 
  2.5198e-02 6.580675e+15 2.584847e-04 0 
  2.5726e-02 6.041782e+15 2.276758e-04 0 
  2.6024e-02 7.313211e+15 2.693125e-04 0 
  2.6386e-02 8.129263e+15 2.912062e-04 0 
  2.6876e-02 8.749732e+15 3.021078e-04 0 
  2.7376e-02 9.373123e+15 3.119182e-04 0 
  2.7885e-02 1.004173e+16 3.220801e-04 0 
  2.8403e-02 1.078265e+16 3.333448e-04 0 
  2.8998e-02 1.110751e+16 3.294406e-04 0 
  2.9605e-02 1.220460e+16 3.472882e-04 0 
  3.0086e-02 1.277729e+16 3.520515e-04 0 
  3.0787e-02 1.407102e+16 3.702434e-04 0 
  3.1796e-02 1.607459e+16 3.965441e-04 0 
  3.2838e-02 1.790533e+16 4.141191e-04 0 
  3.3835e-02 1.962494e+16 4.275357e-04 0 
  3.4783e-02 2.131299e+16 4.393461e-04 0 
  3.5676e-02 2.304020e+16 4.514715e-04 0 
  3.6591e-02 2.519655e+16 4.693416e-04 0 
  3.7529e-02 2.698806e+16 4.778967e-04 0 
  3.8492e-02 2.792653e+16 4.700808e-04 0 
  3.9479e-02 3.110601e+16 4.977468e-04 0 
  4.0492e-02 3.378172e+16 5.138539e-04 0 
  4.1435e-02 3.568756e+16 5.184163e-04 0 
  4.2206e-02 3.684505e+16 5.158544e-04 0 
  4.2990e-02 3.830501e+16 5.169127e-04 0 
  4.4093e-02 4.121591e+16 5.287155e-04 0 
  4.5120e-02 4.314134e+16 5.285083e-04 0 
  4.5959e-02 4.443790e+16 5.246974e-04 0 
  4.7030e-02 4.672776e+16 5.268919e-04 0 
  4.8014e-02 4.947691e+16 5.352580e-04 0 
  4.9020e-02 5.037693e+16 5.228552e-04 0 
    0.050046 5.395753e+16 5.372912e-04 0 
    0.050626 5.419572e+16 5.273685e-04 0 
    0.051212 6.351209e+16 6.039617e-04 0 
    0.052044 6.587461e+16 6.065592e-04 0 
    0.053012 6.832084e+16 6.063191e-04 0 
    0.053997 6.845155e+16 5.855183e-04 0 
    0.055001 7.659616e+16 6.314839e-04 0 
    0.056024 8.551562e+16 6.795067e-04 0 
    0.057065 9.459196e+16 7.244543e-04 0 
    0.057992 9.521360e+16 7.060887e-04 0 
    0.058935 1.080287e+17 7.756913e-04 0 
    0.060030 1.125566e+17 7.789880e-04 0 
    0.061006 1.186303e+17 7.949630e-04 0 
    0.061997 1.415912e+17 9.187376e-04 0 
    0.063004 1.527059e+17 9.594363e-04 0 
    0.064028 1.591015e+17 9.679007e-04 0 
    0.065068 1.784363e+17 1.051102e-03 0 
    0.065822 1.924801e+17 1.108001e-03 0 
    0.066431 2.043017e+17 1.154588e-03 0 
    0.067510 2.109095e+17 1.154135e-03 0 
    0.068450 2.132642e+17 1.135187e-03 0 
    0.069562 2.739903e+17 1.412172e-03 0 
    0.070529 2.707466e+17 1.357451e-03 0 
    0.071676 3.238777e+17 1.572280e-03 0 
    0.072673 3.453072e+17 1.630632e-03 0 
    0.073514 3.664825e+17 1.691257e-03 0 
    0.074537 4.225499e+17 1.896840e-03 0 
    0.075574 4.631196e+17 2.022296e-03 0 
    0.076449 4.949443e+17 2.112074e-03 0 
    0.077512 5.602304e+17 2.325548e-03 0 
    0.078410 6.140740e+17 2.491003e-03 0 
    0.079501 6.592267e+17 2.601274e-03 0 
    0.080421 7.061083e+17 2.722882e-03 0 
    0.081540 7.527966e+17 2.823792e-03 0 
    0.082484 8.482395e+17 3.109392e-03 0 
    0.083439 6.987965e+17 2.503278e-03 0 
    0.084405 9.336704e+17 3.268539e-03 0 
    0.085580 9.885121e+17 3.366153e-03 0 
    0.086571 1.093500e+18 3.638901e-03 0 
    0.087573 1.209620e+18 3.933733e-03 0 
    0.088587 1.359789e+18 4.321435e-03 0 
    0.089407 1.466681e+18 4.576032e-03 0 
    0.090442 1.479606e+18 4.511306e-03 0 
    0.091489 2.529203e+18 7.536026e-03 0 
    0.092549 2.040742e+19 5.942116e-02 0 
    0.093405 4.598637e+19 1.314575e-01 0 
    0.094487 9.192945e+19 2.568071e-01 0 
    0.095581 1.397228e+20 3.814349e-01 0 
    0.096465 1.469323e+20 3.937986e-01 0 
    0.097582 2.031989e+19 5.322043e-02 0 
    0.098485 1.083341e+20 2.785617e-01 0 
    0.099396 1.326195e+20 3.347849e-01 0 
    0.100547 2.272021e+20 5.604936e-01 0 
    0.101478 2.324099e+20 5.628690e-01 0 
    0.102417 1.054602e+20 2.507500e-01 0 
    0.103603 1.527157e+20 3.548424e-01 0 
    0.104561 3.409647e+20 7.777974e-01 0 
    0.105529 3.424278e+20 7.668701e-01 0 
    0.106505 2.519916e+20 5.540418e-01 0 
    0.107491 3.237661e+20 6.988495e-01 0 
    0.108485 2.399066e+20 5.083928e-01 0 
    0.109489 3.621292e+20 7.533885e-01 0 
    0.110502 3.537395e+20 7.225031e-01 0 
    0.111525 3.361369e+20 6.740129e-01 0 
    0.112557 3.001473e+20 5.908618e-01 0 
    0.113598 4.267412e+20 8.247450e-01 0 
    0.114385 3.854985e+20 7.348200e-01 0 
    0.115444 4.313586e+20 8.072205e-01 0 
    0.116512 4.525572e+20 8.314357e-01 0 
    0.117590 2.920542e+20 5.267676e-01 0 
    0.118405 4.532242e+20 8.062494e-01 0 
    0.119501 2.806326e+20 4.901077e-01 0 
    0.120606 1.836313e+20 3.148512e-01 0 
    0.121442 1.530370e+20 2.587946e-01 0 
    0.122566 3.300684e+20 5.479745e-01 0 
    0.123416 5.488516e+20 8.986869e-01 0 
    0.124558 6.198113e+20 9.963518e-01 0 
    0.125421 5.849489e+20 9.274145e-01 0 
    0.126582 4.930475e+20 7.674346e-01 0 
    0.127459 6.962287e+20 1.068827e+00 0 
    0.128638 7.560611e+20 1.139501e+00 0 
    0.129530 5.487553e+20 8.157075e-01 0 
    0.130428 5.473253e+20 8.024174e-01 0 
    0.131635 7.603861e+20 1.094430e+00 0 
    0.132547 7.309239e+20 1.037597e+00 0 
    0.133466 6.204720e+20 8.687151e-01 0 
    0.134391 8.138688e+20 1.123855e+00 0 
    0.135635 7.986242e+20 1.082668e+00 0 
    0.136575 6.952837e+20 9.296428e-01 0 
    0.137522 7.585999e+20 1.000380e+00 0 
    0.138475 7.777648e+20 1.011584e+00 0 
    0.139435 6.771004e+20 8.685723e-01 0 
    0.140401 7.153295e+20 9.050284e-01 0 
    0.141374 7.333636e+20 9.151172e-01 0 
    0.142354 7.836928e+20 9.645016e-01 0 
    0.143341 7.815834e+20 9.487043e-01 0 
    0.144335 8.507956e+20 1.018541e+00 0 
    0.144667 8.785364e+20 1.046929e+00 0 
    0.145335 8.504274e+20 1.004138e+00 0 
    0.146343 7.770915e+20 9.049501e-01 0 
    0.147357 7.911663e+20 9.087046e-01 0 
    0.148378 8.281458e+20 9.381325e-01 0 
    0.149407 8.628314e+20 9.640077e-01 0 
    0.150443 8.142348e+20 8.972266e-01 0 
    0.151137 7.056937e+20 7.704973e-01 0 
    0.151835 7.824973e+20 8.465167e-01 0 
    0.152535 7.539846e+20 8.082020e-01 0 
    0.153593 6.400220e+20 6.766257e-01 0 
    0.154657 7.498937e+20 7.819105e-01 0 
    0.155371 7.077460e+20 7.311962e-01 0 
    0.156448 7.255802e+20 7.393360e-01 0 
    0.157533 7.916014e+20 7.955362e-01 0 
    0.158625 8.595904e+20 8.520101e-01 0 
    0.159357 8.854641e+20 8.696112e-01 0 
    0.160461 8.850708e+20 8.573053e-01 0 
    0.161574 9.073673e+20 8.668354e-01 0 
    0.162319 8.505058e+20 8.050726e-01 0 
    0.163445 9.342383e+20 8.721895e-01 0 
    0.164578 9.644582e+20 8.880477e-01 0 
    0.165337 8.833405e+20 8.059062e-01 0 
    0.166483 9.975146e+20 8.975857e-01 0 
    0.167252 8.625644e+20 7.690336e-01 0 
    0.167637 1.013269e+21 8.992517e-01 0 
    0.168411 1.092968e+21 9.610874e-01 0 
    0.169578 1.024194e+21 8.882588e-01 0 
    0.170361 9.845432e+20 8.460399e-01 0 
    0.171542 9.269212e+20 7.855943e-01 0 
    0.172334 9.330129e+20 7.835057e-01 0 
    0.173528 1.024934e+21 8.488936e-01 0 
    0.174329 1.008230e+21 8.274023e-01 0 
    0.175538 1.112568e+21 9.004937e-01 0 
    0.176348 1.005082e+21 8.060407e-01 0 
    0.177570 1.049495e+21 8.301140e-01 0 
    0.178390 1.083520e+21 8.491655e-01 0 
    0.179627 1.198395e+21 9.263036e-01 0 
    0.180456 1.200759e+21 9.196224e-01 0 
    0.181707 1.097109e+21 8.287107e-01 0 
    0.182545 1.137841e+21 8.516049e-01 0 
    0.183388 1.091343e+21 8.093117e-01 0 
    0.184659 1.001622e+21 7.325876e-01 0 
    0.185511 1.005898e+21 7.289727e-01 0 
    0.186368 1.055405e+21 7.578317e-01 0 
    0.187660 1.191788e+21 8.440189e-01 0 
    0.188526 1.089009e+21 7.641622e-01 0 
    0.189396 1.051665e+21 7.311934e-01 0 
    0.190709 1.139335e+21 7.812782e-01 0 
    0.191589 1.095202e+21 7.441315e-01 0 
    0.192473 1.089735e+21 7.336314e-01 0 
    0.193362 1.138097e+21 7.591601e-01 0 
    0.194702 1.207633e+21 7.944942e-01 0 
    0.195601 1.131840e+21 7.378010e-01 0 
    0.196504 1.278228e+21 8.255856e-01 0 
    0.197411 1.331903e+21 8.523663e-01 0 
    0.198322 1.256903e+21 7.969966e-01 0 
    0.199697 1.230456e+21 7.695195e-01 0 
    0.200618 1.290889e+21 7.999183e-01 0 
    0.201544 1.238032e+21 7.601310e-01 0 
    0.202475 1.329071e+21 8.085408e-01 0 
    0.203409 1.251359e+21 7.542892e-01 0 
    0.204348 1.331189e+21 7.950519e-01 0 
    0.205291 1.276622e+21 7.554730e-01 0 
    0.206714 1.290687e+21 7.533166e-01 0 
    0.207191 1.408358e+21 8.182157e-01 0 
    0.207669 1.332461e+21 7.705619e-01 0 
    0.208627 1.407556e+21 8.065313e-01 0 
    0.209590 1.331386e+21 7.558914e-01 0 
    0.210558 1.349395e+21 7.590876e-01 0 
    0.211529 1.377098e+21 7.675761e-01 0 
    0.212506 1.411751e+21 7.796723e-01 0 
    0.213487 1.302032e+21 7.124843e-01 0 
    0.214472 1.359612e+21 7.371745e-01 0 
    0.215462 1.436287e+21 7.716072e-01 0 
    0.216456 1.396659e+21 7.434428e-01 0 
    0.217456 1.392827e+21 7.346000e-01 0 
    0.218459 1.373113e+21 7.175676e-01 0 
    0.219468 1.460910e+21 7.564452e-01 0 
    0.220481 1.427786e+21 7.325164e-01 0 
    0.221498 1.357282e+21 6.899647e-01 0 
    0.222521 1.314269e+21 6.619705e-01 0 
    0.223548 1.437820e+21 7.175618e-01 0 
    0.224580 1.376302e+21 6.805626e-01 0 
    0.225616 1.314403e+21 6.439990e-01 0 
    0.226658 1.370064e+21 6.651124e-01 0 
    0.227704 1.424816e+21 6.853522e-01 0 
    0.228755 1.481793e+21 7.062247e-01 0 
    0.229282 1.398886e+21 6.636496e-01 0 
    0.230341 1.405392e+21 6.606196e-01 0 
    0.231404 1.332938e+21 6.208183e-01 0 
    0.232472 9.950157e+20 4.591822e-01 0 
    0.233545 1.241192e+21 5.675373e-01 0 
    0.234623 1.215785e+21 5.508229e-01 0 
    0.235706 1.342373e+21 6.025989e-01 0 
    0.236249 1.218649e+21 5.445468e-01 0 
    0.237340 1.273207e+21 5.637072e-01 0 
    0.238435 1.180080e+21 5.176878e-01 0 
    0.239536 1.291002e+21 5.611537e-01 0 
    0.240642 1.235792e+21 5.322294e-01 0 
    0.241752 1.288128e+21 5.496866e-01 0 
    0.242310 1.383458e+21 5.876514e-01 0 
    0.243428 1.333460e+21 5.612229e-01 0 
    0.244552 1.438787e+21 5.999988e-01 0 
    0.245680 1.425657e+21 5.890766e-01 0 
    0.246247 1.422390e+21 5.850235e-01 0 
    0.247383 1.374157e+21 5.600066e-01 0 
    0.248525 1.432372e+21 5.783786e-01 0 
    0.249672 1.358540e+21 5.435370e-01 0 
    0.250248 1.531365e+21 6.098652e-01 0 
    0.251403 1.355486e+21 5.348729e-01 0 
    0.251983 1.409634e+21 5.536820e-01 0 
    0.252564 1.343112e+21 5.251289e-01 0 
    0.253729 1.377617e+21 5.336846e-01 0 
    0.254314 1.349388e+21 5.203468e-01 0 
    0.255488 1.476235e+21 5.640413e-01 0 
    0.256667 1.442692e+21 5.461726e-01 0 
    0.257259 1.549448e+21 5.838917e-01 0 
    0.258447 1.538844e+21 5.745766e-01 0 
    0.259639 1.528314e+21 5.654176e-01 0 
    0.260238 1.473063e+21 5.424707e-01 0 
    0.261439 1.462975e+21 5.338173e-01 0 
    0.262646 1.553294e+21 5.615762e-01 0 
    0.263251 1.611628e+21 5.799911e-01 0 
    0.264467 1.775341e+21 6.330458e-01 0 
    0.265687 1.829352e+21 6.463280e-01 0 
    0.266300 1.641749e+21 5.773788e-01 0 
    0.267529 1.747127e+21 6.088063e-01 0 
    0.268764 1.747197e+21 6.032485e-01 0 
    0.269383 1.676292e+21 5.761105e-01 0 
    0.270627 1.743278e+21 5.936367e-01 0 
    0.271251 1.657213e+21 5.617358e-01 0 
    0.272503 1.668756e+21 5.604627e-01 0 
    0.273760 1.775872e+21 5.909735e-01 0 
    0.274392 1.522027e+21 5.041688e-01 0 
    0.275658 1.568351e+21 5.147524e-01 0 
    0.276294 1.638498e+21 5.353029e-01 0 
    0.277569 1.739657e+21 5.631422e-01 0 
    0.278209 1.653759e+21 5.328762e-01 0 
    0.279493 1.328904e+21 4.242758e-01 0 
    0.280783 1.447146e+21 4.577910e-01 0 
    0.281430 1.768165e+21 5.567734e-01 0 
    0.282729 1.881664e+21 5.870808e-01 0 
    0.283381 1.805298e+21 5.606654e-01 0 
    0.284689 1.776507e+21 5.466660e-01 0 
    0.285345 1.720185e+21 5.269034e-01 0 
    0.286662 1.916886e+21 5.817715e-01 0 
    0.287323 1.916923e+21 5.791090e-01 0 
    0.288649 1.921430e+21 5.751498e-01 0 
    0.289315 1.903846e+21 5.672657e-01 0 
    0.291320 2.106986e+21 6.191807e-01 0 
    0.292665 2.040241e+21 5.940684e-01 0 
    0.294694 2.030984e+21 5.832575e-01 0 
    0.296736 2.097672e+21 5.941466e-01 0 
    0.298793 2.127005e+21 5.941883e-01 0 
    0.300864 2.186738e+21 6.024941e-01 0 
    0.302950 2.207122e+21 5.997647e-01 0 
    0.305050 2.227672e+21 5.970430e-01 0 
    0.307164 2.258822e+21 5.970872e-01 0 
    0.309293 2.306288e+21 6.012704e-01 0 
    0.310721 2.306383e+21 5.957811e-01 0 
    0.312875 2.306545e+21 5.876473e-01 0 
    0.315044 2.344193e+21 5.890434e-01 0 
    0.317227 2.366065e+21 5.863849e-01 0 
    0.318692 2.264870e+21 5.561570e-01 0 
    0.320901 2.377255e+21 5.757448e-01 0 
    0.323125 2.296697e+21 5.486041e-01 0 
    0.325365 2.449855e+21 5.771587e-01 0 
    0.326867 2.541887e+21 5.933496e-01 0 
    0.329132 2.553805e+21 5.879547e-01 0 
    0.330652 2.577559e+21 5.879802e-01 0 
    0.332178 2.571769e+21 5.812817e-01 0 
    0.332944 2.668359e+21 6.003416e-01 0 
    0.333711 2.625759e+21 5.880445e-01 0 
    0.334480 2.571945e+21 5.733473e-01 0 
    0.335251 2.560211e+21 5.681096e-01 0 
    0.336024 2.625943e+21 5.800177e-01 0 
    0.336799 2.625918e+21 5.773459e-01 0 
    0.337575 2.444930e+21 5.350846e-01 0 
    0.338353 2.490244e+21 5.424982e-01 0 
    0.339134 2.699147e+21 5.853025e-01 0 
    0.339915 2.768252e+21 5.975323e-01 0 
    0.340699 2.637462e+21 5.666840e-01 0 
    0.341484 2.704987e+21 5.785234e-01 0 
    0.342271 2.825815e+21 6.015892e-01 0 
    0.343060 2.786930e+21 5.905850e-01 0 
    0.343851 2.825581e+21 5.960239e-01 0 
    0.344644 2.547332e+21 5.348605e-01 0 
    0.345438 2.761007e+21 5.770636e-01 0 
    0.346235 2.594465e+21 5.397619e-01 0 
    0.347033 2.729143e+21 5.651728e-01 0 
    0.347833 2.570428e+21 5.298591e-01 0 
    0.348635 2.697658e+21 5.535303e-01 0 
    0.349439 2.691303e+21 5.496880e-01 0 
    0.350244 2.805072e+21 5.702943e-01 0 
    0.351051 2.753738e+21 5.572866e-01 0 
    0.351861 2.740973e+21 5.521523e-01 0 
    0.352672 2.734539e+21 5.483257e-01 0 
    0.353485 2.876495e+21 5.741404e-01 0 
    0.354300 3.004984e+21 5.970302e-01 0 
    0.354480 3.080801e+21 6.114721e-01 1 
    0.354740 1.208395e+21 2.394886e-01 1 
    0.355000 3.775660e+21 7.471927e-01 1 
    0.355260 2.750989e+21 5.436166e-01 1 
    0.355519 3.061562e+21 6.041071e-01 1 
    0.355779 2.451553e+21 4.830334e-01 1 
    0.356039 3.921895e+21 7.716091e-01 1 
    0.356299 2.313236e+21 4.544511e-01 1 
    0.356559 1.752688e+21 3.438255e-01 1 
    0.356819 2.896524e+21 5.673847e-01 1 
    0.357078 8.742060e+20 1.709953e-01 1 
    0.357338 2.495237e+21 4.873600e-01 1 
    0.357598 3.617143e+20 7.054593e-02 1 
    0.357858 1.529752e+21 2.979176e-01 1 
    0.358118 1.994464e+21 3.878559e-01 1 
    0.358378 4.684266e+21 9.096102e-01 1 
    0.358637 3.207442e+21 6.219351e-01 1 
    0.358897 2.740940e+21 5.307088e-01 1 
    0.359157 2.683282e+21 5.187930e-01 1 
    0.359417 3.760318e+21 7.259785e-01 1 
    0.359677 2.543518e+21 4.903498e-01 1 
    0.359937 4.052314e+21 7.800933e-01 1 
    0.360197 3.160558e+21 6.075471e-01 1 
    0.360456 3.796592e+21 7.287622e-01 1 
    0.360716 4.108715e+21 7.875383e-01 1 
    0.360976 9.526682e+20 1.823398e-01 1 
    0.361236 1.515459e+21 2.896399e-01 1 
    0.361496 2.447795e+21 4.671588e-01 1 
    0.361756 1.594317e+21 3.038362e-01 1 
    0.362015 2.932055e+21 5.579759e-01 1 
    0.362275 4.917385e+21 9.344454e-01 1 
    0.362535 1.537963e+21 2.918383e-01 1 
    0.362795 3.537988e+21 6.703942e-01 1 
    0.363055 3.124452e+21 5.911878e-01 1 
    0.363315 3.086222e+21 5.831187e-01 1 
    0.363574 2.301646e+21 4.342595e-01 1 
    0.363834 3.537023e+21 6.663889e-01 1 
    0.364094 1.752386e+21 3.296850e-01 1 
    0.364354 2.107554e+21 3.959388e-01 1 
    0.364614 3.464876e+21 6.500063e-01 1 
    0.364874 1.108397e+21 2.076376e-01 1 
    0.365133 2.343440e+21 4.383774e-01 1 
    0.365393 3.411899e+21 6.373415e-01 1 
    0.365653 1.866914e+21 3.482431e-01 1 
    0.365913 2.920209e+21 5.439447e-01 1 
    0.366173 2.801737e+21 5.211361e-01 1 
    0.366433 2.900348e+21 5.387129e-01 1 
    0.366692 2.229613e+21 4.135452e-01 1 
    0.366952 3.235274e+21 5.992237e-01 1 
    0.367212 2.972536e+21 5.497811e-01 1 
    0.367472 3.552404e+21 6.561003e-01 1 
    0.367732 4.224079e+21 7.790506e-01 1 
    0.367992 3.817243e+21 7.030231e-01 1 
    0.368252 3.401492e+21 6.255696e-01 1 
    0.368511 4.847250e+21 8.902069e-01 1 
    0.368771 3.377305e+21 6.193743e-01 1 
    0.369031 3.146501e+21 5.762337e-01 1 
    0.369291 1.611867e+21 2.947734e-01 1 
    0.369551 2.312688e+21 4.223425e-01 1 
    0.369811 3.270346e+21 5.963901e-01 1 
    0.370070 2.557809e+21 4.657971e-01 1 
    0.370330 4.364692e+21 7.937291e-01 1 
    0.370590 4.881023e+21 8.863799e-01 1 
    0.370850 3.086611e+21 5.597342e-01 1 
    0.371110 3.808803e+21 6.897307e-01 1 
    0.371370 5.044283e+21 9.121836e-01 1 
    0.371629 4.670779e+21 8.434640e-01 1 
    0.371889 3.892747e+21 7.019819e-01 1 
    0.372149 5.106425e+21 9.195592e-01 1 
    0.372409 7.581372e+21 1.363339e+00 1 
    0.372669 9.893946e+21 1.776722e+00 1 
    0.372929 1.022310e+22 1.833271e+00 1 
    0.373188 7.408832e+21 1.326755e+00 1 
    0.373448 6.150732e+21 1.099925e+00 1 
    0.373708 4.429099e+21 7.909463e-01 1 
    0.373968 4.954026e+21 8.834579e-01 1 
    0.374228 3.780738e+21 6.732874e-01 1 
    0.374488 3.714256e+21 6.605299e-01 1 
    0.374747 3.010985e+21 5.347227e-01 1 
    0.375007 3.556388e+21 6.307057e-01 1 
    0.375267 3.931577e+21 6.962778e-01 1 
    0.375527 4.653239e+21 8.229425e-01 1 
    0.375787 5.078347e+21 8.968820e-01 1 
    0.376047 4.997028e+21 8.813003e-01 1 
    0.376307 3.744855e+21 6.595487e-01 1 
    0.376566 3.064171e+21 5.389237e-01 1 
    0.376826 3.627722e+21 6.371602e-01 1 
    0.377086 5.127006e+21 8.992479e-01 1 
    0.377346 2.393492e+21 4.192267e-01 1 
    0.377606 4.700523e+21 8.221760e-01 1 
    0.377866 4.489564e+21 7.841968e-01 1 
    0.378125 4.817150e+21 8.402641e-01 1 
    0.378385 4.549840e+21 7.925465e-01 1 
    0.378645 5.431401e+21 9.448087e-01 1 
    0.378905 5.581006e+21 9.695010e-01 1 
    0.379165 5.759474e+21 9.991319e-01 1 
    0.379425 5.245802e+21 9.087753e-01 1 
    0.379684 3.349690e+21 5.795041e-01 1 
    0.379944 4.577747e+21 7.908773e-01 1 
    0.380204 3.188407e+21 5.500939e-01 1 
    0.380464 3.655953e+21 6.298976e-01 1 
    0.380724 5.087334e+21 8.753187e-01 1 
    0.380984 6.167868e+21 1.059786e+00 1 
    0.381243 4.770446e+21 8.185623e-01 1 
    0.381503 4.377519e+21 7.501162e-01 1 
    0.381763 5.374483e+21 9.196985e-01 1 
    0.382023 4.146861e+21 7.086583e-01 1 
    0.382283 3.693845e+21 6.303839e-01 1 
    0.382543 5.541344e+21 9.443893e-01 1 
    0.382802 5.338395e+21 9.085708e-01 1 
    0.383062 4.392089e+21 7.464992e-01 1 
    0.383322 3.589295e+21 6.092256e-01 1 
    0.383582 4.575135e+21 7.755038e-01 1 
    0.383842 3.096726e+21 5.241967e-01 1 
    0.384102 4.180591e+21 7.067097e-01 1 
    0.384361 6.170597e+21 1.041706e+00 1 
    0.384621 7.014437e+21 1.182560e+00 1 
    0.384881 5.855951e+21 9.859182e-01 1 
    0.385141 5.359553e+21 9.011260e-01 1 
    0.385401 7.353181e+21 1.234656e+00 1 
    0.385661 6.041890e+21 1.013113e+00 1 
    0.385921 4.922689e+21 8.243317e-01 1 
    0.386180 4.897292e+21 8.189793e-01 1 
    0.386440 5.539882e+21 9.251940e-01 1 
    0.386700 5.846784e+21 9.751359e-01 1 
    0.386960 5.352245e+21 8.914567e-01 1 
    0.387220 5.683528e+21 9.453637e-01 1 
    0.387480 7.249726e+21 1.204258e+00 1 
    0.387739 5.960441e+21 9.887714e-01 1 
    0.387999 5.050599e+21 8.367161e-01 1 
    0.388259 4.970757e+21 8.223864e-01 1 
    0.388519 3.667279e+21 6.059209e-01 1 
    0.388779 2.796275e+21 4.613926e-01 1 
    0.389039 5.515434e+21 9.088451e-01 1 
    0.389298 4.633474e+21 7.624982e-01 1 
    0.389558 3.859994e+21 6.343643e-01 1 
    0.389818 5.459576e+21 8.960488e-01 1 
    0.390078 6.156899e+21 1.009150e+00 1 
    0.390338 5.681516e+21 9.299917e-01 1 
    0.390598 5.564408e+21 9.096103e-01 1 
    0.390857 5.559031e+21 9.075274e-01 1 
    0.391117 4.901714e+21 7.991550e-01 1 
    0.391377 6.129198e+21 9.979516e-01 1 
    0.391637 5.979917e+21 9.723534e-01 1 
    0.391897 6.204169e+21 1.007479e+00 1 
    0.392157 7.448102e+21 1.207875e+00 1 
    0.392417 5.529596e+21 8.955590e-01 1 
    0.392676 5.203631e+21 8.416552e-01 1 
    0.392936 5.818987e+21 9.399401e-01 1 
    0.393196 3.833505e+21 6.184069e-01 1 
    0.393456 4.509746e+21 7.265344e-01 1 
    0.393716 4.877566e+21 7.847539e-01 1 
    0.393976 6.071025e+21 9.754813e-01 1 
    0.394235 5.274508e+21 8.463852e-01 1 
    0.394495 5.005845e+21 8.022151e-01 1 
    0.394755 5.982941e+21 9.575378e-01 1 
    0.395015 6.254981e+21 9.997589e-01 1 
    0.395275 4.144841e+21 6.616155e-01 1 
    0.395535 5.838604e+21 9.307556e-01 1 
    0.395794 5.758897e+21 9.168480e-01 1 
    0.396054 4.257627e+21 6.769478e-01 1 
    0.396314 3.957845e+21 6.284582e-01 1 
    0.396574 3.934701e+21 6.239642e-01 1 
    0.396834 3.947589e+21 6.251879e-01 1 
    0.397094 4.090544e+21 6.469800e-01 1 
    0.397353 4.334705e+21 6.847042e-01 1 
    0.397613 4.218237e+21 6.654360e-01 1 
    0.397873 4.375985e+21 6.894192e-01 1 
    0.398133 4.508846e+21 7.094234e-01 1 
    0.398393 5.933916e+21 9.324262e-01 1 
    0.398653 8.513349e+21 1.336001e+00 1 
    0.398912 6.023081e+21 9.439759e-01 1 
    0.399172 6.735745e+21 1.054295e+00 1 
    0.399432 6.257713e+21 9.781971e-01 1 
    0.399692 8.695921e+21 1.357567e+00 1 
    0.399952 7.032437e+21 1.096444e+00 1 
    0.400212 5.952038e+21 9.267912e-01 1 
    0.400472 6.395883e+21 9.946097e-01 1 
    0.400731 5.779845e+21 8.976495e-01 1 
    0.400991 7.529601e+21 1.167883e+00 1 
    0.401251 6.941691e+21 1.075300e+00 1 
    0.401511 7.506865e+21 1.161342e+00 1 
    0.401771 6.392879e+21 9.877243e-01 1 
    0.402031 6.151866e+21 9.492579e-01 1 
    0.402290 7.746831e+21 1.193829e+00 1 
    0.402550 6.466521e+21 9.952391e-01 1 
    0.402810 6.826943e+21 1.049354e+00 1 
    0.403070 6.765973e+21 1.038642e+00 1 
    0.403330 6.911718e+21 1.059647e+00 1 
    0.403590 6.188314e+21 9.475192e-01 1 
    0.403849 6.116227e+21 9.352808e-01 1 
    0.404109 5.358473e+21 8.183526e-01 1 
    0.404369 5.901219e+21 9.000829e-01 1 
    0.404629 5.234818e+21 7.974143e-01 1 
    0.404889 4.742262e+21 7.214564e-01 1 
    0.405149 5.948257e+21 9.037673e-01 1 
    0.405408 7.521756e+21 1.141382e+00 1 
    0.405668 7.892619e+21 1.196124e+00 1 
    0.405928 6.887088e+21 1.042399e+00 1 
    0.406188 6.781328e+21 1.025078e+00 1 
    0.406448 7.195002e+21 1.086219e+00 1 
    0.406708 6.561565e+21 9.893238e-01 1 
    0.406967 7.566324e+21 1.139365e+00 1 
    0.407227 7.066297e+21 1.062711e+00 1 
    0.407487 5.401193e+21 8.112573e-01 1 
    0.407747 5.712731e+21 8.569563e-01 1 
    0.408007 6.936911e+21 1.039267e+00 1 
    0.408267 7.103343e+21 1.062847e+00 1 
    0.408526 6.387185e+21 9.544794e-01 1 
    0.408786 6.159019e+21 9.192125e-01 1 
    0.409046 6.453844e+21 9.619901e-01 1 
    0.409306 5.035536e+21 7.496282e-01 1 
    0.409566 5.299244e+21 7.878846e-01 1 
    0.409826 4.031123e+21 5.985818e-01 1 
    0.410086 4.398093e+21 6.522453e-01 1 
    0.410345 5.379548e+21 7.967900e-01 1 
    0.410605 5.971315e+21 8.833199e-01 1 
    0.410865 6.504305e+21 9.609461e-01 1 
    0.411125 7.032971e+21 1.037737e+00 1 
    0.411385 7.050832e+21 1.039058e+00 1 
    0.411645 7.188290e+21 1.057977e+00 1 
    0.411904 6.349393e+21 9.333330e-01 1 
    0.412164 5.649554e+21 8.294123e-01 1 
    0.412424 7.359755e+21 1.079125e+00 1 
    0.412684 7.134861e+21 1.044833e+00 1 
    0.412944 7.515285e+21 1.099157e+00 1 
    0.413204 8.026650e+21 1.172470e+00 1 
    0.413463 6.232103e+21 9.091965e-01 1 
    0.413723 8.494165e+21 1.237650e+00 1 
    0.413983 7.728585e+21 1.124686e+00 1 
    0.414243 7.667459e+21 1.114391e+00 1 
    0.414503 6.827959e+21 9.911332e-01 1 
    0.414763 7.048589e+21 1.021877e+00 1 
    0.415022 7.819803e+21 1.132270e+00 1 
    0.415282 7.727147e+21 1.117454e+00 1 
    0.415542 8.024331e+21 1.158979e+00 1 
    0.415802 7.364116e+21 1.062292e+00 1 
    0.416062 6.806032e+21 9.805603e-01 1 
    0.416322 6.646795e+21 9.564229e-01 1 
    0.416581 7.149750e+21 1.027515e+00 1 
    0.416841 5.423764e+21 7.784960e-01 1 
    0.417101 6.040444e+21 8.659302e-01 1 
    0.417361 7.850364e+21 1.123990e+00 1 
    0.417621 7.202009e+21 1.029877e+00 1 
    0.417881 7.258703e+21 1.036693e+00 1 
    0.418141 7.530082e+21 1.074115e+00 1 
    0.418400 6.681112e+21 9.518354e-01 1 
    0.418660 7.209059e+21 1.025775e+00 1 
    0.418920 8.152383e+21 1.158561e+00 1 
    0.419180 6.889804e+21 9.779176e-01 1 
    0.419440 7.532786e+21 1.067855e+00 1 
    0.419700 7.251775e+21 1.026746e+00 1 
    0.419959 6.802811e+21 9.619911e-01 1 
    0.420219 7.246106e+21 1.023410e+00 1 
    0.420479 7.577068e+21 1.068831e+00 1 
    0.420739 8.226785e+21 1.159047e+00 1 
    0.420999 7.364958e+21 1.036345e+00 1 
    0.421259 7.108767e+21 9.990619e-01 1 
    0.421518 7.473342e+21 1.049009e+00 1 
    0.421778 7.923146e+21 1.110776e+00 1 
    0.422038 7.790338e+21 1.090811e+00 1 
    0.422298 7.120014e+21 9.957247e-01 1 
    0.422558 6.247828e+21 8.726756e-01 1 
    0.422818 7.114115e+21 9.924539e-01 1 
    0.423077 7.767353e+21 1.082258e+00 1 
    0.423337 7.365534e+21 1.025010e+00 1 
    0.423597 5.974329e+21 8.303856e-01 1 
    0.423857 6.605982e+21 9.170546e-01 1 
    0.424117 6.728968e+21 9.329826e-01 1 
    0.424377 7.467545e+21 1.034119e+00 1 
    0.424636 8.266757e+21 1.143400e+00 1 
    0.424896 8.690268e+21 1.200506e+00 1 
    0.425156 8.022836e+21 1.106949e+00 1 
    0.425416 8.634311e+21 1.189862e+00 1 
    0.425676 7.139364e+21 9.826474e-01 1 
    0.425936 7.001346e+21 9.624747e-01 1 
    0.426196 7.166939e+21 9.840370e-01 1 
    0.426455 8.348379e+21 1.144860e+00 1 
    0.426715 6.730925e+21 9.219246e-01 1 
    0.426975 8.396195e+21 1.148614e+00 1 
    0.427235 8.234349e+21 1.125102e+00 1 
    0.427495 7.430890e+21 1.014087e+00 1 
    0.427755 6.859694e+21 9.349987e-01 1 
    0.428014 7.136273e+21 9.715205e-01 1 
    0.428274 6.374533e+21 8.667650e-01 1 
    0.428534 7.604331e+21 1.032730e+00 1 
    0.428794 7.732012e+21 1.048797e+00 1 
    0.429054 5.675373e+21 7.688949e-01 1 
    0.429314 7.006428e+21 9.480757e-01 1 
    0.429573 6.746771e+21 9.118396e-01 1 
    0.429833 6.852840e+21 9.250549e-01 1 
    0.430093 5.972210e+21 8.052055e-01 1 
    0.430353 7.338953e+21 9.882821e-01 1 
    0.430613 6.590694e+21 8.864481e-01 1 
    0.430873 6.851847e+21 9.204613e-01 1 
    0.431132 7.133316e+21 9.571222e-01 1 
    0.431392 8.245384e+21 1.105002e+00 1 
    0.431652 8.360811e+21 1.119122e+00 1 
    0.431912 6.800137e+21 9.091248e-01 1 
    0.432172 6.073314e+21 8.109777e-01 1 
    0.432432 6.794084e+21 9.061326e-01 1 
    0.432691 7.489421e+21 9.976747e-01 1 
    0.432951 6.549027e+21 8.713563e-01 1 
    0.433211 5.248862e+21 6.975297e-01 1 
    0.433471 6.177486e+21 8.199514e-01 1 
    0.433731 7.083667e+21 9.391039e-01 1 
    0.433991 7.017038e+21 9.291563e-01 1 
    0.434250 6.401683e+21 8.466638e-01 1 
    0.434510 6.104465e+21 8.063889e-01 1 
    0.434770 5.698975e+21 7.519242e-01 1 
    0.435030 6.156024e+21 8.112568e-01 1 
    0.435290 6.644803e+21 8.746237e-01 1 
    0.435550 6.806174e+21 8.947948e-01 1 
    0.435810 6.670214e+21 8.758744e-01 1 
    0.436069 7.461497e+21 9.786154e-01 1 
    0.436329 7.662607e+21 1.003795e+00 1 
    0.436589 6.824874e+21 8.929877e-01 1 
    0.436849 7.199719e+21 9.409125e-01 1 
    0.437109 7.329783e+21 9.567713e-01 1 
    0.437369 7.673014e+21 1.000383e+00 1 
    0.437628 8.047492e+21 1.047965e+00 1 
    0.437888 7.918542e+21 1.029949e+00 1 
    0.438148 7.648454e+21 9.936385e-01 1 
    0.438408 8.282031e+21 1.074673e+00 1 
    0.438668 8.766285e+21 1.136162e+00 1 
    0.438928 7.545661e+21 9.768035e-01 1 
    0.439187 8.050598e+21 1.040940e+00 1 
    0.439447 7.645944e+21 9.874486e-01 1 
    0.439707 6.833194e+21 8.814415e-01 1 
    0.439967 7.172214e+21 9.240799e-01 1 
    0.440227 8.144420e+21 1.048101e+00 1 
    0.440487 8.112368e+21 1.042744e+00 1 
    0.440746 7.433330e+21 9.543399e-01 1 
    0.441006 7.032564e+21 9.018226e-01 1 
    0.441266 7.221695e+21 9.249848e-01 1 
    0.441526 8.382859e+21 1.072448e+00 1 
    0.441786 9.828169e+21 1.255872e+00 1 
    0.442046 8.300146e+21 1.059369e+00 1 
    0.442305 8.313727e+21 1.059860e+00 1 
    0.442565 7.336389e+21 9.341674e-01 1 
    0.442825 7.525487e+21 9.571209e-01 1 
    0.443085 7.961412e+21 1.011376e+00 1 
    0.443345 8.622008e+21 1.094010e+00 1 
    0.443605 7.295149e+21 9.245657e-01 1 
    0.443865 7.321831e+21 9.268605e-01 1 
    0.444124 8.128636e+21 1.027793e+00 1 
    0.444384 8.561691e+21 1.081283e+00 1 
    0.444644 8.658829e+21 1.092272e+00 1 
    0.444904 8.148363e+21 1.026678e+00 1 
    0.445164 8.567988e+21 1.078289e+00 1 
    0.445424 7.098895e+21 8.923597e-01 1 
    0.445683 7.352045e+21 9.231078e-01 1 
    0.445943 8.310163e+21 1.042191e+00 1 
    0.446203 7.958358e+21 9.969078e-01 1 
    0.446463 7.361107e+21 9.210192e-01 1 
    0.446723 6.747978e+21 8.433220e-01 1 
    0.446983 7.365995e+21 9.194876e-01 1 
    0.447242 8.652097e+21 1.078779e+00 1 
    0.447502 7.941657e+21 9.890485e-01 1 
    0.447762 7.307833e+21 9.090559e-01 1 
    0.448022 8.382779e+21 1.041563e+00 1 
    0.448282 9.346987e+21 1.160020e+00 1 
    0.448542 8.398309e+21 1.041075e+00 1 
    0.448801 9.882693e+21 1.223670e+00 1 
    0.449061 9.763096e+21 1.207462e+00 1 
    0.449321 9.751874e+21 1.204678e+00 1 
    0.449581 9.167299e+21 1.131155e+00 1 
    0.449841 9.809437e+21 1.208989e+00 1 
    0.450101 1.014566e+22 1.248984e+00 1 
    0.450360 9.483654e+21 1.166145e+00 1 
    0.450620 1.059046e+22 1.300739e+00 1 
    0.450880 1.146733e+22 1.406815e+00 1 
    0.451140 1.063874e+22 1.303659e+00 1 
    0.451400 8.534097e+21 1.044554e+00 1 
    0.451660 7.970992e+21 9.745083e-01 1 
    0.451920 7.926053e+21 9.678995e-01 1 
    0.452179 9.400169e+21 1.146598e+00 1 
    0.452439 7.500692e+21 9.138558e-01 1 
    0.452699 7.772804e+21 9.459214e-01 1 
    0.452959 9.117882e+21 1.108339e+00 1 
    0.453219 8.615040e+21 1.046014e+00 1 
    0.453479 8.568715e+21 1.039197e+00 1 
    0.453738 8.518820e+21 1.031967e+00 1 
    0.453998 8.154349e+21 9.866835e-01 1 
    0.454258 7.439687e+21 8.991785e-01 1 
    0.454518 7.871688e+21 9.503030e-01 1 
    0.454778 8.933988e+21 1.077316e+00 1 
    0.455038 8.761134e+21 1.055265e+00 1 
    0.455297 8.166395e+21 9.825106e-01 1 
    0.455557 8.488857e+21 1.020141e+00 1 
    0.455817 7.618904e+21 9.145511e-01 1 
    0.456077 8.935794e+21 1.071404e+00 1 
    0.456337 8.424425e+21 1.008940e+00 1 
    0.456597 7.731041e+21 9.248435e-01 1 
    0.456856 8.626408e+21 1.030784e+00 1 
    0.457116 9.157812e+21 1.093038e+00 1 
    0.457376 9.546297e+21 1.138111e+00 1 
    0.457636 9.989386e+21 1.189583e+00 1 
    0.457896 1.038961e+22 1.235839e+00 1 
    0.458156 1.120579e+22 1.331411e+00 1 
    0.458415 1.044544e+22 1.239668e+00 1 
    0.458675 1.005476e+22 1.191950e+00 1 
    0.458935 8.961206e+21 1.061110e+00 1 
    0.459195 8.024526e+21 9.491208e-01 1 
    0.459455 7.838142e+21 9.260271e-01 1 
    0.459715 9.474413e+21 1.118076e+00 1 
    0.459975 8.838386e+21 1.041840e+00 1 
    0.460234 9.015558e+21 1.061529e+00 1 
    0.460494 8.654918e+21 1.017915e+00 1 
    0.460754 8.842316e+21 1.038782e+00 1 
    0.461014 9.166455e+21 1.075647e+00 1 
    0.461274 8.392870e+21 9.837595e-01 1 
    0.461534 9.013061e+21 1.055265e+00 1 
    0.461793 7.281140e+21 8.515322e-01 1 
    0.462053 7.898468e+21 9.226899e-01 1 
    0.462313 9.513861e+21 1.110148e+00 1 
    0.462573 8.404408e+21 9.795870e-01 1 
    0.462833 8.038656e+21 9.359038e-01 1 
    0.463093 8.349136e+21 9.709603e-01 1 
    0.463352 9.450101e+21 1.097769e+00 1 
    0.463612 8.655626e+21 1.004351e+00 1 
    0.463872 8.258441e+21 9.571900e-01 1 
    0.464132 9.433259e+21 1.092132e+00 1 
    0.464392 7.869152e+21 9.100284e-01 1 
    0.464652 7.997789e+21 9.238698e-01 1 
    0.464911 7.885569e+21 9.098920e-01 1 
    0.465171 7.220276e+21 8.321947e-01 1 
    0.465431 7.296616e+21 8.400542e-01 1 
    0.465691 7.608400e+21 8.749718e-01 1 
    0.465951 9.249387e+21 1.062500e+00 1 
    0.466211 7.493844e+21 8.598765e-01 1 
    0.466470 7.564709e+21 8.670441e-01 1 
    0.466730 8.334401e+21 9.542001e-01 1 
    0.466990 9.222574e+21 1.054711e+00 1 
    0.467250 6.710752e+21 7.666003e-01 1 
    0.467510 8.617679e+21 9.833428e-01 1 
    0.467770 9.317466e+21 1.062012e+00 1 
    0.468029 9.966862e+21 1.134774e+00 1 
    0.468289 9.119222e+21 1.037114e+00 1 
    0.468549 8.351115e+21 9.487042e-01 1 
    0.468809 7.654231e+21 8.685727e-01 1 
    0.469069 7.495191e+21 8.495828e-01 1 
    0.469329 9.781455e+21 1.107504e+00 1 
    0.469589 8.859923e+21 1.002053e+00 1 
    0.469848 9.364135e+21 1.057912e+00 1 
    0.470108 7.362021e+21 8.308033e-01 1 
    0.470368 7.929218e+21 8.938224e-01 1 
    0.470628 7.624786e+21 8.585559e-01 1 
    0.470888 6.458820e+21 7.264645e-01 1 
    0.471148 8.481761e+21 9.529449e-01 1 
    0.471407 8.880347e+21 9.966310e-01 1 
    0.471667 8.884556e+21 9.960042e-01 1 
    0.471927 6.346361e+21 7.106759e-01 1 
    0.472187 8.476318e+21 9.481468e-01 1 
    0.472447 7.921641e+21 8.851266e-01 1 
    0.472707 8.702514e+21 9.713084e-01 1 
    0.472966 1.040471e+22 1.160023e+00 1 
    0.473226 8.744769e+21 9.738849e-01 1 
    0.473486 7.529475e+21 8.376197e-01 1 
    0.473746 8.171833e+21 9.080815e-01 1 
    0.474006 8.167013e+21 9.065505e-01 1 
    0.474266 9.189105e+21 1.018886e+00 1 
    0.474525 9.737386e+21 1.078501e+00 1 
    0.474785 9.103631e+21 1.007203e+00 1 
    0.475045 8.613862e+21 9.519734e-01 1 
    0.475305 8.836254e+21 9.754835e-01 1 
    0.475565 9.017487e+21 9.944026e-01 1 
    0.475825 8.796230e+21 9.689436e-01 1 
    0.476084 8.025768e+21 8.831123e-01 1 
    0.476344 8.574343e+21 9.424448e-01 1 
    0.476604 8.693933e+21 9.545471e-01 1 
    0.476864 8.731956e+21 9.576766e-01 1 
    0.477124 7.293239e+21 7.990139e-01 1 
    0.477384 1.055993e+22 1.155638e+00 1 
    0.477644 9.851139e+21 1.076897e+00 1 
    0.477903 8.514629e+21 9.297853e-01 1 
    0.478163 9.097804e+21 9.923871e-01 1 
    0.478423 7.740295e+21 8.433928e-01 1 
    0.478683 8.597387e+21 9.357653e-01 1 
    0.478943 8.192798e+21 8.907606e-01 1 
    0.479203 7.257656e+21 7.882316e-01 1 
    0.479462 8.499104e+21 9.220643e-01 1 
    0.479722 7.798437e+21 8.451323e-01 1 
    0.479982 8.131371e+21 8.802587e-01 1 
    0.480242 9.592608e+21 1.037320e+00 1 
    0.480502 8.197927e+21 8.855439e-01 1 
    0.480762 7.678198e+21 8.285056e-01 1 
    0.481021 8.393780e+21 9.047445e-01 1 
    0.481281 8.519135e+21 9.172643e-01 1 
    0.481541 8.297456e+21 8.924313e-01 1 
    0.481801 7.921845e+21 8.511134e-01 1 
    0.482061 9.820957e+21 1.054014e+00 1 
    0.482321 1.021111e+22 1.094704e+00 1 
    0.482580 8.148850e+21 8.726783e-01 1 
    0.482840 8.815648e+21 9.430706e-01 1 
    0.483100 9.494282e+21 1.014576e+00 1 
    0.483360 8.162817e+21 8.713548e-01 1 
    0.483620 1.062823e+22 1.133310e+00 1 
    0.483880 1.001993e+22 1.067299e+00 1 
    0.484139 9.906492e+21 1.054086e+00 1 
    0.484399 9.148836e+21 9.724242e-01 1 
    0.484659 8.602452e+21 9.133688e-01 1 
    0.484919 8.464116e+21 8.977175e-01 1 
    0.485179 1.009679e+22 1.069734e+00 1 
    0.485439 5.848927e+21 6.190180e-01 1 
    0.485699 9.115077e+21 9.636566e-01 1 
    0.485958 9.334281e+21 9.857796e-01 1 
    0.486218 9.207781e+21 9.713804e-01 1 
    0.486478 9.653259e+21 1.017288e+00 1 
    0.486738 8.807232e+21 9.271402e-01 1 
    0.486998 8.286145e+21 8.713540e-01 1 
    0.487258 8.101636e+21 8.510424e-01 1 
    0.487517 9.092660e+21 9.541307e-01 1 
    0.487777 7.130853e+21 7.474726e-01 1 
    0.488037 8.471680e+21 8.870753e-01 1 
    0.488297 9.309954e+21 9.738136e-01 1 
    0.488557 7.191607e+21 7.514360e-01 1 
    0.488817 7.929648e+21 8.276711e-01 1 
    0.489076 8.956775e+21 9.338894e-01 1 
    0.489336 9.359646e+21 9.748585e-01 1 
    0.489596 8.436976e+21 8.778242e-01 1 
    0.489856 8.779890e+21 9.125332e-01 1 
    0.490116 9.716431e+21 1.008801e+00 1 
    0.490376 9.377987e+21 9.726301e-01 1 
    0.490635 8.960930e+21 9.283943e-01 1 
    0.490895 8.516762e+21 8.814419e-01 1 
    0.491155 7.787040e+21 8.050665e-01 1 
    0.491415 9.186767e+21 9.487731e-01 1 
    0.491675 8.611927e+21 8.884655e-01 1 
    0.491935 8.504943e+21 8.765009e-01 1 
    0.492194 7.679495e+21 7.905995e-01 1 
    0.492454 8.633846e+21 8.879109e-01 1 
    0.492714 1.030452e+22 1.058606e+00 1 
    0.492974 7.752642e+21 7.956061e-01 1 
    0.493234 9.106305e+21 9.335394e-01 1 
    0.493494 8.584746e+21 8.791443e-01 1 
    0.493753 8.030117e+21 8.214835e-01 1 
    0.494013 7.877254e+21 8.049976e-01 1 
    0.494273 9.060914e+21 9.249850e-01 1 
    0.494533 8.985864e+21 9.163592e-01 1 
    0.494793 9.787366e+21 9.970459e-01 1 
    0.495053 9.760054e+21 9.932196e-01 1 
    0.495313 1.108747e+22 1.127118e+00 1 
    0.495572 8.843529e+21 8.980665e-01 1 
    0.495832 1.030645e+22 1.045530e+00 1 
    0.496092 1.159464e+22 1.174977e+00 1 
    0.496352 1.147142e+22 1.161273e+00 1 
    0.496612 9.329821e+21 9.434857e-01 1 
    0.496872 1.013005e+22 1.023338e+00 1 
    0.497131 8.639402e+21 8.718433e-01 1 
    0.497391 9.628232e+21 9.706153e-01 1 
    0.497651 1.060945e+22 1.068414e+00 1 
    0.497911 9.015003e+21 9.068990e-01 1 
    0.498171 1.042604e+22 1.047753e+00 1 
    0.498431 1.097114e+22 1.101382e+00 1 
    0.498690 9.564150e+21 9.591390e-01 1 
    0.498950 8.738147e+21 8.753903e-01 1 
    0.499210 8.467144e+21 8.473578e-01 1 
    0.499470 9.302544e+21 9.299922e-01 1 
    0.499730 9.308046e+21 9.295745e-01 1 
    0.499990 9.027683e+21 9.006377e-01 1 
    0.500249 1.223996e+22 1.219843e+00 1 
    0.500509 1.340969e+22 1.335031e+00 1 
    0.500769 1.516513e+22 1.508230e+00 1 
    0.501029 1.482450e+22 1.472824e+00 1 
    0.501289 1.049669e+22 1.041772e+00 1 
    0.501549 1.124073e+22 1.114459e+00 1 
    0.501808 1.036466e+22 1.026541e+00 1 
    0.502068 1.108335e+22 1.096586e+00 1 
    0.502328 1.081966e+22 1.069388e+00 1 
    0.502588 1.116478e+22 1.102358e+00 1 
    0.502848 9.521883e+21 9.391735e-01 1 
    0.503108 1.052923e+22 1.037459e+00 1 
    0.503368 1.133795e+22 1.115989e+00 1 
    0.503627 1.141120e+22 1.122044e+00 1 
    0.503887 9.110202e+21 8.948663e-01 1 
    0.504147 8.809117e+21 8.643993e-01 1 
    0.504407 9.426326e+21 9.240101e-01 1 
    0.504667 9.639905e+21 9.439727e-01 1 
    0.504927 1.153913e+22 1.128788e+00 1 
    0.505186 9.803552e+21 9.580260e-01 1 
    0.505446 9.359758e+21 9.137167e-01 1 
    0.505706 7.601926e+21 7.413510e-01 1 
    0.505966 9.597497e+21 9.350003e-01 1 
    0.506226 9.456549e+21 9.203230e-01 1 
    0.506486 9.612214e+21 9.345123e-01 1 
    0.506745 7.357471e+21 7.145721e-01 1 
    0.507005 9.413286e+21 9.132996e-01 1 
    0.507265 8.700966e+21 8.433234e-01 1 
    0.507525 9.993663e+21 9.676232e-01 1 
    0.507785 9.043852e+21 8.747625e-01 1 
    0.508045 7.386607e+21 7.137350e-01 1 
    0.508304 1.055980e+22 1.019307e+00 1 
    0.508564 8.336590e+21 8.038844e-01 1 
    0.508824 8.457033e+21 8.146654e-01 1 
    0.509084 1.000528e+22 9.628238e-01 1 
    0.509344 7.761612e+21 7.461497e-01 1 
    0.509604 8.917544e+21 8.563988e-01 1 
    0.509863 6.376400e+21 6.117374e-01 1 
    0.510123 1.041560e+22 9.982303e-01 1 
    0.510383 1.031578e+22 9.876568e-01 1 
    0.510643 9.924840e+21 9.492600e-01 1 
    0.510903 9.132694e+21 8.726066e-01 1 
    0.511163 7.898763e+21 7.539399e-01 1 
    0.511423 9.851579e+21 9.393810e-01 1 
    0.511682 9.059084e+21 8.629397e-01 1 
    0.511942 8.942561e+21 8.509751e-01 1 
    0.512202 9.118469e+21 8.668338e-01 1 
    0.512462 7.406479e+21 7.033717e-01 1 
    0.512722 8.212432e+21 7.791199e-01 1 
    0.512982 9.271013e+21 8.786571e-01 1 
    0.513241 6.386452e+21 6.046630e-01 1 
    0.513501 8.302139e+21 7.852427e-01 1 
    0.513761 6.513423e+21 6.154368e-01 1 
    0.514021 7.763323e+21 7.327948e-01 1 
    0.514281 8.882080e+21 8.375488e-01 1 
    0.514541 6.992266e+21 6.586798e-01 1 
    0.514800 1.134809e+22 1.067928e+00 1 
    0.515060 8.191332e+21 7.700791e-01 1 
    0.515320 9.307593e+21 8.741376e-01 1 
    0.515580 9.795916e+21 9.190717e-01 1 
    0.515840 8.531551e+21 7.996398e-01 1 
    0.516100 1.228946e+22 1.150699e+00 1 
    0.516359 8.571058e+21 8.017287e-01 1 
    0.516619 8.432301e+21 7.879557e-01 1 
    0.516879 8.541376e+21 7.973454e-01 1 
    0.517139 6.397744e+21 5.966349e-01 1 
    0.517399 7.184397e+21 6.693227e-01 1 
    0.517659 9.995393e+21 9.302695e-01 1 
    0.517918 7.740853e+21 7.197195e-01 1 
    0.518178 8.493755e+21 7.889296e-01 1 
    0.518438 8.265393e+21 7.669487e-01 1 
    0.518698 8.453770e+21 7.836421e-01 1 
    0.518958 8.027338e+21 7.433674e-01 1 
    0.519218 7.246577e+21 6.703936e-01 1 
    0.519478 9.267210e+21 8.564680e-01 1 
    0.519737 9.542428e+21 8.810247e-01 1 
    0.519997 8.618343e+21 7.949110e-01 1 
    0.520257 9.121416e+21 8.404713e-01 1 
    0.520517 7.585979e+21 6.982939e-01 1 
    0.520777 8.269025e+21 7.604088e-01 1 
    0.521037 7.669278e+21 7.045532e-01 1 
    0.521296 8.734223e+21 8.015893e-01 1 
    0.521556 1.095446e+22 1.004351e+00 1 
    0.521816 7.879822e+21 7.217355e-01 1 
    0.522076 8.875911e+21 8.121607e-01 1 
    0.522336 1.066687e+22 9.750653e-01 1 
    0.522596 1.047945e+22 9.569795e-01 1 
    0.522855 8.830766e+21 8.056238e-01 1 
    0.523115 8.852520e+21 8.068058e-01 1 
    0.523375 1.066888e+22 9.713800e-01 1 
    0.523635 9.117890e+21 8.293416e-01 1 
    0.523895 1.006543e+22 9.146193e-01 1 
    0.524155 1.032675e+22 9.374339e-01 1 
    0.524414 9.378228e+21 8.504889e-01 1 
    0.524674 1.188892e+22 1.077109e+00 1 
    0.524934 1.091006e+22 9.874481e-01 1 
    0.525194 9.923093e+21 8.972305e-01 1 
    0.525454 1.149304e+22 1.038155e+00 1 
    0.525714 1.149131e+22 1.036971e+00 1 
    0.525973 1.081828e+22 9.752766e-01 1 
    0.526233 8.855645e+21 7.975547e-01 1 
    0.526493 7.355065e+21 6.617558e-01 1 
    0.526753 8.916480e+21 8.014490e-01 1 
    0.527013 9.427239e+21 8.465222e-01 1 
    0.527273 9.152744e+21 8.210634e-01 1 
    0.527532 8.339816e+21 7.474038e-01 1 
    0.527792 9.941501e+21 8.900673e-01 1 
    0.528052 1.101284e+22 9.850137e-01 1 
    0.528312 9.332876e+21 8.339327e-01 1 
    0.528572 9.891409e+21 8.829706e-01 1 
    0.528832 1.197044e+22 1.067508e+00 1 
    0.529092 1.366707e+22 1.217613e+00 1 
    0.529351 8.748327e+21 7.786352e-01 1 
    0.529611 1.025030e+22 9.114213e-01 1 
    0.529871 7.987155e+21 7.094933e-01 1 
    0.530131 1.108639e+22 9.838301e-01 1 
    0.530391 8.919233e+21 7.907362e-01 1 
    0.530651 9.351283e+21 8.282277e-01 1 
    0.530910 1.015208e+22 8.982754e-01 1 
    0.531170 1.150132e+22 1.016663e+00 1 
    0.531430 1.011604e+22 8.933358e-01 1 
    0.531690 1.049571e+22 9.259578e-01 1 
    0.531950 1.057621e+22 9.321480e-01 1 
    0.532210 9.536658e+21 8.397047e-01 1 
    0.532469 1.059135e+22 9.316634e-01 1 
    0.532729 9.075628e+21 7.975546e-01 1 
    0.532989 1.034027e+22 9.078037e-01 1 
    0.533249 1.005137e+22 8.815798e-01 1 
    0.533509 1.024137e+22 8.973691e-01 1 
    0.533769 8.783693e+21 7.688948e-01 1 
    0.534028 9.768985e+21 8.543147e-01 1 
    0.534288 8.964019e+21 7.831562e-01 1 
    0.534548 8.474653e+21 7.396818e-01 1 
    0.534808 1.050749e+22 9.162198e-01 1 
    0.535068 1.015439e+22 8.845703e-01 1 
    0.535328 1.137674e+22 9.900896e-01 1 
    0.535587 1.190382e+22 1.034958e+00 1 
    0.535847 1.197943e+22 1.040522e+00 1 
    0.536107 9.789875e+21 8.495143e-01 1 
    0.536367 1.175716e+22 1.019236e+00 1 
    0.536627 1.076381e+22 9.322178e-01 1 
    0.536887 8.793358e+21 7.608261e-01 1 
    0.537147 9.952602e+21 8.602937e-01 1 
    0.537406 9.366174e+21 8.088233e-01 1 
    0.537666 8.162613e+21 7.042073e-01 1 
    0.537926 9.159939e+21 7.894852e-01 1 
    0.538186 1.012929e+22 8.721894e-01 1 
    0.538446 9.037758e+21 7.774507e-01 1 
    0.538706 1.032126e+22 8.870041e-01 1 
    0.538965 1.014569e+22 8.710780e-01 1 
    0.539225 8.409511e+21 7.213186e-01 1 
    0.539485 1.184879e+22 1.015341e+00 1 
    0.539745 9.598181e+21 8.216902e-01 1 
    0.540005 9.773336e+21 8.358796e-01 1 
    0.540265 1.205808e+22 1.030294e+00 1 
    0.540524 1.088651e+22 9.292982e-01 1 
    0.540784 9.110723e+21 7.769654e-01 1 
    0.541044 8.781481e+21 7.481678e-01 1 
    0.541304 1.010644e+22 8.602255e-01 1 
    0.541564 1.174641e+22 9.988543e-01 1 
    0.541824 1.109775e+22 9.427897e-01 1 
    0.542083 8.549711e+21 7.256318e-01 1 
    0.542343 9.659642e+21 8.190481e-01 1 
    0.542603 1.103281e+22 9.345838e-01 1 
    0.542863 1.052721e+22 8.909008e-01 1 
    0.543123 9.965507e+21 8.425573e-01 1 
    0.543383 1.139476e+22 9.624749e-01 1 
    0.543642 9.273227e+21 7.825307e-01 1 
    0.543902 9.096452e+21 7.668795e-01 1 
    0.544162 8.168533e+21 6.879931e-01 1 
    0.544422 9.221307e+21 7.759211e-01 1 
    0.544682 1.011713e+22 8.504870e-01 1 
    0.544942 9.721779e+21 8.164726e-01 1 
    0.545202 9.614161e+21 8.066645e-01 1 
    0.545461 1.046724e+22 8.774077e-01 1 
    0.545721 9.915733e+21 8.303859e-01 1 
    0.545981 9.685736e+21 8.103526e-01 1 
    0.546241 9.485247e+21 7.928235e-01 1 
    0.546501 9.283529e+21 7.752248e-01 1 
    0.546761 1.067225e+22 8.903429e-01 1 
    0.547020 1.037945e+22 8.650959e-01 1 
    0.547280 1.120712e+22 9.331930e-01 1 
    0.547540 9.997827e+21 8.317070e-01 1 
    0.547800 8.301881e+21 6.899679e-01 1 
    0.548060 1.120724e+22 9.305481e-01 1 
    0.548320 9.441020e+21 7.831540e-01 1 
    0.548579 9.508722e+21 7.880255e-01 1 
    0.548839 8.565035e+21 7.091459e-01 1 
    0.549099 8.121407e+21 6.717789e-01 1 
    0.549359 8.259139e+21 6.825253e-01 1 
    0.549619 8.633193e+21 7.127618e-01 1 
    0.549879 9.320219e+21 7.687556e-01 1 
    0.550138 8.065744e+21 6.646570e-01 1 
    0.550398 1.014388e+22 8.351160e-01 1 
    0.550658 9.629972e+21 7.920590e-01 1 
    0.550918 1.081400e+22 8.886052e-01 1 
    0.551178 9.980297e+21 8.193249e-01 1 
    0.551438 1.068345e+22 8.762229e-01 1 
    0.551697 1.177841e+22 9.651209e-01 1 
    0.551957 9.747691e+21 7.979722e-01 1 
    0.552217 9.576565e+21 7.832252e-01 1 
    0.552477 1.001804e+22 8.185604e-01 1 
    0.552737 1.050890e+22 8.578601e-01 1 
    0.552997 1.059980e+22 8.644676e-01 1 
    0.553256 1.062940e+22 8.660701e-01 1 
    0.553516 9.393528e+21 7.646537e-01 1 
    0.553776 1.084952e+22 8.823458e-01 1 
    0.554036 1.223033e+22 9.937079e-01 1 
    0.554296 1.150144e+22 9.336091e-01 1 
    0.554556 9.274450e+21 7.521315e-01 1 
    0.554816 1.072287e+22 8.687798e-01 1 
    0.555075 1.077159e+22 8.719127e-01 1 
    0.555335 9.871665e+21 7.983195e-01 1 
    0.555595 1.084515e+22 8.762241e-01 1 
    0.555855 1.115776e+22 9.006386e-01 1 
    0.556115 1.122685e+22 9.053681e-01 1 
    0.556375 1.145404e+22 9.228266e-01 1 
    0.556634 9.661254e+21 7.776613e-01 1 
    0.556894 9.784451e+21 7.868425e-01 1 
    0.557154 1.183507e+22 9.508603e-01 1 
    0.557414 1.226380e+22 9.843867e-01 1 
    0.557674 1.157786e+22 9.284614e-01 1 
    0.557934 1.117365e+22 8.952122e-01 1 
    0.558193 1.148300e+22 9.191428e-01 1 
    0.558453 7.732539e+21 6.183656e-01 1 
    0.558713 8.264460e+21 6.602880e-01 1 
    0.558973 9.975275e+21 7.962321e-01 1 
    0.559233 1.005171e+22 8.015875e-01 1 
    0.559493 8.836163e+21 7.039970e-01 1 
    0.559752 8.049856e+21 6.407568e-01 1 
    0.560012 1.043750e+22 8.300383e-01 1 
    0.560272 9.110316e+21 7.238224e-01 1 
    0.560532 9.746199e+21 7.736258e-01 1 
    0.560792 1.007275e+22 7.988053e-01 1 
    0.561052 1.240947e+22 9.832033e-01 1 
    0.561311 9.904258e+21 7.839914e-01 1 
    0.561571 1.078946e+22 8.532709e-01 1 
    0.561831 8.419116e+21 6.651989e-01 1 
    0.562091 1.301415e+22 1.027304e+00 1 
    0.562351 1.034404e+22 8.157777e-01 1 
    0.562611 1.227990e+22 9.675529e-01 1 
    0.562871 9.569672e+21 7.533135e-01 1 
    0.563130 1.037539e+22 8.159878e-01 1 
    0.563390 6.647938e+21 5.223543e-01 1 
    0.563650 1.133556e+22 8.898576e-01 1 
    0.563910 7.671798e+21 6.016916e-01 1 
    0.564170 1.371246e+22 1.074464e+00 1 
    0.564430 8.675853e+21 6.791856e-01 1 
    0.564689 1.050585e+22 8.216916e-01 1 
    0.564949 7.662984e+21 5.987918e-01 1 
    0.565209 1.148300e+22 8.964658e-01 1 
    0.565469 9.095502e+21 7.094234e-01 1 
    0.565729 9.077976e+21 7.074057e-01 1 
    0.565989 1.095987e+22 8.532686e-01 1 
    0.566248 7.535603e+21 5.861397e-01 1 
    0.566508 9.470891e+21 7.359955e-01 1 
    0.566768 9.456287e+21 7.341865e-01 1 
    0.567028 1.176327e+22 9.124637e-01 1 
    0.567288 1.043312e+22 8.085434e-01 1 
    0.567548 9.516455e+21 7.368286e-01 1 
    0.567807 9.691521e+21 7.496990e-01 1 
    0.568067 8.247855e+21 6.374386e-01 1 
    0.568327 1.186498e+22 9.161509e-01 1 
    0.568587 9.635196e+21 7.432983e-01 1 
    0.568847 9.783891e+21 7.540794e-01 1 
    0.569107 8.026038e+21 6.180304e-01 1 
    0.569366 1.184603e+22 9.113524e-01 1 
    0.569626 1.053017e+22 8.093796e-01 1 
    0.569886 1.131695e+22 8.690601e-01 1 
    0.570146 8.781128e+21 6.737125e-01 1 
    0.570406 1.281310e+22 9.821606e-01 1 
    0.570666 1.026890e+22 7.864235e-01 1 
    0.570926 1.419829e+22 1.086357e+00 1 
    0.571185 1.136588e+22 8.688519e-01 1 
    0.571445 1.176693e+22 8.986919e-01 1 
    0.571705 8.886099e+21 6.780530e-01 1 
    0.571965 1.195349e+22 9.112810e-01 1 
    0.572225 1.183193e+22 9.011945e-01 1 
    0.572485 1.144049e+22 8.705885e-01 1 
    0.572744 1.221116e+22 9.283939e-01 1 
    0.573004 1.108307e+22 8.418630e-01 1 
    0.573264 1.199686e+22 9.104468e-01 1 
    0.573524 1.081604e+22 8.200903e-01 1 
    0.573784 1.003250e+22 7.599917e-01 1 
    0.574044 1.117019e+22 8.454085e-01 1 
    0.574303 1.199072e+22 9.066919e-01 1 
    0.574563 1.087738e+22 8.217608e-01 1 
    0.574823 1.022923e+22 7.720957e-01 1 
    0.575083 1.057700e+22 7.976231e-01 1 
    0.575343 1.176366e+22 8.863092e-01 1 
    0.575603 9.693322e+21 7.296641e-01 1 
    0.575862 1.118929e+22 8.415158e-01 1 
    0.576122 1.044401e+22 7.847559e-01 1 
    0.576382 1.414205e+22 1.061667e+00 1 
    0.576642 1.354273e+22 1.015758e+00 1 
    0.576902 1.032748e+22 7.739035e-01 1 
    0.577162 1.152413e+22 8.627983e-01 1 
    0.577421 1.242071e+22 9.290898e-01 1 
    0.577681 1.174221e+22 8.775466e-01 1 
    0.577941 1.217478e+22 9.090560e-01 1 
    0.578201 1.197967e+22 8.936832e-01 1 
    0.578461 8.311647e+21 6.194916e-01 1 
    0.578721 1.108020e+22 8.250979e-01 1 
    0.578981 8.274699e+21 6.156303e-01 1 
    0.579240 9.104108e+21 6.767321e-01 1 
    0.579500 8.006891e+21 5.946391e-01 1 
    0.579760 1.010571e+22 7.498369e-01 1 
    0.580020 1.255902e+22 9.310354e-01 1 
    0.580280 1.034923e+22 7.665301e-01 1 
    0.580540 8.981438e+21 6.646271e-01 1 
    0.580799 1.154285e+22 8.534100e-01 1 
    0.581059 1.051547e+22 7.767564e-01 1 
    0.581319 1.001310e+22 7.389859e-01 1 
    0.581579 1.059184e+22 7.809987e-01 1 
    0.581839 1.010938e+22 7.447584e-01 1 
    0.582099 8.360096e+21 6.153383e-01 1 
    0.582358 1.003475e+22 7.379434e-01 1 
    0.582618 1.148556e+22 8.438802e-01 1 
    0.582878 1.128545e+22 8.284379e-01 1 
    0.583138 1.038694e+22 7.618008e-01 1 
    0.583398 1.150397e+22 8.429746e-01 1 
    0.583658 9.863907e+21 7.221518e-01 1 
    0.583917 9.456843e+21 6.917360e-01 1 
    0.584177 1.104266e+22 8.070144e-01 1 
    0.584437 1.346837e+22 9.834135e-01 1 
    0.584697 1.462644e+22 1.067022e+00 1 
    0.584957 1.292642e+22 9.421646e-01 1 
    0.585217 1.262174e+22 9.191403e-01 1 
    0.585476 1.126201e+22 8.193964e-01 1 
    0.585736 1.025963e+22 7.458034e-01 1 
    0.585996 1.021031e+22 7.415599e-01 1 
    0.586256 9.331346e+21 6.771208e-01 1 
    0.586516 1.061892e+22 7.698691e-01 1 
    0.586776 1.109022e+22 8.033262e-01 1 
    0.587035 1.107602e+22 8.015895e-01 1 
    0.587295 1.157547e+22 8.369941e-01 1 
    0.587555 1.169548e+22 8.449234e-01 1 
    0.587815 1.343467e+22 9.697103e-01 1 
    0.588075 1.164576e+22 8.398448e-01 1 
    0.588335 1.023115e+22 7.371765e-01 1 
    0.588595 1.120643e+22 8.067341e-01 1 
    0.588854 1.079661e+22 7.765482e-01 1 
    0.589114 1.156210e+22 8.308728e-01 1 
    0.589374 1.134173e+22 8.143174e-01 1 
    0.589634 1.118883e+22 8.026312e-01 1 
    0.589894 9.943825e+21 7.126922e-01 1 
    0.590154 1.222072e+22 8.751099e-01 1 
    0.590413 9.688938e+21 6.932036e-01 1 
    0.590673 1.280858e+22 9.155947e-01 1 
    0.590933 1.198422e+22 8.559132e-01 1 
    0.591193 1.201913e+22 8.576517e-01 1 
    0.591453 9.912550e+21 7.067103e-01 1 
    0.591713 9.924191e+21 7.069185e-01 1 
    0.591972 9.860585e+21 7.017732e-01 1 
    0.592232 1.095311e+22 7.788435e-01 1 
    0.592492 1.193690e+22 8.480532e-01 1 
    0.592752 1.163380e+22 8.257942e-01 1 
    0.593012 9.505767e+21 6.741501e-01 1 
    0.593272 9.883299e+21 7.003105e-01 1 
    0.593531 1.091967e+22 7.730705e-01 1 
    0.593791 8.957664e+21 6.336128e-01 1 
    0.594051 1.161891e+22 8.211344e-01 1 
    0.594311 9.537711e+21 6.734620e-01 1 
    0.594571 1.014749e+22 7.158921e-01 1 
    0.594831 1.012577e+22 7.137353e-01 1 
    0.595090 7.165345e+21 5.046244e-01 1 
    0.595350 1.215417e+22 8.552184e-01 1 
    0.595610 1.211234e+22 8.515314e-01 1 
    0.595870 9.814490e+21 6.893839e-01 1 
    0.596130 1.092430e+22 7.666696e-01 1 
    0.596390 1.102112e+22 7.727902e-01 1 
    0.596650 9.798883e+21 6.864892e-01 1 
    0.596909 1.130666e+22 7.914337e-01 1 
    0.597169 1.181977e+22 8.266297e-01 1 
    0.597429 1.191666e+22 8.326807e-01 1 
    0.597689 1.025918e+22 7.162400e-01 1 
    0.597949 1.115162e+22 7.778680e-01 1 
    0.598209 8.672347e+21 6.044039e-01 1 
    0.598468 6.390440e+21 4.449850e-01 1 
    0.598728 9.688916e+21 6.740817e-01 1 
    0.598988 1.337086e+22 9.294362e-01 1 
    0.599248 9.335176e+21 6.483444e-01 1 
    0.599508 1.140230e+22 7.912233e-01 1 
    0.599768 1.078113e+22 7.474709e-01 1 
    0.600027 1.096821e+22 7.597848e-01 1 
    0.600287 9.216633e+21 6.378974e-01 1 
    0.600547 1.130206e+22 7.815556e-01 1 
    0.600807 1.242631e+22 8.585562e-01 1 
    0.601067 9.064555e+21 6.257447e-01 1 
    0.601327 1.296114e+22 8.939602e-01 1 
    0.601586 9.364271e+21 6.453198e-01 1 
    0.601846 1.622035e+22 1.116827e+00 1 
    0.602106 1.215858e+22 8.364371e-01 1 
    0.602366 1.496012e+22 1.028278e+00 1 
    0.602626 9.271771e+21 6.367419e-01 1 
    0.602886 1.530831e+22 1.050397e+00 1 
    0.603145 7.816799e+21 5.358977e-01 1 
    0.603405 1.411614e+22 9.669289e-01 1 
    0.603665 1.674134e+22 1.145763e+00 1 
    0.603925 1.165029e+22 7.966496e-01 1 
    0.604185 1.007819e+22 6.885557e-01 1 
    0.604445 9.454585e+21 6.453946e-01 1 
    0.604705 1.206079e+22 8.225934e-01 1 
    0.604964 1.005369e+22 6.851138e-01 1 
    0.605224 1.137662e+22 7.746001e-01 1 
    0.605484 1.137412e+22 7.737651e-01 1 
    0.605744 1.475075e+22 1.002611e+00 1 
    0.606004 9.182730e+21 6.236161e-01 1 
    0.606264 8.587324e+21 5.826808e-01 1 
    0.606523 1.056676e+22 7.163803e-01 1 
    0.606783 1.047004e+22 7.092154e-01 1 
    0.607043 1.051704e+22 7.117886e-01 1 
    0.607303 1.169458e+22 7.908064e-01 1 
    0.607563 1.121660e+22 7.578355e-01 1 
    0.607823 1.255128e+22 8.472867e-01 1 
    0.608082 1.556407e+22 1.049773e+00 1 
    0.608342 1.422938e+22 9.589295e-01 1 
    0.608602 1.391199e+22 9.367399e-01 1 
    0.608862 1.336349e+22 8.990389e-01 1 
    0.609122 1.234423e+22 8.297585e-01 1 
    0.609382 1.230919e+22 8.266977e-01 1 
    0.609641 1.267213e+22 8.503497e-01 1 
    0.609901 1.149815e+22 7.709138e-01 1 
    0.610161 1.184437e+22 7.934502e-01 1 
    0.610421 1.250918e+22 8.372713e-01 1 
    0.610681 1.194153e+22 7.985966e-01 1 
    0.610941 1.218071e+22 8.138990e-01 1 
    0.611200 1.244946e+22 8.311516e-01 1 
    0.611460 1.138808e+22 7.596454e-01 1 
    0.611720 8.551922e+21 5.699737e-01 1 
    0.611980 7.341043e+21 4.888547e-01 1 
    0.612240 8.732995e+21 5.810537e-01 1 
    0.612500 1.102504e+22 7.329335e-01 1 
    0.612759 1.130877e+22 7.511597e-01 1 
    0.613019 1.112970e+22 7.386389e-01 1 
    0.613279 1.164055e+22 7.718873e-01 1 
    0.613539 1.129031e+22 7.480284e-01 1 
    0.613799 1.281718e+22 8.484699e-01 1 
    0.614059 1.071316e+22 7.085882e-01 1 
    0.614319 1.014628e+22 6.705257e-01 1 
    0.614578 1.271175e+22 8.393592e-01 1 
    0.614838 1.046868e+22 6.906643e-01 1 
    0.615098 1.046191e+22 6.896344e-01 1 
    0.615358 1.078706e+22 7.104667e-01 1 
    0.615618 1.135215e+22 7.470538e-01 1 
    0.615878 1.156273e+22 7.602696e-01 1 
    0.616137 1.095840e+22 7.199278e-01 1 
    0.616397 1.036670e+22 6.804810e-01 1 
    0.616657 1.018316e+22 6.678697e-01 1 
    0.616917 1.191492e+22 7.807901e-01 1 
    0.617177 1.189522e+22 7.788420e-01 1 
    0.617437 1.258891e+22 8.235675e-01 1 
    0.617696 1.280808e+22 8.372032e-01 1 
    0.617956 9.467272e+21 6.183099e-01 1 
    0.618216 1.517150e+22 9.900214e-01 1 
    0.618476 9.834512e+21 6.412149e-01 1 
    0.618736 1.263447e+22 8.230812e-01 1 
    0.618996 9.571278e+21 6.230038e-01 1 
    0.619255 1.355731e+22 8.817205e-01 1 
    0.619515 7.879923e+21 5.120528e-01 1 
    0.619775 1.584056e+22 1.028487e+00 1 
    0.620035 8.722083e+21 5.658277e-01 1 
    0.620295 1.122375e+22 7.275082e-01 1 
    0.620555 8.834337e+21 5.721500e-01 1 
    0.620814 1.468983e+22 9.505832e-01 1 
    0.621074 6.093647e+21 3.939917e-01 1 
    0.621334 1.124309e+22 7.263266e-01 1 
    0.621594 7.241168e+21 4.674030e-01 1 
    0.621854 8.681332e+21 5.598942e-01 1 
    0.622114 9.407051e+21 6.061917e-01 1 
    0.622374 1.197322e+22 7.709118e-01 1 
    0.622633 5.503331e+21 3.540444e-01 1 
    0.622893 9.881779e+21 6.351915e-01 1 
    0.623153 1.259024e+22 8.086137e-01 1 
    0.623413 1.207612e+22 7.749471e-01 1 
    0.623673 1.289005e+22 8.264893e-01 1 
    0.623933 1.129715e+22 7.237516e-01 1 
    0.624192 1.144239e+22 7.324483e-01 1 
    0.624452 1.554656e+22 9.943346e-01 1 
    0.624712 1.374286e+22 8.782414e-01 1 
    0.624972 1.414756e+22 9.033515e-01 1 
    0.625232 1.117853e+22 7.131792e-01 1 
    0.625492 9.695311e+21 6.180373e-01 1 
    0.625751 8.142236e+21 5.186054e-01 1 
    0.626011 1.094847e+22 6.967646e-01 1 
    0.626271 1.285766e+22 8.175868e-01 1 
    0.626531 1.409670e+22 8.956306e-01 1 
    0.626791 1.121024e+22 7.116489e-01 1 
    0.627051 1.172727e+22 7.438540e-01 1 
    0.627310 1.153395e+22 7.309877e-01 1 
    0.627570 1.369315e+22 8.671127e-01 1 
    0.627830 1.521720e+22 9.628244e-01 1 
    0.628090 1.329994e+22 8.408188e-01 1 
    0.628350 1.202919e+22 7.598528e-01 1 
    0.628610 1.427195e+22 9.007771e-01 1 
    0.628869 1.280354e+22 8.074323e-01 1 
    0.629129 1.325900e+22 8.354639e-01 1 
    0.629389 1.345224e+22 8.469405e-01 1 
    0.629649 1.595677e+22 1.003794e+00 1 
    0.629909 1.466079e+22 9.215060e-01 1 
    0.630169 1.515800e+22 9.519720e-01 1 
    0.630429 1.522370e+22 9.553102e-01 1 
    0.630688 1.630015e+22 1.022019e+00 1 
    0.630948 1.342349e+22 8.409586e-01 1 
    0.631208 1.004090e+22 6.285275e-01 1 
    0.631468 1.179855e+22 7.379421e-01 1 
    0.631728 1.142983e+22 7.142920e-01 1 
    0.631988 1.244736e+22 7.772417e-01 1 
    0.632247 1.236060e+22 7.711921e-01 1 
    0.632507 1.277580e+22 7.964415e-01 1 
    0.632767 1.433294e+22 8.927791e-01 1 
    0.633027 1.590827e+22 9.900904e-01 1 
    0.633287 1.566295e+22 9.740220e-01 1 
    0.633547 1.501420e+22 9.329126e-01 1 
    0.633806 1.316893e+22 8.175876e-01 1 
    0.634066 1.413844e+22 8.770595e-01 1 
    0.634326 1.400526e+22 8.680861e-01 1 
    0.634586 1.328333e+22 8.226641e-01 1 
    0.634846 1.343809e+22 8.315671e-01 1 
    0.635106 1.161988e+22 7.184653e-01 1 
    0.635365 1.247044e+22 7.704273e-01 1 
    0.635625 1.058792e+22 6.535898e-01 1 
    0.635885 1.179390e+22 7.274394e-01 1 
    0.636145 1.476289e+22 9.098204e-01 1 
    0.636405 1.396505e+22 8.599470e-01 1 
    0.636665 1.173805e+22 7.222215e-01 1 
    0.636924 1.140481e+22 7.011472e-01 1 
    0.637184 1.172098e+22 7.199972e-01 1 
    0.637444 1.089181e+22 6.685168e-01 1 
    0.637704 1.213935e+22 7.444809e-01 1 
    0.637964 1.305507e+22 7.999878e-01 1 
    0.638224 1.371667e+22 8.398442e-01 1 
    0.638484 1.150960e+22 7.041362e-01 1 
    0.638743 1.005051e+22 6.143730e-01 1 
    0.639003 8.361608e+21 5.107172e-01 1 
    0.639263 1.378987e+22 8.415841e-01 1 
    0.639523 1.447294e+22 8.825534e-01 1 
    0.639783 1.287847e+22 7.846848e-01 1 
    0.640043 1.387151e+22 8.445042e-01 1 
    0.640302 1.549734e+22 9.427227e-01 1 
    0.640562 1.125748e+22 6.842509e-01 1 
    0.640822 1.471048e+22 8.934050e-01 1 
    0.641082 1.202070e+22 7.294561e-01 1 
    0.641342 1.434545e+22 8.698240e-01 1 
    0.641602 1.201609e+22 7.279947e-01 1 
    0.641861 1.299676e+22 7.867733e-01 1 
    0.642121 9.548297e+21 5.775487e-01 1 
    0.642381 1.191180e+22 7.199271e-01 1 
    0.642641 1.333589e+22 8.053441e-01 1 
    0.642901 1.033508e+22 6.236232e-01 1 
    0.643161 1.298251e+22 7.827369e-01 1 
    0.643420 1.269858e+22 7.650016e-01 1 
    0.643680 1.099791e+22 6.620134e-01 1 
    0.643940 1.292958e+22 7.776604e-01 1 
    0.644200 1.225366e+22 7.364121e-01 1 
    0.644460 1.137370e+22 6.829771e-01 1 
    0.644720 1.354171e+22 8.125078e-01 1 
    0.644979 1.592413e+22 9.546870e-01 1 
    0.645239 1.280182e+22 7.668793e-01 1 
    0.646206 1.199235e+22 7.162401e-01 0 
    0.647695 1.230040e+22 7.312648e-01 0 
    0.649188 1.227372e+22 7.263260e-01 0 
    0.650685 1.185804e+22 6.985020e-01 0 
    0.652185 1.224732e+22 7.181184e-01 0 
    0.653688 1.244686e+22 7.264660e-01 0 
    0.655195 1.191526e+22 6.922434e-01 0 
    0.656706 9.957240e+21 5.758289e-01 0 
    0.658219 1.159242e+22 6.673130e-01 0 
    0.659737 1.248042e+22 7.151281e-01 0 
    0.661258 1.230995e+22 7.021191e-01 0 
    0.662782 1.265590e+22 7.185351e-01 0 
    0.664310 1.245461e+22 7.038580e-01 0 
    0.665841 1.254179e+22 7.055288e-01 0 
    0.667376 1.234206e+22 6.911033e-01 0 
    0.668914 1.242860e+22 6.927522e-01 0 
    0.670457 1.228738e+22 6.817322e-01 0 
    0.672002 1.234511e+22 6.817895e-01 0 
    0.673551 1.248900e+22 6.865674e-01 0 
    0.675104 1.240414e+22 6.787687e-01 0 
    0.676660 1.269407e+22 6.914426e-01 0 
    0.678220 1.281257e+22 6.946909e-01 0 
    0.679784 1.260881e+22 6.805006e-01 0 
    0.681351 1.269732e+22 6.821294e-01 0 
    0.682921 1.287494e+22 6.884947e-01 0 
    0.684495 1.269940e+22 6.759883e-01 0 
    0.686074 1.270052e+22 6.729395e-01 0 
    0.687655 1.276020e+22 6.729966e-01 0 
    0.689240 1.249951e+22 6.562184e-01 0 
    0.690829 1.279175e+22 6.684750e-01 0 
    0.692422 1.282233e+22 6.669934e-01 0 
    0.694018 1.318268e+22 6.825882e-01 0 
    0.695618 1.339805e+22 6.905519e-01 0 
    0.697221 1.336837e+22 6.858577e-01 0 
    0.698829 1.327739e+22 6.780586e-01 0 
    0.700439 1.340148e+22 6.812532e-01 0 
    0.702054 1.337179e+22 6.766203e-01 0 
    0.703673 1.352784e+22 6.813702e-01 0 
    0.705295 1.390842e+22 6.973206e-01 0 
    0.706921 1.313120e+22 6.553285e-01 0 
    0.708550 1.356256e+22 6.737475e-01 0 
    0.710184 1.292338e+22 6.390443e-01 0 
    0.711821 1.280612e+22 6.303364e-01 0 
    0.713462 1.271898e+22 6.231706e-01 0 
    0.715106 1.295669e+22 6.319020e-01 0 
    0.716755 1.304760e+22 6.334111e-01 0 
    0.718407 1.284007e+22 6.204726e-01 0 
    0.720063 1.260680e+22 6.064016e-01 0 
    0.721723 1.302107e+22 6.234505e-01 0 
    0.723387 1.360454e+22 6.483939e-01 0 
    0.725055 1.332671e+22 6.322333e-01 0 
    0.726726 1.366971e+22 6.455267e-01 0 
    0.728401 1.360824e+22 6.396720e-01 0 
    0.730080 1.354692e+22 6.338640e-01 0 
    0.731763 1.383182e+22 6.442209e-01 0 
    0.733450 1.415521e+22 6.562538e-01 0 
    0.735141 1.435351e+22 6.623892e-01 0 
    0.736836 1.442095e+22 6.624434e-01 0 
    0.738534 1.489476e+22 6.810656e-01 0 
    0.740237 1.472557e+22 6.702348e-01 0 
    0.741943 1.465936e+22 6.641562e-01 0 
    0.743653 1.514099e+22 6.828261e-01 0 
    0.745368 1.469566e+22 6.596961e-01 0 
    0.747086 1.469704e+22 6.567273e-01 0 
    0.748808 1.511015e+22 6.720849e-01 0 
    0.750535 1.514643e+22 6.706020e-01 0 
    0.752265 1.535854e+22 6.768692e-01 0 
    0.753999 1.539537e+22 6.753751e-01 0 
    0.755737 1.564705e+22 6.832623e-01 0 
    0.757479 1.546932e+22 6.723979e-01 0 
    0.759225 1.547078e+22 6.693724e-01 0 
    0.760975 1.529508e+22 6.587298e-01 0 
    0.762730 1.491398e+22 6.393643e-01 0 
    0.764488 1.512284e+22 6.453399e-01 0 
    0.766250 1.519411e+22 6.454028e-01 0 
    0.768017 1.484954e+22 6.278670e-01 0 
    0.769787 1.495391e+22 6.293760e-01 0 
    0.771562 1.492099e+22 6.251042e-01 0 
    0.773341 1.488797e+22 6.208544e-01 0 
    0.775123 1.488950e+22 6.180668e-01 0 
    0.776910 1.502859e+22 6.209739e-01 0 
    0.778701 1.478981e+22 6.082997e-01 0 
    0.780496 1.496240e+22 6.125709e-01 0 
    0.782295 1.552542e+22 6.327011e-01 0 
    0.784098 1.493092e+22 6.056789e-01 0 
    0.785906 1.535074e+22 6.198471e-01 0 
    0.787718 1.552992e+22 6.242003e-01 0 
    0.789534 1.574747e+22 6.300365e-01 0 
    0.791354 1.556864e+22 6.200198e-01 0 
    0.793178 1.528607e+22 6.059698e-01 0 
    0.795006 1.514739e+22 5.977138e-01 0 
    0.796839 1.553749e+22 6.102899e-01 0 
    0.798676 1.561063e+22 6.103454e-01 0 
    0.800517 1.550465e+22 6.034167e-01 0 
    0.802362 1.619962e+22 6.275678e-01 0 
    0.804212 1.642666e+22 6.334386e-01 0 
    0.806066 1.642818e+22 6.305864e-01 0 
    0.807924 1.587212e+22 6.064436e-01 0 
    0.809787 1.613156e+22 6.135237e-01 0 
    0.811654 1.643313e+22 6.221211e-01 0 
    0.813524 1.658687e+22 6.250578e-01 0 
    0.815400 1.643647e+22 6.165432e-01 0 
    0.817280 1.559018e+22 5.821109e-01 0 
    0.819164 1.566364e+22 5.821667e-01 0 
    0.821052 1.632816e+22 6.040773e-01 0 
    0.822945 1.629212e+22 5.999740e-01 0 
    0.824842 1.714054e+22 6.283181e-01 0 
    0.826743 1.659842e+22 6.056506e-01 0 
    0.828649 1.652393e+22 6.001620e-01 0 
    0.830559 1.667852e+22 6.029940e-01 0 
    0.832474 1.695109e+22 6.100322e-01 0 
    0.834393 1.649088e+22 5.907437e-01 0 
    0.836317 1.699364e+22 6.059558e-01 0 
    0.838244 1.695624e+22 6.018455e-01 0 
    0.840177 1.727331e+22 6.102820e-01 0 
    0.842114 1.668869e+22 5.869174e-01 0 
    0.844055 1.755751e+22 6.146359e-01 0 
    0.846000 1.696329e+22 5.911064e-01 0 
    0.847951 1.646464e+22 5.710934e-01 0 
    0.849906 1.736201e+22 5.994523e-01 0 
    0.851865 1.724418e+22 5.926489e-01 0 
    0.853829 1.712739e+22 5.859302e-01 0 
    0.855797 1.609667e+22 5.481395e-01 0 
    0.857770 1.752982e+22 5.941994e-01 0 
    0.859747 1.733099e+22 5.847613e-01 0 
    0.861729 1.729296e+22 5.807969e-01 0 
    0.863715 1.769775e+22 5.916619e-01 0 
    0.865706 1.690300e+22 5.624961e-01 0 
    0.867702 1.614384e+22 5.347639e-01 0 
    0.869702 1.607132e+22 5.299160e-01 0 
    0.871707 1.770506e+22 5.811026e-01 0 
    0.873717 1.762562e+22 5.758367e-01 0 
    0.875731 1.699003e+22 5.525214e-01 0 
    0.877750 1.787465e+22 5.786186e-01 0 
    0.879773 1.833517e+22 5.907994e-01 0 
    0.881801 1.687829e+22 5.413571e-01 0 
    0.883834 1.829698e+22 5.841636e-01 0 
    0.885871 1.804786e+22 5.735632e-01 0 
    0.887914 1.692268e+22 5.353327e-01 0 
    0.889960 1.780400e+22 5.606259e-01 0 
    0.892012 1.805372e+22 5.658766e-01 0 
    0.894068 1.801420e+22 5.620440e-01 0 
    0.896129 1.818267e+22 5.646938e-01 0 
    0.898195 1.736638e+22 5.368641e-01 0 
    0.900266 1.693385e+22 5.210874e-01 0 
    0.902341 1.621064e+22 4.965413e-01 0 
    0.904421 1.913601e+22 5.834539e-01 0 
    0.906506 1.962910e+22 5.957383e-01 0 
    0.908596 1.918435e+22 5.795648e-01 0 
    0.910690 1.892318e+22 5.690486e-01 0 
    0.912789 1.698397e+22 5.083875e-01 0 
    0.914894 1.849644e+22 5.511161e-01 0 
    0.917003 1.897301e+22 5.627183e-01 0 
    0.919117 1.893146e+22 5.589062e-01 0 
    0.921236 1.906502e+22 5.602630e-01 0 
    0.923359 1.795906e+22 5.253380e-01 0 
    0.925488 1.816905e+22 5.290382e-01 0 
    0.927621 2.006220e+22 5.814788e-01 0 
    0.929760 1.825712e+22 5.267287e-01 0 
    0.931903 1.961007e+22 5.631630e-01 0 
    0.934051 1.974830e+22 5.645273e-01 0 
    0.936204 1.952436e+22 5.555616e-01 0 
    0.938363 1.988952e+22 5.633510e-01 0 
    0.940526 1.952884e+22 5.505938e-01 0 
    0.942694 2.026391e+22 5.686933e-01 0 
    0.944867 2.008056e+22 5.609587e-01 0 
    0.947045 2.064551e+22 5.740912e-01 0 
    0.949228 2.074305e+22 5.741534e-01 0 
    0.951416 2.018013e+22 5.560060e-01 0 
    0.953610 2.027559e+22 5.560687e-01 0 
    0.955808 1.940989e+22 5.298807e-01 0 
    0.958012 2.042098e+22 5.549210e-01 0 
    0.960220 2.080299e+22 5.627048e-01 0 
    0.962433 2.099793e+22 5.653688e-01 0 
    0.964652 2.090382e+22 5.602487e-01 0 
    0.966876 2.095449e+22 5.590259e-01 0 
    0.969105 2.129739e+22 5.655631e-01 0 
    0.971339 2.100784e+22 5.553110e-01 0 
    0.973578 2.086554e+22 5.490153e-01 0 
    0.975822 2.086808e+22 5.465600e-01 0 
    0.978071 2.106367e+22 5.491483e-01 0 
    0.980326 2.140828e+22 5.555680e-01 0 
    0.982587 2.126372e+22 5.492799e-01 0 
    0.984852 2.146303e+22 5.518813e-01 0 
    0.987122 2.146532e+22 5.494046e-01 0 
    0.989397 2.151747e+22 5.482095e-01 0 
    0.991678 2.156958e+22 5.470118e-01 0 
    0.993964 2.187251e+22 5.521459e-01 0 
    0.996255 2.207724e+22 5.547537e-01 0 
    0.998552 2.208020e+22 5.522784e-01 0 
    1.003161 2.228983e+22 5.524105e-01 0 
    1.007791 2.209070e+22 5.424566e-01 0 
    1.012444 2.318911e+22 5.642070e-01 0 
    1.017117 2.329601e+22 5.616118e-01 0 
    1.021811 2.389363e+22 5.707389e-01 0 
    1.026527 2.433805e+22 5.760252e-01 0 
    1.028895 2.445046e+22 5.760249e-01 0 
    1.050439 2.445046e+22 5.526395e-01 0 
    1.069967 2.400399e+22 5.229247e-01 0 
    1.089859 2.417039e+22 5.075040e-01 0 
    1.110122 2.340362e+22 4.736288e-01 0 
    1.130761 2.445024e+22 4.769117e-01 0 
    1.149134 2.554367e+22 4.824345e-01 0 
    1.170498 2.595889e+22 4.725428e-01 0 
    1.189517 2.501969e+22 4.409984e-01 0 
    1.208845 2.601870e+22 4.440591e-01 0 
    1.231319 2.680907e+22 4.409983e-01 0 
    1.251327 2.656333e+22 4.230945e-01 0 
    1.268734 2.674764e+22 4.144201e-01 0 
    1.289350 2.718215e+22 4.077919e-01 0 
    1.310300 2.762397e+22 4.012740e-01 0 
    1.328527 2.737052e+22 3.867575e-01 0 
    1.350115 2.743353e+22 3.753501e-01 0 
    1.368896 2.762401e+22 3.676565e-01 0 
    1.391140 2.711978e+22 3.494949e-01 0 
    1.410491 2.607843e+22 3.269168e-01 0 
    1.430114 2.656320e+22 3.239184e-01 0 
    1.450009 2.762407e+22 3.276746e-01 0 
    1.470180 2.724476e+22 3.143681e-01 0 
    1.490633 2.872633e+22 3.224297e-01 0 
    1.511370 2.994205e+22 3.269162e-01 0 
    1.528871 3.142570e+22 3.353048e-01 0 
    1.550140 3.200993e+22 3.322303e-01 0 
    1.571705 3.200971e+22 3.231738e-01 0 
    1.589903 3.128109e+22 3.086292e-01 0 
    1.608313 3.178970e+22 3.065080e-01 0 
    1.630687 3.268036e+22 3.065082e-01 0 
    1.649570 3.321090e+22 3.043937e-01 0 
    1.668672 3.437823e+22 3.079200e-01 0 
    1.691883 3.534130e+22 3.079203e-01 0 
    1.711475 3.599869e+22 3.065082e-01 0 
    1.731293 3.558658e+22 2.961022e-01 0 
    1.751341 3.534109e+22 2.873657e-01 0 
    1.771620 3.437849e+22 2.731757e-01 0 
    1.788013 3.328784e+22 2.596813e-01 0 
    1.808718 3.201030e+22 2.440307e-01 0 
    1.829662 3.186243e+22 2.373743e-01 0 
    1.850847 3.142555e+22 2.287907e-01 0 
    1.867973 3.021918e+22 2.159921e-01 0 
    1.889604 3.035842e+22 2.120480e-01 0 
    1.911485 3.085158e+22 2.105873e-01 0 
    1.929171 3.070996e+22 2.057947e-01 0 
    1.951510 3.028876e+22 1.983519e-01 0 
    1.969566 2.966716e+22 1.907354e-01 0 
    1.987791 2.977350e+22 1.879251e-01 0 
    2.010809 3.294684e+22 2.032210e-01 0 
    2.029413 3.504568e+22 2.122218e-01 0 
    2.048192 3.800104e+22 2.259179e-01 0 
    2.071909 4.129872e+22 2.399339e-01 0 
    2.091079 4.395310e+22 2.506947e-01 0 
    2.110429 4.686835e+22 2.624428e-01 0 
    2.129957 4.963010e+22 2.728349e-01 0 
    2.149664 5.231843e+22 2.823644e-01 0 
    2.169555 5.441225e+22 2.883047e-01 0 
    2.189629 5.727308e+22 2.979243e-01 0 
    2.209890 5.949568e+22 3.038369e-01 0 
    2.230339 6.170757e+22 3.093806e-01 0 
    2.250974 6.420573e+22 3.160307e-01 0 
    2.271803 6.640993e+22 3.209136e-01 0 
    2.287550 6.253500e+22 2.980426e-01 0 
    2.308717 6.559459e+22 3.069185e-01 0 
    2.330080 6.125382e+22 2.813766e-01 0 
    2.351639 6.052937e+22 2.729740e-01 0 
    2.367941 6.376101e+22 2.836024e-01 0 
    2.389850 6.232440e+22 2.721531e-01 0 
    2.411964 6.286337e+22 2.694961e-01 0 
    2.416176 7.591825e+22 3.243288e-01 2 
    2.425322 6.965301e+22 2.953232e-01 2 
    2.434459 6.797709e+22 2.860580e-01 2 
    2.443606 6.827067e+22 2.851466e-01 2 
    2.452752 7.272065e+22 3.014720e-01 2 
    2.461889 7.121131e+22 2.930276e-01 2 
    2.471035 6.906092e+22 2.820792e-01 2 
    2.480172 6.712615e+22 2.721602e-01 2 
    2.489318 7.075033e+22 2.847503e-01 2 
    2.498465 7.291992e+22 2.913373e-01 2 
    2.507601 7.402244e+22 2.935912e-01 2 
    2.516748 7.716557e+22 3.038369e-01 2 
    2.525894 8.159595e+22 3.189590e-01 2 
    2.535031 8.429869e+22 3.271529e-01 2 
    2.544177 8.158454e+22 3.143473e-01 2 
    2.553314 8.131518e+22 3.110710e-01 2 
    2.562461 8.581233e+22 3.259355e-01 2 
    2.571607 8.948590e+22 3.374752e-01 2 
    2.580743 9.110742e+22 3.411620e-01 2 
    2.589890 9.254568e+22 3.441042e-01 2 
    2.599036 9.793304e+22 3.615773e-01 2 
    2.608173 1.026621e+23 3.763861e-01 2 
    2.617319 1.027185e+23 3.739657e-01 2 
    2.626456 1.036100e+23 3.745916e-01 2 
    2.635603 1.060107e+23 3.806152e-01 2 
    2.644749 1.091921e+23 3.893309e-01 2 
    2.653886 1.098084e+23 3.888370e-01 2 
    2.663032 1.085709e+23 3.818186e-01 2 
    2.672178 1.102360e+23 3.850254e-01 2 
    2.681315 1.103576e+23 3.828272e-01 2 
    2.690462 1.123755e+23 3.871814e-01 2 
    2.699599 1.135426e+23 3.885587e-01 2 
    2.708745 1.188521e+23 4.039868e-01 2 
    2.717891 1.205729e+23 4.070822e-01 2 
    2.727028 1.190059e+23 3.991038e-01 2 
    2.736174 1.195049e+23 3.981023e-01 2 
    2.745321 1.231660e+23 4.075689e-01 2 
    2.754457 1.249225e+23 4.106437e-01 2 
    2.763604 1.247779e+23 4.074577e-01 2 
    2.772741 1.257652e+23 4.079793e-01 2 
    2.781887 1.302266e+23 4.196791e-01 2 
    2.791033 1.284599e+23 4.112766e-01 2 
    2.800170 1.231288e+23 3.916403e-01 2 
    2.809316 1.221581e+23 3.860270e-01 2 
    2.818463 1.214993e+23 3.814568e-01 2 
    2.827600 1.256332e+23 3.918905e-01 2 
    2.836746 1.274056e+23 3.948607e-01 2 
    2.845883 1.302357e+23 4.010444e-01 2 
    2.855029 1.314697e+23 4.022548e-01 2 
    2.864175 1.301284e+23 3.956121e-01 2 
    2.873312 1.292515e+23 3.904508e-01 2 
    2.882458 1.276935e+23 3.833004e-01 2 
    2.891605 1.272552e+23 3.795718e-01 2 
    2.900742 1.272792e+23 3.772556e-01 2 
    2.909888 1.254759e+23 3.695764e-01 2 
    2.919025 1.296016e+23 3.793423e-01 2 
    2.928171 1.330982e+23 3.871468e-01 2 
    2.937317 1.347010e+23 3.893728e-01 2 
    2.946454 1.305451e+23 3.750230e-01 2 
    2.955601 1.292202e+23 3.689225e-01 2 
    2.964747 1.354095e+23 3.842114e-01 2 
    2.973884 1.437069e+23 4.052527e-01 2 
    2.983030 1.452970e+23 4.072283e-01 2 
    2.992167 1.439062e+23 4.008706e-01 2 
    3.001313 1.404234e+23 3.887884e-01 2 
    3.010460 1.406158e+23 3.869589e-01 2 
    3.019597 1.417478e+23 3.877170e-01 2 
    3.028743 1.435007e+23 3.901447e-01 2 
    3.037889 1.460366e+23 3.946521e-01 2 
    3.047026 1.490656e+23 4.004254e-01 2 
    3.056172 1.562295e+23 4.171612e-01 2 
    3.065309 1.656138e+23 4.395867e-01 2 
    3.074456 1.729939e+23 4.564474e-01 2 
    3.083602 1.784270e+23 4.679942e-01 2 
    3.092739 1.824071e+23 4.756107e-01 2 
    3.101885 1.838794e+23 4.766264e-01 2 
    3.111031 1.910524e+23 4.923119e-01 2 
    3.120168 1.945738e+23 4.984539e-01 2 
    3.129314 2.011786e+23 5.123656e-01 2 
    3.138451 1.995750e+23 5.053262e-01 2 
    3.147598 2.103448e+23 5.295045e-01 2 
    3.156744 2.168746e+23 5.427831e-01 2 
    3.165881 2.168935e+23 5.397017e-01 2 
    3.175027 2.170998e+23 5.371072e-01 2 
    3.184173 2.265388e+23 5.572444e-01 2 
    3.193311 2.320556e+23 5.675525e-01 2 
    3.202457 2.329463e+23 5.664815e-01 2 
    3.211593 2.395303e+23 5.791831e-01 2 
    3.220740 2.631068e+23 6.325826e-01 2 
    3.229886 2.620633e+23 6.265104e-01 2 
    3.239023 2.477679e+23 5.889976e-01 2 
    3.248169 2.297776e+23 5.431589e-01 2 
    3.257316 2.387111e+23 5.611116e-01 2 
    3.266452 2.543658e+23 5.945694e-01 2 
    3.275599 2.625942e+23 6.103797e-01 2 
    3.284736 2.684787e+23 6.205908e-01 2 
    3.293882 2.765484e+23 6.356989e-01 2 
    3.303028 2.781381e+23 6.358173e-01 2 
    3.312165 2.663847e+23 6.055943e-01 2 
    3.321312 2.480877e+23 5.608960e-01 2 
    3.330458 2.391884e+23 5.378097e-01 2 
    3.339595 2.281008e+23 5.100768e-01 2 
    3.348741 2.072395e+23 4.608992e-01 2 
    3.357878 1.870351e+23 4.137040e-01 2 
    3.367024 1.806756e+23 3.974693e-01 2 
    3.376170 1.723120e+23 3.770192e-01 2 
    3.385307 1.651369e+23 3.593722e-01 2 
    3.394454 1.552071e+23 3.359449e-01 2 
    3.403600 1.601834e+23 3.448554e-01 2 
    3.412737 1.665180e+23 3.565759e-01 2 
    3.421883 1.774049e+23 3.778609e-01 2 
    3.431020 1.965622e+23 4.164377e-01 2 
    3.440166 2.157062e+23 4.545696e-01 2 
    3.449313 2.249183e+23 4.714721e-01 2 
    3.458449 2.197798e+23 4.582702e-01 2 
    3.467596 2.276778e+23 4.722372e-01 2 
    3.476742 2.422207e+23 4.997614e-01 2 
    3.485879 2.603254e+23 5.343041e-01 2 
    3.495025 2.766562e+23 5.648541e-01 2 
    3.504162 3.051630e+23 6.198119e-01 2 
    3.513309 3.290901e+23 6.649340e-01 2 
    3.522455 3.380417e+23 6.794786e-01 2 
    3.531591 3.411961e+23 6.822754e-01 2 
    3.540738 3.535357e+23 7.033025e-01 2 
    3.549884 3.778230e+23 7.477503e-01 2 
    3.559021 3.897681e+23 7.674351e-01 2 
    3.568167 3.951474e+23 7.740432e-01 2 
    3.577305 4.010997e+23 7.816942e-01 2 
    3.586451 4.170008e+23 8.085437e-01 2 
    3.595597 4.263780e+23 8.225252e-01 2 
    3.604734 4.251773e+23 8.160562e-01 2 
    3.613880 4.269734e+23 8.153607e-01 2 
    3.623026 4.347386e+23 8.260032e-01 2 
    3.632163 4.526453e+23 8.557045e-01 2 
    3.641310 4.638770e+23 8.725372e-01 2 
    3.650446 4.712253e+23 8.819280e-01 2 
    3.659593 4.738137e+23 8.823452e-01 2 
    3.668739 4.752466e+23 8.806063e-01 2 
    3.677876 4.773149e+23 8.800497e-01 2 
    3.687022 4.813222e+23 8.830411e-01 2 
    3.696168 4.858468e+23 8.869362e-01 2 
    3.705306 4.997392e+23 9.078033e-01 2 
    3.714452 5.026326e+23 9.085684e-01 2 
    3.723589 5.045672e+23 9.075947e-01 2 
    3.732735 5.261293e+23 9.417477e-01 2 
    3.741881 5.371849e+23 9.568422e-01 2 
    3.751018 5.437356e+23 9.637978e-01 2 
    3.760164 5.379123e+23 9.488429e-01 2 
    3.769311 5.410474e+23 9.497469e-01 2 
    3.778448 5.441116e+23 9.505119e-01 2 
    3.787594 5.347858e+23 9.297142e-01 2 
    3.796731 5.388968e+23 9.323574e-01 2 
    3.805877 5.598371e+23 9.639369e-01 2 
    3.815023 5.816097e+23 9.966295e-01 2 
    3.824160 5.822779e+23 9.930122e-01 2 
    3.833307 5.814601e+23 9.868909e-01 2 
    3.842453 5.876560e+23 9.926644e-01 2 
    3.851590 5.927296e+23 9.964901e-01 2 
    3.860736 5.994557e+23 1.003029e+00 2 
    3.869873 6.250601e+23 1.040938e+00 2 
    3.879019 6.614230e+23 1.096306e+00 2 
    3.888165 6.666539e+23 1.099784e+00 2 
    3.897303 6.536507e+23 1.073282e+00 2 
    3.906449 6.442517e+23 1.052902e+00 2 
    3.915595 6.593735e+23 1.072587e+00 2 
    3.924732 6.711753e+23 1.086707e+00 2 
    3.933879 6.837596e+23 1.101940e+00 2 
    3.943015 6.906686e+23 1.107922e+00 2 
    3.952161 6.871241e+23 1.097141e+00 2 
    3.961308 6.765660e+23 1.075299e+00 2 
    3.970444 6.706333e+23 1.060971e+00 2 
    3.979591 6.777020e+23 1.067231e+00 2 
    3.988737 6.940884e+23 1.088029e+00 2 
    3.997874 7.005704e+23 1.093176e+00 2 
    4.007020 6.983165e+23 1.084690e+00 2 
    4.016158 7.047886e+23 1.089767e+00 2 
    4.025304 7.239095e+23 1.114252e+00 2 
    4.034450 7.293820e+23 1.117591e+00 2 
    4.043587 7.271716e+23 1.109174e+00 2 
    4.052733 7.294114e+23 1.107575e+00 2 
    4.061880 7.499631e+23 1.133658e+00 2 
    4.071016 7.704435e+23 1.159395e+00 2 
    4.080163 7.736306e+23 1.158978e+00 2 
    4.089299 7.877797e+23 1.174907e+00 2 
    4.098446 8.010050e+23 1.189305e+00 2 
    4.107592 8.105605e+23 1.198139e+00 2 
    4.116729 8.148794e+23 1.199182e+00 2 
    4.125875 8.242966e+23 1.207669e+00 2 
    4.135021 8.387804e+23 1.223459e+00 2 
    4.144158 8.605970e+23 1.249752e+00 2 
    4.153305 8.661319e+23 1.252255e+00 2 
    4.162442 8.698020e+23 1.252046e+00 2 
    4.171588 8.661543e+23 1.241335e+00 2 
    4.180734 8.658618e+23 1.235492e+00 2 
    4.189871 8.628939e+23 1.225893e+00 2 
    4.199017 8.583055e+23 1.214068e+00 2 
    4.208164 8.385393e+23 1.180958e+00 2 
    4.217300 8.322636e+23 1.167047e+00 2 
    4.226447 8.034448e+23 1.121764e+00 2 
    4.235584 7.997672e+23 1.111817e+00 2 
    4.244730 7.913154e+23 1.095332e+00 2 
    4.253876 8.154212e+23 1.123851e+00 2 
    4.263013 8.413311e+23 1.154596e+00 2 
    4.272159 8.839879e+23 1.207947e+00 2 
    4.281306 9.254536e+23 1.259211e+00 2 
    4.290443 9.497385e+23 1.286756e+00 2 
    4.299589 9.606494e+23 1.296007e+00 2 
    4.308726 9.499280e+23 1.276114e+00 2 
    4.317872 9.576051e+23 1.280983e+00 2 
    4.327019 9.543557e+23 1.271245e+00 2 
    4.336155 9.680393e+23 1.284044e+00 2 
    4.345301 9.790787e+23 1.293226e+00 2 
    4.354448 9.779693e+23 1.286339e+00 2 
    4.363585 9.531884e+23 1.248499e+00 2 
    4.372731 9.360704e+23 1.220955e+00 2 
    4.381868 9.559446e+23 1.241683e+00 2 
    4.391014 9.875800e+23 1.277436e+00 2 
    4.400160 9.986104e+23 1.286339e+00 2 
    4.409298 9.850306e+23 1.263593e+00 2 
    4.418444 9.890125e+23 1.263454e+00 2 
    4.427590 9.873704e+23 1.256151e+00 2 
    4.436727 9.805796e+23 1.242378e+00 2 
    4.445873 9.506681e+23 1.199530e+00 2 
    4.455010 9.201496e+23 1.156265e+00 2 
    4.464156 9.083131e+23 1.136720e+00 2 
    4.473303 8.850272e+23 1.103053e+00 2 
    4.482439 8.739644e+23 1.084829e+00 2 
    4.491586 8.406237e+23 1.039199e+00 2 
    4.500732 8.089667e+23 9.960033e-01 2 
    4.509869 7.720928e+23 9.467560e-01 2 
    4.519015 7.515910e+23 9.178896e-01 2 
    4.528152 7.349611e+23 8.939615e-01 2 
    4.537299 7.313875e+23 8.860317e-01 2 
    4.546445 7.012484e+23 8.461054e-01 2 
    4.555582 6.799911e+23 8.171691e-01 2 
    4.564728 6.498317e+23 7.777993e-01 2 
    4.573875 6.468372e+23 7.711215e-01 2 
    4.583011 6.555750e+23 7.784255e-01 2 
    4.592157 6.686044e+23 7.907373e-01 2 
    4.601295 7.069923e+23 8.328197e-01 2 
    4.610441 7.227888e+23 8.480529e-01 2 
    4.619587 7.577999e+23 8.856144e-01 2 
    4.628724 7.817149e+23 9.099600e-01 2 
    4.637870 8.253613e+23 9.569812e-01 2 
    4.647017 8.479532e+23 9.793090e-01 2 
    4.656154 8.453048e+23 9.724227e-01 2 
    4.665300 8.165778e+23 9.356962e-01 2 
    4.674531 7.785538e+23 8.886055e-01 2 
    4.721276 8.622773e+23 9.647717e-01 0 
    4.768489 9.497493e+23 1.041703e+00 0 
    4.816174 1.041101e+24 1.119400e+00 0 
    4.864336 1.136534e+24 1.197930e+00 0 
    4.912979 1.236055e+24 1.277157e+00 0 
    4.929607 1.270869e+24 1.304285e+00 3 
    4.958180 1.362572e+24 1.382329e+00 3 
    4.986753 1.382206e+24 1.386224e+00 3 
    5.015326 1.410859e+24 1.398884e+00 3 
    5.043899 1.443158e+24 1.414743e+00 3 
    5.072481 1.486327e+24 1.440689e+00 3 
    5.101054 1.521335e+24 1.458147e+00 3 
    5.129626 1.558460e+24 1.477137e+00 3 
    5.158199 1.596203e+24 1.496196e+00 3 
    5.186772 1.638246e+24 1.518733e+00 3 
    5.215354 1.681158e+24 1.541478e+00 3 
    5.243927 1.730537e+24 1.569510e+00 3 
    5.272500 1.752548e+24 1.572292e+00 3 
    5.301073 1.779746e+24 1.579526e+00 3 
    5.329645 1.827582e+24 1.604637e+00 3 
    5.358227 1.845476e+24 1.603107e+00 3 
    5.386800 1.869176e+24 1.606515e+00 3 
    5.415373 1.892493e+24 1.609437e+00 3 
    5.443946 1.929378e+24 1.623626e+00 3 
    5.472519 1.960041e+24 1.632251e+00 3 
    5.501101 2.007999e+24 1.654858e+00 3 
    5.529674 2.039914e+24 1.663831e+00 3 
    5.558246 2.063290e+24 1.665640e+00 3 
    5.586819 2.096222e+24 1.674960e+00 3 
    5.615392 2.117806e+24 1.675030e+00 3 
    5.643974 2.136666e+24 1.672874e+00 3 
    5.672547 2.172355e+24 1.683725e+00 3 
    5.701120 2.188402e+24 1.679203e+00 3 
    5.729693 2.174775e+24 1.652145e+00 3 
    5.758265 2.181354e+24 1.640738e+00 3 
    5.786847 2.173736e+24 1.618897e+00 3 
    5.815420 2.167901e+24 1.598725e+00 3 
    5.843993 2.158776e+24 1.576466e+00 3 
    5.872566 2.139924e+24 1.547530e+00 3 
    5.901138 2.177989e+24 1.559842e+00 3 
    5.929721 2.198550e+24 1.559424e+00 3 
    5.958294 2.217115e+24 1.557546e+00 3 
    5.986867 2.212339e+24 1.539391e+00 3 
    6.015439 2.196771e+24 1.514072e+00 3 
    6.044012 2.160839e+24 1.475259e+00 3 
    6.072594 2.185336e+24 1.477972e+00 3 
    6.101167 2.201693e+24 1.475120e+00 3 
    6.129740 2.185161e+24 1.450427e+00 3 
    6.158312 2.158722e+24 1.419612e+00 3 
    6.186885 2.174210e+24 1.416621e+00 3 
    6.215467 2.280757e+24 1.472407e+00 3 
    6.244040 2.353208e+24 1.505308e+00 3 
    6.272613 2.380829e+24 1.509134e+00 3 
    6.301186 2.408217e+24 1.512681e+00 3 
    6.329759 2.397924e+24 1.492648e+00 3 
    6.358341 2.424928e+24 1.495918e+00 3 
    6.386913 2.461106e+24 1.504682e+00 3 
    6.415487 2.479846e+24 1.502664e+00 3 
    6.444059 2.546574e+24 1.529445e+00 3 
    6.472632 2.559509e+24 1.523671e+00 3 
    6.501214 2.607273e+24 1.538487e+00 3 
    6.529787 2.664608e+24 1.558589e+00 3 
    6.558360 2.696736e+24 1.563667e+00 3 
    6.586933 2.739283e+24 1.574588e+00 3 
    6.615506 2.783972e+24 1.586482e+00 3 
    6.644088 2.832827e+24 1.600463e+00 3 
    6.672660 2.881460e+24 1.614028e+00 3 
    6.701233 2.888029e+24 1.603942e+00 3 
    6.729806 2.863699e+24 1.576953e+00 3 
    6.758378 2.812525e+24 1.535705e+00 3 
    6.786961 2.689138e+24 1.455991e+00 3 
    6.815534 2.544703e+24 1.366261e+00 3 
    6.844107 2.463660e+24 1.311728e+00 3 
    6.872679 2.492968e+24 1.316319e+00 3 
    6.901252 2.593573e+24 1.358123e+00 3 
    6.929834 2.696935e+24 1.400623e+00 3 
    6.958407 2.821583e+24 1.453348e+00 3 
    6.986980 2.960942e+24 1.512681e+00 3 
    7.015553 3.047392e+24 1.544191e+00 3 
    7.044125 3.450210e+24 1.734155e+00 3 
    7.072708 3.208442e+24 1.599629e+00 3 
    7.101280 3.267188e+24 1.615836e+00 3 
    7.129853 3.294383e+24 1.616253e+00 3 
    7.158425 3.258100e+24 1.585718e+00 3 
    7.215571 3.225379e+24 1.545026e+00 3 
    7.272726 3.207639e+24 1.512473e+00 3 
    7.329872 3.427272e+24 1.590934e+00 3 
    7.387018 3.668115e+24 1.676491e+00 3 
    7.444172 3.801138e+24 1.710713e+00 3 
    7.501318 3.918573e+24 1.736798e+00 3 
    7.558473 4.002893e+24 1.747440e+00 3 
    7.615619 4.074325e+24 1.752031e+00 3 
    7.672765 4.149492e+24 1.757874e+00 3 
    7.729919 4.216874e+24 1.760100e+00 3 
    7.787065 4.289094e+24 1.764064e+00 3 
    7.844211 4.283803e+24 1.736310e+00 3 
    7.901365 4.298920e+24 1.717321e+00 3 
    7.958511 4.274945e+24 1.683307e+00 3 
    8.015656 4.246601e+24 1.648389e+00 3 
    8.072812 4.142156e+24 1.585161e+00 3 
    8.129957 4.000994e+24 1.509690e+00 3 
    8.187112 3.831057e+24 1.425455e+00 3 
    8.244258 3.631847e+24 1.332665e+00 3 
    8.301404 3.425591e+24 1.239735e+00 3 
    8.358559 3.207723e+24 1.145066e+00 3 
    8.415704 2.982896e+24 1.050398e+00 3 
    8.472850 2.755848e+24 9.573984e-01 3 
    8.530004 2.536241e+24 8.693378e-01 3 
    8.587150 2.314086e+24 7.826684e-01 3 
    8.644295 2.091774e+24 6.981552e-01 3 
    8.701450 1.847369e+24 6.085087e-01 3 
    8.758596 1.609149e+24 5.231469e-01 3 
    8.815751 1.375596e+24 4.414369e-01 3 
    8.872896 1.153624e+24 3.654516e-01 3 
    8.930042 9.591748e+23 2.999765e-01 3 
    8.987196 7.875380e+23 2.431753e-01 3 
    9.044342 6.306991e+23 1.922935e-01 3 
    9.101488 5.072358e+23 1.527149e-01 3 
    9.158643 4.113690e+23 1.223111e-01 3 
    9.215788 3.342049e+23 9.813961e-02 3 
    9.272934 2.740187e+23 7.947714e-02 3 
    9.330089 2.240670e+23 6.419522e-02 3 
    9.387235 1.936118e+23 5.479652e-02 3 
    9.444390 1.670222e+23 4.670065e-02 3 
    9.501535 1.446209e+23 3.995212e-02 3 
    9.558681 1.306886e+23 3.567289e-02 3 
    9.615836 1.264770e+23 3.411410e-02 3 
    9.672982 1.193470e+23 3.181172e-02 3 
    9.730128 1.037564e+23 2.733217e-02 3 
    9.787282 1.002769e+23 2.610796e-02 3 
    9.844428 1.011134e+23 2.602101e-02 3 
    9.901573 9.813989e+22 2.496512e-02 3 
    9.958728 1.047502e+23 2.634168e-02 3 
   10.015874 1.158463e+23 2.880055e-02 3 
   10.073029 1.228575e+23 3.019798e-02 3 
   10.130174 1.298079e+23 3.154741e-02 3 
   10.187320 1.420730e+23 3.414192e-02 3 
   10.244475 1.542734e+23 3.666132e-02 3 
   10.301621 1.665392e+23 3.913829e-02 3 
   10.358766 1.820867e+23 4.232127e-02 3 
   10.415921 1.930279e+23 4.437324e-02 3 
   10.473067 2.107411e+23 4.791791e-02 3 
   10.530213 2.249692e+23 5.059938e-02 3 
   10.587367 2.392790e+23 5.323842e-02 3 
   10.644513 2.510208e+23 5.525282e-02 3 
   10.701668 2.606582e+23 5.676293e-02 3 
   10.758813 2.668714e+23 5.750025e-02 3 
   10.815959 2.843407e+23 6.061854e-02 3 
   10.873114 2.988943e+23 6.305307e-02 3 
   10.930259 3.278245e+23 6.843479e-02 3 
   10.987405 3.705710e+23 7.655572e-02 3 
   11.044559 4.155678e+23 8.496529e-02 3 
   11.101705 4.747403e+23 9.606678e-02 3 
   11.158851 5.752836e+23 1.152231e-01 3 
   11.216005 6.921322e+23 1.372174e-01 3 
   11.273151 7.885928e+23 1.547600e-01 3 
   11.330307 8.661770e+23 1.682751e-01 3 
   11.387452 9.460757e+23 1.819572e-01 3 
   11.444598 1.045569e+24 1.990893e-01 3 
   11.501753 1.150381e+24 2.168753e-01 3 
   11.558898 1.254814e+24 2.342302e-01 3 
   11.616044 1.363818e+24 2.520788e-01 3 
   11.673199 1.473118e+24 2.696213e-01 3 
   11.730345 1.594457e+24 2.889932e-01 3 
   11.787491 1.716521e+24 3.081078e-01 3 
   11.844645 1.831068e+24 3.255043e-01 3 
   11.901791 1.976190e+24 3.479369e-01 3 
   11.958946 2.170361e+24 3.784798e-01 3 
   12.016091 2.384528e+24 4.118816e-01 3 
   12.073237 2.629150e+24 4.498465e-01 3 
   12.130392 2.875427e+24 4.873592e-01 3 
   12.187537 3.120323e+24 5.239190e-01 3 
   12.244683 3.366597e+24 5.600057e-01 3 
   12.301839 3.623024e+24 5.970733e-01 3 
   12.358983 3.847230e+24 6.281728e-01 3 
   12.416128 4.062095e+24 6.571645e-01 3 
   12.473284 4.276533e+24 6.855303e-01 3 
   12.530429 4.479367e+24 7.115104e-01 3 
   12.587574 4.668799e+24 7.348819e-01 3 
   12.644730 4.849980e+24 7.565146e-01 3 
   12.701875 5.016759e+24 7.755039e-01 3 
   12.759031 5.201851e+24 7.969278e-01 3 
   12.816176 5.418968e+24 8.228035e-01 3 
   12.873321 5.407776e+24 8.138305e-01 3 
   12.930477 5.393882e+24 8.045792e-01 3 
   12.987622 5.446367e+24 8.052748e-01 3 
   13.044768 5.470671e+24 8.017968e-01 3 
   13.101923 5.474669e+24 7.953976e-01 3 
   13.159069 5.510456e+24 7.936585e-01 3 
   13.216214 5.554035e+24 7.930324e-01 3 
   13.273369 5.555989e+24 7.864942e-01 3 
   13.330514 5.576673e+24 7.826684e-01 3 
   13.387670 5.570609e+24 7.751561e-01 3 
   13.444816 5.472567e+24 7.550537e-01 3 
   13.501961 5.356993e+24 7.328647e-01 3 
   13.559116 5.153241e+24 6.990595e-01 3 
   13.616261 4.886308e+24 6.572968e-01 3 
   13.673406 4.717423e+24 6.292857e-01 3 
   13.773713 5.654699e+24 7.433681e-01 3 
   13.853727 5.732899e+24 7.449678e-01 3 
   13.933738 5.705633e+24 7.329342e-01 3 
   14.013748 5.673304e+24 7.204832e-01 3 
   14.093750 5.750454e+24 7.220137e-01 3 
   14.173761 5.794078e+24 7.193009e-01 3 
   14.253772 5.878944e+24 7.216659e-01 3 
   14.333773 5.942258e+24 7.213182e-01 3 
   14.413784 5.950258e+24 7.142927e-01 3 
   14.493795 5.930962e+24 7.041373e-01 3 
   14.573798 5.888272e+24 6.914150e-01 3 
   14.653809 5.849614e+24 6.793954e-01 3 
   14.733822 5.836170e+24 6.704919e-01 3 
   14.813823 5.791633e+24 6.582079e-01 3 
   14.893834 5.754448e+24 6.469744e-01 3 
   14.973845 5.741837e+24 6.386761e-01 3 
   15.053847 5.658365e+24 6.227194e-01 3 
   15.133859 5.527295e+24 6.018798e-01 3 
   15.213870 5.378285e+24 5.795099e-01 3 
   15.293881 5.247646e+24 5.595328e-01 3 
   15.373884 5.111654e+24 5.393748e-01 3 
   15.453895 4.902562e+24 5.119690e-01 3 
   15.533906 4.796044e+24 4.956992e-01 3 
   15.613909 4.600656e+24 4.706444e-01 3 
   15.693919 4.435046e+24 4.490883e-01 3 
   15.773930 4.267616e+24 4.277618e-01 3 
   15.853934 4.075966e+24 4.044389e-01 3 
   15.933944 3.888847e+24 3.820065e-01 3 
   16.013956 3.700698e+24 3.599009e-01 3 
   16.093956 3.621026e+24 3.486603e-01 3 
   16.173969 3.625091e+24 3.456067e-01 3 
   16.253980 3.629508e+24 3.426296e-01 3 
   16.333981 3.710715e+24 3.468726e-01 3 
   16.413994 3.760609e+24 3.481177e-01 3 
   16.494005 3.796830e+24 3.480690e-01 3 
   16.574016 3.807017e+24 3.456414e-01 3 
   16.654019 3.872170e+24 3.481872e-01 3 
   16.734030 3.908061e+24 3.480621e-01 3 
   16.814041 3.915007e+24 3.453701e-01 3 
   16.894044 3.935556e+24 3.439025e-01 3 
   16.974055 4.047332e+24 3.503436e-01 3 
   17.054066 4.066841e+24 3.487368e-01 3 
   17.134069 4.019031e+24 3.414261e-01 3 
   17.214077 4.031116e+24 3.392769e-01 3 
   17.294091 4.021297e+24 3.353259e-01 3 
   17.374092 4.063976e+24 3.357711e-01 3 
   17.454103 4.029952e+24 3.299143e-01 3 
   17.534114 4.009962e+24 3.252887e-01 3 
   17.614116 3.995410e+24 3.211708e-01 3 
   17.694127 3.966825e+24 3.159957e-01 3 
   17.774141 3.965776e+24 3.130743e-01 3 
   17.854152 3.947595e+24 3.088521e-01 3 
   17.934152 3.858002e+24 2.991557e-01 3 
   18.014164 3.828697e+24 2.942519e-01 3 
   18.094173 3.821510e+24 2.911078e-01 3 
   18.174177 3.795407e+24 2.865796e-01 3 
   18.254188 3.820999e+24 2.859884e-01 3 
   18.334198 3.795224e+24 2.815854e-01 3 
   18.414202 3.783308e+24 2.782674e-01 3 
   18.494214 3.892764e+24 2.838460e-01 3 
   18.574223 4.009943e+24 2.898767e-01 3 
   18.654227 4.115893e+24 2.949892e-01 3 
   18.734238 4.195130e+24 2.981054e-01 3 
   18.814248 4.308538e+24 3.035657e-01 3 
   18.894252 4.446517e+24 3.106398e-01 3 
   18.974261 4.567697e+24 3.164201e-01 3 
   19.054273 4.718396e+24 3.241202e-01 3 
   19.134284 4.898101e+24 3.336566e-01 3 
   19.214286 5.016061e+24 3.388525e-01 3 
   19.294298 5.181997e+24 3.471647e-01 3 
   19.454311 5.220276e+24 3.439998e-01 3 
   19.614333 5.675191e+24 3.679001e-01 3 
   19.774348 6.071237e+24 3.872302e-01 3 
   19.934359 6.458934e+24 4.053710e-01 3 
   20.094381 6.839745e+24 4.224615e-01 3 
   20.254395 7.205747e+24 4.380633e-01 3 
   20.414419 7.496266e+24 4.486084e-01 3 
   20.574431 7.724038e+24 4.550773e-01 3 
   20.734445 7.924025e+24 4.596820e-01 3 
   20.894469 8.068727e+24 4.609341e-01 3 
   21.054481 8.298245e+24 4.668675e-01 3 
   21.214494 8.545104e+24 4.735311e-01 3 
   21.374516 8.814412e+24 4.811685e-01 3 
   21.534530 9.002494e+24 4.841596e-01 3 
   21.694553 9.227885e+24 4.889869e-01 3 
   21.854566 9.522231e+24 4.972225e-01 3 
   22.014580 9.726925e+24 5.005544e-01 3 
   22.174603 9.928506e+24 5.035802e-01 3 
   22.334616 1.005784e+25 5.028568e-01 3 
   22.494630 1.017975e+25 5.017369e-01 3 
   22.654650 1.039395e+25 5.050826e-01 3 
   22.814664 1.061766e+25 5.087414e-01 3 
   22.974686 1.085060e+25 5.126854e-01 3 
   23.134700 1.115587e+25 5.198428e-01 3 
   23.294713 1.156014e+25 5.313061e-01 3 
   23.454736 1.199093e+25 5.436109e-01 3 
   23.614750 1.242588e+25 5.557210e-01 3 
   23.774763 1.288712e+25 5.686171e-01 3 
   23.934786 1.335277e+25 5.813114e-01 3 
   24.094800 1.389817e+25 5.970454e-01 3 
   24.254820 1.441581e+25 6.111380e-01 3 
   24.414834 1.481861e+25 6.200066e-01 3 
   24.574847 1.539701e+25 6.358450e-01 3 
   24.734870 1.576882e+25 6.428009e-01 3 
   24.894884 1.628325e+25 6.552656e-01 3 
   25.054897 1.677845e+25 6.665967e-01 3 
   25.214919 1.732045e+25 6.794232e-01 3 
   25.374931 1.784519e+25 6.912064e-01 3 
   25.534955 1.818899e+25 6.957207e-01 3 
   25.694967 1.854288e+25 7.004506e-01 3 
   25.854984 1.899455e+25 7.086584e-01 3 
   26.015006 1.934743e+25 7.129710e-01 3 
   26.175016 1.951546e+25 7.103975e-01 3 
   26.335028 1.991534e+25 7.161709e-01 3 
   26.495053 2.016202e+25 7.163099e-01 3 
   26.655066 2.058860e+25 7.227093e-01 3 
   26.815091 2.073426e+25 7.191617e-01 3 
   26.975103 2.108190e+25 7.225701e-01 3 
   27.135116 2.148883e+25 7.278566e-01 3 
   27.295138 2.182614e+25 7.306389e-01 3 
   27.455150 2.226780e+25 7.367600e-01 3 
   27.615166 2.256427e+25 7.379424e-01 3 
   27.775188 2.315789e+25 7.486544e-01 3 
   27.935200 2.339936e+25 7.478197e-01 3 
   28.095222 2.394780e+25 7.566537e-01 3 
   28.255237 2.453532e+25 7.664613e-01 3 
   28.415250 2.486355e+25 7.679917e-01 3 
   28.575272 2.528101e+25 7.721651e-01 3 
   28.735288 2.571463e+25 7.766863e-01 3 
   28.895300 2.587141e+25 7.727911e-01 3 
   29.055322 2.664849e+25 7.872592e-01 3 
   29.215334 2.703328e+25 7.899024e-01 3 
   29.375356 2.724359e+25 7.873984e-01 3 
   29.535372 2.756796e+25 7.881633e-01 3 
   29.695384 2.790437e+25 7.892068e-01 3 
   29.855406 2.877770e+25 8.052052e-01 3 
   30.015422 2.891112e+25 8.003362e-01 3 
   30.175434 2.900433e+25 7.944238e-01 3 
   30.335456 2.927170e+25 7.933108e-01 3 
   30.495469 2.982512e+25 7.998491e-01 3 
   30.655494 3.027001e+25 8.033271e-01 3 
   30.815506 3.050209e+25 8.011013e-01 3 
   30.975519 3.021223e+25 7.853116e-01 3 
   31.135541 3.040082e+25 7.821120e-01 3 
   31.295553 3.125768e+25 7.959540e-01 3 
   31.455569 3.172992e+25 7.997796e-01 3 
   31.615594 3.217624e+25 8.028402e-01 3 
   31.775606 3.159600e+25 7.804424e-01 3 
   31.935625 3.242419e+25 7.928934e-01 3 
   32.095638 3.388766e+25 8.204385e-01 3 
   32.255653 3.265654e+25 7.828075e-01 3 
   32.415675 3.262089e+25 7.742517e-01 3 
   32.575688 3.326930e+25 7.819032e-01 3 
   32.735700 3.388387e+25 7.885808e-01 3 
   32.895725 3.484070e+25 8.029793e-01 3 
   33.055734 3.484219e+25 7.952585e-01 3 
