# NGC 0520       
# 
# An Atlas of Galaxy Spectral Energy Distributions from the Ultraviolet to the Mid-Infrared
# Brown et al. (2014)
# http://dx.doi.org/10.5072/03/529D3551F0117
# http://dx.doi.org/10.17909/t9-5bxk-dh29
# 
# The Spectral Energy Distributions of Active Galactic Nuclei
# Brown et al. (2019)
# http://dx.doi.org/10.17909/t9-3dbt-8734
# 
# Column 1: Observed wavelength (um)
# Column 2: L_nu (W/Hz)
# Column 3: f_lam (erg/s/cm2/A)
# Column 4: Source (0 = model, 1 = Optical Spectrun, 2 = Akari, 3 = Spitzer IRS)
# 
  1.0203e-02 1.529995e+08 3.665478e-11 0 
  1.0392e-02 2.030835e+08 4.690000e-11 0 
  1.0610e-02 2.803760e+08 6.211644e-11 0 
  1.0807e-02 3.887582e+08 8.301674e-11 0 
  1.1008e-02 6.787715e+08 1.397022e-10 0 
  1.1395e-02 1.187794e+09 2.281439e-10 0 
  1.1795e-02 1.944013e+09 3.484976e-10 0 
  1.2098e-02 6.557114e+09 1.117331e-09 0 
  1.2494e-02 1.060899e+10 1.694991e-09 0 
  1.2697e-02 1.332677e+10 2.061670e-09 0 
  1.2815e-02 1.502080e+10 2.281142e-09 0 
  1.3113e-02 2.059264e+10 2.986787e-09 0 
  1.3204e-02 2.453248e+10 3.509351e-09 0 
  1.3388e-02 2.990408e+10 4.160978e-09 0 
  1.3700e-02 4.322315e+10 5.743435e-09 0 
  1.3986e-02 5.763867e+10 7.348917e-09 0 
  1.4312e-02 1.116081e+11 1.358913e-08 0 
  1.4713e-02 2.181170e+11 2.512948e-08 0 
  1.5091e-02 3.066782e+11 3.358484e-08 0 
  1.5513e-02 4.321981e+11 4.479068e-08 0 
  1.5911e-02 5.993505e+11 5.904490e-08 0 
  1.6207e-02 7.615977e+11 7.231306e-08 0 
  1.6585e-02 1.034443e+12 9.379333e-08 0 
  1.7010e-02 1.389068e+12 1.197323e-07 0 
  1.7287e-02 1.716719e+12 1.432704e-07 0 
  1.7689e-02 2.257945e+12 1.799713e-07 0 
  1.8018e-02 2.765044e+12 2.124151e-07 0 
  1.8185e-02 3.145550e+12 2.372282e-07 0 
  1.8608e-02 4.061634e+12 2.925484e-07 0 
  1.9086e-02 5.491780e+12 3.759930e-07 0 
  1.9396e-02 6.586909e+12 4.366704e-07 0 
  1.9802e-02 8.293108e+12 5.274674e-07 0 
  2.0217e-02 1.036774e+13 6.326259e-07 0 
  2.0498e-02 1.215376e+13 7.214130e-07 0 
  2.1024e-02 1.537167e+13 8.673346e-07 0 
  2.1613e-02 2.136484e+13 1.140686e-06 0 
  2.2014e-02 2.598392e+13 1.337221e-06 0 
  2.2321e-02 2.976523e+13 1.489973e-06 0 
  2.2683e-02 3.578546e+13 1.734611e-06 0 
  2.2999e-02 5.925282e+13 2.793750e-06 0 
  2.3427e-02 1.090714e+14 4.956489e-06 0 
  2.4027e-02 1.616927e+14 6.985343e-06 0 
  2.4587e-02 1.882337e+14 7.765737e-06 0 
  2.5218e-02 2.353492e+14 9.229705e-06 0 
  2.5687e-02 2.289298e+14 8.653107e-06 0 
  2.5984e-02 2.882110e+14 1.064621e-05 0 
  2.6406e-02 3.347292e+14 1.197250e-05 0 
  2.6897e-02 3.825672e+14 1.318853e-05 0 
  2.7397e-02 4.342188e+14 1.442777e-05 0 
  2.7907e-02 4.905797e+14 1.571013e-05 0 
  2.8425e-02 5.555177e+14 1.714721e-05 0 
  2.9021e-02 6.119299e+14 1.812063e-05 0 
  2.9628e-02 7.156781e+14 2.033338e-05 0 
  3.0110e-02 7.739519e+14 2.129065e-05 0 
  3.0811e-02 9.114055e+14 2.394399e-05 0 
  3.1821e-02 1.136845e+15 2.800078e-05 0 
  3.2787e-02 1.366822e+15 3.171064e-05 0 
  3.3784e-02 1.620751e+15 3.541527e-05 0 
  3.4810e-02 1.908539e+15 3.928162e-05 0 
  3.5703e-02 2.201425e+15 4.307160e-05 0 
  3.6619e-02 2.539297e+15 4.722772e-05 0 
  3.7472e-02 2.868761e+15 5.095385e-05 0 
  3.8522e-02 3.204111e+15 5.385008e-05 0 
  3.9510e-02 3.738640e+15 5.973049e-05 0 
  4.0524e-02 4.243285e+15 6.444275e-05 0 
  4.1372e-02 4.695700e+15 6.842011e-05 0 
  4.2238e-02 5.125151e+15 7.164673e-05 0 
  4.3024e-02 5.555196e+15 7.484698e-05 0 
  4.4127e-02 6.261842e+15 8.020284e-05 0 
  4.5051e-02 6.865970e+15 8.437028e-05 0 
  4.5995e-02 7.459503e+15 8.793972e-05 0 
  4.6958e-02 8.141448e+15 9.208289e-05 0 
  4.8052e-02 8.947406e+15 9.664306e-05 0 
  4.8945e-02 9.609425e+15 1.000408e-04 0 
  4.9970e-02 1.051248e+16 1.049985e-04 0 
    0.050548 1.134235e+16 1.107112e-04 0 
    0.051252 1.447802e+16 1.374624e-04 0 
    0.051965 1.533573e+16 1.416377e-04 0 
    0.053053 1.658490e+16 1.469567e-04 0 
    0.054039 1.736625e+16 1.483159e-04 0 
    0.055044 2.003100e+16 1.648842e-04 0 
    0.055938 2.283981e+16 1.820435e-04 0 
    0.056978 2.545155e+16 1.955223e-04 0 
    0.058037 2.658957e+16 1.968783e-04 0 
    0.058980 3.017776e+16 2.163585e-04 0 
    0.059939 3.196712e+16 2.219121e-04 0 
    0.061053 3.505200e+16 2.345283e-04 0 
    0.062045 4.146747e+16 2.686522e-04 0 
    0.063053 4.515424e+16 2.832588e-04 0 
    0.063930 4.827357e+16 2.945754e-04 0 
    0.064969 5.391473e+16 3.185602e-04 0 
    0.065873 5.763600e+16 3.312649e-04 0 
    0.066483 6.233108e+16 3.517061e-04 0 
    0.067563 6.709723e+16 3.665922e-04 0 
    0.068503 6.945482e+16 3.691302e-04 0 
    0.069456 8.350312e+16 4.316976e-04 0 
    0.070422 8.427685e+16 4.238265e-04 0 
    0.071566 1.013220e+17 4.933859e-04 0 
    0.072562 1.093210e+17 5.178233e-04 0 
    0.073571 1.174100e+17 5.409889e-04 0 
    0.074423 1.311295e+17 5.904494e-04 0 
    0.075458 1.431218e+17 6.268904e-04 0 
    0.076508 1.540651e+17 6.564277e-04 0 
    0.077573 1.728645e+17 7.164422e-04 0 
    0.078471 1.904154e+17 7.712233e-04 0 
    0.079562 2.059218e+17 8.113110e-04 0 
    0.080484 2.216684e+17 8.534561e-04 0 
    0.081416 2.369759e+17 8.916227e-04 0 
    0.082548 2.646680e+17 9.686899e-04 0 
    0.083504 2.453072e+17 8.773890e-04 0 
    0.084471 3.004058e+17 1.050000e-03 0 
    0.085449 3.218855e+17 1.099471e-03 0 
    0.086439 3.537529e+17 1.180802e-03 0 
    0.087440 3.869961e+17 1.262358e-03 0 
    0.088452 4.272713e+17 1.362024e-03 0 
    0.089476 4.631276e+17 1.442726e-03 0 
    0.090512 4.872024e+17 1.483179e-03 0 
    0.091560 7.459336e+17 2.219142e-03 0 
    0.092408 4.599458e+18 1.343334e-02 0 
    0.093478 1.034446e+19 2.952468e-02 0 
    0.094560 2.102352e+19 5.863904e-02 0 
    0.095435 3.004034e+19 8.225949e-02 0 
    0.096540 3.781882e+19 1.012022e-01 0 
    0.097433 8.505790e+18 2.234596e-02 0 
    0.098562 4.175478e+19 1.071973e-01 0 
    0.099474 4.282598e+19 1.079406e-01 0 
    0.100394 5.619574e+19 1.390543e-01 0 
    0.101557 5.256553e+19 1.271094e-01 0 
    0.102496 2.156247e+19 5.118952e-02 0 
    0.103445 4.262925e+19 9.935396e-02 0 
    0.104402 7.685937e+19 1.758635e-01 0 
    0.105611 7.955946e+19 1.778975e-01 0 
    0.106588 6.993634e+19 1.535263e-01 0 
    0.107574 8.254614e+19 1.779011e-01 0 
    0.108570 7.222714e+19 1.528190e-01 0 
    0.109574 9.009676e+19 1.871503e-01 0 
    0.110588 8.968335e+19 1.828910e-01 0 
    0.111611 9.114322e+19 1.824764e-01 0 
    0.112385 8.603765e+19 1.698902e-01 0 
    0.113425 1.034410e+20 2.005264e-01 0 
    0.114474 9.810697e+19 1.867165e-01 0 
    0.115534 1.051222e+20 1.964136e-01 0 
    0.116603 1.116077e+20 2.047251e-01 0 
    0.117411 8.743601e+19 1.581864e-01 0 
    0.118497 1.121279e+20 1.991569e-01 0 
    0.119594 8.584381e+19 1.496879e-01 0 
    0.120423 6.709689e+19 1.153931e-01 0 
    0.121537 3.595047e+19 6.069934e-02 0 
    0.122379 8.066929e+19 1.343355e-01 0 
    0.123512 1.209788e+20 1.977823e-01 0 
    0.124368 1.369907e+20 2.208869e-01 0 
    0.125519 1.385814e+20 2.193726e-01 0 
    0.126389 1.255161e+20 1.959644e-01 0 
    0.127558 1.569327e+20 2.405440e-01 0 
    0.128442 1.666093e+20 2.518730e-01 0 
    0.129631 1.478093e+20 2.193716e-01 0 
    0.130529 1.481493e+20 2.168613e-01 0 
    0.131434 1.768888e+20 2.553767e-01 0 
    0.132650 1.760759e+20 2.495640e-01 0 
    0.133570 1.662295e+20 2.323736e-01 0 
    0.134496 1.895381e+20 2.613209e-01 0 
    0.135428 1.891069e+20 2.571501e-01 0 
    0.136367 1.789339e+20 2.399775e-01 0 
    0.137628 1.895395e+20 2.495643e-01 0 
    0.138582 1.961982e+20 2.547873e-01 0 
    0.139543 1.814304e+20 2.323755e-01 0 
    0.140510 1.908525e+20 2.410903e-01 0 
    0.141484 1.980148e+20 2.467058e-01 0 
    0.142465 2.035639e+20 2.501387e-01 0 
    0.143452 2.063957e+20 2.501404e-01 0 
    0.144115 2.181229e+20 2.619264e-01 0 
    0.144780 2.226873e+20 2.649566e-01 0 
    0.145448 2.216652e+20 2.613234e-01 0 
    0.146456 2.141378e+20 2.489863e-01 0 
    0.147471 2.166263e+20 2.484245e-01 0 
    0.148494 2.221788e+20 2.512935e-01 0 
    0.149523 2.289301e+20 2.553780e-01 0 
    0.150559 2.257920e+20 2.484228e-01 0 
    0.151254 2.107117e+20 2.297054e-01 0 
    0.151603 2.226973e+20 2.416550e-01 0 
    0.152654 2.211545e+20 2.366878e-01 0 
    0.153358 2.040270e+20 2.163571e-01 0 
    0.154422 2.226935e+20 2.329087e-01 0 
    0.155492 2.156336e+20 2.224317e-01 0 
    0.156570 2.216687e+20 2.255193e-01 0 
    0.157655 2.380710e+20 2.388842e-01 0 
    0.158383 2.492866e+20 2.478439e-01 0 
    0.159481 2.598324e+20 2.547838e-01 0 
    0.160586 2.562703e+20 2.478446e-01 0 
    0.161327 2.598317e+20 2.489857e-01 0 
    0.162446 2.533391e+20 2.394311e-01 0 
    0.163572 2.695870e+20 2.512913e-01 0 
    0.164327 2.765039e+20 2.553759e-01 0 
    0.165466 2.622443e+20 2.388828e-01 0 
    0.166613 2.895336e+20 2.601223e-01 0 
    0.167382 2.671189e+20 2.377845e-01 0 
    0.167768 2.976501e+20 2.637450e-01 0 
    0.168542 3.102485e+20 2.723892e-01 0 
    0.169320 2.983395e+20 2.595319e-01 0 
    0.170494 2.955955e+20 2.536157e-01 0 
    0.171675 2.942343e+20 2.489864e-01 0 
    0.172468 2.962840e+20 2.484206e-01 0 
    0.173663 3.174736e+20 2.625364e-01 0 
    0.174465 3.145616e+20 2.577421e-01 0 
    0.175674 3.378316e+20 2.730120e-01 0 
    0.176485 3.138344e+20 2.512936e-01 0 
    0.177300 3.316718e+20 2.631404e-01 0 
    0.178529 3.401758e+20 2.661842e-01 0 
    0.179353 3.645030e+20 2.826052e-01 0 
    0.180596 3.661782e+20 2.800094e-01 0 
    0.181430 3.553965e+20 2.692721e-01 0 
    0.182687 3.620006e+20 2.705144e-01 0 
    0.183530 3.570294e+20 2.643543e-01 0 
    0.184378 3.347404e+20 2.455762e-01 0 
    0.185656 3.464978e+20 2.507142e-01 0 
    0.186512 3.628294e+20 2.601269e-01 0 
    0.187373 3.834520e+20 2.723914e-01 0 
    0.188672 3.695706e+20 2.589280e-01 0 
    0.189543 3.661908e+20 2.542075e-01 0 
    0.190418 3.825674e+20 2.631409e-01 0 
    0.191297 3.816834e+20 2.601258e-01 0 
    0.192623 3.808098e+20 2.559695e-01 0 
    0.193512 3.799315e+20 2.530381e-01 0 
    0.194405 4.165762e+20 2.749008e-01 0 
    0.195303 4.033743e+20 2.637466e-01 0 
    0.196656 4.392392e+20 2.832586e-01 0 
    0.197564 4.494660e+20 2.871955e-01 0 
    0.198476 4.382404e+20 2.774552e-01 0 
    0.199392 4.332084e+20 2.717552e-01 0 
    0.200312 4.402610e+20 2.736483e-01 0 
    0.201701 4.412772e+20 2.705153e-01 0 
    0.202632 4.515369e+20 2.742671e-01 0 
    0.203567 4.536269e+20 2.730112e-01 0 
    0.204507 4.739178e+20 2.826071e-01 0 
    0.205451 4.620608e+20 2.730103e-01 0 
    0.206399 4.684829e+20 2.742679e-01 0 
    0.207352 5.043127e+20 2.925364e-01 0 
    0.207830 5.043132e+20 2.911925e-01 0 
    0.208309 5.160574e+20 2.966049e-01 0 
    0.209270 4.996999e+20 2.845717e-01 0 
    0.210721 5.054666e+20 2.839052e-01 0 
    0.211694 5.184409e+20 2.885218e-01 0 
    0.212671 5.280815e+20 2.911930e-01 0 
    0.213652 4.973904e+20 2.717565e-01 0 
    0.214639 5.268646e+20 2.852189e-01 0 
    0.215629 5.428762e+20 2.911943e-01 0 
    0.216625 5.280790e+20 2.806585e-01 0 
    0.217625 5.317346e+20 2.800102e-01 0 
    0.218629 5.441212e+20 2.839073e-01 0 
    0.219638 5.750547e+20 2.972971e-01 0 
    0.220652 5.632502e+20 2.885241e-01 0 
    0.221671 5.391478e+20 2.736444e-01 0 
    0.222694 5.379098e+20 2.705135e-01 0 
    0.223722 5.898039e+20 2.938913e-01 0 
    0.224754 5.697717e+20 2.813083e-01 0 
    0.225272 5.466502e+20 2.686529e-01 0 
    0.226312 5.568068e+20 2.711351e-01 0 
    0.227357 5.817010e+20 2.806594e-01 0 
    0.228406 6.105657e+20 2.918864e-01 0 
    0.229461 5.833471e+20 2.763158e-01 0 
    0.230520 6.027643e+20 2.828960e-01 0 
    0.231584 5.906840e+20 2.746847e-01 0 
    0.232653 4.983725e+20 2.296324e-01 0 
    0.233726 5.594363e+20 2.554072e-01 0 
    0.234265 5.234376e+20 2.378738e-01 0 
    0.235347 5.998736e+20 2.701089e-01 0 
    0.236433 5.410929e+20 2.414082e-01 0 
    0.237524 5.800837e+20 2.564319e-01 0 
    0.238621 5.196219e+20 2.275970e-01 0 
    0.239722 5.648303e+20 2.451312e-01 0 
    0.240275 5.533751e+20 2.390556e-01 0 
    0.241384 5.730909e+20 2.453031e-01 0 
    0.242498 6.389263e+20 2.709760e-01 0 
    0.243617 6.261237e+20 2.631125e-01 0 
    0.244742 6.712536e+20 2.794899e-01 0 
    0.245306 6.698579e+20 2.776277e-01 0 
    0.246438 6.701881e+20 2.752187e-01 0 
    0.247576 6.462840e+20 2.629679e-01 0 
    0.248718 6.510804e+20 2.624924e-01 0 
    0.249292 6.320443e+20 2.536456e-01 0 
    0.250442 7.260418e+20 2.886980e-01 0 
    0.251020 6.267267e+20 2.480607e-01 0 
    0.251598 6.168730e+20 2.430400e-01 0 
    0.252760 6.073132e+20 2.370786e-01 0 
    0.253342 6.317293e+20 2.454783e-01 0 
    0.254512 6.422957e+20 2.472948e-01 0 
    0.255687 7.193928e+20 2.744386e-01 0 
    0.256276 6.935667e+20 2.633715e-01 0 
    0.257459 7.504191e+20 2.823476e-01 0 
    0.258647 7.490767e+20 2.792594e-01 0 
    0.259244 7.407140e+20 2.748714e-01 0 
    0.260440 7.159365e+20 2.632423e-01 0 
    0.261642 7.048540e+20 2.567916e-01 0 
    0.262245 7.695087e+20 2.790587e-01 0 
    0.263456 8.326152e+20 2.991745e-01 0 
    0.264672 9.477281e+20 3.374149e-01 0 
    0.265282 1.008786e+21 3.575031e-01 0 
    0.266507 8.995517e+20 3.158678e-01 0 
    0.267737 9.577748e+20 3.332292e-01 0 
    0.268354 9.871554e+20 3.418738e-01 0 
    0.269593 9.154200e+20 3.141229e-01 0 
    0.270214 9.699185e+20 3.312959e-01 0 
    0.271461 8.994168e+20 3.043985e-01 0 
    0.272714 8.957722e+20 3.003856e-01 0 
    0.273343 9.623370e+20 3.212238e-01 0 
    0.274605 8.045667e+20 2.660980e-01 0 
    0.275238 8.603550e+20 2.832418e-01 0 
    0.276508 9.309570e+20 3.036761e-01 0 
    0.277784 9.912284e+20 3.203729e-01 0 
    0.278425 8.897673e+20 2.862572e-01 0 
    0.279710 6.554495e+20 2.089391e-01 0 
    0.280355 7.188711e+20 2.281029e-01 0 
    0.281649 1.016017e+21 3.194339e-01 0 
    0.282298 1.116892e+21 3.495362e-01 0 
    0.283601 1.097164e+21 3.402143e-01 0 
    0.284255 1.043229e+21 3.220030e-01 0 
    0.285567 9.563886e+20 2.924926e-01 0 
    0.286225 1.142258e+21 3.477327e-01 0 
    0.287546 1.196743e+21 3.609798e-01 0 
    0.288209 1.188859e+21 3.569535e-01 0 
    0.289540 1.220091e+21 3.629708e-01 0 
    0.290876 1.395180e+21 4.112547e-01 0 
    0.292892 1.349023e+21 3.921939e-01 0 
    0.294923 1.340918e+21 3.844867e-01 0 
    0.296967 1.398864e+21 3.955995e-01 0 
    0.299025 1.436017e+21 4.005356e-01 0 
    0.301098 1.481011e+21 4.074169e-01 0 
    0.303185 1.523846e+21 4.134491e-01 0 
    0.305287 1.575194e+21 4.215158e-01 0 
    0.306696 1.624059e+21 4.306079e-01 0 
    0.308822 1.663371e+21 4.349798e-01 0 
    0.310962 1.727411e+21 4.455305e-01 0 
    0.313118 1.713151e+21 4.357888e-01 0 
    0.315288 1.754689e+21 4.402320e-01 0 
    0.316744 1.825847e+21 4.538831e-01 0 
    0.318939 1.741298e+21 4.269276e-01 0 
    0.321150 1.859039e+21 4.495408e-01 0 
    0.322632 1.764269e+21 4.227137e-01 0 
    0.324869 2.009024e+21 4.747501e-01 0 
    0.327121 2.179688e+21 5.080121e-01 0 
    0.328631 2.191165e+21 5.060047e-01 0 
    0.330909 2.208465e+21 5.030022e-01 0 
    0.332436 2.159597e+21 4.873635e-01 0 
    0.333202 2.236244e+21 5.023430e-01 0 
    0.333970 2.073287e+21 4.635974e-01 0 
    0.334740 2.381212e+21 5.300043e-01 0 
    0.335512 2.306430e+21 5.109995e-01 0 
    0.336285 2.037473e+21 4.493382e-01 0 
    0.337061 2.119514e+21 4.652815e-01 0 
    0.337838 2.287594e+21 4.998717e-01 0 
    0.338616 2.298887e+21 5.000335e-01 0 
    0.339397 2.326287e+21 5.036673e-01 0 
    0.340179 2.616985e+21 5.640045e-01 0 
    0.340964 2.317145e+21 4.970872e-01 0 
    0.341750 2.265129e+21 4.836958e-01 0 
    0.342537 2.473077e+21 5.256771e-01 0 
    0.343327 2.712552e+21 5.739295e-01 0 
    0.344118 2.452039e+21 5.164271e-01 0 
    0.344912 2.364163e+21 4.956296e-01 0 
    0.345707 2.453698e+21 5.120369e-01 0 
    0.346504 2.344076e+21 4.869132e-01 0 
    0.347302 2.630922e+21 5.439887e-01 0 
    0.348103 2.444930e+21 5.032077e-01 0 
    0.348906 2.650965e+21 5.431048e-01 0 
    0.349710 2.463519e+21 5.023844e-01 0 
    0.350516 2.702086e+21 5.485041e-01 0 
    0.351324 2.551796e+21 5.156165e-01 0 
    0.352134 2.811888e+21 5.655599e-01 0 
    0.352946 2.383105e+21 4.771150e-01 0 
    0.353759 2.794464e+21 5.569036e-01 0 
    0.354575 2.867091e+21 5.687504e-01 0 
    0.355392 2.962092e+21 5.848975e-01 0 
    0.356212 2.829745e+21 5.561944e-01 0 
    0.357033 2.534498e+21 4.958743e-01 0 
    0.357856 2.600445e+21 5.064395e-01 0 
    0.358681 2.367019e+21 4.588613e-01 0 
    0.359508 2.724860e+21 5.258036e-01 0 
    0.360336 3.072583e+21 5.901803e-01 0 
    0.361167 2.652484e+21 5.071461e-01 0 
    0.362000 2.956647e+21 5.627025e-01 0 
    0.362834 3.198588e+21 6.059528e-01 0 
    0.363670 2.819085e+21 5.316057e-01 0 
    0.364509 3.245320e+21 6.091684e-01 0 
    0.365349 3.002038e+21 5.609147e-01 0 
    0.366191 3.528302e+21 6.562161e-01 0 
    0.367035 3.355243e+21 6.211628e-01 0 
    0.367882 3.403079e+21 6.271211e-01 0 
    0.368730 3.213846e+21 5.895281e-01 0 
    0.369580 3.460885e+21 6.319267e-01 0 
    0.370181 2.723429e+21 4.956605e-01 1 
    0.370454 2.791845e+21 5.073634e-01 1 
    0.370727 2.657431e+21 4.822252e-01 1 
    0.371000 2.728482e+21 4.943900e-01 1 
    0.371273 3.013005e+21 5.451419e-01 1 
    0.371546 2.641385e+21 4.772028e-01 1 
    0.371819 2.294980e+21 4.140114e-01 1 
    0.372092 3.048579e+21 5.491530e-01 1 
    0.372365 3.139779e+21 5.647521e-01 1 
    0.372638 3.801767e+21 6.828222e-01 1 
    0.372911 4.665473e+21 8.367229e-01 1 
    0.373183 5.249100e+21 9.400211e-01 1 
    0.373456 4.466420e+21 7.986879e-01 1 
    0.373729 3.270481e+21 5.839754e-01 1 
    0.374002 3.576256e+21 6.376423e-01 1 
    0.374275 3.406971e+21 6.065732e-01 1 
    0.374548 4.328686e+21 7.695513e-01 1 
    0.374821 3.776539e+21 6.704133e-01 1 
    0.375094 2.211604e+21 3.920339e-01 1 
    0.375367 2.166642e+21 3.835053e-01 1 
    0.375640 3.389241e+21 5.990392e-01 1 
    0.375913 3.880252e+21 6.848284e-01 1 
    0.376186 3.853299e+21 6.790846e-01 1 
    0.376459 3.668486e+21 6.455767e-01 1 
    0.376731 2.945319e+21 5.175664e-01 1 
    0.377004 2.489707e+21 4.368706e-01 1 
    0.377277 2.849924e+21 4.993547e-01 1 
    0.377550 3.162185e+21 5.532670e-01 1 
    0.377823 3.692817e+21 6.451749e-01 1 
    0.378096 4.530774e+21 7.904323e-01 1 
    0.378369 4.429963e+21 7.717301e-01 1 
    0.378642 4.370489e+21 7.602719e-01 1 
    0.378915 4.447489e+21 7.725520e-01 1 
    0.379188 4.809554e+21 8.342421e-01 1 
    0.379461 3.686822e+21 6.385785e-01 1 
    0.379734 3.439489e+21 5.948827e-01 1 
    0.380007 4.084459e+21 7.054201e-01 1 
    0.380279 3.945907e+21 6.805164e-01 1 
    0.380552 3.958863e+21 6.817715e-01 1 
    0.380825 4.537260e+21 7.802597e-01 1 
    0.381098 4.736457e+21 8.133486e-01 1 
    0.381371 5.214093e+21 8.940872e-01 1 
    0.381644 4.855970e+21 8.314872e-01 1 
    0.381917 4.603061e+21 7.870553e-01 1 
    0.382190 4.198974e+21 7.169371e-01 1 
    0.382463 3.768073e+21 6.424465e-01 1 
    0.382736 3.098266e+21 5.274928e-01 1 
    0.383009 3.173391e+21 5.395131e-01 1 
    0.383282 3.331851e+21 5.656466e-01 1 
    0.383555 2.801693e+21 4.749651e-01 1 
    0.383827 3.061155e+21 5.182158e-01 1 
    0.384100 2.949585e+21 4.986190e-01 1 
    0.384373 3.604664e+21 6.084929e-01 1 
    0.384646 4.470990e+21 7.536640e-01 1 
    0.384919 4.646908e+21 7.822073e-01 1 
    0.385192 4.888385e+21 8.216889e-01 1 
    0.385465 5.325346e+21 8.938701e-01 1 
    0.385738 5.349936e+21 8.967269e-01 1 
    0.386011 5.012734e+21 8.390189e-01 1 
    0.386284 5.178772e+21 8.655851e-01 1 
    0.386557 5.466654e+21 9.124119e-01 1 
    0.386830 6.270319e+21 1.045071e+00 1 
    0.387103 5.461988e+21 9.090632e-01 1 
    0.387375 5.230834e+21 8.693690e-01 1 
    0.387648 5.437145e+21 9.023859e-01 1 
    0.387921 4.675010e+21 7.748050e-01 1 
    0.388194 4.801220e+21 7.946034e-01 1 
    0.388467 4.428934e+21 7.319601e-01 1 
    0.388740 3.991233e+21 6.586961e-01 1 
    0.389013 3.440648e+21 5.670331e-01 1 
    0.389286 3.513345e+21 5.782020e-01 1 
    0.389559 3.919466e+21 6.441349e-01 1 
    0.389832 4.452895e+21 7.307753e-01 1 
    0.390105 4.919565e+21 8.062321e-01 1 
    0.390378 4.829898e+21 7.904305e-01 1 
    0.390651 5.186058e+21 8.475316e-01 1 
    0.390923 5.563449e+21 9.079420e-01 1 
    0.391196 6.158997e+21 1.003732e+00 1 
    0.391469 5.960458e+21 9.700215e-01 1 
    0.391742 5.625759e+21 9.142760e-01 1 
    0.392015 5.560065e+21 9.023415e-01 1 
    0.392288 5.292580e+21 8.577364e-01 1 
    0.392561 5.465172e+21 8.844757e-01 1 
    0.392834 5.004447e+21 8.087874e-01 1 
    0.393107 4.356622e+21 7.031124e-01 1 
    0.393380 3.839589e+21 6.188091e-01 1 
    0.393653 3.564454e+21 5.736702e-01 1 
    0.393926 3.871891e+21 6.222863e-01 1 
    0.394199 4.509786e+21 7.238046e-01 1 
    0.394471 4.822876e+21 7.729874e-01 1 
    0.394744 5.531184e+21 8.852857e-01 1 
    0.395017 5.682298e+21 9.082155e-01 1 
    0.395290 5.744579e+21 9.169023e-01 1 
    0.395563 5.596070e+21 8.919660e-01 1 
    0.395836 5.759096e+21 9.166851e-01 1 
    0.396109 4.946977e+21 7.863338e-01 1 
    0.396382 4.511972e+21 7.162012e-01 1 
    0.396655 3.791724e+21 6.010453e-01 1 
    0.396928 3.291274e+21 5.209991e-01 1 
    0.397201 2.771179e+21 4.380668e-01 1 
    0.397474 3.248319e+21 5.127878e-01 1 
    0.397747 4.041925e+21 6.371929e-01 1 
    0.398019 4.958604e+21 7.806355e-01 1 
    0.398292 5.976920e+21 9.396600e-01 1 
    0.398565 5.780788e+21 9.075806e-01 1 
    0.398838 5.860039e+21 9.187639e-01 1 
    0.399111 6.211198e+21 9.724883e-01 1 
    0.399384 6.212497e+21 9.713624e-01 1 
    0.399657 6.261285e+21 9.776537e-01 1 
    0.399930 6.592174e+21 1.027915e+00 1 
    0.400203 6.587551e+21 1.025793e+00 1 
    0.400476 6.785198e+21 1.055130e+00 1 
    0.400749 6.531473e+21 1.014291e+00 1 
    0.401022 6.731127e+21 1.043873e+00 1 
    0.401295 7.031286e+21 1.088939e+00 1 
    0.401567 6.774656e+21 1.047774e+00 1 
    0.401840 6.729584e+21 1.039390e+00 1 
    0.402113 7.267988e+21 1.121023e+00 1 
    0.402386 7.286289e+21 1.122321e+00 1 
    0.402659 7.352933e+21 1.131051e+00 1 
    0.402932 7.313397e+21 1.123446e+00 1 
    0.403205 7.031042e+21 1.078610e+00 1 
    0.403478 6.595872e+21 1.010483e+00 1 
    0.403751 7.108948e+21 1.087613e+00 1 
    0.404024 7.492582e+21 1.144758e+00 1 
    0.404297 7.290383e+21 1.112361e+00 1 
    0.404570 6.938741e+21 1.057279e+00 1 
    0.404843 6.804529e+21 1.035431e+00 1 
    0.405115 6.918163e+21 1.051310e+00 1 
    0.405388 7.140296e+21 1.083605e+00 1 
    0.405661 7.379576e+21 1.118411e+00 1 
    0.405934 7.331826e+21 1.109680e+00 1 
    0.406207 7.071117e+21 1.068783e+00 1 
    0.406480 7.243432e+21 1.093358e+00 1 
    0.406753 6.793659e+21 1.024091e+00 1 
    0.407026 6.728201e+21 1.012864e+00 1 
    0.407299 6.692880e+21 1.006197e+00 1 
    0.407572 6.756351e+21 1.014378e+00 1 
    0.407845 6.627869e+21 9.937568e-01 1 
    0.408118 6.523986e+21 9.768727e-01 1 
    0.408391 6.808903e+21 1.018172e+00 1 
    0.408663 6.724564e+21 1.004223e+00 1 
    0.408936 6.773706e+21 1.010211e+00 1 
    0.409209 6.674718e+21 9.941204e-01 1 
    0.409482 6.177574e+21 9.188503e-01 1 
    0.409755 5.873869e+21 8.725137e-01 1 
    0.410028 5.223809e+21 7.749197e-01 1 
    0.410301 5.249759e+21 7.777333e-01 1 
    0.410574 5.141067e+21 7.606183e-01 1 
    0.410847 5.311983e+21 7.848612e-01 1 
    0.411120 5.672186e+21 8.369695e-01 1 
    0.411393 6.119016e+21 9.017044e-01 1 
    0.411666 6.765386e+21 9.956324e-01 1 
    0.411939 7.011479e+21 1.030482e+00 1 
    0.412211 7.012415e+21 1.029260e+00 1 
    0.412484 6.692696e+21 9.810324e-01 1 
    0.412757 6.564336e+21 9.609448e-01 1 
    0.413030 6.824625e+21 9.977278e-01 1 
    0.413303 6.820600e+21 9.958226e-01 1 
    0.413576 6.931747e+21 1.010715e+00 1 
    0.413849 7.538467e+21 1.097730e+00 1 
    0.414122 7.594951e+21 1.104498e+00 1 
    0.414395 7.603276e+21 1.104252e+00 1 
    0.414668 7.171055e+21 1.040108e+00 1 
    0.414941 7.518716e+21 1.089099e+00 1 
    0.415214 7.668963e+21 1.109402e+00 1 
    0.415487 7.732287e+21 1.117093e+00 1 
    0.415759 7.637732e+21 1.101990e+00 1 
    0.416032 7.637247e+21 1.100474e+00 1 
    0.416305 7.934870e+21 1.141861e+00 1 
    0.416578 7.860632e+21 1.129695e+00 1 
    0.416851 7.545480e+21 1.082983e+00 1 
    0.417124 7.647883e+21 1.096244e+00 1 
    0.417397 7.480376e+21 1.070832e+00 1 
    0.417670 7.223485e+21 1.032706e+00 1 
    0.417943 7.143886e+21 1.019992e+00 1 
    0.418216 7.153726e+21 1.020064e+00 1 
    0.418489 6.851161e+21 9.756465e-01 1 
    0.418762 7.095501e+21 1.009125e+00 1 
    0.419035 7.281228e+21 1.034190e+00 1 
    0.419307 7.394582e+21 1.048929e+00 1 
    0.419580 7.701346e+21 1.091022e+00 1 
    0.419853 7.399058e+21 1.046835e+00 1 
    0.420126 7.802486e+21 1.102479e+00 1 
    0.420399 7.628456e+21 1.076489e+00 1 
    0.420672 7.405623e+21 1.043688e+00 1 
    0.420945 7.846770e+21 1.104426e+00 1 
    0.421218 8.110209e+21 1.140026e+00 1 
    0.421491 7.863329e+21 1.103891e+00 1 
    0.421764 7.928684e+21 1.111626e+00 1 
    0.422037 8.116210e+21 1.136446e+00 1 
    0.422310 7.522520e+21 1.051955e+00 1 
    0.422583 7.116566e+21 9.939004e-01 1 
    0.422855 7.060686e+21 9.848281e-01 1 
    0.423128 6.866243e+21 9.564717e-01 1 
    0.423401 7.211696e+21 1.003299e+00 1 
    0.423674 7.901489e+21 1.097847e+00 1 
    0.423947 7.916560e+21 1.098525e+00 1 
    0.424220 7.673621e+21 1.063444e+00 1 
    0.424493 8.000351e+21 1.107298e+00 1 
    0.424766 7.960740e+21 1.100399e+00 1 
    0.425039 7.880554e+21 1.087917e+00 1 
    0.425312 7.690559e+21 1.060325e+00 1 
    0.425585 7.520282e+21 1.035519e+00 1 
    0.425858 7.676838e+21 1.055721e+00 1 
    0.426131 7.735328e+21 1.062402e+00 1 
    0.426403 7.975632e+21 1.094010e+00 1 
    0.426676 7.891780e+21 1.081123e+00 1 
    0.426949 7.563418e+21 1.034815e+00 1 
    0.427222 7.653775e+21 1.045839e+00 1 
    0.427495 7.894920e+21 1.077413e+00 1 
    0.427768 7.455662e+21 1.016169e+00 1 
    0.428041 7.801026e+21 1.061885e+00 1 
    0.428314 7.959796e+21 1.082116e+00 1 
    0.428587 8.045297e+21 1.092347e+00 1 
    0.428860 7.738953e+21 1.049416e+00 1 
    0.429133 7.743372e+21 1.048679e+00 1 
    0.429406 7.508905e+21 1.015633e+00 1 
    0.429679 7.392934e+21 9.986769e-01 1 
    0.429951 7.599778e+21 1.025320e+00 1 
    0.430224 7.016221e+21 9.453887e-01 1 
    0.430497 6.666970e+21 8.971904e-01 1 
    0.430770 7.056155e+21 9.483609e-01 1 
    0.431043 6.958562e+21 9.340599e-01 1 
    0.431316 7.089872e+21 9.504815e-01 1 
    0.431589 7.667479e+21 1.026617e+00 1 
    0.431862 8.158473e+21 1.090976e+00 1 
    0.432135 8.014601e+21 1.070384e+00 1 
    0.432408 7.881597e+21 1.051292e+00 1 
    0.432681 7.498554e+21 9.989374e-01 1 
    0.432954 7.688928e+21 1.023007e+00 1 
    0.433227 7.211894e+21 9.583293e-01 1 
    0.433500 7.109206e+21 9.434945e-01 1 
    0.433772 6.557043e+21 8.691233e-01 1 
    0.434045 6.626122e+21 8.771752e-01 1 
    0.434318 6.406455e+21 8.470295e-01 1 
    0.434591 6.522479e+21 8.612866e-01 1 
    0.434864 6.899963e+21 9.099893e-01 1 
    0.435137 7.441291e+21 9.801503e-01 1 
    0.435410 7.713893e+21 1.014783e+00 1 
    0.435683 7.481828e+21 9.830213e-01 1 
    0.435956 7.979357e+21 1.047078e+00 1 
    0.436229 8.295228e+21 1.087166e+00 1 
    0.436502 8.585302e+21 1.123775e+00 1 
    0.436775 8.898048e+21 1.163257e+00 1 
    0.437048 8.696861e+21 1.135536e+00 1 
    0.437320 8.190066e+21 1.068034e+00 1 
    0.437593 8.418118e+21 1.096404e+00 1 
    0.437866 8.387908e+21 1.091108e+00 1 
    0.438139 8.667721e+21 1.126101e+00 1 
    0.438412 8.165948e+21 1.059591e+00 1 
    0.438685 7.820465e+21 1.013499e+00 1 
    0.438958 8.222528e+21 1.064280e+00 1 
    0.439231 7.973334e+21 1.030743e+00 1 
    0.439504 8.207449e+21 1.059690e+00 1 
    0.439777 9.000086e+21 1.160588e+00 1 
    0.440050 9.037703e+21 1.163993e+00 1 
    0.440323 8.515374e+21 1.095361e+00 1 
    0.440596 8.502571e+21 1.092360e+00 1 
    0.440868 8.831710e+21 1.133246e+00 1 
    0.441141 8.827448e+21 1.131297e+00 1 
    0.441414 8.703086e+21 1.113980e+00 1 
    0.441687 9.034654e+21 1.154991e+00 1 
    0.441960 8.783619e+21 1.121512e+00 1 
    0.442233 8.962285e+21 1.142912e+00 1 
    0.442506 9.073620e+21 1.155683e+00 1 
    0.442779 9.306021e+21 1.183822e+00 1 
    0.443052 9.461172e+21 1.202076e+00 1 
    0.443325 9.036610e+21 1.146720e+00 1 
    0.443598 8.822301e+21 1.118148e+00 1 
    0.443871 8.675956e+21 1.098248e+00 1 
    0.444144 9.009184e+21 1.139028e+00 1 
    0.444416 8.960607e+21 1.131500e+00 1 
    0.444689 8.983286e+21 1.132971e+00 1 
    0.444962 9.384163e+21 1.182078e+00 1 
    0.445235 9.276963e+21 1.167142e+00 1 
    0.445508 9.324286e+21 1.171658e+00 1 
    0.445781 8.847961e+21 1.110444e+00 1 
    0.446054 8.419030e+21 1.055319e+00 1 
    0.446327 8.703201e+21 1.089605e+00 1 
    0.446600 8.771897e+21 1.096863e+00 1 
    0.446873 8.849060e+21 1.105161e+00 1 
    0.447146 8.992103e+21 1.121654e+00 1 
    0.447419 9.138138e+21 1.138480e+00 1 
    0.447692 9.340176e+21 1.162232e+00 1 
    0.447964 9.734501e+21 1.209829e+00 1 
    0.448237 9.491657e+21 1.178211e+00 1 
    0.448510 9.529409e+21 1.181458e+00 1 
    0.448783 9.624099e+21 1.191746e+00 1 
    0.449056 9.683179e+21 1.197604e+00 1 
    0.449329 9.784437e+21 1.208658e+00 1 
    0.449602 9.788138e+21 1.207647e+00 1 
    0.449875 9.478109e+21 1.167977e+00 1 
    0.450148 1.009014e+22 1.241890e+00 1 
    0.450421 1.040888e+22 1.279568e+00 1 
    0.450694 1.008901e+22 1.238743e+00 1 
    0.450967 1.026068e+22 1.258296e+00 1 
    0.451240 1.049459e+22 1.285425e+00 1 
    0.451512 1.040773e+22 1.273251e+00 1 
    0.451785 1.021305e+22 1.247925e+00 1 
    0.452058 1.060484e+22 1.294232e+00 1 
    0.452331 1.011510e+22 1.232974e+00 1 
    0.452604 9.588006e+21 1.167315e+00 1 
    0.452877 9.747674e+21 1.185324e+00 1 
    0.453150 9.295931e+21 1.129030e+00 1 
    0.453423 9.485093e+21 1.150617e+00 1 
    0.453696 9.408262e+21 1.139924e+00 1 
    0.453969 1.016748e+22 1.230432e+00 1 
    0.454242 9.933536e+21 1.200676e+00 1 
    0.454515 1.019542e+22 1.230850e+00 1 
    0.454788 1.022298e+22 1.232696e+00 1 
    0.455060 9.756701e+21 1.175066e+00 1 
    0.455333 9.791799e+21 1.177879e+00 1 
    0.455606 9.579663e+21 1.150980e+00 1 
    0.455879 9.967287e+21 1.196119e+00 1 
    0.456152 1.013670e+22 1.214993e+00 1 
    0.456425 1.020826e+22 1.222107e+00 1 
    0.456698 9.972709e+21 1.192481e+00 1 
    0.456971 1.034300e+22 1.235281e+00 1 
    0.457244 9.933173e+21 1.184918e+00 1 
    0.457517 1.040939e+22 1.240245e+00 1 
    0.457790 1.022404e+22 1.216708e+00 1 
    0.458063 1.023587e+22 1.216664e+00 1 
    0.458336 9.805996e+21 1.164180e+00 1 
    0.458608 1.007153e+22 1.194287e+00 1 
    0.458881 1.041980e+22 1.234115e+00 1 
    0.459154 1.009259e+22 1.193940e+00 1 
    0.459427 1.010215e+22 1.193651e+00 1 
    0.459700 1.026297e+22 1.211212e+00 1 
    0.459973 1.010071e+22 1.190649e+00 1 
    0.460246 1.046042e+22 1.231588e+00 1 
    0.460519 1.038214e+22 1.220923e+00 1 
    0.460792 1.097445e+22 1.289049e+00 1 
    0.461065 1.040812e+22 1.221081e+00 1 
    0.461338 1.055862e+22 1.237272e+00 1 
    0.461611 1.074372e+22 1.257474e+00 1 
    0.461884 1.092159e+22 1.276781e+00 1 
    0.462156 1.082414e+22 1.263900e+00 1 
    0.462429 1.100545e+22 1.283554e+00 1 
    0.462702 1.087884e+22 1.267290e+00 1 
    0.462975 1.126213e+22 1.310394e+00 1 
    0.463248 1.101590e+22 1.280234e+00 1 
    0.463521 1.088331e+22 1.263335e+00 1 
    0.463794 1.071354e+22 1.242165e+00 1 
    0.464067 1.045962e+22 1.211298e+00 1 
    0.464340 1.090957e+22 1.261920e+00 1 
    0.464613 1.056080e+22 1.220143e+00 1 
    0.464886 1.013655e+22 1.169751e+00 1 
    0.465159 1.041687e+22 1.200690e+00 1 
    0.465432 1.067941e+22 1.229507e+00 1 
    0.465704 1.096249e+22 1.260624e+00 1 
    0.465977 1.043196e+22 1.198212e+00 1 
    0.466250 1.060557e+22 1.216726e+00 1 
    0.466523 1.094881e+22 1.254634e+00 1 
    0.466796 1.074136e+22 1.229424e+00 1 
    0.467069 1.037008e+22 1.185540e+00 1 
    0.467342 1.061068e+22 1.211630e+00 1 
    0.467615 1.101997e+22 1.256898e+00 1 
    0.467888 1.123070e+22 1.279439e+00 1 
    0.468161 1.093501e+22 1.244300e+00 1 
    0.468434 1.088631e+22 1.237315e+00 1 
    0.468707 1.100641e+22 1.249508e+00 1 
    0.468980 1.121050e+22 1.271197e+00 1 
    0.469252 1.078743e+22 1.221806e+00 1 
    0.469525 1.097270e+22 1.241345e+00 1 
    0.469798 1.142361e+22 1.290855e+00 1 
    0.470071 1.069636e+22 1.207273e+00 1 
    0.470344 1.053675e+22 1.187878e+00 1 
    0.470617 1.064048e+22 1.198181e+00 1 
    0.470890 1.080589e+22 1.215397e+00 1 
    0.471163 1.068059e+22 1.199912e+00 1 
    0.471436 1.073914e+22 1.205092e+00 1 
    0.471709 1.078093e+22 1.208382e+00 1 
    0.471982 1.098830e+22 1.230201e+00 1 
    0.472255 1.104617e+22 1.235251e+00 1 
    0.472528 1.100339e+22 1.229046e+00 1 
    0.472800 1.094600e+22 1.221229e+00 1 
    0.473073 1.051630e+22 1.171934e+00 1 
    0.473346 1.066404e+22 1.187028e+00 1 
    0.473619 1.116423e+22 1.241272e+00 1 
    0.473892 1.101363e+22 1.223118e+00 1 
    0.474165 1.137431e+22 1.261719e+00 1 
    0.474438 1.123972e+22 1.245354e+00 1 
    0.474711 1.077282e+22 1.192250e+00 1 
    0.474984 1.066616e+22 1.179089e+00 1 
    0.475257 1.082936e+22 1.195755e+00 1 
    0.475530 1.062867e+22 1.172248e+00 1 
    0.475803 1.094018e+22 1.205221e+00 1 
    0.476076 1.090238e+22 1.199680e+00 1 
    0.476348 1.097856e+22 1.206683e+00 1 
    0.476621 1.104977e+22 1.213119e+00 1 
    0.476894 1.102137e+22 1.208616e+00 1 
    0.477167 1.113925e+22 1.220145e+00 1 
    0.477440 1.131502e+22 1.237981e+00 1 
    0.477713 1.111101e+22 1.214271e+00 1 
    0.477986 1.090995e+22 1.190937e+00 1 
    0.478259 1.089568e+22 1.188022e+00 1 
    0.478532 1.084637e+22 1.181297e+00 1 
    0.478805 1.095001e+22 1.191224e+00 1 
    0.479078 1.067976e+22 1.160501e+00 1 
    0.479351 1.092979e+22 1.186317e+00 1 
    0.479624 1.146999e+22 1.243534e+00 1 
    0.479896 1.145533e+22 1.240537e+00 1 
    0.480169 1.128613e+22 1.220824e+00 1 
    0.480442 1.118437e+22 1.208443e+00 1 
    0.480715 1.139604e+22 1.229915e+00 1 
    0.480988 1.192810e+22 1.285876e+00 1 
    0.481261 1.170095e+22 1.259959e+00 1 
    0.481534 1.137439e+22 1.223406e+00 1 
    0.481807 1.127405e+22 1.211240e+00 1 
    0.482080 1.134640e+22 1.217633e+00 1 
    0.482353 1.115691e+22 1.195943e+00 1 
    0.482626 1.122669e+22 1.202061e+00 1 
    0.482899 1.099490e+22 1.175913e+00 1 
    0.483172 1.129032e+22 1.206144e+00 1 
    0.483444 1.143006e+22 1.219699e+00 1 
    0.483717 1.140804e+22 1.215976e+00 1 
    0.483990 1.103206e+22 1.174574e+00 1 
    0.484263 1.074151e+22 1.142350e+00 1 
    0.484536 1.076911e+22 1.143995e+00 1 
    0.484809 1.071855e+22 1.137342e+00 1 
    0.485082 1.070966e+22 1.135120e+00 1 
    0.485355 1.056864e+22 1.118914e+00 1 
    0.485628 1.029343e+22 1.088552e+00 1 
    0.485901 9.497913e+21 1.003296e+00 1 
    0.486174 9.379480e+21 9.896730e-01 1 
    0.486447 9.811854e+21 1.034133e+00 1 
    0.486720 9.369164e+21 9.863678e-01 1 
    0.486992 9.421665e+21 9.907874e-01 1 
    0.487265 9.988060e+21 1.049173e+00 1 
    0.487538 1.041088e+22 1.092363e+00 1 
    0.487811 1.047087e+22 1.097428e+00 1 
    0.488084 1.075634e+22 1.126087e+00 1 
    0.488357 1.109390e+22 1.160128e+00 1 
    0.488630 1.085778e+22 1.134167e+00 1 
    0.488903 1.070312e+22 1.116764e+00 1 
    0.489176 1.064695e+22 1.109664e+00 1 
    0.489449 1.067131e+22 1.110962e+00 1 
    0.489722 1.128754e+22 1.173806e+00 1 
    0.489995 1.141362e+22 1.185596e+00 1 
    0.490268 1.155679e+22 1.199131e+00 1 
    0.490540 1.151648e+22 1.193623e+00 1 
    0.490813 1.119435e+22 1.158946e+00 1 
    0.491086 1.144793e+22 1.183882e+00 1 
    0.491359 1.181283e+22 1.220261e+00 1 
    0.491632 1.171408e+22 1.208716e+00 1 
    0.491905 1.127683e+22 1.162307e+00 1 
    0.492178 1.093600e+22 1.125928e+00 1 
    0.492451 1.103513e+22 1.134874e+00 1 
    0.492724 1.172528e+22 1.204515e+00 1 
    0.492997 1.192644e+22 1.223823e+00 1 
    0.493270 1.159163e+22 1.188150e+00 1 
    0.493543 1.173835e+22 1.201859e+00 1 
    0.493816 1.175740e+22 1.202479e+00 1 
    0.494088 1.178326e+22 1.203797e+00 1 
    0.494361 1.171808e+22 1.195816e+00 1 
    0.494634 1.161579e+22 1.184070e+00 1 
    0.494907 1.201055e+22 1.222960e+00 1 
    0.495180 1.189611e+22 1.209972e+00 1 
    0.495453 1.208521e+22 1.227851e+00 1 
    0.495726 1.197908e+22 1.215729e+00 1 
    0.495999 1.218815e+22 1.235585e+00 1 
    0.496272 1.175082e+22 1.189940e+00 1 
    0.496545 1.205635e+22 1.219537e+00 1 
    0.496818 1.214316e+22 1.226968e+00 1 
    0.497091 1.205156e+22 1.216376e+00 1 
    0.497364 1.195015e+22 1.204817e+00 1 
    0.497636 1.193189e+22 1.201661e+00 1 
    0.497909 1.231951e+22 1.239339e+00 1 
    0.498182 1.148591e+22 1.154213e+00 1 
    0.498455 1.138464e+22 1.142783e+00 1 
    0.498728 1.157096e+22 1.160215e+00 1 
    0.499001 1.157787e+22 1.159638e+00 1 
    0.499274 1.177227e+22 1.177819e+00 1 
    0.499547 1.184680e+22 1.183981e+00 1 
    0.499820 1.182000e+22 1.180012e+00 1 
    0.500093 1.204476e+22 1.201138e+00 1 
    0.500366 1.232489e+22 1.227733e+00 1 
    0.500639 1.273353e+22 1.267056e+00 1 
    0.500912 1.305099e+22 1.297230e+00 1 
    0.501184 1.228024e+22 1.219295e+00 1 
    0.501457 1.188841e+22 1.179106e+00 1 
    0.501730 1.140700e+22 1.130128e+00 1 
    0.502003 1.136342e+22 1.124586e+00 1 
    0.502276 1.161576e+22 1.148310e+00 1 
    0.502549 1.171022e+22 1.156391e+00 1 
    0.502822 1.164994e+22 1.149189e+00 1 
    0.503095 1.157780e+22 1.140834e+00 1 
    0.503368 1.173228e+22 1.154802e+00 1 
    0.503641 1.210356e+22 1.190056e+00 1 
    0.503914 1.211844e+22 1.190228e+00 1 
    0.504187 1.197448e+22 1.174816e+00 1 
    0.504460 1.199717e+22 1.175768e+00 1 
    0.504732 1.217923e+22 1.192325e+00 1 
    0.505005 1.203716e+22 1.177143e+00 1 
    0.505278 1.175340e+22 1.148152e+00 1 
    0.505551 1.199443e+22 1.170432e+00 1 
    0.505824 1.226291e+22 1.195339e+00 1 
    0.506097 1.196196e+22 1.164746e+00 1 
    0.506370 1.236609e+22 1.202799e+00 1 
    0.506643 1.287475e+22 1.250924e+00 1 
    0.506916 1.243812e+22 1.207199e+00 1 
    0.507189 1.214207e+22 1.177198e+00 1 
    0.507462 1.250097e+22 1.210691e+00 1 
    0.507735 1.239360e+22 1.199002e+00 1 
    0.508008 1.161447e+22 1.122419e+00 1 
    0.508280 1.154728e+22 1.114732e+00 1 
    0.508553 1.153140e+22 1.112004e+00 1 
    0.508826 1.181703e+22 1.138325e+00 1 
    0.509099 1.212769e+22 1.166998e+00 1 
    0.509372 1.269286e+22 1.220073e+00 1 
    0.509645 1.256384e+22 1.206378e+00 1 
    0.509918 1.209918e+22 1.160517e+00 1 
    0.510191 1.206364e+22 1.155870e+00 1 
    0.510464 1.231115e+22 1.178324e+00 1 
    0.510737 1.229654e+22 1.175668e+00 1 
    0.511010 1.211463e+22 1.157038e+00 1 
    0.511283 1.240452e+22 1.183460e+00 1 
    0.511556 1.241852e+22 1.183532e+00 1 
    0.511828 1.239388e+22 1.179929e+00 1 
    0.512101 1.255110e+22 1.193623e+00 1 
    0.512374 1.266641e+22 1.203305e+00 1 
    0.512647 1.242946e+22 1.179538e+00 1 
    0.512920 1.199912e+22 1.137487e+00 1 
    0.513193 1.185676e+22 1.122796e+00 1 
    0.513466 1.198516e+22 1.133749e+00 1 
    0.513739 1.207105e+22 1.140661e+00 1 
    0.514012 1.217285e+22 1.149059e+00 1 
    0.514285 1.188583e+22 1.120775e+00 1 
    0.514558 1.214970e+22 1.144440e+00 1 
    0.514831 1.213744e+22 1.142074e+00 1 
    0.515104 1.219867e+22 1.146619e+00 1 
    0.515376 1.225694e+22 1.150880e+00 1 
    0.515649 1.207992e+22 1.133058e+00 1 
    0.515922 1.196057e+22 1.120676e+00 1 
    0.516195 1.243236e+22 1.163650e+00 1 
    0.516468 1.229472e+22 1.149551e+00 1 
    0.516741 1.136773e+22 1.061755e+00 1 
    0.517014 1.087152e+22 1.014336e+00 1 
    0.517287 1.113815e+22 1.038117e+00 1 
    0.517560 1.165905e+22 1.085521e+00 1 
    0.517833 1.189043e+22 1.105897e+00 1 
    0.518106 1.186290e+22 1.102173e+00 1 
    0.518379 1.203026e+22 1.116546e+00 1 
    0.518652 1.193164e+22 1.106228e+00 1 
    0.518925 1.176315e+22 1.089459e+00 1 
    0.519197 1.209231e+22 1.118772e+00 1 
    0.519470 1.240700e+22 1.146680e+00 1 
    0.519743 1.268231e+22 1.170894e+00 1 
    0.520016 1.253088e+22 1.155698e+00 1 
    0.520289 1.273998e+22 1.173751e+00 1 
    0.520562 1.231150e+22 1.133085e+00 1 
    0.520835 1.192998e+22 1.096821e+00 1 
    0.521108 1.212789e+22 1.113848e+00 1 
    0.521381 1.209120e+22 1.109317e+00 1 
    0.521654 1.254678e+22 1.149910e+00 1 
    0.521927 1.274543e+22 1.166894e+00 1 
    0.522200 1.274677e+22 1.165797e+00 1 
    0.522473 1.282517e+22 1.171742e+00 1 
    0.522745 1.253026e+22 1.143606e+00 1 
    0.523018 1.205601e+22 1.099175e+00 1 
    0.523291 1.240465e+22 1.129781e+00 1 
    0.523564 1.299255e+22 1.182092e+00 1 
    0.523837 1.316836e+22 1.196839e+00 1 
    0.524110 1.335788e+22 1.212799e+00 1 
    0.524383 1.353471e+22 1.227576e+00 1 
    0.524656 1.339607e+22 1.213737e+00 1 
    0.524929 1.328294e+22 1.202235e+00 1 
    0.525202 1.319269e+22 1.192826e+00 1 
    0.525475 1.321200e+22 1.193331e+00 1 
    0.525748 1.359581e+22 1.226723e+00 1 
    0.526021 1.320680e+22 1.190386e+00 1 
    0.526293 1.277225e+22 1.150028e+00 1 
    0.526566 1.259843e+22 1.133202e+00 1 
    0.526839 1.231712e+22 1.106750e+00 1 
    0.527112 1.243856e+22 1.116505e+00 1 
    0.527385 1.262943e+22 1.132465e+00 1 
    0.527658 1.292524e+22 1.157790e+00 1 
    0.527931 1.316728e+22 1.178252e+00 1 
    0.528204 1.330714e+22 1.189537e+00 1 
    0.528477 1.339539e+22 1.196189e+00 1 
    0.528750 1.366563e+22 1.219061e+00 1 
    0.529023 1.358291e+22 1.210431e+00 1 
    0.529296 1.379663e+22 1.228209e+00 1 
    0.529569 1.395463e+22 1.240994e+00 1 
    0.529841 1.381324e+22 1.227159e+00 1 
    0.530114 1.353919e+22 1.201574e+00 1 
    0.530387 1.353327e+22 1.199813e+00 1 
    0.530660 1.353091e+22 1.198369e+00 1 
    0.530933 1.395814e+22 1.234936e+00 1 
    0.531206 1.431977e+22 1.265630e+00 1 
    0.531479 1.423708e+22 1.257028e+00 1 
    0.531752 1.363768e+22 1.202870e+00 1 
    0.532025 1.326338e+22 1.168655e+00 1 
    0.532298 1.326502e+22 1.167602e+00 1 
    0.532571 1.337004e+22 1.175639e+00 1 
    0.532844 1.359419e+22 1.194124e+00 1 
    0.533117 1.323580e+22 1.161453e+00 1 
    0.533389 1.313907e+22 1.151789e+00 1 
    0.533662 1.375365e+22 1.204431e+00 1 
    0.533935 1.425203e+22 1.246799e+00 1 
    0.534208 1.409768e+22 1.232036e+00 1 
    0.534481 1.374333e+22 1.199841e+00 1 
    0.534754 1.386094e+22 1.208874e+00 1 
    0.535027 1.403195e+22 1.222540e+00 1 
    0.535300 1.462689e+22 1.273075e+00 1 
    0.535573 1.447070e+22 1.258197e+00 1 
    0.535846 1.471073e+22 1.277764e+00 1 
    0.536119 1.474701e+22 1.279611e+00 1 
    0.536392 1.451997e+22 1.258629e+00 1 
    0.536665 1.425795e+22 1.234659e+00 1 
    0.536937 1.432300e+22 1.239036e+00 1 
    0.537210 1.404852e+22 1.214056e+00 1 
    0.537483 1.392205e+22 1.201905e+00 1 
    0.537756 1.407742e+22 1.214084e+00 1 
    0.538029 1.440676e+22 1.241228e+00 1 
    0.538302 1.439322e+22 1.238803e+00 1 
    0.538575 1.404345e+22 1.207474e+00 1 
    0.538848 1.429911e+22 1.228211e+00 1 
    0.539121 1.393672e+22 1.195871e+00 1 
    0.539394 1.422456e+22 1.219335e+00 1 
    0.539667 1.440107e+22 1.233217e+00 1 
    0.539940 1.390250e+22 1.189319e+00 1 
    0.540213 1.409588e+22 1.204644e+00 1 
    0.540485 1.353392e+22 1.155454e+00 1 
    0.540758 1.377770e+22 1.175079e+00 1 
    0.541031 1.424145e+22 1.213406e+00 1 
    0.541304 1.414664e+22 1.204113e+00 1 
    0.541577 1.434945e+22 1.220145e+00 1 
    0.541850 1.432807e+22 1.217100e+00 1 
    0.542123 1.397452e+22 1.185872e+00 1 
    0.542396 1.434930e+22 1.216450e+00 1 
    0.542669 1.466381e+22 1.241861e+00 1 
    0.542942 1.436455e+22 1.215295e+00 1 
    0.543215 1.415396e+22 1.196275e+00 1 
    0.543488 1.413366e+22 1.193360e+00 1 
    0.543761 1.443237e+22 1.217357e+00 1 
    0.544033 1.477361e+22 1.244895e+00 1 
    0.544306 1.461667e+22 1.230435e+00 1 
    0.544579 1.464369e+22 1.231474e+00 1 
    0.544852 1.470423e+22 1.235326e+00 1 
    0.545125 1.418285e+22 1.190331e+00 1 
    0.545398 1.443217e+22 1.210043e+00 1 
    0.545671 1.424745e+22 1.193361e+00 1 
    0.545944 1.429947e+22 1.196521e+00 1 
    0.546217 1.471997e+22 1.230476e+00 1 
    0.546490 1.440101e+22 1.202610e+00 1 
    0.546763 1.458093e+22 1.216420e+00 1 
    0.547036 1.442806e+22 1.202465e+00 1 
    0.547309 1.425354e+22 1.186736e+00 1 
    0.547581 1.446484e+22 1.203133e+00 1 
    0.547854 1.397772e+22 1.161457e+00 1 
    0.548127 1.391985e+22 1.155497e+00 1 
    0.548400 1.451927e+22 1.204055e+00 1 
    0.548673 1.448008e+22 1.199610e+00 1 
    0.548946 1.423260e+22 1.177935e+00 1 
    0.549219 1.442932e+22 1.193029e+00 1 
    0.549492 1.477980e+22 1.220793e+00 1 
    0.549765 1.457518e+22 1.202697e+00 1 
    0.550038 1.429924e+22 1.178756e+00 1 
    0.550311 1.410790e+22 1.161829e+00 1 
    0.550584 1.495066e+22 1.230013e+00 1 
    0.550857 1.447282e+22 1.189521e+00 1 
    0.551129 1.454481e+22 1.194258e+00 1 
    0.551402 1.457576e+22 1.195614e+00 1 
    0.551675 1.410416e+22 1.155785e+00 1 
    0.551948 1.455369e+22 1.191443e+00 1 
    0.552221 1.453262e+22 1.188542e+00 1 
    0.552494 1.477448e+22 1.207128e+00 1 
    0.552767 1.487182e+22 1.213881e+00 1 
    0.553040 1.479430e+22 1.206363e+00 1 
    0.553313 1.444470e+22 1.176693e+00 1 
    0.553586 1.440611e+22 1.172393e+00 1 
    0.553859 1.469686e+22 1.194875e+00 1 
    0.554132 1.532750e+22 1.244920e+00 1 
    0.554405 1.508971e+22 1.224399e+00 1 
    0.554677 1.527654e+22 1.238343e+00 1 
    0.554950 1.517646e+22 1.229021e+00 1 
    0.555223 1.502568e+22 1.215614e+00 1 
    0.555496 1.524007e+22 1.231747e+00 1 
    0.555769 1.514997e+22 1.223262e+00 1 
    0.556042 1.531995e+22 1.235773e+00 1 
    0.556315 1.506495e+22 1.214011e+00 1 
    0.556588 1.571374e+22 1.265052e+00 1 
    0.556861 1.537515e+22 1.236580e+00 1 
    0.557134 1.485430e+22 1.193519e+00 1 
    0.557407 1.485304e+22 1.192249e+00 1 
    0.557680 1.561420e+22 1.252121e+00 1 
    0.557953 1.523591e+22 1.220590e+00 1 
    0.558225 1.590857e+22 1.273236e+00 1 
    0.558498 1.529118e+22 1.222628e+00 1 
    0.558771 1.484347e+22 1.185671e+00 1 
    0.559044 1.460644e+22 1.165598e+00 1 
    0.559317 1.519812e+22 1.211631e+00 1 
    0.559590 1.476851e+22 1.176232e+00 1 
    0.559863 1.497226e+22 1.191298e+00 1 
    0.560136 1.548700e+22 1.231053e+00 1 
    0.560409 1.479050e+22 1.174543e+00 1 
    0.560682 1.535477e+22 1.218166e+00 1 
    0.560955 1.531820e+22 1.214082e+00 1 
    0.561228 1.572130e+22 1.244819e+00 1 
    0.561501 1.574790e+22 1.245713e+00 1 
    0.561773 1.577143e+22 1.246367e+00 1 
    0.562046 1.544733e+22 1.219569e+00 1 
    0.562319 1.572214e+22 1.240060e+00 1 
    0.562592 1.495212e+22 1.178181e+00 1 
    0.562865 1.513088e+22 1.191111e+00 1 
    0.563138 1.499289e+22 1.179104e+00 1 
    0.563411 1.563227e+22 1.228197e+00 1 
    0.563684 1.578420e+22 1.238933e+00 1 
    0.563957 1.587696e+22 1.245007e+00 1 
    0.564230 1.558269e+22 1.220750e+00 1 
    0.564503 1.500793e+22 1.174586e+00 1 
    0.564776 1.482220e+22 1.158929e+00 1 
    0.565049 1.592464e+22 1.243924e+00 1 
    0.565321 1.514174e+22 1.181631e+00 1 
    0.565594 1.566907e+22 1.221603e+00 1 
    0.565867 1.508577e+22 1.174993e+00 1 
    0.566140 1.490856e+22 1.160071e+00 1 
    0.566413 1.510857e+22 1.174501e+00 1 
    0.566686 1.576604e+22 1.224431e+00 1 
    0.566959 1.535234e+22 1.191153e+00 1 
    0.567232 1.609355e+22 1.247461e+00 1 
    0.567505 1.581648e+22 1.224805e+00 1 
    0.567778 1.601449e+22 1.238946e+00 1 
    0.568051 1.644363e+22 1.270924e+00 1 
    0.568324 1.613650e+22 1.245987e+00 1 
    0.568597 1.578217e+22 1.217458e+00 1 
    0.568869 1.500022e+22 1.156031e+00 1 
    0.569142 1.588465e+22 1.223018e+00 1 
    0.569415 1.594735e+22 1.226668e+00 1 
    0.569688 1.626835e+22 1.250161e+00 1 
    0.569961 1.581253e+22 1.213969e+00 1 
    0.570234 1.543220e+22 1.183635e+00 1 
    0.570507 1.534000e+22 1.175439e+00 1 
    0.570780 1.564328e+22 1.197531e+00 1 
    0.571053 1.565561e+22 1.197329e+00 1 
    0.571326 1.529700e+22 1.168785e+00 1 
    0.571599 1.527324e+22 1.165855e+00 1 
    0.571872 1.641713e+22 1.251976e+00 1 
    0.572145 1.571647e+22 1.197400e+00 1 
    0.572417 1.626174e+22 1.237766e+00 1 
    0.572690 1.659607e+22 1.262009e+00 1 
    0.572963 1.665672e+22 1.265414e+00 1 
    0.573236 1.568049e+22 1.190115e+00 1 
    0.573509 1.631298e+22 1.236942e+00 1 
    0.573782 1.585952e+22 1.201414e+00 1 
    0.574055 1.620524e+22 1.226436e+00 1 
    0.574328 1.628325e+22 1.231169e+00 1 
    0.574601 1.599689e+22 1.208369e+00 1 
    0.574874 1.668327e+22 1.259019e+00 1 
    0.575147 1.624148e+22 1.224515e+00 1 
    0.575420 1.655940e+22 1.247301e+00 1 
    0.575693 1.648844e+22 1.240778e+00 1 
    0.575965 1.615608e+22 1.214619e+00 1 
    0.576238 1.693837e+22 1.272226e+00 1 
    0.576511 1.690268e+22 1.268344e+00 1 
    0.576784 1.657471e+22 1.242556e+00 1 
    0.577057 1.690080e+22 1.265803e+00 1 
    0.577330 1.616388e+22 1.209466e+00 1 
    0.577603 1.690923e+22 1.264042e+00 1 
    0.577876 1.614209e+22 1.205555e+00 1 
    0.578149 1.625327e+22 1.212712e+00 1 
    0.578422 1.589616e+22 1.184947e+00 1 
    0.578695 1.580866e+22 1.177313e+00 1 
    0.578968 1.632455e+22 1.214587e+00 1 
    0.579241 1.677889e+22 1.247214e+00 1 
    0.579513 1.617211e+22 1.200982e+00 1 
    0.579786 1.686421e+22 1.251201e+00 1 
    0.580059 1.711059e+22 1.268286e+00 1 
    0.580332 1.664616e+22 1.232700e+00 1 
    0.580605 1.706343e+22 1.262412e+00 1 
    0.580878 1.722746e+22 1.273350e+00 1 
    0.581151 1.663883e+22 1.228687e+00 1 
    0.581424 1.687725e+22 1.245123e+00 1 
    0.581697 1.677739e+22 1.236594e+00 1 
    0.581970 1.692816e+22 1.246537e+00 1 
    0.582243 1.685617e+22 1.240071e+00 1 
    0.582516 1.711092e+22 1.257633e+00 1 
    0.582789 1.723602e+22 1.265642e+00 1 
    0.583061 1.731610e+22 1.270336e+00 1 
    0.583334 1.749396e+22 1.282183e+00 1 
    0.583607 1.713668e+22 1.254822e+00 1 
    0.583880 1.753520e+22 1.282803e+00 1 
    0.584153 1.702008e+22 1.243955e+00 1 
    0.584426 1.724646e+22 1.259324e+00 1 
    0.584699 1.729501e+22 1.261690e+00 1 
    0.584972 1.713851e+22 1.249106e+00 1 
    0.585245 1.710912e+22 1.245801e+00 1 
    0.585518 1.686542e+22 1.226911e+00 1 
    0.585791 1.714959e+22 1.246421e+00 1 
    0.586064 1.674803e+22 1.216102e+00 1 
    0.586337 1.655477e+22 1.200950e+00 1 
    0.586609 1.634240e+22 1.184445e+00 1 
    0.586882 1.627810e+22 1.178687e+00 1 
    0.587155 1.741669e+22 1.259960e+00 1 
    0.587428 1.779188e+22 1.285905e+00 1 
    0.587701 1.705259e+22 1.231329e+00 1 
    0.587974 1.738489e+22 1.254157e+00 1 
    0.588247 1.733536e+22 1.249424e+00 1 
    0.588520 1.696146e+22 1.221342e+00 1 
    0.588793 1.624664e+22 1.168785e+00 1 
    0.589066 1.597902e+22 1.148467e+00 1 
    0.589339 1.585737e+22 1.138668e+00 1 
    0.589612 1.502502e+22 1.077901e+00 1 
    0.589885 1.531658e+22 1.097801e+00 1 
    0.590157 1.570901e+22 1.124890e+00 1 
    0.590430 1.617012e+22 1.156839e+00 1 
    0.590703 1.664641e+22 1.189813e+00 1 
    0.590976 1.701948e+22 1.215354e+00 1 
    0.591249 1.675809e+22 1.195584e+00 1 
    0.591522 1.627492e+22 1.160041e+00 1 
    0.591795 1.625509e+22 1.157559e+00 1 
    0.592068 1.649725e+22 1.173721e+00 1 
    0.592341 1.664686e+22 1.183274e+00 1 
    0.592614 1.718078e+22 1.220100e+00 1 
    0.592887 1.731518e+22 1.228513e+00 1 
    0.593160 1.723809e+22 1.221918e+00 1 
    0.593433 1.733261e+22 1.227488e+00 1 
    0.593705 1.727656e+22 1.222398e+00 1 
    0.593978 1.715568e+22 1.212729e+00 1 
    0.594251 1.728730e+22 1.220911e+00 1 
    0.594524 1.745187e+22 1.231401e+00 1 
    0.594797 1.728878e+22 1.218774e+00 1 
    0.595070 1.673526e+22 1.178671e+00 1 
    0.595343 1.678835e+22 1.181326e+00 1 
    0.595616 1.703303e+22 1.197445e+00 1 
    0.595889 1.719205e+22 1.207517e+00 1 
    0.596162 1.750763e+22 1.228556e+00 1 
    0.596435 1.726081e+22 1.210128e+00 1 
    0.596708 1.704299e+22 1.193764e+00 1 
    0.596981 1.794156e+22 1.255555e+00 1 
    0.597253 1.763187e+22 1.232759e+00 1 
    0.597526 1.711231e+22 1.195340e+00 1 
    0.597799 1.702042e+22 1.187835e+00 1 
    0.598072 1.642501e+22 1.145236e+00 1 
    0.598345 1.665378e+22 1.160128e+00 1 
    0.598618 1.722839e+22 1.199062e+00 1 
    0.598891 1.765522e+22 1.227648e+00 1 
    0.599164 1.732982e+22 1.203924e+00 1 
    0.599437 1.700984e+22 1.180618e+00 1 
    0.599710 1.738305e+22 1.205424e+00 1 
    0.599983 1.727724e+22 1.196997e+00 1 
    0.600256 1.738177e+22 1.203144e+00 1 
    0.600529 1.751590e+22 1.211325e+00 1 
    0.600801 1.764627e+22 1.219237e+00 1 
    0.601074 1.804465e+22 1.245630e+00 1 
    0.601347 1.747058e+22 1.204907e+00 1 
    0.601620 1.743388e+22 1.201284e+00 1 
    0.601893 1.727949e+22 1.189567e+00 1 
    0.602166 1.739671e+22 1.196551e+00 1 
    0.602439 1.740577e+22 1.196089e+00 1 
    0.602712 1.671426e+22 1.147530e+00 1 
    0.602985 1.754608e+22 1.203549e+00 1 
    0.603258 1.818652e+22 1.246349e+00 1 
    0.603531 1.776481e+22 1.216348e+00 1 
    0.603804 1.735012e+22 1.186880e+00 1 
    0.604077 1.762952e+22 1.204904e+00 1 
    0.604350 1.822429e+22 1.244429e+00 1 
    0.604622 1.744797e+22 1.190347e+00 1 
    0.604895 1.808913e+22 1.232974e+00 1 
    0.605168 1.804019e+22 1.228529e+00 1 
    0.605441 1.777883e+22 1.209640e+00 1 
    0.605714 1.776557e+22 1.207648e+00 1 
    0.605987 1.795114e+22 1.219163e+00 1 
    0.606260 1.839265e+22 1.248024e+00 1 
    0.606533 1.785407e+22 1.210389e+00 1 
    0.606806 1.750497e+22 1.185655e+00 1 
    0.607079 1.815342e+22 1.228470e+00 1 
    0.607352 1.836824e+22 1.241890e+00 1 
    0.607625 1.896218e+22 1.280895e+00 1 
    0.607898 1.912312e+22 1.290606e+00 1 
    0.608170 1.785709e+22 1.204085e+00 1 
    0.608443 1.810574e+22 1.219756e+00 1 
    0.608716 1.738876e+22 1.170403e+00 1 
    0.608989 1.805348e+22 1.214055e+00 1 
    0.609262 1.689417e+22 1.135077e+00 1 
    0.609535 1.904077e+22 1.278155e+00 1 
    0.609808 1.680526e+22 1.127082e+00 1 
    0.610081 1.803514e+22 1.208484e+00 1 
    0.610354 1.763850e+22 1.180849e+00 1 
    0.610627 1.787822e+22 1.195828e+00 1 
    0.610900 1.811921e+22 1.210864e+00 1 
    0.611173 1.793980e+22 1.197804e+00 1 
    0.611446 1.807827e+22 1.205972e+00 1 
    0.611718 1.819856e+22 1.212916e+00 1 
    0.611991 1.733279e+22 1.154184e+00 1 
    0.612264 1.757123e+22 1.169018e+00 1 
    0.612537 1.650967e+22 1.097413e+00 1 
    0.612810 1.721276e+22 1.143129e+00 1 
    0.613083 1.788011e+22 1.186391e+00 1 
    0.613356 1.772450e+22 1.175020e+00 1 
    0.613629 1.738667e+22 1.151599e+00 1 
    0.613902 1.764180e+22 1.167458e+00 1 
    0.614175 1.826992e+22 1.207949e+00 1 
    0.614448 1.795542e+22 1.186101e+00 1 
    0.614721 1.845437e+22 1.217978e+00 1 
    0.614994 1.853159e+22 1.221990e+00 1 
    0.615266 1.792095e+22 1.180678e+00 1 
    0.615539 1.884840e+22 1.240680e+00 1 
    0.615812 1.731402e+22 1.138671e+00 1 
    0.616085 1.743808e+22 1.145813e+00 1 
    0.616358 1.714558e+22 1.125596e+00 1 
    0.616631 1.670337e+22 1.095595e+00 1 
    0.616904 1.721956e+22 1.128453e+00 1 
    0.617177 1.720725e+22 1.126649e+00 1 
    0.617450 1.782557e+22 1.166101e+00 1 
    0.617723 1.834870e+22 1.199262e+00 1 
    0.617996 1.788782e+22 1.168107e+00 1 
    0.618269 1.798700e+22 1.173547e+00 1 
    0.618542 1.810892e+22 1.180459e+00 1 
    0.618814 1.825120e+22 1.188687e+00 1 
    0.619087 1.844228e+22 1.200073e+00 1 
    0.619360 1.789987e+22 1.163751e+00 1 
    0.619633 1.783167e+22 1.158296e+00 1 
    0.619906 1.806173e+22 1.172207e+00 1 
    0.620179 1.835359e+22 1.190100e+00 1 
    0.620452 1.825949e+22 1.182957e+00 1 
    0.620725 1.813511e+22 1.173865e+00 1 
    0.620998 1.825571e+22 1.180633e+00 1 
    0.621271 1.850805e+22 1.195900e+00 1 
    0.621544 1.809670e+22 1.168294e+00 1 
    0.621817 1.802311e+22 1.162522e+00 1 
    0.622090 1.901724e+22 1.225568e+00 1 
    0.622362 1.847633e+22 1.189669e+00 1 
    0.622635 1.788174e+22 1.150374e+00 1 
    0.622908 1.818613e+22 1.168931e+00 1 
    0.623181 1.780974e+22 1.143735e+00 1 
    0.623454 1.804507e+22 1.157834e+00 1 
    0.623727 1.799627e+22 1.153692e+00 1 
    0.624000 1.774189e+22 1.136389e+00 1 
    0.624273 1.805642e+22 1.155524e+00 1 
    0.624546 1.749557e+22 1.118654e+00 1 
    0.624819 1.758247e+22 1.123228e+00 1 
    0.625092 1.756844e+22 1.121352e+00 1 
    0.625365 1.739054e+22 1.109028e+00 1 
    0.625638 1.759574e+22 1.121135e+00 1 
    0.625910 1.770290e+22 1.126982e+00 1 
    0.626183 1.775850e+22 1.129536e+00 1 
    0.626456 1.780078e+22 1.131239e+00 1 
    0.626729 1.797379e+22 1.141239e+00 1 
    0.627002 1.773969e+22 1.125394e+00 1 
    0.627275 1.836233e+22 1.163880e+00 1 
    0.627548 1.822609e+22 1.154240e+00 1 
    0.627821 1.800385e+22 1.139174e+00 1 
    0.628094 1.836920e+22 1.161282e+00 1 
    0.628367 1.836552e+22 1.160040e+00 1 
    0.628640 1.804833e+22 1.139015e+00 1 
    0.628913 1.815302e+22 1.144628e+00 1 
    0.629186 1.961436e+22 1.235699e+00 1 
    0.629458 1.917149e+22 1.206754e+00 1 
    0.629731 1.916908e+22 1.205556e+00 1 
    0.630004 1.890552e+22 1.187951e+00 1 
    0.630277 2.017299e+22 1.266496e+00 1 
    0.630550 1.942094e+22 1.218226e+00 1 
    0.630823 1.892752e+22 1.186247e+00 1 
    0.631096 1.994129e+22 1.248702e+00 1 
    0.631369 1.941744e+22 1.214848e+00 1 
    0.631642 1.974426e+22 1.234228e+00 1 
    0.631915 1.825489e+22 1.140141e+00 1 
    0.632188 1.837565e+22 1.146692e+00 1 
    0.632461 1.882965e+22 1.174008e+00 1 
    0.632734 1.851511e+22 1.153401e+00 1 
    0.633006 1.873998e+22 1.166407e+00 1 
    0.633279 1.927825e+22 1.198875e+00 1 
    0.633552 1.928790e+22 1.198442e+00 1 
    0.633825 1.915762e+22 1.189321e+00 1 
    0.634098 1.899359e+22 1.178123e+00 1 
    0.634371 1.902973e+22 1.179349e+00 1 
    0.634644 1.991771e+22 1.233319e+00 1 
    0.634917 1.821440e+22 1.126879e+00 1 
    0.635190 1.920191e+22 1.186953e+00 1 
    0.635463 1.884762e+22 1.164052e+00 1 
    0.635736 1.858740e+22 1.146995e+00 1 
    0.636009 1.998403e+22 1.232120e+00 1 
    0.636282 1.834713e+22 1.130226e+00 1 
    0.636554 1.988682e+22 1.224028e+00 1 
    0.636827 1.856071e+22 1.141427e+00 1 
    0.637100 1.973094e+22 1.212353e+00 1 
    0.637373 1.942935e+22 1.192799e+00 1 
    0.637646 1.974712e+22 1.211270e+00 1 
    0.637919 1.925708e+22 1.180201e+00 1 
    0.638192 1.975573e+22 1.209725e+00 1 
    0.638465 1.895159e+22 1.159493e+00 1 
    0.638738 1.847300e+22 1.129246e+00 1 
    0.639011 1.977763e+22 1.207964e+00 1 
    0.639284 1.997211e+22 1.218801e+00 1 
    0.639557 1.904486e+22 1.161223e+00 1 
    0.639830 1.939297e+22 1.181440e+00 1 
    0.640102 1.866084e+22 1.135872e+00 1 
    0.640375 1.943319e+22 1.181876e+00 1 
    0.640648 2.021634e+22 1.228457e+00 1 
    0.640921 1.870362e+22 1.135568e+00 1 
    0.641194 1.915250e+22 1.161831e+00 1 
    0.641467 1.952022e+22 1.183130e+00 1 
    0.641740 1.983112e+22 1.200952e+00 1 
    0.642013 1.900564e+22 1.149983e+00 1 
    0.642286 1.875685e+22 1.133965e+00 1 
    0.642559 1.905876e+22 1.151238e+00 1 
    0.642832 1.902474e+22 1.148207e+00 1 
    0.643105 1.914834e+22 1.154686e+00 1 
    0.643378 1.888534e+22 1.137860e+00 1 
    0.643650 1.890592e+22 1.138137e+00 1 
    0.643923 1.938570e+22 1.166031e+00 1 
    0.644196 1.934931e+22 1.162856e+00 1 
    0.644469 1.913020e+22 1.148714e+00 1 
    0.644742 1.973497e+22 1.184025e+00 1 
    0.645015 1.947316e+22 1.167329e+00 1 
    0.645288 2.037193e+22 1.220173e+00 1 
    0.645561 1.966287e+22 1.176708e+00 1 
    0.645834 1.909642e+22 1.141844e+00 1 
    0.646107 1.947706e+22 1.163619e+00 1 
    0.646380 1.960448e+22 1.170243e+00 1 
    0.646653 1.916931e+22 1.143300e+00 1 
    0.646926 1.911914e+22 1.139346e+00 1 
    0.647198 1.936819e+22 1.153217e+00 1 
    0.647471 1.984540e+22 1.180635e+00 1 
    0.647744 2.014107e+22 1.197215e+00 1 
    0.648017 1.959629e+22 1.163852e+00 1 
    0.648290 1.948757e+22 1.156420e+00 1 
    0.648563 1.945579e+22 1.153562e+00 1 
    0.648836 1.914284e+22 1.134052e+00 1 
    0.649109 1.860139e+22 1.101049e+00 1 
    0.649382 1.902500e+22 1.125176e+00 1 
    0.649655 1.887225e+22 1.115205e+00 1 
    0.649928 1.824996e+22 1.077526e+00 1 
    0.650201 1.869655e+22 1.102967e+00 1 
    0.650474 2.052684e+22 1.209926e+00 1 
    0.650746 2.008906e+22 1.183132e+00 1 
    0.651019 1.863919e+22 1.096822e+00 1 
    0.651292 1.867643e+22 1.098092e+00 1 
    0.651565 1.974072e+22 1.159696e+00 1 
    0.651838 1.877928e+22 1.102291e+00 1 
    0.652111 1.974109e+22 1.157776e+00 1 
    0.652384 1.958351e+22 1.147573e+00 1 
    0.652657 1.909612e+22 1.118077e+00 1 
    0.652930 2.027392e+22 1.186044e+00 1 
    0.653203 1.983588e+22 1.159449e+00 1 
    0.653476 1.909539e+22 1.115233e+00 1 
    0.653749 1.957056e+22 1.142030e+00 1 
    0.654022 1.996533e+22 1.164094e+00 1 
    0.654294 2.021831e+22 1.177865e+00 1 
    0.654567 2.121492e+22 1.234894e+00 1 
    0.654840 2.238040e+22 1.301649e+00 1 
    0.655113 2.098933e+22 1.219727e+00 1 
    0.655386 2.198876e+22 1.276741e+00 1 
    0.655659 1.975874e+22 1.146304e+00 1 
    0.655932 2.296069e+22 1.330956e+00 1 
    0.656205 2.347238e+22 1.359485e+00 1 
    0.656478 2.580870e+22 1.493559e+00 1 
    0.656751 2.295216e+22 1.327146e+00 1 
    0.657024 2.433002e+22 1.405647e+00 1 
    0.657297 1.978532e+22 1.142131e+00 1 
    0.657570 2.102192e+22 1.212509e+00 1 
    0.657842 2.075993e+22 1.196408e+00 1 
    0.658115 2.433751e+22 1.401422e+00 1 
    0.658388 2.493382e+22 1.434569e+00 1 
    0.658661 2.642497e+22 1.519103e+00 1 
    0.658934 2.452472e+22 1.408694e+00 1 
    0.659207 2.196806e+22 1.260795e+00 1 
    0.659480 2.010043e+22 1.152653e+00 1 
    0.659753 2.082629e+22 1.193289e+00 1 
    0.660026 1.998248e+22 1.143994e+00 1 
    0.660299 2.009739e+22 1.149622e+00 1 
    0.660572 2.009583e+22 1.148582e+00 1 
    0.660845 2.110146e+22 1.205063e+00 1 
    0.661118 2.042039e+22 1.165206e+00 1 
    0.661390 2.114469e+22 1.205542e+00 1 
    0.661663 2.126195e+22 1.211228e+00 1 
    0.661936 2.048774e+22 1.166161e+00 1 
    0.662209 2.100423e+22 1.194574e+00 1 
    0.662482 2.162822e+22 1.229049e+00 1 
    0.662755 2.091155e+22 1.187344e+00 1 
    0.663028 2.115134e+22 1.199971e+00 1 
    0.663301 2.104885e+22 1.193173e+00 1 
    0.663574 2.089318e+22 1.183375e+00 1 
    0.663847 2.087646e+22 1.181455e+00 1 
    0.664120 1.990039e+22 1.125291e+00 1 
    0.664393 2.000512e+22 1.130284e+00 1 
    0.664666 2.068029e+22 1.167471e+00 1 
    0.664938 2.084515e+22 1.175815e+00 1 
    0.665211 2.095085e+22 1.180808e+00 1 
    0.665484 2.110822e+22 1.188701e+00 1 
    0.665757 2.097525e+22 1.180245e+00 1 
    0.666030 2.027993e+22 1.140185e+00 1 
    0.666303 1.995260e+22 1.120863e+00 1 
    0.666576 2.126314e+22 1.193506e+00 1 
    0.666849 2.131194e+22 1.195266e+00 1 
    0.667122 2.076210e+22 1.163475e+00 1 
    0.667395 2.113809e+22 1.183576e+00 1 
    0.667668 2.104628e+22 1.177472e+00 1 
    0.667941 2.108956e+22 1.178929e+00 1 
    0.668214 2.152688e+22 1.202393e+00 1 
    0.668486 2.179321e+22 1.216279e+00 1 
    0.668759 2.156284e+22 1.202439e+00 1 
    0.669032 2.113602e+22 1.177676e+00 1 
    0.669305 2.095498e+22 1.166637e+00 1 
    0.669578 2.095547e+22 1.165713e+00 1 
    0.669851 2.105434e+22 1.170258e+00 1 
    0.670124 2.118635e+22 1.176636e+00 1 
    0.670397 2.022246e+22 1.122190e+00 1 
    0.670670 2.034511e+22 1.128077e+00 1 
    0.670943 2.188985e+22 1.212741e+00 1 
    0.671216 2.210917e+22 1.223895e+00 1 
    0.671489 2.364451e+22 1.307823e+00 1 
    0.671762 2.508049e+22 1.386122e+00 1 
    0.672034 2.420978e+22 1.336918e+00 1 
    0.672307 2.360020e+22 1.302198e+00 1 
    0.672580 2.264700e+22 1.248588e+00 1 
    0.672853 2.263499e+22 1.246914e+00 1 
    0.673126 2.374136e+22 1.306800e+00 1 
    0.673399 2.431161e+22 1.337104e+00 1 
    0.673672 2.310449e+22 1.269684e+00 1 
    0.673945 2.246488e+22 1.233535e+00 1 
    0.674218 2.186788e+22 1.199782e+00 1 
    0.674491 2.134833e+22 1.170329e+00 1 
    0.674764 2.050389e+22 1.123127e+00 1 
    0.675037 2.024337e+22 1.107960e+00 1 
    0.675310 2.099990e+22 1.148437e+00 1 
    0.675582 2.167260e+22 1.184272e+00 1 
    0.675855 2.141207e+22 1.169091e+00 1 
    0.676128 2.153253e+22 1.174718e+00 1 
    0.677186 2.113987e+22 1.149695e+00 0 
    0.678747 2.148509e+22 1.163102e+00 0 
    0.680312 2.124118e+22 1.144613e+00 0 
    0.681880 2.139033e+22 1.147355e+00 0 
    0.683452 2.139231e+22 1.142189e+00 0 
    0.685027 2.110064e+22 1.121442e+00 0 
    0.686606 2.090916e+22 1.106160e+00 0 
    0.688189 2.144742e+22 1.129421e+00 0 
    0.689776 2.164797e+22 1.134743e+00 0 
    0.691366 2.174981e+22 1.134843e+00 0 
    0.692960 2.175192e+22 1.129738e+00 0 
    0.694557 2.226064e+22 1.150849e+00 0 
    0.696158 2.216036e+22 1.140401e+00 0 
    0.697763 2.262661e+22 1.159044e+00 0 
    0.699372 2.262862e+22 1.153820e+00 0 
    0.700984 2.242348e+22 1.138107e+00 0 
    0.702600 2.252897e+22 1.138208e+00 0 
    0.704219 2.305591e+22 1.159480e+00 0 
    0.705843 2.321799e+22 1.162264e+00 0 
    0.707470 2.227734e+22 1.110053e+00 0 
    0.709101 2.258934e+22 1.120428e+00 0 
    0.710735 2.280058e+22 1.125711e+00 0 
    0.712374 2.280276e+22 1.120644e+00 0 
    0.714016 2.238857e+22 1.095234e+00 0 
    0.715662 2.228805e+22 1.085307e+00 0 
    0.717312 2.198423e+22 1.065593e+00 0 
    0.718965 2.213863e+22 1.068149e+00 0 
    0.720623 2.255241e+22 1.083111e+00 0 
    0.722284 2.329373e+22 1.113575e+00 0 
    0.723949 2.329568e+22 1.108551e+00 0 
    0.725618 2.400614e+22 1.137110e+00 0 
    0.727291 2.378827e+22 1.121613e+00 0 
    0.728967 2.368129e+22 1.111440e+00 0 
    0.730648 2.429098e+22 1.134815e+00 0 
    0.732332 2.451822e+22 1.140169e+00 0 
    0.734020 2.474767e+22 1.145552e+00 0 
    0.735712 2.497903e+22 1.150950e+00 0 
    0.737408 2.509685e+22 1.151065e+00 0 
    0.739108 2.509923e+22 1.145885e+00 0 
    0.740812 2.504395e+22 1.138107e+00 0 
    0.742520 2.510406e+22 1.135596e+00 0 
    0.744231 2.598903e+22 1.170229e+00 0 
    0.745947 2.599150e+22 1.164962e+00 0 
    0.747667 2.593425e+22 1.157054e+00 0 
    0.749390 2.623717e+22 1.165193e+00 0 
    0.751118 2.636091e+22 1.165307e+00 0 
    0.752849 2.660756e+22 1.170808e+00 0 
    0.754585 2.685650e+22 1.176331e+00 0 
    0.756324 2.673590e+22 1.165669e+00 0 
    0.758067 2.649322e+22 1.149784e+00 0 
    0.759815 2.631355e+22 1.136738e+00 0 
    0.761567 2.631615e+22 1.131625e+00 0 
    0.763322 2.668508e+22 1.142219e+00 0 
    0.765082 2.626100e+22 1.118901e+00 0 
    0.766846 2.578438e+22 1.093545e+00 0 
    0.768613 2.620590e+22 1.106318e+00 0 
    0.770385 2.614861e+22 1.098827e+00 0 
    0.772161 2.591125e+22 1.083850e+00 0 
    0.773941 2.664009e+22 1.109217e+00 0 
    0.775725 2.562001e+22 1.061843e+00 0 
    0.777514 2.676840e+22 1.104339e+00 0 
    0.779306 2.670993e+22 1.096865e+00 0 
    0.781102 2.702172e+22 1.104572e+00 0 
    0.782903 2.759045e+22 1.122637e+00 0 
    0.784708 2.740359e+22 1.109910e+00 0 
    0.786517 2.772367e+22 1.117715e+00 0 
    0.788330 2.747228e+22 1.102491e+00 0 
    0.790147 2.741195e+22 1.095016e+00 0 
    0.791968 2.703880e+22 1.075149e+00 0 
    0.793794 2.710414e+22 1.072794e+00 0 
    0.795624 2.710692e+22 1.067975e+00 0 
    0.797458 2.786935e+22 1.092968e+00 0 
    0.799296 2.812993e+22 1.098120e+00 0 
    0.801139 2.806818e+22 1.090674e+00 0 
    0.802986 2.865925e+22 1.108524e+00 0 
    0.804837 2.919518e+22 1.124066e+00 0 
    0.806693 2.940076e+22 1.126778e+00 0 
    0.808552 2.900041e+22 1.106330e+00 0 
    0.810416 2.853954e+22 1.083746e+00 0 
    0.812284 2.934246e+22 1.109117e+00 0 
    0.814157 2.914348e+22 1.096532e+00 0 
    0.816033 2.928146e+22 1.096664e+00 0 
    0.817914 2.908292e+22 1.084224e+00 0 
    0.819800 2.881936e+22 1.069461e+00 0 
    0.821690 3.011147e+22 1.112275e+00 0 
    0.823584 2.740196e+22 1.007540e+00 0 
    0.825483 3.074890e+22 1.125407e+00 0 
    0.827386 3.096527e+22 1.128119e+00 0 
    0.829293 3.033345e+22 1.100024e+00 0 
    0.831205 2.971470e+22 1.072634e+00 0 
    0.833121 2.958119e+22 1.062909e+00 0 
    0.835041 3.034349e+22 1.085291e+00 0 
    0.836966 3.076892e+22 1.095451e+00 0 
    0.838896 3.049031e+22 1.080543e+00 0 
    0.840829 3.070504e+22 1.083156e+00 0 
    0.842768 3.106417e+22 1.090787e+00 0 
    0.844711 2.946491e+22 1.029877e+00 0 
    0.846658 3.064487e+22 1.066199e+00 0 
    0.848610 3.114636e+22 1.078667e+00 0 
    0.850566 2.725563e+22 9.395860e-01 0 
    0.852527 3.009558e+22 1.032721e+00 0 
    0.854492 2.948163e+22 1.007006e+00 0 
    0.856462 3.080357e+22 1.047325e+00 0 
    0.858436 3.145227e+22 1.064468e+00 0 
    0.860415 3.088168e+22 1.040355e+00 0 
    0.862398 3.124279e+22 1.047685e+00 0 
    0.864387 3.160840e+22 1.055073e+00 0 
    0.866379 3.067932e+22 1.019357e+00 0 
    0.868376 2.970968e+22 9.826046e-01 0 
    0.870378 3.097069e+22 1.019604e+00 0 
    0.872385 3.169581e+22 1.038681e+00 0 
    0.874395 3.148110e+22 1.026907e+00 0 
    0.876411 3.134020e+22 1.017613e+00 0 
    0.878432 3.222202e+22 1.041437e+00 0 
    0.880457 3.229984e+22 1.039155e+00 0 
    0.882486 3.298020e+22 1.056171e+00 0 
    0.884521 3.230718e+22 1.029863e+00 0 
    0.886560 3.246036e+22 1.029991e+00 0 
    0.888603 3.128987e+22 9.882904e-01 0 
    0.890652 3.231876e+22 1.016097e+00 0 
    0.892705 3.277229e+22 1.025622e+00 0 
    0.894763 3.323203e+22 1.035231e+00 0 
    0.896826 3.285541e+22 1.018795e+00 0 
    0.898893 3.218562e+22 9.934415e-01 0 
    0.900965 3.031872e+22 9.315184e-01 0 
    0.903042 3.110039e+22 9.511442e-01 0 
    0.905124 3.489919e+22 1.062418e+00 0 
    0.907210 3.279966e+22 9.939170e-01 0 
    0.909301 3.380022e+22 1.019531e+00 0 
    0.911398 3.388228e+22 1.017309e+00 0 
    0.913499 3.483585e+22 1.041134e+00 0 
    0.915604 3.357969e+22 9.989824e-01 0 
    0.917715 3.319916e+22 9.831231e-01 0 
    0.919831 3.460862e+22 1.020152e+00 0 
    0.921951 3.305485e+22 9.698754e-01 0 
    0.924077 3.186305e+22 9.306097e-01 0 
    0.926207 3.462098e+22 1.006514e+00 0 
    0.928342 3.559513e+22 1.030080e+00 0 
    0.930482 3.231832e+22 9.309563e-01 0 
    0.932627 3.544030e+22 1.016197e+00 0 
    0.934777 3.544468e+22 1.011653e+00 0 
    0.936932 3.528623e+22 1.002503e+00 0 
    0.939092 3.569912e+22 1.009573e+00 0 
    0.941256 3.529486e+22 9.935561e-01 0 
    0.943426 3.595582e+22 1.007511e+00 0 
    0.945601 3.579478e+22 9.983902e-01 0 
    0.947781 3.621421e+22 1.005448e+00 0 
    0.949966 3.630197e+22 1.003253e+00 0 
    0.952156 3.580860e+22 9.850711e-01 0 
    0.954351 3.459681e+22 9.473628e-01 0 
    0.956551 3.598266e+22 9.807844e-01 0 
    0.958756 3.648809e+22 9.899914e-01 0 
    0.960966 3.649248e+22 9.855616e-01 0 
    0.963181 3.658147e+22 9.834263e-01 0 
    0.965401 3.650170e+22 9.767740e-01 0 
    0.967627 3.659059e+22 9.746529e-01 0 
    0.969858 3.693361e+22 9.792687e-01 0 
    0.972093 3.685368e+22 9.726615e-01 0 
    0.974334 3.668873e+22 9.638588e-01 0 
    0.976580 3.686303e+22 9.639885e-01 0 
    0.978831 3.669831e+22 9.552723e-01 0 
    0.981088 3.721359e+22 9.642332e-01 0 
    0.983350 3.721864e+22 9.599325e-01 0 
    0.985616 3.739492e+22 9.600493e-01 0 
    0.987888 3.731396e+22 9.535694e-01 0 
    0.990166 3.723321e+22 9.471328e-01 0 
    0.992448 3.740963e+22 9.472493e-01 0 
    0.994736 3.758744e+22 9.473785e-01 0 
    0.997029 3.767865e+22 9.453141e-01 0 
    0.999327 3.768384e+22 9.411014e-01 0 
    1.001632 3.725761e+22 9.261792e-01 0 
    1.008574 3.718618e+22 9.117220e-01 0 
    1.013229 3.797512e+22 9.225297e-01 0 
    1.017907 3.798541e+22 9.143175e-01 0 
    1.022605 3.817109e+22 9.103642e-01 0 
    1.027325 3.844550e+22 9.085028e-01 0 
    1.029693 3.836221e+22 9.023698e-01 0 
    1.048837 3.867087e+22 8.767271e-01 0 
    1.070799 3.878870e+22 8.436956e-01 0 
    1.090706 3.861025e+22 8.094382e-01 0 
    1.110984 3.923787e+22 7.928413e-01 0 
    1.129037 3.923789e+22 7.676898e-01 0 
    1.150027 4.005920e+22 7.554099e-01 0 
    1.168714 4.015129e+22 7.331275e-01 0 
    1.190441 4.042976e+22 7.115114e-01 0 
    1.209784 4.061620e+22 6.921178e-01 0 
    1.229442 4.108705e+22 6.779308e-01 0 
    1.249418 4.146667e+22 6.624912e-01 0 
    1.269720 4.175430e+22 6.459244e-01 0 
    1.290351 4.204418e+22 6.297768e-01 0 
    1.311317 4.262863e+22 6.182761e-01 0 
    1.329560 4.272748e+22 6.028203e-01 0 
    1.351163 4.352096e+22 5.945377e-01 0 
    1.369960 4.382267e+22 5.823439e-01 0 
    1.389018 4.402560e+22 5.690967e-01 0 
    1.411588 4.432998e+22 5.548531e-01 0 
    1.431225 4.484424e+22 5.459932e-01 0 
    1.451135 4.588860e+22 5.434827e-01 0 
    1.471323 4.610079e+22 5.311152e-01 0 
    1.488360 4.706568e+22 5.298889e-01 0 
    1.509066 4.805095e+22 5.262377e-01 0 
    1.530059 4.962473e+22 5.286622e-01 0 
    1.551343 5.066403e+22 5.250257e-01 0 
    1.569307 5.101629e+22 5.166418e-01 0 
    1.591138 5.101584e+22 5.025575e-01 0 
    1.609563 5.232409e+22 5.037118e-01 0 
    1.628201 5.317475e+22 5.002486e-01 0 
    1.650852 5.342036e+22 4.888628e-01 0 
    1.669967 5.366575e+22 4.799300e-01 0 
    1.689304 5.341983e+22 4.668565e-01 0 
    1.708866 5.342060e+22 4.562356e-01 0 
    1.728654 5.244490e+22 4.377071e-01 0 
    1.748670 5.256586e+22 4.287306e-01 0 
    1.768919 5.208304e+22 4.151231e-01 0 
    1.789402 5.172513e+22 4.028860e-01 0 
    1.810123 5.089763e+22 3.874162e-01 0 
    1.831082 5.101609e+22 3.794793e-01 0 
    1.848025 5.054778e+22 3.691330e-01 0 
    1.869425 4.973950e+22 3.549619e-01 0 
    1.891073 4.973939e+22 3.468809e-01 0 
    1.908569 4.962494e+22 3.397667e-01 0 
    1.930670 4.905764e+22 3.282366e-01 0 
    1.948535 4.805186e+22 3.156387e-01 0 
    1.971096 4.805154e+22 3.084524e-01 0 
    1.989335 4.771988e+22 3.007323e-01 0 
    2.007743 4.772079e+22 2.952486e-01 0 
    2.030990 4.728329e+22 2.858832e-01 0 
    2.049784 4.739173e+22 2.813085e-01 0 
    2.068749 4.695786e+22 2.736460e-01 0 
    2.087891 4.674125e+22 2.674121e-01 0 
    2.112069 4.684920e+22 2.619283e-01 0 
    2.131610 4.652653e+22 2.553769e-01 0 
    2.151334 4.641949e+22 2.501389e-01 0 
    2.171241 4.567861e+22 2.416536e-01 0 
    2.191330 4.578316e+22 2.377862e-01 0 
    2.211607 4.546836e+22 2.318408e-01 0 
    2.232072 4.505112e+22 2.255203e-01 0 
    2.247543 4.463725e+22 2.203829e-01 0 
    2.268340 4.443410e+22 2.153756e-01 0 
    2.289327 4.112684e+22 1.957069e-01 0 
    2.310511 4.112543e+22 1.921281e-01 0 
    2.331888 3.706352e+22 1.699917e-01 0 
    2.348054 3.556621e+22 1.608859e-01 0 
    2.369779 3.611691e+22 1.603952e-01 0 
    2.391707 3.367058e+22 1.468017e-01 0 
    2.408287 3.304434e+22 1.420944e-01 0 
    2.430569 3.299415e+22 1.392892e-01 0 
    2.447418 3.119659e+22 1.298935e-01 0 
    2.470062 3.113299e+22 1.272629e-01 0 
    2.487185 2.777883e+22 1.119939e-01 0 
    2.510197 2.757956e+22 1.091611e-01 0 
    2.527599 2.772631e+22 1.082361e-01 0 
    2.535934 2.637420e+22 1.022821e-01 2 
    2.545541 2.611737e+22 1.005230e-01 2 
    2.555148 2.625481e+22 1.002936e-01 2 
    2.564745 2.616656e+22 9.920985e-02 2 
    2.574352 2.680893e+22 1.008881e-01 2 
    2.583959 2.873087e+22 1.073183e-01 2 
    2.593556 3.015005e+22 1.117875e-01 2 
    2.603163 3.045145e+22 1.120732e-01 2 
    2.612759 3.008076e+22 1.098972e-01 2 
    2.622366 2.978033e+22 1.080039e-01 2 
    2.631973 2.966424e+22 1.067989e-01 2 
    2.641570 2.931208e+22 1.047656e-01 2 
    2.651177 2.863624e+22 1.016097e-01 2 
    2.660784 2.807485e+22 9.889962e-02 2 
    2.670381 2.814199e+22 9.842484e-02 2 
    2.679988 2.829206e+22 9.824157e-02 2 
    2.689585 2.812588e+22 9.696880e-02 2 
    2.699192 2.814253e+22 9.633674e-02 2 
    2.708799 2.885395e+22 9.807271e-02 2 
    2.718396 2.768284e+22 9.342898e-02 2 
    2.728003 2.789736e+22 9.349103e-02 2 
    2.737610 2.736308e+22 9.105803e-02 2 
    2.747206 2.860200e+22 9.451709e-02 2 
    2.756813 2.720611e+22 8.927880e-02 2 
    2.766411 2.716162e+22 8.851537e-02 2 
    2.776017 2.606731e+22 8.436232e-02 2 
    2.785624 2.691074e+22 8.649224e-02 2 
    2.795221 2.564485e+22 8.185861e-02 2 
    2.804828 2.505124e+22 7.941696e-02 2 
    2.814425 2.379027e+22 7.490597e-02 2 
    2.824032 2.387590e+22 7.466497e-02 2 
    2.833639 2.473551e+22 7.682955e-02 2 
    2.843236 2.600348e+22 8.022361e-02 2 
    2.852843 2.570012e+22 7.875458e-02 2 
    2.862450 2.577110e+22 7.844288e-02 2 
    2.872047 2.486316e+22 7.517435e-02 2 
    2.881653 2.482317e+22 7.455390e-02 2 
    2.891250 2.480934e+22 7.401851e-02 2 
    2.900857 2.496378e+22 7.398677e-02 2 
    2.910464 2.380703e+22 7.009340e-02 2 
    2.920061 2.369837e+22 6.931561e-02 2 
    2.929668 2.329983e+22 6.770370e-02 2 
    2.939275 2.373483e+22 6.851759e-02 2 
    2.948872 2.245257e+22 6.439477e-02 2 
    2.958479 2.355930e+22 6.713080e-02 2 
    2.968076 2.189421e+22 6.198343e-02 2 
    2.977683 2.300067e+22 6.469638e-02 2 
    2.987290 2.181198e+22 6.095885e-02 2 
    2.996887 2.218776e+22 6.161256e-02 2 
    3.006494 2.142597e+22 5.911752e-02 2 
    3.016101 2.137994e+22 5.861533e-02 2 
    3.025697 2.102147e+22 5.726756e-02 2 
    3.035304 2.206460e+22 5.972941e-02 2 
    3.044901 2.167219e+22 5.829789e-02 2 
    3.054508 2.182212e+22 5.833252e-02 2 
    3.064115 2.087800e+22 5.545940e-02 2 
    3.073712 2.150425e+22 5.676681e-02 2 
    3.083319 2.216421e+22 5.814493e-02 2 
    3.092926 2.208003e+22 5.756481e-02 2 
    3.102523 2.078201e+22 5.384606e-02 2 
    3.112130 2.183053e+22 5.621410e-02 2 
    3.121727 2.207928e+22 5.650560e-02 2 
    3.131334 2.221652e+22 5.650848e-02 2 
    3.140941 2.155103e+22 5.448099e-02 2 
    3.150538 2.271384e+22 5.707127e-02 2 
    3.160144 2.308601e+22 5.765430e-02 2 
    3.169751 2.344402e+22 5.819400e-02 2 
    3.179348 2.277673e+22 5.619681e-02 2 
    3.188955 2.362421e+22 5.793712e-02 2 
    3.198552 2.486293e+22 6.060966e-02 2 
    3.208159 2.784302e+22 6.746849e-02 2 
    3.217766 2.871216e+22 6.915974e-02 2 
    3.227363 3.121783e+22 7.474867e-02 2 
    3.236970 3.140032e+22 7.474002e-02 2 
    3.246577 3.445581e+22 8.152814e-02 2 
    3.256174 3.719962e+22 8.750237e-02 2 
    3.265781 3.937445e+22 9.207396e-02 2 
    3.275387 4.255745e+22 9.893430e-02 2 
    3.284985 4.476277e+22 1.034538e-01 2 
    3.294591 4.335816e+22 9.962406e-02 2 
    3.304189 4.003882e+22 9.146353e-02 2 
    3.313795 3.613118e+22 8.205922e-02 2 
    3.323402 3.477204e+22 7.851650e-02 2 
    3.332999 3.067238e+22 6.886104e-02 2 
    3.342606 2.883501e+22 6.436448e-02 2 
    3.352213 2.856796e+22 6.340340e-02 2 
    3.361810 2.882986e+22 6.361985e-02 2 
    3.371417 2.856409e+22 6.267464e-02 2 
    3.381014 2.772687e+22 6.049275e-02 2 
    3.390621 2.708710e+22 5.876253e-02 2 
    3.400228 2.707023e+22 5.839455e-02 2 
    3.409825 2.703489e+22 5.799050e-02 2 
    3.419432 2.826179e+22 6.028206e-02 2 
    3.429039 2.746629e+22 5.825746e-02 2 
    3.438635 2.998265e+22 6.324034e-02 2 
    3.448242 2.929937e+22 6.145529e-02 2 
    3.457839 2.856747e+22 5.958798e-02 2 
    3.467446 2.796397e+22 5.800639e-02 2 
    3.477053 2.901734e+22 5.985927e-02 2 
    3.486650 2.897305e+22 5.943934e-02 2 
    3.496257 2.971927e+22 6.063563e-02 2 
    3.505864 2.862332e+22 5.807997e-02 2 
    3.515461 2.834763e+22 5.720694e-02 2 
    3.525068 2.874148e+22 5.768602e-02 2 
    3.534665 2.811817e+22 5.612897e-02 2 
    3.544271 2.676448e+22 5.313753e-02 2 
    3.553878 2.766321e+22 5.462532e-02 2 
    3.563475 2.521258e+22 4.951836e-02 2 
    3.573082 2.637477e+22 5.152276e-02 2 
    3.582689 2.484278e+22 4.827012e-02 2 
    3.592286 2.521274e+22 4.872756e-02 2 
    3.601893 2.409641e+22 4.632199e-02 2 
    3.611490 2.399180e+22 4.587609e-02 2 
    3.621097 2.458772e+22 4.676646e-02 2 
    3.630704 2.546888e+22 4.818641e-02 2 
    3.640301 2.589967e+22 4.874343e-02 2 
    3.649908 2.630171e+22 4.923984e-02 2 
    3.659515 2.565540e+22 4.777803e-02 2 
    3.669112 2.569589e+22 4.760341e-02 2 
    3.678719 2.465451e+22 4.543595e-02 2 
    3.688315 2.527448e+22 4.633644e-02 2 
    3.697922 2.477333e+22 4.518199e-02 2 
    3.707529 2.516229e+22 4.565386e-02 2 
    3.717127 2.575802e+22 4.649370e-02 2 
    3.726733 2.602553e+22 4.673471e-02 2 
    3.736340 2.646441e+22 4.727874e-02 2 
    3.745937 2.723869e+22 4.841297e-02 2 
    3.755544 2.701625e+22 4.777225e-02 2 
    3.765141 2.666563e+22 4.691219e-02 2 
    3.774748 2.608461e+22 4.565674e-02 2 
    3.784355 2.662442e+22 4.636527e-02 2 
    3.793952 2.664219e+22 4.616180e-02 2 
    3.803559 2.658058e+22 4.582268e-02 2 
    3.813166 2.603608e+22 4.465814e-02 2 
    3.822763 2.613348e+22 4.460042e-02 2 
    3.832370 2.555966e+22 4.340268e-02 2 
    3.841966 2.533509e+22 4.280672e-02 2 
    3.851573 2.532291e+22 4.257295e-02 2 
    3.861180 2.597559e+22 4.345321e-02 2 
    3.870777 2.524749e+22 4.202603e-02 2 
    3.880384 2.480841e+22 4.109093e-02 2 
    3.889981 2.470013e+22 4.070996e-02 2 
    3.899588 2.554290e+22 4.189182e-02 2 
    3.909195 2.526482e+22 4.123234e-02 2 
    3.918792 2.510557e+22 4.077201e-02 2 
    3.928399 2.518327e+22 4.069841e-02 2 
    3.938006 2.631426e+22 4.231896e-02 2 
    3.947603 2.699270e+22 4.319921e-02 2 
    3.957210 2.786631e+22 4.438107e-02 2 
    3.966816 2.649494e+22 4.199284e-02 2 
    3.976413 2.655742e+22 4.188894e-02 2 
    3.986020 2.529865e+22 3.971137e-02 2 
    3.995617 2.651988e+22 4.142860e-02 2 
    4.005224 2.627350e+22 4.084706e-02 2 
    4.014831 2.776136e+22 4.295391e-02 2 
    4.024428 2.983876e+22 4.594823e-02 2 
    4.034035 3.178643e+22 4.871457e-02 2 
    4.043632 3.250928e+22 4.958617e-02 2 
    4.053239 3.092627e+22 4.694827e-02 2 
    4.062846 2.838159e+22 4.288175e-02 2 
    4.072442 2.607650e+22 3.921352e-02 2 
    4.082050 2.463969e+22 3.687865e-02 2 
    4.091656 2.397116e+22 3.570979e-02 2 
    4.101254 2.407985e+22 3.570400e-02 2 
    4.110860 2.403830e+22 3.547601e-02 2 
    4.120458 2.383827e+22 3.501711e-02 2 
    4.130064 2.400187e+22 3.509360e-02 2 
    4.139672 2.395104e+22 3.485692e-02 2 
    4.149268 2.331311e+22 3.377176e-02 2 
    4.158875 2.299586e+22 3.315846e-02 2 
    4.168482 2.326208e+22 3.338791e-02 2 
    4.178079 2.258653e+22 3.226954e-02 2 
    4.187686 2.305987e+22 3.279481e-02 2 
    4.197283 2.271819e+22 3.216131e-02 2 
    4.206890 2.286122e+22 3.221615e-02 2 
    4.216497 2.171897e+22 3.046717e-02 2 
    4.226094 2.085173e+22 2.911791e-02 2 
    4.235701 1.987014e+22 2.762146e-02 2 
    4.245307 1.932739e+22 2.674554e-02 2 
    4.254905 1.893196e+22 2.608028e-02 2 
    4.264511 1.924168e+22 2.638766e-02 2 
    4.274108 1.895526e+22 2.587827e-02 2 
    4.283715 2.065869e+22 2.807748e-02 2 
    4.293322 2.094023e+22 2.833289e-02 2 
    4.302919 2.108109e+22 2.839639e-02 2 
    4.312526 2.174242e+22 2.915687e-02 2 
    4.322133 2.339589e+22 3.123487e-02 2 
    4.331730 2.378543e+22 3.161439e-02 2 
    4.341337 2.379618e+22 3.148884e-02 2 
    4.350934 2.333631e+22 3.074423e-02 2 
    4.360541 2.241300e+22 2.939786e-02 2 
    4.370148 2.222456e+22 2.902267e-02 2 
    4.379745 2.245880e+22 2.920017e-02 2 
    4.389351 2.183394e+22 2.826363e-02 2 
    4.398958 2.185797e+22 2.817128e-02 2 
    4.408555 2.130008e+22 2.733286e-02 2 
    4.418162 2.185496e+22 2.792307e-02 2 
    4.427759 2.067498e+22 2.630108e-02 2 
    4.437366 2.111000e+22 2.673832e-02 2 
    4.446973 2.012135e+22 2.537608e-02 2 
    4.456570 2.065991e+22 2.594320e-02 2 
    4.466177 2.015586e+22 2.520147e-02 2 
    4.475784 2.076774e+22 2.585517e-02 2 
    4.485381 2.029348e+22 2.515674e-02 2 
    4.494988 1.991637e+22 2.458384e-02 2 
    4.504584 1.853392e+22 2.278004e-02 2 
    4.514192 1.885241e+22 2.307296e-02 2 
    4.523798 1.885222e+22 2.297484e-02 2 
    4.533396 1.874798e+22 2.275116e-02 2 
    4.543002 1.837970e+22 2.221003e-02 2 
    4.552610 1.919265e+22 2.309460e-02 2 
    4.562206 1.847520e+22 2.213787e-02 2 
    4.571813 1.891107e+22 2.256502e-02 2 
    4.581410 1.781616e+22 2.116958e-02 2 
    4.591017 1.800560e+22 2.130523e-02 2 
    4.600624 1.777364e+22 2.094302e-02 2 
    4.610221 1.828321e+22 2.145386e-02 2 
    4.619828 1.899794e+22 2.219992e-02 2 
    4.629435 2.065687e+22 2.403837e-02 2 
    4.639032 2.035036e+22 2.358381e-02 2 
    4.648639 2.076358e+22 2.396333e-02 2 
    4.658235 2.027939e+22 2.330819e-02 2 
    4.667843 2.056610e+22 2.354051e-02 2 
    4.677449 2.025840e+22 2.309317e-02 2 
    4.687046 2.016367e+22 2.289115e-02 2 
    4.696653 2.027193e+22 2.292000e-02 2 
    4.706260 2.073942e+22 2.335292e-02 2 
    4.715857 2.029007e+22 2.275405e-02 2 
    4.725464 1.982629e+22 2.214364e-02 2 
    4.735061 2.011058e+22 2.237020e-02 2 
    4.744668 2.147398e+22 2.379016e-02 2 
    4.754275 2.063378e+22 2.276704e-02 2 
    4.763872 2.102312e+22 2.310327e-02 2 
    4.773479 2.038286e+22 2.230959e-02 2 
    4.783086 2.063046e+22 2.248997e-02 2 
    4.792683 2.024949e+22 2.198635e-02 2 
    4.802289 2.116074e+22 2.288393e-02 2 
    4.811896 2.067476e+22 2.226919e-02 2 
    4.821493 2.154284e+22 2.311193e-02 2 
    4.831100 2.082526e+22 2.225332e-02 2 
    4.840697 2.147210e+22 2.285363e-02 2 
    4.850304 1.974565e+22 2.093292e-02 2 
    4.859911 1.979797e+22 2.090550e-02 2 
    4.869508 1.963340e+22 2.065008e-02 2 
    4.879115 2.011590e+22 2.107434e-02 2 
    4.888712 1.947880e+22 2.032684e-02 2 
    4.898319 1.848229e+22 1.921135e-02 2 
    4.907926 1.822593e+22 1.887079e-02 2 
    4.917522 1.819094e+22 1.876113e-02 2 
    4.927229 1.690305e+22 1.736425e-02 2 
    4.976501 1.836051e+22 1.848983e-02 0 
    5.026266 1.987996e+22 1.962552e-02 0 
    5.076529 2.146501e+22 2.077274e-02 0 
    5.127294 2.311943e+22 2.193295e-02 0 
    5.178567 2.484254e+22 2.310326e-02 0 
    5.230352 2.663985e+22 2.428658e-02 0 
    5.282656 2.851066e+22 2.547998e-02 0 
    5.295480 2.897863e+22 2.577292e-02 3 
    5.326231 3.043234e+22 2.675419e-02 3 
    5.356983 2.835387e+22 2.464157e-02 3 
    5.387734 2.469975e+22 2.122153e-02 3 
    5.418485 2.381374e+22 2.022871e-02 3 
    5.449236 2.407621e+22 2.022150e-02 3 
    5.479988 2.605849e+22 2.164146e-02 3 
    5.510739 2.676294e+22 2.197913e-02 3 
    5.541491 2.756530e+22 2.238752e-02 3 
    5.572242 2.831045e+22 2.273962e-02 3 
    5.602994 3.215499e+22 2.554491e-02 3 
    5.633745 3.499363e+22 2.749737e-02 3 
    5.664497 4.079785e+22 3.171108e-02 3 
    5.695248 4.379254e+22 3.367218e-02 3 
    5.725999 4.382471e+22 3.333596e-02 3 
    5.756750 4.138205e+22 3.114252e-02 3 
    5.787502 3.891438e+22 2.897505e-02 3 
    5.818254 3.868265e+22 2.849885e-02 3 
    5.849005 4.236865e+22 3.088710e-02 3 
    5.879756 4.487968e+22 3.237633e-02 3 
    5.910508 4.553228e+22 3.250620e-02 3 
    5.941259 4.759834e+22 3.363034e-02 3 
    5.972010 5.230209e+22 3.657417e-02 3 
    6.002762 6.300399e+22 4.360761e-02 3 
    6.033513 6.783222e+22 4.647207e-02 3 
    6.064264 7.102140e+22 4.816477e-02 3 
    6.095016 8.058223e+22 5.409860e-02 3 
    6.125767 1.050443e+23 6.981489e-02 3 
    6.156518 1.496826e+23 9.849123e-02 3 
    6.187270 1.947695e+23 1.268876e-01 3 
    6.218021 2.041801e+23 1.317060e-01 3 
    6.248772 1.854077e+23 1.184227e-01 3 
    6.279524 1.578159e+23 9.981451e-02 3 
    6.310275 1.354129e+23 8.481253e-02 3 
    6.341027 1.182007e+23 7.331574e-02 3 
    6.371778 1.019452e+23 6.262415e-02 3 
    6.402529 9.291046e+22 5.652726e-02 3 
    6.433281 8.033494e+22 4.841009e-02 3 
    6.464032 7.754358e+22 4.628447e-02 3 
    6.494783 7.520296e+22 4.446334e-02 3 
    6.525535 7.380033e+22 4.322376e-02 3 
    6.556286 7.372153e+22 4.277352e-02 3 
    6.587037 7.710098e+22 4.431759e-02 3 
    6.617790 7.814442e+22 4.450087e-02 3 
    6.648540 7.866513e+22 4.438397e-02 3 
    6.679291 8.287158e+22 4.632777e-02 3 
    6.710043 8.089578e+22 4.480967e-02 3 
    6.740794 8.196496e+22 4.498861e-02 3 
    6.771546 8.078039e+22 4.393663e-02 3 
    6.802298 8.233767e+22 4.437964e-02 3 
    6.833049 8.478036e+22 4.528586e-02 3 
    6.863801 8.688908e+22 4.599730e-02 3 
    6.894551 9.414934e+22 4.939714e-02 3 
    6.925303 9.849869e+22 5.122115e-02 3 
    6.956054 1.140514e+23 5.878564e-02 3 
    6.986805 1.310374e+23 6.694755e-02 3 
    7.017557 1.175816e+23 5.954757e-02 3 
    7.048308 1.047940e+23 5.260938e-02 3 
    7.079060 1.153255e+23 5.739453e-02 3 
    7.109812 1.214276e+23 5.990977e-02 3 
    7.140562 1.232326e+23 6.027777e-02 3 
    7.171315 1.283670e+23 6.225184e-02 3 
    7.202065 1.308568e+23 6.291854e-02 3 
    7.232816 1.387630e+23 6.615387e-02 3 
    7.263569 1.474643e+23 6.970812e-02 3 
    7.294319 1.564921e+23 7.335326e-02 3 
    7.325071 1.680969e+23 7.813263e-02 3 
    7.355823 1.794545e+23 8.271577e-02 3 
    7.386574 1.956601e+23 8.943606e-02 3 
    7.417325 2.145430e+23 9.725597e-02 3 
    7.448076 2.369901e+23 1.065463e-01 3 
    7.476815 2.403299e+23 1.072188e-01 3 
    7.478828 2.582850e+23 1.151671e-01 3 
    7.509580 2.810944e+23 1.243132e-01 3 
    7.538439 2.918213e+23 1.280709e-01 3 
    7.540330 3.006823e+23 1.318936e-01 3 
    7.600065 3.208890e+23 1.385532e-01 3 
    7.661690 3.184141e+23 1.352819e-01 3 
    7.723315 3.121535e+23 1.305140e-01 3 
    7.784940 3.131501e+23 1.288661e-01 3 
    7.846567 3.024886e+23 1.225310e-01 3 
    7.908191 2.708193e+23 1.079995e-01 3 
    7.969816 2.349416e+23 9.224861e-02 3 
    8.031443 2.021956e+23 7.817737e-02 3 
    8.093068 1.755077e+23 6.682920e-02 3 
    8.154692 1.596371e+23 5.987080e-02 3 
    8.216318 1.518329e+23 5.609290e-02 3 
    8.277943 1.507211e+23 5.485620e-02 3 
    8.339569 1.477261e+23 5.297447e-02 3 
    8.401194 1.484513e+23 5.245641e-02 3 
    8.462820 1.547895e+23 5.390234e-02 3 
    8.524445 1.621647e+23 5.565709e-02 3 
    8.586071 1.636647e+23 5.536848e-02 3 
    8.647695 1.510511e+23 5.037552e-02 3 
    8.709321 1.250042e+23 4.110102e-02 3 
    8.770946 9.676496e+22 3.137052e-02 3 
    8.832571 7.649849e+22 2.445541e-02 3 
    8.894196 6.336664e+22 1.997762e-02 3 
    8.955822 5.382445e+22 1.673652e-02 3 
    9.017446 4.666723e+22 1.431335e-02 3 
    9.079073 4.118232e+22 1.246018e-02 3 
    9.140698 3.943340e+22 1.177069e-02 3 
    9.202323 3.914275e+22 1.152797e-02 3 
    9.263949 3.604035e+22 1.047353e-02 3 
    9.325574 3.501839e+22 1.004249e-02 3 
    9.387199 3.382311e+22 9.572776e-03 3 
    9.448823 3.234387e+22 9.035100e-03 3 
    9.510450 3.152314e+22 8.692082e-03 3 
    9.572075 3.338560e+22 9.087480e-03 3 
    9.633700 3.960729e+22 1.064352e-02 3 
    9.695326 3.807443e+22 1.010195e-02 3 
    9.756952 3.259950e+22 8.540417e-03 3 
    9.818576 3.017058e+22 7.805184e-03 3 
    9.880202 2.798560e+22 7.149892e-03 3 
    9.941823 2.835293e+22 7.154222e-03 3 
   10.003453 2.886536e+22 7.194051e-03 3 
   10.065074 2.967107e+22 7.304588e-03 3 
   10.126706 2.987298e+22 7.265048e-03 3 
   10.188327 2.973973e+22 7.145419e-03 3 
   10.249957 3.021612e+22 7.172838e-03 3 
   10.311580 3.203677e+22 7.514409e-03 3 
   10.373201 3.490313e+22 8.089752e-03 3 
   10.434831 3.729989e+22 8.543448e-03 3 
   10.496452 4.186755e+22 9.477393e-03 3 
   10.558084 4.814496e+22 1.077152e-02 3 
   10.619705 5.017224e+22 1.109520e-02 3 
   10.681326 5.160314e+22 1.128034e-02 3 
   10.742957 5.298032e+22 1.144889e-02 3 
   10.804579 5.217544e+22 1.114671e-02 3 
   10.866209 5.462244e+22 1.153749e-02 3 
   10.927830 6.514174e+22 1.360467e-02 3 
   10.989461 8.033138e+22 1.658933e-02 3 
   11.051083 9.432169e+22 1.926187e-02 3 
   11.112704 1.371269e+23 2.769362e-02 3 
   11.174335 2.317733e+23 4.629312e-02 3 
   11.235956 2.985746e+23 5.898332e-02 3 
   11.297587 2.779165e+23 5.430495e-02 3 
   11.359208 2.267242e+23 4.382262e-02 3 
   11.420839 1.861348e+23 3.559000e-02 3 
   11.482460 1.579846e+23 2.988417e-02 3 
   11.544081 1.391199e+23 2.603556e-02 3 
   11.605712 1.271578e+23 2.354485e-02 3 
   11.667333 1.183826e+23 2.168908e-02 3 
   11.728964 1.165561e+23 2.113062e-02 3 
   11.790585 1.200202e+23 2.153179e-02 3 
   11.852216 1.280895e+23 2.274107e-02 3 
   11.913837 1.402164e+23 2.463724e-02 3 
   11.975458 1.487571e+23 2.586961e-02 3 
   12.037090 1.498814e+23 2.579889e-02 3 
   12.098711 1.463381e+23 2.493306e-02 3 
   12.160341 1.472510e+23 2.483494e-02 3 
   12.221962 1.575716e+23 2.630829e-02 3 
   12.283585 1.735524e+23 2.868644e-02 3 
   12.345215 1.807656e+23 2.958114e-02 3 
   12.406836 1.894060e+23 3.068796e-02 3 
   12.468467 2.043714e+23 3.278616e-02 3 
   12.530089 2.221851e+23 3.529418e-02 3 
   12.591719 2.412012e+23 3.794074e-02 3 
   12.653341 2.610951e+23 4.067100e-02 3 
   12.714962 2.972734e+23 4.585877e-02 3 
   12.776593 3.863506e+23 5.902662e-02 3 
   12.838214 3.504426e+23 5.302786e-02 3 
   12.899845 2.221468e+23 3.329411e-02 3 
   12.961466 1.640257e+23 2.435007e-02 3 
   13.023087 1.540388e+23 2.265160e-02 3 
   13.084718 1.530732e+23 2.229805e-02 3 
   13.146341 1.502484e+23 2.168186e-02 3 
   13.207970 1.491168e+23 2.131822e-02 3 
   13.269591 1.490953e+23 2.111763e-02 3 
   13.331222 1.504217e+23 2.110897e-02 3 
   13.392844 1.489615e+23 2.071213e-02 3 
   13.454466 1.488690e+23 2.051011e-02 3 
   13.516097 1.499400e+23 2.046970e-02 3 
   13.577717 1.508623e+23 2.040909e-02 3 
   13.639348 1.474773e+23 1.977126e-02 3 
   13.700970 1.411990e+23 1.875968e-02 3 
   13.762602 1.374418e+23 1.809732e-02 3 
   13.824220 1.372599e+23 1.791261e-02 3 
   13.885844 1.381070e+23 1.786354e-02 3 
   13.947473 1.395270e+23 1.788808e-02 3 
   14.009095 1.431246e+23 1.818823e-02 3 
   14.070725 1.420153e+23 1.788952e-02 3 
   14.132347 1.441402e+23 1.799919e-02 3 
   14.193978 1.453185e+23 1.798909e-02 3 
   14.255598 1.446899e+23 1.775676e-02 3 
   14.317220 1.379732e+23 1.678703e-02 3 
   14.378852 1.298805e+23 1.566722e-02 3 
   14.431878 1.275864e+23 1.527760e-02 3 
   14.522875 1.228789e+23 1.453010e-02 3 
   14.613883 1.278343e+23 1.492838e-02 3 
   14.704881 1.204618e+23 1.389385e-02 3 
   14.795878 1.211922e+23 1.380669e-02 3 
   14.886877 1.176788e+23 1.324304e-02 3 
   14.977883 1.079901e+23 1.200548e-02 3 
   15.068881 1.067679e+23 1.172668e-02 3 
   15.159878 1.125984e+23 1.221905e-02 3 
   15.250886 1.136597e+23 1.218744e-02 3 
   15.341884 1.008945e+23 1.069071e-02 3 
   15.432881 1.053707e+23 1.103372e-02 3 
   15.523880 1.387982e+23 1.436414e-02 3 
   15.614886 1.375227e+23 1.406673e-02 3 
   15.705884 1.195351e+23 1.208557e-02 3 
   15.796881 1.108821e+23 1.108192e-02 3 
   15.887889 1.239939e+23 1.225079e-02 3 
   15.978888 1.204663e+23 1.176708e-02 3 
   16.069884 1.193305e+23 1.152451e-02 3 
   16.160891 1.228287e+23 1.172913e-02 3 
   16.251889 1.314934e+23 1.241631e-02 3 
   16.342886 1.579253e+23 1.474656e-02 3 
   16.433884 1.807692e+23 1.669323e-02 3 
   16.524894 2.050236e+23 1.872505e-02 3 
   16.615887 1.653382e+23 1.493560e-02 3 
   16.706888 1.688499e+23 1.508711e-02 3 
   16.797884 1.707269e+23 1.509000e-02 3 
   16.888892 1.740177e+23 1.521554e-02 3 
   16.979891 2.157019e+23 1.865867e-02 3 
   17.070889 2.359608e+23 2.019408e-02 3 
   17.161895 1.917547e+23 1.623723e-02 3 
   17.252894 1.869560e+23 1.566434e-02 3 
   17.343891 2.048939e+23 1.698762e-02 3 
   17.434898 1.740277e+23 1.427828e-02 3 
   17.525895 1.541205e+23 1.251401e-02 3 
   17.616894 1.496591e+23 1.202654e-02 3 
   17.707891 1.453053e+23 1.155698e-02 3 
   17.798898 1.427645e+23 1.123907e-02 3 
   17.889895 1.374596e+23 1.071164e-02 3 
   17.980894 1.326114e+23 1.022951e-02 3 
   18.071900 1.268671e+23 9.688079e-03 3 
   18.162898 1.269988e+23 9.601206e-03 3 
   18.253895 1.286389e+23 9.628479e-03 3 
   18.344903 1.260849e+23 9.343909e-03 3 
   18.435902 1.243123e+23 9.121824e-03 3 
   18.526898 1.320567e+23 9.595146e-03 3 
   18.617895 1.494061e+23 1.074988e-02 3 
   18.708903 1.881696e+23 1.340755e-02 3 
   18.799902 1.579775e+23 1.114758e-02 3 
   18.890898 1.458040e+23 1.018968e-02 3 
   18.981906 1.646266e+23 1.139507e-02 3 
   19.072906 1.509677e+23 1.035015e-02 3 
   19.163902 1.506946e+23 1.023355e-02 3 
   19.254898 1.492846e+23 1.004220e-02 3 
   19.345908 1.546317e+23 1.030426e-02 3 
   19.436905 1.554603e+23 1.026270e-02 3 
   19.527903 1.617118e+23 1.057613e-02 3 
   19.618909 1.616703e+23 1.047555e-02 3 
   19.709906 1.686176e+23 1.082506e-02 3 
   19.800905 1.730344e+23 1.100674e-02 3 
   19.891903 1.806086e+23 1.138366e-02 3 
   19.982911 1.811328e+23 1.131295e-02 3 
   20.073908 1.860970e+23 1.151787e-02 3 
   20.164906 1.899103e+23 1.164803e-02 3 
   20.255913 1.954767e+23 1.188195e-02 3 
   20.400017 1.994044e+23 1.195006e-02 3 
   20.574191 2.330010e+23 1.372805e-02 3 
   20.748464 2.305958e+23 1.335906e-02 3 
   20.922839 2.253846e+23 1.284043e-02 3 
   21.097300 2.546035e+23 1.426616e-02 3 
   21.271852 2.546633e+23 1.403628e-02 3 
   21.446503 2.519295e+23 1.366037e-02 3 
   21.621245 2.727325e+23 1.455030e-02 3 
   21.796083 3.356281e+23 1.761967e-02 3 
   21.971022 2.896164e+23 1.496301e-02 3 
   22.146050 2.858493e+23 1.453587e-02 3 
   22.321178 3.099049e+23 1.551282e-02 3 
   22.496395 3.269710e+23 1.611313e-02 3 
   22.671709 3.191497e+23 1.548540e-02 3 
   22.847125 3.182783e+23 1.520689e-02 3 
   23.022630 3.413428e+23 1.606118e-02 3 
   23.198234 3.575928e+23 1.657201e-02 3 
   23.373938 3.713440e+23 1.695154e-02 3 
   23.549730 3.677091e+23 1.653594e-02 3 
   23.725633 3.844594e+23 1.703379e-02 3 
   23.901614 4.159009e+23 1.815649e-02 3 
   24.077702 4.385887e+23 1.886791e-02 3 
   24.253894 4.411509e+23 1.870340e-02 3 
   24.430172 4.517308e+23 1.887657e-02 3 
   24.606548 4.818548e+23 1.984775e-02 3 
   24.783027 5.221615e+23 2.120277e-02 3 
   24.959592 5.354317e+23 2.143510e-02 3 
   25.136269 5.487052e+23 2.165878e-02 3 
   25.313034 5.573394e+23 2.169341e-02 3 
   25.489908 5.880880e+23 2.257367e-02 3 
   25.666870 6.404607e+23 2.424617e-02 3 
   25.843934 6.434923e+23 2.402827e-02 3 
   26.021095 6.634712e+23 2.443810e-02 3 
   26.198356 6.441465e+23 2.340631e-02 3 
   26.375716 6.586135e+23 2.361123e-02 3 
   26.553178 6.843955e+23 2.420865e-02 3 
   26.730738 7.043284e+23 2.458384e-02 3 
   26.908394 7.267092e+23 2.503119e-02 3 
   27.086150 7.364271e+23 2.503408e-02 3 
   27.264009 7.435493e+23 2.494749e-02 3 
   27.441975 7.512403e+23 2.487967e-02 3 
   27.620031 7.852536e+23 2.567190e-02 3 
   27.798184 8.280109e+23 2.672389e-02 3 
   27.976447 9.199997e+23 2.931561e-02 3 
   28.154813 8.833335e+23 2.779175e-02 3 
   28.333263 8.870881e+23 2.755942e-02 3 
   28.511822 8.865453e+23 2.719865e-02 3 
   28.690484 9.108837e+23 2.759838e-02 3 
   28.869256 9.450802e+23 2.828094e-02 3 
   29.048122 9.968620e+23 2.946425e-02 3 
   29.227084 9.509588e+23 2.776433e-02 3 
   29.406159 1.021087e+24 2.944981e-02 3 
   29.585325 1.020248e+24 2.907030e-02 3 
   29.764600 1.062637e+24 2.991448e-02 3 
   29.943975 1.064381e+24 2.960567e-02 3 
   30.123450 1.139029e+24 3.130558e-02 3 
   30.303034 1.137561e+24 3.089576e-02 3 
   30.482716 1.163403e+24 3.122622e-02 3 
   30.662497 1.180322e+24 3.130992e-02 3 
   30.842388 1.212926e+24 3.180055e-02 3 
   31.022391 1.202512e+24 3.116272e-02 3 
   31.202491 1.204460e+24 3.085391e-02 3 
   31.382691 1.265368e+24 3.204298e-02 3 
   31.562988 1.319549e+24 3.303436e-02 3 
   31.743406 1.309433e+24 3.240952e-02 3 
   31.923913 1.339994e+24 3.279193e-02 3 
   32.104534 1.428673e+24 3.456977e-02 3 
   32.285250 1.344747e+24 3.217574e-02 3 
   32.466084 1.440296e+24 3.407913e-02 3 
   32.647019 1.424018e+24 3.332153e-02 3 
   32.828050 1.463799e+24 3.387566e-02 3 
   33.009191 1.490842e+24 3.412387e-02 3 
   33.190444 1.482464e+24 3.356252e-02 3 
   33.371803 1.825154e+24 4.087302e-02 3 
   33.553266 1.553811e+24 3.442113e-02 3 
   33.734831 1.689792e+24 3.703161e-02 3 
   33.916497 1.641282e+24 3.558424e-02 3 
   34.098278 1.560903e+24 3.348171e-02 3 
   34.280175 1.627373e+24 3.453802e-02 3 
   34.462159 1.754852e+24 3.685123e-02 3 
   34.644263 2.029009e+24 4.216167e-02 3 
