# NGC 4168
# 
# An Atlas of Galaxy Spectral Energy Distributions from the Ultraviolet to the Mid-Infrared
# Brown et al. (2014)
# http://dx.doi.org/10.5072/03/529D3551F0117
# http://dx.doi.org/10.17909/t9-5bxk-dh29
# 
# The Spectral Energy Distributions of Active Galactic Nuclei
# Brown et al. (2019)
# http://dx.doi.org/10.17909/t9-3dbt-8734
# 
# Column 1: Observed wavelength (um)
# Column 2: L_nu (W/Hz)
# Column 3: f_lam (erg/s/cm2/A)
# Column 4: Source (0 = model, 1 = Optical Spectrun, 2 = Akari, 3 = Spitzer IRS)
# 
  1.0205e-02 8.485199e+13 2.032041e-05 0 
  1.0394e-02 1.029530e+14 2.376676e-05 0 
  1.0612e-02 1.281454e+14 2.837951e-05 0 
  1.0809e-02 1.620480e+14 3.459148e-05 0 
  1.1010e-02 2.347982e+14 4.830772e-05 0 
  1.1397e-02 3.362856e+14 6.456893e-05 0 
  1.1798e-02 4.556918e+14 8.164900e-05 0 
  1.2100e-02 1.616898e+15 2.754282e-04 0 
  1.2497e-02 2.058986e+15 3.288050e-04 0 
  1.2700e-02 2.268220e+15 3.507311e-04 0 
  1.2788e-02 2.413446e+15 3.680686e-04 0 
  1.3086e-02 2.739669e+15 3.990072e-04 0 
  1.3207e-02 3.241176e+15 4.634369e-04 0 
  1.3391e-02 3.496989e+15 4.863677e-04 0 
  1.3703e-02 4.494516e+15 5.969639e-04 0 
  1.3990e-02 5.019713e+15 6.396464e-04 0 
  1.4315e-02 1.332455e+16 1.621684e-03 0 
  1.4716e-02 3.240823e+16 3.732262e-03 0 
  1.5094e-02 3.586296e+16 3.925851e-03 0 
  1.5517e-02 4.033183e+16 4.177619e-03 0 
  1.5915e-02 4.525291e+16 4.455841e-03 0 
  1.6211e-02 4.905696e+16 4.655620e-03 0 
  1.6588e-02 5.504012e+16 4.988704e-03 0 
  1.7014e-02 6.091105e+16 5.247829e-03 0 
  1.7290e-02 6.556403e+16 5.469809e-03 0 
  1.7693e-02 7.205820e+16 5.740859e-03 0 
  1.7981e-02 7.685190e+16 5.928208e-03 0 
  1.8189e-02 8.066100e+16 6.080543e-03 0 
  1.8612e-02 8.824108e+16 6.353034e-03 0 
  1.9090e-02 9.787568e+16 6.698220e-03 0 
  1.9400e-02 1.051116e+17 6.965361e-03 0 
  1.9806e-02 1.134200e+17 7.210948e-03 0 
  2.0221e-02 1.234956e+17 7.532559e-03 0 
  2.0502e-02 1.305203e+17 7.744296e-03 0 
  2.0980e-02 1.366703e+17 7.743899e-03 0 
  2.1617e-02 1.594649e+17 8.510806e-03 0 
  2.2019e-02 1.716604e+17 8.830218e-03 0 
  2.2326e-02 1.785214e+17 8.932331e-03 0 
  2.2688e-02 1.917228e+17 9.289189e-03 0 
  2.3004e-02 2.976367e+17 1.402737e-02 0 
  2.3378e-02 5.195792e+17 2.371011e-02 0 
  2.3977e-02 6.632687e+17 2.877374e-02 0 
  2.4593e-02 6.541333e+17 2.697365e-02 0 
  2.5223e-02 7.172703e+17 2.811809e-02 0 
  2.5692e-02 6.189576e+17 2.338630e-02 0 
  2.5990e-02 7.255609e+17 2.678908e-02 0 
  2.6412e-02 7.774411e+17 2.779466e-02 0 
  2.6903e-02 7.955574e+17 2.741363e-02 0 
  2.7403e-02 8.122336e+17 2.697623e-02 0 
  2.7913e-02 8.311376e+17 2.660458e-02 0 
  2.8432e-02 8.505019e+17 2.623958e-02 0 
  2.9027e-02 8.330800e+17 2.465920e-02 0 
  2.9567e-02 8.663104e+17 2.471470e-02 0 
  3.0116e-02 8.743097e+17 2.404181e-02 0 
  3.0818e-02 9.092597e+17 2.387677e-02 0 
  3.1828e-02 9.609111e+17 2.365707e-02 0 
  3.2795e-02 9.923485e+17 2.301152e-02 0 
  3.3791e-02 1.015471e+18 2.218001e-02 0 
  3.4818e-02 1.036743e+18 2.132848e-02 0 
  3.5711e-02 1.058472e+18 2.070007e-02 0 
  3.6627e-02 1.088098e+18 2.022842e-02 0 
  3.7480e-02 1.100708e+18 1.954202e-02 0 
  3.8530e-02 1.088100e+18 1.827963e-02 0 
  3.9519e-02 1.136770e+18 1.815337e-02 0 
  4.0532e-02 1.163271e+18 1.765962e-02 0 
  4.1381e-02 1.168586e+18 1.701983e-02 0 
  4.2248e-02 1.176711e+18 1.644198e-02 0 
  4.3033e-02 1.182148e+18 1.592080e-02 0 
  4.4137e-02 1.201338e+18 1.537999e-02 0 
  4.5061e-02 1.198606e+18 1.472215e-02 0 
  4.6005e-02 1.204126e+18 1.418921e-02 0 
  4.6968e-02 1.209717e+18 1.367654e-02 0 
  4.7952e-02 1.223668e+18 1.327231e-02 0 
  4.8956e-02 1.215271e+18 1.264613e-02 0 
  4.9981e-02 1.234976e+18 1.232949e-02 0 
    0.050560 1.226496e+18 1.196599e-02 0 
    0.051145 1.269610e+18 1.210487e-02 0 
    0.051976 1.275507e+18 1.177535e-02 0 
    0.052942 1.266616e+18 1.127044e-02 0 
    0.054051 1.249284e+18 1.066474e-02 0 
    0.055056 1.246501e+18 1.025604e-02 0 
    0.055950 1.269571e+18 1.011470e-02 0 
    0.056991 1.293244e+18 9.930345e-03 0 
    0.058050 1.281363e+18 9.483401e-03 0 
    0.058993 1.290231e+18 9.246196e-03 0 
    0.059952 1.263782e+18 8.769224e-03 0 
    0.061067 1.149939e+18 7.690564e-03 0 
    0.062059 1.296180e+18 8.393677e-03 0 
    0.063067 1.284302e+18 8.053028e-03 0 
    0.063945 1.293219e+18 7.887788e-03 0 
    0.064984 1.287296e+18 7.602594e-03 0 
    0.065736 1.269630e+18 7.327690e-03 0 
    0.066497 1.293193e+18 7.293833e-03 0 
    0.067578 1.302188e+18 7.111470e-03 0 
    0.068518 1.263773e+18 6.713613e-03 0 
    0.069471 1.293208e+18 6.682791e-03 0 
    0.070437 1.249321e+18 6.280133e-03 0 
    0.071582 1.296204e+18 6.309023e-03 0 
    0.072578 1.293218e+18 6.122913e-03 0 
    0.073418 1.293238e+18 5.983700e-03 0 
    0.074439 1.284291e+18 5.780412e-03 0 
    0.075475 1.281368e+18 5.610014e-03 0 
    0.076525 1.190328e+18 5.069398e-03 0 
    0.077411 1.275480e+18 5.308415e-03 0 
    0.078488 1.252195e+18 5.069462e-03 0 
    0.079580 1.269612e+18 4.999879e-03 0 
    0.080501 1.275457e+18 4.908623e-03 0 
    0.081434 1.272545e+18 4.785840e-03 0 
    0.082566 1.278393e+18 4.676903e-03 0 
    0.083522 1.201379e+18 4.295114e-03 0 
    0.084490 1.266686e+18 4.425423e-03 0 
    0.085468 1.257972e+18 4.294974e-03 0 
    0.086458 1.260846e+18 4.206765e-03 0 
    0.087459 1.266692e+18 4.130078e-03 0 
    0.088471 1.266692e+18 4.036133e-03 0 
    0.089496 1.269620e+18 3.953329e-03 0 
    0.090532 1.260853e+18 3.836690e-03 0 
    0.091581 1.474594e+18 4.384883e-03 0 
    0.092428 2.658707e+18 7.761751e-03 0 
    0.093498 4.108451e+18 1.172114e-02 0 
    0.094581 5.979555e+18 1.667084e-02 0 
    0.095456 7.475945e+18 2.046238e-02 0 
    0.096561 8.349715e+18 2.233390e-02 0 
    0.097455 3.301198e+18 8.668815e-03 0 
    0.098583 7.545332e+18 1.936291e-02 0 
    0.099495 7.703315e+18 1.940759e-02 0 
    0.100416 1.008507e+19 2.494419e-02 0 
    0.101579 9.992370e+18 2.415222e-02 0 
    0.102519 5.341653e+18 1.267545e-02 0 
    0.103467 8.140917e+18 1.896557e-02 0 
    0.104425 1.296196e+19 2.964546e-02 0 
    0.105391 1.284318e+19 2.883778e-02 0 
    0.106611 1.085604e+19 2.382121e-02 0 
    0.107598 1.249329e+19 2.691318e-02 0 
    0.108593 1.024863e+19 2.167498e-02 0 
    0.109598 1.326406e+19 2.754023e-02 0 
    0.110612 1.290251e+19 2.630064e-02 0 
    0.111379 1.257991e+19 2.529109e-02 0 
    0.112410 1.152599e+19 2.274913e-02 0 
    0.113450 1.411468e+19 2.735008e-02 0 
    0.114499 1.323343e+19 2.517478e-02 0 
    0.115559 1.395334e+19 2.605956e-02 0 
    0.116628 1.434431e+19 2.630089e-02 0 
    0.117437 1.048745e+19 1.896516e-02 0 
    0.118523 1.411451e+19 2.505861e-02 0 
    0.119620 1.088113e+19 1.896544e-02 0 
    0.120449 8.642988e+18 1.485778e-02 0 
    0.121564 6.048855e+18 1.020845e-02 0 
    0.122406 1.090612e+19 1.815353e-02 0 
    0.123539 1.505432e+19 2.460082e-02 0 
    0.124395 1.628050e+19 2.623967e-02 0 
    0.125546 1.591027e+19 2.517493e-02 0 
    0.126416 1.434381e+19 2.238499e-02 0 
    0.127586 1.768759e+19 2.709936e-02 0 
    0.128470 1.847874e+19 2.792322e-02 0 
    0.129361 1.533466e+19 2.285408e-02 0 
    0.130558 1.540498e+19 2.253983e-02 0 
    0.131463 1.864976e+19 2.691304e-02 0 
    0.132374 1.805818e+19 2.570189e-02 0 
    0.133599 1.650697e+19 2.306521e-02 0 
    0.134525 1.917227e+19 2.642190e-02 0 
    0.135458 1.877873e+19 2.552427e-02 0 
    0.136397 1.720546e+19 2.306499e-02 0 
    0.137342 1.797484e+19 2.376592e-02 0 
    0.138613 1.830896e+19 2.376579e-02 0 
    0.139574 1.587367e+19 2.032192e-02 0 
    0.140541 1.639365e+19 2.069979e-02 0 
    0.141515 1.756569e+19 2.187543e-02 0 
    0.142496 1.793387e+19 2.202749e-02 0 
    0.143484 1.809935e+19 2.192565e-02 0 
    0.144146 1.899658e+19 2.280167e-02 0 
    0.144812 1.934909e+19 2.301165e-02 0 
    0.145480 1.895267e+19 2.233368e-02 0 
    0.146488 1.781065e+19 2.070009e-02 0 
    0.147504 1.797560e+19 2.060498e-02 0 
    0.148526 1.839366e+19 2.079503e-02 0 
    0.149556 1.873554e+19 2.089080e-02 0 
    0.150592 1.801629e+19 1.981335e-02 0 
    0.151288 1.639372e+19 1.786344e-02 0 
    0.151636 1.732540e+19 1.879209e-02 0 
    0.152336 1.724494e+19 1.853332e-02 0 
    0.153392 1.544056e+19 1.636644e-02 0 
    0.154455 1.673724e+19 1.749752e-02 0 
    0.155526 1.605742e+19 1.655641e-02 0 
    0.156604 1.658286e+19 1.686359e-02 0 
    0.157327 1.809993e+19 1.823756e-02 0 
    0.158418 1.912798e+19 1.900887e-02 0 
    0.159516 1.993777e+19 1.954180e-02 0 
    0.160621 1.957363e+19 1.892183e-02 0 
    0.161363 1.952816e+19 1.870467e-02 0 
    0.162481 1.852181e+19 1.749744e-02 0 
    0.163608 1.998366e+19 1.861926e-02 0 
    0.164363 2.087713e+19 1.927343e-02 0 
    0.165502 1.890932e+19 1.721733e-02 0 
    0.166649 2.146193e+19 1.927346e-02 0 
    0.167033 1.852142e+19 1.655641e-02 0 
    0.167804 2.424733e+19 2.147612e-02 0 
    0.168579 2.539028e+19 2.228214e-02 0 
    0.169357 2.320927e+19 2.018141e-02 0 
    0.170531 2.299669e+19 1.972218e-02 0 
    0.171318 2.347860e+19 1.995091e-02 0 
    0.172506 2.385948e+19 1.999627e-02 0 
    0.173302 2.622265e+19 2.177539e-02 0 
    0.174503 2.580298e+19 2.113297e-02 0 
    0.175309 2.861995e+19 2.322506e-02 0 
    0.176524 2.515833e+19 2.013589e-02 0 
    0.177339 2.739509e+19 2.172504e-02 0 
    0.178568 2.809820e+19 2.197697e-02 0 
    0.179392 3.226046e+19 2.500120e-02 0 
    0.180636 3.116523e+19 2.382090e-02 0 
    0.181469 3.010761e+19 2.280173e-02 0 
    0.182307 3.024679e+19 2.269703e-02 0 
    0.183571 2.901784e+19 2.147600e-02 0 
    0.184418 2.592188e+19 1.900887e-02 0 
    0.185696 2.855483e+19 2.065242e-02 0 
    0.186553 3.138160e+19 2.248884e-02 0 
    0.187415 3.233506e+19 2.295945e-02 0 
    0.188714 3.159918e+19 2.212911e-02 0 
    0.189585 3.301137e+19 2.290615e-02 0 
    0.190460 3.316477e+19 2.280163e-02 0 
    0.191339 3.385867e+19 2.306531e-02 0 
    0.192665 3.241004e+19 2.177561e-02 0 
    0.193554 2.816242e+19 1.874831e-02 0 
    0.194448 3.721080e+19 2.454475e-02 0 
    0.195345 3.661543e+19 2.393074e-02 0 
    0.196699 4.184806e+19 2.697537e-02 0 
    0.197607 4.098941e+19 2.617963e-02 0 
    0.198520 4.213740e+19 2.666587e-02 0 
    0.199436 4.204046e+19 2.636069e-02 0 
    0.200356 4.099014e+19 2.546661e-02 0 
    0.201281 4.108425e+19 2.529101e-02 0 
    0.202676 3.923482e+19 2.382119e-02 0 
    0.203612 4.392101e+19 2.642178e-02 0 
    0.204552 4.804707e+19 2.863887e-02 0 
    0.205496 4.588447e+19 2.709913e-02 0 
    0.206444 4.494477e+19 2.630093e-02 0 
    0.207397 5.124676e+19 2.971378e-02 0 
    0.207876 6.928982e+19 3.999053e-02 0 
    0.208355 7.882591e+19 4.528533e-02 0 
    0.209316 7.373522e+19 4.197267e-02 0 
    0.210283 7.025446e+19 3.962434e-02 0 
    0.211740 7.667685e+19 4.265353e-02 0 
    0.212718 7.222143e+19 3.980651e-02 0 
    0.213699 6.571598e+19 3.588909e-02 0 
    0.214686 8.084907e+19 4.374858e-02 0 
    0.215677 8.254038e+19 4.425428e-02 0 
    0.216672 7.390490e+19 3.926125e-02 0 
    0.217672 7.545248e+19 3.971594e-02 0 
    0.218677 8.885343e+19 4.634089e-02 0 
    0.219686 9.134191e+19 4.720215e-02 0 
    0.220700 8.824162e+19 4.518198e-02 0 
    0.221719 7.205504e+19 3.655569e-02 0 
    0.222743 7.900793e+19 3.971541e-02 0 
    0.223256 1.013138e+20 5.069427e-02 0 
    0.224287 9.586864e+19 4.752967e-02 0 
    0.225322 7.756571e+19 3.810299e-02 0 
    0.226362 7.562583e+19 3.680947e-02 0 
    0.227407 8.407562e+19 4.054701e-02 0 
    0.228456 1.053568e+20 5.034472e-02 0 
    0.229511 9.049759e+19 4.284759e-02 0 
    0.230570 1.065621e+20 4.999120e-02 0 
    0.231635 9.323464e+19 4.333765e-02 0 
    0.232704 7.104634e+19 3.272129e-02 0 
    0.233240 6.847408e+19 3.139183e-02 0 
    0.234317 5.087314e+19 2.310880e-02 0 
    0.235398 8.779314e+19 3.951404e-02 0 
    0.236485 5.577354e+19 2.487238e-02 0 
    0.237576 7.069556e+19 3.123802e-02 0 
    0.238673 4.638356e+19 2.030738e-02 0 
    0.239775 5.705905e+19 2.475216e-02 0 
    0.240327 5.640469e+19 2.435603e-02 0 
    0.241437 6.580899e+19 2.815620e-02 0 
    0.242551 1.047736e+20 4.441629e-02 0 
    0.243671 1.054918e+20 4.431057e-02 0 
    0.244232 1.239355e+20 5.181877e-02 0 
    0.245360 1.309666e+20 5.425620e-02 0 
    0.246492 1.175258e+20 4.824188e-02 0 
    0.247630 1.059486e+20 4.309085e-02 0 
    0.248773 7.799442e+19 3.143066e-02 0 
    0.249347 8.710656e+19 3.494130e-02 0 
    0.250497 1.309212e+20 5.203570e-02 0 
    0.251075 6.531223e+19 2.583950e-02 0 
    0.251654 5.507748e+19 2.169016e-02 0 
    0.252234 5.874279e+19 2.302734e-02 0 
    0.253398 8.451379e+19 3.282598e-02 0 
    0.254568 9.075941e+19 3.492855e-02 0 
    0.255743 1.499195e+20 5.716722e-02 0 
    0.256332 1.161013e+20 4.406848e-02 0 
    0.257515 1.454789e+20 5.471312e-02 0 
    0.258704 1.323639e+20 4.932417e-02 0 
    0.259300 1.198819e+20 4.446773e-02 0 
    0.260497 1.058550e+20 3.890471e-02 0 
    0.261700 9.653369e+19 3.515345e-02 0 
    0.262303 1.317234e+20 4.774775e-02 0 
    0.263514 2.116532e+20 7.601756e-02 0 
    0.264730 2.887939e+20 1.027728e-01 0 
    0.265340 3.815753e+20 1.351672e-01 0 
    0.266565 2.514976e+20 8.827222e-02 0 
    0.267795 2.907281e+20 1.011064e-01 0 
    0.268413 3.284600e+20 1.137030e-01 0 
    0.269652 2.520257e+20 8.644383e-02 0 
    0.270273 3.072015e+20 1.048853e-01 0 
    0.271521 2.308807e+20 7.810471e-02 0 
    0.272774 1.996867e+20 6.693291e-02 0 
    0.273403 2.450939e+20 8.177535e-02 0 
    0.274665 1.381325e+20 4.566525e-02 0 
    0.275298 1.833466e+20 6.033416e-02 0 
    0.276569 2.372654e+20 7.736132e-02 0 
    0.277206 2.583548e+20 8.385089e-02 0 
    0.278486 1.611304e+20 5.181639e-02 0 
    0.279771 7.313614e+19 2.330360e-02 0 
    0.280416 8.914997e+19 2.827562e-02 0 
    0.281711 2.388282e+20 7.505411e-02 0 
    0.282360 3.492007e+20 1.092358e-01 0 
    0.283663 3.404268e+20 1.055152e-01 0 
    0.284317 2.703986e+20 8.342481e-02 0 
    0.285630 1.717764e+20 5.251125e-02 0 
    0.286288 3.638562e+20 1.107184e-01 0 
    0.287609 4.569871e+20 1.377829e-01 0 
    0.288273 4.157991e+20 1.247878e-01 0 
    0.289603 4.884706e+20 1.452542e-01 0 
    0.290940 6.528559e+20 1.923565e-01 0 
    0.292957 5.817775e+20 1.690618e-01 0 
    0.294987 5.542370e+20 1.588496e-01 0 
    0.297032 5.979072e+20 1.690144e-01 0 
    0.299091 6.145659e+20 1.713398e-01 0 
    0.301164 6.390065e+20 1.757097e-01 0 
    0.303252 6.752295e+20 1.831220e-01 0 
    0.304651 7.102175e+20 1.908458e-01 0 
    0.306763 7.679611e+20 2.035306e-01 0 
    0.308890 7.767534e+20 2.030355e-01 0 
    0.311031 8.774298e+20 2.262046e-01 0 
    0.313187 8.359018e+20 2.125417e-01 0 
    0.315358 8.473708e+20 2.125016e-01 0 
    0.316813 9.268922e+20 2.303137e-01 0 
    0.319009 8.183973e+20 2.005648e-01 0 
    0.321220 9.223523e+20 2.229401e-01 0 
    0.322703 7.868020e+20 1.884325e-01 0 
    0.324940 1.080938e+21 2.553236e-01 0 
    0.327192 1.263934e+21 2.944528e-01 0 
    0.328703 1.249347e+21 2.883848e-01 0 
    0.330981 1.209520e+21 2.753616e-01 0 
    0.332509 1.165647e+21 2.629401e-01 0 
    0.333275 1.198258e+21 2.690551e-01 0 
    0.334044 1.118207e+21 2.499259e-01 0 
    0.334814 1.385171e+21 3.081716e-01 0 
    0.335586 1.289661e+21 2.856039e-01 0 
    0.336359 9.150687e+20 2.017177e-01 0 
    0.337134 1.036185e+21 2.273676e-01 0 
    0.337912 1.344022e+21 2.935592e-01 0 
    0.338691 1.283463e+21 2.790439e-01 0 
    0.339471 1.254190e+21 2.714279e-01 0 
    0.340254 1.532259e+21 3.300822e-01 0 
    0.341038 1.248265e+21 2.676689e-01 0 
    0.341824 1.178394e+21 2.515255e-01 0 
    0.342613 1.328228e+21 2.822029e-01 0 
    0.343402 1.514418e+21 3.202851e-01 0 
    0.344194 1.297848e+21 2.732208e-01 0 
    0.344987 1.219537e+21 2.555560e-01 0 
    0.345783 1.377771e+21 2.873864e-01 0 
    0.346580 1.222187e+21 2.537622e-01 0 
    0.347379 1.482931e+21 3.064857e-01 0 
    0.348180 1.303444e+21 2.681522e-01 0 
    0.348982 1.439063e+21 2.946933e-01 0 
    0.349787 1.297346e+21 2.644508e-01 0 
    0.350593 1.581324e+21 3.208566e-01 0 
    0.351401 1.406069e+21 2.839860e-01 0 
    0.352211 1.570264e+21 3.156918e-01 0 
    0.353023 1.297058e+21 2.595672e-01 0 
    0.353837 1.602989e+21 3.193159e-01 0 
    0.354653 1.647825e+21 3.267384e-01 0 
    0.355470 1.647717e+21 3.252170e-01 0 
    0.356290 1.541198e+21 3.027942e-01 0 
    0.357111 1.270090e+21 2.483845e-01 0 
    0.357934 1.411901e+21 2.748494e-01 0 
    0.358759 1.098468e+21 2.128522e-01 0 
    0.359586 1.502279e+21 2.897621e-01 0 
    0.360415 1.724772e+21 3.311482e-01 0 
    0.361246 1.305305e+21 2.494608e-01 0 
    0.362079 1.519460e+21 2.890541e-01 0 
    0.362914 1.912725e+21 3.621942e-01 0 
    0.363750 1.561841e+21 2.943928e-01 0 
    0.364589 1.864673e+21 3.498581e-01 0 
    0.365429 1.788867e+21 3.340939e-01 0 
    0.366272 2.246748e+21 4.176798e-01 0 
    0.367116 2.034825e+21 3.765451e-01 0 
    0.367962 2.016079e+21 3.713624e-01 0 
    0.368810 1.903192e+21 3.489584e-01 0 
    0.369661 2.067545e+21 3.773498e-01 0 
    0.370513 2.235763e+21 4.061770e-01 0 
    0.371367 1.767690e+21 3.196656e-01 0 
    0.372223 1.833929e+21 3.301206e-01 0 
    0.373081 1.842282e+21 3.301007e-01 0 
    0.373941 1.154341e+21 2.058848e-01 0 
    0.374803 1.582336e+21 2.809241e-01 0 
    0.375667 1.969140e+21 3.479901e-01 0 
    0.376533 1.824922e+21 3.210219e-01 0 
    0.377401 1.742695e+21 3.051489e-01 0 
    0.378271 2.339886e+21 4.078355e-01 0 
    0.379143 1.871418e+21 3.246843e-01 0 
    0.380017 1.578136e+21 2.725429e-01 0 
    0.380893 2.229031e+21 3.831832e-01 0 
    0.381771 1.841168e+21 3.150533e-01 0 
    0.382651 1.754143e+21 2.987829e-01 0 
    0.383533 1.415899e+21 2.400618e-01 0 
    0.384418 1.409345e+21 2.378518e-01 0 
    0.385304 2.065337e+21 3.469607e-01 0 
    0.386192 1.832130e+21 3.063700e-01 0 
    0.387082 2.152447e+21 3.582803e-01 0 
    0.387226 1.864096e+21 3.100528e-01 1 
    0.387630 1.826187e+21 3.031147e-01 1 
    0.388034 1.914053e+21 3.170377e-01 1 
    0.388437 2.039978e+21 3.371947e-01 1 
    0.388841 2.062376e+21 3.401889e-01 1 
    0.389245 2.228609e+21 3.668463e-01 1 
    0.389649 2.348020e+21 3.857013e-01 1 
    0.390052 2.382211e+21 3.905096e-01 1 
    0.390456 2.514976e+21 4.114207e-01 1 
    0.390860 2.505094e+21 4.089573e-01 1 
    0.391263 2.485116e+21 4.048607e-01 1 
    0.391667 2.479642e+21 4.031359e-01 1 
    0.392071 2.245559e+21 3.643271e-01 1 
    0.392475 1.951355e+21 3.159431e-01 1 
    0.392878 1.555844e+21 2.513895e-01 1 
    0.393282 1.380203e+21 2.225518e-01 1 
    0.393686 1.558569e+21 2.507971e-01 1 
    0.394090 1.646007e+21 2.643244e-01 1 
    0.394493 2.176947e+21 3.488717e-01 1 
    0.394897 2.401397e+21 3.840544e-01 1 
    0.395301 2.334429e+21 3.725815e-01 1 
    0.395704 2.142393e+21 3.412359e-01 1 
    0.396108 2.091173e+21 3.323987e-01 1 
    0.396512 1.793422e+21 2.844895e-01 1 
    0.396916 1.744927e+21 2.762336e-01 1 
    0.397319 2.023017e+21 3.196078e-01 1 
    0.397723 2.415426e+21 3.808279e-01 1 
    0.398127 2.895953e+21 4.556640e-01 1 
    0.398531 3.030066e+21 4.757999e-01 1 
    0.398934 3.313048e+21 5.191849e-01 1 
    0.399338 3.427431e+21 5.360236e-01 1 
    0.399742 3.466406e+21 5.410237e-01 1 
    0.400145 3.574136e+21 5.567147e-01 1 
    0.400549 3.502546e+21 5.444637e-01 1 
    0.400953 3.570953e+21 5.539794e-01 1 
    0.401357 3.675915e+21 5.691152e-01 1 
    0.401760 3.886325e+21 6.004849e-01 1 
    0.402164 3.873829e+21 5.973522e-01 1 
    0.402568 3.725333e+21 5.733015e-01 1 
    0.402972 3.676725e+21 5.646871e-01 1 
    0.403375 3.625985e+21 5.557820e-01 1 
    0.403779 3.668916e+21 5.612376e-01 1 
    0.404183 3.590828e+21 5.481948e-01 1 
    0.404586 3.539181e+21 5.392342e-01 1 
    0.404990 3.541328e+21 5.384855e-01 1 
    0.405394 3.566787e+21 5.412763e-01 1 
    0.405798 3.552786e+21 5.380786e-01 1 
    0.406201 3.763710e+21 5.688930e-01 1 
    0.406605 3.635149e+21 5.483695e-01 1 
    0.407009 3.520602e+21 5.300360e-01 1 
    0.407413 3.557519e+21 5.345323e-01 1 
    0.407816 3.772116e+21 5.656567e-01 1 
    0.408220 3.871016e+21 5.793391e-01 1 
    0.408624 3.903530e+21 5.830505e-01 1 
    0.409027 3.936779e+21 5.868587e-01 1 
    0.409431 3.754637e+21 5.586026e-01 1 
    0.409835 3.600662e+21 5.346391e-01 1 
    0.410239 3.509926e+21 5.201402e-01 1 
    0.410642 3.535908e+21 5.229626e-01 1 
    0.411046 3.684337e+21 5.438448e-01 1 
    0.411450 3.864901e+21 5.693781e-01 1 
    0.411854 3.889151e+21 5.718270e-01 1 
    0.412257 3.938716e+21 5.779830e-01 1 
    0.412661 3.888944e+21 5.695624e-01 1 
    0.413065 3.764556e+21 5.502669e-01 1 
    0.413468 3.831372e+21 5.589422e-01 1 
    0.413872 3.888776e+21 5.662096e-01 1 
    0.414276 3.806752e+21 5.531865e-01 1 
    0.414680 3.742206e+21 5.427477e-01 1 
    0.415083 3.876357e+21 5.611129e-01 1 
    0.415487 3.839973e+21 5.547659e-01 1 
    0.415891 3.981765e+21 5.741336e-01 1 
    0.416295 3.830329e+21 5.512265e-01 1 
    0.416698 4.022282e+21 5.777316e-01 1 
    0.417102 3.822685e+21 5.479999e-01 1 
    0.417506 3.719431e+21 5.321664e-01 1 
    0.417909 3.857936e+21 5.509194e-01 1 
    0.418313 3.878045e+21 5.527217e-01 1 
    0.418717 3.968081e+21 5.644635e-01 1 
    0.419121 3.966597e+21 5.631650e-01 1 
    0.419524 3.831261e+21 5.429058e-01 1 
    0.419928 3.895167e+21 5.509001e-01 1 
    0.420332 4.020581e+21 5.675451e-01 1 
    0.420736 4.007817e+21 5.646575e-01 1 
    0.421139 4.112130e+21 5.782455e-01 1 
    0.421543 4.146861e+21 5.820123e-01 1 
    0.421947 3.897002e+21 5.458976e-01 1 
    0.422350 3.946330e+21 5.517531e-01 1 
    0.422754 4.021846e+21 5.612371e-01 1 
    0.423158 3.989532e+21 5.556653e-01 1 
    0.423562 4.131894e+21 5.743963e-01 1 
    0.423965 4.278548e+21 5.936532e-01 1 
    0.424369 4.384155e+21 6.071487e-01 1 
    0.424773 4.318407e+21 5.969063e-01 1 
    0.425177 4.300779e+21 5.933405e-01 1 
    0.425580 4.209502e+21 5.796486e-01 1 
    0.425984 4.244713e+21 5.833890e-01 1 
    0.426388 4.259478e+21 5.843095e-01 1 
    0.426791 4.321059e+21 5.916380e-01 1 
    0.427195 4.200315e+21 5.740186e-01 1 
    0.427599 4.141132e+21 5.648617e-01 1 
    0.428003 4.069815e+21 5.540864e-01 1 
    0.428406 4.153070e+21 5.643579e-01 1 
    0.428810 4.073961e+21 5.525651e-01 1 
    0.429214 3.912933e+21 5.297258e-01 1 
    0.429618 3.608282e+21 4.875644e-01 1 
    0.430021 3.478402e+21 4.691340e-01 1 
    0.430425 3.478751e+21 4.683007e-01 1 
    0.430829 3.572547e+21 4.800257e-01 1 
    0.431232 3.961448e+21 5.312862e-01 1 
    0.431636 4.224910e+21 5.655599e-01 1 
    0.432040 4.656068e+21 6.221110e-01 1 
    0.432444 4.830930e+21 6.442693e-01 1 
    0.432847 4.729314e+21 6.295435e-01 1 
    0.433251 4.756525e+21 6.319855e-01 1 
    0.433655 4.740702e+21 6.287101e-01 1 
    0.434059 4.764964e+21 6.307520e-01 1 
    0.434462 4.689206e+21 6.195726e-01 1 
    0.434866 4.830848e+21 6.371018e-01 1 
    0.435270 5.081693e+21 6.689404e-01 1 
    0.435673 5.239808e+21 6.884787e-01 1 
    0.436077 5.172690e+21 6.784011e-01 1 
    0.436481 5.333580e+21 6.982076e-01 1 
    0.436885 5.237536e+21 6.843672e-01 1 
    0.437288 5.179023e+21 6.754749e-01 1 
    0.437692 4.916618e+21 6.400674e-01 1 
    0.438096 4.737983e+21 6.156748e-01 1 
    0.438500 4.664622e+21 6.050255e-01 1 
    0.438903 4.790804e+21 6.202514e-01 1 
    0.439307 4.886234e+21 6.314435e-01 1 
    0.439711 4.899335e+21 6.319737e-01 1 
    0.440114 5.193050e+21 6.686341e-01 1 
    0.440518 5.183437e+21 6.661728e-01 1 
    0.440922 5.137860e+21 6.591058e-01 1 
    0.441326 5.235743e+21 6.704336e-01 1 
    0.441729 5.367923e+21 6.861055e-01 1 
    0.442133 5.568081e+21 7.103888e-01 1 
    0.442537 5.531289e+21 7.044069e-01 1 
    0.442940 5.461124e+21 6.942065e-01 1 
    0.443344 5.538219e+21 7.027242e-01 1 
    0.443748 5.570019e+21 7.054729e-01 1 
    0.444152 5.824670e+21 7.363843e-01 1 
    0.444555 5.835424e+21 7.364070e-01 1 
    0.444959 5.622388e+21 7.082349e-01 1 
    0.445363 5.608558e+21 7.052116e-01 1 
    0.445767 5.667764e+21 7.113649e-01 1 
    0.446170 5.682142e+21 7.118815e-01 1 
    0.446574 5.724026e+21 7.158320e-01 1 
    0.446978 5.885212e+21 7.346598e-01 1 
    0.447382 6.011571e+21 7.490788e-01 1 
    0.447785 6.363506e+21 7.915052e-01 1 
    0.448189 6.327747e+21 7.856392e-01 1 
    0.448593 6.134623e+21 7.602901e-01 1 
    0.448996 6.157663e+21 7.617763e-01 1 
    0.449400 6.393927e+21 7.895834e-01 1 
    0.449804 6.411403e+21 7.903198e-01 1 
    0.450208 6.468679e+21 7.959497e-01 1 
    0.450611 6.682940e+21 8.208437e-01 1 
    0.451015 6.778152e+21 8.310474e-01 1 
    0.451419 6.589987e+21 8.065316e-01 1 
    0.451823 6.540476e+21 7.990411e-01 1 
    0.452226 6.136502e+21 7.483527e-01 1 
    0.452630 6.127254e+21 7.458915e-01 1 
    0.453034 6.163156e+21 7.489245e-01 1 
    0.453437 6.238513e+21 7.567347e-01 1 
    0.453841 6.290129e+21 7.616378e-01 1 
    0.454245 6.274395e+21 7.583819e-01 1 
    0.454649 6.389566e+21 7.709307e-01 1 
    0.455052 6.528903e+21 7.863477e-01 1 
    0.455456 6.644472e+21 7.988479e-01 1 
    0.455860 6.659253e+21 7.992064e-01 1 
    0.456264 6.659790e+21 7.978561e-01 1 
    0.456667 6.887283e+21 8.236547e-01 1 
    0.457071 6.828126e+21 8.151371e-01 1 
    0.457475 6.714137e+21 8.001141e-01 1 
    0.457878 6.767055e+21 8.050014e-01 1 
    0.458282 6.676432e+21 7.928213e-01 1 
    0.458686 6.495126e+21 7.699333e-01 1 
    0.459090 6.703733e+21 7.932636e-01 1 
    0.459493 6.801179e+21 8.033834e-01 1 
    0.459897 6.864588e+21 8.094495e-01 1 
    0.460301 6.987593e+21 8.225082e-01 1 
    0.460704 7.029388e+21 8.259808e-01 1 
    0.461108 7.118880e+21 8.350314e-01 1 
    0.461512 7.436149e+21 8.707200e-01 1 
    0.461916 7.336646e+21 8.575669e-01 1 
    0.462319 7.272670e+21 8.486075e-01 1 
    0.462723 7.328894e+21 8.536753e-01 1 
    0.463127 7.154662e+21 8.319273e-01 1 
    0.463531 6.961704e+21 8.080802e-01 1 
    0.463934 6.956536e+21 8.060781e-01 1 
    0.464338 6.887063e+21 7.966399e-01 1 
    0.464742 6.784560e+21 7.834193e-01 1 
    0.465145 6.938344e+21 7.997891e-01 1 
    0.465549 6.939961e+21 7.985877e-01 1 
    0.465953 7.068139e+21 8.119277e-01 1 
    0.466357 7.161861e+21 8.212689e-01 1 
    0.466760 6.959099e+21 7.966401e-01 1 
    0.467164 6.878980e+21 7.861072e-01 1 
    0.467568 7.047062e+21 8.039239e-01 1 
    0.467972 6.999428e+21 7.971117e-01 1 
    0.468375 6.999756e+21 7.957780e-01 1 
    0.468779 7.020004e+21 7.967049e-01 1 
    0.469183 6.985069e+21 7.913755e-01 1 
    0.469586 6.968488e+21 7.881425e-01 1 
    0.469990 6.836614e+21 7.718987e-01 1 
    0.470394 7.053156e+21 7.949804e-01 1 
    0.470798 7.064071e+21 7.948447e-01 1 
    0.471201 7.187140e+21 8.073097e-01 1 
    0.471605 7.329925e+21 8.219383e-01 1 
    0.472009 7.461166e+21 8.352234e-01 1 
    0.472413 7.402928e+21 8.272872e-01 1 
    0.472816 7.402362e+21 8.258143e-01 1 
    0.473220 7.531870e+21 8.388282e-01 1 
    0.473624 7.490785e+21 8.328300e-01 1 
    0.474027 7.543818e+21 8.373007e-01 1 
    0.474431 7.589708e+21 8.409601e-01 1 
    0.474835 7.587398e+21 8.392742e-01 1 
    0.475239 7.733785e+21 8.540127e-01 1 
    0.475642 7.461408e+21 8.225397e-01 1 
    0.476046 7.415359e+21 8.160764e-01 1 
    0.476450 7.487134e+21 8.225785e-01 1 
    0.476854 7.581029e+21 8.314837e-01 1 
    0.477257 7.615443e+21 8.338483e-01 1 
    0.477661 7.625948e+21 8.335866e-01 1 
    0.478065 7.671176e+21 8.371138e-01 1 
    0.478468 7.612779e+21 8.293424e-01 1 
    0.478872 7.651302e+21 8.321332e-01 1 
    0.479276 7.837984e+21 8.509999e-01 1 
    0.479680 7.807757e+21 8.462906e-01 1 
    0.480083 7.998816e+21 8.655446e-01 1 
    0.480487 7.983850e+21 8.624730e-01 1 
    0.480891 7.918123e+21 8.539361e-01 1 
    0.481295 7.977032e+21 8.588455e-01 1 
    0.481698 7.986282e+21 8.584033e-01 1 
    0.482102 8.111482e+21 8.703998e-01 1 
    0.482506 7.952583e+21 8.519208e-01 1 
    0.482909 7.973213e+21 8.527059e-01 1 
    0.483313 8.051725e+21 8.596634e-01 1 
    0.483717 7.914463e+21 8.435973e-01 1 
    0.484121 7.971549e+21 8.482646e-01 1 
    0.484524 7.763574e+21 8.247598e-01 1 
    0.484928 7.686256e+21 8.151862e-01 1 
    0.485332 7.621156e+21 8.069367e-01 1 
    0.485736 7.449502e+21 7.874502e-01 1 
    0.486139 7.134275e+21 7.528793e-01 1 
    0.486543 7.190469e+21 7.575498e-01 1 
    0.486947 7.421928e+21 7.806381e-01 1 
    0.487350 7.534557e+21 7.911744e-01 1 
    0.487754 7.781376e+21 8.157389e-01 1 
    0.488158 7.712765e+21 8.072085e-01 1 
    0.488562 7.775430e+21 8.124217e-01 1 
    0.488965 7.801765e+21 8.138301e-01 1 
    0.489369 8.131769e+21 8.468541e-01 1 
    0.489773 8.244240e+21 8.571511e-01 1 
    0.490177 8.249631e+21 8.562984e-01 1 
    0.490580 8.360110e+21 8.663408e-01 1 
    0.490984 8.118904e+21 8.399612e-01 1 
    0.491388 8.044554e+21 8.309012e-01 1 
    0.491791 8.170457e+21 8.425228e-01 1 
    0.492195 8.112163e+21 8.351389e-01 1 
    0.492599 8.158358e+21 8.385175e-01 1 
    0.493003 8.285162e+21 8.501555e-01 1 
    0.493406 8.329298e+21 8.532887e-01 1 
    0.493810 8.470720e+21 8.663572e-01 1 
    0.494214 8.486863e+21 8.665898e-01 1 
    0.494618 8.430216e+21 8.593999e-01 1 
    0.495021 8.616227e+21 8.769328e-01 1 
    0.495425 8.521071e+21 8.658343e-01 1 
    0.495829 8.544811e+21 8.668323e-01 1 
    0.496232 8.557595e+21 8.667197e-01 1 
    0.496636 8.614623e+21 8.710766e-01 1 
    0.497040 8.429953e+21 8.510184e-01 1 
    0.497444 8.292718e+21 8.358050e-01 1 
    0.497847 8.168261e+21 8.219289e-01 1 
    0.498251 8.161461e+21 8.199135e-01 1 
    0.498655 8.160211e+21 8.184601e-01 1 
    0.499059 8.163665e+21 8.174814e-01 1 
    0.499462 7.975834e+21 7.973843e-01 1 
    0.499866 8.375418e+21 8.359797e-01 1 
    0.500270 8.214129e+21 8.185572e-01 1 
    0.500673 8.111956e+21 8.070746e-01 1 
    0.501077 7.893951e+21 7.841189e-01 1 
    0.501481 7.945574e+21 7.879755e-01 1 
    0.501885 7.967190e+21 7.888477e-01 1 
    0.502288 8.108698e+21 8.015710e-01 1 
    0.502692 8.215412e+21 8.108152e-01 1 
    0.503096 8.151917e+21 8.032569e-01 1 
    0.503500 8.268111e+21 8.133993e-01 1 
    0.503903 8.373332e+21 8.224337e-01 1 
    0.504307 8.407417e+21 8.244590e-01 1 
    0.504711 8.275008e+21 8.101760e-01 1 
    0.505114 8.531991e+21 8.340037e-01 1 
    0.505518 8.697657e+21 8.488393e-01 1 
    0.505922 8.495564e+21 8.277925e-01 1 
    0.506326 8.563590e+21 8.330900e-01 1 
    0.506729 8.628241e+21 8.380447e-01 1 
    0.507133 8.432762e+21 8.177537e-01 1 
    0.507537 8.332075e+21 8.067040e-01 1 
    0.507941 8.243801e+21 7.968882e-01 1 
    0.508344 8.427202e+21 8.133256e-01 1 
    0.508748 8.478816e+21 8.170079e-01 1 
    0.509152 8.305718e+21 7.990588e-01 1 
    0.509555 8.581703e+21 8.243048e-01 1 
    0.509959 8.474167e+21 8.126863e-01 1 
    0.510363 8.474613e+21 8.114429e-01 1 
    0.510767 8.594060e+21 8.215787e-01 1 
    0.511170 8.663906e+21 8.269503e-01 1 
    0.511574 8.471596e+21 8.073181e-01 1 
    0.511978 8.509799e+21 8.096796e-01 1 
    0.512382 8.673996e+21 8.240015e-01 1 
    0.512785 8.461898e+21 8.025897e-01 1 
    0.513189 8.413398e+21 7.967337e-01 1 
    0.513593 8.416812e+21 7.958035e-01 1 
    0.513996 8.351329e+21 7.883745e-01 1 
    0.514400 8.369294e+21 7.888298e-01 1 
    0.514804 8.260703e+21 7.773733e-01 1 
    0.515208 8.245932e+21 7.747667e-01 1 
    0.515611 8.135846e+21 7.632290e-01 1 
    0.516015 7.897587e+21 7.397180e-01 1 
    0.516419 7.540147e+21 7.051343e-01 1 
    0.516823 7.572602e+21 7.070627e-01 1 
    0.517226 7.390698e+21 6.890032e-01 1 
    0.517630 7.345691e+21 6.837389e-01 1 
    0.518034 7.370508e+21 6.849792e-01 1 
    0.518437 7.774143e+21 7.213682e-01 1 
    0.518841 8.141219e+21 7.542534e-01 1 
    0.519245 8.315225e+21 7.691760e-01 1 
    0.519649 8.412628e+21 7.769765e-01 1 
    0.520052 8.598259e+21 7.928909e-01 1 
    0.520456 8.589698e+21 7.908722e-01 1 
    0.520860 8.827137e+21 8.114734e-01 1 
    0.521264 8.746982e+21 8.028589e-01 1 
    0.521667 8.747720e+21 8.016866e-01 1 
    0.522071 9.050694e+21 8.281694e-01 1 
    0.522475 9.093558e+21 8.308053e-01 1 
    0.522878 9.143106e+21 8.340450e-01 1 
    0.523282 9.403392e+21 8.564646e-01 1 
    0.523686 9.419516e+21 8.566100e-01 1 
    0.524090 9.516231e+21 8.640715e-01 1 
    0.524493 9.605048e+21 8.707962e-01 1 
    0.524897 9.620065e+21 8.708157e-01 1 
    0.525301 9.351516e+21 8.452050e-01 1 
    0.525705 9.205342e+21 8.307153e-01 1 
    0.526108 9.072165e+21 8.174432e-01 1 
    0.526512 9.135003e+21 8.218425e-01 1 
    0.526916 8.966182e+21 8.054178e-01 1 
    0.527319 8.976230e+21 8.050885e-01 1 
    0.527723 9.383528e+21 8.403314e-01 1 
    0.528127 9.792907e+21 8.756516e-01 1 
    0.528531 9.876344e+21 8.817627e-01 1 
    0.528934 1.030690e+22 9.188016e-01 1 
    0.529338 1.036196e+22 9.222998e-01 1 
    0.529742 1.014925e+22 9.019895e-01 1 
    0.530146 1.016349e+22 9.018795e-01 1 
    0.530549 1.026419e+22 9.094313e-01 1 
    0.530953 1.022188e+22 9.043054e-01 1 
    0.531357 1.021053e+22 9.019280e-01 1 
    0.531760 1.030517e+22 9.089084e-01 1 
    0.532164 1.021696e+22 8.997610e-01 1 
    0.532568 1.001406e+22 8.805552e-01 1 
    0.532972 9.971503e+21 8.754841e-01 1 
    0.533375 1.006058e+22 8.819703e-01 1 
    0.533779 1.016759e+22 8.900034e-01 1 
    0.534183 1.018606e+22 8.902714e-01 1 
    0.534587 1.036691e+22 9.047095e-01 1 
    0.534990 1.064804e+22 9.278432e-01 1 
    0.535394 1.052253e+22 9.155240e-01 1 
    0.535798 1.064137e+22 9.244677e-01 1 
    0.536201 1.058816e+22 9.184635e-01 1 
    0.536605 1.059641e+22 9.177950e-01 1 
    0.537009 1.043653e+22 9.025879e-01 1 
    0.537413 1.053977e+22 9.101461e-01 1 
    0.537816 1.061518e+22 9.152852e-01 1 
    0.538220 1.060465e+22 9.130047e-01 1 
    0.538624 1.044135e+22 8.975976e-01 1 
    0.539028 1.010718e+22 8.675684e-01 1 
    0.539431 1.004692e+22 8.611083e-01 1 
    0.539835 9.906481e+21 8.478007e-01 1 
    0.540239 9.966447e+21 8.516574e-01 1 
    0.540642 1.017987e+22 8.685989e-01 1 
    0.541046 1.035702e+22 8.823944e-01 1 
    0.541450 1.042170e+22 8.865806e-01 1 
    0.541854 1.052760e+22 8.942550e-01 1 
    0.542257 1.075524e+22 9.122336e-01 1 
    0.542661 1.067764e+22 9.043039e-01 1 
    0.543065 1.062995e+22 8.989258e-01 1 
    0.543469 1.070246e+22 9.037128e-01 1 
    0.543872 1.058893e+22 8.928018e-01 1 
    0.544276 1.074958e+22 9.050019e-01 1 
    0.544680 1.056486e+22 8.881314e-01 1 
    0.545083 1.048968e+22 8.805085e-01 1 
    0.545487 1.048902e+22 8.791488e-01 1 
    0.545891 1.076183e+22 9.006802e-01 1 
    0.546295 1.063363e+22 8.886355e-01 1 
    0.546698 1.073224e+22 8.955544e-01 1 
    0.547102 1.060855e+22 8.839263e-01 1 
    0.547506 1.042157e+22 8.670656e-01 1 
    0.547910 1.050527e+22 8.727408e-01 1 
    0.548313 1.057626e+22 8.773469e-01 1 
    0.548717 1.063045e+22 8.805446e-01 1 
    0.549121 1.086883e+22 8.989654e-01 1 
    0.549524 1.097454e+22 9.063783e-01 1 
    0.549928 1.072302e+22 8.843046e-01 1 
    0.550332 1.087305e+22 8.953610e-01 1 
    0.550736 1.087460e+22 8.941756e-01 1 
    0.551139 1.108647e+22 9.102643e-01 1 
    0.551543 1.112507e+22 9.120958e-01 1 
    0.551947 1.116434e+22 9.139757e-01 1 
    0.552351 1.120376e+22 9.158622e-01 1 
    0.552754 1.124331e+22 9.177550e-01 1 
    0.553158 1.128293e+22 9.196447e-01 1 
    0.553562 1.132259e+22 9.215308e-01 1 
    0.553965 1.136238e+22 9.234239e-01 1 
    0.554369 1.140212e+22 9.253038e-01 1 
    0.554773 1.144195e+22 9.271838e-01 1 
    0.555177 1.148181e+22 9.290602e-01 1 
    0.555580 1.152179e+22 9.309436e-01 1 
    0.555984 1.130892e+22 9.124163e-01 1 
    0.556388 1.113216e+22 8.968509e-01 1 
    0.556792 1.125589e+22 9.055040e-01 1 
    0.557195 1.105872e+22 8.883560e-01 1 
    0.557599 1.112647e+22 8.925033e-01 1 
    0.558003 1.116615e+22 8.943898e-01 1 
    0.558406 1.110745e+22 8.884045e-01 1 
    0.558810 1.108180e+22 8.850713e-01 1 
    0.559214 1.090411e+22 8.696223e-01 1 
    0.559618 1.094384e+22 8.715312e-01 1 
    0.560021 1.124783e+22 8.944513e-01 1 
    0.560425 1.135291e+22 9.015059e-01 1 
    0.560829 1.125938e+22 8.927914e-01 1 
    0.561233 1.147766e+22 9.087896e-01 1 
    0.561636 1.144774e+22 9.051203e-01 1 
    0.562040 1.152898e+22 9.102336e-01 1 
    0.562444 1.153081e+22 9.090708e-01 1 
    0.562847 1.157298e+22 9.110896e-01 1 
    0.563251 1.173169e+22 9.222593e-01 1 
    0.563655 1.145572e+22 8.992744e-01 1 
    0.564059 1.166400e+22 9.143133e-01 1 
    0.564462 1.169124e+22 9.151404e-01 1 
    0.564866 1.136355e+22 8.882182e-01 1 
    0.565270 1.134778e+22 8.857181e-01 1 
    0.565674 1.173052e+22 9.142844e-01 1 
    0.566077 1.180302e+22 9.186256e-01 1 
    0.566481 1.150119e+22 8.938581e-01 1 
    0.566885 1.171887e+22 9.094783e-01 1 
    0.567288 1.175684e+22 9.111289e-01 1 
    0.567692 1.168953e+22 9.046238e-01 1 
    0.568096 1.180825e+22 9.125116e-01 1 
    0.568500 1.201114e+22 9.268723e-01 1 
    0.568903 1.205823e+22 9.291883e-01 1 
    0.569307 1.210395e+22 9.313880e-01 1 
    0.569711 1.214043e+22 9.328707e-01 1 
    0.570115 1.201786e+22 9.221438e-01 1 
    0.570518 1.168316e+22 8.951957e-01 1 
    0.570922 1.180204e+22 9.030253e-01 1 
    0.571326 1.197322e+22 9.148280e-01 1 
    0.571729 1.216690e+22 9.283164e-01 1 
    0.572133 1.232922e+22 9.393729e-01 1 
    0.572537 1.244318e+22 9.467180e-01 1 
    0.572941 1.241134e+22 9.429647e-01 1 
    0.573344 1.233038e+22 9.354971e-01 1 
    0.573748 1.247759e+22 9.453326e-01 1 
    0.574152 1.261979e+22 9.547610e-01 1 
    0.574556 1.267458e+22 9.575581e-01 1 
    0.574959 1.218211e+22 9.190630e-01 1 
    0.575363 1.220516e+22 9.195089e-01 1 
    0.575767 1.281333e+22 9.639732e-01 1 
    0.576170 1.282023e+22 9.631431e-01 1 
    0.576574 1.268593e+22 9.517185e-01 1 
    0.576978 1.248797e+22 9.355558e-01 1 
    0.577382 1.248534e+22 9.340507e-01 1 
    0.577785 1.266936e+22 9.464959e-01 1 
    0.578189 1.255395e+22 9.365636e-01 1 
    0.578593 1.248679e+22 9.302522e-01 1 
    0.578997 1.262745e+22 9.394191e-01 1 
    0.579400 1.287490e+22 9.564963e-01 1 
    0.579804 1.274866e+22 9.457984e-01 1 
    0.580208 1.286933e+22 9.534213e-01 1 
    0.580611 1.295851e+22 9.586961e-01 1 
    0.581015 1.327219e+22 9.805375e-01 1 
    0.581419 1.326565e+22 9.786932e-01 1 
    0.581823 1.350242e+22 9.947786e-01 1 
    0.582226 1.333021e+22 9.807315e-01 1 
    0.582630 1.329991e+22 9.771463e-01 1 
    0.583034 1.311017e+22 9.618716e-01 1 
    0.583438 1.273885e+22 9.333344e-01 1 
    0.583841 1.313316e+22 9.608961e-01 1 
    0.584245 1.324904e+22 9.680344e-01 1 
    0.584649 1.302048e+22 9.500207e-01 1 
    0.585052 1.281214e+22 9.335316e-01 1 
    0.585456 1.289878e+22 9.385479e-01 1 
    0.585860 1.296713e+22 9.422204e-01 1 
    0.586264 1.280113e+22 9.288775e-01 1 
    0.586667 1.281985e+22 9.289581e-01 1 
    0.587071 1.280373e+22 9.265131e-01 1 
    0.587475 1.278984e+22 9.242360e-01 1 
    0.587879 1.248517e+22 9.009800e-01 1 
    0.588282 1.195450e+22 8.615028e-01 1 
    0.588686 1.130267e+22 8.134112e-01 1 
    0.589090 1.129729e+22 8.119092e-01 1 
    0.589493 1.137531e+22 8.163986e-01 1 
    0.589897 1.147658e+22 8.225392e-01 1 
    0.590301 1.208652e+22 8.650691e-01 1 
    0.590705 1.244756e+22 8.896914e-01 1 
    0.591108 1.278399e+22 9.124922e-01 1 
    0.591512 1.308464e+22 9.326765e-01 1 
    0.591916 1.300614e+22 9.258160e-01 1 
    0.592320 1.297796e+22 9.225505e-01 1 
    0.592723 1.322550e+22 9.388687e-01 1 
    0.593127 1.323451e+22 9.382291e-01 1 
    0.593531 1.331893e+22 9.429290e-01 1 
    0.593934 1.310402e+22 9.264560e-01 1 
    0.594338 1.312913e+22 9.269695e-01 1 
    0.594742 1.345827e+22 9.489175e-01 1 
    0.595146 1.323889e+22 9.321829e-01 1 
    0.595549 1.338568e+22 9.412431e-01 1 
    0.595953 1.350969e+22 9.486755e-01 1 
    0.596357 1.328758e+22 9.318148e-01 1 
    0.596761 1.345498e+22 9.422769e-01 1 
    0.597164 1.360469e+22 9.514759e-01 1 
    0.597568 1.379265e+22 9.633172e-01 1 
    0.597972 1.369960e+22 9.555264e-01 1 
    0.598375 1.350272e+22 9.405263e-01 1 
    0.598779 1.336522e+22 9.296930e-01 1 
    0.599183 1.359878e+22 9.446642e-01 1 
    0.599587 1.356037e+22 9.407269e-01 1 
    0.599990 1.330521e+22 9.217861e-01 1 
    0.600394 1.345030e+22 9.305846e-01 1 
    0.600798 1.342377e+22 9.275002e-01 1 
    0.601202 1.383266e+22 9.544676e-01 1 
    0.601605 1.345850e+22 9.274065e-01 1 
    0.602009 1.342546e+22 9.238891e-01 1 
    0.602413 1.362505e+22 9.363668e-01 1 
    0.602816 1.414569e+22 9.708472e-01 1 
    0.603220 1.416324e+22 9.707503e-01 1 
    0.603624 1.410134e+22 9.652142e-01 1 
    0.604028 1.420683e+22 9.711350e-01 1 
    0.604431 1.426843e+22 9.740452e-01 1 
    0.604835 1.435005e+22 9.783088e-01 1 
    0.605239 1.427809e+22 9.721041e-01 1 
    0.605643 1.401070e+22 9.526271e-01 1 
    0.606046 1.412159e+22 9.588902e-01 1 
    0.606450 1.418696e+22 9.620458e-01 1 
    0.606854 1.422819e+22 9.635577e-01 1 
    0.607257 1.438354e+22 9.727859e-01 1 
    0.607661 1.425348e+22 9.627081e-01 1 
    0.608065 1.422743e+22 9.596721e-01 1 
    0.608469 1.439925e+22 9.699727e-01 1 
    0.608872 1.415349e+22 9.521558e-01 1 
    0.609276 1.396483e+22 9.382186e-01 1 
    0.609680 1.402611e+22 9.410869e-01 1 
    0.610083 1.432815e+22 9.600826e-01 1 
    0.610487 1.457317e+22 9.752088e-01 1 
    0.610891 1.403984e+22 9.382768e-01 1 
    0.611295 1.418269e+22 9.465715e-01 1 
    0.611698 1.421148e+22 9.472434e-01 1 
    0.612102 1.410211e+22 9.387132e-01 1 
    0.612506 1.428311e+22 9.495078e-01 1 
    0.612910 1.414637e+22 9.391783e-01 1 
    0.613313 1.408723e+22 9.340233e-01 1 
    0.613717 1.396253e+22 9.245367e-01 1 
    0.614121 1.408466e+22 9.313974e-01 1 
    0.614524 1.400255e+22 9.247529e-01 1 
    0.614928 1.379628e+22 9.099341e-01 1 
    0.615332 1.391622e+22 9.166396e-01 1 
    0.615736 1.366036e+22 8.986065e-01 1 
    0.616139 1.351556e+22 8.879184e-01 1 
    0.616543 1.343183e+22 8.812614e-01 1 
    0.616947 1.347857e+22 8.831703e-01 1 
    0.617351 1.368532e+22 8.955447e-01 1 
    0.617754 1.379735e+22 9.016979e-01 1 
    0.618158 1.357786e+22 8.861938e-01 1 
    0.618562 1.376598e+22 8.972986e-01 1 
    0.618965 1.366707e+22 8.896920e-01 1 
    0.619369 1.373053e+22 8.926573e-01 1 
    0.619773 1.365069e+22 8.863103e-01 1 
    0.620177 1.390550e+22 9.016786e-01 1 
    0.620580 1.420788e+22 9.200900e-01 1 
    0.620984 1.403641e+22 9.078031e-01 1 
    0.621388 1.380684e+22 8.917951e-01 1 
    0.621792 1.360394e+22 8.775479e-01 1 
    0.622195 1.365035e+22 8.794015e-01 1 
    0.622599 1.369685e+22 8.812525e-01 1 
    0.623003 1.374359e+22 8.831131e-01 1 
    0.623406 1.379037e+22 8.849736e-01 1 
    0.623810 1.383727e+22 8.868340e-01 1 
    0.624214 1.388442e+22 8.887042e-01 1 
    0.624618 1.393161e+22 8.905716e-01 1 
    0.625021 1.397894e+22 8.924448e-01 1 
    0.625425 1.359306e+22 8.666887e-01 1 
    0.625829 1.332662e+22 8.486043e-01 1 
    0.626233 1.469627e+22 9.346130e-01 1 
    0.626636 1.511680e+22 9.601205e-01 1 
    0.627040 1.478479e+22 9.378235e-01 1 
    0.627444 1.459501e+22 9.245937e-01 1 
    0.627847 1.435819e+22 9.084239e-01 1 
    0.628251 1.418545e+22 8.963407e-01 1 
    0.628655 1.419521e+22 8.958049e-01 1 
    0.629059 1.468700e+22 9.256502e-01 1 
    0.629462 1.446680e+22 9.106044e-01 1 
    0.629866 1.437747e+22 9.038215e-01 1 
    0.630270 1.451472e+22 9.112799e-01 1 
    0.630674 1.429133e+22 8.961054e-01 1 
    0.631077 1.492627e+22 9.347232e-01 1 
    0.631481 1.479443e+22 9.252822e-01 1 
    0.631885 1.472417e+22 9.197105e-01 1 
    0.632288 1.478044e+22 9.220488e-01 1 
    0.632692 1.551897e+22 9.668848e-01 1 
    0.633096 1.465592e+22 9.119489e-01 1 
    0.633500 1.431943e+22 8.898750e-01 1 
    0.633903 1.481249e+22 9.193456e-01 1 
    0.634307 1.500078e+22 9.298467e-01 1 
    0.634711 1.481939e+22 9.174338e-01 1 
    0.635115 1.479030e+22 9.144686e-01 1 
    0.635518 1.470901e+22 9.082893e-01 1 
    0.635922 1.464880e+22 9.034221e-01 1 
    0.636326 1.484031e+22 9.140715e-01 1 
    0.636729 1.493587e+22 9.187933e-01 1 
    0.637133 1.499722e+22 9.213972e-01 1 
    0.637537 1.520606e+22 9.330447e-01 1 
    0.637941 1.552720e+22 9.515431e-01 1 
    0.638344 1.551943e+22 9.498668e-01 1 
    0.638748 1.531303e+22 9.360487e-01 1 
    0.639152 1.544145e+22 9.427060e-01 1 
    0.639556 1.551867e+22 9.462234e-01 1 
    0.639959 1.528029e+22 9.305160e-01 1 
    0.640363 1.539646e+22 9.364075e-01 1 
    0.640767 1.522781e+22 9.249829e-01 1 
    0.641171 1.523244e+22 9.240983e-01 1 
    0.641574 1.516240e+22 9.186942e-01 1 
    0.641978 1.542026e+22 9.331422e-01 1 
    0.642382 1.521425e+22 9.195180e-01 1 
    0.642785 1.510347e+22 9.116787e-01 1 
    0.643189 1.541131e+22 9.290918e-01 1 
    0.643593 1.554429e+22 9.359330e-01 1 
    0.643997 1.568043e+22 9.429458e-01 1 
    0.644400 1.529870e+22 9.188399e-01 1 
    0.644804 1.532694e+22 9.193827e-01 1 
    0.645208 1.556903e+22 9.327355e-01 1 
    0.645611 1.574363e+22 9.420188e-01 1 
    0.646015 1.552709e+22 9.279004e-01 1 
    0.646419 1.539504e+22 9.188596e-01 1 
    0.646823 1.607470e+22 9.582273e-01 1 
    0.647226 1.617096e+22 9.627654e-01 1 
    0.647630 1.585872e+22 9.429977e-01 1 
    0.648034 1.558677e+22 9.256720e-01 1 
    0.648438 1.528090e+22 9.063763e-01 1 
    0.648841 1.547513e+22 9.167571e-01 1 
    0.649245 1.530673e+22 9.056523e-01 1 
    0.649649 1.497531e+22 8.849419e-01 1 
    0.650052 1.520623e+22 8.974740e-01 1 
    0.650456 1.573342e+22 9.274357e-01 1 
    0.650860 1.583560e+22 9.323002e-01 1 
    0.651264 1.595871e+22 9.383827e-01 1 
    0.651667 1.621595e+22 9.523296e-01 1 
    0.652071 1.624779e+22 9.530177e-01 1 
    0.652475 1.637887e+22 9.595169e-01 1 
    0.652879 1.661429e+22 9.721043e-01 1 
    0.653282 1.624635e+22 9.494035e-01 1 
    0.653686 1.652423e+22 9.644493e-01 1 
    0.654090 1.648582e+22 9.610191e-01 1 
    0.654493 1.628717e+22 9.482699e-01 1 
    0.654897 1.616847e+22 9.401980e-01 1 
    0.655301 1.575875e+22 9.152435e-01 1 
    0.655705 1.551409e+22 8.999237e-01 1 
    0.656108 1.534521e+22 8.890347e-01 1 
    0.656512 1.559986e+22 9.026757e-01 1 
    0.656916 1.562577e+22 9.030632e-01 1 
    0.657320 1.590604e+22 9.181312e-01 1 
    0.657723 1.660464e+22 9.572821e-01 1 
    0.658127 1.656946e+22 9.540815e-01 1 
    0.658531 1.667726e+22 9.591106e-01 1 
    0.658934 1.661034e+22 9.540941e-01 1 
    0.659338 1.658540e+22 9.514944e-01 1 
    0.659742 1.600115e+22 9.168526e-01 1 
    0.660146 1.632300e+22 9.341493e-01 1 
    0.660549 1.667034e+22 9.528636e-01 1 
    0.660953 1.652503e+22 9.434034e-01 1 
    0.661357 1.697417e+22 9.678613e-01 1 
    0.661761 1.661276e+22 9.460973e-01 1 
    0.662164 1.637337e+22 9.313297e-01 1 
    0.662568 1.662140e+22 9.442853e-01 1 
    0.662972 1.671938e+22 9.486944e-01 1 
    0.663375 1.668625e+22 9.456644e-01 1 
    0.663779 1.668017e+22 9.441693e-01 1 
    0.664183 1.681394e+22 9.505841e-01 1 
    0.664587 1.657528e+22 9.359522e-01 1 
    0.664990 1.648027e+22 9.294599e-01 1 
    0.665394 1.650185e+22 9.295471e-01 1 
    0.665798 1.665693e+22 9.371442e-01 1 
    0.666202 1.672435e+22 9.397965e-01 1 
    0.666605 1.635255e+22 9.177932e-01 1 
    0.667009 1.667955e+22 9.350126e-01 1 
    0.667413 1.612362e+22 9.027544e-01 1 
    0.667816 1.643230e+22 9.189271e-01 1 
    0.668220 1.643414e+22 9.179193e-01 1 
    0.668624 1.663554e+22 9.280455e-01 1 
    0.669028 1.657212e+22 9.233917e-01 1 
    0.669431 1.642917e+22 9.143245e-01 1 
    0.669835 1.631355e+22 9.067953e-01 1 
    0.670239 1.674829e+22 9.298384e-01 1 
    0.670643 1.691627e+22 9.380335e-01 1 
    0.671046 1.649524e+22 9.135883e-01 1 
    0.671450 1.688051e+22 9.338018e-01 1 
    0.671854 1.675732e+22 9.258726e-01 1 
    0.672257 1.657661e+22 9.147901e-01 1 
    0.672661 1.663609e+22 9.169703e-01 1 
    0.673065 1.664781e+22 9.165149e-01 1 
    0.673469 1.651955e+22 9.083629e-01 1 
    0.673872 1.676027e+22 9.204975e-01 1 
    0.674276 1.642920e+22 9.012339e-01 1 
    0.674680 1.669592e+22 9.147683e-01 1 
    0.675084 1.688095e+22 9.237994e-01 1 
    0.675487 1.694548e+22 9.262245e-01 1 
    0.675891 1.672792e+22 9.132400e-01 1 
    0.676295 1.699719e+22 9.268325e-01 1 
    0.676699 1.749593e+22 9.528889e-01 1 
    0.677102 1.705457e+22 9.277461e-01 1 
    0.677506 1.654663e+22 8.990415e-01 1 
    0.677910 1.702562e+22 9.239645e-01 1 
    0.678313 1.742026e+22 9.442582e-01 1 
    0.678717 1.716909e+22 9.295364e-01 1 
    0.679121 1.698311e+22 9.183734e-01 1 
    0.679525 1.708729e+22 9.229085e-01 1 
    0.679928 1.702570e+22 9.184926e-01 1 
    0.680332 1.676877e+22 9.035576e-01 1 
    0.680736 1.606364e+22 8.645357e-01 1 
    0.681139 1.546081e+22 8.311076e-01 1 
    0.681543 1.467925e+22 7.881589e-01 1 
    0.681947 1.411032e+22 7.567147e-01 1 
    0.682351 1.463629e+22 7.839923e-01 1 
    0.682754 1.463461e+22 7.829772e-01 1 
    0.683602 1.689603e+22 9.017256e-01 0 
    0.685178 1.688904e+22 8.972111e-01 0 
    0.686757 1.630895e+22 8.624150e-01 0 
    0.688340 1.679752e+22 8.841698e-01 0 
    0.689927 1.702410e+22 8.919782e-01 0 
    0.691517 1.705640e+22 8.895660e-01 0 
    0.693112 1.724662e+22 8.953515e-01 0 
    0.694710 1.760053e+22 9.095259e-01 0 
    0.696311 1.763372e+22 9.070555e-01 0 
    0.697916 1.795394e+22 9.192846e-01 0 
    0.699525 1.774100e+22 9.042073e-01 0 
    0.701138 1.736986e+22 8.812227e-01 0 
    0.702754 1.818071e+22 9.181225e-01 0 
    0.704374 1.800632e+22 9.051379e-01 0 
    0.705998 1.783362e+22 8.923374e-01 0 
    0.707625 1.730035e+22 8.616780e-01 0 
    0.709256 1.705574e+22 8.455924e-01 0 
    0.710891 1.720614e+22 8.491291e-01 0 
    0.712530 1.727806e+22 8.487607e-01 0 
    0.714173 1.711230e+22 8.367544e-01 0 
    0.715819 1.694803e+22 8.249151e-01 0 
    0.717469 1.725565e+22 8.360291e-01 0 
    0.719123 1.689445e+22 8.147686e-01 0 
    0.720781 1.680954e+22 8.069481e-01 0 
    0.722442 1.796230e+22 8.583265e-01 0 
    0.724108 1.774897e+22 8.442341e-01 0 
    0.725777 1.778200e+22 8.419198e-01 0 
    0.727450 1.874102e+22 8.832494e-01 0 
    0.729127 1.788954e+22 8.392458e-01 0 
    0.730808 1.842488e+22 8.603886e-01 0 
    0.732493 1.863000e+22 8.659690e-01 0 
    0.734181 1.932061e+22 8.939454e-01 0 
    0.735873 1.917899e+22 8.833167e-01 0 
    0.737570 1.966214e+22 9.014066e-01 0 
    0.739270 1.920591e+22 8.764460e-01 0 
    0.740974 2.019480e+22 9.173392e-01 0 
    0.742683 1.986305e+22 8.981223e-01 0 
    0.744395 2.050435e+22 9.228593e-01 0 
    0.746110 2.078026e+22 9.309829e-01 0 
    0.747831 2.034471e+22 9.072793e-01 0 
    0.749555 2.085704e+22 9.258533e-01 0 
    0.751282 2.051408e+22 9.064472e-01 0 
    0.753015 2.064690e+22 9.081216e-01 0 
    0.754750 2.116667e+22 9.267075e-01 0 
    0.756490 2.072296e+22 9.031126e-01 0 
    0.758234 2.100157e+22 9.110490e-01 0 
    0.759982 2.037279e+22 8.797117e-01 0 
    0.761734 2.041019e+22 8.772773e-01 0 
    0.763490 2.106903e+22 9.014346e-01 0 
    0.765250 2.072242e+22 8.825315e-01 0 
    0.767014 1.910898e+22 8.100790e-01 0 
    0.768782 2.027829e+22 8.556996e-01 0 
    0.770554 2.022215e+22 8.494106e-01 0 
    0.772331 1.984366e+22 8.296814e-01 0 
    0.774111 2.020298e+22 8.408246e-01 0 
    0.775895 1.973371e+22 8.175217e-01 0 
    0.777684 2.032368e+22 8.380933e-01 0 
    0.779477 2.003529e+22 8.224046e-01 0 
    0.781274 2.063409e+22 8.430922e-01 0 
    0.783075 2.100760e+22 8.544096e-01 0 
    0.784880 2.090090e+22 8.461648e-01 0 
    0.786689 2.132821e+22 8.594975e-01 0 
    0.788503 2.088072e+22 8.375971e-01 0 
    0.790320 2.030171e+22 8.106310e-01 0 
    0.792142 1.996734e+22 7.936163e-01 0 
    0.793969 2.023509e+22 8.005610e-01 0 
    0.795799 2.055389e+22 8.094380e-01 0 
    0.797633 2.121680e+22 8.317067e-01 0 
    0.799472 2.086722e+22 8.142440e-01 0 
    0.801315 2.134277e+22 8.289738e-01 0 
    0.803162 2.157914e+22 8.343039e-01 0 
    0.805013 2.212163e+22 8.513494e-01 0 
    0.806870 2.226399e+22 8.528887e-01 0 
    0.808729 2.199799e+22 8.388290e-01 0 
    0.810594 2.128949e+22 8.080809e-01 0 
    0.812463 2.162450e+22 8.170252e-01 0 
    0.814335 2.191422e+22 8.241689e-01 0 
    0.816212 2.180260e+22 8.162041e-01 0 
    0.818094 2.260921e+22 8.425108e-01 0 
    0.819980 2.259785e+22 8.382183e-01 0 
    0.821870 2.274283e+22 8.397202e-01 0 
    0.823765 1.979813e+22 7.276354e-01 0 
    0.825664 2.335589e+22 8.544491e-01 0 
    0.827567 2.356000e+22 8.579567e-01 0 
    0.829475 2.253986e+22 8.170356e-01 0 
    0.831387 2.146465e+22 7.744863e-01 0 
    0.833304 2.267260e+22 8.143120e-01 0 
    0.835224 2.287021e+22 8.176373e-01 0 
    0.837150 2.280588e+22 8.115901e-01 0 
    0.839080 2.171792e+22 7.693218e-01 0 
    0.841014 2.283439e+22 8.051550e-01 0 
    0.842953 2.292764e+22 8.047280e-01 0 
    0.844896 2.218867e+22 7.752134e-01 0 
    0.846844 2.248530e+22 7.819665e-01 0 
    0.848796 2.262913e+22 7.833533e-01 0 
    0.850753 1.665093e+22 5.737569e-01 0 
    0.852714 2.203987e+22 7.559597e-01 0 
    0.854679 2.008960e+22 6.859015e-01 0 
    0.856650 2.252892e+22 7.656496e-01 0 
    0.858624 2.309435e+22 7.812609e-01 0 
    0.860604 2.240126e+22 7.543313e-01 0 
    0.862587 2.306922e+22 7.732564e-01 0 
    0.864576 2.337760e+22 7.799917e-01 0 
    0.866569 2.205785e+22 7.325769e-01 0 
    0.868567 2.214767e+22 7.321801e-01 0 
    0.870569 2.317865e+22 7.627428e-01 0 
    0.872576 2.370543e+22 7.764935e-01 0 
    0.874587 2.309979e+22 7.531794e-01 0 
    0.876604 2.351632e+22 7.632360e-01 0 
    0.878624 2.427335e+22 7.841878e-01 0 
    0.880650 2.420397e+22 7.783527e-01 0 
    0.882680 2.452698e+22 7.851163e-01 0 
    0.884715 2.362659e+22 7.528193e-01 0 
    0.886754 2.399684e+22 7.611043e-01 0 
    0.888798 2.258989e+22 7.131885e-01 0 
    0.890847 2.337035e+22 7.344386e-01 0 
    0.892901 2.319635e+22 7.256204e-01 0 
    0.894959 2.350566e+22 7.319185e-01 0 
    0.897023 2.349258e+22 7.281486e-01 0 
    0.899090 2.342513e+22 7.227234e-01 0 
    0.901163 2.251280e+22 6.913838e-01 0 
    0.903240 2.208926e+22 6.752604e-01 0 
    0.905322 2.552315e+22 7.766486e-01 0 
    0.907409 2.492752e+22 7.550390e-01 0 
    0.909501 2.357381e+22 7.107548e-01 0 
    0.911598 2.334429e+22 7.006003e-01 0 
    0.913699 2.476994e+22 7.399718e-01 0 
    0.915805 2.435959e+22 7.243699e-01 0 
    0.917917 2.314293e+22 6.850275e-01 0 
    0.920033 2.461297e+22 7.251932e-01 0 
    0.922153 2.338316e+22 6.857940e-01 0 
    0.924280 2.396908e+22 6.997466e-01 0 
    0.926410 2.406536e+22 6.993304e-01 0 
    0.928545 2.512651e+22 7.268131e-01 0 
    0.930686 2.232939e+22 6.429348e-01 0 
    0.932832 2.556319e+22 7.326634e-01 0 
    0.934982 2.560683e+22 7.305431e-01 0 
    0.937137 2.529849e+22 7.184306e-01 0 
    0.939298 2.575324e+22 7.279834e-01 0 
    0.941463 2.538445e+22 7.142624e-01 0 
    0.943633 2.607977e+22 7.304559e-01 0 
    0.945809 2.582511e+22 7.199987e-01 0 
    0.947989 2.647124e+22 7.346223e-01 0 
    0.950174 2.603215e+22 7.191180e-01 0 
    0.952365 2.631760e+22 7.236622e-01 0 
    0.954560 2.588075e+22 7.083809e-01 0 
    0.956760 2.634557e+22 7.177911e-01 0 
    0.958966 2.688058e+22 7.290019e-01 0 
    0.961177 2.661771e+22 7.185557e-01 0 
    0.963392 2.684730e+22 7.214247e-01 0 
    0.965613 2.652344e+22 7.094473e-01 0 
    0.967839 2.662916e+22 7.090024e-01 0 
    0.970070 2.704491e+22 7.167634e-01 0 
    0.972306 2.647333e+22 6.983918e-01 0 
    0.974548 2.651767e+22 6.963463e-01 0 
    0.976795 2.668454e+22 6.975083e-01 0 
    0.979046 2.642298e+22 6.874990e-01 0 
    0.981303 2.714621e+22 7.030714e-01 0 
    0.983565 2.700390e+22 6.961724e-01 0 
    0.985833 2.723653e+22 6.989427e-01 0 
    0.988105 2.715625e+22 6.936814e-01 0 
    0.990383 2.689023e+22 6.837299e-01 0 
    0.992666 2.724636e+22 6.896022e-01 0 
    0.994954 2.735442e+22 6.891566e-01 0 
    0.997248 2.746288e+22 6.887096e-01 0 
    0.999547 2.744485e+22 6.850952e-01 0 
    1.001852 2.755364e+22 6.846496e-01 0 
    1.006476 2.739103e+22 6.743695e-01 0 
    1.013452 2.797314e+22 6.792526e-01 0 
    1.018130 2.787194e+22 6.705902e-01 0 
    1.022829 2.815666e+22 6.712301e-01 0 
    1.027550 2.837862e+22 6.703194e-01 0 
    1.029919 2.835958e+22 6.667915e-01 0 
    1.049067 2.833439e+22 6.421019e-01 0 
    1.071034 2.822754e+22 6.137097e-01 0 
    1.090946 2.822747e+22 5.915097e-01 0 
    1.111228 2.803310e+22 5.661888e-01 0 
    1.129285 2.829259e+22 5.533017e-01 0 
    1.150279 2.901814e+22 5.469652e-01 0 
    1.168970 2.908532e+22 5.308399e-01 0 
    1.190702 2.915224e+22 5.128169e-01 0 
    1.210050 2.942182e+22 5.011404e-01 0 
    1.229711 2.983104e+22 4.919927e-01 0 
    1.249692 2.989999e+22 4.774870e-01 0 
    1.269998 3.010751e+22 4.655488e-01 0 
    1.290634 3.031594e+22 4.539011e-01 0 
    1.308588 3.059641e+22 4.456163e-01 0 
    1.329851 3.059628e+22 4.314785e-01 0 
    1.351460 3.102173e+22 4.236002e-01 0 
    1.370260 3.123721e+22 4.149185e-01 0 
    1.389323 3.095068e+22 3.999081e-01 0 
    1.408650 3.052643e+22 3.836774e-01 0 
    1.431539 3.095085e+22 3.766715e-01 0 
    1.451454 3.196450e+22 3.784059e-01 0 
    1.471646 3.167189e+22 3.647235e-01 0 
    1.488687 3.270928e+22 3.680956e-01 0 
    1.509397 3.362569e+22 3.680957e-01 0 
    1.530395 3.504824e+22 3.732120e-01 0 
    1.551683 3.561849e+22 3.689486e-01 0 
    1.569651 3.578288e+22 3.622142e-01 0 
    1.591487 3.553655e+22 3.499174e-01 0 
    1.609916 3.644790e+22 3.507216e-01 0 
    1.628559 3.695478e+22 3.475042e-01 0 
    1.651214 3.729625e+22 3.411575e-01 0 
    1.670333 3.764135e+22 3.364771e-01 0 
    1.689675 3.781598e+22 3.303433e-01 0 
    1.709241 3.772863e+22 3.220779e-01 0 
    1.729034 3.704055e+22 3.090059e-01 0 
    1.749053 3.670038e+22 2.991996e-01 0 
    1.769307 3.603006e+22 2.870484e-01 0 
    1.789795 3.553633e+22 2.766703e-01 0 
    1.810520 3.472750e+22 2.642186e-01 0 
    1.831483 3.448851e+22 2.564278e-01 0 
    1.848431 3.393631e+22 2.477163e-01 0 
    1.869835 3.316461e+22 2.365728e-01 0 
    1.891487 3.293631e+22 2.295962e-01 0 
    1.908988 3.286044e+22 2.248865e-01 0 
    1.931093 3.240881e+22 2.167470e-01 0 
    1.948962 3.167130e+22 2.079484e-01 0 
    1.971529 3.138203e+22 2.013591e-01 0 
    1.989772 3.087947e+22 1.945179e-01 0 
    2.008184 3.088011e+22 1.909714e-01 0 
    2.031436 3.045615e+22 1.840624e-01 0 
    2.050233 3.045567e+22 1.807000e-01 0 
    2.069203 3.010691e+22 1.753705e-01 0 
    2.088349 2.990074e+22 1.709906e-01 0 
    2.107674 2.983186e+22 1.674827e-01 0 
    2.132078 2.976193e+22 1.632869e-01 0 
    2.151806 2.955789e+22 1.592075e-01 0 
    2.171718 2.908491e+22 1.538004e-01 0 
    2.191811 2.901899e+22 1.506512e-01 0 
    2.212092 2.868584e+22 1.462034e-01 0 
    2.232562 2.835741e+22 1.418914e-01 0 
    2.248036 2.803321e+22 1.383448e-01 0 
    2.268838 2.777641e+22 1.345754e-01 0 
    2.289829 2.533271e+22 1.204958e-01 0 
    2.311018 2.550697e+22 1.191101e-01 0 
    2.332400 2.268171e+22 1.039839e-01 0 
    2.348569 2.165999e+22 9.793730e-02 0 
    2.370298 2.237044e+22 9.930363e-02 0 
    2.392231 2.092530e+22 9.119306e-02 0 
    2.408815 2.049613e+22 8.809705e-02 0 
    2.431102 2.063811e+22 8.708835e-02 0 
    2.447955 1.952849e+22 8.127525e-02 0 
    2.470604 1.961881e+22 8.016094e-02 0 
    2.487731 1.673672e+22 6.744659e-02 0 
    2.510748 1.681396e+22 6.652120e-02 0 
    2.528153 1.716609e+22 6.698247e-02 0 
    2.551544 1.736480e+22 6.652122e-02 0 
    2.569232 1.789261e+22 6.760260e-02 0 
    2.587040 1.776939e+22 6.621597e-02 0 
    2.610978 1.801659e+22 6.591172e-02 0 
    2.629076 1.781039e+22 6.426340e-02 0 
    2.647301 1.781039e+22 6.338162e-02 0 
    2.671795 1.776929e+22 6.208123e-02 0 
    2.690316 1.772854e+22 6.108897e-02 0 
    2.708963 1.768774e+22 6.011222e-02 0 
    2.727742 1.752563e+22 5.874400e-02 0 
    2.752980 1.756580e+22 5.780404e-02 0 
    2.772065 1.740504e+22 5.648910e-02 0 
    2.791278 1.736471e+22 5.558503e-02 0 
    2.810628 1.724535e+22 5.444548e-02 0 
    2.830109 1.716596e+22 5.345128e-02 0 
    2.849728 1.704792e+22 5.235534e-02 0 
    2.869480 1.689157e+22 5.116347e-02 0 
    2.889372 1.681388e+22 5.022934e-02 0 
    2.909399 1.673664e+22 4.931264e-02 0 
    2.929564 1.658332e+22 4.819056e-02 0 
    2.949873 1.646918e+22 4.720214e-02 0 
    2.970319 1.639352e+22 4.634070e-02 0 
    2.990910 1.628065e+22 4.539013e-02 0 
    3.011640 1.620581e+22 4.456162e-02 0 
    3.032518 1.609434e+22 4.364785e-02 0 
    3.046514 1.602039e+22 4.304902e-02 0 
    3.067630 1.598328e+22 4.236005e-02 0 
    3.088896 1.591020e+22 4.158775e-02 0 
    3.110305 1.587329e+22 4.092204e-02 0 
    3.131867 1.583689e+22 4.026796e-02 0 
    3.153574 1.576429e+22 3.953347e-02 0 
    3.168133 1.561965e+22 3.881155e-02 0 
    3.190092 1.558387e+22 3.819138e-02 0 
    3.212206 1.554772e+22 3.757995e-02 0 
    3.227032 1.540551e+22 3.689487e-02 0 
    3.249399 1.536997e+22 3.630475e-02 0 
    3.271925 1.529930e+22 3.564193e-02 0 
    3.287026 1.512433e+22 3.491131e-02 0 
    3.309810 1.508955e+22 3.435314e-02 0 
    3.332754 1.498531e+22 3.364772e-02 0 
    3.348136 1.488223e+22 3.310992e-02 0 
    3.371346 1.481416e+22 3.250624e-02 0 
    3.386906 1.464458e+22 3.183957e-02 0 
    3.410382 1.454372e+22 3.118645e-02 0 
    3.426126 1.444343e+22 3.068740e-02 0 
    3.449873 1.434424e+22 3.005854e-02 0 
    3.473788 1.427797e+22 2.950912e-02 0 
    3.489821 1.414744e+22 2.897130e-02 0 
    3.514010 1.404966e+22 2.837633e-02 0 
    3.530233 1.388916e+22 2.779493e-02 0 
    3.546526 1.376159e+22 2.728718e-02 0 
    3.571112 1.366714e+22 2.672805e-02 0 
    3.587594 1.354156e+22 2.623967e-02 0 
    3.612460 1.347945e+22 2.576099e-02 0 
    3.629138 1.335602e+22 2.529103e-02 0 
    3.645888 1.320276e+22 2.477163e-02 0 
    3.671158 1.311203e+22 2.426388e-02 0 
    3.688106 1.293214e+22 2.371155e-02 0 
    3.713669 1.284303e+22 2.322510e-02 0 
    3.730809 1.275473e+22 2.285397e-02 0 
    3.748033 1.257968e+22 2.233362e-02 0 
    3.774011 1.255101e+22 2.197702e-02 0 
    3.791430 1.243592e+22 2.157586e-02 0 
    3.808933 1.232158e+22 2.118148e-02 0 
    3.826513 1.220859e+22 2.079484e-02 0 
    3.853040 1.215291e+22 2.041596e-02 0 
    3.870823 1.201328e+22 1.999639e-02 0 
    3.888689 1.190351e+22 1.963203e-02 0 
    3.906637 1.179425e+22 1.927350e-02 0 
    3.933719 1.174009e+22 1.892175e-02 0 
    3.951874 1.157870e+22 1.849056e-02 0 
    3.970118 1.147274e+22 1.815334e-02 0 
    3.988442 1.131559e+22 1.774054e-02 0 
    4.006851 1.126371e+22 1.749732e-02 0 
    4.034627 1.121170e+22 1.717755e-02 0 
    4.053249 1.108309e+22 1.682484e-02 0 
    4.071957 1.100718e+22 1.655641e-02 0 
    4.090751 1.090617e+22 1.625408e-02 0 
    4.109636 1.083124e+22 1.599439e-02 0 
    4.128604 1.075661e+22 1.573858e-02 0 
    4.147659 1.065762e+22 1.545078e-02 0 
    4.166807 1.055994e+22 1.516880e-02 0 
    4.186038 1.048744e+22 1.492656e-02 0 
    4.205359 1.036734e+22 1.462034e-02 0 
    4.234512 1.039105e+22 1.445270e-02 0 
    4.254056 1.029594e+22 1.418914e-02 0 
    4.273690 1.022514e+22 1.396239e-02 0 
    4.293420 9.877876e+21 1.336452e-02 0 
    4.313236 9.542794e+21 1.279280e-02 0 
    4.333144 9.608475e+21 1.276276e-02 0 
    4.353148 9.304228e+21 1.224531e-02 0 
    4.373240 9.176304e+21 1.196624e-02 0 
    4.393424 9.092466e+21 1.174822e-02 0 
    4.413702 8.864750e+21 1.134898e-02 0 
    4.434078 8.783316e+21 1.114162e-02 0 
    4.454543 8.722724e+21 1.096332e-02 0 
    4.475103 8.563770e+21 1.066487e-02 0 
    4.485423 8.543909e+21 1.059123e-02 0 
    4.506126 8.446239e+21 1.037416e-02 0 
    4.526923 8.350009e+21 1.016195e-02 0 
    4.547817 8.349318e+21 1.006796e-02 0 
    4.568812 8.311422e+21 9.930364e-03 0 
    4.589900 8.140879e+21 9.637431e-03 0 
    4.611084 8.197283e+21 9.615244e-03 0 
    4.632371 8.122148e+21 9.439754e-03 0 
    4.653752 8.084794e+21 9.310199e-03 0 
    4.675231 8.103461e+21 9.246149e-03 0 
    4.686008 7.992240e+21 9.077348e-03 0 
    4.707641 7.937302e+21 8.932287e-03 0 
    4.729369 7.973894e+21 8.891202e-03 0 
    4.751197 7.882603e+21 8.708834e-03 0 
    4.773131 7.864465e+21 8.609124e-03 0 
    4.795162 7.846372e+21 8.510572e-03 0 
    4.806215 7.703177e+21 8.316871e-03 0 
    4.828398 7.774449e+21 8.316871e-03 0 
    4.850688 7.685499e+21 8.146327e-03 0 
    4.873076 7.632604e+21 8.016094e-03 0 
    4.895568 7.580025e+21 7.887891e-03 0 
    4.906852 7.510517e+21 7.779656e-03 0 
    4.929505 7.493256e+21 7.690603e-03 0 
    4.952257 7.441668e+21 7.567639e-03 0 
    4.975114 7.441661e+21 7.498256e-03 0 
    4.986588 7.339608e+21 7.361433e-03 0 
    5.009603 7.322684e+21 7.277129e-03 0 
    5.032724 7.289073e+21 7.177324e-03 0 
    5.044325 7.189052e+21 7.046314e-03 0 
    5.067613 7.172467e+21 6.965593e-03 0 
    5.079294 7.156054e+21 6.917726e-03 0 
    5.091002 7.172465e+21 6.901737e-03 0 
    5.102737 7.123119e+21 6.822763e-03 0 
    5.114499 7.090442e+21 6.760263e-03 0 
    5.126289 7.090395e+21 6.729157e-03 0 
    5.138111 7.057795e+21 6.667431e-03 0 
    5.149954 7.025449e+21 6.606384e-03 0 
    5.161825 7.025369e+21 6.575958e-03 0 
    5.173724 7.025345e+21 6.545723e-03 0 
    5.185649 6.977008e+21 6.470822e-03 0 
    5.197603 6.944974e+21 6.411518e-03 0 
    5.209583 6.929048e+21 6.367429e-03 0 
    5.221598 6.913056e+21 6.323531e-03 0 
    5.233634 6.881322e+21 6.265585e-03 0 
    5.245698 6.865506e+21 6.222465e-03 0 
    5.257789 6.865508e+21 6.193880e-03 0 
    5.269909 6.865471e+21 6.165390e-03 0 
    5.282057 6.833960e+21 6.108895e-03 0 
    5.294238 6.786890e+21 6.038935e-03 0 
    5.306442 6.755746e+21 5.983604e-03 0 
    5.318673 6.740215e+21 5.942424e-03 0 
    5.330933 6.740185e+21 5.915097e-03 0 
    5.343222 6.724705e+21 5.874396e-03 0 
    5.355538 6.693785e+21 5.820523e-03 0 
    5.367883 6.678330e+21 5.780405e-03 0 
    5.380262 6.663054e+21 5.740674e-03 0 
    5.392664 6.647709e+21 5.701140e-03 0 
    5.405095 6.632419e+21 5.661894e-03 0 
    5.417554 6.601909e+21 5.609957e-03 0 
    5.430041 6.571548e+21 5.558504e-03 0 
    5.442558 6.541342e+21 5.507534e-03 0 
    5.455104 6.541355e+21 5.482241e-03 0 
    5.467684 6.511392e+21 5.432047e-03 0 
    5.480287 6.481468e+21 5.382242e-03 0 
    5.492920 6.466484e+21 5.345128e-03 0 
    5.505581 6.436855e+21 5.296194e-03 0 
    5.518272 6.421959e+21 5.259662e-03 0 
    5.530992 6.436861e+21 5.247645e-03 0 
    5.543747 6.407239e+21 5.199488e-03 0 
    5.556526 6.348521e+21 5.128168e-03 0 
    5.569335 6.363119e+21 5.116345e-03 0 
    5.582172 6.348538e+21 5.081171e-03 0 
    5.595040 6.304743e+21 5.022934e-03 0 
    5.607937 6.290341e+21 4.988436e-03 0 
    5.620863 6.275795e+21 4.954037e-03 0 
    5.633826 6.232632e+21 4.897349e-03 0 
    5.646812 6.232658e+21 4.874870e-03 0 
    5.659829 6.218235e+21 4.841244e-03 0 
    5.672875 6.204048e+21 4.808008e-03 0 
    5.685951 6.161334e+21 4.752969e-03 0 
    5.699057 6.132984e+21 4.709364e-03 0 
    5.712201 6.133032e+21 4.687753e-03 0 
    5.725368 6.132939e+21 4.666146e-03 0 
    5.738565 6.104821e+21 4.623414e-03 0 
    5.751793 6.076696e+21 4.580970e-03 0 
    5.765051 6.048827e+21 4.539012e-03 0 
    5.778340 6.034844e+21 4.507714e-03 0 
    5.791660 6.020992e+21 4.476704e-03 0 
    5.805016 6.007161e+21 4.445892e-03 0 
    5.818397 5.965830e+21 4.395018e-03 0 
    5.831809 5.952138e+21 4.364785e-03 0 
    5.845252 5.938457e+21 4.334745e-03 0 
    5.858725 5.924789e+21 4.304901e-03 0 
    5.872230 5.883941e+21 4.255578e-03 0 
    5.885766 5.870449e+21 4.226315e-03 0 
    5.899340 5.843469e+21 4.187554e-03 0 
    5.912938 5.830095e+21 4.158776e-03 0 
    5.926568 5.816608e+21 4.130092e-03 0 
    5.940229 5.789848e+21 4.092204e-03 0 
    5.953921 5.763269e+21 4.054704e-03 0 
    5.967646 5.750020e+21 4.026797e-03 0 
    5.981408 5.736815e+21 3.999083e-03 0 
    5.995196 5.723632e+21 3.971562e-03 0 
    6.009015 5.684253e+21 3.926118e-03 0 
    6.022866 5.671165e+21 3.899082e-03 0 
    6.036749 5.658119e+21 3.872241e-03 0 
    6.050664 5.632032e+21 3.836679e-03 0 
    6.064612 5.606295e+21 3.801599e-03 0 
    6.078598 5.593277e+21 3.775339e-03 0 
    6.092609 5.567605e+21 3.740746e-03 0 
    6.106653 5.542011e+21 3.706443e-03 0 
    6.120730 5.529310e+21 3.680959e-03 0 
    6.134838 5.503941e+21 3.647237e-03 0 
    6.148980 5.503930e+21 3.630472e-03 0 
    6.163160 5.478576e+21 3.597139e-03 0 
    6.177367 5.466055e+21 3.572429e-03 0 
    6.191606 5.440941e+21 3.539679e-03 0 
    6.205878 5.428343e+21 3.515259e-03 0 
    6.220183 5.403490e+21 3.483088e-03 0 
    6.234521 5.378593e+21 3.451111e-03 0 
    6.248892 5.353957e+21 3.419521e-03 0 
    6.263303 5.329296e+21 3.388125e-03 0 
    6.277740 5.316990e+21 3.364772e-03 0 
    6.292211 5.304767e+21 3.341614e-03 0 
    6.306715 5.280417e+21 3.310993e-03 0 
    6.321252 5.268304e+21 3.288222e-03 0 
    6.335823 5.256122e+21 3.265546e-03 0 
    6.350435 5.220069e+21 3.228240e-03 0 
    6.365073 5.207958e+21 3.205953e-03 0 
    6.379745 5.196097e+21 3.183956e-03 0 
    6.394451 5.172102e+21 3.154692e-03 0 
    6.409190 5.148412e+21 3.125816e-03 0 
    6.423964 5.124714e+21 3.097133e-03 0 
    6.438772 5.112930e+21 3.075815e-03 0 
    6.453621 5.077798e+21 3.040640e-03 0 
    6.468497 5.066120e+21 3.019710e-03 0 
    6.483407 5.054388e+21 2.998876e-03 0 
    6.498352 5.031120e+21 2.971356e-03 0 
    6.513331 5.008026e+21 2.944128e-03 0 
    6.528344 4.996530e+21 2.923875e-03 0 
    6.543393 4.973511e+21 2.897033e-03 0 
    6.558483 4.962216e+21 2.877169e-03 0 
    6.573601 4.939283e+21 2.850715e-03 0 
    6.588754 4.916710e+21 2.824649e-03 0 
    6.603941 4.894160e+21 2.798777e-03 0 
    6.619163 4.882873e+21 2.779493e-03 0 
    6.634421 4.860432e+21 2.754008e-03 0 
    6.649721 4.838035e+21 2.728717e-03 0 
    6.665049 4.815835e+21 2.703717e-03 0 
    6.680413 4.804771e+21 2.685112e-03 0 
    6.695812 4.782700e+21 2.660499e-03 0 
    6.711246 4.771701e+21 2.642186e-03 0 
    6.726716 4.749771e+21 2.617960e-03 0 
    6.742221 4.727893e+21 2.593929e-03 0 
    6.757770 4.717076e+21 2.576099e-03 0 
    6.773348 4.695355e+21 2.552455e-03 0 
    6.788960 4.673869e+21 2.529103e-03 0 
    6.804610 4.652265e+21 2.505846e-03 0 
    6.820294 4.641566e+21 2.488599e-03 0 
    6.836016 4.620322e+21 2.465827e-03 0 
    6.851781 4.609737e+21 2.448869e-03 0 
    6.867575 4.588498e+21 2.426388e-03 0 
    6.883405 4.567335e+21 2.404101e-03 0 
    6.899271 4.556975e+21 2.387628e-03 0 
    6.915175 4.536018e+21 2.365728e-03 0 
    6.931115 4.515144e+21 2.344023e-03 0 
    6.947091 4.494353e+21 2.322511e-03 0 
    6.963113 4.473664e+21 2.301192e-03 0 
    6.979163 4.463464e+21 2.285398e-03 0 
    6.995250 4.442998e+21 2.264468e-03 0 
    7.011375 4.432754e+21 2.248867e-03 0 
    7.027537 4.412342e+21 2.228227e-03 0 
    7.043736 4.392033e+21 2.207781e-03 0 
    7.059980 4.371839e+21 2.187529e-03 0 
    7.076253 4.361861e+21 2.172509e-03 0 
    7.092565 4.341731e+21 2.152547e-03 0 
    7.108914 4.321910e+21 2.132876e-03 0 
    7.125300 4.302012e+21 2.113303e-03 0 
    7.141724 4.292143e+21 2.098768e-03 0 
    7.158187 4.272335e+21 2.079485e-03 0 
    7.174695 4.262664e+21 2.065240e-03 0 
    7.191233 4.242955e+21 2.046248e-03 0 
    7.207810 4.223581e+21 2.027545e-03 0 
    7.224424 4.204140e+21 2.008941e-03 0 
    7.241076 4.194410e+21 1.995084e-03 0 
    7.257768 4.175090e+21 1.976770e-03 0 
    7.274497 4.155910e+21 1.958649e-03 0 
    7.291273 4.146390e+21 1.945180e-03 0 
    7.308081 4.127346e+21 1.927350e-03 0 
    7.324926 4.108455e+21 1.909715e-03 0 
    7.341811 4.089512e+21 1.892176e-03 0 
    7.358734 4.080194e+21 1.879191e-03 0 
    7.375697 4.061402e+21 1.861943e-03 0 
    7.392706 4.042783e+21 1.844888e-03 0 
    7.409747 4.033498e+21 1.832194e-03 0 
    7.426827 4.014825e+21 1.815333e-03 0 
    7.443946 3.996325e+21 1.798667e-03 0 
    7.461105 3.978000e+21 1.782194e-03 0 
    7.478303 3.959856e+21 1.765914e-03 0 
    7.495542 3.950628e+21 1.753705e-03 0 
    7.512827 3.932466e+21 1.737619e-03 0 
    7.530145 3.923519e+21 1.725701e-03 0 
    7.547502 3.905551e+21 1.709906e-03 0 
    7.564900 3.887556e+21 1.694208e-03 0 
    7.582338 3.878471e+21 1.682483e-03 0 
    7.599816 3.860691e+21 1.667076e-03 0 
    7.617342 3.851916e+21 1.655642e-03 0 
    7.634900 3.834136e+21 1.640429e-03 0 
    7.652499 3.816566e+21 1.625409e-03 0 
    7.670139 3.798980e+21 1.610486e-03 0 
    7.687820 3.790336e+21 1.599439e-03 0 
    7.705540 3.772764e+21 1.584711e-03 0 
    7.723302 3.755413e+21 1.570175e-03 0 
    7.741113 3.738296e+21 1.555834e-03 0 
    7.758957 3.721166e+21 1.541590e-03 0 
    7.776842 3.712493e+21 1.530931e-03 0 
    7.794769 3.695399e+21 1.516880e-03 0 
    7.812736 3.678541e+21 1.503023e-03 0 
    7.830745 3.661687e+21 1.489263e-03 0 
    7.848795 3.653216e+21 1.478992e-03 0 
    7.866896 3.636421e+21 1.465426e-03 0 
    7.885030 3.619628e+21 1.451957e-03 0 
    7.903205 3.603087e+21 1.438682e-03 0 
    7.921423 3.586560e+21 1.425503e-03 0 
    7.939682 3.578131e+21 1.415619e-03 0 
    7.957984 3.610393e+21 1.421821e-03 0 
    7.976336 3.604817e+21 1.413100e-03 0 
    7.994722 3.598857e+21 1.404282e-03 0 
    8.013150 3.592516e+21 1.395367e-03 0 
    8.031621 3.586289e+21 1.386549e-03 0 
    8.050135 3.579677e+21 1.377634e-03 0 
    8.068691 3.572927e+21 1.368719e-03 0 
    8.087289 3.566038e+21 1.359805e-03 0 
    8.105941 3.559529e+21 1.351084e-03 0 
    8.124625 3.553901e+21 1.342750e-03 0 
    8.143353 3.548145e+21 1.334416e-03 0 
    8.162124 3.542262e+21 1.326083e-03 0 
    8.180938 3.536248e+21 1.317750e-03 0 
    8.199796 3.529842e+21 1.309319e-03 0 
    8.218706 3.523308e+21 1.300889e-03 0 
    8.237650 3.516632e+21 1.292459e-03 0 
    8.256639 3.509819e+21 1.284028e-03 0 
    8.275671 3.503933e+21 1.275986e-03 0 
    8.294747 3.498452e+21 1.268137e-03 0 
    8.313867 3.492577e+21 1.260191e-03 0 
    8.333032 3.486574e+21 1.252245e-03 0 
    8.352249 3.480448e+21 1.244299e-03 0 
    8.371501 3.474184e+21 1.236353e-03 0 
    8.390798 3.467787e+21 1.228407e-03 0 
    8.410139 3.461258e+21 1.220461e-03 0 
    8.429526 3.454596e+21 1.212516e-03 0 
    8.448956 3.449184e+21 1.205054e-03 0 
    8.468441 3.443655e+21 1.197593e-03 0 
    8.487961 3.437716e+21 1.190035e-03 0 
    8.507527 3.431929e+21 1.182573e-03 0 
    8.527137 3.425733e+21 1.175015e-03 0 
    8.546793 3.419691e+21 1.167554e-03 0 
    8.566494 3.413235e+21 1.159996e-03 0 
    8.586240 3.406359e+21 1.152341e-03 0 
    8.606041 3.400507e+21 1.145073e-03 0 
    8.625879 3.395098e+21 1.137999e-03 0 
    8.645762 3.389566e+21 1.130926e-03 0 
    8.665691 3.383912e+21 1.123852e-03 0 
    8.685666 3.378133e+21 1.116778e-03 0 
    8.705687 3.371933e+21 1.109607e-03 0 
    8.725754 3.365606e+21 1.102437e-03 0 
    8.745878 3.359155e+21 1.095266e-03 0 
    8.766037 3.352565e+21 1.088096e-03 0 
    8.786244 3.347343e+21 1.081410e-03 0 
    8.806497 3.342001e+21 1.074723e-03 0 
    8.826796 3.336539e+21 1.068037e-03 0 
    8.847143 3.330649e+21 1.061254e-03 0 
    8.867546 3.324949e+21 1.054568e-03 0 
    8.887986 3.318811e+21 1.047785e-03 0 
    8.908473 3.312544e+21 1.041002e-03 0 
    8.929008 3.306149e+21 1.034219e-03 0 
    8.949591 3.300248e+21 1.027630e-03 0 
    8.970219 3.294845e+21 1.021234e-03 0 
    8.990896 3.289637e+21 1.014936e-03 0 
    9.011631 3.284004e+21 1.008540e-03 0 
    9.032404 3.278557e+21 1.002242e-03 0 
    9.053224 3.272671e+21 9.958462e-04 0 
    9.074093 3.266662e+21 9.894507e-04 0 
    9.095008 3.260205e+21 9.829586e-04 0 
    9.115973 3.253943e+21 9.765631e-04 0 
    9.136997 3.248534e+21 9.704583e-04 0 
    9.158057 3.243356e+21 9.644603e-04 0 
    9.179168 3.238030e+21 9.584526e-04 0 
    9.200326 3.232550e+21 9.524348e-04 0 
    9.221534 3.226886e+21 9.463977e-04 0 
    9.242790 3.221068e+21 9.403515e-04 0 
    9.264095 3.215060e+21 9.342854e-04 0 
    9.285460 3.208903e+21 9.282097e-04 0 
    9.306864 3.202713e+21 9.221631e-04 0 
    9.328317 3.197717e+21 9.164944e-04 0 
    9.349819 3.192572e+21 9.108161e-04 0 
    9.371371 3.187243e+21 9.051184e-04 0 
    9.392973 3.181763e+21 8.994109e-04 0 
    9.414635 3.176137e+21 8.936937e-04 0 
    9.436336 3.170315e+21 8.879574e-04 0 
    9.458087 3.164337e+21 8.822112e-04 0 
    9.479889 3.158201e+21 8.764553e-04 0 
    9.501741 3.152643e+21 8.708932e-04 0 
    9.523643 3.147671e+21 8.655248e-04 0 
    9.545596 3.142550e+21 8.601468e-04 0 
    9.567609 3.137251e+21 8.547495e-04 0 
    9.589663 3.131793e+21 8.493424e-04 0 
    9.611768 3.126147e+21 8.439160e-04 0 
    9.633924 3.120381e+21 8.384895e-04 0 
    9.656131 3.114424e+21 8.330437e-04 0 
    9.678389 3.108308e+21 8.275883e-04 0 
    9.700698 3.103349e+21 8.224721e-04 0 
    9.723070 3.098395e+21 8.173846e-04 0 
    9.745482 3.093249e+21 8.122781e-04 0 
    9.767946 3.087989e+21 8.071713e-04 0 
    9.790462 3.082541e+21 8.020453e-04 0 
    9.813029 3.076938e+21 7.969097e-04 0 
    9.835649 3.071181e+21 7.917642e-04 0 
    9.858332 3.065237e+21 7.865994e-04 0 
    9.881057 3.059583e+21 7.815411e-04 0 
    9.903833 3.054801e+21 7.767349e-04 0 
    9.926662 3.049834e+21 7.719093e-04 0 
    9.949544 3.044718e+21 7.670739e-04 0 
    9.972478 3.039451e+21 7.622289e-04 0 
    9.995465 3.034031e+21 7.573742e-04 0 
   10.018517 3.028465e+21 7.525098e-04 0 
   10.041609 3.022697e+21 7.476260e-04 0 
   10.064756 3.016812e+21 7.427422e-04 0 
   10.087956 3.011756e+21 7.380909e-04 0 
   10.111210 3.006948e+21 7.335270e-04 0 
   10.134517 3.002031e+21 7.289629e-04 0 
   10.157889 2.996930e+21 7.243795e-04 0 
   10.181303 2.991672e+21 7.197865e-04 0 
   10.204772 2.986261e+21 7.151837e-04 0 
   10.228295 2.980736e+21 7.105809e-04 0 
   10.251872 2.975015e+21 7.059586e-04 0 
   10.275503 2.969260e+21 7.013560e-04 0 
   10.299189 2.964625e+21 6.970439e-04 0 
   10.322940 2.959848e+21 6.927222e-04 0 
   10.346736 2.954959e+21 6.884004e-04 0 
   10.370585 2.949876e+21 6.840593e-04 0 
   10.394491 2.944643e+21 6.797085e-04 0 
   10.418450 2.939256e+21 6.753480e-04 0 
   10.442466 2.933714e+21 6.709777e-04 0 
   10.466537 2.928016e+21 6.665978e-04 0 
   10.490674 2.922850e+21 6.623632e-04 0 
   10.514856 2.918256e+21 6.582837e-04 0 
   10.539093 2.913470e+21 6.541849e-04 0 
   10.563387 2.908578e+21 6.500859e-04 0 
   10.587736 2.903492e+21 6.459678e-04 0 
   10.612141 2.898296e+21 6.418496e-04 0 
   10.636615 2.892909e+21 6.377117e-04 0 
   10.661133 2.887405e+21 6.335742e-04 0 
   10.685708 2.881744e+21 6.294268e-04 0 
   10.710339 2.877127e+21 6.255314e-04 0 
   10.735027 2.872542e+21 6.216651e-04 0 
   10.759772 2.867807e+21 6.177891e-04 0 
   10.784574 2.862877e+21 6.138937e-04 0 
   10.809445 2.857846e+21 6.099981e-04 0 
   10.834362 2.852657e+21 6.060932e-04 0 
   10.859336 2.847313e+21 6.021784e-04 0 
   10.884368 2.841813e+21 5.982539e-04 0 
   10.909456 2.836571e+21 5.944069e-04 0 
   10.934603 2.832149e+21 5.907538e-04 0 
   10.959821 2.827539e+21 5.870812e-04 0 
   10.985084 2.822820e+21 5.834086e-04 0 
   11.010405 2.817903e+21 5.797169e-04 0 
   11.035785 2.812880e+21 5.760248e-04 0 
   11.061223 2.807704e+21 5.723234e-04 0 
   11.086720 2.802372e+21 5.686120e-04 0 
   11.112276 2.796931e+21 5.649007e-04 0 
   11.137903 2.792205e+21 5.613541e-04 0 
   11.163577 2.787806e+21 5.578948e-04 0 
   11.189309 2.783210e+21 5.544161e-04 0 
   11.215101 2.778512e+21 5.509376e-04 0 
   11.240953 2.773612e+21 5.474392e-04 0 
   11.266864 2.768609e+21 5.439412e-04 0 
   11.292847 2.763456e+21 5.404334e-04 0 
   11.318878 2.758142e+21 5.369160e-04 0 
   11.344969 2.752819e+21 5.334179e-04 0 
   11.371120 2.748544e+21 5.301425e-04 0 
   11.397331 2.744120e+21 5.268576e-04 0 
   11.423603 2.739547e+21 5.235630e-04 0 
   11.449935 2.734872e+21 5.202684e-04 0 
   11.476341 2.730000e+21 5.169544e-04 0 
   11.502795 2.725019e+21 5.136404e-04 0 
   11.529309 2.719881e+21 5.103167e-04 0 
   11.555885 2.714586e+21 5.069833e-04 0 
   11.582522 2.709810e+21 5.037663e-04 0 
   11.609221 2.705561e+21 5.006654e-04 0 
   11.635981 2.701109e+21 4.975452e-04 0 
   11.662816 2.696564e+21 4.944249e-04 0 
   11.689699 2.691861e+21 4.912950e-04 0 
   11.716644 2.687057e+21 4.881653e-04 0 
   11.743652 2.682044e+21 4.850160e-04 0 
   11.770722 2.676928e+21 4.818668e-04 0 
   11.797855 2.671708e+21 4.787175e-04 0 
   11.825062 2.667420e+21 4.757524e-04 0 
   11.852320 2.663193e+21 4.728162e-04 0 
   11.879640 2.658761e+21 4.698608e-04 0 
   11.907024 2.654231e+21 4.669052e-04 0 
   11.934470 2.649548e+21 4.639402e-04 0 
   11.961980 2.644709e+21 4.609653e-04 0 
   11.989553 2.639769e+21 4.579904e-04 0 
   12.017204 2.634677e+21 4.550059e-04 0 
   12.044904 2.629814e+21 4.520794e-04 0 
   12.072668 2.625699e+21 4.492985e-04 0 
   12.100497 2.621434e+21 4.465077e-04 0 
   12.128389 2.617074e+21 4.437171e-04 0 
   12.156346 2.612501e+21 4.409069e-04 0 
   12.184380 2.607837e+21 4.380968e-04 0 
   12.212466 2.603069e+21 4.352867e-04 0 
   12.240617 2.598143e+21 4.324668e-04 0 
   12.268832 2.593057e+21 4.296373e-04 0 
   12.297113 2.588692e+21 4.269435e-04 0 
   12.325459 2.584585e+21 4.243078e-04 0 
   12.353869 2.580326e+21 4.216625e-04 0 
   12.382360 2.575978e+21 4.190171e-04 0 
   12.410902 2.571469e+21 4.163620e-04 0 
   12.439510 2.566804e+21 4.136973e-04 0 
   12.468184 2.562041e+21 4.110325e-04 0 
   12.496924 2.557119e+21 4.083581e-04 0 
   12.525730 2.552218e+21 4.057030e-04 0 
   12.554617 2.548204e+21 4.032029e-04 0 
   12.583556 2.544092e+21 4.007028e-04 0 
   12.612562 2.539888e+21 3.982029e-04 0 
   12.641635 2.535529e+21 3.956931e-04 0 
   12.670775 2.531013e+21 3.931737e-04 0 
   12.699982 2.526401e+21 3.906543e-04 0 
   12.729256 2.521631e+21 3.881252e-04 0 
   12.758612 2.516704e+21 3.855864e-04 0 
   12.788021 2.512308e+21 3.831445e-04 0 
   12.817499 2.508329e+21 3.807802e-04 0 
   12.847044 2.504259e+21 3.784158e-04 0 
   12.876657 2.500033e+21 3.760417e-04 0 
   12.906339 2.495651e+21 3.736579e-04 0 
   12.936089 2.491176e+21 3.712742e-04 0 
   12.965922 2.486545e+21 3.688808e-04 0 
   12.995810 2.481814e+21 3.664873e-04 0 
   13.025766 2.476985e+21 3.640939e-04 0 
   13.055791 2.472987e+21 3.618361e-04 0 
   13.085886 2.469032e+21 3.595977e-04 0 
   13.116048 2.464987e+21 3.573593e-04 0 
   13.146297 2.460792e+21 3.551112e-04 0 
   13.176600 2.456431e+21 3.528534e-04 0 
   13.206973 2.451979e+21 3.505956e-04 0 
   13.237416 2.447364e+21 3.483282e-04 0 
   13.267930 2.442655e+21 3.460607e-04 0 
   13.298513 2.438125e+21 3.438320e-04 0 
   13.329166 2.434329e+21 3.417196e-04 0 
   13.359906 2.430384e+21 3.395975e-04 0 
   13.390702 2.426274e+21 3.374657e-04 0 
   13.421569 2.422074e+21 3.353338e-04 0 
   13.452506 2.417784e+21 3.332020e-04 0 
   13.483516 2.413333e+21 3.310605e-04 0 
   13.514595 2.408788e+21 3.289190e-04 0 
   13.545763 2.404085e+21 3.267678e-04 0 
   13.576988 2.399997e+21 3.247135e-04 0 
   13.608281 2.396180e+21 3.227077e-04 0 
   13.639652 2.392277e+21 3.207018e-04 0 
   13.671091 2.388214e+21 3.186863e-04 0 
   13.702605 2.384063e+21 3.166708e-04 0 
   13.734191 2.379750e+21 3.146455e-04 0 
   13.765863 2.375276e+21 3.126106e-04 0 
   13.797594 2.370706e+21 3.105757e-04 0 
   13.829398 2.366193e+21 3.085602e-04 0 
   13.861277 2.362482e+21 3.066609e-04 0 
   13.893227 2.358687e+21 3.047617e-04 0 
   13.925252 2.354730e+21 3.028528e-04 0 
   13.957350 2.350688e+21 3.009438e-04 0 
   13.989539 2.346563e+21 2.990349e-04 0 
   14.021784 2.342268e+21 2.971163e-04 0 
   14.054106 2.337807e+21 2.951880e-04 0 
   14.086502 2.333255e+21 2.932597e-04 0 
   14.118973 2.329153e+21 2.913991e-04 0 
   14.151519 2.325508e+21 2.896065e-04 0 
   14.184155 2.321707e+21 2.878041e-04 0 
   14.216848 2.317816e+21 2.860018e-04 0 
   14.249620 2.313761e+21 2.841898e-04 0 
   14.282467 2.309619e+21 2.823777e-04 0 
   14.315389 2.305310e+21 2.805560e-04 0 
   14.348386 2.300912e+21 2.787343e-04 0 
   14.381461 2.296424e+21 2.769125e-04 0 
   14.414627 2.292739e+21 2.751974e-04 0 
   14.447853 2.289128e+21 2.735016e-04 0 
   14.481156 2.285272e+21 2.717865e-04 0 
   14.514538 2.281414e+21 2.700810e-04 0 
   14.547994 2.277388e+21 2.683659e-04 0 
   14.581528 2.273277e+21 2.666507e-04 0 
   14.615156 2.269002e+21 2.649259e-04 0 
   14.648845 2.264634e+21 2.632011e-04 0 
   14.682611 2.260428e+21 2.615053e-04 0 
   14.716456 2.256893e+21 2.598968e-04 0 
   14.750380 2.253192e+21 2.582785e-04 0 
   14.784380 2.249409e+21 2.566603e-04 0 
   14.818459 2.245543e+21 2.550421e-04 0 
   14.852631 2.241513e+21 2.534141e-04 0 
   14.886869 2.237393e+21 2.517862e-04 0 
   14.921184 2.233187e+21 2.501583e-04 0 
   14.955578 2.228807e+21 2.485207e-04 0 
   14.990052 2.225125e+21 2.469703e-04 0 
   15.024605 2.221537e+21 2.454392e-04 0 
   15.059255 2.217874e+21 2.439082e-04 0 
   15.093967 2.214125e+21 2.423772e-04 0 
   15.128759 2.210294e+21 2.408462e-04 0 
   15.163631 2.206290e+21 2.393055e-04 0 
   15.198584 2.202202e+21 2.377647e-04 0 
   15.233620 2.197941e+21 2.362143e-04 0 
   15.268734 2.193683e+21 2.346736e-04 0 
   15.303945 2.190253e+21 2.332298e-04 0 
   15.339222 2.186741e+21 2.317860e-04 0 
   15.374581 2.183150e+21 2.303422e-04 0 
   15.410020 2.179386e+21 2.288887e-04 0 
   15.445541 2.175541e+21 2.274352e-04 0 
   15.481144 2.171522e+21 2.259719e-04 0 
   15.516830 2.167419e+21 2.245088e-04 0 
   15.552614 2.163236e+21 2.230455e-04 0 
   15.588464 2.159436e+21 2.216308e-04 0 
   15.624397 2.156029e+21 2.202645e-04 0 
   15.660413 2.152449e+21 2.188885e-04 0 
   15.696511 2.148886e+21 2.175222e-04 0 
   15.732692 2.145148e+21 2.161462e-04 0 
   15.768973 2.141238e+21 2.147605e-04 0 
   15.805322 2.137338e+21 2.133846e-04 0 
   15.841755 2.133259e+21 2.119989e-04 0 
   15.878270 2.129000e+21 2.106035e-04 0 
   15.914872 2.125639e+21 2.093051e-04 0 
   15.951556 2.122202e+21 2.080066e-04 0 
   15.988327 2.118688e+21 2.067081e-04 0 
   16.025198 2.115101e+21 2.054096e-04 0 
   16.062138 2.111432e+21 2.041112e-04 0 
   16.099163 2.107582e+21 2.028030e-04 0 
   16.136270 2.103652e+21 2.014949e-04 0 
   16.173467 2.099539e+21 2.001770e-04 0 
   16.210747 2.095650e+21 1.988883e-04 0 
   16.248131 2.092403e+21 1.976673e-04 0 
   16.285584 2.088973e+21 1.964367e-04 0 
   16.323125 2.085467e+21 1.952060e-04 0 
   16.360750 2.081884e+21 1.939754e-04 0 
   16.398464 2.078224e+21 1.927448e-04 0 
   16.436263 2.074381e+21 1.915044e-04 0 
   16.474150 2.070458e+21 1.902641e-04 0 
   16.512144 2.066354e+21 1.890141e-04 0 
   16.550205 2.062907e+21 1.878319e-04 0 
   16.588353 2.059598e+21 1.866691e-04 0 
   16.626591 2.056215e+21 1.855063e-04 0 
   16.664916 2.052757e+21 1.843435e-04 0 
   16.703330 2.049115e+21 1.831710e-04 0 
   16.741850 2.045509e+21 1.820082e-04 0 
   16.780442 2.041602e+21 1.808260e-04 0 
   16.819122 2.037726e+21 1.796535e-04 0 
   16.857891 2.033771e+21 1.784810e-04 0 
   16.896750 2.030623e+21 1.773860e-04 0 
   16.935698 2.027403e+21 1.762910e-04 0 
   16.974736 2.023997e+21 1.751864e-04 0 
   17.013883 2.020522e+21 1.740817e-04 0 
   17.053102 2.016967e+21 1.729770e-04 0 
   17.092409 2.013222e+21 1.718627e-04 0 
   17.131808 2.009400e+21 1.707484e-04 0 
   17.171298 2.005500e+21 1.696340e-04 0 
   17.210880 2.001981e+21 1.685584e-04 0 
   17.250552 1.998850e+21 1.675216e-04 0 
   17.290334 1.995535e+21 1.664750e-04 0 
   17.330191 1.992260e+21 1.654382e-04 0 
   17.370138 1.988794e+21 1.643917e-04 0 
   17.410177 1.985136e+21 1.633355e-04 0 
   17.450308 1.981521e+21 1.622889e-04 0 
   17.490533 1.977711e+21 1.612327e-04 0 
   17.530869 1.973828e+21 1.601765e-04 0 
   17.571280 1.970702e+21 1.591881e-04 0 
   17.611783 1.967505e+21 1.581997e-04 0 
   17.652378 1.964358e+21 1.572210e-04 0 
   17.693069 1.960897e+21 1.562229e-04 0 
   17.733853 1.957484e+21 1.552346e-04 0 
   17.774730 1.953998e+21 1.542462e-04 0 
   17.815720 1.950318e+21 1.532481e-04 0 
   17.856787 1.946559e+21 1.522500e-04 0 
   17.897950 1.942973e+21 1.512713e-04 0 
   17.939206 1.939812e+21 1.503314e-04 0 
   17.980556 1.936706e+21 1.494012e-04 0 
   18.022003 1.933531e+21 1.484709e-04 0 
   18.063566 1.930162e+21 1.475310e-04 0 
   18.105203 1.926716e+21 1.465911e-04 0 
   18.146937 1.923198e+21 1.456511e-04 0 
   18.188767 1.919478e+21 1.447015e-04 0 
   18.230694 1.915811e+21 1.437615e-04 0 
   18.272716 1.912589e+21 1.428604e-04 0 
   18.314834 1.909556e+21 1.419786e-04 0 
   18.357073 1.906329e+21 1.410871e-04 0 
   18.399387 1.903157e+21 1.402053e-04 0 
   18.441798 1.899784e+21 1.393138e-04 0 
   18.484308 1.896340e+21 1.384223e-04 0 
   18.526917 1.892823e+21 1.375309e-04 0 
   18.569622 1.889233e+21 1.366394e-04 0 
   18.612427 1.885570e+21 1.357479e-04 0 
   18.655348 1.882648e+21 1.349146e-04 0 
   18.698352 1.879655e+21 1.340812e-04 0 
   18.741452 1.876457e+21 1.332382e-04 0 
   18.784653 1.873190e+21 1.323951e-04 0 
   18.827952 1.869991e+21 1.315618e-04 0 
   18.871353 1.866446e+21 1.307091e-04 0 
   18.914873 1.862970e+21 1.298660e-04 0 
   18.958473 1.859420e+21 1.290230e-04 0 
   19.002173 1.856077e+21 1.281994e-04 0 
   19.045977 1.853227e+21 1.274144e-04 0 
   19.089878 1.850170e+21 1.266199e-04 0 
   19.133881 1.847046e+21 1.258253e-04 0 
   19.177986 1.843853e+21 1.250307e-04 0 
   19.222214 1.840452e+21 1.242264e-04 0 
   19.266523 1.837120e+21 1.234318e-04 0 
   19.310934 1.833573e+21 1.226276e-04 0 
   19.355445 1.829954e+21 1.218233e-04 0 
   19.400061 1.826994e+21 1.210675e-04 0 
   19.444781 1.824115e+21 1.203213e-04 0 
   19.489623 1.821174e+21 1.195752e-04 0 
   19.534548 1.818015e+21 1.188194e-04 0 
   19.579577 1.814788e+21 1.180636e-04 0 
   19.624709 1.811493e+21 1.173077e-04 0 
   19.669945 1.808128e+21 1.165519e-04 0 
   19.715286 1.804694e+21 1.157961e-04 0 
   19.760731 1.801341e+21 1.150499e-04 0 
   19.806302 1.798532e+21 1.143426e-04 0 
   19.851956 1.795503e+21 1.136255e-04 0 
   19.897719 1.792560e+21 1.129181e-04 0 
   19.943583 1.789398e+21 1.122011e-04 0 
   19.989555 1.786324e+21 1.114937e-04 0 
   20.035633 1.783027e+21 1.107766e-04 0 
   20.081839 1.779665e+21 1.100596e-04 0 
   20.128128 1.776073e+21 1.093328e-04 0 
   20.174523 1.773201e+21 1.086545e-04 0 
   20.221030 1.770264e+21 1.079762e-04 0 
   20.267639 1.767422e+21 1.073076e-04 0 
   20.314358 1.764356e+21 1.066293e-04 0 
   20.361184 1.761385e+21 1.059607e-04 0 
   20.408141 1.758191e+21 1.052824e-04 0 
   20.455181 1.754926e+21 1.046041e-04 0 
   20.502333 1.751430e+21 1.039161e-04 0 
   20.549592 1.748193e+21 1.032475e-04 0 
   20.596961 1.745383e+21 1.026079e-04 0 
   20.644438 1.742675e+21 1.019781e-04 0 
   20.692027 1.739739e+21 1.013385e-04 0 
   20.739745 1.736743e+21 1.006990e-04 0 
   20.787552 1.733677e+21 1.000594e-04 0 
   20.835469 1.730378e+21 9.941020e-05 0 
   20.883495 1.727181e+21 9.877067e-05 0 
   20.931631 1.723918e+21 9.813113e-05 0 
   20.979881 1.720758e+21 9.750128e-05 0 
   21.028266 1.718052e+21 9.690048e-05 0 
   21.076738 1.715281e+21 9.629969e-05 0 
   21.125320 1.712395e+21 9.569601e-05 0 
   21.174016 1.709411e+21 9.509038e-05 0 
   21.222823 1.706346e+21 9.448378e-05 0 
   21.271744 1.703181e+21 9.387524e-05 0 
   21.320777 1.699933e+21 9.326575e-05 0 
   21.369945 1.696604e+21 9.265528e-05 0 
   21.419205 1.693900e+21 9.208260e-05 0 
   21.468578 1.691188e+21 9.151281e-05 0 
   21.518064 1.688380e+21 9.094110e-05 0 
   21.567664 1.685509e+21 9.036940e-05 0 
   21.617380 1.682540e+21 8.979574e-05 0 
   21.667233 1.679475e+21 8.922016e-05 0 
   21.717177 1.676323e+21 8.864361e-05 0 
   21.767238 1.673088e+21 8.806607e-05 0 
   21.817411 1.670009e+21 8.750018e-05 0 
   21.867702 1.667387e+21 8.696141e-05 0 
   21.918109 1.664686e+21 8.642167e-05 0 
   21.968631 1.661906e+21 8.588097e-05 0 
   22.019295 1.659031e+21 8.533832e-05 0 
   22.070052 1.656071e+21 8.479470e-05 0 
   22.120925 1.653011e+21 8.424916e-05 0 
   22.171914 1.649887e+21 8.370360e-05 0 
   22.223023 1.646660e+21 8.315611e-05 0 
   22.274248 1.643890e+21 8.263480e-05 0 
   22.325616 1.641294e+21 8.212510e-05 0 
   22.377078 1.638597e+21 8.161346e-05 0 
   22.428659 1.635801e+21 8.109989e-05 0 
   22.480359 1.632944e+21 8.058632e-05 0 
   22.532178 1.630007e+21 8.007177e-05 0 
   22.584116 1.626967e+21 7.955530e-05 0 
   22.636175 1.623846e+21 7.903785e-05 0 
   22.688377 1.620704e+21 7.852234e-05 0 
   22.740675 1.618178e+21 7.803977e-05 0 
   22.793094 1.615574e+21 7.755624e-05 0 
   22.845634 1.612891e+21 7.707173e-05 0 
   22.898295 1.610129e+21 7.658626e-05 0 
   22.951077 1.607266e+21 7.609886e-05 0 
   23.003981 1.604322e+21 7.561047e-05 0 
   23.057033 1.601299e+21 7.512113e-05 0 
   23.110181 1.598190e+21 7.463081e-05 0 
   23.163452 1.595372e+21 7.415697e-05 0 
   23.216844 1.592851e+21 7.369960e-05 0 
   23.270359 1.590251e+21 7.324126e-05 0 
   23.324002 1.587572e+21 7.278195e-05 0 
   23.377791 1.584816e+21 7.232167e-05 0 
   23.431677 1.581977e+21 7.186043e-05 0 
   23.485689 1.579035e+21 7.139725e-05 0 
   23.539825 1.576031e+21 7.093406e-05 0 
   23.594084 1.572945e+21 7.046991e-05 0 
   23.648473 1.570427e+21 7.003385e-05 0 
   23.702984 1.567918e+21 6.960071e-05 0 
   23.757645 1.565333e+21 6.916660e-05 0 
   23.812409 1.562644e+21 6.873055e-05 0 
   23.867298 1.559896e+21 6.829449e-05 0 
   23.922316 1.557068e+21 6.785747e-05 0 
   23.977458 1.554158e+21 6.741948e-05 0 
   24.032727 1.551143e+21 6.697956e-05 0 
   24.088152 1.548274e+21 6.654834e-05 0 
   24.143675 1.545862e+21 6.613942e-05 0 
   24.199328 1.543350e+21 6.572856e-05 0 
   24.255109 1.540758e+21 6.531674e-05 0 
   24.311020 1.538110e+21 6.490491e-05 0 
   24.367056 1.535359e+21 6.449115e-05 0 
   24.423225 1.532526e+21 6.407641e-05 0 
   24.479550 1.529637e+21 6.366168e-05 0 
   24.535977 1.526640e+21 6.324501e-05 0 
   24.592534 1.524075e+21 6.284868e-05 0 
   24.649220 1.521667e+21 6.246109e-05 0 
   24.706039 1.519156e+21 6.207154e-05 0 
   24.762989 1.516590e+21 6.168200e-05 0 
   24.820070 1.513920e+21 6.129052e-05 0 
   24.877308 1.511196e+21 6.089905e-05 0 
   24.934653 1.508388e+21 6.050660e-05 0 
   24.992128 1.505472e+21 6.011222e-05 0 
   25.574256 1.479094e+21 5.640092e-05 0 
   26.169972 1.453622e+21 5.293480e-05 0 
   26.779563 1.428453e+21 4.967700e-05 0 
   27.403322 1.403574e+21 4.661495e-05 0 
   28.041641 1.378985e+21 4.373700e-05 0 
   28.694800 1.354652e+21 4.103154e-05 0 
   29.363203 1.330795e+21 3.849468e-05 0 
   30.047144 1.307921e+21 3.613031e-05 0 
   30.747047 1.285302e+21 3.390742e-05 0 
   31.463219 1.262911e+21 3.181727e-05 0 
   32.196106 1.240794e+21 2.985310e-05 0 
   32.946031 1.218930e+21 2.800715e-05 0 
   33.713462 1.197374e+21 2.627360e-05 0 
   34.498731 2.616182e+21 5.482241e-05 0 
