# NGC 3938  
# 
# An Atlas of Galaxy Spectral Energy Distributions from the Ultraviolet to the Mid-Infrared
# Brown et al. (2014)
# http://dx.doi.org/10.5072/03/529D3551F0117
# http://dx.doi.org/10.17909/t9-5bxk-dh29
# 
# The Spectral Energy Distributions of Active Galactic Nuclei
# Brown et al. (2019)
# http://dx.doi.org/10.17909/t9-3dbt-8734
# 
# Column 1: Observed wavelength (um)
# Column 2: L_nu (W/Hz)
# Column 3: f_lam (erg/s/cm2/A)
# Column 4: Source (0 = model, 1 = Optical Spectrun, 2 = Akari, 3 = Spitzer IRS)
# 
  1.0205e-02 3.993242e+11 9.563040e-08 0 
  1.0395e-02 4.856269e+11 1.120857e-07 0 
  1.0588e-02 6.085917e+11 1.353925e-07 0 
  1.0810e-02 7.767806e+11 1.657843e-07 0 
  1.1011e-02 1.189463e+12 2.446774e-07 0 
  1.1398e-02 1.747214e+12 3.354171e-07 0 
  1.1799e-02 2.422639e+12 4.340051e-07 0 
  1.2101e-02 8.115759e+12 1.382239e-06 0 
  1.2498e-02 1.094697e+13 1.747871e-06 0 
  1.2701e-02 1.245461e+13 1.925532e-06 0 
  1.2789e-02 1.340632e+13 2.044245e-06 0 
  1.3087e-02 1.597033e+13 2.325575e-06 0 
  1.3208e-02 1.876260e+13 2.682349e-06 0 
  1.3392e-02 2.090937e+13 2.907680e-06 0 
  1.3703e-02 2.737151e+13 3.635498e-06 0 
  1.3990e-02 3.208586e+13 4.088600e-06 0 
  1.4316e-02 7.150394e+13 8.701278e-06 0 
  1.4683e-02 1.525145e+14 1.764322e-05 0 
  1.5095e-02 1.816927e+14 1.988692e-05 0 
  1.5518e-02 2.184417e+14 2.262354e-05 0 
  1.5916e-02 2.602102e+14 2.561845e-05 0 
  1.6212e-02 2.953304e+14 2.802409e-05 0 
  1.6589e-02 3.502016e+14 3.173761e-05 0 
  1.7015e-02 4.095725e+14 3.528283e-05 0 
  1.7291e-02 4.595360e+14 3.833326e-05 0 
  1.7694e-02 5.312885e+14 4.232284e-05 0 
  1.7982e-02 5.906200e+14 4.555422e-05 0 
  1.8190e-02 6.343314e+14 4.781315e-05 0 
  1.8614e-02 7.283441e+14 5.242684e-05 0 
  1.9091e-02 8.557318e+14 5.855672e-05 0 
  1.9401e-02 9.491597e+14 6.289086e-05 0 
  1.9807e-02 1.072306e+15 6.816757e-05 0 
  2.0222e-02 1.214292e+15 7.405789e-05 0 
  2.0504e-02 1.322283e+15 7.844110e-05 0 
  2.0981e-02 1.466673e+15 8.309549e-05 0 
  2.1619e-02 1.796045e+15 9.583902e-05 0 
  2.2021e-02 2.001326e+15 1.029296e-04 0 
  2.2276e-02 2.134679e+15 1.072888e-04 0 
  2.2690e-02 2.378605e+15 1.152258e-04 0 
  2.3005e-02 3.752355e+15 1.768300e-04 0 
  2.3379e-02 6.626876e+15 3.023803e-04 0 
  2.3979e-02 8.776841e+15 3.806910e-04 0 
  2.4594e-02 9.105348e+15 3.754349e-04 0 
  2.5225e-02 1.033512e+16 4.050882e-04 0 
  2.5694e-02 9.274794e+15 3.503784e-04 0 
  2.5991e-02 1.104941e+16 4.079337e-04 0 
  2.6414e-02 1.211503e+16 4.330646e-04 0 
  2.6905e-02 1.280302e+16 4.411059e-04 0 
  2.7405e-02 1.346879e+16 4.472656e-04 0 
  2.7914e-02 1.420114e+16 4.545434e-04 0 
  2.8368e-02 1.490486e+16 4.619202e-04 0 
  2.9029e-02 1.521630e+16 4.503409e-04 0 
  2.9569e-02 1.634223e+16 4.661595e-04 0 
  3.0118e-02 1.683954e+16 4.629930e-04 0 
  3.0820e-02 1.821023e+16 4.781307e-04 0 
  3.1829e-02 2.033842e+16 5.006884e-04 0 
  3.2797e-02 2.204511e+16 5.111406e-04 0 
  3.3793e-02 2.373055e+16 5.182636e-04 0 
  3.4820e-02 2.554538e+16 5.254740e-04 0 
  3.5713e-02 2.769046e+16 5.414695e-04 0 
  3.6629e-02 3.071245e+16 5.709010e-04 0 
  3.7483e-02 3.291029e+16 5.841972e-04 0 
  3.8533e-02 3.406655e+16 5.722147e-04 0 
  3.9521e-02 3.984020e+16 6.361538e-04 0 
  4.0535e-02 4.563681e+16 6.927099e-04 0 
  4.1384e-02 4.958120e+16 7.220188e-04 0 
  4.2153e-02 5.215841e+16 7.320889e-04 0 
  4.3036e-02 5.575983e+16 7.508516e-04 0 
  4.4140e-02 6.551180e+16 8.385932e-04 0 
  4.5064e-02 7.283321e+16 8.944713e-04 0 
  4.6008e-02 7.661655e+16 9.027185e-04 0 
  4.6971e-02 8.537365e+16 9.650742e-04 0 
  4.7954e-02 9.961468e+16 1.080364e-03 0 
  4.8959e-02 1.026422e+17 1.067966e-03 0 
  4.9984e-02 1.262780e+17 1.260556e-03 0 
    0.050563 1.268580e+17 1.237510e-03 0 
    0.051148 1.816849e+17 1.732040e-03 0 
    0.051979 1.928920e+17 1.780553e-03 0 
    0.052946 2.043195e+17 1.817774e-03 0 
    0.054054 2.024502e+17 1.728061e-03 0 
    0.055059 2.219952e+17 1.826347e-03 0 
    0.055954 2.926357e+17 2.331103e-03 0 
    0.056994 3.470010e+17 2.664213e-03 0 
    0.058054 3.743872e+17 2.770468e-03 0 
    0.058997 4.200644e+17 3.009903e-03 0 
    0.059956 4.114452e+17 2.854586e-03 0 
    0.061070 4.308325e+17 2.881039e-03 0 
    0.062063 5.718960e+17 3.702951e-03 0 
    0.063071 5.988359e+17 3.754437e-03 0 
    0.063948 6.907492e+17 4.212723e-03 0 
    0.064987 7.333762e+17 4.330822e-03 0 
    0.065740 7.367436e+17 4.251610e-03 0 
    0.066501 8.478487e+17 4.781437e-03 0 
    0.067426 9.447451e+17 5.182702e-03 0 
    0.068522 9.126944e+17 4.847991e-03 0 
    0.069475 1.099837e+18 5.682869e-03 0 
    0.070442 1.009992e+18 5.076345e-03 0 
    0.071586 1.307110e+18 6.361394e-03 0 
    0.072582 1.407090e+18 6.661324e-03 0 
    0.073423 1.497359e+18 6.927206e-03 0 
    0.074444 1.564295e+18 7.039726e-03 0 
    0.075480 1.656974e+18 7.253512e-03 0 
    0.076530 1.615557e+18 6.879476e-03 0 
    0.077416 1.872081e+18 7.790399e-03 0 
    0.078493 1.885065e+18 7.630640e-03 0 
    0.079585 2.100459e+18 8.270815e-03 0 
    0.080506 2.250732e+18 8.660914e-03 0 
    0.081438 2.384061e+18 8.965192e-03 0 
    0.082571 2.554549e+18 9.344488e-03 0 
    0.083528 2.240386e+18 8.008574e-03 0 
    0.084495 2.781797e+18 9.717617e-03 0 
    0.085473 2.886201e+18 9.852923e-03 0 
    0.086463 3.114019e+18 1.038860e-02 0 
    0.087464 3.283361e+18 1.070425e-02 0 
    0.088477 3.454001e+18 1.100419e-02 0 
    0.089501 3.625124e+18 1.128661e-02 0 
    0.090538 3.726640e+18 1.133841e-02 0 
    0.091586 3.956543e+18 1.176398e-02 0 
    0.092434 1.087239e+19 3.173641e-02 0 
    0.093504 1.924494e+19 5.489752e-02 0 
    0.094587 3.057173e+19 8.522236e-02 0 
    0.095462 3.947467e+19 1.080324e-01 0 
    0.096567 4.595367e+19 1.229021e-01 0 
    0.097461 1.504253e+19 3.949622e-02 0 
    0.098589 4.288603e+19 1.100412e-01 0 
    0.099501 4.348294e+19 1.095369e-01 0 
    0.100422 5.732189e+19 1.417618e-01 0 
    0.101585 5.705852e+19 1.378979e-01 0 
    0.102525 3.208685e+19 7.613142e-02 0 
    0.103474 4.845327e+19 1.128644e-01 0 
    0.104431 7.679265e+19 1.756132e-01 0 
    0.105397 7.697004e+19 1.728071e-01 0 
    0.106618 6.642302e+19 1.457317e-01 0 
    0.107604 7.661647e+19 1.650295e-01 0 
    0.108600 6.627062e+19 1.401386e-01 0 
    0.109605 8.247560e+19 1.712226e-01 0 
    0.110619 8.115682e+19 1.654101e-01 0 
    0.111386 8.078292e+19 1.623883e-01 0 
    0.112416 7.470001e+19 1.474215e-01 0 
    0.113457 9.043234e+19 1.752095e-01 0 
    0.114506 8.596409e+19 1.635148e-01 0 
    0.115566 9.043170e+19 1.688717e-01 0 
    0.116367 9.317934e+19 1.716154e-01 0 
    0.117444 6.923467e+19 1.251868e-01 0 
    0.118530 9.296468e+19 1.650281e-01 0 
    0.119627 7.452803e+19 1.298846e-01 0 
    0.120456 6.170509e+19 1.060622e-01 0 
    0.121571 4.398663e+19 7.422619e-02 0 
    0.122414 7.435661e+19 1.237525e-01 0 
    0.123546 1.007681e+20 1.646502e-01 0 
    0.124403 1.094753e+20 1.764212e-01 0 
    0.125554 1.089742e+20 1.724086e-01 0 
    0.126424 1.007668e+20 1.572371e-01 0 
    0.127594 1.219866e+20 1.868736e-01 0 
    0.128478 1.277346e+20 1.929956e-01 0 
    0.129369 1.104896e+20 1.646483e-01 0 
    0.130566 1.115116e+20 1.631384e-01 0 
    0.131471 1.319284e+20 1.903596e-01 0 
    0.132382 1.289160e+20 1.834617e-01 0 
    0.133607 1.214289e+20 1.696524e-01 0 
    0.134533 1.375027e+20 1.894742e-01 0 
    0.135466 1.356162e+20 1.843094e-01 0 
    0.136405 1.271516e+20 1.704345e-01 0 
    0.137350 1.322278e+20 1.748083e-01 0 
    0.138621 1.353059e+20 1.756124e-01 0 
    0.139582 1.164992e+20 1.491284e-01 0 
    0.140550 1.189375e+20 1.501598e-01 0 
    0.141524 1.328380e+20 1.654088e-01 0 
    0.142505 1.343746e+20 1.650264e-01 0 
    0.143493 1.375059e+20 1.665545e-01 0 
    0.144155 1.436549e+20 1.724080e-01 0 
    0.144820 1.463258e+20 1.740045e-01 0 
    0.145489 1.436541e+20 1.692599e-01 0 
    0.146497 1.375071e+20 1.597954e-01 0 
    0.147513 1.394196e+20 1.597937e-01 0 
    0.148535 1.426650e+20 1.612711e-01 0 
    0.149565 1.456549e+20 1.623909e-01 0 
    0.150602 1.416841e+20 1.557959e-01 0 
    0.151297 1.313163e+20 1.430720e-01 0 
    0.151645 1.378226e+20 1.494723e-01 0 
    0.152345 1.362453e+20 1.464069e-01 0 
    0.153401 1.225509e+20 1.298843e-01 0 
    0.154465 1.265680e+20 1.323001e-01 0 
    0.155535 1.236854e+20 1.275142e-01 0 
    0.156614 1.313167e+20 1.335228e-01 0 
    0.157336 1.400619e+20 1.411108e-01 0 
    0.158427 1.466643e+20 1.457345e-01 0 
    0.159525 1.511194e+20 1.481014e-01 0 
    0.160631 1.487039e+20 1.437342e-01 0 
    0.161373 1.490460e+20 1.427431e-01 0 
    0.162491 1.459902e+20 1.378991e-01 0 
    0.163617 1.546403e+20 1.440663e-01 0 
    0.164373 1.571523e+20 1.450628e-01 0 
    0.165512 1.514688e+20 1.378989e-01 0 
    0.166659 1.630493e+20 1.464057e-01 0 
    0.167043 1.490461e+20 1.332173e-01 0 
    0.167815 1.683911e+20 1.491262e-01 0 
    0.168589 1.727109e+20 1.515506e-01 0 
    0.169367 1.656993e+20 1.440654e-01 0 
    0.170541 1.630500e+20 1.398169e-01 0 
    0.171328 1.582409e+20 1.344493e-01 0 
    0.172516 1.589732e+20 1.332176e-01 0 
    0.173312 1.687799e+20 1.401393e-01 0 
    0.174514 1.676189e+20 1.372647e-01 0 
    0.175319 1.763263e+20 1.430723e-01 0 
    0.176534 1.672320e+20 1.338317e-01 0 
    0.177349 1.711289e+20 1.356946e-01 0 
    0.178579 1.759227e+20 1.375807e-01 0 
    0.179403 1.850633e+20 1.434027e-01 0 
    0.180646 1.859182e+20 1.420894e-01 0 
    0.181480 1.771410e+20 1.341399e-01 0 
    0.182318 1.804356e+20 1.353816e-01 0 
    0.183582 1.775488e+20 1.313875e-01 0 
    0.184429 1.668491e+20 1.223382e-01 0 
    0.185707 1.707358e+20 1.234709e-01 0 
    0.186565 1.763284e+20 1.263451e-01 0 
    0.187426 1.863474e+20 1.323001e-01 0 
    0.188291 1.759213e+20 1.237530e-01 0 
    0.189596 1.731103e+20 1.201050e-01 0 
    0.190471 1.821039e+20 1.251866e-01 0 
    0.191350 1.787803e+20 1.217753e-01 0 
    0.192677 1.759222e+20 1.181836e-01 0 
    0.193566 1.808513e+20 1.203815e-01 0 
    0.194460 1.911265e+20 1.260540e-01 0 
    0.195357 1.816840e+20 1.187286e-01 0 
    0.196711 1.973883e+20 1.272215e-01 0 
    0.197619 2.029193e+20 1.295873e-01 0 
    0.198532 1.960277e+20 1.240375e-01 0 
    0.199448 1.928947e+20 1.209365e-01 0 
    0.200368 1.978413e+20 1.229014e-01 0 
    0.201293 1.955786e+20 1.203817e-01 0 
    0.202689 2.024508e+20 1.229011e-01 0 
    0.203624 1.973875e+20 1.187294e-01 0 
    0.204564 2.043234e+20 1.217744e-01 0 
    0.205508 1.915671e+20 1.131254e-01 0 
    0.206457 1.969341e+20 1.152280e-01 0 
    0.207410 2.144491e+20 1.243258e-01 0 
    0.207888 2.105327e+20 1.214946e-01 0 
    0.208367 2.174329e+20 1.249004e-01 0 
    0.209329 2.090843e+20 1.190033e-01 0 
    0.210295 2.115059e+20 1.192782e-01 0 
    0.211266 2.159341e+20 1.206586e-01 0 
    0.212730 2.194417e+20 1.209367e-01 0 
    0.213712 2.090847e+20 1.141723e-01 0 
    0.214699 2.159342e+20 1.168309e-01 0 
    0.215690 2.230080e+20 1.195520e-01 0 
    0.216685 2.174303e+20 1.154938e-01 0 
    0.217685 2.184339e+20 1.149634e-01 0 
    0.218690 2.194417e+20 1.144347e-01 0 
    0.219700 2.292566e+20 1.184563e-01 0 
    0.220714 2.250711e+20 1.152276e-01 0 
    0.221732 2.159330e+20 1.095365e-01 0 
    0.222756 2.144464e+20 1.077845e-01 0 
    0.223269 2.282034e+20 1.141725e-01 0 
    0.224300 2.219815e+20 1.100410e-01 0 
    0.225335 2.139550e+20 1.050900e-01 0 
    0.226375 2.179325e+20 1.060624e-01 0 
    0.227420 2.245546e+20 1.082832e-01 0 
    0.228470 2.324447e+20 1.110600e-01 0 
    0.229525 2.210183e+20 1.046321e-01 0 
    0.230584 2.276295e+20 1.067743e-01 0 
    0.231648 2.213255e+20 1.028657e-01 0 
    0.232718 1.887246e+20 8.690904e-02 0 
    0.233254 2.095246e+20 9.604469e-02 0 
    0.234331 2.023200e+20 9.189157e-02 0 
    0.235412 2.222536e+20 1.000203e-01 0 
    0.236499 2.058991e+20 9.181049e-02 0 
    0.237591 2.145229e+20 9.477856e-02 0 
    0.238687 1.991995e+20 8.720215e-02 0 
    0.239238 2.107118e+20 9.181741e-02 0 
    0.240342 2.072603e+20 8.948562e-02 0 
    0.241451 2.134694e+20 9.132170e-02 0 
    0.242566 2.312879e+20 9.803691e-02 0 
    0.243685 2.264520e+20 9.510755e-02 0 
    0.244247 2.384484e+20 9.968560e-02 0 
    0.245375 2.389038e+20 9.895980e-02 0 
    0.246507 2.377128e+20 9.756418e-02 0 
    0.247645 2.316773e+20 9.421518e-02 0 
    0.248216 2.303037e+20 9.322619e-02 0 
    0.249362 2.168383e+20 8.697047e-02 0 
    0.250513 2.500223e+20 9.936070e-02 0 
    0.251090 2.199868e+20 8.702305e-02 0 
    0.251669 2.227484e+20 8.771052e-02 0 
    0.252249 2.188947e+20 8.579712e-02 0 
    0.253413 2.270276e+20 8.816929e-02 0 
    0.254583 2.279978e+20 8.773407e-02 0 
    0.255758 2.493315e+20 9.506378e-02 0 
    0.256348 2.405466e+20 9.129264e-02 0 
    0.257531 2.558878e+20 9.622480e-02 0 
    0.258720 2.546264e+20 9.487241e-02 0 
    0.259316 2.508025e+20 9.301859e-02 0 
    0.260513 2.444517e+20 8.983193e-02 0 
    0.261715 2.415773e+20 8.796207e-02 0 
    0.262319 2.567344e+20 9.305101e-02 0 
    0.263530 2.750060e+20 9.875940e-02 0 
    0.264746 3.049396e+20 1.085054e-01 0 
    0.265356 3.218403e+20 1.139932e-01 0 
    0.266581 2.880793e+20 1.010998e-01 0 
    0.267196 3.026544e+20 1.057264e-01 0 
    0.268429 3.110420e+20 1.076605e-01 0 
    0.269668 2.915358e+20 9.998378e-02 0 
    0.270290 3.055837e+20 1.043198e-01 0 
    0.271537 2.870830e+20 9.710596e-02 0 
    0.272791 2.850319e+20 9.552780e-02 0 
    0.273419 3.008333e+20 1.003610e-01 0 
    0.274682 2.607435e+20 8.618853e-02 0 
    0.275315 2.733107e+20 8.992766e-02 0 
    0.276586 2.907688e+20 9.479465e-02 0 
    0.277223 3.040824e+20 9.868001e-02 0 
    0.278503 2.791759e+20 8.976658e-02 0 
    0.279788 2.263446e+20 7.211215e-02 0 
    0.280433 2.411096e+20 7.646324e-02 0 
    0.281728 3.076907e+20 9.668315e-02 0 
    0.282377 3.354022e+20 1.049068e-01 0 
    0.283680 3.284453e+20 1.017893e-01 0 
    0.284334 3.154364e+20 9.730848e-02 0 
    0.285647 2.922897e+20 8.934097e-02 0 
    0.286305 3.421885e+20 1.041128e-01 0 
    0.287627 3.565952e+20 1.075010e-01 0 
    0.288290 3.512626e+20 1.054069e-01 0 
    0.289621 3.610274e+20 1.073437e-01 0 
    0.290957 4.049991e+20 1.193144e-01 0 
    0.292974 3.906811e+20 1.135170e-01 0 
    0.295005 3.874342e+20 1.110288e-01 0 
    0.297050 4.023302e+20 1.137156e-01 0 
    0.299109 4.092336e+20 1.140798e-01 0 
    0.301182 4.201078e+20 1.155046e-01 0 
    0.303270 4.293028e+20 1.164130e-01 0 
    0.304670 4.382256e+20 1.177429e-01 0 
    0.306782 4.509249e+20 1.194926e-01 0 
    0.308908 4.586823e+20 1.198809e-01 0 
    0.311049 4.752605e+20 1.225097e-01 0 
    0.313206 4.713626e+20 1.198371e-01 0 
    0.314651 4.767645e+20 1.200998e-01 0 
    0.316832 4.940033e+20 1.227349e-01 0 
    0.319029 4.700813e+20 1.151885e-01 0 
    0.321240 4.995906e+20 1.207401e-01 0 
    0.322723 4.715988e+20 1.129300e-01 0 
    0.324960 5.333657e+20 1.259684e-01 0 
    0.327212 5.747462e+20 1.338795e-01 0 
    0.328722 5.747159e+20 1.326454e-01 0 
    0.331001 5.766491e+20 1.312652e-01 0 
    0.332529 5.766219e+20 1.300554e-01 0 
    0.333295 6.017042e+20 1.350896e-01 0 
    0.334064 5.595994e+20 1.250588e-01 0 
    0.334834 6.344043e+20 1.411248e-01 0 
    0.335606 6.107450e+20 1.352374e-01 0 
    0.336380 5.192190e+20 1.144423e-01 0 
    0.337155 5.418020e+20 1.188715e-01 0 
    0.337932 6.227856e+20 1.360117e-01 0 
    0.338711 6.135182e+20 1.333722e-01 0 
    0.339492 5.933650e+20 1.283983e-01 0 
    0.340274 6.758061e+20 1.455664e-01 0 
    0.341059 5.974650e+20 1.281002e-01 0 
    0.341845 5.967821e+20 1.273661e-01 0 
    0.342633 6.285069e+20 1.335205e-01 0 
    0.343423 6.804645e+20 1.438942e-01 0 
    0.344215 6.029831e+20 1.269235e-01 0 
    0.345008 6.321218e+20 1.324460e-01 0 
    0.345803 6.431352e+20 1.341347e-01 0 
    0.346601 6.292233e+20 1.306296e-01 0 
    0.347400 6.703486e+20 1.385280e-01 0 
    0.348201 6.234508e+20 1.282445e-01 0 
    0.349003 6.765606e+20 1.385303e-01 0 
    0.349808 6.163241e+20 1.256163e-01 0 
    0.350614 6.907307e+20 1.401350e-01 0 
    0.351422 6.394596e+20 1.291373e-01 0 
    0.352233 6.955334e+20 1.398152e-01 0 
    0.353044 6.380032e+20 1.276620e-01 0 
    0.353858 7.117485e+20 1.417637e-01 0 
    0.354674 7.308604e+20 1.449013e-01 0 
    0.355492 7.350854e+20 1.450690e-01 0 
    0.356311 7.142447e+20 1.403088e-01 0 
    0.357132 6.461794e+20 1.263549e-01 0 
    0.357956 6.604891e+20 1.285591e-01 0 
    0.358781 5.934359e+20 1.149771e-01 0 
    0.359608 6.884601e+20 1.327751e-01 0 
    0.360329 1.392805e+21 2.675397e-01 1 
    0.360604 8.590856e+20 1.647676e-01 1 
    0.360878 1.180501e+21 2.260695e-01 1 
    0.361152 6.893893e+20 1.318199e-01 1 
    0.361427 5.398957e+20 1.030778e-01 1 
    0.361701 3.096743e+20 5.903399e-02 1 
    0.361975 7.061067e+19 1.344032e-02 1 
    0.362249 3.308095e+20 6.287240e-02 1 
    0.362524 -1.703598e+19 -3.232883e-03 1 
    0.362798 3.453323e+20 6.543407e-02 1 
    0.363072 -8.625563e+19 -1.631918e-02 1 
    0.363346 4.636777e+20 8.759351e-02 1 
    0.363621 8.098140e+20 1.527509e-01 1 
    0.363895 -4.126833e+20 -7.772509e-02 1 
    0.364169 1.433398e+20 2.695612e-02 1 
    0.364443 6.185081e+20 1.161402e-01 1 
    0.364718 4.107481e+20 7.701186e-02 1 
    0.364992 4.345011e+20 8.134308e-02 1 
    0.365266 8.648324e+20 1.616627e-01 1 
    0.365540 1.347875e+21 2.515800e-01 1 
    0.365815 6.341179e+20 1.181799e-01 1 
    0.366089 8.906102e+20 1.657337e-01 1 
    0.366363 1.434496e+21 2.665463e-01 1 
    0.366637 2.009688e+20 3.728657e-02 1 
    0.366912 1.914853e+20 3.547382e-02 1 
    0.367186 9.626352e+20 1.780680e-01 1 
    0.367460 6.448989e+20 1.191154e-01 1 
    0.367734 8.498754e+20 1.567415e-01 1 
    0.368009 6.450414e+20 1.187865e-01 1 
    0.368283 1.007649e+21 1.852860e-01 1 
    0.368557 6.884802e+20 1.264092e-01 1 
    0.368832 5.112155e+20 9.372236e-02 1 
    0.369106 6.986969e+20 1.279037e-01 1 
    0.369380 8.374584e+20 1.530781e-01 1 
    0.369654 6.152332e+20 1.122911e-01 1 
    0.369929 1.328522e+21 2.421187e-01 1 
    0.370203 9.554624e+20 1.738722e-01 1 
    0.370477 1.081690e+21 1.965516e-01 1 
    0.370751 1.262099e+21 2.289946e-01 1 
    0.371026 1.606864e+20 2.911166e-02 1 
    0.371300 2.615004e+20 4.730629e-02 1 
    0.371574 8.816382e+20 1.592561e-01 1 
    0.371848 5.637336e+20 1.016809e-01 1 
    0.372123 6.452292e+20 1.162084e-01 1 
    0.372397 4.813527e+20 8.656604e-02 1 
    0.372671 1.796787e+21 3.226575e-01 1 
    0.372945 1.046816e+21 1.877056e-01 1 
    0.373220 1.369105e+21 2.451339e-01 1 
    0.373494 3.754669e+20 6.712755e-02 1 
    0.373768 1.437753e+21 2.566709e-01 1 
    0.374042 6.598137e+20 1.176189e-01 1 
    0.374317 4.513162e+20 8.033380e-02 1 
    0.374591 7.320503e+20 1.301136e-01 1 
    0.374865 8.441439e+20 1.498177e-01 1 
    0.375140 8.215617e+20 1.455962e-01 1 
    0.375414 1.168862e+21 2.068420e-01 1 
    0.375688 6.174790e+20 1.091099e-01 1 
    0.375962 -5.956453e+19 -1.050984e-02 1 
    0.376237 3.745048e+20 6.598281e-02 1 
    0.376511 8.219658e+20 1.446088e-01 1 
    0.376785 9.386445e+20 1.648961e-01 1 
    0.377059 1.181395e+21 2.072397e-01 1 
    0.377334 5.032281e+20 8.814739e-02 1 
    0.377608 5.953695e+20 1.041359e-01 1 
    0.377882 9.165295e+20 1.600776e-01 1 
    0.378156 5.189342e+20 9.050378e-02 1 
    0.378431 1.363440e+21 2.374429e-01 1 
    0.378705 9.626026e+20 1.673946e-01 1 
    0.378979 1.024341e+21 1.778732e-01 1 
    0.379253 1.083672e+21 1.879042e-01 1 
    0.379528 5.261559e+20 9.110103e-02 1 
    0.379802 6.616714e+20 1.143995e-01 1 
    0.380076 1.038405e+21 1.792760e-01 1 
    0.380350 1.044857e+21 1.801302e-01 1 
    0.380625 1.287007e+21 2.215557e-01 1 
    0.380899 6.313558e+20 1.085303e-01 1 
    0.381173 1.060384e+21 1.820185e-01 1 
    0.381447 6.908423e+20 1.184151e-01 1 
    0.381722 8.253301e+20 1.412634e-01 1 
    0.381996 7.530611e+20 1.287090e-01 1 
    0.382270 1.032276e+21 1.761781e-01 1 
    0.382545 8.044634e+20 1.371001e-01 1 
    0.382819 5.756441e+20 9.796332e-02 1 
    0.383093 5.362793e+20 9.113371e-02 1 
    0.383367 4.099430e+20 6.956495e-02 1 
    0.383642 5.799963e+20 9.828097e-02 1 
    0.383916 8.697343e+20 1.471671e-01 1 
    0.384190 5.623914e+20 9.502613e-02 1 
    0.384464 6.320920e+20 1.066511e-01 1 
    0.384739 7.147837e+20 1.204311e-01 1 
    0.385013 8.763109e+20 1.474361e-01 1 
    0.385287 4.718180e+20 7.926879e-02 1 
    0.385561 5.398655e+20 9.057239e-02 1 
    0.385836 1.371844e+21 2.298242e-01 1 
    0.386110 9.158994e+20 1.532224e-01 1 
    0.386384 8.193966e+20 1.368839e-01 1 
    0.386658 1.032919e+21 1.723093e-01 1 
    0.386933 6.015866e+20 1.002128e-01 1 
    0.387207 5.964596e+20 9.921814e-02 1 
    0.387481 9.536098e+20 1.584041e-01 1 
    0.387755 1.055223e+21 1.750354e-01 1 
    0.388030 8.972913e+20 1.486275e-01 1 
    0.388304 6.485896e+20 1.072810e-01 1 
    0.388578 4.368370e+20 7.215384e-02 1 
    0.388852 6.565858e+20 1.082977e-01 1 
    0.389127 1.149490e+21 1.893298e-01 1 
    0.389401 9.207022e+20 1.514333e-01 1 
    0.389675 8.766025e+20 1.439773e-01 1 
    0.389950 1.342144e+21 2.201293e-01 1 
    0.390224 1.383164e+21 2.265386e-01 1 
    0.390498 1.091806e+21 1.785682e-01 1 
    0.390772 7.698114e+20 1.257286e-01 1 
    0.391047 8.618949e+20 1.405701e-01 1 
    0.391321 8.742780e+20 1.423901e-01 1 
    0.391595 6.752381e+20 1.098194e-01 1 
    0.391869 8.801433e+20 1.429447e-01 1 
    0.392144 8.589342e+20 1.393045e-01 1 
    0.392418 1.132230e+21 1.833722e-01 1 
    0.392692 9.730792e+20 1.573767e-01 1 
    0.392966 1.050721e+21 1.696969e-01 1 
    0.393241 6.299471e+20 1.015975e-01 1 
    0.393515 6.523936e+20 1.050712e-01 1 
    0.393789 1.284627e+21 2.066077e-01 1 
    0.394063 8.782013e+20 1.410455e-01 1 
    0.394338 9.628358e+20 1.544228e-01 1 
    0.394612 1.119756e+21 1.793408e-01 1 
    0.394886 9.318328e+20 1.490359e-01 1 
    0.395160 1.420869e+21 2.269366e-01 1 
    0.395435 1.267654e+21 2.021840e-01 1 
    0.395709 1.106222e+21 1.761923e-01 1 
    0.395983 1.020718e+21 1.623488e-01 1 
    0.396258 1.162566e+21 1.846536e-01 1 
    0.396532 7.303870e+20 1.158492e-01 1 
    0.396806 6.932828e+20 1.098122e-01 1 
    0.397080 8.667033e+20 1.370916e-01 1 
    0.397355 3.695165e+20 5.836775e-02 1 
    0.397629 2.707387e+20 4.270618e-02 1 
    0.397903 1.163073e+21 1.832099e-01 1 
    0.398177 9.608351e+20 1.511447e-01 1 
    0.398452 1.312239e+21 2.061377e-01 1 
    0.398726 1.284009e+21 2.014259e-01 1 
    0.399000 1.322654e+21 2.072034e-01 1 
    0.399274 1.385636e+21 2.167722e-01 1 
    0.399549 1.284806e+21 2.007216e-01 1 
    0.399823 9.592348e+20 1.496531e-01 1 
    0.400097 1.144555e+21 1.783210e-01 1 
    0.400371 1.427260e+21 2.220620e-01 1 
    0.400646 9.517646e+20 1.478783e-01 1 
    0.400920 6.448889e+20 1.000612e-01 1 
    0.401194 1.589262e+21 2.462538e-01 1 
    0.401468 1.270465e+21 1.965881e-01 1 
    0.401743 1.454929e+21 2.248234e-01 1 
    0.402017 1.783327e+21 2.751938e-01 1 
    0.402291 1.475892e+21 2.274418e-01 1 
    0.402565 1.001205e+21 1.540804e-01 1 
    0.402840 1.285737e+21 1.975984e-01 1 
    0.403114 1.487464e+21 2.282901e-01 1 
    0.403388 1.680548e+21 2.575737e-01 1 
    0.403663 1.614421e+21 2.471015e-01 1 
    0.403937 1.218574e+21 1.862607e-01 1 
    0.404211 1.679959e+21 2.564360e-01 1 
    0.404485 1.418487e+21 2.162304e-01 1 
    0.404760 1.398708e+21 2.129259e-01 1 
    0.405034 1.128642e+21 1.715812e-01 1 
    0.405308 1.690042e+21 2.565805e-01 1 
    0.405582 1.134154e+21 1.719535e-01 1 
    0.405857 1.090557e+21 1.651196e-01 1 
    0.406131 1.164160e+21 1.760261e-01 1 
    0.406405 1.023013e+21 1.544755e-01 1 
    0.406679 1.189911e+21 1.794351e-01 1 
    0.406954 1.347138e+21 2.028700e-01 1 
    0.407228 1.698888e+21 2.554970e-01 1 
    0.407502 8.461046e+20 1.270753e-01 1 
    0.407776 6.170375e+20 9.254750e-02 1 
    0.408051 1.654895e+21 2.478780e-01 1 
    0.408325 1.495271e+21 2.236682e-01 1 
    0.408599 1.358175e+21 2.028886e-01 1 
    0.408873 1.470852e+21 2.194262e-01 1 
    0.409148 8.824592e+20 1.314711e-01 1 
    0.409422 1.264392e+21 1.881204e-01 1 
    0.409696 1.012031e+21 1.503719e-01 1 
    0.409970 1.298808e+21 1.927246e-01 1 
    0.410245 1.074281e+21 1.591944e-01 1 
    0.410519 7.360505e+20 1.089275e-01 1 
    0.410793 1.177581e+21 1.740369e-01 1 
    0.411068 1.629917e+21 2.405661e-01 1 
    0.411342 1.171015e+21 1.726048e-01 1 
    0.411616 1.308274e+21 1.925797e-01 1 
    0.411890 1.673782e+21 2.460554e-01 1 
    0.412165 1.303893e+21 1.914239e-01 1 
    0.412439 1.713830e+21 2.512723e-01 1 
    0.412713 1.340164e+21 1.962267e-01 1 
    0.412987 1.543070e+21 2.256365e-01 1 
    0.413262 1.014775e+21 1.481888e-01 1 
    0.413536 1.411247e+21 2.058130e-01 1 
    0.413810 1.743095e+21 2.538725e-01 1 
    0.414084 1.719341e+21 2.500815e-01 1 
    0.414359 1.903326e+21 2.764752e-01 1 
    0.414633 1.589118e+21 2.305287e-01 1 
    0.414907 1.177272e+21 1.705578e-01 1 
    0.415181 1.139286e+21 1.648368e-01 1 
    0.415456 1.157884e+21 1.673060e-01 1 
    0.415730 1.484563e+21 2.142262e-01 1 
    0.416004 1.524732e+21 2.197328e-01 1 
    0.416278 1.560487e+21 2.245896e-01 1 
    0.416553 1.558273e+21 2.239749e-01 1 
    0.416827 1.581833e+21 2.270624e-01 1 
    0.417101 1.866770e+21 2.676116e-01 1 
    0.417376 1.714119e+21 2.454045e-01 1 
    0.417650 1.848450e+21 2.642890e-01 1 
    0.417924 1.747075e+21 2.494672e-01 1 
    0.418198 1.198187e+21 1.708667e-01 1 
    0.418473 1.059657e+21 1.509130e-01 1 
    0.418747 1.675897e+21 2.383638e-01 1 
    0.419021 1.573745e+21 2.235420e-01 1 
    0.419295 1.517391e+21 2.152556e-01 1 
    0.419570 1.120041e+21 1.586798e-01 1 
    0.419844 1.298065e+21 1.836610e-01 1 
    0.420118 1.484894e+21 2.098211e-01 1 
    0.420392 1.432334e+21 2.021305e-01 1 
    0.420667 1.580493e+21 2.227472e-01 1 
    0.420941 1.383998e+21 1.948002e-01 1 
    0.421215 1.283594e+21 1.804333e-01 1 
    0.421489 1.207578e+21 1.695272e-01 1 
    0.421764 1.336747e+21 1.874160e-01 1 
    0.422038 1.626530e+21 2.277484e-01 1 
    0.422312 1.710883e+21 2.392489e-01 1 
    0.422586 1.854012e+21 2.589279e-01 1 
    0.422861 1.706270e+21 2.379847e-01 1 
    0.423135 1.591189e+21 2.216462e-01 1 
    0.423409 1.445179e+21 2.010472e-01 1 
    0.423683 1.252344e+21 1.739955e-01 1 
    0.423958 1.546380e+21 2.145690e-01 1 
    0.424232 1.639186e+21 2.271527e-01 1 
    0.424506 1.480332e+21 2.048746e-01 1 
    0.424781 1.246469e+21 1.722851e-01 1 
    0.425055 1.452641e+21 2.005232e-01 1 
    0.425329 1.874227e+21 2.583858e-01 1 
    0.425603 1.551720e+21 2.136488e-01 1 
    0.425878 1.218805e+21 1.675948e-01 1 
    0.426152 1.179004e+21 1.619134e-01 1 
    0.426426 1.321052e+21 1.811879e-01 1 
    0.426700 1.247336e+21 1.708577e-01 1 
    0.426975 1.201232e+21 1.643306e-01 1 
    0.427249 1.290847e+21 1.763637e-01 1 
    0.427523 1.426958e+21 1.947102e-01 1 
    0.427797 1.255546e+21 1.711014e-01 1 
    0.428072 1.206590e+21 1.642187e-01 1 
    0.428346 1.480403e+21 2.012274e-01 1 
    0.428620 1.520867e+21 2.064632e-01 1 
    0.428894 1.270476e+21 1.722515e-01 1 
    0.429169 1.296247e+21 1.755204e-01 1 
    0.429443 1.349289e+21 1.824695e-01 1 
    0.429717 1.077642e+21 1.455479e-01 1 
    0.429991 1.209956e+21 1.632101e-01 1 
    0.430266 1.189106e+21 1.601928e-01 1 
    0.430540 1.258519e+21 1.693282e-01 1 
    0.430814 1.325231e+21 1.780773e-01 1 
    0.431088 1.370411e+21 1.839143e-01 1 
    0.431363 1.694889e+21 2.271705e-01 1 
    0.431637 1.731301e+21 2.317564e-01 1 
    0.431911 1.600623e+21 2.139918e-01 1 
    0.432186 1.530995e+21 2.044226e-01 1 
    0.432460 1.321891e+21 1.762788e-01 1 
    0.432734 1.346829e+21 1.793770e-01 1 
    0.433008 1.352038e+21 1.798430e-01 1 
    0.433283 1.436853e+21 1.908823e-01 1 
    0.433557 1.445476e+21 1.917852e-01 1 
    0.433831 1.421556e+21 1.883732e-01 1 
    0.434105 1.401255e+21 1.854488e-01 1 
    0.434380 1.398245e+21 1.848163e-01 1 
    0.434654 1.256208e+21 1.658329e-01 1 
    0.434928 1.150795e+21 1.517259e-01 1 
    0.435202 1.253732e+21 1.650895e-01 1 
    0.435477 1.352218e+21 1.778331e-01 1 
    0.435751 1.392930e+21 1.829570e-01 1 
    0.436025 1.489920e+21 1.954504e-01 1 
    0.436299 1.396163e+21 1.829213e-01 1 
    0.436574 1.509813e+21 1.975623e-01 1 
    0.436848 1.740063e+21 2.274054e-01 1 
    0.437122 2.061901e+21 2.691280e-01 1 
    0.437396 1.743882e+21 2.273337e-01 1 
    0.437671 1.516717e+21 1.974720e-01 1 
    0.437945 1.449061e+21 1.884273e-01 1 
    0.438219 1.487715e+21 1.932118e-01 1 
    0.438494 1.505584e+21 1.952873e-01 1 
    0.438768 1.305938e+21 1.691800e-01 1 
    0.439042 1.032868e+21 1.336377e-01 1 
    0.439316 1.326068e+21 1.713595e-01 1 
    0.439591 1.336719e+21 1.725198e-01 1 
    0.439865 1.321566e+21 1.703517e-01 1 
    0.440139 1.690514e+21 2.176384e-01 1 
    0.440413 1.456876e+21 1.873263e-01 1 
    0.440688 1.270703e+21 1.631842e-01 1 
    0.440962 1.541303e+21 1.976888e-01 1 
    0.441236 1.569434e+21 2.010470e-01 1 
    0.441510 1.590576e+21 2.035026e-01 1 
    0.441785 1.665314e+21 2.127996e-01 1 
    0.442059 1.459579e+21 1.862788e-01 1 
    0.442333 1.714634e+21 2.185592e-01 1 
    0.442607 1.597923e+21 2.034304e-01 1 
    0.442882 1.296479e+21 1.648489e-01 1 
    0.443156 1.417075e+21 1.799601e-01 1 
    0.443430 1.313670e+21 1.666221e-01 1 
    0.443704 1.516783e+21 1.921468e-01 1 
    0.443979 1.517374e+21 1.919837e-01 1 
    0.444253 1.720264e+21 2.173856e-01 1 
    0.444527 1.730971e+21 2.184690e-01 1 
    0.444801 1.813168e+21 2.285614e-01 1 
    0.445076 1.832182e+21 2.306730e-01 1 
    0.445350 1.505800e+21 1.893481e-01 1 
    0.445624 1.438368e+21 1.806464e-01 1 
    0.445899 1.637751e+21 2.054335e-01 1 
    0.446173 1.937775e+21 2.427690e-01 1 
    0.446447 1.643514e+21 2.056507e-01 1 
    0.446721 1.839543e+21 2.298972e-01 1 
    0.446996 1.677929e+21 2.094415e-01 1 
    0.447270 1.560807e+21 1.945835e-01 1 
    0.447544 1.460212e+21 1.818197e-01 1 
    0.447818 1.886333e+21 2.345912e-01 1 
    0.448093 2.135299e+21 2.652276e-01 1 
    0.448367 1.460784e+21 1.812238e-01 1 
    0.448641 1.624885e+21 2.013359e-01 1 
    0.448915 1.758312e+21 2.176026e-01 1 
    0.449190 1.494048e+21 1.846719e-01 1 
    0.449464 1.589465e+21 1.962265e-01 1 
    0.449738 1.826697e+21 2.252392e-01 1 
    0.450012 1.970391e+21 2.426613e-01 1 
    0.450287 1.560211e+21 1.919114e-01 1 
    0.450561 1.347134e+21 1.655008e-01 1 
    0.450835 2.062792e+21 2.531143e-01 1 
    0.451109 1.750646e+21 2.145516e-01 1 
    0.451384 1.792597e+21 2.194254e-01 1 
    0.451658 2.124228e+21 2.597037e-01 1 
    0.451932 1.944954e+21 2.374978e-01 1 
    0.452206 1.896689e+21 2.313236e-01 1 
    0.452481 1.861939e+21 2.268094e-01 1 
    0.452755 2.047159e+21 2.490700e-01 1 
    0.453029 1.632610e+21 1.983933e-01 1 
    0.453304 1.616589e+21 1.962081e-01 1 
    0.453578 1.369092e+21 1.659683e-01 1 
    0.453852 1.988054e+21 2.407111e-01 1 
    0.454126 1.704870e+21 2.061745e-01 1 
    0.454401 1.782710e+21 2.153271e-01 1 
    0.454675 1.735778e+21 2.094057e-01 1 
    0.454949 1.791661e+21 2.158872e-01 1 
    0.455223 2.094743e+21 2.521034e-01 1 
    0.455498 1.857262e+21 2.232527e-01 1 
    0.455772 1.669880e+21 2.004871e-01 1 
    0.456046 1.581860e+21 1.896912e-01 1 
    0.456320 1.289289e+21 1.544215e-01 1 
    0.456595 1.367082e+21 1.635417e-01 1 
    0.456869 1.920439e+21 2.294635e-01 1 
    0.457143 2.072057e+21 2.472828e-01 1 
    0.457417 1.815548e+21 2.164111e-01 1 
    0.457692 1.791188e+21 2.132510e-01 1 
    0.457966 1.894905e+21 2.253292e-01 1 
    0.458240 1.940497e+21 2.304748e-01 1 
    0.458514 1.360142e+21 1.613524e-01 1 
    0.458789 2.126465e+21 2.519583e-01 1 
    0.459063 1.611859e+21 1.907563e-01 1 
    0.459337 1.706189e+21 2.016790e-01 1 
    0.459612 1.634980e+21 1.930306e-01 1 
    0.459886 1.700162e+21 2.004871e-01 1 
    0.460160 1.735759e+21 2.044411e-01 1 
    0.460434 1.990891e+21 2.342120e-01 1 
    0.460709 1.795212e+21 2.109400e-01 1 
    0.460983 2.045171e+21 2.400248e-01 1 
    0.461257 1.647633e+21 1.931394e-01 1 
    0.461531 1.873177e+21 2.193177e-01 1 
    0.461806 1.749585e+21 2.046032e-01 1 
    0.462080 1.642079e+21 1.918033e-01 1 
    0.462354 1.889611e+21 2.204548e-01 1 
    0.462628 1.779219e+21 2.073300e-01 1 
    0.462903 1.725023e+21 2.007758e-01 1 
    0.463177 1.614943e+21 1.877412e-01 1 
    0.463451 1.593533e+21 1.850334e-01 1 
    0.463725 1.769766e+21 2.052538e-01 1 
    0.464000 1.788536e+21 2.071849e-01 1 
    0.464274 1.793459e+21 2.075101e-01 1 
    0.464548 1.953672e+21 2.257808e-01 1 
    0.464822 1.611893e+21 1.860626e-01 1 
    0.465097 2.395326e+21 2.761684e-01 1 
    0.465371 1.735160e+21 1.998192e-01 1 
    0.465645 2.114218e+21 2.431847e-01 1 
    0.465919 1.790009e+21 2.056511e-01 1 
    0.466194 2.417180e+21 2.773780e-01 1 
    0.466468 1.829825e+21 2.097308e-01 1 
    0.466742 1.625550e+21 1.860986e-01 1 
    0.467017 2.152897e+21 2.461809e-01 1 
    0.467291 1.900936e+21 2.171146e-01 1 
    0.467565 1.767860e+21 2.016789e-01 1 
    0.467839 1.776589e+21 2.024373e-01 1 
    0.468114 2.080538e+21 2.367930e-01 1 
    0.468388 1.773611e+21 2.016245e-01 1 
    0.468662 1.892393e+21 2.148762e-01 1 
    0.468936 1.715686e+21 1.945840e-01 1 
    0.469211 1.533748e+21 1.737457e-01 1 
    0.469485 1.351988e+21 1.529768e-01 1 
    0.469759 1.169655e+21 1.321917e-01 1 
    0.470033 1.360122e+21 1.535387e-01 1 
    0.470308 2.117540e+21 2.387609e-01 1 
    0.470582 1.895746e+21 2.135040e-01 1 
    0.470856 2.413450e+21 2.714930e-01 1 
    0.471130 1.646298e+21 1.849794e-01 1 
    0.471405 1.578641e+21 1.771706e-01 1 
    0.471679 1.609500e+21 1.804240e-01 1 
    0.471953 1.861019e+21 2.083770e-01 1 
    0.472227 1.936470e+21 2.165736e-01 1 
    0.472502 1.311351e+21 1.464900e-01 1 
    0.472776 1.955371e+21 2.181800e-01 1 
    0.473050 1.597328e+21 1.780231e-01 1 
    0.473324 1.995266e+21 2.221161e-01 1 
    0.473599 1.676583e+21 1.864232e-01 1 
    0.473873 1.936172e+21 2.150386e-01 1 
    0.474147 2.220120e+21 2.462900e-01 1 
    0.474422 2.184726e+21 2.420827e-01 1 
    0.474696 1.876675e+21 2.077086e-01 1 
    0.474970 2.341983e+21 2.589093e-01 1 
    0.475244 1.726839e+21 1.906843e-01 1 
    0.475519 1.887442e+21 2.081778e-01 1 
    0.475793 1.996138e+21 2.199130e-01 1 
    0.476067 2.158072e+21 2.374796e-01 1 
    0.476341 1.531839e+21 1.683734e-01 1 
    0.476616 2.344590e+21 2.574104e-01 1 
    0.476890 2.001731e+21 2.195158e-01 1 
    0.477164 2.363999e+21 2.589455e-01 1 
    0.477438 2.131085e+21 2.331650e-01 1 
    0.477713 2.335572e+21 2.552440e-01 1 
    0.477987 2.189736e+21 2.390320e-01 1 
    0.478261 1.991901e+21 2.171872e-01 1 
    0.478535 1.810184e+21 1.971477e-01 1 
    0.478810 2.174711e+21 2.365764e-01 1 
    0.479084 2.056912e+21 2.235058e-01 1 
    0.479358 1.849681e+21 2.007583e-01 1 
    0.479632 1.874446e+21 2.032138e-01 1 
    0.479907 1.842747e+21 1.995483e-01 1 
    0.480181 1.558286e+21 1.685519e-01 1 
    0.480455 2.177987e+21 2.353133e-01 1 
    0.480730 2.030749e+21 2.191545e-01 1 
    0.481004 2.060534e+21 2.221155e-01 1 
    0.481278 1.913487e+21 2.060298e-01 1 
    0.481552 1.937827e+21 2.084131e-01 1 
    0.481827 1.670591e+21 1.794669e-01 1 
    0.482101 1.881675e+21 2.019134e-01 1 
    0.482375 1.609329e+21 1.724931e-01 1 
    0.482649 1.863194e+21 1.994765e-01 1 
    0.482924 1.808926e+21 1.934459e-01 1 
    0.483198 1.739150e+21 1.857733e-01 1 
    0.483472 2.374292e+21 2.533308e-01 1 
    0.483746 1.582004e+21 1.686045e-01 1 
    0.484021 2.138017e+21 2.276037e-01 1 
    0.484295 2.454538e+21 2.610034e-01 1 
    0.484569 2.122469e+21 2.254377e-01 1 
    0.484843 1.558745e+21 1.653747e-01 1 
    0.485118 1.950955e+21 2.067516e-01 1 
    0.485392 1.443433e+21 1.527945e-01 1 
    0.485666 2.142677e+21 2.265571e-01 1 
    0.485940 2.085782e+21 2.202927e-01 1 
    0.486215 2.373070e+21 2.503515e-01 1 
    0.486489 1.890044e+21 1.991693e-01 1 
    0.486763 1.731465e+21 1.822531e-01 1 
    0.487037 1.902894e+21 2.000724e-01 1 
    0.487312 1.755482e+21 1.843650e-01 1 
    0.487586 1.747993e+21 1.833723e-01 1 
    0.487860 1.682818e+21 1.763369e-01 1 
    0.488135 1.802294e+21 1.886436e-01 1 
    0.488409 2.162110e+21 2.260512e-01 1 
    0.488683 1.544185e+21 1.612654e-01 1 
    0.488957 1.640950e+21 1.711790e-01 1 
    0.489232 2.124872e+21 2.214112e-01 1 
    0.489506 2.069148e+21 2.153634e-01 1 
    0.489780 2.049414e+21 2.130708e-01 1 
    0.490054 2.028067e+21 2.106157e-01 1 
    0.490329 2.086378e+21 2.164284e-01 1 
    0.490603 2.547818e+21 2.640004e-01 1 
    0.490877 1.862198e+21 1.927423e-01 1 
    0.491151 2.274645e+21 2.351690e-01 1 
    0.491426 2.438893e+21 2.518680e-01 1 
    0.491700 1.776564e+21 1.832639e-01 1 
    0.491974 1.312420e+21 1.352337e-01 1 
    0.492248 2.195186e+21 2.259435e-01 1 
    0.492523 1.823956e+21 1.875244e-01 1 
    0.492797 1.907557e+21 1.959015e-01 1 
    0.493071 1.768008e+21 1.813685e-01 1 
    0.493345 2.349983e+21 2.408018e-01 1 
    0.493620 2.434615e+21 2.491961e-01 1 
    0.493894 2.130603e+21 2.178369e-01 1 
    0.494168 1.840230e+21 1.879400e-01 1 
    0.494443 2.625195e+21 2.678092e-01 1 
    0.494717 2.271824e+21 2.315034e-01 1 
    0.494991 2.166683e+21 2.205450e-01 1 
    0.495265 2.270650e+21 2.308721e-01 1 
    0.495540 2.373954e+21 2.411078e-01 1 
    0.495814 2.557918e+21 2.595049e-01 1 
    0.496088 2.027898e+21 2.055063e-01 1 
    0.496362 2.477973e+21 2.508396e-01 1 
    0.496637 1.841341e+21 1.861883e-01 1 
    0.496911 2.123108e+21 2.144427e-01 1 
    0.497185 2.428040e+21 2.449719e-01 1 
    0.497459 2.297620e+21 2.315582e-01 1 
    0.497734 2.360590e+21 2.376416e-01 1 
    0.498008 2.180787e+21 2.192992e-01 1 
    0.498282 2.078766e+21 2.088102e-01 1 
    0.498556 1.584866e+21 1.590234e-01 1 
    0.498831 1.728766e+21 1.732709e-01 1 
    0.499105 1.780762e+21 1.782865e-01 1 
    0.499379 1.746741e+21 1.746885e-01 1 
    0.499653 1.859081e+21 1.857196e-01 1 
    0.499928 1.678610e+21 1.675064e-01 1 
    0.500202 1.789595e+21 1.783858e-01 1 
    0.500476 2.041268e+21 2.032497e-01 1 
    0.500750 2.357165e+21 2.344469e-01 1 
    0.501025 2.338305e+21 2.323158e-01 1 
    0.501299 1.797289e+21 1.783696e-01 1 
    0.501573 2.126167e+21 2.107781e-01 1 
    0.501848 1.912089e+21 1.893477e-01 1 
    0.502122 1.664540e+21 1.646540e-01 1 
    0.502396 2.344910e+21 2.317023e-01 1 
    0.502670 1.908486e+21 1.883734e-01 1 
    0.502945 1.833297e+21 1.807541e-01 1 
    0.503219 1.841346e+21 1.813501e-01 1 
    0.503493 1.849777e+21 1.819822e-01 1 
    0.503767 2.219579e+21 2.181261e-01 1 
    0.504042 1.755602e+21 1.723412e-01 1 
    0.504316 1.636829e+21 1.605071e-01 1 
    0.504590 1.994420e+21 1.953601e-01 1 
    0.504864 1.666499e+21 1.630620e-01 1 
    0.505139 1.935218e+21 1.891492e-01 1 
    0.505413 2.010175e+21 1.962626e-01 1 
    0.505687 2.058080e+21 2.007221e-01 1 
    0.505961 1.851984e+21 1.804262e-01 1 
    0.506236 2.410386e+21 2.345725e-01 1 
    0.506510 2.267212e+21 2.204005e-01 1 
    0.506784 2.328418e+21 2.261058e-01 1 
    0.507058 1.828011e+21 1.773210e-01 1 
    0.507333 2.472083e+21 2.395373e-01 1 
    0.507607 1.989056e+21 1.925255e-01 1 
    0.507881 1.984858e+21 1.919119e-01 1 
    0.508155 1.873165e+21 1.809173e-01 1 
    0.508430 1.703780e+21 1.643795e-01 1 
    0.508704 2.022203e+21 1.948906e-01 1 
    0.508978 1.948622e+21 1.875971e-01 1 
    0.509253 1.950159e+21 1.875424e-01 1 
    0.509527 2.034576e+21 1.954501e-01 1 
    0.509801 2.221328e+21 2.131611e-01 1 
    0.510075 2.294346e+21 2.199314e-01 1 
    0.510350 1.749610e+21 1.675334e-01 1 
    0.510624 2.062410e+21 1.972736e-01 1 
    0.510898 1.827629e+21 1.746289e-01 1 
    0.511172 2.263937e+21 2.160860e-01 1 
    0.511447 2.067925e+21 1.971650e-01 1 
    0.511721 2.219703e+21 2.114097e-01 1 
    0.511995 2.255101e+21 2.145512e-01 1 
    0.512269 1.719942e+21 1.634610e-01 1 
    0.512544 2.394764e+21 2.273510e-01 1 
    0.512818 1.949768e+21 1.849068e-01 1 
    0.513092 1.386861e+21 1.313829e-01 1 
    0.513366 2.035785e+21 1.926522e-01 1 
    0.513641 2.317366e+21 2.190643e-01 1 
    0.513915 2.214116e+21 2.090808e-01 1 
    0.514189 2.014564e+21 1.900343e-01 1 
    0.514463 2.023803e+21 1.907025e-01 1 
    0.514738 2.079089e+21 1.957028e-01 1 
    0.515012 2.181530e+21 2.051271e-01 1 
    0.515286 2.053923e+21 1.929229e-01 1 
    0.515561 1.721891e+21 1.615630e-01 1 
    0.515835 2.095472e+21 1.964069e-01 1 
    0.516109 2.113127e+21 1.978514e-01 1 
    0.516383 2.091631e+21 1.956310e-01 1 
    0.516658 1.986804e+21 1.856287e-01 1 
    0.516932 1.660961e+21 1.550205e-01 1 
    0.517206 1.711212e+21 1.595413e-01 1 
    0.517480 2.064085e+21 1.922369e-01 1 
    0.517755 1.720044e+21 1.600249e-01 1 
    0.518029 2.137813e+21 1.986818e-01 1 
    0.518303 1.613021e+21 1.497508e-01 1 
    0.518577 1.778797e+21 1.649667e-01 1 
    0.518852 1.810884e+21 1.677646e-01 1 
    0.519126 2.032949e+21 1.881384e-01 1 
    0.519400 1.617865e+21 1.495666e-01 1 
    0.519674 2.406145e+21 2.222063e-01 1 
    0.519949 2.077951e+21 1.916948e-01 1 
    0.520223 2.184171e+21 2.012816e-01 1 
    0.520497 1.878988e+21 1.729752e-01 1 
    0.520771 2.096116e+21 1.927606e-01 1 
    0.521046 1.960775e+21 1.801242e-01 1 
    0.521320 1.792231e+21 1.644681e-01 1 
    0.521594 1.804752e+21 1.654432e-01 1 
    0.521868 2.613797e+21 2.393575e-01 1 
    0.522143 2.034543e+21 1.861163e-01 1 
    0.522417 1.981165e+21 1.810433e-01 1 
    0.522691 2.133750e+21 1.947825e-01 1 
    0.522966 1.790814e+21 1.633052e-01 1 
    0.523240 1.995338e+21 1.817653e-01 1 
    0.523514 1.972929e+21 1.795359e-01 1 
    0.523788 2.307754e+21 2.097852e-01 1 
    0.524063 2.415938e+21 2.193892e-01 1 
    0.524337 1.976269e+21 1.792757e-01 1 
    0.524611 2.262613e+21 2.050369e-01 1 
    0.524885 2.368685e+21 2.144250e-01 1 
    0.525160 1.729608e+21 1.564087e-01 1 
    0.525434 2.214957e+21 2.000900e-01 1 
    0.525708 2.095633e+21 1.891135e-01 1 
    0.525982 1.921903e+21 1.732552e-01 1 
    0.526257 1.885056e+21 1.697559e-01 1 
    0.526531 1.692134e+21 1.522240e-01 1 
    0.526805 1.935073e+21 1.738978e-01 1 
    0.527079 2.107183e+21 1.891678e-01 1 
    0.527354 2.271636e+21 2.037186e-01 1 
    0.527628 2.280448e+21 2.042966e-01 1 
    0.527902 2.521673e+21 2.256724e-01 1 
    0.528176 2.279134e+21 2.037554e-01 1 
    0.528451 2.194980e+21 1.960278e-01 1 
    0.528725 2.103565e+21 1.876691e-01 1 
    0.528999 2.630412e+21 2.344286e-01 1 
    0.529273 2.402373e+21 2.138836e-01 1 
    0.529548 1.974883e+21 1.756415e-01 1 
    0.529822 2.160056e+21 1.919117e-01 1 
    0.530096 2.011909e+21 1.785647e-01 1 
    0.530371 2.191613e+21 1.943125e-01 1 
    0.530645 2.349611e+21 2.081058e-01 1 
    0.530919 2.440596e+21 2.159414e-01 1 
    0.531193 2.602234e+21 2.300055e-01 1 
    0.531468 2.465066e+21 2.176561e-01 1 
    0.531742 2.268458e+21 2.000900e-01 1 
    0.532016 2.363204e+21 2.082324e-01 1 
    0.532290 2.425326e+21 2.134863e-01 1 
    0.532565 2.674407e+21 2.351683e-01 1 
    0.532839 2.308862e+21 2.028161e-01 1 
    0.533113 2.526234e+21 2.216825e-01 1 
    0.533387 2.018618e+21 1.769562e-01 1 
    0.533662 2.280745e+21 1.997287e-01 1 
    0.533936 2.127279e+21 1.860983e-01 1 
    0.534210 2.507100e+21 2.191008e-01 1 
    0.534484 2.258211e+21 1.971476e-01 1 
    0.534759 2.249558e+21 1.961902e-01 1 
    0.535033 2.087747e+21 1.818918e-01 1 
    0.535307 2.127433e+21 1.851598e-01 1 
    0.535581 2.315041e+21 2.012820e-01 1 
    0.535856 2.701120e+21 2.346087e-01 1 
    0.536130 2.683286e+21 2.328216e-01 1 
    0.536404 2.495036e+21 2.162665e-01 1 
    0.536679 2.834936e+21 2.454768e-01 1 
    0.536953 2.815920e+21 2.435814e-01 1 
    0.537227 2.189310e+21 1.891856e-01 1 
    0.537501 2.147209e+21 1.853584e-01 1 
    0.537776 2.449609e+21 2.112470e-01 1 
    0.538050 2.265597e+21 1.951793e-01 1 
    0.538324 2.595999e+21 2.234156e-01 1 
    0.538598 2.465721e+21 2.119878e-01 1 
    0.538873 2.430395e+21 2.087375e-01 1 
    0.539147 1.833364e+21 1.573007e-01 1 
    0.539421 1.918809e+21 1.644646e-01 1 
    0.539695 2.616200e+21 2.240116e-01 1 
    0.539970 2.332448e+21 1.995121e-01 1 
    0.540244 2.277562e+21 1.946197e-01 1 
    0.540518 2.275434e+21 1.942407e-01 1 
    0.540792 2.088267e+21 1.780828e-01 1 
    0.541067 2.220717e+21 1.891854e-01 1 
    0.541341 2.326067e+21 1.979597e-01 1 
    0.541615 1.925744e+21 1.637245e-01 1 
    0.541889 2.132034e+21 1.810797e-01 1 
    0.542164 2.333143e+21 1.979595e-01 1 
    0.542438 2.556807e+21 2.167176e-01 1 
    0.542712 2.408013e+21 2.038996e-01 1 
    0.542986 2.641375e+21 2.234340e-01 1 
    0.543261 2.431897e+21 2.055060e-01 1 
    0.543535 2.372548e+21 2.002887e-01 1 
    0.543809 1.999456e+21 1.686225e-01 1 
    0.544084 2.175906e+21 1.833178e-01 1 
    0.544358 2.264975e+21 1.906297e-01 1 
    0.544632 2.197044e+21 1.847264e-01 1 
    0.544906 2.183566e+21 1.834086e-01 1 
    0.545181 2.494083e+21 2.092791e-01 1 
    0.545455 2.637231e+21 2.210684e-01 1 
    0.545729 2.615953e+21 2.190647e-01 1 
    0.546003 2.323577e+21 1.943853e-01 1 
    0.546278 2.038710e+21 1.703823e-01 1 
    0.546552 1.986525e+21 1.658546e-01 1 
    0.546826 2.556349e+21 2.132153e-01 1 
    0.547100 2.668768e+21 2.223688e-01 1 
    0.547375 2.306850e+21 1.920198e-01 1 
    0.547649 2.447678e+21 2.035383e-01 1 
    0.547923 2.361026e+21 1.961364e-01 1 
    0.548197 2.580934e+21 2.141904e-01 1 
    0.548472 2.392323e+21 1.983386e-01 1 
    0.548746 2.165228e+21 1.793318e-01 1 
    0.549020 2.292812e+21 1.897093e-01 1 
    0.549294 2.420473e+21 2.000723e-01 1 
    0.549569 2.650488e+21 2.188658e-01 1 
    0.549843 2.774159e+21 2.288497e-01 1 
    0.550117 2.568811e+21 2.116988e-01 1 
    0.550391 2.519621e+21 2.074383e-01 1 
    0.550666 2.361893e+21 1.942585e-01 1 
    0.550940 2.238124e+21 1.838959e-01 1 
    0.551214 2.267186e+21 1.860986e-01 1 
    0.551489 2.255572e+21 1.849607e-01 1 
    0.551763 2.213299e+21 1.813140e-01 1 
    0.552037 2.413600e+21 1.975265e-01 1 
    0.552311 2.407387e+21 1.968226e-01 1 
    0.552586 2.245766e+21 1.834262e-01 1 
    0.552860 2.610640e+21 2.130165e-01 1 
    0.553134 2.532613e+21 2.064451e-01 1 
    0.553408 2.080243e+21 1.694025e-01 1 
    0.553683 2.424238e+21 1.972193e-01 1 
    0.553957 2.302687e+21 1.871454e-01 1 
    0.554231 2.816392e+21 2.286693e-01 1 
    0.554505 2.027713e+21 1.644720e-01 1 
    0.554780 2.377486e+21 1.926517e-01 1 
    0.555054 2.018970e+21 1.634390e-01 1 
    0.555328 2.653872e+21 2.146235e-01 1 
    0.555602 2.544541e+21 2.055787e-01 1 
    0.555877 2.138098e+21 1.725705e-01 1 
    0.556151 2.075590e+21 1.673604e-01 1 
    0.556425 2.829098e+21 2.278931e-01 1 
    0.556699 2.339229e+21 1.882471e-01 1 
    0.556974 2.540948e+21 2.042783e-01 1 
    0.557248 2.192066e+21 1.760569e-01 1 
    0.557522 2.734961e+21 2.194439e-01 1 
    0.557797 2.486072e+21 1.992773e-01 1 
    0.558071 3.202067e+21 2.564177e-01 1 
    0.558345 2.606057e+21 2.084851e-01 1 
    0.558619 2.281072e+21 1.823073e-01 1 
    0.558894 2.266354e+21 1.809528e-01 1 
    0.559168 2.600389e+21 2.074198e-01 1 
    0.559442 2.502122e+21 1.993860e-01 1 
    0.559716 2.367373e+21 1.884636e-01 1 
    0.559991 2.714512e+21 2.158868e-01 1 
    0.560265 2.906678e+21 2.309439e-01 1 
    0.560539 2.877682e+21 2.284165e-01 1 
    0.560813 2.698362e+21 2.139737e-01 1 
    0.561088 2.364630e+21 1.873258e-01 1 
    0.561362 2.401387e+21 1.900521e-01 1 
    0.561636 2.600335e+21 2.055966e-01 1 
    0.561910 2.381169e+21 1.880846e-01 1 
    0.562185 2.030820e+21 1.602542e-01 1 
    0.562459 1.966527e+21 1.550296e-01 1 
    0.562733 2.212830e+21 1.742769e-01 1 
    0.563007 2.486389e+21 1.956311e-01 1 
    0.563282 2.505349e+21 1.969305e-01 1 
    0.563556 2.630098e+21 2.065353e-01 1 
    0.563830 2.702617e+21 2.120238e-01 1 
    0.564104 2.589611e+21 2.029610e-01 1 
    0.564379 2.522726e+21 1.975263e-01 1 
    0.564653 2.599265e+21 2.033217e-01 1 
    0.564927 2.837897e+21 2.217729e-01 1 
    0.565202 2.590211e+21 2.022201e-01 1 
    0.565476 2.636243e+21 2.056144e-01 1 
    0.565750 2.576937e+21 2.007942e-01 1 
    0.566024 2.629763e+21 2.047120e-01 1 
    0.566299 2.602830e+21 2.024187e-01 1 
    0.566573 2.527275e+21 1.963528e-01 1 
    0.566847 2.808838e+21 2.180175e-01 1 
    0.567121 2.922380e+21 2.266114e-01 1 
    0.567396 2.240841e+21 1.735941e-01 1 
    0.567670 2.584425e+21 2.000177e-01 1 
    0.567944 2.861750e+21 2.212673e-01 1 
    0.568218 3.071594e+21 2.372631e-01 1 
    0.568493 2.413653e+21 1.862606e-01 1 
    0.568767 2.313719e+21 1.783767e-01 1 
    0.569041 2.933527e+21 2.259432e-01 1 
    0.569315 2.441292e+21 1.878499e-01 1 
    0.569590 2.318586e+21 1.782358e-01 1 
    0.569864 2.589867e+21 1.988985e-01 1 
    0.570138 2.146668e+21 1.647030e-01 1 
    0.570412 2.238543e+21 1.715870e-01 1 
    0.570687 2.315502e+21 1.773151e-01 1 
    0.570961 2.539672e+21 1.942948e-01 1 
    0.571235 1.927678e+21 1.473334e-01 1 
    0.571509 2.852870e+21 2.178373e-01 1 
    0.571784 2.507474e+21 1.912797e-01 1 
    0.572058 2.420097e+21 1.844375e-01 1 
    0.572332 3.067385e+21 2.335440e-01 1 
    0.572607 2.938598e+21 2.235236e-01 1 
    0.572881 2.689346e+21 2.043687e-01 1 
    0.573155 2.231418e+21 1.694077e-01 1 
    0.573429 2.331741e+21 1.768551e-01 1 
    0.573704 2.766648e+21 2.096402e-01 1 
    0.573978 2.713011e+21 2.053797e-01 1 
    0.574252 2.898221e+21 2.191911e-01 1 
    0.574526 2.848422e+21 2.152194e-01 1 
    0.574801 2.926002e+21 2.208697e-01 1 
    0.575075 2.909165e+21 2.193895e-01 1 
    0.575349 3.147014e+21 2.371004e-01 1 
    0.575623 2.758092e+21 2.076007e-01 1 
    0.575898 2.205167e+21 1.658238e-01 1 
    0.576172 2.487472e+21 1.868746e-01 1 
    0.576446 2.739042e+21 2.055786e-01 1 
    0.576720 2.496063e+21 1.871639e-01 1 
    0.576995 2.730761e+21 2.045672e-01 1 
    0.577269 2.434234e+21 1.821807e-01 1 
    0.577543 2.550274e+21 1.906842e-01 1 
    0.577817 3.108093e+21 2.321720e-01 1 
    0.578092 3.407150e+21 2.542693e-01 1 
    0.578366 2.111658e+21 1.574398e-01 1 
    0.578640 2.473687e+21 1.842571e-01 1 
    0.578915 2.551239e+21 1.898533e-01 1 
    0.579189 2.570413e+21 1.910991e-01 1 
    0.579463 2.668373e+21 1.981945e-01 1 
    0.579737 2.639271e+21 1.958476e-01 1 
    0.580012 2.228432e+21 1.652045e-01 1 
    0.580286 2.593566e+21 1.920921e-01 1 
    0.580560 2.553564e+21 1.889509e-01 1 
    0.580834 2.690053e+21 1.988627e-01 1 
    0.581109 3.082733e+21 2.276760e-01 1 
    0.581383 2.482755e+21 1.831916e-01 1 
    0.581657 2.155939e+21 1.589275e-01 1 
    0.581931 2.320232e+21 1.708775e-01 1 
    0.582206 2.310617e+21 1.700086e-01 1 
    0.582480 2.485748e+21 1.827223e-01 1 
    0.582754 2.645177e+21 1.942588e-01 1 
    0.583028 3.191227e+21 2.341399e-01 1 
    0.583303 2.299456e+21 1.685517e-01 1 
    0.583577 2.730062e+21 1.999276e-01 1 
    0.583851 2.127127e+21 1.556273e-01 1 
    0.584125 2.176277e+21 1.590739e-01 1 
    0.584400 2.666812e+21 1.947460e-01 1 
    0.584674 2.845010e+21 2.075643e-01 1 
    0.584948 2.774612e+21 2.022386e-01 1 
    0.585222 2.702342e+21 1.967865e-01 1 
    0.585497 2.712320e+21 1.973277e-01 1 
    0.585771 2.592904e+21 1.884634e-01 1 
    0.586045 3.028427e+21 2.199133e-01 1 
    0.586320 2.276022e+21 1.651214e-01 1 
    0.586594 2.672427e+21 1.936989e-01 1 
    0.586868 1.769431e+21 1.281295e-01 1 
    0.587142 6.551450e+20 4.739665e-02 1 
    0.587417 2.103129e+21 1.520090e-01 1 
    0.587691 2.423290e+21 1.749862e-01 1 
    0.587965 3.315068e+21 2.391585e-01 1 
    0.588239 3.416100e+21 2.462178e-01 1 
    0.588514 2.954456e+21 2.127455e-01 1 
    0.588788 2.805636e+21 2.018412e-01 1 
    0.589062 2.342729e+21 1.683823e-01 1 
    0.589336 2.286405e+21 1.641813e-01 1 
    0.589611 3.108168e+21 2.229820e-01 1 
    0.589885 3.319371e+21 2.379127e-01 1 
    0.590159 2.341882e+21 1.676963e-01 1 
    0.590433 2.259646e+21 1.616574e-01 1 
    0.590708 2.344974e+21 1.676057e-01 1 
    0.590982 3.573177e+21 2.551541e-01 1 
    0.591256 2.864384e+21 2.043509e-01 1 
    0.591530 2.679604e+21 1.909913e-01 1 
    0.591805 2.686653e+21 1.913158e-01 1 
    0.592079 3.113692e+21 2.215199e-01 1 
    0.592353 2.790441e+21 1.983390e-01 1 
    0.592628 2.509376e+21 1.781960e-01 1 
    0.592902 2.373471e+21 1.683893e-01 1 
    0.593176 2.913071e+21 2.064811e-01 1 
    0.593450 2.430714e+21 1.721322e-01 1 
    0.593725 3.321386e+21 2.349877e-01 1 
    0.593999 3.149497e+21 2.226210e-01 1 
    0.594273 3.429274e+21 2.421735e-01 1 
    0.594547 3.725940e+21 2.628814e-01 1 
    0.594822 3.109821e+21 2.192087e-01 1 
    0.595096 2.631507e+21 1.853220e-01 1 
    0.595370 2.860762e+21 2.012817e-01 1 
    0.595644 2.927349e+21 2.057773e-01 1 
    0.595919 2.720536e+21 1.910630e-01 1 
    0.596193 2.705287e+21 1.898174e-01 1 
    0.596467 2.688719e+21 1.884816e-01 1 
    0.596741 2.546192e+21 1.783265e-01 1 
    0.597016 2.968967e+21 2.077446e-01 1 
    0.597290 3.070864e+21 2.146775e-01 1 
    0.597564 2.493171e+21 1.741324e-01 1 
    0.597838 2.417765e+21 1.687111e-01 1 
    0.598113 2.462687e+21 1.716877e-01 1 
    0.598387 2.613001e+21 1.820001e-01 1 
    0.598661 2.835142e+21 1.972919e-01 1 
    0.598935 3.298405e+21 2.293195e-01 1 
    0.599210 2.745211e+21 1.906839e-01 1 
    0.599484 2.612705e+21 1.813142e-01 1 
    0.599758 3.125200e+21 2.166817e-01 1 
    0.600033 2.897664e+21 2.007216e-01 1 
    0.600307 2.890139e+21 2.000177e-01 1 
    0.600581 2.847871e+21 1.969126e-01 1 
    0.600855 2.941943e+21 2.032317e-01 1 
    0.601130 3.167497e+21 2.186130e-01 1 
    0.601404 3.357328e+21 2.315035e-01 1 
    0.601678 2.862740e+21 1.972196e-01 1 
    0.601952 2.853284e+21 1.963893e-01 1 
    0.602227 3.130762e+21 2.152911e-01 1 
    0.602501 3.017204e+21 2.072935e-01 1 
    0.602775 2.951830e+21 2.026177e-01 1 
    0.603049 3.025596e+21 2.074924e-01 1 
    0.603324 3.092641e+21 2.118970e-01 1 
    0.603598 3.277431e+21 2.243543e-01 1 
    0.603872 3.320534e+21 2.270986e-01 1 
    0.604146 3.104253e+21 2.121142e-01 1 
    0.604421 2.861129e+21 1.953237e-01 1 
    0.604695 2.235766e+21 1.524930e-01 1 
    0.604969 2.145332e+21 1.461924e-01 1 
    0.605243 2.626104e+21 1.787923e-01 1 
    0.605518 2.778895e+21 1.890229e-01 1 
    0.605792 2.726954e+21 1.853221e-01 1 
    0.606066 2.798025e+21 1.899801e-01 1 
    0.606340 2.995370e+21 2.031957e-01 1 
    0.606615 2.661192e+21 1.803626e-01 1 
    0.606889 2.772299e+21 1.877232e-01 1 
    0.607163 3.131864e+21 2.118794e-01 1 
    0.607438 3.093026e+21 2.090625e-01 1 
    0.607712 3.003854e+21 2.028522e-01 1 
    0.607986 2.778853e+21 1.874886e-01 1 
    0.608260 2.742258e+21 1.848529e-01 1 
    0.608535 2.701304e+21 1.819277e-01 1 
    0.608809 2.653915e+21 1.785753e-01 1 
    0.609083 2.941426e+21 1.977431e-01 1 
    0.609357 2.858062e+21 1.919661e-01 1 
    0.609632 2.855524e+21 1.916226e-01 1 
    0.609906 2.972536e+21 1.992956e-01 1 
    0.610180 3.027227e+21 2.027802e-01 1 
    0.610454 3.090645e+21 2.068425e-01 1 
    0.610729 2.957881e+21 1.977790e-01 1 
    0.611003 2.735965e+21 1.827765e-01 1 
    0.611277 2.765740e+21 1.846000e-01 1 
    0.611551 2.479136e+21 1.653223e-01 1 
    0.611826 2.927871e+21 1.950709e-01 1 
    0.612100 2.787837e+21 1.855748e-01 1 
    0.612374 2.985787e+21 1.985737e-01 1 
    0.612648 2.294152e+21 1.524392e-01 1 
    0.612923 2.693139e+21 1.787901e-01 1 
    0.613197 2.789673e+21 1.850332e-01 1 
    0.613471 3.296170e+21 2.184329e-01 1 
    0.613746 2.911099e+21 1.927419e-01 1 
    0.614020 2.585187e+21 1.710107e-01 1 
    0.614294 2.661251e+21 1.758854e-01 1 
    0.614568 2.955546e+21 1.951616e-01 1 
    0.614843 2.706014e+21 1.785246e-01 1 
    0.615117 2.706703e+21 1.784110e-01 1 
    0.615391 2.596993e+21 1.710271e-01 1 
    0.615665 2.311341e+21 1.520798e-01 1 
    0.615940 2.347812e+21 1.543416e-01 1 
    0.616214 2.680907e+21 1.760821e-01 1 
    0.616488 2.436925e+21 1.599150e-01 1 
    0.616762 2.329113e+21 1.527045e-01 1 
    0.617037 2.253298e+21 1.476021e-01 1 
    0.617311 2.521335e+21 1.650133e-01 1 
    0.617585 2.484535e+21 1.624606e-01 1 
    0.617859 2.705497e+21 1.767522e-01 1 
    0.618134 2.895345e+21 1.889868e-01 1 
    0.618408 3.139038e+21 2.047118e-01 1 
    0.618682 3.068674e+21 1.999458e-01 1 
    0.618956 3.045881e+21 1.982850e-01 1 
    0.619231 3.143233e+21 2.044409e-01 1 
    0.619505 3.192969e+21 2.074921e-01 1 
    0.619779 2.381401e+21 1.546163e-01 1 
    0.620053 3.307446e+21 2.145515e-01 1 
    0.620328 2.726071e+21 1.766814e-01 1 
    0.620602 3.028920e+21 1.961363e-01 1 
    0.620876 2.669922e+21 1.727369e-01 1 
    0.621151 2.911945e+21 1.882285e-01 1 
    0.621425 2.791770e+21 1.803012e-01 1 
    0.621699 3.218145e+21 2.076546e-01 1 
    0.621973 2.888860e+21 1.862430e-01 1 
    0.622248 2.838715e+21 1.828485e-01 1 
    0.622522 2.944454e+21 1.894924e-01 1 
    0.622796 3.332838e+21 2.142985e-01 1 
    0.623070 2.673818e+21 1.717729e-01 1 
    0.623345 2.752004e+21 1.766398e-01 1 
    0.623619 2.647448e+21 1.697795e-01 1 
    0.623893 2.482999e+21 1.590936e-01 1 
    0.624167 1.720411e+21 1.101354e-01 1 
    0.624442 2.293367e+21 1.466850e-01 1 
    0.624716 2.447797e+21 1.564251e-01 1 
    0.624990 3.231948e+21 2.063548e-01 1 
    0.625264 3.046585e+21 1.943492e-01 1 
    0.625539 3.385767e+21 2.157966e-01 1 
    0.625813 2.484468e+21 1.582125e-01 1 
    0.626087 3.174920e+21 2.020039e-01 1 
    0.626361 2.847691e+21 1.810256e-01 1 
    0.626636 3.340518e+21 2.121679e-01 1 
    0.626910 2.529119e+21 1.604927e-01 1 
    0.627184 2.721430e+21 1.725455e-01 1 
    0.627458 2.739913e+21 1.735657e-01 1 
    0.627733 2.847081e+21 1.801965e-01 1 
    0.628007 2.894934e+21 1.830654e-01 1 
    0.628281 2.936039e+21 1.855028e-01 1 
    0.628556 3.313257e+21 2.091527e-01 1 
    0.628830 3.009008e+21 1.897813e-01 1 
    0.629104 3.512713e+21 2.213575e-01 1 
    0.629378 3.032325e+21 1.909190e-01 1 
    0.629653 2.586912e+21 1.627330e-01 1 
    0.629927 3.037900e+21 1.909367e-01 1 
    0.630201 2.792294e+21 1.753474e-01 1 
    0.630475 2.720717e+21 1.707041e-01 1 
    0.630750 2.804299e+21 1.757949e-01 1 
    0.631024 2.586432e+21 1.619965e-01 1 
    0.631298 3.112302e+21 1.947643e-01 1 
    0.631572 2.679171e+21 1.675140e-01 1 
    0.631847 3.163085e+21 1.975984e-01 1 
    0.632121 2.862641e+21 1.786746e-01 1 
    0.632395 3.152657e+21 1.966058e-01 1 
    0.632669 2.782453e+21 1.733689e-01 1 
    0.632944 3.150589e+21 1.961361e-01 1 
    0.633218 3.375944e+21 2.099835e-01 1 
    0.633492 3.009346e+21 1.870193e-01 1 
    0.633766 2.710030e+21 1.682723e-01 1 
    0.634041 2.748403e+21 1.705070e-01 1 
    0.634315 3.034062e+21 1.880663e-01 1 
    0.634589 2.670546e+21 1.653908e-01 1 
    0.634864 2.809313e+21 1.738342e-01 1 
    0.635138 2.625463e+21 1.623178e-01 1 
    0.635412 2.605314e+21 1.609332e-01 1 
    0.635686 3.217149e+21 1.985557e-01 1 
    0.635961 3.200895e+21 1.973817e-01 1 
    0.636235 2.741232e+21 1.688912e-01 1 
    0.636509 2.262765e+21 1.392922e-01 1 
    0.636783 3.287556e+21 2.022026e-01 1 
    0.637058 3.483111e+21 2.140454e-01 1 
    0.637332 3.789852e+21 2.326951e-01 1 
    0.637606 3.681578e+21 2.258529e-01 1 
    0.637880 3.592554e+21 2.202022e-01 1 
    0.638155 3.188234e+21 1.952514e-01 1 
    0.638429 2.929501e+21 1.792523e-01 1 
    0.638703 2.843013e+21 1.738111e-01 1 
    0.638977 2.763202e+21 1.687868e-01 1 
    0.639252 2.802935e+21 1.710666e-01 1 
    0.639526 3.061615e+21 1.866941e-01 1 
    0.639800 3.205290e+21 1.952879e-01 1 
    0.640074 2.984718e+21 1.816935e-01 1 
    0.640349 3.145783e+21 1.913338e-01 1 
    0.640623 2.878876e+21 1.749502e-01 1 
    0.640897 2.711979e+21 1.646669e-01 1 
    0.641171 2.663948e+21 1.616123e-01 1 
    0.641446 3.070196e+21 1.860983e-01 1 
    0.641720 2.652231e+21 1.606263e-01 1 
    0.641994 3.222836e+21 1.950171e-01 1 
    0.642269 2.577904e+21 1.558581e-01 1 
    0.642543 2.542031e+21 1.535581e-01 1 
    0.642817 2.618353e+21 1.580338e-01 1 
    0.643091 2.665914e+21 1.607673e-01 1 
    0.643366 3.030472e+21 1.825957e-01 1 
    0.643640 3.219287e+21 1.938073e-01 1 
    0.643914 2.677002e+21 1.610235e-01 1 
    0.644188 2.832276e+21 1.702185e-01 1 
    0.644463 3.388372e+21 2.034659e-01 1 
    0.644737 2.916812e+21 1.750007e-01 1 
    0.645011 3.342342e+21 2.003610e-01 1 
    0.645285 3.841326e+21 2.300777e-01 1 
    0.645560 3.512142e+21 2.101819e-01 1 
    0.645834 3.803777e+21 2.274415e-01 1 
    0.646108 3.270014e+21 1.953601e-01 1 
    0.646382 2.464922e+21 1.471367e-01 1 
    0.646657 2.730064e+21 1.628251e-01 1 
    0.646931 3.586156e+21 2.137026e-01 1 
    0.647205 3.167724e+21 1.886080e-01 1 
    0.647479 2.820259e+21 1.677777e-01 1 
    0.647754 3.108704e+21 1.847803e-01 1 
    0.648028 2.816011e+21 1.672412e-01 1 
    0.648302 3.254230e+21 1.931034e-01 1 
    0.648576 3.781341e+21 2.241922e-01 1 
    0.648851 2.796195e+21 1.656433e-01 1 
    0.649125 2.481094e+21 1.468531e-01 1 
    0.649399 2.359768e+21 1.395540e-01 1 
    0.649674 2.772585e+21 1.638288e-01 1 
    0.649948 3.329177e+21 1.965514e-01 1 
    0.650222 3.084698e+21 1.819641e-01 1 
    0.650496 3.461305e+21 2.040080e-01 1 
    0.650771 2.726406e+21 1.605575e-01 1 
    0.651045 2.832841e+21 1.666851e-01 1 
    0.651319 3.608562e+21 2.121501e-01 1 
    0.651593 3.257234e+21 1.913342e-01 1 
    0.651868 3.039979e+21 1.784217e-01 1 
    0.652142 3.510857e+21 2.058853e-01 1 
    0.652416 3.290731e+21 1.928145e-01 1 
    0.652690 3.160895e+21 1.850515e-01 1 
    0.652965 2.690778e+21 1.573963e-01 1 
    0.653239 2.267871e+21 1.325472e-01 1 
    0.653513 2.704607e+21 1.579400e-01 1 
    0.653787 2.996183e+21 1.748204e-01 1 
    0.654062 3.229004e+21 1.882466e-01 1 
    0.654336 3.455177e+21 2.012636e-01 1 
    0.654610 3.861330e+21 2.247336e-01 1 
    0.654884 3.618995e+21 2.104533e-01 1 
    0.655159 2.875529e+21 1.670786e-01 1 
    0.655433 2.701396e+21 1.568296e-01 1 
    0.655707 3.851563e+21 2.234158e-01 1 
    0.655982 5.980446e+21 3.466141e-01 1 
    0.656256 7.470665e+21 4.326225e-01 1 
    0.656530 7.486271e+21 4.331645e-01 1 
    0.656804 6.157531e+21 3.559848e-01 1 
    0.657079 4.123347e+21 2.381832e-01 1 
    0.657353 3.420797e+21 1.974361e-01 1 
    0.657627 3.784300e+21 2.182342e-01 1 
    0.657901 3.353817e+21 1.932479e-01 1 
    0.658176 4.237474e+21 2.439605e-01 1 
    0.658450 5.014638e+21 2.884632e-01 1 
    0.658724 4.234803e+21 2.434012e-01 1 
    0.658998 3.713962e+21 2.132876e-01 1 
    0.659273 2.980376e+21 1.710161e-01 1 
    0.659547 2.828622e+21 1.621735e-01 1 
    0.659821 3.317952e+21 1.900703e-01 1 
    0.660095 2.994569e+21 1.714028e-01 1 
    0.660370 3.558336e+21 2.035020e-01 1 
    0.660644 2.984794e+21 1.705595e-01 1 
    0.660918 3.616423e+21 2.064812e-01 1 
    0.661192 3.386190e+21 1.931758e-01 1 
    0.661467 2.843117e+21 1.620596e-01 1 
    0.661741 2.563384e+21 1.459937e-01 1 
    0.662015 3.484089e+21 1.982668e-01 1 
    0.662289 3.537778e+21 2.011555e-01 1 
    0.662564 3.478107e+21 1.975985e-01 1 
    0.662838 3.248815e+21 1.844194e-01 1 
    0.663112 2.379280e+21 1.349485e-01 1 
    0.663387 2.806794e+21 1.590644e-01 1 
    0.663661 2.783194e+21 1.575968e-01 1 
    0.663935 3.642494e+21 2.060839e-01 1 
    0.664209 3.391612e+21 1.917314e-01 1 
    0.664484 2.773766e+21 1.566741e-01 1 
    0.664758 3.201125e+21 1.806641e-01 1 
    0.665032 3.948762e+21 2.226754e-01 1 
    0.665306 3.920618e+21 2.209063e-01 1 
    0.665581 3.101209e+21 1.745925e-01 1 
    0.665855 4.000903e+21 2.250584e-01 1 
    0.666129 3.094598e+21 1.739338e-01 1 
    0.666403 3.121258e+21 1.752880e-01 1 
    0.666678 3.184411e+21 1.786871e-01 1 
    0.666952 3.272523e+21 1.834805e-01 1 
    0.667226 3.456652e+21 1.936450e-01 1 
    0.667500 3.872983e+21 2.167901e-01 1 
    0.667775 2.844276e+21 1.590772e-01 1 
    0.668049 2.452377e+21 1.370462e-01 1 
    0.668323 3.104865e+21 1.733670e-01 1 
    0.668597 3.663414e+21 2.043872e-01 1 
    0.668872 3.600353e+21 2.007037e-01 1 
    0.669146 3.466849e+21 1.931032e-01 1 
    0.669420 2.863728e+21 1.593789e-01 1 
    0.669694 3.582918e+21 1.992418e-01 1 
    0.669969 3.214499e+21 1.786078e-01 1 
    0.670243 3.292217e+21 1.827765e-01 1 
    0.670517 3.603444e+21 1.998917e-01 1 
    0.670792 3.835375e+21 2.125830e-01 1 
    0.671066 4.187972e+21 2.319368e-01 1 
    0.671340 3.365318e+21 1.862248e-01 1 
    0.671614 3.210065e+21 1.774887e-01 1 
    0.671889 3.782573e+21 2.089723e-01 1 
    0.672163 3.581579e+21 1.977069e-01 1 
    0.672437 3.816247e+21 2.104891e-01 1 
    0.672711 4.309761e+21 2.375158e-01 1 
    0.672986 4.060826e+21 2.236139e-01 1 
    0.673260 3.507640e+21 1.929949e-01 1 
    0.673534 3.504915e+21 1.926881e-01 1 
    0.673808 3.591249e+21 1.972739e-01 1 
    0.674083 3.414909e+21 1.874342e-01 1 
    0.674357 3.353166e+21 1.838958e-01 1 
    0.674631 3.243844e+21 1.777558e-01 1 
    0.674905 3.025926e+21 1.656798e-01 1 
    0.675180 2.612424e+21 1.429227e-01 1 
    0.675454 2.357436e+21 1.288679e-01 1 
    0.675728 2.827783e+21 1.544538e-01 1 
    0.676002 3.012384e+21 1.644034e-01 1 
    0.676277 3.482532e+21 1.899076e-01 1 
    0.676551 4.018813e+21 2.189743e-01 1 
    0.676825 3.648350e+21 1.986279e-01 1 
    0.677100 3.007666e+21 1.636140e-01 1 
    0.677374 2.892523e+21 1.572231e-01 1 
    0.677648 2.928939e+21 1.590737e-01 1 
    0.677922 3.052074e+21 1.656273e-01 1 
    0.678197 2.820645e+21 1.529442e-01 1 
    0.678471 3.021694e+21 1.637134e-01 1 
    0.678745 2.573756e+21 1.393319e-01 1 
    0.679019 2.959529e+21 1.600867e-01 1 
    0.679294 3.570458e+21 1.929767e-01 1 
    0.679568 3.332076e+21 1.799474e-01 1 
    0.679842 3.338948e+21 1.801732e-01 1 
    0.680116 3.342614e+21 1.802257e-01 1 
    0.680391 3.774018e+21 2.033215e-01 1 
    0.680665 2.320468e+21 1.249123e-01 1 
    0.680939 3.274313e+21 1.761165e-01 1 
    0.682071 3.383173e+21 1.813684e-01 0 
    0.683643 3.398445e+21 1.813502e-01 0 
    0.685219 3.429765e+21 1.821805e-01 0 
    0.686799 3.321035e+21 1.755944e-01 0 
    0.688382 3.382678e+21 1.780320e-01 0 
    0.689969 3.429615e+21 1.796729e-01 0 
    0.691559 3.437450e+21 1.792563e-01 0 
    0.693153 3.461172e+21 1.796641e-01 0 
    0.694751 3.517467e+21 1.817474e-01 0 
    0.696353 3.517216e+21 1.808992e-01 0 
    0.697958 3.574351e+21 1.829933e-01 0 
    0.699567 3.533243e+21 1.800575e-01 0 
    0.701180 3.476627e+21 1.763582e-01 0 
    0.702796 3.606913e+21 1.821267e-01 0 
    0.704416 3.541095e+21 1.779818e-01 0 
    0.706040 3.557329e+21 1.779762e-01 0 
    0.707668 3.500339e+21 1.743201e-01 0 
    0.709299 3.468134e+21 1.719228e-01 0 
    0.710934 3.500126e+21 1.727116e-01 0 
    0.712573 3.508082e+21 1.723088e-01 0 
    0.714216 3.491890e+21 1.707253e-01 0 
    0.715862 3.515984e+21 1.711137e-01 0 
    0.717513 3.491670e+21 1.691493e-01 0 
    0.719167 3.396409e+21 1.637785e-01 0 
    0.720824 3.412007e+21 1.637751e-01 0 
    0.722486 3.622390e+21 1.730744e-01 0 
    0.724152 3.548006e+21 1.687413e-01 0 
    0.725821 3.597257e+21 1.702977e-01 0 
    0.727494 3.749362e+21 1.766831e-01 0 
    0.729171 3.672338e+21 1.722584e-01 0 
    0.730852 3.697685e+21 1.726503e-01 0 
    0.732537 3.723217e+21 1.730437e-01 0 
    0.734226 3.836243e+21 1.774774e-01 0 
    0.735918 3.809687e+21 1.754393e-01 0 
    0.737614 3.889342e+21 1.782848e-01 0 
    0.739315 3.800703e+21 1.734208e-01 0 
    0.741019 3.952322e+21 1.795106e-01 0 
    0.742727 3.906953e+21 1.766348e-01 0 
    0.744439 4.016136e+21 1.807368e-01 0 
    0.746156 4.053215e+21 1.815670e-01 0 
    0.747876 3.988388e+21 1.778422e-01 0 
    0.749600 4.034461e+21 1.790700e-01 0 
    0.751328 4.025054e+21 1.778317e-01 0 
    0.753060 4.034225e+21 1.774179e-01 0 
    0.754796 4.137724e+21 1.811335e-01 0 
    0.756536 4.071312e+21 1.774074e-01 0 
    0.758280 4.127807e+21 1.790427e-01 0 
    0.760028 4.015188e+21 1.733577e-01 0 
    0.761780 4.024313e+21 1.729534e-01 0 
    0.763536 4.136917e+21 1.769759e-01 0 
    0.765296 4.108306e+21 1.749445e-01 0 
    0.767060 3.807573e+21 1.613935e-01 0 
    0.768829 3.977743e+21 1.678316e-01 0 
    0.770601 3.923025e+21 1.647625e-01 0 
    0.772377 3.931975e+21 1.643798e-01 0 
    0.774158 4.032682e+21 1.678151e-01 0 
    0.775942 3.958990e+21 1.639919e-01 0 
    0.777731 4.032427e+21 1.662663e-01 0 
    0.779524 3.967818e+21 1.628505e-01 0 
    0.781321 4.088259e+21 1.670229e-01 0 
    0.783122 4.173766e+21 1.697328e-01 0 
    0.784927 4.163996e+21 1.685575e-01 0 
    0.786737 4.231513e+21 1.705034e-01 0 
    0.788550 4.144596e+21 1.662341e-01 0 
    0.790368 4.059487e+21 1.620723e-01 0 
    0.792190 4.003631e+21 1.591079e-01 0 
    0.794016 4.031284e+21 1.594708e-01 0 
    0.795847 4.106064e+21 1.616825e-01 0 
    0.797682 4.201563e+21 1.646826e-01 0 
    0.799520 4.134288e+21 1.613015e-01 0 
    0.801363 4.249970e+21 1.650531e-01 0 
    0.803210 4.269444e+21 1.650477e-01 0 
    0.805062 4.348647e+21 1.673370e-01 0 
    0.806918 4.398886e+21 1.684924e-01 0 
    0.808778 4.318425e+21 1.646505e-01 0 
    0.810643 4.229715e+21 1.605270e-01 0 
    0.812511 4.308202e+21 1.627549e-01 0 
    0.814384 4.357949e+21 1.638778e-01 0 
    0.816262 4.298006e+21 1.608808e-01 0 
    0.818143 4.521209e+21 1.684584e-01 0 
    0.820029 4.428317e+21 1.642392e-01 0 
    0.821920 4.489781e+21 1.657534e-01 0 
    0.823815 3.910308e+21 1.436971e-01 0 
    0.825713 4.583492e+21 1.676620e-01 0 
    0.827617 4.636386e+21 1.688174e-01 0 
    0.829525 4.468552e+21 1.619587e-01 0 
    0.831437 4.277098e+21 1.543075e-01 0 
    0.833354 4.488883e+21 1.612040e-01 0 
    0.835275 4.519802e+21 1.615686e-01 0 
    0.837200 4.467909e+21 1.589799e-01 0 
    0.839130 4.356055e+21 1.542877e-01 0 
    0.841065 4.540233e+21 1.600720e-01 0 
    0.843004 4.561035e+21 1.600665e-01 0 
    0.844947 4.426367e+21 1.546269e-01 0 
    0.846895 4.560709e+21 1.585877e-01 0 
    0.848847 4.560536e+21 1.578533e-01 0 
    0.850804 3.689792e+21 1.271274e-01 0 
    0.852765 4.456446e+21 1.528362e-01 0 
    0.854731 3.881267e+21 1.324985e-01 0 
    0.856701 4.570416e+21 1.553079e-01 0 
    0.858676 4.633836e+21 1.567395e-01 0 
    0.860656 4.445570e+21 1.496803e-01 0 
    0.862640 4.622842e+21 1.549338e-01 0 
    0.864628 4.676218e+21 1.560029e-01 0 
    0.866621 4.304075e+21 1.429282e-01 0 
    0.868619 4.486054e+21 1.482867e-01 0 
    0.870621 4.569250e+21 1.503430e-01 0 
    0.872628 4.686315e+21 1.534863e-01 0 
    0.874640 4.621834e+21 1.506788e-01 0 
    0.876656 4.600446e+21 1.492925e-01 0 
    0.878677 4.817122e+21 1.556058e-01 0 
    0.880703 4.794775e+21 1.541721e-01 0 
    0.882733 4.827853e+21 1.545225e-01 0 
    0.884768 4.653044e+21 1.482432e-01 0 
    0.886807 4.674350e+21 1.482380e-01 0 
    0.888852 4.588866e+21 1.448582e-01 0 
    0.890901 4.684791e+21 1.472068e-01 0 
    0.892954 4.706250e+21 1.472018e-01 0 
    0.895013 4.749601e+21 1.478750e-01 0 
    0.897076 4.652046e+21 1.441724e-01 0 
    0.899144 4.782191e+21 1.475247e-01 0 
    0.901217 4.462857e+21 1.370410e-01 0 
    0.903295 4.401414e+21 1.345332e-01 0 
    0.905377 5.111818e+21 1.555296e-01 0 
    0.907464 5.053151e+21 1.530382e-01 0 
    0.909556 4.566126e+21 1.376529e-01 0 
    0.911653 4.693867e+21 1.408536e-01 0 
    0.913754 4.802988e+21 1.434661e-01 0 
    0.915861 4.892141e+21 1.454576e-01 0 
    0.917972 4.693292e+21 1.389041e-01 0 
    0.920088 4.936970e+21 1.454448e-01 0 
    0.922209 4.703775e+21 1.379381e-01 0 
    0.924335 4.758085e+21 1.388896e-01 0 
    0.926466 4.835216e+21 1.404926e-01 0 
    0.928602 4.981945e+21 1.440908e-01 0 
    0.930742 4.564342e+21 1.314063e-01 0 
    0.932888 5.121093e+21 1.467574e-01 0 
    0.935038 5.132703e+21 1.464145e-01 0 
    0.937194 5.085434e+21 1.443994e-01 0 
    0.939354 5.155991e+21 1.457304e-01 0 
    0.941519 5.085072e+21 1.430656e-01 0 
    0.943690 5.215297e+21 1.460551e-01 0 
    0.945866 5.179200e+21 1.443776e-01 0 
    0.948046 5.263166e+21 1.460443e-01 0 
    0.950232 5.190719e+21 1.433721e-01 0 
    0.952422 5.202537e+21 1.430385e-01 0 
    0.954617 5.060505e+21 1.384943e-01 0 
    0.956818 5.226088e+21 1.423687e-01 0 
    0.959024 5.323040e+21 1.443435e-01 0 
    0.961235 5.298385e+21 1.430147e-01 0 
    0.963450 5.322641e+21 1.430096e-01 0 
    0.965672 5.297999e+21 1.416932e-01 0 
    0.967898 5.309974e+21 1.413610e-01 0 
    0.970129 5.309750e+21 1.407056e-01 0 
    0.972365 5.297375e+21 1.397328e-01 0 
    0.974607 5.297136e+21 1.390844e-01 0 
    0.976853 5.321381e+21 1.390793e-01 0 
    0.979106 5.296674e+21 1.377972e-01 0 
    0.981362 5.394949e+21 1.397093e-01 0 
    0.983625 5.382307e+21 1.387413e-01 0 
    0.985892 5.406943e+21 1.387361e-01 0 
    0.988165 5.381857e+21 1.374579e-01 0 
    0.990443 5.381701e+21 1.368224e-01 0 
    0.992726 5.418737e+21 1.371310e-01 0 
    0.995015 5.443537e+21 1.371255e-01 0 
    0.997308 5.455848e+21 1.368044e-01 0 
    0.999607 5.455640e+21 1.361707e-01 0 
    1.001911 5.430314e+21 1.349159e-01 0 
    1.006537 5.392490e+21 1.327475e-01 0 
    1.013513 5.530193e+21 1.342697e-01 0 
    1.018191 5.529723e+21 1.330275e-01 0 
    1.022892 5.567564e+21 1.327095e-01 0 
    1.027613 5.605702e+21 1.323937e-01 0 
    1.029981 5.605463e+21 1.317800e-01 0 
    1.049130 5.616403e+21 1.272612e-01 0 
    1.071099 5.601695e+21 1.217746e-01 0 
    1.091012 5.563149e+21 1.165623e-01 0 
    1.108739 5.550352e+21 1.126052e-01 0 
    1.129352 5.601685e+21 1.095359e-01 0 
    1.150348 5.718990e+21 1.077847e-01 0 
    1.169039 5.732233e+21 1.046074e-01 0 
    1.190775 5.745355e+21 1.010541e-01 0 
    1.210123 5.771924e+21 9.830102e-02 0 
    1.229786 5.838733e+21 9.628440e-02 0 
    1.249768 5.865730e+21 9.366121e-02 0 
    1.270075 5.892788e+21 9.110843e-02 0 
    1.290712 5.933655e+21 8.883007e-02 0 
    1.308668 5.974804e+21 8.700840e-02 0 
    1.329932 5.988475e+21 8.444109e-02 0 
    1.351542 6.071874e+21 8.290107e-02 0 
    1.370343 6.099802e+21 8.101280e-02 0 
    1.389407 6.071843e+21 7.844368e-02 0 
    1.408736 6.016125e+21 7.560561e-02 0 
    1.431626 6.113967e+21 7.439785e-02 0 
    1.451542 6.270761e+21 7.422625e-02 0 
    1.468350 6.227670e+21 7.203820e-02 0 
    1.488775 6.416899e+21 7.220438e-02 0 
    1.509487 6.566329e+21 7.187210e-02 0 
    1.530486 6.797095e+21 7.237041e-02 0 
    1.551777 6.923371e+21 7.170600e-02 0 
    1.569746 6.955324e+21 7.039714e-02 0 
    1.591584 6.923353e+21 6.816380e-02 0 
    1.610014 7.084624e+21 6.816383e-02 0 
    1.628656 7.183197e+21 6.753914e-02 0 
    1.651313 7.233053e+21 6.615448e-02 0 
    1.670434 7.299931e+21 6.524641e-02 0 
    1.689777 7.299860e+21 6.376058e-02 0 
    1.709345 7.300057e+21 6.231080e-02 0 
    1.729136 7.150189e+21 5.964248e-02 0 
    1.749159 7.117413e+21 5.801764e-02 0 
    1.769414 7.003538e+21 5.578983e-02 0 
    1.789903 6.923389e+21 5.389596e-02 0 
    1.810628 6.781355e+21 5.158869e-02 0 
    1.831595 6.750140e+21 5.018228e-02 0 
    1.848543 6.657715e+21 4.859175e-02 0 
    1.869947 6.521189e+21 4.651195e-02 0 
    1.891600 6.506018e+21 4.534748e-02 0 
    1.909104 6.491107e+21 4.441770e-02 0 
    1.931211 6.402028e+21 4.281093e-02 0 
    1.949078 6.270792e+21 4.116807e-02 0 
    1.971648 6.227477e+21 3.995304e-02 0 
    1.989893 6.156371e+21 3.877589e-02 0 
    2.008303 6.142064e+21 3.797977e-02 0 
    2.031559 6.071813e+21 3.669070e-02 0 
    2.050358 6.085802e+21 3.610396e-02 0 
    2.069328 6.016047e+21 3.503878e-02 0 
    2.088476 5.988658e+21 3.424262e-02 0 
    2.107799 5.974880e+21 3.354032e-02 0 
    2.132207 5.961025e+21 3.270082e-02 0 
    2.151937 5.933741e+21 3.195700e-02 0 
    2.171847 5.825180e+21 3.079976e-02 0 
    2.191944 5.825317e+21 3.023828e-02 0 
    2.212227 5.772075e+21 2.941501e-02 0 
    2.227560 5.692885e+21 2.861344e-02 0 
    2.248172 5.653477e+21 2.789671e-02 0 
    2.268973 5.601680e+21 2.713664e-02 0 
    2.289968 5.144393e+21 2.446650e-02 0 
    2.311156 5.203679e+21 2.429676e-02 0 
    2.332542 4.669876e+21 2.140636e-02 0 
    2.348711 4.480472e+21 2.025634e-02 0 
    2.370442 4.616644e+21 2.049105e-02 0 
    2.392377 4.338296e+21 1.890412e-02 0 
    2.408959 4.268836e+21 1.834624e-02 0 
    2.431249 4.298568e+21 1.813683e-02 0 
    2.448101 4.086215e+21 1.700431e-02 0 
    2.470754 4.105049e+21 1.677088e-02 0 
    2.487879 3.591870e+21 1.447300e-02 0 
    2.510900 3.616754e+21 1.430726e-02 0 
    2.528304 3.675534e+21 1.434030e-02 0 
    2.551699 3.709556e+21 1.420887e-02 0 
    2.569385 3.804693e+21 1.437334e-02 0 
    2.587197 3.769825e+21 1.404619e-02 0 
    2.611137 3.822247e+21 1.398157e-02 0 
    2.629235 3.769828e+21 1.360064e-02 0 
    2.647459 3.787208e+21 1.347588e-02 0 
    2.671957 3.778498e+21 1.319947e-02 0 
    2.690479 3.769812e+21 1.298844e-02 0 
    2.709128 3.761152e+21 1.278081e-02 0 
    2.727905 3.735254e+21 1.251867e-02 0 
    2.753147 3.743853e+21 1.231846e-02 0 
    2.772229 3.709533e+21 1.203809e-02 0 
    2.791447 3.709529e+21 1.187289e-02 0 
    2.810795 3.683981e+21 1.162935e-02 0 
    2.830281 3.675508e+21 1.144339e-02 0 
    2.849898 3.650204e+21 1.120869e-02 0 
    2.869654 3.616755e+21 1.095359e-02 0 
    2.889544 3.616779e+21 1.080338e-02 0 
    2.909575 3.591844e+21 1.058168e-02 0 
    2.929742 3.567122e+21 1.036468e-02 0 
    2.950052 3.550729e+21 1.017547e-02 0 
    2.970499 3.534456e+21 9.989877e-03 0 
    2.991091 3.510123e+21 9.784971e-03 0 
    3.011823 3.494008e+21 9.606418e-03 0 
    3.032698 3.469909e+21 9.409275e-03 0 
    3.046699 3.461972e+21 9.301670e-03 0 
    3.067816 3.453991e+21 9.152907e-03 0 
    3.089083 3.438151e+21 8.985913e-03 0 
    3.110494 3.430225e+21 8.842201e-03 0 
    3.132057 3.430228e+21 8.720877e-03 0 
    3.146513 3.398754e+21 8.561643e-03 0 
    3.168322 3.390952e+21 8.424797e-03 0 
    3.190285 3.390976e+21 8.309257e-03 0 
    3.212398 3.398777e+21 8.214108e-03 0 
    3.227228 3.398792e+21 8.138825e-03 0 
    3.249597 3.454020e+21 8.157598e-03 0 
    3.272120 3.616776e+21 8.424801e-03 0 
    3.287226 4.048710e+21 9.344455e-03 0 
    3.310010 4.048720e+21 9.216277e-03 0 
    3.332956 3.558958e+21 7.990246e-03 0 
    3.348339 3.359854e+21 7.474085e-03 0 
    3.371547 3.275838e+21 7.187212e-03 0 
    3.387112 3.208655e+21 6.975260e-03 0 
    3.410589 3.171865e+21 6.800680e-03 0 
    3.426330 3.135605e+21 6.661306e-03 0 
    3.450082 3.121153e+21 6.539623e-03 0 
    3.473996 3.092582e+21 6.390857e-03 0 
    3.490033 3.064243e+21 6.274233e-03 0 
    3.506141 3.036086e+21 6.159589e-03 0 
    3.530443 3.015251e+21 6.033392e-03 0 
    3.546741 2.987609e+21 5.923267e-03 0 
    3.571325 2.967033e+21 5.801764e-03 0 
    3.587812 2.939792e+21 5.695786e-03 0 
    3.612679 2.926267e+21 5.591800e-03 0 
    3.629354 2.899466e+21 5.489792e-03 0 
    3.646109 2.866250e+21 5.377139e-03 0 
    3.671380 2.853137e+21 5.279107e-03 0 
    3.688326 2.813951e+21 5.158866e-03 0 
    3.713894 2.801081e+21 5.064809e-03 0 
    3.731035 2.781751e+21 4.983747e-03 0 
    3.748256 2.743619e+21 4.870368e-03 0 
    3.774240 2.743638e+21 4.803571e-03 0 
    3.791660 2.718443e+21 4.715826e-03 0 
    3.809160 2.693494e+21 4.629712e-03 0 
    3.826745 2.674957e+21 4.555691e-03 0 
    3.853269 2.662727e+21 4.472644e-03 0 
    3.871058 2.638229e+21 4.390861e-03 0 
    3.888924 2.614140e+21 4.310885e-03 0 
    3.906874 2.590151e+21 4.232167e-03 0 
    3.933957 2.584176e+21 4.164467e-03 0 
    3.952114 2.554606e+21 4.079072e-03 0 
    3.970355 2.537047e+21 4.013898e-03 0 
    3.988684 2.508010e+21 3.931573e-03 0 
    4.007094 2.490649e+21 3.868564e-03 0 
    4.025588 2.479204e+21 3.815488e-03 0 
    4.053495 2.462194e+21 3.737314e-03 0 
    4.072204 2.450884e+21 3.686041e-03 0 
    4.090999 2.433942e+21 3.627004e-03 0 
    4.109880 2.417213e+21 3.569053e-03 0 
    4.128854 2.406140e+21 3.520127e-03 0 
    4.147911 2.384064e+21 3.455855e-03 0 
    4.167055 2.367658e+21 3.400611e-03 0 
    4.186293 2.351383e+21 3.346268e-03 0 
    4.205614 2.335240e+21 3.292829e-03 0 
    4.234764 2.340592e+21 3.255096e-03 0 
    4.254314 2.319149e+21 3.195700e-03 0 
    4.273949 2.308475e+21 3.151831e-03 0 
    4.293676 2.245490e+21 3.037729e-03 0 
    4.313498 2.184380e+21 2.927962e-03 0 
    4.333406 2.199425e+21 2.921103e-03 0 
    4.353407 2.139517e+21 2.815488e-03 0 
    4.373505 2.115009e+21 2.757715e-03 0 
    4.393691 2.105371e+21 2.719982e-03 0 
    4.413970 2.057435e+21 2.633685e-03 0 
    4.434342 2.048003e+21 2.597578e-03 0 
    4.454813 2.038512e+21 2.561833e-03 0 
    4.465082 1.992212e+21 2.492144e-03 0 
    4.485690 2.001322e+21 2.480590e-03 0 
    4.506399 1.987503e+21 2.440872e-03 0 
    4.527198 1.960344e+21 2.385447e-03 0 
    4.548093 1.969347e+21 2.374433e-03 0 
    4.569084 1.964748e+21 2.347172e-03 0 
    4.590178 1.933362e+21 2.288498e-03 0 
    4.611364 1.946786e+21 2.283262e-03 0 
    4.632647 1.937921e+21 2.252030e-03 0 
    4.654034 1.928886e+21 2.220976e-03 0 
    4.664762 1.928968e+21 2.210866e-03 0 
    4.686292 1.920107e+21 2.180535e-03 0 
    4.707921 1.911238e+21 2.150567e-03 0 
    4.729656 1.924554e+21 2.145692e-03 0 
    4.751486 1.911309e+21 2.111390e-03 0 
    4.773416 1.906890e+21 2.087197e-03 0 
    4.795452 1.906891e+21 2.068061e-03 0 
    4.806506 1.885088e+21 2.035023e-03 0 
    4.828690 1.902530e+21 2.035023e-03 0 
    4.850977 1.889300e+21 2.002345e-03 0 
    4.873372 1.880652e+21 1.974903e-03 0 
    4.884605 1.872061e+21 1.956850e-03 0 
    4.907150 1.867767e+21 1.934463e-03 0 
    4.929799 1.867807e+21 1.916770e-03 0 
    4.952557 1.863430e+21 1.894744e-03 0 
    4.975416 1.872071e+21 1.886079e-03 0 
    4.986885 1.855147e+21 1.860442e-03 0 
    5.009907 1.872679e+21 1.860803e-03 0 
    5.033030 1.886155e+21 1.857012e-03 0 
    5.044631 1.875517e+21 1.838056e-03 0 
    5.067914 1.893242e+21 1.838417e-03 0 
    5.079596 1.899925e+21 1.836431e-03 0 
    5.091311 1.910950e+21 1.838597e-03 0 
    5.103046 1.913361e+21 1.832460e-03 0 
    5.114810 1.920109e+21 1.830472e-03 0 
    5.126599 1.926878e+21 1.828488e-03 0 
    5.138417 1.933669e+21 1.826501e-03 0 
    5.150261 1.936066e+21 1.820363e-03 0 
    5.162138 1.947320e+21 1.822530e-03 0 
    5.174038 1.958827e+21 1.824876e-03 0 
    5.185964 1.965532e+21 1.822710e-03 0 
    5.197918 1.967954e+21 1.816571e-03 0 
    5.209899 1.974875e+21 1.814586e-03 0 
    5.221909 1.981820e+21 1.812600e-03 0 
    5.233945 1.988587e+21 1.810434e-03 0 
    5.246016 1.995578e+21 1.808447e-03 0 
    5.258108 2.011793e+21 1.814767e-03 0 
    5.270229 2.023491e+21 1.816932e-03 0 
    5.282377 2.030608e+21 1.814947e-03 0 
    5.294553 2.032878e+21 1.808628e-03 0 
    5.306758 2.040018e+21 1.806641e-03 0 
    5.318996 2.047022e+21 1.804512e-03 0 
    5.331257 2.063630e+21 1.810794e-03 0 
    5.343545 2.070675e+21 1.808629e-03 0 
    5.355863 2.082723e+21 1.810794e-03 0 
    5.368208 2.089832e+21 1.808628e-03 0 
    5.380582 2.101784e+21 1.810615e-03 0 
    5.392985 2.114011e+21 1.812780e-03 0 
    5.405422 2.126099e+21 1.814766e-03 0 
    5.417882 2.138249e+21 1.816752e-03 0 
    5.430371 2.145770e+21 1.814766e-03 0 
    5.442888 2.158033e+21 1.816753e-03 0 
    5.455434 2.175319e+21 1.822891e-03 0 
    5.468009 2.182761e+21 1.820724e-03 0 
    5.480614 2.195227e+21 1.822710e-03 0 
    5.493253 2.207985e+21 1.824876e-03 0 
    5.505915 2.220591e+21 1.826863e-03 0 
    5.518607 2.238335e+21 1.833001e-03 0 
    5.531328 2.261512e+21 1.843472e-03 0 
    5.544078 2.274397e+21 1.845457e-03 0 
    5.556857 2.282212e+21 1.843291e-03 0 
    5.569672 2.305775e+21 1.853763e-03 0 
    5.582511 2.324313e+21 1.860081e-03 0 
    5.595379 2.342973e+21 1.866400e-03 0 
    5.608277 2.361528e+21 1.872538e-03 0 
    5.621204 2.380434e+21 1.878858e-03 0 
    5.634161 2.399693e+21 1.885357e-03 0 
    5.647149 2.424388e+21 1.896008e-03 0 
    5.660172 2.455064e+21 1.911173e-03 0 
    5.673219 2.474550e+21 1.917492e-03 0 
    5.686296 2.500249e+21 1.928505e-03 0 
    5.699403 2.520019e+21 1.934824e-03 0 
    5.712541 2.557871e+21 1.954864e-03 0 
    5.725708 2.590086e+21 1.970390e-03 0 
    5.738913 2.622788e+21 1.986097e-03 0 
    5.752142 2.655971e+21 2.001984e-03 0 
    5.765401 2.689404e+21 2.017871e-03 0 
    5.778690 2.729615e+21 2.038633e-03 0 
    5.792011 2.776941e+21 2.064450e-03 0 
    5.805362 2.818302e+21 2.085573e-03 0 
    5.818744 2.867093e+21 2.111931e-03 0 
    5.832163 2.923422e+21 2.143526e-03 0 
    5.845606 2.973771e+21 2.170426e-03 0 
    5.859080 3.032227e+21 2.202923e-03 0 
    5.872586 3.098648e+21 2.240835e-03 0 
    5.886123 3.166872e+21 2.279651e-03 0 
    5.899691 3.243723e+21 2.324244e-03 0 
    5.908548 4.408636e+21 3.149482e-03 3 
    5.939450 3.588413e+21 2.536918e-03 3 
    5.970352 3.398782e+21 2.378044e-03 3 
    6.001253 4.835628e+21 3.348616e-03 3 
    6.032156 6.606617e+21 4.528251e-03 3 
    6.063058 3.371567e+21 2.287414e-03 3 
    6.093959 6.221166e+21 4.178007e-03 3 
    6.124862 5.725824e+21 3.806640e-03 3 
    6.155764 7.272955e+21 4.786779e-03 3 
    6.186665 1.095717e+22 7.139730e-03 3 
    6.217568 1.316125e+22 8.490874e-03 3 
    6.248469 1.226927e+22 7.837328e-03 3 
    6.279371 1.059812e+22 6.703369e-03 3 
    6.310273 8.754129e+21 5.482935e-03 3 
    6.341175 7.684493e+21 4.766199e-03 3 
    6.372078 7.091486e+21 4.355836e-03 3 
    6.402979 7.034301e+21 4.279108e-03 3 
    6.433881 6.349036e+21 3.825236e-03 3 
    6.464784 6.575056e+21 3.923628e-03 3 
    6.495685 6.661276e+21 3.937350e-03 3 
    6.526587 4.621859e+21 2.706081e-03 3 
    6.557490 5.050780e+21 2.929407e-03 3 
    6.588391 4.986004e+21 2.864774e-03 3 
    6.619292 6.147746e+21 3.499365e-03 3 
    6.650196 5.976384e+21 3.370281e-03 3 
    6.681097 6.991726e+21 3.906478e-03 3 
    6.711998 4.186384e+21 2.317565e-03 3 
    6.742901 4.962597e+21 2.722149e-03 3 
    6.773803 5.590783e+21 3.038813e-03 3 
    6.804705 6.375975e+21 3.434191e-03 3 
    6.835607 4.637619e+21 2.475354e-03 3 
    6.866509 5.328465e+21 2.818555e-03 3 
    6.897411 6.457905e+21 3.385446e-03 3 
    6.928312 5.171160e+21 2.686765e-03 3 
    6.959215 5.879997e+21 3.027980e-03 3 
    6.990116 5.112091e+21 2.609314e-03 3 
    7.021018 5.548485e+21 2.807183e-03 3 
    7.051921 7.255535e+21 3.638740e-03 3 
    7.082823 7.284763e+21 3.621589e-03 3 
    7.113724 5.793786e+21 2.855386e-03 3 
    7.144627 5.931808e+21 2.898174e-03 3 
    7.175528 7.735002e+21 3.746702e-03 3 
    7.206431 9.635955e+21 4.627546e-03 3 
    7.237332 7.583309e+21 3.610757e-03 3 
    7.268234 8.034440e+21 3.793099e-03 3 
    7.299137 6.289107e+21 2.944031e-03 3 
    7.330038 7.617030e+21 3.535653e-03 3 
    7.360940 6.563539e+21 3.021120e-03 3 
    7.391842 8.058090e+21 3.678097e-03 3 
    7.422744 8.721476e+21 3.947821e-03 3 
    7.453646 9.124023e+21 4.095862e-03 3 
    7.484548 1.293621e+22 5.759336e-03 3 
    7.513428 1.760246e+22 7.776666e-03 3 
    7.575353 1.489704e+22 6.474267e-03 3 
    7.637281 1.652820e+22 7.067152e-03 3 
    7.699207 1.520363e+22 6.396638e-03 3 
    7.761135 1.538683e+22 6.370818e-03 3 
    7.823061 1.582563e+22 6.449173e-03 3 
    7.884990 1.446055e+22 5.800680e-03 3 
    7.946916 1.224962e+22 4.837512e-03 3 
    8.008843 1.259404e+22 4.896909e-03 3 
    8.070771 1.167677e+22 4.470839e-03 3 
    8.132698 1.079805e+22 4.071670e-03 3 
    8.194624 1.011681e+22 3.757353e-03 3 
    8.256552 1.074848e+22 3.932294e-03 3 
    8.318478 1.026715e+22 3.700484e-03 3 
    8.380406 1.099202e+22 3.903408e-03 3 
    8.442333 9.437005e+21 3.302218e-03 3 
    8.504260 9.434606e+21 3.253473e-03 3 
    8.566187 1.018975e+22 3.463258e-03 3 
    8.628115 1.074555e+22 3.599925e-03 3 
    8.690041 1.022523e+22 3.376961e-03 3 
    8.751968 9.732174e+21 3.168800e-03 3 
    8.813896 7.707022e+21 2.474271e-03 3 
    8.875822 7.722176e+21 2.444663e-03 3 
    8.937749 7.131761e+21 2.226573e-03 3 
    8.999676 6.361437e+21 1.958835e-03 3 
    9.061603 5.710381e+21 1.734409e-03 3 
    9.123531 5.893181e+21 1.765714e-03 3 
    9.185458 5.334168e+21 1.576745e-03 3 
    9.247385 6.395169e+21 1.865136e-03 3 
    9.309312 6.174401e+21 1.776872e-03 3 
    9.371239 6.176528e+21 1.754070e-03 3 
    9.433166 6.658574e+21 1.866220e-03 3 
    9.495092 6.938813e+21 1.919479e-03 3 
    9.557020 6.675890e+21 1.822891e-03 3 
    9.618947 6.589483e+21 1.776204e-03 3 
    9.680874 6.965374e+21 1.853582e-03 3 
    9.742802 6.558596e+21 1.723215e-03 3 
    9.804729 6.790254e+21 1.761616e-03 3 
    9.866656 6.294629e+21 1.612600e-03 3 
    9.928583 6.240166e+21 1.578767e-03 3 
    9.990506 6.038562e+21 1.508881e-03 3 
   10.052438 5.901308e+21 1.456471e-03 3 
   10.114361 5.895219e+21 1.437207e-03 3 
   10.176294 6.012764e+21 1.448076e-03 3 
   10.238217 6.069165e+21 1.444032e-03 3 
   10.300149 6.258935e+21 1.471329e-03 3 
   10.362073 6.049942e+21 1.405252e-03 3 
   10.423996 6.383371e+21 1.465136e-03 3 
   10.485928 6.529094e+21 1.480934e-03 3 
   10.547851 7.473426e+21 1.675283e-03 3 
   10.609785 7.667784e+21 1.698843e-03 3 
   10.671707 7.460765e+21 1.633849e-03 3 
   10.733630 7.942163e+21 1.719262e-03 3 
   10.795563 7.959670e+21 1.703338e-03 3 
   10.857486 7.892606e+21 1.669776e-03 3 
   10.919418 7.898403e+21 1.652102e-03 3 
   10.981341 9.170196e+21 1.896550e-03 3 
   11.043274 1.047896e+22 2.142984e-03 3 
   11.105197 1.149044e+22 2.323703e-03 3 
   11.167120 1.726185e+22 3.452244e-03 3 
   11.229053 2.199211e+22 4.349878e-03 3 
   11.290976 2.149059e+22 4.204184e-03 3 
   11.352908 1.831031e+22 3.543055e-03 3 
   11.414831 1.476886e+22 2.826862e-03 3 
   11.476764 1.304358e+22 2.469758e-03 3 
   11.538687 1.206093e+22 2.259250e-03 3 
   11.600609 9.423898e+21 1.746487e-03 3 
   11.662543 8.250623e+21 1.512853e-03 3 
   11.724466 8.740681e+21 1.585826e-03 3 
   11.786398 9.892788e+21 1.776041e-03 3 
   11.848321 9.553432e+21 1.697236e-03 3 
   11.910254 1.071843e+22 1.884454e-03 3 
   11.972177 9.319778e+21 1.621645e-03 3 
   12.034100 1.073912e+22 1.849429e-03 3 
   12.096033 1.004424e+22 1.712094e-03 3 
   12.157956 9.858117e+21 1.663295e-03 3 
   12.219888 9.541452e+21 1.593590e-03 3 
   12.281811 9.111975e+21 1.506552e-03 3 
   12.343735 1.017184e+22 1.664956e-03 3 
   12.405667 1.072057e+22 1.737297e-03 3 
   12.467590 1.104976e+22 1.772899e-03 3 
   12.529523 1.209497e+22 1.921464e-03 3 
   12.591446 1.178329e+22 1.853582e-03 3 
   12.653378 1.316628e+22 2.050910e-03 3 
   12.715302 1.389235e+22 2.142984e-03 3 
   12.777224 1.672959e+22 2.555694e-03 3 
   12.839157 1.549483e+22 2.344284e-03 3 
   12.901080 1.083957e+22 1.624263e-03 3 
   12.963013 9.402686e+21 1.395521e-03 3 
   13.024936 8.321768e+21 1.223379e-03 3 
   13.086858 8.257144e+21 1.202418e-03 3 
   13.148791 8.329475e+21 1.201552e-03 3 
   13.210716 7.548023e+21 1.078641e-03 3 
   13.272647 7.477155e+21 1.058566e-03 3 
   13.334569 8.016381e+21 1.124390e-03 3 
   13.396502 8.029829e+21 1.115886e-03 3 
   13.458427 7.445108e+21 1.025130e-03 3 
   13.520348 7.677068e+21 1.047408e-03 3 
   13.582281 7.885377e+21 1.066040e-03 3 
   13.644205 7.661772e+21 1.026430e-03 3 
   13.706138 7.105939e+21 9.433823e-04 3 
   13.768059 7.284871e+21 9.584575e-04 3 
   13.829994 7.871849e+21 1.026430e-03 3 
   13.891916 6.604171e+21 8.534744e-04 3 
   13.953839 5.637500e+21 7.220971e-04 3 
   14.015770 6.710086e+21 8.519039e-04 3 
   14.077695 8.615714e+21 1.084238e-03 3 
   14.139627 7.320694e+21 9.132145e-04 3 
   14.201550 7.668626e+21 9.482930e-04 3 
   14.228206 7.073453e+21 8.714201e-04 3 
   14.319652 7.240665e+21 8.806635e-04 3 
   14.411105 6.487349e+21 7.790568e-04 3 
   14.502548 6.313548e+21 7.486542e-04 3 
   14.593991 5.884786e+21 6.890948e-04 3 
   14.685444 5.871346e+21 6.789846e-04 3 
   14.776888 5.923671e+21 6.765836e-04 3 
   14.868330 5.927759e+21 6.687482e-04 3 
   14.959773 5.824315e+21 6.490696e-04 3 
   15.051227 5.877213e+21 6.470295e-04 3 
   15.142670 5.932245e+21 6.452241e-04 3 
   15.234113 5.613175e+21 6.032130e-04 3 
   15.325566 5.897209e+21 6.261955e-04 3 
   15.417009 6.149313e+21 6.452423e-04 3 
   15.508452 7.484556e+21 7.761142e-04 3 
   15.599895 7.715948e+21 7.907558e-04 3 
   15.691348 6.768107e+21 6.855564e-04 3 
   15.782794 6.924218e+21 6.932652e-04 3 
   15.874234 7.210265e+21 7.136120e-04 3 
   15.965688 7.442861e+21 7.282175e-04 3 
   16.057131 7.284237e+21 7.046032e-04 3 
   16.148573 7.635307e+21 7.302215e-04 3 
   16.240028 8.365614e+21 7.910806e-04 3 
   16.331470 1.030143e+22 9.632597e-04 3 
   16.422914 1.241248e+22 1.147769e-03 3 
   16.514356 1.216079e+22 1.112077e-03 3 
   16.605813 1.119797e+22 1.012781e-03 3 
   16.697253 1.177512e+22 1.053348e-03 3 
   16.788697 1.197627e+22 1.059703e-03 3 
   16.880141 1.266978e+22 1.108954e-03 3 
   16.971594 1.461309e+22 1.265299e-03 3 
   17.063038 1.597294e+22 1.368260e-03 3 
   17.154481 1.400372e+22 1.186820e-03 3 
   17.245934 1.290684e+22 1.082288e-03 3 
   17.337377 1.316527e+22 1.092344e-03 3 
   17.428820 1.267716e+22 1.040837e-03 3 
   17.520273 1.122935e+22 9.123661e-04 3 
   17.611716 9.828593e+21 7.902863e-04 3 
   17.703159 1.017526e+22 8.097302e-04 3 
   17.794602 1.017910e+22 8.017324e-04 3 
   17.886055 9.159681e+21 7.140813e-04 3 
   17.977498 8.172712e+21 6.306728e-04 3 
   18.068941 8.160820e+21 6.233972e-04 3 
   18.160394 7.839454e+21 5.928322e-04 3 
   18.251838 7.906785e+21 5.919475e-04 3 
   18.343281 7.932137e+21 5.879395e-04 3 
   18.434734 8.845388e+21 6.491418e-04 3 
   18.526178 9.401196e+21 6.831371e-04 3 
   18.617620 1.012828e+22 7.287591e-04 3 
   18.709064 1.308668e+22 9.324417e-04 3 
   18.800517 1.076681e+22 7.597032e-04 3 
   18.891961 9.020909e+21 6.303659e-04 3 
   18.983403 8.894797e+21 6.155798e-04 3 
   19.074858 8.837425e+21 6.057586e-04 3 
   19.166302 8.337871e+21 5.660763e-04 3 
   19.257742 8.498427e+21 5.715106e-04 3 
   19.349186 8.711312e+21 5.803028e-04 3 
   19.440641 8.523279e+21 5.624475e-04 3 
   19.532083 8.693956e+21 5.683512e-04 3 
   19.623527 8.679380e+21 5.621226e-04 3 
   19.714980 8.522717e+21 5.468671e-04 3 
   19.806422 7.848284e+21 4.989524e-04 3 
   19.897866 8.065943e+21 5.080876e-04 3 
   19.989309 8.505279e+21 5.308715e-04 3 
   20.080763 8.818260e+21 5.454048e-04 3 
   20.172205 9.158855e+21 5.613463e-04 3 
   20.263648 9.104755e+21 5.530055e-04 3 
   20.355102 9.148432e+21 5.506765e-04 3 
   20.446544 8.988406e+21 5.362155e-04 3 
   20.464816 8.470897e+21 5.044407e-04 3 
   20.640872 9.344809e+21 5.470296e-04 3 
   20.817034 9.063316e+21 5.216100e-04 3 
   20.993289 8.691040e+21 4.918212e-04 3 
   21.169652 9.227624e+21 5.135218e-04 3 
   21.346117 9.305909e+21 5.093514e-04 3 
   21.522691 8.751961e+21 4.712037e-04 3 
   21.699352 9.018592e+21 4.776851e-04 3 
   21.876125 9.444311e+21 4.921822e-04 3 
   22.052998 9.139628e+21 4.686943e-04 3 
   22.229981 9.009318e+21 4.546845e-04 3 
   22.407064 9.697507e+21 4.817111e-04 3 
   22.584245 9.984026e+21 4.881923e-04 3 
   22.761534 9.984628e+21 4.806459e-04 3 
   22.938927 9.930984e+21 4.706982e-04 3 
   23.116419 9.972311e+21 4.654265e-04 3 
   23.294019 1.088107e+22 5.001259e-04 3 
   23.471720 1.105211e+22 5.003245e-04 3 
   23.649530 1.083840e+22 4.832997e-04 3 
   23.827448 1.105552e+22 4.856468e-04 3 
   24.005469 1.120214e+22 4.848163e-04 3 
   24.183588 1.103793e+22 4.706982e-04 3 
   24.361819 1.100789e+22 4.625740e-04 3 
   24.540145 1.115482e+22 4.619602e-04 3 
   24.718595 1.135346e+22 4.634226e-04 3 
   24.897134 1.191742e+22 4.794904e-04 3 
   25.075780 1.202260e+22 4.768546e-04 3 
   25.254538 1.175648e+22 4.597215e-04 3 
   25.433405 1.188895e+22 4.583856e-04 3 
   25.612372 1.238214e+22 4.707524e-04 3 
   25.791448 1.321800e+22 4.955763e-04 3 
   25.970634 1.339400e+22 4.952694e-04 3 
   26.149931 1.285686e+22 4.689109e-04 3 
   26.329328 1.269665e+22 4.567788e-04 3 
   26.508831 1.242881e+22 4.411080e-04 3 
   26.688450 1.264886e+22 4.428954e-04 3 
   26.868163 1.268234e+22 4.381472e-04 3 
   27.047997 1.262655e+22 4.304383e-04 3 
   27.227931 1.269850e+22 4.271886e-04 3 
   27.407975 1.279630e+22 4.248417e-04 3 
   27.588131 1.295681e+22 4.245708e-04 3 
   27.768394 1.306417e+22 4.225488e-04 3 
   27.948766 1.365684e+22 4.360350e-04 3 
   28.129247 1.537285e+22 4.845456e-04 3 
   28.309841 1.548501e+22 4.818736e-04 3 
   28.490544 1.395405e+22 4.287413e-04 3 
   28.671356 1.380444e+22 4.188117e-04 3 
   28.852278 1.392015e+22 4.170424e-04 3 
   29.033309 1.427356e+22 4.223141e-04 3 
   29.214450 1.425946e+22 4.166813e-04 3 
   29.395703 1.462460e+22 4.220974e-04 3 
   29.577063 1.497153e+22 4.268275e-04 3 
   29.758541 1.478208e+22 4.163022e-04 3 
   29.940131 1.464248e+22 4.073837e-04 3 
   30.121819 1.555700e+22 4.276220e-04 3 
   30.303628 1.573673e+22 4.273873e-04 3 
   30.485547 1.534430e+22 4.117707e-04 3 
   30.667587 1.632397e+22 4.328755e-04 3 
   30.849728 1.651776e+22 4.328575e-04 3 
   31.031984 1.652808e+22 4.280552e-04 3 
   31.214363 1.656070e+22 4.239028e-04 3 
   31.396841 1.654154e+22 4.185048e-04 3 
   31.579438 1.691498e+22 4.230183e-04 3 
   31.762153 1.750563e+22 4.327672e-04 3 
   31.944969 1.762573e+22 4.307632e-04 3 
   32.127906 1.816816e+22 4.389777e-04 3 
   32.310966 1.904537e+22 4.549734e-04 3 
   32.494125 1.826369e+22 4.313952e-04 3 
   32.677400 1.876171e+22 4.382014e-04 3 
   32.860800 1.920427e+22 4.435454e-04 3 
   33.044313 1.953793e+22 4.462534e-04 3 
   33.227938 2.135096e+22 4.822888e-04 3 
   33.411672 2.707235e+22 6.048198e-04 3 
   33.595525 2.821101e+22 6.233791e-04 3 
   33.779500 2.191204e+22 4.789308e-04 3 
   33.963591 2.087978e+22 4.514349e-04 3 
   34.147794 2.086968e+22 4.463617e-04 3 
   34.332109 2.021504e+22 4.277303e-04 3 
   34.516550 2.332456e+22 4.882646e-04 3 
   34.701103 3.680680e+22 7.623210e-04 3 
   34.885775 4.818195e+22 9.873795e-04 3 
