# NGC 0660       
# 
# An Atlas of Galaxy Spectral Energy Distributions from the Ultraviolet to the Mid-Infrared
# Brown et al. (2014)
# http://dx.doi.org/10.5072/03/529D3551F0117
# http://dx.doi.org/10.17909/t9-5bxk-dh29
# 
# The Spectral Energy Distributions of Active Galactic Nuclei
# Brown et al. (2019)
# http://dx.doi.org/10.17909/t9-3dbt-8734
# 
# Column 1: Observed wavelength (um)
# Column 2: L_nu (W/Hz)
# Column 3: f_lam (erg/s/cm2/A)
# Column 4: Source (0 = model, 1 = Optical Spectrun, 2 = Akari, 3 = Spitzer IRS)
# 
  1.0204e-02 6.410669e+05 1.535532e-13 0 
  1.0394e-02 1.029201e+06 2.375918e-13 0 
  1.0611e-02 1.679111e+06 3.719318e-13 0 
  1.0809e-02 2.771422e+06 5.915999e-13 0 
  1.1010e-02 5.097438e+06 1.048754e-12 0 
  1.1396e-02 1.179217e+07 2.264567e-12 0 
  1.1797e-02 2.510616e+07 4.499183e-12 0 
  1.2100e-02 1.322000e+08 2.251942e-11 0 
  1.2496e-02 2.502744e+08 3.997338e-11 0 
  1.2699e-02 3.311787e+08 5.121767e-11 0 
  1.2787e-02 3.862475e+08 5.891484e-11 0 
  1.3115e-02 5.730983e+08 8.309770e-11 0 
  1.3206e-02 7.448126e+08 1.065126e-10 0 
  1.3390e-02 9.500278e+08 1.321514e-10 0 
  1.3702e-02 1.581502e+09 2.100866e-10 0 
  1.3988e-02 2.231244e+09 2.844017e-10 0 
  1.4314e-02 8.145561e+09 9.915061e-10 0 
  1.4715e-02 2.812722e+10 3.239685e-09 0 
  1.5093e-02 4.096410e+10 4.484859e-09 0 
  1.5516e-02 5.992133e+10 6.207523e-09 0 
  1.5914e-02 8.645619e+10 8.514004e-09 0 
  1.6210e-02 1.122466e+11 1.065377e-08 0 
  1.6587e-02 1.593862e+11 1.444812e-08 0 
  1.7013e-02 2.201111e+11 1.896604e-08 0 
  1.7289e-02 2.793025e+11 2.330406e-08 0 
  1.7692e-02 3.769628e+11 3.003593e-08 0 
  1.8021e-02 4.705922e+11 3.613960e-08 0 
  1.8187e-02 5.411423e+11 4.080241e-08 0 
  1.8611e-02 7.169291e+11 5.162181e-08 0 
  1.9088e-02 9.989535e+11 6.837870e-08 0 
  1.9399e-02 1.221612e+12 8.096013e-08 0 
  1.9805e-02 1.563557e+12 9.941697e-08 0 
  2.0220e-02 2.005826e+12 1.223566e-07 0 
  2.0501e-02 2.391853e+12 1.419322e-07 0 
  2.0978e-02 3.032569e+12 1.718617e-07 0 
  2.1616e-02 4.421002e+12 2.359753e-07 0 
  2.2018e-02 5.491807e+12 2.825244e-07 0 
  2.2324e-02 6.325513e+12 3.165543e-07 0 
  2.2687e-02 7.769309e+12 3.764651e-07 0 
  2.3002e-02 1.335769e+13 6.296460e-07 0 
  2.3376e-02 2.606091e+13 1.189448e-06 0 
  2.3976e-02 4.081366e+13 1.770714e-06 0 
  2.4591e-02 4.770373e+13 1.967417e-06 0 
  2.5221e-02 6.256116e+13 2.452882e-06 0 
  2.5690e-02 6.142652e+13 2.321262e-06 0 
  2.5988e-02 7.884616e+13 2.911597e-06 0 
  2.6410e-02 9.395168e+13 3.359419e-06 0 
  2.6901e-02 1.091184e+14 3.760602e-06 0 
  2.7401e-02 1.258663e+14 4.180931e-06 0 
  2.7911e-02 1.451695e+14 4.647519e-06 0 
  2.8430e-02 1.666532e+14 5.142288e-06 0 
  2.9025e-02 1.860378e+14 5.507484e-06 0 
  2.9633e-02 2.209964e+14 6.276686e-06 0 
  3.0114e-02 2.468357e+14 6.788400e-06 0 
  3.0816e-02 2.964557e+14 7.785809e-06 0 
  3.1825e-02 3.818452e+14 9.402579e-06 0 
  3.2792e-02 4.719647e+14 1.094637e-05 0 
  3.3789e-02 5.752452e+14 1.256605e-05 0 
  3.4815e-02 6.930239e+14 1.425975e-05 0 
  3.5708e-02 8.145333e+14 1.593215e-05 0 
  3.6624e-02 9.615607e+14 1.787893e-05 0 
  3.7477e-02 1.107221e+15 1.966080e-05 0 
  3.8527e-02 1.253288e+15 2.105799e-05 0 
  3.9516e-02 1.506549e+15 2.406211e-05 0 
  4.0529e-02 1.761326e+15 2.674264e-05 0 
  4.1378e-02 1.977272e+15 2.880208e-05 0 
  4.2245e-02 2.168833e+15 3.030902e-05 0 
  4.3030e-02 2.380111e+15 3.205908e-05 0 
  4.4134e-02 2.743129e+15 3.512337e-05 0 
  4.5058e-02 3.042986e+15 3.738114e-05 0 
  4.6001e-02 3.321141e+15 3.914256e-05 0 
  4.6965e-02 3.674688e+15 4.154974e-05 0 
  4.7948e-02 4.112492e+15 4.461291e-05 0 
  4.8952e-02 4.415236e+15 4.595254e-05 0 
  4.9977e-02 4.963127e+15 4.955774e-05 0 
    0.050556 5.110886e+15 4.987090e-05 0 
    0.051141 5.770701e+15 5.502836e-05 0 
    0.051972 6.171922e+15 5.698730e-05 0 
    0.053060 6.623213e+15 5.867198e-05 0 
    0.054047 6.916893e+15 5.905605e-05 0 
    0.055052 7.476879e+15 6.152768e-05 0 
    0.055946 8.370490e+15 6.669745e-05 0 
    0.056986 9.321100e+15 7.158587e-05 0 
    0.058046 9.865468e+15 7.302465e-05 0 
    0.058989 1.071589e+16 7.680381e-05 0 
    0.059947 1.093708e+16 7.590373e-05 0 
    0.061062 1.060289e+16 7.092162e-05 0 
    0.062054 1.318876e+16 8.542023e-05 0 
    0.063062 1.389776e+16 8.715768e-05 0 
    0.063940 1.496148e+16 9.126949e-05 0 
    0.064979 1.583555e+16 9.353701e-05 0 
    0.065731 1.629011e+16 9.403292e-05 0 
    0.066492 1.754702e+16 9.898312e-05 0 
    0.067573 1.873900e+16 1.023521e-04 0 
    0.068513 1.873283e+16 9.952996e-05 0 
    0.069466 2.135129e+16 1.103509e-04 0 
    0.070432 2.095107e+16 1.053326e-04 0 
    0.071576 2.424165e+16 1.180113e-04 0 
    0.072572 2.560166e+16 1.212345e-04 0 
    0.073582 2.697244e+16 1.242434e-04 0 
    0.074434 2.857224e+16 1.286169e-04 0 
    0.075469 3.030592e+16 1.327048e-04 0 
    0.076519 2.979002e+16 1.268904e-04 0 
    0.077584 3.432228e+16 1.422094e-04 0 
    0.078482 3.551891e+16 1.438189e-04 0 
    0.079574 3.827079e+16 1.507376e-04 0 
    0.080495 4.052237e+16 1.559744e-04 0 
    0.081427 4.260556e+16 1.602602e-04 0 
    0.082560 4.610651e+16 1.687017e-04 0 
    0.083516 4.116008e+16 1.471748e-04 0 
    0.084483 5.013518e+16 1.751864e-04 0 
    0.085462 5.221381e+16 1.782936e-04 0 
    0.086451 5.628691e+16 1.878295e-04 0 
    0.087452 6.039179e+16 1.969404e-04 0 
    0.088465 6.538860e+16 2.083797e-04 0 
    0.089489 6.950368e+16 2.164537e-04 0 
    0.090525 7.086545e+16 2.156721e-04 0 
    0.091574 1.030046e+17 3.063434e-04 0 
    0.092421 5.871782e+17 1.714451e-03 0 
    0.093491 1.288613e+18 3.676880e-03 0 
    0.094574 2.543468e+18 7.092171e-03 0 
    0.095449 3.874693e+18 1.060696e-02 0 
    0.096554 4.087620e+18 1.093519e-02 0 
    0.097447 6.254975e+17 1.642801e-03 0 
    0.098576 3.036496e+18 7.793397e-03 0 
    0.099488 3.811218e+18 9.603263e-03 0 
    0.100409 6.617938e+18 1.637095e-02 0 
    0.101571 6.914398e+18 1.671519e-02 0 
    0.102511 3.238553e+18 7.686109e-03 0 
    0.103460 4.622887e+18 1.077122e-02 0 
    0.104417 1.043369e+19 2.386667e-02 0 
    0.105383 1.056638e+19 2.372912e-02 0 
    0.106603 7.829876e+18 1.718353e-02 0 
    0.107590 1.019074e+19 2.195625e-02 0 
    0.108585 7.578510e+18 1.603026e-02 0 
    0.109590 1.163968e+19 2.417106e-02 0 
    0.110604 1.146176e+19 2.336717e-02 0 
    0.111627 1.092834e+19 2.187318e-02 0 
    0.112401 9.761303e+18 1.926921e-02 0 
    0.113441 1.411652e+19 2.735798e-02 0 
    0.114491 1.290931e+19 2.456160e-02 0 
    0.115550 1.455621e+19 2.718972e-02 0 
    0.116619 1.535230e+19 2.815343e-02 0 
    0.117428 9.839145e+18 1.779551e-02 0 
    0.118514 1.563215e+19 2.775722e-02 0 
    0.119611 9.683098e+18 1.687985e-02 0 
    0.120440 6.320288e+18 1.086655e-02 0 
    0.121554 5.491201e+18 9.268838e-03 0 
    0.122397 1.173082e+19 1.952914e-02 0 
    0.123529 1.973294e+19 3.225154e-02 0 
    0.124386 2.227419e+19 3.590504e-02 0 
    0.125537 2.116349e+19 3.349194e-02 0 
    0.126407 1.787070e+19 2.789303e-02 0 
    0.127576 2.551697e+19 3.910097e-02 0 
    0.128461 2.775351e+19 4.194419e-02 0 
    0.129351 2.003457e+19 2.986323e-02 0 
    0.130548 2.020022e+19 2.956052e-02 0 
    0.131453 2.829851e+19 4.084313e-02 0 
    0.132364 2.723517e+19 3.876919e-02 0 
    0.133589 2.320536e+19 3.242973e-02 0 
    0.134515 3.075405e+19 4.238940e-02 0 
    0.135447 3.014163e+19 4.097551e-02 0 
    0.136386 2.632838e+19 3.530051e-02 0 
    0.137648 2.888749e+19 3.802476e-02 0 
    0.138602 2.970837e+19 3.856881e-02 0 
    0.139563 2.588342e+19 3.314191e-02 0 
    0.140530 2.742378e+19 3.463265e-02 0 
    0.141505 2.826248e+19 3.520166e-02 0 
    0.142485 3.028664e+19 3.720568e-02 0 
    0.143473 3.035749e+19 3.678086e-02 0 
    0.144135 3.298010e+19 3.959218e-02 0 
    0.144801 3.413681e+19 4.060469e-02 0 
    0.145469 3.312723e+19 3.904277e-02 0 
    0.146477 3.027507e+19 3.519190e-02 0 
    0.147493 3.097190e+19 3.550761e-02 0 
    0.148515 3.256911e+19 3.682660e-02 0 
    0.149545 3.393082e+19 3.783964e-02 0 
    0.150581 3.194097e+19 3.513210e-02 0 
    0.151276 2.768097e+19 3.016739e-02 0 
    0.151625 3.069487e+19 3.329819e-02 0 
    0.152325 2.957159e+19 3.178548e-02 0 
    0.153381 2.503337e+19 2.653827e-02 0 
    0.154444 2.931904e+19 3.065520e-02 0 
    0.155514 2.790709e+19 2.877876e-02 0 
    0.156592 2.865794e+19 2.914756e-02 0 
    0.157678 3.124083e+19 3.133840e-02 0 
    0.158406 3.399072e+19 3.378419e-02 0 
    0.159504 3.505823e+19 3.436713e-02 0 
    0.160609 3.508721e+19 3.392388e-02 0 
    0.161351 3.595104e+19 3.444011e-02 0 
    0.162469 3.380695e+19 3.194195e-02 0 
    0.163595 3.717531e+19 3.464264e-02 0 
    0.164350 3.825734e+19 3.532415e-02 0 
    0.165490 3.522867e+19 3.208110e-02 0 
    0.166637 3.972097e+19 3.567577e-02 0 
    0.167021 3.425411e+19 3.062436e-02 0 
    0.167792 4.027914e+19 3.568076e-02 0 
    0.168566 4.339400e+19 3.808782e-02 0 
    0.169344 4.062149e+19 3.532748e-02 0 
    0.170518 3.905680e+19 3.350061e-02 0 
    0.171305 3.655619e+19 3.106829e-02 0 
    0.172493 3.688233e+19 3.091518e-02 0 
    0.173688 4.051630e+19 3.349551e-02 0 
    0.174490 3.988277e+19 3.266937e-02 0 
    0.175700 4.380374e+19 3.538866e-02 0 
    0.176510 3.959077e+19 3.169215e-02 0 
    0.177325 4.108425e+19 3.258607e-02 0 
    0.178554 4.258372e+19 3.331202e-02 0 
    0.179379 4.680182e+19 3.627571e-02 0 
    0.180622 4.706607e+19 3.598016e-02 0 
    0.181456 4.262325e+19 3.228497e-02 0 
    0.182293 4.431533e+19 3.325910e-02 0 
    0.183557 4.254600e+19 3.149295e-02 0 
    0.184404 3.869892e+19 2.838276e-02 0 
    0.185682 3.871805e+19 2.800724e-02 0 
    0.186539 4.070526e+19 2.917479e-02 0 
    0.187400 4.595981e+19 3.263890e-02 0 
    0.188699 4.172614e+19 2.922573e-02 0 
    0.189570 4.009195e+19 2.782367e-02 0 
    0.190445 4.341646e+19 2.985463e-02 0 
    0.191324 4.151833e+19 2.828769e-02 0 
    0.192651 4.130930e+19 2.775887e-02 0 
    0.193540 4.320542e+19 2.876691e-02 0 
    0.194433 4.539279e+19 2.994632e-02 0 
    0.195331 4.230514e+19 2.765332e-02 0 
    0.196685 4.796877e+19 3.092520e-02 0 
    0.197592 4.980449e+19 3.181458e-02 0 
    0.198505 4.683309e+19 2.964192e-02 0 
    0.199421 4.547774e+19 2.852026e-02 0 
    0.200341 4.764362e+19 2.960476e-02 0 
    0.201730 4.552212e+19 2.789831e-02 0 
    0.202661 4.879005e+19 2.962698e-02 0 
    0.203597 4.574984e+19 2.752601e-02 0 
    0.204536 4.845951e+19 2.888923e-02 0 
    0.205480 4.616867e+19 2.727123e-02 0 
    0.206429 4.637510e+19 2.714187e-02 0 
    0.207382 5.071724e+19 2.941101e-02 0 
    0.207860 4.765038e+19 2.750559e-02 0 
    0.208339 5.023109e+19 2.886210e-02 0 
    0.209301 4.728930e+19 2.692259e-02 0 
    0.210267 4.769681e+19 2.690566e-02 0 
    0.211724 4.852808e+19 2.699911e-02 0 
    0.212701 4.949815e+19 2.728641e-02 0 
    0.213683 4.541005e+19 2.480324e-02 0 
    0.214670 4.716806e+19 2.552712e-02 0 
    0.215660 4.955396e+19 2.657270e-02 0 
    0.216656 4.791384e+19 2.545751e-02 0 
    0.217656 4.762114e+19 2.507003e-02 0 
    0.218661 4.656637e+19 2.428992e-02 0 
    0.219670 4.934851e+19 2.550522e-02 0 
    0.220684 4.790961e+19 2.453451e-02 0 
    0.221702 4.513405e+19 2.290137e-02 0 
    0.222726 4.350287e+19 2.187120e-02 0 
    0.223754 4.715020e+19 2.348758e-02 0 
    0.224270 4.497175e+19 2.229944e-02 0 
    0.225305 4.254108e+19 2.090082e-02 0 
    0.226345 4.401323e+19 2.142584e-02 0 
    0.227390 4.542485e+19 2.191025e-02 0 
    0.228439 4.698339e+19 2.245434e-02 0 
    0.229494 4.411221e+19 2.088876e-02 0 
    0.230553 4.387585e+19 2.058640e-02 0 
    0.231617 4.179931e+19 1.943232e-02 0 
    0.232686 3.134230e+19 1.443733e-02 0 
    0.233760 3.954501e+19 1.804878e-02 0 
    0.234299 3.882204e+19 1.763738e-02 0 
    0.235380 4.325928e+19 1.947317e-02 0 
    0.236467 3.972670e+19 1.771895e-02 0 
    0.237559 4.188665e+19 1.851097e-02 0 
    0.238655 3.927001e+19 1.719556e-02 0 
    0.239757 4.326072e+19 1.876928e-02 0 
    0.240309 4.150468e+19 1.792476e-02 0 
    0.241419 4.366010e+19 1.868264e-02 0 
    0.242533 4.754748e+19 2.015962e-02 0 
    0.243652 4.625191e+19 1.943060e-02 0 
    0.244777 5.036714e+19 2.096537e-02 0 
    0.245341 5.014024e+19 2.077508e-02 0 
    0.246474 5.049212e+19 2.072898e-02 0 
    0.247611 4.911671e+19 1.997955e-02 0 
    0.248754 5.143968e+19 2.073264e-02 0 
    0.249328 4.878778e+19 1.957336e-02 0 
    0.250479 5.602044e+19 2.226898e-02 0 
    0.251056 4.936332e+19 1.953258e-02 0 
    0.251635 5.169255e+19 2.036021e-02 0 
    0.252215 4.948189e+19 1.939996e-02 0 
    0.253379 5.146215e+19 1.999140e-02 0 
    0.254549 5.099782e+19 1.962932e-02 0 
    0.255723 5.696907e+19 2.172681e-02 0 
    0.256313 5.541911e+19 2.103850e-02 0 
    0.257496 6.050006e+19 2.275680e-02 0 
    0.258685 6.037127e+19 2.250009e-02 0 
    0.259281 5.996269e+19 2.224519e-02 0 
    0.260478 5.860777e+19 2.154317e-02 0 
    0.261680 5.862285e+19 2.135120e-02 0 
    0.262283 6.253153e+19 2.267019e-02 0 
    0.263494 6.701839e+19 2.407404e-02 0 
    0.264710 7.486862e+19 2.664744e-02 0 
    0.265320 7.931544e+19 2.810051e-02 0 
    0.266545 6.989655e+19 2.453642e-02 0 
    0.267775 7.543435e+19 2.623769e-02 0 
    0.268393 7.649492e+19 2.648419e-02 0 
    0.269631 7.290687e+19 2.501067e-02 0 
    0.270253 7.706093e+19 2.631417e-02 0 
    0.271500 7.293634e+19 2.467748e-02 0 
    0.272754 7.296240e+19 2.445982e-02 0 
    0.273382 7.837190e+19 2.615272e-02 0 
    0.274644 6.750033e+19 2.231835e-02 0 
    0.275277 7.020300e+19 2.310533e-02 0 
    0.276548 7.507942e+19 2.448366e-02 0 
    0.277186 7.990789e+19 2.593842e-02 0 
    0.278465 7.563751e+19 2.432722e-02 0 
    0.279750 6.080109e+19 1.937616e-02 0 
    0.280395 6.637026e+19 2.105375e-02 0 
    0.281689 8.359128e+19 2.627348e-02 0 
    0.282339 9.020819e+19 2.822284e-02 0 
    0.283642 8.738038e+19 2.708752e-02 0 
    0.284296 8.404383e+19 2.593348e-02 0 
    0.285608 8.122472e+19 2.483384e-02 0 
    0.286266 9.370734e+19 2.851875e-02 0 
    0.287588 9.839024e+19 2.966928e-02 0 
    0.288251 9.796114e+19 2.940415e-02 0 
    0.289581 1.014505e+20 3.017245e-02 0 
    0.290918 1.168033e+20 3.441996e-02 0 
    0.292934 1.134396e+20 3.297020e-02 0 
    0.294965 1.132624e+20 3.246694e-02 0 
    0.297010 1.189626e+20 3.363294e-02 0 
    0.299068 1.223909e+20 3.412759e-02 0 
    0.301141 1.264977e+20 3.478879e-02 0 
    0.303229 1.316606e+20 3.571172e-02 0 
    0.305331 1.351497e+20 3.615511e-02 0 
    0.306740 1.419346e+20 3.762217e-02 0 
    0.308866 1.457032e+20 3.809126e-02 0 
    0.311007 1.551921e+20 4.001526e-02 0 
    0.313163 1.542700e+20 3.923169e-02 0 
    0.315334 1.598452e+20 4.009168e-02 0 
    0.316789 1.663367e+20 4.133751e-02 0 
    0.318985 1.575496e+20 3.861653e-02 0 
    0.321196 1.701677e+20 4.113708e-02 0 
    0.322679 1.607580e+20 3.850594e-02 0 
    0.324916 1.877727e+20 4.435950e-02 0 
    0.327168 2.061188e+20 4.802556e-02 0 
    0.328678 2.077028e+20 4.795099e-02 0 
    0.330956 2.084191e+20 4.745625e-02 0 
    0.332484 2.090594e+20 4.716551e-02 0 
    0.333250 2.169878e+20 4.872944e-02 0 
    0.334019 2.025856e+20 4.528587e-02 0 
    0.334788 2.348460e+20 5.225645e-02 0 
    0.335560 2.243657e+20 4.969498e-02 0 
    0.336334 1.866927e+20 4.116064e-02 0 
    0.337109 1.951216e+20 4.282141e-02 0 
    0.337886 2.251598e+20 4.918660e-02 0 
    0.338665 2.283797e+20 4.966075e-02 0 
    0.339446 2.284759e+20 4.945333e-02 0 
    0.340228 2.570547e+20 5.538370e-02 0 
    0.341013 2.265716e+20 4.859148e-02 0 
    0.341799 2.230403e+20 4.761439e-02 0 
    0.342587 2.469293e+20 5.247196e-02 0 
    0.343376 2.677639e+20 5.663808e-02 0 
    0.344168 2.393014e+20 5.038493e-02 0 
    0.344961 2.328792e+20 4.880756e-02 0 
    0.345757 2.456542e+20 5.124821e-02 0 
    0.346554 2.330863e+20 4.840290e-02 0 
    0.347353 2.628505e+20 5.433293e-02 0 
    0.348153 2.448498e+20 5.037974e-02 0 
    0.348956 2.624779e+20 5.375859e-02 0 
    0.349760 2.490502e+20 5.077418e-02 0 
    0.350567 2.776368e+20 5.634190e-02 0 
    0.351375 2.592218e+20 5.236321e-02 0 
    0.352185 2.889888e+20 5.810798e-02 0 
    0.352997 2.443810e+20 4.891273e-02 0 
    0.353810 2.892481e+20 5.762709e-02 0 
    0.354626 2.981768e+20 5.913289e-02 0 
    0.355443 3.000701e+20 5.923511e-02 0 
    0.356263 2.886279e+20 5.671439e-02 0 
    0.357084 2.596928e+20 5.079437e-02 0 
    0.357907 2.682777e+20 5.223247e-02 0 
    0.358732 2.326457e+20 4.508699e-02 0 
    0.359559 2.810777e+20 5.422288e-02 0 
    0.360388 3.183820e+20 6.113703e-02 0 
    0.361219 2.630659e+20 5.028285e-02 0 
    0.362052 2.891948e+20 5.502310e-02 0 
    0.362886 3.406520e+20 6.451592e-02 0 
    0.363723 3.002196e+20 5.659707e-02 0 
    0.364561 3.346292e+20 6.279425e-02 0 
    0.365402 3.138246e+20 5.861943e-02 0 
    0.365867 3.729085e+20 6.947879e-02 1 
    0.366141 3.745001e+20 6.967094e-02 1 
    0.366415 3.306845e+20 6.142764e-02 1 
    0.366689 4.234657e+20 7.854507e-02 1 
    0.366964 2.467947e+20 4.570729e-02 1 
    0.367238 4.389335e+20 8.117082e-02 1 
    0.367512 2.039579e+20 3.766118e-02 1 
    0.367786 3.858566e+20 7.114297e-02 1 
    0.368061 3.115867e+20 5.736352e-02 1 
    0.368335 4.345417e+20 7.988072e-02 1 
    0.368609 3.119512e+20 5.725998e-02 1 
    0.368883 4.185973e+20 7.672123e-02 1 
    0.369157 5.266183e+20 9.637629e-02 1 
    0.369432 6.590861e+19 1.204397e-02 1 
    0.369706 2.171682e+20 3.962595e-02 1 
    0.369980 1.191468e+20 2.170812e-02 1 
    0.370254 1.791814e+20 3.259792e-02 1 
    0.370529 1.745816e+20 3.171396e-02 1 
    0.370803 3.921369e+20 7.112916e-02 1 
    0.371077 2.354294e+20 4.264117e-02 1 
    0.371351 4.241420e+20 7.670763e-02 1 
    0.371625 1.994100e+20 3.601087e-02 1 
    0.371900 4.267908e+20 7.695895e-02 1 
    0.372174 3.001260e+20 5.403909e-02 1 
    0.372448 6.764255e+20 1.216144e-01 1 
    0.372722 6.448158e+20 1.157609e-01 1 
    0.372997 6.788553e+20 1.216923e-01 1 
    0.373271 7.805054e+20 1.397088e-01 1 
    0.373545 3.405692e+20 6.087177e-02 1 
    0.373819 3.272224e+20 5.840053e-02 1 
    0.374093 2.939215e+20 5.238038e-02 1 
    0.374368 5.421233e+20 9.647108e-02 1 
    0.374642 1.631556e+20 2.899116e-02 1 
    0.374916 2.678092e+20 4.751755e-02 1 
    0.375190 3.859881e+20 6.838612e-02 1 
    0.375465 3.729774e+20 6.598421e-02 1 
    0.375739 4.565840e+20 8.065747e-02 1 
    0.376013 4.209443e+20 7.425324e-02 1 
    0.376287 4.086668e+20 7.198256e-02 1 
    0.376561 3.440720e+20 6.051668e-02 1 
    0.376836 3.826743e+20 6.720800e-02 1 
    0.377110 1.739767e+20 3.051065e-02 1 
    0.377384 3.064916e+20 5.367203e-02 1 
    0.377658 3.316453e+20 5.799265e-02 1 
    0.377933 3.777702e+20 6.596211e-02 1 
    0.378207 5.480352e+20 9.555331e-02 1 
    0.378481 4.180633e+20 7.278642e-02 1 
    0.378755 4.875938e+20 8.476915e-02 1 
    0.379029 5.109067e+20 8.869379e-02 1 
    0.379304 4.635535e+20 8.035659e-02 1 
    0.379578 5.364331e+20 9.285600e-02 1 
    0.379852 4.207537e+20 7.272698e-02 1 
    0.380126 4.223560e+20 7.289873e-02 1 
    0.380401 2.877330e+20 4.959099e-02 1 
    0.380675 5.012097e+20 8.625956e-02 1 
    0.380949 3.903323e+20 6.708064e-02 1 
    0.381223 5.653495e+20 9.701865e-02 1 
    0.381497 5.542906e+20 9.498427e-02 1 
    0.381772 5.452840e+20 9.330631e-02 1 
    0.382046 5.108746e+20 8.729301e-02 1 
    0.382320 4.303929e+20 7.343574e-02 1 
    0.382594 3.746876e+20 6.383950e-02 1 
    0.382869 3.748753e+20 6.377976e-02 1 
    0.383143 3.512020e+20 5.966664e-02 1 
    0.383417 3.471264e+20 5.888998e-02 1 
    0.383691 4.323015e+20 7.323522e-02 1 
    0.383965 4.163617e+20 7.043425e-02 1 
    0.384240 3.199317e+20 5.404413e-02 1 
    0.384514 4.541986e+20 7.661573e-02 1 
    0.384788 4.712234e+20 7.937437e-02 1 
    0.385062 4.881439e+20 8.210752e-02 1 
    0.385337 4.774148e+20 8.018828e-02 1 
    0.385611 5.124374e+20 8.594852e-02 1 
    0.385885 3.683234e+20 6.168931e-02 1 
    0.386159 4.204521e+20 7.032029e-02 1 
    0.386433 6.106251e+20 1.019818e-01 1 
    0.386708 5.466239e+20 9.116303e-02 1 
    0.386982 5.549518e+20 9.242089e-02 1 
    0.387256 4.649722e+20 7.732627e-02 1 
    0.387530 5.110937e+20 8.487628e-02 1 
    0.387805 5.522199e+20 9.157601e-02 1 
    0.388079 4.814730e+20 7.973116e-02 1 
    0.388353 4.064954e+20 6.722003e-02 1 
    0.388627 3.698406e+20 6.107241e-02 1 
    0.388901 4.022535e+20 6.633125e-02 1 
    0.389176 4.777681e+20 7.867223e-02 1 
    0.389450 5.061639e+20 8.323082e-02 1 
    0.389724 5.730714e+20 9.410027e-02 1 
    0.389998 4.227692e+20 6.932263e-02 1 
    0.390273 5.716648e+20 9.360540e-02 1 
    0.390547 4.963064e+20 8.115209e-02 1 
    0.390821 5.445742e+20 8.891964e-02 1 
    0.391095 5.521976e+20 9.003813e-02 1 
    0.391369 6.788612e+20 1.105362e-01 1 
    0.391644 6.848722e+20 1.113584e-01 1 
    0.391918 4.114592e+20 6.680868e-02 1 
    0.392192 5.110842e+20 8.286889e-02 1 
    0.392466 5.505547e+20 8.914415e-02 1 
    0.392741 3.979988e+20 6.435255e-02 1 
    0.393015 4.972619e+20 8.029036e-02 1 
    0.393289 3.740653e+20 6.031430e-02 1 
    0.393563 3.893759e+20 6.269560e-02 1 
    0.393837 4.836802e+20 7.777171e-02 1 
    0.394112 4.875190e+20 7.827961e-02 1 
    0.394386 4.921303e+20 7.891028e-02 1 
    0.394660 4.605033e+20 7.373658e-02 1 
    0.394934 6.028891e+20 9.640172e-02 1 
    0.395209 5.830766e+20 9.310401e-02 1 
    0.395483 4.991139e+20 7.958670e-02 1 
    0.395757 5.267686e+20 8.388014e-02 1 
    0.396031 5.793392e+20 9.212362e-02 1 
    0.396305 4.937536e+20 7.840569e-02 1 
    0.396580 4.386911e+20 6.956545e-02 1 
    0.396854 2.820033e+20 4.465696e-02 1 
    0.397128 2.846288e+20 4.501054e-02 1 
    0.397402 3.898953e+20 6.157215e-02 1 
    0.397677 3.561281e+20 5.616189e-02 1 
    0.397951 4.505256e+20 7.095071e-02 1 
    0.398225 4.753447e+20 7.475634e-02 1 
    0.398499 5.202630e+20 8.170806e-02 1 
    0.398773 5.672110e+20 8.895894e-02 1 
    0.399048 6.674297e+20 1.045326e-01 1 
    0.399322 7.276490e+20 1.138078e-01 1 
    0.399596 6.592214e+20 1.029640e-01 1 
    0.399870 7.451337e+20 1.162233e-01 1 
    0.400145 6.780658e+20 1.056169e-01 1 
    0.400419 5.811782e+20 9.040166e-02 1 
    0.400693 6.153361e+20 9.558403e-02 1 
    0.400967 7.917946e+20 1.228264e-01 1 
    0.401241 7.736663e+20 1.198504e-01 1 
    0.401516 7.113632e+20 1.100480e-01 1 
    0.401790 7.725483e+20 1.193504e-01 1 
    0.402064 8.487270e+20 1.309405e-01 1 
    0.402338 8.409273e+20 1.295606e-01 1 
    0.402613 7.601720e+20 1.169588e-01 1 
    0.402887 7.807765e+20 1.199656e-01 1 
    0.403161 6.358886e+20 9.757093e-02 1 
    0.403435 6.199716e+20 9.499944e-02 1 
    0.403709 6.766950e+20 1.035506e-01 1 
    0.403984 5.600743e+20 8.558817e-02 1 
    0.404258 5.617815e+20 8.573273e-02 1 
    0.404532 7.009020e+20 1.068189e-01 1 
    0.404806 6.528714e+20 9.936425e-02 1 
    0.405081 5.850157e+20 8.891605e-02 1 
    0.405355 5.806122e+20 8.812751e-02 1 
    0.405629 6.443145e+20 9.766442e-02 1 
    0.405903 6.328349e+20 9.579489e-02 1 
    0.406177 7.186119e+20 1.086326e-01 1 
    0.406452 7.076484e+20 1.068305e-01 1 
    0.406726 7.595724e+20 1.145148e-01 1 
    0.407000 7.649997e+20 1.151778e-01 1 
    0.407274 7.530197e+20 1.132216e-01 1 
    0.407549 6.822915e+20 1.024488e-01 1 
    0.407823 6.372704e+20 9.556014e-02 1 
    0.408097 6.862173e+20 1.027617e-01 1 
    0.408371 6.863330e+20 1.026412e-01 1 
    0.408645 7.429624e+20 1.109611e-01 1 
    0.408920 6.826508e+20 1.018165e-01 1 
    0.409194 6.803487e+20 1.013373e-01 1 
    0.409468 6.874198e+20 1.022536e-01 1 
    0.409742 6.213499e+20 9.230213e-02 1 
    0.410017 5.494416e+20 8.151064e-02 1 
    0.410291 4.678057e+20 6.930714e-02 1 
    0.410565 6.386781e+20 9.449626e-02 1 
    0.410839 6.352638e+20 9.386576e-02 1 
    0.411113 6.036650e+20 8.907792e-02 1 
    0.411388 6.083229e+20 8.964527e-02 1 
    0.411662 6.489900e+20 9.551089e-02 1 
    0.411936 6.788818e+20 9.977717e-02 1 
    0.412210 7.046017e+20 1.034197e-01 1 
    0.412485 7.408588e+20 1.085964e-01 1 
    0.412759 7.252292e+20 1.061643e-01 1 
    0.413033 6.992321e+20 1.022229e-01 1 
    0.413307 7.366457e+20 1.075498e-01 1 
    0.413582 7.210122e+20 1.051274e-01 1 
    0.413856 7.183385e+20 1.045989e-01 1 
    0.414130 7.781515e+20 1.131585e-01 1 
    0.414404 8.298584e+20 1.205182e-01 1 
    0.414678 7.096891e+20 1.029302e-01 1 
    0.414953 6.427559e+20 9.309895e-02 1 
    0.415227 5.895557e+20 8.528058e-02 1 
    0.415501 5.624857e+20 8.125758e-02 1 
    0.415775 5.607544e+20 8.090072e-02 1 
    0.416050 6.780447e+20 9.769306e-02 1 
    0.416324 7.059650e+20 1.015820e-01 1 
    0.416598 7.905646e+20 1.136055e-01 1 
    0.416872 8.114195e+20 1.164492e-01 1 
    0.417146 7.365313e+20 1.055629e-01 1 
    0.417421 6.551267e+20 9.377200e-02 1 
    0.417695 6.547036e+20 9.358852e-02 1 
    0.417969 6.686121e+20 9.545146e-02 1 
    0.418243 7.296686e+20 1.040315e-01 1 
    0.418518 6.633372e+20 9.445011e-02 1 
    0.418792 8.269893e+20 1.175979e-01 1 
    0.419066 8.793807e+20 1.248845e-01 1 
    0.419340 8.324404e+20 1.180639e-01 1 
    0.419614 8.342495e+20 1.181660e-01 1 
    0.419889 7.843473e+20 1.109522e-01 1 
    0.420163 7.941306e+20 1.121897e-01 1 
    0.420437 7.771457e+20 1.096471e-01 1 
    0.420711 8.397868e+20 1.183308e-01 1 
    0.420986 7.810346e+20 1.099085e-01 1 
    0.421260 8.364387e+20 1.175520e-01 1 
    0.421534 7.472869e+20 1.048863e-01 1 
    0.421808 8.503797e+20 1.192009e-01 1 
    0.422082 8.448081e+20 1.182663e-01 1 
    0.422357 7.737789e+20 1.081817e-01 1 
    0.422631 7.248147e+20 1.012047e-01 1 
    0.422905 7.119339e+20 9.927743e-02 1 
    0.423179 7.831912e+20 1.090727e-01 1 
    0.423454 8.074494e+20 1.123050e-01 1 
    0.423728 7.502031e+20 1.042080e-01 1 
    0.424002 8.495079e+20 1.178496e-01 1 
    0.424276 7.508460e+20 1.040280e-01 1 
    0.424550 7.690508e+20 1.064128e-01 1 
    0.424825 7.922697e+20 1.094837e-01 1 
    0.425099 7.097455e+20 9.795326e-02 1 
    0.425373 7.876085e+20 1.085593e-01 1 
    0.425647 7.022067e+20 9.666343e-02 1 
    0.425922 7.495225e+20 1.030436e-01 1 
    0.426196 7.639688e+20 1.048946e-01 1 
    0.426470 9.173353e+20 1.257904e-01 1 
    0.426744 8.573299e+20 1.174112e-01 1 
    0.427018 8.553999e+20 1.169966e-01 1 
    0.427293 8.652088e+20 1.181859e-01 1 
    0.427567 7.712843e+20 1.052210e-01 1 
    0.427841 8.157484e+20 1.111445e-01 1 
    0.428115 7.464216e+20 1.015687e-01 1 
    0.428390 8.376519e+20 1.138365e-01 1 
    0.428664 7.726044e+20 1.048623e-01 1 
    0.428938 8.435596e+20 1.143466e-01 1 
    0.429212 7.706907e+20 1.043357e-01 1 
    0.429486 6.869858e+20 9.288513e-02 1 
    0.429761 6.841754e+20 9.238680e-02 1 
    0.430035 6.791380e+20 9.158974e-02 1 
    0.430309 6.479645e+20 8.727440e-02 1 
    0.430583 5.231844e+20 7.037809e-02 1 
    0.430858 6.654440e+20 8.940043e-02 1 
    0.431132 7.524041e+20 1.009548e-01 1 
    0.431406 6.973132e+20 9.344412e-02 1 
    0.431680 6.989366e+20 9.354281e-02 1 
    0.431954 8.322850e+20 1.112483e-01 1 
    0.432229 9.510740e+20 1.269647e-01 1 
    0.432503 8.062011e+20 1.074884e-01 1 
    0.432777 7.752109e+20 1.032257e-01 1 
    0.433051 7.553360e+20 1.004520e-01 1 
    0.433326 8.621721e+20 1.145146e-01 1 
    0.433600 8.169582e+20 1.083722e-01 1 
    0.433874 8.466776e+20 1.121727e-01 1 
    0.434148 7.323336e+20 9.690134e-02 1 
    0.434422 5.779951e+20 7.638305e-02 1 
    0.434697 6.992992e+20 9.229670e-02 1 
    0.434971 8.395915e+20 1.106736e-01 1 
    0.435245 8.062447e+20 1.061441e-01 1 
    0.435519 7.418528e+20 9.754387e-02 1 
    0.435794 8.470156e+20 1.112309e-01 1 
    0.436068 8.992316e+20 1.179396e-01 1 
    0.436342 7.761753e+20 1.016722e-01 1 
    0.436616 9.206835e+20 1.204502e-01 1 
    0.436890 8.568653e+20 1.119605e-01 1 
    0.437165 9.211095e+20 1.202035e-01 1 
    0.437439 9.546455e+20 1.244238e-01 1 
    0.437713 9.015907e+20 1.173619e-01 1 
    0.437987 8.889805e+20 1.155756e-01 1 
    0.438262 7.661990e+20 9.948793e-02 1 
    0.438536 8.131870e+20 1.054572e-01 1 
    0.438810 8.646739e+20 1.119943e-01 1 
    0.439084 9.001791e+20 1.164475e-01 1 
    0.439358 9.521496e+20 1.230168e-01 1 
    0.439633 8.442491e+20 1.089398e-01 1 
    0.439907 9.230609e+20 1.189611e-01 1 
    0.440181 8.622686e+20 1.109881e-01 1 
    0.440455 9.075285e+20 1.166685e-01 1 
    0.440730 9.071366e+20 1.164727e-01 1 
    0.441004 8.922284e+20 1.144162e-01 1 
    0.441278 8.915069e+20 1.141817e-01 1 
    0.441552 9.330081e+20 1.193488e-01 1 
    0.441826 8.322084e+20 1.063227e-01 1 
    0.442101 8.319763e+20 1.061609e-01 1 
    0.442375 8.925303e+20 1.137466e-01 1 
    0.442649 9.706852e+20 1.235537e-01 1 
    0.442923 9.098392e+20 1.156657e-01 1 
    0.443198 8.671794e+20 1.101057e-01 1 
    0.443472 9.714553e+20 1.231932e-01 1 
    0.443746 9.818628e+20 1.243593e-01 1 
    0.444020 9.009554e+20 1.139711e-01 1 
    0.444294 9.761524e+20 1.233313e-01 1 
    0.444569 9.675118e+20 1.220884e-01 1 
    0.444843 9.730886e+20 1.226409e-01 1 
    0.445117 8.758417e+20 1.102488e-01 1 
    0.445391 9.291322e+20 1.168130e-01 1 
    0.445666 9.029479e+20 1.133809e-01 1 
    0.445940 9.738954e+20 1.221394e-01 1 
    0.446214 9.855283e+20 1.234466e-01 1 
    0.446488 9.735481e+20 1.217964e-01 1 
    0.446762 1.015062e+21 1.268343e-01 1 
    0.447037 9.756009e+20 1.217536e-01 1 
    0.447311 1.041787e+21 1.298543e-01 1 
    0.447585 1.023309e+21 1.273950e-01 1 
    0.447859 1.132347e+21 1.407970e-01 1 
    0.448134 1.089008e+21 1.352420e-01 1 
    0.448408 1.026732e+21 1.273523e-01 1 
    0.448682 1.076158e+21 1.333200e-01 1 
    0.448956 1.022954e+21 1.265741e-01 1 
    0.449230 1.037407e+21 1.282059e-01 1 
    0.449505 1.029131e+21 1.270276e-01 1 
    0.449779 1.082612e+21 1.334661e-01 1 
    0.450053 1.179647e+21 1.452517e-01 1 
    0.450327 1.142153e+21 1.404639e-01 1 
    0.450602 1.086617e+21 1.334710e-01 1 
    0.450876 1.179170e+21 1.446634e-01 1 
    0.451150 1.104564e+21 1.353459e-01 1 
    0.451424 1.108698e+21 1.356877e-01 1 
    0.451698 1.115524e+21 1.363575e-01 1 
    0.451973 1.199532e+21 1.464479e-01 1 
    0.452247 1.129748e+21 1.377611e-01 1 
    0.452521 1.118838e+21 1.362655e-01 1 
    0.452795 1.065730e+21 1.296404e-01 1 
    0.453070 1.080115e+21 1.312308e-01 1 
    0.453344 1.092040e+21 1.325193e-01 1 
    0.453618 1.005898e+21 1.219186e-01 1 
    0.453892 1.032808e+21 1.250291e-01 1 
    0.454166 1.195067e+21 1.444972e-01 1 
    0.454441 1.166448e+21 1.408662e-01 1 
    0.454715 1.103446e+21 1.330972e-01 1 
    0.454989 1.105680e+21 1.332061e-01 1 
    0.455263 1.126902e+21 1.355994e-01 1 
    0.455538 1.022971e+21 1.229450e-01 1 
    0.455812 1.010143e+21 1.212573e-01 1 
    0.456086 1.128809e+21 1.353392e-01 1 
    0.456360 1.251548e+21 1.498748e-01 1 
    0.456634 1.184743e+21 1.417047e-01 1 
    0.456909 1.232534e+21 1.472434e-01 1 
    0.457183 1.124360e+21 1.341595e-01 1 
    0.457457 1.142623e+21 1.361755e-01 1 
    0.457731 1.107426e+21 1.318227e-01 1 
    0.458006 1.154814e+21 1.372986e-01 1 
    0.458280 1.203272e+21 1.428890e-01 1 
    0.458554 1.145745e+21 1.358949e-01 1 
    0.458828 1.134648e+21 1.344181e-01 1 
    0.459102 1.143847e+21 1.353462e-01 1 
    0.459377 1.101120e+21 1.301346e-01 1 
    0.459651 1.058534e+21 1.249525e-01 1 
    0.459925 1.037092e+21 1.222756e-01 1 
    0.460199 1.030131e+21 1.213103e-01 1 
    0.460474 1.063280e+21 1.250644e-01 1 
    0.460748 1.201482e+21 1.411519e-01 1 
    0.461022 1.241572e+21 1.456884e-01 1 
    0.461296 1.182011e+21 1.385347e-01 1 
    0.461570 1.201652e+21 1.406696e-01 1 
    0.461845 1.220742e+21 1.427342e-01 1 
    0.462119 1.282649e+21 1.497947e-01 1 
    0.462393 1.194851e+21 1.393759e-01 1 
    0.462667 1.258809e+21 1.466625e-01 1 
    0.462942 1.278047e+21 1.487271e-01 1 
    0.463216 1.220456e+21 1.418572e-01 1 
    0.463490 1.233614e+21 1.432171e-01 1 
    0.463764 1.260358e+21 1.461492e-01 1 
    0.464038 1.307825e+21 1.514744e-01 1 
    0.464313 1.236131e+21 1.430011e-01 1 
    0.464587 1.108147e+21 1.280441e-01 1 
    0.464861 1.170587e+21 1.350996e-01 1 
    0.465135 1.194867e+21 1.377393e-01 1 
    0.465410 1.285835e+21 1.480507e-01 1 
    0.465684 1.288799e+21 1.482174e-01 1 
    0.465958 1.246860e+21 1.432256e-01 1 
    0.466232 1.217634e+21 1.397040e-01 1 
    0.466506 1.109922e+21 1.271963e-01 1 
    0.466781 1.135743e+21 1.300020e-01 1 
    0.467055 1.225562e+21 1.401186e-01 1 
    0.467329 1.144099e+21 1.306515e-01 1 
    0.467603 1.204764e+21 1.374181e-01 1 
    0.467878 1.215054e+21 1.384289e-01 1 
    0.468152 1.297179e+21 1.476123e-01 1 
    0.468426 1.324449e+21 1.505393e-01 1 
    0.468700 1.292644e+21 1.467525e-01 1 
    0.468974 1.268242e+21 1.438140e-01 1 
    0.469249 1.247306e+21 1.412742e-01 1 
    0.469523 1.210183e+21 1.369096e-01 1 
    0.469797 1.216802e+21 1.374978e-01 1 
    0.470071 1.332023e+21 1.503423e-01 1 
    0.470346 1.245923e+21 1.404600e-01 1 
    0.470620 1.223814e+21 1.378069e-01 1 
    0.470894 1.262763e+21 1.420274e-01 1 
    0.471168 1.249044e+21 1.403210e-01 1 
    0.471442 1.248863e+21 1.401376e-01 1 
    0.471717 1.180028e+21 1.322592e-01 1 
    0.471991 1.169073e+21 1.308792e-01 1 
    0.472265 1.257998e+21 1.406711e-01 1 
    0.472539 1.300349e+21 1.452382e-01 1 
    0.472814 1.373951e+21 1.532805e-01 1 
    0.473088 1.286240e+21 1.433292e-01 1 
    0.473362 1.319907e+21 1.469105e-01 1 
    0.473636 1.215917e+21 1.351795e-01 1 
    0.473910 1.238708e+21 1.375541e-01 1 
    0.474185 1.245658e+21 1.381655e-01 1 
    0.474459 1.238846e+21 1.372512e-01 1 
    0.474733 1.256083e+21 1.390003e-01 1 
    0.475007 1.276893e+21 1.411403e-01 1 
    0.475282 1.322181e+21 1.459771e-01 1 
    0.475556 1.290448e+21 1.423094e-01 1 
    0.475830 1.267819e+21 1.396529e-01 1 
    0.476104 1.288930e+21 1.418150e-01 1 
    0.476378 1.237739e+21 1.360261e-01 1 
    0.476653 1.170619e+21 1.285013e-01 1 
    0.476927 1.201403e+21 1.317290e-01 1 
    0.477201 1.226049e+21 1.342770e-01 1 
    0.477475 1.313238e+21 1.436609e-01 1 
    0.477750 1.255841e+21 1.372239e-01 1 
    0.478024 1.270551e+21 1.386721e-01 1 
    0.478298 1.271307e+21 1.385957e-01 1 
    0.478572 1.233229e+21 1.342906e-01 1 
    0.478846 1.345153e+21 1.463108e-01 1 
    0.479121 1.354970e+21 1.472094e-01 1 
    0.479395 1.233056e+21 1.338111e-01 1 
    0.479669 1.329536e+21 1.441163e-01 1 
    0.479943 1.374980e+21 1.488721e-01 1 
    0.480218 1.369102e+21 1.480660e-01 1 
    0.480492 1.395478e+21 1.507465e-01 1 
    0.480766 1.275782e+21 1.376592e-01 1 
    0.481040 1.279808e+21 1.379364e-01 1 
    0.481314 1.273468e+21 1.370969e-01 1 
    0.481589 1.347769e+21 1.449302e-01 1 
    0.481863 1.329588e+21 1.428125e-01 1 
    0.482137 1.288613e+21 1.382541e-01 1 
    0.482411 1.403526e+21 1.504120e-01 1 
    0.482686 1.381686e+21 1.479028e-01 1 
    0.482960 1.389679e+21 1.485896e-01 1 
    0.483234 1.378733e+21 1.472521e-01 1 
    0.483508 1.396437e+21 1.489740e-01 1 
    0.483782 1.348353e+21 1.436814e-01 1 
    0.484057 1.285226e+21 1.367990e-01 1 
    0.484331 1.374176e+21 1.461014e-01 1 
    0.484605 1.346492e+21 1.429962e-01 1 
    0.484879 1.217624e+21 1.291645e-01 1 
    0.485154 1.269146e+21 1.344772e-01 1 
    0.485428 1.205799e+21 1.276209e-01 1 
    0.485702 1.213335e+21 1.282737e-01 1 
    0.485976 1.412065e+21 1.491151e-01 1 
    0.486250 1.423714e+21 1.501758e-01 1 
    0.486525 1.371086e+21 1.444611e-01 1 
    0.486799 1.324942e+21 1.394421e-01 1 
    0.487073 1.155362e+21 1.214581e-01 1 
    0.487347 1.125035e+21 1.181370e-01 1 
    0.487622 1.145925e+21 1.201949e-01 1 
    0.487896 1.170932e+21 1.226800e-01 1 
    0.488170 1.286893e+21 1.346780e-01 1 
    0.488444 1.326239e+21 1.386401e-01 1 
    0.488718 1.244942e+21 1.299957e-01 1 
    0.488993 1.379866e+21 1.439223e-01 1 
    0.489267 1.332440e+21 1.388200e-01 1 
    0.489541 1.421915e+21 1.479762e-01 1 
    0.489815 1.407027e+21 1.462631e-01 1 
    0.490090 1.431258e+21 1.486150e-01 1 
    0.490364 1.426961e+21 1.480033e-01 1 
    0.490638 1.398830e+21 1.449236e-01 1 
    0.490912 1.411119e+21 1.460336e-01 1 
    0.491186 1.406399e+21 1.453828e-01 1 
    0.491461 1.432331e+21 1.478978e-01 1 
    0.491735 1.431705e+21 1.476685e-01 1 
    0.492009 1.301423e+21 1.340815e-01 1 
    0.492283 1.331661e+21 1.370441e-01 1 
    0.492558 1.353019e+21 1.390867e-01 1 
    0.492832 1.351348e+21 1.387605e-01 1 
    0.493106 1.454962e+21 1.492339e-01 1 
    0.493380 1.434401e+21 1.469616e-01 1 
    0.493654 1.446359e+21 1.480223e-01 1 
    0.493929 1.412552e+21 1.444016e-01 1 
    0.494203 1.432014e+21 1.462289e-01 1 
    0.494477 1.391713e+21 1.419561e-01 1 
    0.494751 1.531365e+21 1.560277e-01 1 
    0.495026 1.467899e+21 1.493952e-01 1 
    0.495300 1.498867e+21 1.523782e-01 1 
    0.495574 1.496393e+21 1.519585e-01 1 
    0.495848 1.642719e+21 1.666336e-01 1 
    0.496122 1.504219e+21 1.524160e-01 1 
    0.496397 1.583079e+21 1.602288e-01 1 
    0.496671 1.584005e+21 1.601457e-01 1 
    0.496945 1.558944e+21 1.574383e-01 1 
    0.497219 1.516067e+21 1.529394e-01 1 
    0.497494 1.454033e+21 1.465193e-01 1 
    0.497768 1.481657e+21 1.491386e-01 1 
    0.498042 1.495748e+21 1.503914e-01 1 
    0.498316 1.418569e+21 1.424745e-01 1 
    0.498590 1.525609e+21 1.530568e-01 1 
    0.498865 1.546215e+21 1.549531e-01 1 
    0.499139 1.527609e+21 1.529204e-01 1 
    0.499413 1.422203e+21 1.422127e-01 1 
    0.499687 1.551557e+21 1.549773e-01 1 
    0.499962 1.499839e+21 1.496467e-01 1 
    0.500236 1.582524e+21 1.577236e-01 1 
    0.500510 1.634503e+21 1.627259e-01 1 
    0.500784 1.671536e+21 1.662308e-01 1 
    0.501059 1.708511e+21 1.697213e-01 1 
    0.501333 1.629586e+21 1.617042e-01 1 
    0.501607 1.432410e+21 1.419831e-01 1 
    0.501881 1.465150e+21 1.450698e-01 1 
    0.502155 1.433774e+21 1.418083e-01 1 
    0.502430 1.414060e+21 1.397054e-01 1 
    0.502704 1.451271e+21 1.432255e-01 1 
    0.502978 1.458614e+21 1.437933e-01 1 
    0.503252 1.484472e+21 1.461832e-01 1 
    0.503527 1.431680e+21 1.408305e-01 1 
    0.503801 1.337532e+21 1.314264e-01 1 
    0.504075 1.492048e+21 1.464498e-01 1 
    0.504349 1.583780e+21 1.552848e-01 1 
    0.504623 1.437525e+21 1.407919e-01 1 
    0.504898 1.565493e+21 1.531582e-01 1 
    0.505172 1.552811e+21 1.517527e-01 1 
    0.505446 1.585419e+21 1.547715e-01 1 
    0.505720 1.530981e+21 1.492953e-01 1 
    0.505995 1.514269e+21 1.475051e-01 1 
    0.506269 1.631615e+21 1.587638e-01 1 
    0.506543 1.521033e+21 1.478435e-01 1 
    0.506817 1.595992e+21 1.549619e-01 1 
    0.507091 1.536560e+21 1.490302e-01 1 
    0.507366 1.514855e+21 1.467658e-01 1 
    0.507640 1.505446e+21 1.456968e-01 1 
    0.507914 1.477730e+21 1.428602e-01 1 
    0.508188 1.463469e+21 1.413289e-01 1 
    0.508463 1.475990e+21 1.423840e-01 1 
    0.508737 1.417313e+21 1.365764e-01 1 
    0.509011 1.494785e+21 1.438868e-01 1 
    0.509285 1.572722e+21 1.512260e-01 1 
    0.509559 1.678959e+21 1.612678e-01 1 
    0.509834 1.507610e+21 1.446531e-01 1 
    0.510108 1.391305e+21 1.333505e-01 1 
    0.510382 1.449449e+21 1.387742e-01 1 
    0.510656 1.429042e+21 1.366735e-01 1 
    0.510931 1.487596e+21 1.421205e-01 1 
    0.511205 1.498133e+21 1.429739e-01 1 
    0.511479 1.525022e+21 1.453841e-01 1 
    0.511753 1.595408e+21 1.519314e-01 1 
    0.512027 1.542678e+21 1.467526e-01 1 
    0.512302 1.655905e+21 1.573547e-01 1 
    0.512576 1.525823e+21 1.448385e-01 1 
    0.512850 1.487538e+21 1.410535e-01 1 
    0.513124 1.598424e+21 1.514062e-01 1 
    0.513399 1.584613e+21 1.499373e-01 1 
    0.513673 1.649387e+21 1.558998e-01 1 
    0.513947 1.486923e+21 1.403939e-01 1 
    0.514221 1.576703e+21 1.487122e-01 1 
    0.514495 1.515607e+21 1.427975e-01 1 
    0.514770 1.530333e+21 1.440310e-01 1 
    0.515044 1.573942e+21 1.479778e-01 1 
    0.515318 1.626092e+21 1.527183e-01 1 
    0.515592 1.524286e+21 1.430048e-01 1 
    0.515867 1.656560e+21 1.552487e-01 1 
    0.516141 1.607196e+21 1.504626e-01 1 
    0.516415 1.518995e+21 1.420545e-01 1 
    0.516689 1.650531e+21 1.541919e-01 1 
    0.516963 1.502443e+21 1.402089e-01 1 
    0.517238 1.408791e+21 1.313295e-01 1 
    0.517512 1.347827e+21 1.255133e-01 1 
    0.517786 1.505311e+21 1.400303e-01 1 
    0.518060 1.641999e+21 1.525841e-01 1 
    0.518335 1.428249e+21 1.325804e-01 1 
    0.518609 1.416178e+21 1.313210e-01 1 
    0.518883 1.538080e+21 1.424743e-01 1 
    0.519157 1.641135e+21 1.518600e-01 1 
    0.519431 1.617679e+21 1.495316e-01 1 
    0.519706 1.689610e+21 1.560154e-01 1 
    0.519980 1.640499e+21 1.513210e-01 1 
    0.520254 1.627068e+21 1.499240e-01 1 
    0.520528 1.594807e+21 1.467968e-01 1 
    0.520803 1.686305e+21 1.550550e-01 1 
    0.521077 1.563289e+21 1.435926e-01 1 
    0.521351 1.517589e+21 1.392484e-01 1 
    0.521625 1.687075e+21 1.546373e-01 1 
    0.521899 1.749921e+21 1.602293e-01 1 
    0.522174 1.748062e+21 1.598906e-01 1 
    0.522448 1.699451e+21 1.552812e-01 1 
    0.522722 1.635093e+21 1.492442e-01 1 
    0.522996 1.612166e+21 1.469973e-01 1 
    0.523271 1.747838e+21 1.592005e-01 1 
    0.523545 1.612149e+21 1.466877e-01 1 
    0.523819 1.829817e+21 1.663189e-01 1 
    0.524093 1.793584e+21 1.628551e-01 1 
    0.524367 1.735592e+21 1.574249e-01 1 
    0.524642 1.769278e+21 1.603121e-01 1 
    0.524916 1.658930e+21 1.501567e-01 1 
    0.525190 1.839804e+21 1.663547e-01 1 
    0.525464 1.596068e+21 1.441657e-01 1 
    0.525739 1.631998e+21 1.472569e-01 1 
    0.526013 1.878854e+21 1.693544e-01 1 
    0.526287 1.702283e+21 1.532791e-01 1 
    0.526561 1.572467e+21 1.414428e-01 1 
    0.526835 1.595688e+21 1.433822e-01 1 
    0.527110 1.615622e+21 1.450219e-01 1 
    0.527384 1.619161e+21 1.451886e-01 1 
    0.527658 1.657884e+21 1.485065e-01 1 
    0.527932 1.575805e+21 1.410077e-01 1 
    0.528207 1.696774e+21 1.516744e-01 1 
    0.528481 1.735424e+21 1.549684e-01 1 
    0.528755 1.864084e+21 1.662849e-01 1 
    0.529029 1.980953e+21 1.765273e-01 1 
    0.529303 1.818807e+21 1.619103e-01 1 
    0.529578 1.824496e+21 1.622480e-01 1 
    0.529852 1.806507e+21 1.604822e-01 1 
    0.530126 1.811940e+21 1.607985e-01 1 
    0.530400 1.799282e+21 1.595103e-01 1 
    0.530675 1.866588e+21 1.653056e-01 1 
    0.530949 1.898066e+21 1.679199e-01 1 
    0.531223 1.730402e+21 1.529290e-01 1 
    0.531497 1.879619e+21 1.659451e-01 1 
    0.531771 1.777646e+21 1.567807e-01 1 
    0.532046 1.851225e+21 1.631013e-01 1 
    0.532320 1.879108e+21 1.653874e-01 1 
    0.532594 1.826317e+21 1.605758e-01 1 
    0.532868 1.806409e+21 1.586621e-01 1 
    0.533143 1.880678e+21 1.650150e-01 1 
    0.533417 1.873965e+21 1.642571e-01 1 
    0.533691 1.861081e+21 1.629604e-01 1 
    0.533965 1.816069e+21 1.588558e-01 1 
    0.534239 1.892918e+21 1.654082e-01 1 
    0.534514 1.884113e+21 1.644695e-01 1 
    0.534788 1.955318e+21 1.705102e-01 1 
    0.535062 1.809275e+21 1.576133e-01 1 
    0.535336 2.018118e+21 1.756265e-01 1 
    0.535611 2.007673e+21 1.745382e-01 1 
    0.535885 2.036933e+21 1.769009e-01 1 
    0.536159 2.170277e+21 1.882888e-01 1 
    0.536433 1.879060e+21 1.628569e-01 1 
    0.536707 1.929313e+21 1.670416e-01 1 
    0.536982 1.884672e+21 1.630095e-01 1 
    0.537256 1.898459e+21 1.640345e-01 1 
    0.537530 1.941809e+21 1.676091e-01 1 
    0.537804 1.973890e+21 1.702046e-01 1 
    0.538079 1.977679e+21 1.703571e-01 1 
    0.538353 1.935610e+21 1.665636e-01 1 
    0.538627 2.044191e+21 1.757283e-01 1 
    0.538901 2.090409e+21 1.795187e-01 1 
    0.539175 2.032506e+21 1.743688e-01 1 
    0.539450 1.936663e+21 1.659771e-01 1 
    0.539724 1.872465e+21 1.603122e-01 1 
    0.539998 1.806265e+21 1.544876e-01 1 
    0.540272 1.951288e+21 1.667219e-01 1 
    0.540547 1.919138e+21 1.638083e-01 1 
    0.540821 1.898283e+21 1.618640e-01 1 
    0.541095 1.928921e+21 1.643099e-01 1 
    0.541369 1.919991e+21 1.633838e-01 1 
    0.541643 1.950068e+21 1.657753e-01 1 
    0.541918 2.111674e+21 1.793313e-01 1 
    0.542192 2.062124e+21 1.749464e-01 1 
    0.542466 1.967327e+21 1.667354e-01 1 
    0.542740 2.001737e+21 1.694805e-01 1 
    0.543015 1.887088e+21 1.596118e-01 1 
    0.543289 1.970221e+21 1.664752e-01 1 
    0.543563 1.944705e+21 1.641536e-01 1 
    0.543837 1.937778e+21 1.634041e-01 1 
    0.544111 1.928959e+21 1.624967e-01 1 
    0.544386 2.098435e+21 1.765949e-01 1 
    0.544660 1.949650e+21 1.639088e-01 1 
    0.544934 1.971649e+21 1.655916e-01 1 
    0.545208 1.936785e+21 1.625000e-01 1 
    0.545483 1.867598e+21 1.565371e-01 1 
    0.545757 1.992424e+21 1.668321e-01 1 
    0.546031 2.012937e+21 1.683806e-01 1 
    0.546305 1.984878e+21 1.658670e-01 1 
    0.546579 2.117011e+21 1.767314e-01 1 
    0.546854 1.992758e+21 1.661913e-01 1 
    0.547128 1.962136e+21 1.634737e-01 1 
    0.547402 1.956752e+21 1.628619e-01 1 
    0.547676 2.059490e+21 1.712414e-01 1 
    0.547951 2.093678e+21 1.739094e-01 1 
    0.548225 2.017142e+21 1.673845e-01 1 
    0.548499 2.098897e+21 1.739946e-01 1 
    0.548773 2.053381e+21 1.700515e-01 1 
    0.549047 2.018948e+21 1.670331e-01 1 
    0.549322 1.963178e+21 1.622565e-01 1 
    0.549596 2.034037e+21 1.679455e-01 1 
    0.549870 1.983812e+21 1.636352e-01 1 
    0.550144 2.128215e+21 1.753716e-01 1 
    0.550419 2.054233e+21 1.691061e-01 1 
    0.550693 2.116340e+21 1.740455e-01 1 
    0.550967 2.017036e+21 1.657139e-01 1 
    0.551241 1.976508e+21 1.622229e-01 1 
    0.551515 2.017301e+21 1.654065e-01 1 
    0.551790 2.017150e+21 1.652293e-01 1 
    0.552064 1.950924e+21 1.596460e-01 1 
    0.552338 2.123391e+21 1.735868e-01 1 
    0.552612 2.175656e+21 1.776831e-01 1 
    0.552887 2.080571e+21 1.697486e-01 1 
    0.553161 1.996304e+21 1.627121e-01 1 
    0.553435 2.084596e+21 1.697404e-01 1 
    0.553709 2.040528e+21 1.659877e-01 1 
    0.553983 2.041462e+21 1.658994e-01 1 
    0.554258 2.139641e+21 1.737055e-01 1 
    0.554532 2.059945e+21 1.670701e-01 1 
    0.554806 2.132970e+21 1.728219e-01 1 
    0.555080 2.176025e+21 1.761364e-01 1 
    0.555355 2.172080e+21 1.756430e-01 1 
    0.555629 2.207258e+21 1.783116e-01 1 
    0.555903 2.222705e+21 1.793826e-01 1 
    0.556177 2.121390e+21 1.710373e-01 1 
    0.556451 2.109281e+21 1.698936e-01 1 
    0.556726 2.030820e+21 1.634123e-01 1 
    0.557000 2.098873e+21 1.687222e-01 1 
    0.557274 2.113724e+21 1.697489e-01 1 
    0.557548 2.157920e+21 1.731280e-01 1 
    0.557823 2.167890e+21 1.737564e-01 1 
    0.558097 2.076305e+21 1.662525e-01 1 
    0.558371 2.194677e+21 1.755583e-01 1 
    0.558645 2.024324e+21 1.617725e-01 1 
    0.558919 2.045345e+21 1.632921e-01 1 
    0.559194 2.149152e+21 1.714109e-01 1 
    0.559468 2.048678e+21 1.632374e-01 1 
    0.559742 2.066359e+21 1.644851e-01 1 
    0.560016 2.193097e+21 1.744027e-01 1 
    0.560291 2.233968e+21 1.774787e-01 1 
    0.560565 2.180476e+21 1.730597e-01 1 
    0.560839 2.182825e+21 1.730768e-01 1 
    0.561113 2.149770e+21 1.702895e-01 1 
    0.561387 2.303077e+21 1.822553e-01 1 
    0.561662 2.348970e+21 1.857051e-01 1 
    0.561936 2.356214e+21 1.860962e-01 1 
    0.562210 2.350544e+21 1.854674e-01 1 
    0.562484 2.371596e+21 1.869463e-01 1 
    0.562759 2.351031e+21 1.851442e-01 1 
    0.563033 2.185028e+21 1.719039e-01 1 
    0.563307 2.140598e+21 1.682447e-01 1 
    0.563581 2.217860e+21 1.741477e-01 1 
    0.563855 2.165287e+21 1.698545e-01 1 
    0.564130 2.197454e+21 1.722098e-01 1 
    0.564404 2.255167e+21 1.765611e-01 1 
    0.564678 2.134690e+21 1.669666e-01 1 
    0.564952 2.128129e+21 1.662919e-01 1 
    0.565227 2.179010e+21 1.701021e-01 1 
    0.565501 2.375961e+21 1.852973e-01 1 
    0.565775 2.142119e+21 1.668985e-01 1 
    0.566049 2.059843e+21 1.603329e-01 1 
    0.566323 2.253047e+21 1.752017e-01 1 
    0.566598 2.229850e+21 1.732296e-01 1 
    0.566872 2.124876e+21 1.649149e-01 1 
    0.567146 2.095279e+21 1.624608e-01 1 
    0.567420 2.141563e+21 1.658891e-01 1 
    0.567695 2.327663e+21 1.801301e-01 1 
    0.567969 2.333210e+21 1.803852e-01 1 
    0.568243 2.052228e+21 1.585090e-01 1 
    0.568517 2.263487e+21 1.746576e-01 1 
    0.568791 2.337990e+21 1.802327e-01 1 
    0.569066 2.153140e+21 1.658225e-01 1 
    0.569340 2.169972e+21 1.669580e-01 1 
    0.569614 2.386549e+21 1.834448e-01 1 
    0.569888 2.235906e+21 1.717003e-01 1 
    0.570163 2.161958e+21 1.658615e-01 1 
    0.570437 2.156897e+21 1.653143e-01 1 
    0.570711 2.029561e+21 1.554054e-01 1 
    0.570985 2.190131e+21 1.675394e-01 1 
    0.571259 2.321849e+21 1.774453e-01 1 
    0.571534 2.286235e+21 1.745553e-01 1 
    0.571808 2.253891e+21 1.719210e-01 1 
    0.572082 2.419319e+21 1.843627e-01 1 
    0.572356 2.505582e+21 1.907536e-01 1 
    0.572631 2.467089e+21 1.876426e-01 1 
    0.572905 2.327414e+21 1.768500e-01 1 
    0.573179 2.275012e+21 1.727029e-01 1 
    0.573453 2.307220e+21 1.749806e-01 1 
    0.573727 2.470942e+21 1.872183e-01 1 
    0.574002 2.420537e+21 1.832236e-01 1 
    0.574276 2.410040e+21 1.822550e-01 1 
    0.574550 2.280960e+21 1.723290e-01 1 
    0.574824 2.340109e+21 1.766293e-01 1 
    0.575099 2.391029e+21 1.803001e-01 1 
    0.575373 2.378870e+21 1.792125e-01 1 
    0.575647 2.210502e+21 1.663699e-01 1 
    0.575921 2.261570e+21 1.700516e-01 1 
    0.576195 2.399027e+21 1.802157e-01 1 
    0.576470 2.483974e+21 1.864190e-01 1 
    0.576744 2.487471e+21 1.865041e-01 1 
    0.577018 2.429027e+21 1.819491e-01 1 
    0.577292 2.416119e+21 1.808105e-01 1 
    0.577567 2.366355e+21 1.769178e-01 1 
    0.577841 2.495805e+21 1.864191e-01 1 
    0.578115 2.351263e+21 1.754564e-01 1 
    0.578389 2.268706e+21 1.691354e-01 1 
    0.578663 2.365311e+21 1.761705e-01 1 
    0.578938 2.388796e+21 1.777507e-01 1 
    0.579212 2.647130e+21 1.967871e-01 1 
    0.579486 2.399274e+21 1.781929e-01 1 
    0.579760 2.382762e+21 1.767993e-01 1 
    0.580035 2.342369e+21 1.736374e-01 1 
    0.580309 2.408615e+21 1.783797e-01 1 
    0.580583 2.504388e+21 1.852974e-01 1 
    0.580857 2.365804e+21 1.748786e-01 1 
    0.581131 2.456186e+21 1.813885e-01 1 
    0.581406 2.392389e+21 1.765100e-01 1 
    0.581680 2.581883e+21 1.903114e-01 1 
    0.581954 2.411676e+21 1.775980e-01 1 
    0.582228 2.391540e+21 1.759495e-01 1 
    0.582503 2.443972e+21 1.796373e-01 1 
    0.582777 2.550198e+21 1.872689e-01 1 
    0.583051 2.550051e+21 1.870821e-01 1 
    0.583325 2.573089e+21 1.885949e-01 1 
    0.583599 2.598255e+21 1.902607e-01 1 
    0.583874 2.508927e+21 1.835465e-01 1 
    0.584148 2.356408e+21 1.722269e-01 1 
    0.584422 2.497815e+21 1.823910e-01 1 
    0.584696 2.487578e+21 1.814734e-01 1 
    0.584971 2.534454e+21 1.847193e-01 1 
    0.585245 2.514656e+21 1.831047e-01 1 
    0.585519 2.393650e+21 1.741306e-01 1 
    0.585793 2.594673e+21 1.885779e-01 1 
    0.586068 2.526178e+21 1.834274e-01 1 
    0.586342 2.430840e+21 1.763400e-01 1 
    0.586616 3.019641e+21 2.188487e-01 1 
    0.586890 2.925754e+21 2.118463e-01 1 
    0.587164 2.833801e+21 2.049968e-01 1 
    0.587439 2.314172e+21 1.672501e-01 1 
    0.587713 2.279541e+21 1.645937e-01 1 
    0.587987 1.409447e+21 1.016739e-01 1 
    0.588261 1.776635e+21 1.280426e-01 1 
    0.588536 1.871722e+21 1.347696e-01 1 
    0.588810 2.415669e+21 1.737735e-01 1 
    0.589084 2.181023e+21 1.567481e-01 1 
    0.589358 2.197518e+21 1.577867e-01 1 
    0.589632 1.901025e+21 1.363711e-01 1 
    0.589907 2.216764e+21 1.588725e-01 1 
    0.590181 2.216071e+21 1.586755e-01 1 
    0.590455 2.087358e+21 1.493206e-01 1 
    0.590729 2.518011e+21 1.799606e-01 1 
    0.591004 2.693165e+21 1.922997e-01 1 
    0.591278 2.477419e+21 1.767309e-01 1 
    0.591552 2.456108e+21 1.750484e-01 1 
    0.591826 2.393698e+21 1.704424e-01 1 
    0.592100 2.468549e+21 1.756095e-01 1 
    0.592375 2.448835e+21 1.740454e-01 1 
    0.592649 2.593286e+21 1.841415e-01 1 
    0.592923 2.575561e+21 1.827139e-01 1 
    0.593197 2.678663e+21 1.898527e-01 1 
    0.593472 2.372749e+21 1.680149e-01 1 
    0.593746 2.242756e+21 1.586635e-01 1 
    0.594020 2.768340e+21 1.956653e-01 1 
    0.594294 2.597596e+21 1.834279e-01 1 
    0.594568 2.533982e+21 1.787709e-01 1 
    0.594843 2.452885e+21 1.728896e-01 1 
    0.595117 2.456595e+21 1.729917e-01 1 
    0.595391 2.509834e+21 1.765781e-01 1 
    0.595665 2.634502e+21 1.851786e-01 1 
    0.595940 2.503569e+21 1.758130e-01 1 
    0.596214 2.741102e+21 1.923168e-01 1 
    0.596488 2.600563e+21 1.822889e-01 1 
    0.596762 2.536940e+21 1.776660e-01 1 
    0.597036 2.482185e+21 1.736719e-01 1 
    0.597311 2.449939e+21 1.712579e-01 1 
    0.597585 2.674872e+21 1.868100e-01 1 
    0.597859 2.450299e+21 1.709693e-01 1 
    0.598133 2.538127e+21 1.769352e-01 1 
    0.598408 2.645148e+21 1.842263e-01 1 
    0.598682 2.573805e+21 1.790935e-01 1 
    0.598956 2.577875e+21 1.792125e-01 1 
    0.599230 2.534475e+21 1.760343e-01 1 
    0.599504 2.485849e+21 1.724991e-01 1 
    0.599779 2.502097e+21 1.734675e-01 1 
    0.600053 2.538985e+21 1.758642e-01 1 
    0.600327 2.554323e+21 1.767651e-01 1 
    0.600601 2.615903e+21 1.808614e-01 1 
    0.600876 2.661106e+21 1.838184e-01 1 
    0.601150 2.563299e+21 1.769009e-01 1 
    0.601424 2.561694e+21 1.766291e-01 1 
    0.601698 2.576861e+21 1.775130e-01 1 
    0.601972 2.600942e+21 1.790089e-01 1 
    0.602247 2.608009e+21 1.793313e-01 1 
    0.602521 2.661350e+21 1.828328e-01 1 
    0.602795 2.724195e+21 1.869801e-01 1 
    0.603069 2.802271e+21 1.921642e-01 1 
    0.603344 2.694919e+21 1.846342e-01 1 
    0.603618 2.706557e+21 1.852632e-01 1 
    0.603892 2.812407e+21 1.923340e-01 1 
    0.604166 2.775160e+21 1.896147e-01 1 
    0.604440 2.847396e+21 1.943739e-01 1 
    0.604715 2.862939e+21 1.952572e-01 1 
    0.604989 2.885990e+21 1.966510e-01 1 
    0.605263 2.883613e+21 1.963113e-01 1 
    0.605537 2.917463e+21 1.984360e-01 1 
    0.605812 2.777290e+21 1.887304e-01 1 
    0.606086 2.724229e+21 1.849573e-01 1 
    0.606360 2.660293e+21 1.804533e-01 1 
    0.606634 2.600252e+21 1.762213e-01 1 
    0.606908 2.632977e+21 1.782780e-01 1 
    0.607183 2.775554e+21 1.877617e-01 1 
    0.607457 2.817795e+21 1.904473e-01 1 
    0.607731 2.879993e+21 1.944756e-01 1 
    0.608005 2.766705e+21 1.866573e-01 1 
    0.608280 2.766175e+21 1.864529e-01 1 
    0.608554 2.723493e+21 1.834106e-01 1 
    0.608828 2.716601e+21 1.827819e-01 1 
    0.609102 2.857859e+21 1.921132e-01 1 
    0.609376 2.729343e+21 1.833090e-01 1 
    0.609651 2.669489e+21 1.791274e-01 1 
    0.609925 2.702821e+21 1.812011e-01 1 
    0.610199 2.743061e+21 1.837337e-01 1 
    0.610473 2.834166e+21 1.896657e-01 1 
    0.610748 2.799344e+21 1.871667e-01 1 
    0.611022 2.800841e+21 1.870989e-01 1 
    0.611296 2.953353e+21 1.971100e-01 1 
    0.611570 2.966964e+21 1.978410e-01 1 
    0.611844 2.819869e+21 1.878642e-01 1 
    0.612119 2.719490e+21 1.810140e-01 1 
    0.612393 2.781222e+21 1.849574e-01 1 
    0.612667 2.786783e+21 1.851615e-01 1 
    0.612941 2.870698e+21 1.905665e-01 1 
    0.613216 2.926058e+21 1.940673e-01 1 
    0.613490 2.814279e+21 1.864870e-01 1 
    0.613764 2.757492e+21 1.825609e-01 1 
    0.614038 2.668994e+21 1.765442e-01 1 
    0.614312 2.857066e+21 1.888159e-01 1 
    0.614587 2.966444e+21 1.958691e-01 1 
    0.614861 2.939720e+21 1.939316e-01 1 
    0.615135 2.849509e+21 1.878129e-01 1 
    0.615409 2.717319e+21 1.789408e-01 1 
    0.615684 2.639658e+21 1.736714e-01 1 
    0.615958 2.713632e+21 1.783796e-01 1 
    0.616232 2.519727e+21 1.654861e-01 1 
    0.616506 2.652933e+21 1.740797e-01 1 
    0.616780 2.629628e+21 1.723972e-01 1 
    0.617055 2.630669e+21 1.723118e-01 1 
    0.617329 2.737414e+21 1.791445e-01 1 
    0.617603 2.621310e+21 1.713942e-01 1 
    0.617877 2.642111e+21 1.726011e-01 1 
    0.618152 2.724923e+21 1.778526e-01 1 
    0.618426 2.767741e+21 1.804872e-01 1 
    0.618700 2.911327e+21 1.896825e-01 1 
    0.618974 2.721737e+21 1.771731e-01 1 
    0.619248 2.793141e+21 1.816604e-01 1 
    0.619523 2.751934e+21 1.788215e-01 1 
    0.619797 2.573574e+21 1.670837e-01 1 
    0.620071 2.709906e+21 1.757793e-01 1 
    0.620345 2.707058e+21 1.754395e-01 1 
    0.620620 3.000294e+21 1.942713e-01 1 
    0.620894 2.729186e+21 1.765610e-01 1 
    0.621168 2.905675e+21 1.878129e-01 1 
    0.621442 2.973249e+21 1.920112e-01 1 
    0.621716 2.842846e+21 1.834280e-01 1 
    0.621991 2.778386e+21 1.791104e-01 1 
    0.622265 2.731490e+21 1.759322e-01 1 
    0.622539 2.576720e+21 1.658176e-01 1 
    0.622813 2.752432e+21 1.769692e-01 1 
    0.623088 2.857251e+21 1.835465e-01 1 
    0.623362 2.543627e+21 1.632560e-01 1 
    0.623636 2.803177e+21 1.797565e-01 1 
    0.623910 2.822355e+21 1.808274e-01 1 
    0.624184 2.788726e+21 1.785160e-01 1 
    0.624459 2.660428e+21 1.701532e-01 1 
    0.624733 2.830867e+21 1.808952e-01 1 
    0.625007 2.940106e+21 1.877110e-01 1 
    0.625281 2.839037e+21 1.810994e-01 1 
    0.625556 2.660822e+21 1.695821e-01 1 
    0.625830 2.876050e+21 1.831387e-01 1 
    0.626104 2.901546e+21 1.846005e-01 1 
    0.626378 2.809166e+21 1.785668e-01 1 
    0.626652 2.983439e+21 1.894788e-01 1 
    0.626927 2.724088e+21 1.728557e-01 1 
    0.627201 3.056222e+21 1.937617e-01 1 
    0.627475 2.840747e+21 1.799435e-01 1 
    0.627749 2.853436e+21 1.805895e-01 1 
    0.628024 2.872863e+21 1.816598e-01 1 
    0.628298 2.917341e+21 1.843115e-01 1 
    0.628572 2.843687e+21 1.795015e-01 1 
    0.628846 2.854523e+21 1.800286e-01 1 
    0.629120 2.308430e+21 1.454609e-01 1 
    0.629395 2.567102e+21 1.616192e-01 1 
    0.629669 2.701036e+21 1.699035e-01 1 
    0.629943 3.076244e+21 1.933369e-01 1 
    0.630217 3.211553e+21 2.016654e-01 1 
    0.630492 3.207034e+21 2.012060e-01 1 
    0.630766 3.209282e+21 2.011721e-01 1 
    0.631040 3.157525e+21 1.977559e-01 1 
    0.631314 3.128763e+21 1.957845e-01 1 
    0.631588 2.952873e+21 1.846178e-01 1 
    0.631863 2.753548e+21 1.720058e-01 1 
    0.632137 2.947111e+21 1.839376e-01 1 
    0.632411 2.883981e+21 1.798415e-01 1 
    0.632685 2.975960e+21 1.854166e-01 1 
    0.632960 3.102499e+21 1.931326e-01 1 
    0.633234 3.048620e+21 1.896144e-01 1 
    0.633508 3.079979e+21 1.913992e-01 1 
    0.633782 3.094418e+21 1.921302e-01 1 
    0.634056 3.062574e+21 1.899887e-01 1 
    0.634331 3.074547e+21 1.905661e-01 1 
    0.634605 3.265483e+21 2.022260e-01 1 
    0.634879 2.945541e+21 1.822551e-01 1 
    0.635153 3.100123e+21 1.916544e-01 1 
    0.635428 3.039512e+21 1.877447e-01 1 
    0.635702 3.067748e+21 1.893255e-01 1 
    0.635976 3.064607e+21 1.889687e-01 1 
    0.636250 3.009040e+21 1.853825e-01 1 
    0.636524 3.057194e+21 1.881871e-01 1 
    0.636799 3.070330e+21 1.888325e-01 1 
    0.637073 3.170613e+21 1.948324e-01 1 
    0.637347 3.098044e+21 1.902095e-01 1 
    0.637621 3.041972e+21 1.866063e-01 1 
    0.637896 2.947807e+21 1.806740e-01 1 
    0.638170 3.144626e+21 1.925718e-01 1 
    0.638444 3.680403e+21 2.251885e-01 1 
    0.638718 4.856557e+21 2.968975e-01 1 
    0.638992 5.267829e+21 3.217639e-01 1 
    0.639267 4.168085e+21 2.543715e-01 1 
    0.639541 3.506303e+21 2.138007e-01 1 
    0.639815 3.107019e+21 1.892917e-01 1 
    0.640089 3.213553e+21 1.956145e-01 1 
    0.640364 3.101449e+21 1.886285e-01 1 
    0.640638 3.261017e+21 1.981637e-01 1 
    0.640912 3.132518e+21 1.901924e-01 1 
    0.641186 3.260999e+21 1.978241e-01 1 
    0.641460 3.058523e+21 1.853826e-01 1 
    0.641735 3.189119e+21 1.931326e-01 1 
    0.642009 3.088755e+21 1.868950e-01 1 
    0.642283 3.281725e+21 1.984019e-01 1 
    0.642557 3.189422e+21 1.926572e-01 1 
    0.642832 3.058376e+21 1.845833e-01 1 
    0.643106 3.077334e+21 1.855692e-01 1 
    0.643380 3.211417e+21 1.934898e-01 1 
    0.643654 3.288975e+21 1.979940e-01 1 
    0.643928 3.217742e+21 1.935410e-01 1 
    0.644203 3.093497e+21 1.859091e-01 1 
    0.644477 3.097546e+21 1.859942e-01 1 
    0.644751 3.139845e+21 1.883739e-01 1 
    0.645025 3.260471e+21 1.954446e-01 1 
    0.645300 2.998756e+21 1.796033e-01 1 
    0.645574 3.360314e+21 2.010871e-01 1 
    0.645848 3.213361e+21 1.921301e-01 1 
    0.646122 3.106839e+21 1.856035e-01 1 
    0.646396 3.013800e+21 1.798927e-01 1 
    0.646671 3.069082e+21 1.830367e-01 1 
    0.646945 3.168664e+21 1.888156e-01 1 
    0.647219 3.158505e+21 1.880509e-01 1 
    0.647493 3.325469e+21 1.978241e-01 1 
    0.647768 3.400921e+21 2.021408e-01 1 
    0.648042 3.431848e+21 2.038066e-01 1 
    0.648316 3.255726e+21 1.931838e-01 1 
    0.648590 3.180502e+21 1.885609e-01 1 
    0.648864 3.112607e+21 1.843798e-01 1 
    0.649139 3.367375e+21 1.993024e-01 1 
    0.649413 3.158110e+21 1.867591e-01 1 
    0.649687 3.078219e+21 1.818811e-01 1 
    0.649961 3.219298e+21 1.900567e-01 1 
    0.650236 3.221727e+21 1.900392e-01 1 
    0.650510 3.284430e+21 1.935746e-01 1 
    0.650784 3.246214e+21 1.911612e-01 1 
    0.651058 2.951989e+21 1.736888e-01 1 
    0.651332 3.418508e+21 2.009686e-01 1 
    0.651607 3.255294e+21 1.912121e-01 1 
    0.651881 3.214884e+21 1.886797e-01 1 
    0.652155 3.285123e+21 1.926400e-01 1 
    0.652429 3.282665e+21 1.923342e-01 1 
    0.652704 3.220100e+21 1.885095e-01 1 
    0.652978 3.169340e+21 1.853823e-01 1 
    0.653252 3.260412e+21 1.905494e-01 1 
    0.653526 3.386272e+21 1.977391e-01 1 
    0.653800 3.319199e+21 1.936600e-01 1 
    0.654075 3.304783e+21 1.926568e-01 1 
    0.654349 3.536909e+21 2.060162e-01 1 
    0.654623 3.641798e+21 2.119482e-01 1 
    0.654897 3.931878e+21 2.286391e-01 1 
    0.655172 4.118005e+21 2.392614e-01 1 
    0.655446 3.976235e+21 2.308313e-01 1 
    0.655720 4.346429e+21 2.521112e-01 1 
    0.655994 5.124882e+21 2.970165e-01 1 
    0.656268 6.373377e+21 3.690656e-01 1 
    0.656543 6.851070e+21 3.963953e-01 1 
    0.656817 6.025053e+21 3.483121e-01 1 
    0.657091 4.822773e+21 2.785751e-01 1 
    0.657365 3.780159e+21 2.181691e-01 1 
    0.657640 3.596152e+21 2.073758e-01 1 
    0.657914 4.000336e+21 2.304913e-01 1 
    0.658188 4.917716e+21 2.831131e-01 1 
    0.658462 5.546755e+21 3.190612e-01 1 
    0.658736 5.479219e+21 3.149143e-01 1 
    0.659011 4.872006e+21 2.797815e-01 1 
    0.659285 4.074789e+21 2.338057e-01 1 
    0.659559 3.644154e+21 2.089228e-01 1 
    0.659833 3.324362e+21 1.904306e-01 1 
    0.660108 3.463430e+21 1.982316e-01 1 
    0.660382 3.567655e+21 2.040276e-01 1 
    0.660656 3.586681e+21 2.049455e-01 1 
    0.660930 3.442894e+21 1.965663e-01 1 
    0.661204 3.430556e+21 1.956996e-01 1 
    0.661479 3.385989e+21 1.929967e-01 1 
    0.661753 3.581291e+21 2.039597e-01 1 
    0.662027 3.693879e+21 2.101976e-01 1 
    0.662301 3.416538e+21 1.942549e-01 1 
    0.662576 3.415179e+21 1.940164e-01 1 
    0.662850 3.463520e+21 1.966001e-01 1 
    0.663124 3.526022e+21 1.999825e-01 1 
    0.663398 3.507944e+21 1.987929e-01 1 
    0.663672 3.336443e+21 1.889179e-01 1 
    0.663947 3.337399e+21 1.888155e-01 1 
    0.664221 3.523866e+21 1.992006e-01 1 
    0.664495 3.526776e+21 1.992007e-01 1 
    0.664769 3.484814e+21 1.966684e-01 1 
    0.665044 3.518132e+21 1.983846e-01 1 
    0.665318 3.810030e+21 2.146675e-01 1 
    0.665592 3.677008e+21 2.070021e-01 1 
    0.665866 3.403862e+21 1.914673e-01 1 
    0.666140 3.618657e+21 2.033821e-01 1 
    0.666415 3.482715e+21 1.955802e-01 1 
    0.666689 3.650667e+21 2.048435e-01 1 
    0.666963 3.635785e+21 2.038408e-01 1 
    0.667237 3.703705e+21 2.074782e-01 1 
    0.667512 3.777502e+21 2.114380e-01 1 
    0.667786 3.566959e+21 1.994895e-01 1 
    0.668060 3.589660e+21 2.005944e-01 1 
    0.668334 3.859268e+21 2.154836e-01 1 
    0.668608 3.760680e+21 2.098068e-01 1 
    0.668883 3.426844e+21 1.910251e-01 1 
    0.669157 3.440030e+21 1.916031e-01 1 
    0.669431 3.439795e+21 1.914333e-01 1 
    0.669705 3.504968e+21 1.949007e-01 1 
    0.669980 3.686795e+21 2.048433e-01 1 
    0.670254 3.604395e+21 2.001014e-01 1 
    0.670528 3.667401e+21 2.034328e-01 1 
    0.670802 3.765159e+21 2.086849e-01 1 
    0.671077 3.820106e+21 2.115569e-01 1 
    0.671351 4.002610e+21 2.214831e-01 1 
    0.671625 4.328663e+21 2.393297e-01 1 
    0.671899 4.695856e+21 2.594199e-01 1 
    0.672173 4.509399e+21 2.489161e-01 1 
    0.672448 4.103219e+21 2.263100e-01 1 
    0.672722 3.988752e+21 2.198175e-01 1 
    0.672996 4.308698e+21 2.372562e-01 1 
    0.673270 4.229419e+21 2.327012e-01 1 
    0.673545 4.296864e+21 2.362190e-01 1 
    0.673819 4.143795e+21 2.276189e-01 1 
    0.674093 3.637134e+21 1.996255e-01 1 
    0.674367 3.591125e+21 1.969402e-01 1 
    0.674641 3.529839e+21 1.934220e-01 1 
    0.674916 3.567788e+21 1.953422e-01 1 
    0.675190 3.359423e+21 1.837846e-01 1 
    0.675464 3.356866e+21 1.834958e-01 1 
    0.675738 3.525456e+21 1.925551e-01 1 
    0.676013 3.564134e+21 1.945093e-01 1 
    0.676287 3.720379e+21 2.028717e-01 1 
    0.676561 3.644786e+21 1.985887e-01 1 
    0.676835 3.548150e+21 1.931669e-01 1 
    0.677109 3.527591e+21 1.918923e-01 1 
    0.677384 3.674294e+21 1.997103e-01 1 
    0.677658 3.612487e+21 1.961922e-01 1 
    0.677932 3.790810e+21 2.057104e-01 1 
    0.678206 3.857198e+21 2.091438e-01 1 
    0.678481 3.827691e+21 2.073757e-01 1 
    0.678755 3.556373e+21 1.925208e-01 1 
    0.679029 3.612037e+21 1.953764e-01 1 
    0.679303 3.289154e+21 1.777680e-01 1 
    0.679577 3.774927e+21 2.038580e-01 1 
    0.679852 3.881920e+21 2.094664e-01 1 
    0.680126 3.740672e+21 2.016821e-01 1 
    0.680400 3.522841e+21 1.897845e-01 1 
    0.680674 3.854694e+21 2.074952e-01 1 
    0.680949 4.033500e+21 2.169448e-01 1 
    0.681978 3.639049e+21 1.951388e-01 0 
    0.683550 3.629728e+21 1.937448e-01 0 
    0.685126 3.654158e+21 1.941525e-01 0 
    0.686706 3.537336e+21 1.870816e-01 0 
    0.688288 3.627280e+21 1.909577e-01 0 
    0.689875 3.719593e+21 1.949176e-01 0 
    0.691466 3.744583e+21 1.953252e-01 0 
    0.693059 3.778558e+21 1.961924e-01 0 
    0.694657 3.919317e+21 2.025658e-01 0 
    0.696259 3.900418e+21 2.006624e-01 0 
    0.697864 4.017985e+21 2.057611e-01 0 
    0.699472 4.035861e+21 2.057273e-01 0 
    0.701085 3.988501e+21 2.023787e-01 0 
    0.702701 4.118301e+21 2.080048e-01 0 
    0.704321 4.136640e+21 2.079711e-01 0 
    0.705944 4.126183e+21 2.064926e-01 0 
    0.707572 3.796864e+21 1.891386e-01 0 
    0.709203 3.849013e+21 1.908555e-01 0 
    0.710838 3.812709e+21 1.881867e-01 0 
    0.712477 3.909527e+21 1.920786e-01 0 
    0.714119 3.673171e+21 1.796373e-01 0 
    0.715765 3.749132e+21 1.825098e-01 0 
    0.717415 3.774508e+21 1.829009e-01 0 
    0.719069 3.817307e+21 1.841248e-01 0 
    0.720726 3.825011e+21 1.836491e-01 0 
    0.722388 4.004480e+21 1.913822e-01 0 
    0.724053 4.059049e+21 1.930990e-01 0 
    0.725722 4.229972e+21 2.003057e-01 0 
    0.727395 4.277975e+21 2.016480e-01 0 
    0.729072 4.198832e+21 1.970081e-01 0 
    0.730753 4.355418e+21 2.034160e-01 0 
    0.732437 4.425240e+21 2.057277e-01 0 
    0.734126 4.527200e+21 2.095005e-01 0 
    0.735818 4.578722e+21 2.109113e-01 0 
    0.737514 4.673251e+21 2.142767e-01 0 
    0.739214 4.650879e+21 2.122712e-01 0 
    0.740919 4.714249e+21 2.141744e-01 0 
    0.742627 4.723984e+21 2.136306e-01 0 
    0.744338 4.934204e+21 2.221126e-01 0 
    0.746055 4.955845e+21 2.220611e-01 0 
    0.747774 4.897923e+21 2.184578e-01 0 
    0.749498 5.010883e+21 2.224691e-01 0 
    0.751226 5.009403e+21 2.213814e-01 0 
    0.752958 5.066130e+21 2.228596e-01 0 
    0.754693 5.135710e+21 2.248828e-01 0 
    0.756433 5.063882e+21 2.207187e-01 0 
    0.758177 5.133081e+21 2.227067e-01 0 
    0.759925 4.923399e+21 2.126278e-01 0 
    0.761676 4.933475e+21 2.120845e-01 0 
    0.763432 5.105596e+21 2.184752e-01 0 
    0.765192 5.034181e+21 2.144295e-01 0 
    0.766956 4.718680e+21 2.000673e-01 0 
    0.768724 4.860888e+21 2.051498e-01 0 
    0.770496 4.848529e+21 2.036881e-01 0 
    0.772272 4.792055e+21 2.003907e-01 0 
    0.774053 4.936260e+21 2.054722e-01 0 
    0.775837 4.680517e+21 1.939319e-01 0 
    0.777625 4.933718e+21 2.034840e-01 0 
    0.779418 4.921304e+21 2.020393e-01 0 
    0.781215 5.069629e+21 2.071722e-01 0 
    0.783016 5.150691e+21 2.095177e-01 0 
    0.784821 5.114017e+21 2.070701e-01 0 
    0.786630 5.255695e+21 2.118291e-01 0 
    0.788443 5.182521e+21 2.079203e-01 0 
    0.790261 5.109821e+21 2.040615e-01 0 
    0.792083 4.980765e+21 1.979936e-01 0 
    0.793909 5.142927e+21 2.035004e-01 0 
    0.795739 5.153297e+21 2.029739e-01 0 
    0.797573 5.382563e+21 2.110302e-01 0 
    0.799412 5.393474e+21 2.104862e-01 0 
    0.801255 5.429306e+21 2.109110e-01 0 
    0.803101 5.567326e+21 2.152796e-01 0 
    0.804953 5.682229e+21 2.187128e-01 0 
    0.806809 5.746609e+21 2.201743e-01 0 
    0.808668 5.679097e+21 2.165884e-01 0 
    0.810533 5.587120e+21 2.121012e-01 0 
    0.812401 5.572867e+21 2.105883e-01 0 
    0.814274 5.714266e+21 2.149393e-01 0 
    0.816151 5.751999e+21 2.153646e-01 0 
    0.818032 5.737508e+21 2.138352e-01 0 
    0.819918 5.802475e+21 2.152628e-01 0 
    0.821808 5.922225e+21 2.186959e-01 0 
    0.823703 5.325800e+21 1.957672e-01 0 
    0.825602 6.127063e+21 2.241854e-01 0 
    0.827505 6.167950e+21 2.246446e-01 0 
    0.829413 5.998108e+21 2.174548e-01 0 
    0.831324 5.753087e+21 2.076140e-01 0 
    0.833241 5.858662e+21 2.104523e-01 0 
    0.835162 6.007389e+21 2.148032e-01 0 
    0.837087 6.033212e+21 2.147355e-01 0 
    0.839016 5.948799e+21 2.107586e-01 0 
    0.840951 6.071689e+21 2.141236e-01 0 
    0.842889 6.084220e+21 2.135800e-01 0 
    0.844832 5.795151e+21 2.024979e-01 0 
    0.846780 5.969965e+21 2.076477e-01 0 
    0.848732 6.065274e+21 2.099934e-01 0 
    0.850688 4.474200e+21 1.541953e-01 0 
    0.852649 5.802324e+21 1.990480e-01 0 
    0.854615 5.476202e+21 1.869971e-01 0 
    0.856585 6.030529e+21 2.049798e-01 0 
    0.858560 6.197514e+21 2.096876e-01 0 
    0.860539 6.096928e+21 2.053366e-01 0 
    0.862523 6.237111e+21 2.090925e-01 0 
    0.864511 6.321929e+21 2.109623e-01 0 
    0.866504 5.994453e+21 1.991154e-01 0 
    0.868501 5.951194e+21 1.967705e-01 0 
    0.870503 6.273016e+21 2.064582e-01 0 
    0.872510 6.402628e+21 2.097558e-01 0 
    0.874522 6.212232e+21 2.025828e-01 0 
    0.876538 6.384381e+21 2.072401e-01 0 
    0.878558 6.622151e+21 2.139709e-01 0 
    0.880584 6.574505e+21 2.114550e-01 0 
    0.882613 6.756692e+21 2.163166e-01 0 
    0.884648 6.495600e+21 2.070021e-01 0 
    0.886687 6.675607e+21 2.117613e-01 0 
    0.888732 6.286026e+21 1.984865e-01 0 
    0.890780 6.459958e+21 2.030417e-01 0 
    0.892833 6.458279e+21 2.020565e-01 0 
    0.894892 6.652364e+21 2.071721e-01 0 
    0.896955 6.635373e+21 2.056935e-01 0 
    0.899022 6.512313e+21 2.009514e-01 0 
    0.901095 6.117954e+21 1.879150e-01 0 
    0.903172 6.244033e+21 1.909065e-01 0 
    0.905254 7.117820e+21 2.166220e-01 0 
    0.907341 6.826949e+21 2.068150e-01 0 
    0.909433 6.840430e+21 2.062711e-01 0 
    0.911529 6.729303e+21 2.019880e-01 0 
    0.913630 7.142068e+21 2.133928e-01 0 
    0.915737 6.756146e+21 2.009342e-01 0 
    0.917847 6.524955e+21 1.931672e-01 0 
    0.919963 6.925351e+21 2.040786e-01 0 
    0.922084 6.581266e+21 1.930478e-01 0 
    0.924210 6.579049e+21 1.920960e-01 0 
    0.926340 6.918769e+21 2.010872e-01 0 
    0.928476 7.143411e+21 2.066621e-01 0 
    0.930616 6.335327e+21 1.824418e-01 0 
    0.932761 7.424154e+21 2.128152e-01 0 
    0.934911 7.438761e+21 2.122543e-01 0 
    0.937067 7.334259e+21 2.083106e-01 0 
    0.939227 7.520223e+21 2.126112e-01 0 
    0.941392 7.431722e+21 2.091438e-01 0 
    0.943562 7.708112e+21 2.159253e-01 0 
    0.945737 7.635187e+21 2.128999e-01 0 
    0.947917 7.919059e+21 2.198009e-01 0 
    0.950103 7.736599e+21 2.137495e-01 0 
    0.952293 7.860078e+21 2.161634e-01 0 
    0.954488 7.713813e+21 2.111663e-01 0 
    0.956689 7.909104e+21 2.155173e-01 0 
    0.958894 8.128575e+21 2.204802e-01 0 
    0.961104 8.032641e+21 2.168773e-01 0 
    0.963320 8.141816e+21 2.188147e-01 0 
    0.965541 8.009127e+21 2.142595e-01 0 
    0.967766 8.062049e+21 2.146847e-01 0 
    0.969997 8.247380e+21 2.186108e-01 0 
    0.972234 7.983338e+21 2.106393e-01 0 
    0.974475 8.035709e+21 2.110470e-01 0 
    0.976721 8.144970e+21 2.129339e-01 0 
    0.978973 8.049325e+21 2.094664e-01 0 
    0.981229 8.386996e+21 2.172512e-01 0 
    0.983491 8.326165e+21 2.146845e-01 0 
    0.985758 8.439436e+21 2.166054e-01 0 
    0.988031 8.436479e+21 2.155344e-01 0 
    0.990308 8.356452e+21 2.125092e-01 0 
    0.992591 8.528633e+21 2.158913e-01 0 
    0.994880 8.644904e+21 2.178288e-01 0 
    0.997173 8.701749e+21 2.182539e-01 0 
    0.999472 8.718763e+21 2.176758e-01 0 
    1.001775 8.878001e+21 2.206334e-01 0 
    1.006400 8.851795e+21 2.179649e-01 0 
    1.013376 9.280775e+21 2.253925e-01 0 
    1.018053 9.317190e+21 2.242026e-01 0 
    1.022753 9.593747e+21 2.287405e-01 0 
    1.027473 9.810578e+21 2.317662e-01 0 
    1.029842 9.875373e+21 2.322249e-01 0 
    1.048988 9.892783e+21 2.242198e-01 0 
    1.070954 9.754118e+21 2.121010e-01 0 
    1.090864 1.012015e+22 2.121008e-01 0 
    1.111144 9.799053e+21 1.979428e-01 0 
    1.129199 1.028432e+22 2.011551e-01 0 
    1.150192 1.091912e+22 2.058464e-01 0 
    1.168881 1.112227e+22 2.030250e-01 0 
    1.190613 1.074461e+22 1.890365e-01 0 
    1.209959 1.132909e+22 1.929968e-01 0 
    1.229619 1.172704e+22 1.934388e-01 0 
    1.249599 1.167279e+22 1.864360e-01 0 
    1.269903 1.189035e+22 1.838866e-01 0 
    1.290537 1.219478e+22 1.826120e-01 0 
    1.311507 1.247942e+22 1.809462e-01 0 
    1.329752 1.236508e+22 1.744023e-01 0 
    1.351358 1.242209e+22 1.696486e-01 0 
    1.370158 1.259484e+22 1.673199e-01 0 
    1.389218 1.233651e+22 1.594218e-01 0 
    1.408545 1.194524e+22 1.501585e-01 0 
    1.431432 1.225154e+22 1.491234e-01 0 
    1.451345 1.288819e+22 1.525974e-01 0 
    1.471535 1.277011e+22 1.470788e-01 0 
    1.488574 1.349567e+22 1.518973e-01 0 
    1.509282 1.419683e+22 1.554343e-01 0 
    1.530278 1.510750e+22 1.608972e-01 0 
    1.551567 1.545938e+22 1.601575e-01 0 
    1.569533 1.560241e+22 1.579601e-01 0 
    1.591368 1.549502e+22 1.525975e-01 0 
    1.609796 1.589251e+22 1.529492e-01 0 
    1.628435 1.633785e+22 1.536563e-01 0 
    1.651089 1.675695e+22 1.533029e-01 0 
    1.670208 1.730582e+22 1.547204e-01 0 
    1.689548 1.787293e+22 1.561533e-01 0 
    1.709113 1.812144e+22 1.547204e-01 0 
    1.728902 1.791404e+22 1.494684e-01 0 
    1.748922 1.762759e+22 1.437304e-01 0 
    1.769174 1.702926e+22 1.356911e-01 0 
    1.789661 1.648908e+22 1.283959e-01 0 
    1.810382 1.589258e+22 1.209346e-01 0 
    1.831346 1.581959e+22 1.176389e-01 0 
    1.848292 1.553075e+22 1.133829e-01 0 
    1.869693 1.510750e+22 1.077826e-01 0 
    1.891344 1.510761e+22 1.053298e-01 0 
    1.908845 1.535299e+22 1.050868e-01 0 
    1.930949 1.535310e+22 1.026954e-01 0 
    1.948814 1.510740e+22 9.920771e-02 0 
    1.971381 1.486603e+22 9.540045e-02 0 
    1.989623 1.469594e+22 9.258746e-02 0 
    2.008031 1.486609e+22 9.195015e-02 0 
    2.031283 1.483191e+22 8.965051e-02 0 
    2.050080 1.510768e+22 8.965048e-02 0 
    2.069047 1.521231e+22 8.862391e-02 0 
    2.088193 1.535310e+22 8.781145e-02 0 
    2.112374 1.563834e+22 8.740687e-02 0 
    2.131918 1.578318e+22 8.660639e-02 0 
    2.151645 1.592928e+22 8.581264e-02 0 
    2.171552 1.581951e+22 8.366602e-02 0 
    2.191647 1.592934e+22 8.270902e-02 0 
    2.211927 1.581937e+22 8.063882e-02 0 
    2.232392 1.574666e+22 7.880324e-02 0 
    2.247867 1.567441e+22 7.736533e-02 0 
    2.268665 1.556664e+22 7.543112e-02 0 
    2.289658 1.419685e+22 6.753784e-02 0 
    2.310842 1.426243e+22 6.661152e-02 0 
    2.332225 1.265304e+22 5.801634e-02 0 
    2.348393 1.202815e+22 5.439432e-02 0 
    2.370121 1.242211e+22 5.515068e-02 0 
    2.392052 1.159280e+22 5.052934e-02 0 
    2.408632 1.122504e+22 4.825514e-02 0 
    2.430920 1.109666e+22 4.683252e-02 0 
    2.447769 1.028492e+22 4.281113e-02 0 
    2.470419 1.012012e+22 4.135621e-02 0 
    2.487542 8.574080e+21 3.455756e-02 0 
    2.510560 8.534611e+21 3.377061e-02 0 
    2.527961 8.673368e+21 3.384882e-02 0 
    2.551353 8.773847e+21 3.361595e-02 0 
    2.569037 9.103248e+21 3.439950e-02 0 
    2.592809 9.145129e+21 3.392698e-02 0 
    2.610783 9.293728e+21 3.400516e-02 0 
    2.628879 9.208710e+21 3.323182e-02 0 
    2.647100 9.250850e+21 3.292588e-02 0 
    2.671594 9.272542e+21 3.240070e-02 0 
    2.690114 9.294036e+21 3.203018e-02 0 
    2.708760 9.272303e+21 3.151687e-02 0 
    2.727535 9.229918e+21 3.094237e-02 0 
    2.752774 9.293594e+21 3.058715e-02 0 
    2.771854 9.208715e+21 2.989199e-02 0 
    2.791069 9.229588e+21 2.954865e-02 0 
    2.810414 9.208338e+21 2.907616e-02 0 
    2.829897 9.208742e+21 2.867844e-02 0 
    2.849511 9.187431e+21 2.821954e-02 0 
    2.869265 9.166568e+21 2.776911e-02 0 
    2.889152 9.166086e+21 2.738669e-02 0 
    2.909181 9.166141e+21 2.701105e-02 0 
    2.929345 9.124052e+21 2.651815e-02 0 
    2.949652 9.124107e+21 2.615443e-02 0 
    2.970096 9.145215e+21 2.585529e-02 0 
    2.990685 9.124329e+21 2.544228e-02 0 
    3.011414 9.144952e+21 2.514994e-02 0 
    3.032287 9.166264e+21 2.486270e-02 0 
    3.053308 9.251221e+21 2.474881e-02 0 
    3.067400 9.272692e+21 2.457884e-02 0 
    3.088664 9.336689e+21 2.440889e-02 0 
    3.110072 9.401302e+21 2.424061e-02 0 
    3.131632 9.488654e+21 2.413013e-02 0 
    3.153338 9.554238e+21 2.396357e-02 0 
    3.167892 9.598181e+21 2.385309e-02 0 
    3.189853 9.731717e+21 2.385309e-02 0 
    3.211962 9.889585e+21 2.390748e-02 0 
    3.226790 1.009677e+22 2.418452e-02 0 
    3.249156 1.059695e+22 2.503434e-02 0 
    3.271676 1.178094e+22 2.744959e-02 0 
    3.286780 1.483190e+22 3.424143e-02 0 
    3.309561 1.493446e+22 3.400519e-02 0 
    3.332504 1.191807e+22 2.676462e-02 0 
    3.347885 1.079396e+22 2.401795e-02 0 
    3.371090 1.037951e+22 2.277890e-02 0 
    3.386653 1.014337e+22 2.205654e-02 0 
    3.410126 1.005068e+22 2.155514e-02 0 
    3.433766 1.002739e+22 2.121011e-02 0 
    3.449614 9.935262e+21 2.082259e-02 0 
    3.473524 9.912303e+21 2.048946e-02 0 
    3.489560 9.867109e+21 2.020901e-02 0 
    3.513747 9.867211e+21 1.993196e-02 0 
    3.529964 9.798854e+21 1.961242e-02 0 
    3.546260 9.754125e+21 1.934388e-02 0 
    3.570840 9.754252e+21 1.907874e-02 0 
    3.587325 9.709457e+21 1.881698e-02 0 
    3.612190 9.709360e+21 1.855863e-02 0 
    3.628861 9.664574e+21 1.830368e-02 0 
    3.654018 9.642528e+21 1.801134e-02 0 
    3.670883 9.576538e+21 1.772409e-02 0 
    3.687825 9.510361e+21 1.744025e-02 0 
    3.713391 9.488560e+21 1.716151e-02 0 
    3.730529 9.466613e+21 1.696486e-02 0 
    3.747747 9.379796e+21 1.665518e-02 0 
    3.773728 9.401406e+21 1.646448e-02 0 
    3.791145 9.336658e+21 1.620120e-02 0 
    3.808643 9.272389e+21 1.594217e-02 0 
    3.826226 9.251141e+21 1.575979e-02 0 
    3.852746 9.229812e+21 1.550774e-02 0 
    3.870533 9.145238e+21 1.522474e-02 0 
    3.888397 9.103217e+21 1.501586e-02 0 
    3.906344 9.040494e+21 1.477569e-02 0 
    3.933423 9.040483e+21 1.457293e-02 0 
    3.951578 8.957585e+21 1.430692e-02 0 
    3.969816 8.896009e+21 1.407832e-02 0 
    3.988143 8.794174e+21 1.378955e-02 0 
    4.006550 8.773908e+21 1.363165e-02 0 
    4.034321 8.773945e+21 1.344468e-02 0 
    4.052945 8.693493e+21 1.319925e-02 0 
    4.071651 8.653490e+21 1.301807e-02 0 
    4.090444 8.613822e+21 1.283960e-02 0 
    4.109323 8.574182e+21 1.266335e-02 0 
    4.128294 8.534829e+21 1.248964e-02 0 
    4.147348 8.495635e+21 1.231832e-02 0 
    4.166490 8.456524e+21 1.214920e-02 0 
    4.185725 8.398308e+21 1.195493e-02 0 
    4.214737 8.398309e+21 1.179091e-02 0 
    4.234189 8.398300e+21 1.168281e-02 0 
    4.253737 8.340503e+21 1.149602e-02 0 
    4.273370 8.321346e+21 1.136447e-02 0 
    4.293094 8.113211e+21 1.097864e-02 0 
    4.312913 7.892166e+21 1.058160e-02 0 
    4.332819 7.946761e+21 1.055712e-02 0 
    4.352817 7.765913e+21 1.022229e-02 0 
    4.372912 7.712415e+21 1.005878e-02 0 
    4.393095 7.676973e+21 9.920768e-03 0 
    4.413371 7.571721e+21 9.695053e-03 0 
    4.433741 7.519596e+21 9.540042e-03 0 
    4.454209 7.502247e+21 9.430758e-03 0 
    4.474768 7.433562e+21 9.258751e-03 0 
    4.485082 7.416459e+21 9.195012e-03 0 
    4.505788 7.382297e+21 9.068730e-03 0 
    4.526584 7.365418e+21 8.965050e-03 0 
    4.547476 7.365352e+21 8.882784e-03 0 
    4.568465 7.348440e+21 8.781143e-03 0 
    4.589555 7.281080e+21 8.620870e-03 0 
    4.610738 7.331495e+21 8.600983e-03 0 
    4.632019 7.314665e+21 8.502570e-03 0 
    4.653403 7.297797e+21 8.405177e-03 0 
    4.674881 7.348341e+21 8.385803e-03 0 
    4.685656 7.281107e+21 8.270906e-03 0 
    4.707283 7.264211e+21 8.176065e-03 0 
    4.729014 7.314672e+21 8.157369e-03 0 
    4.750841 7.280985e+21 8.045362e-03 0 
    4.772768 7.297739e+21 7.989951e-03 0 
    4.794802 7.314668e+21 7.935051e-03 0 
    4.805854 7.230851e+21 7.808088e-03 0 
    4.828036 7.314591e+21 7.826102e-03 0 
    4.850319 7.281102e+21 7.718856e-03 0 
    4.872711 7.264342e+21 7.630472e-03 0 
    4.895201 7.264271e+21 7.560445e-03 0 
    4.906485 7.230862e+21 7.491100e-03 0 
    4.929130 7.264314e+21 7.456766e-03 0 
    4.951886 7.264361e+21 7.388438e-03 0 
    4.974741 7.314710e+21 7.371445e-03 0 
    4.986208 7.264598e+21 7.287311e-03 0 
    5.009227 7.301732e+21 7.257398e-03 0 
    5.032347 7.339259e+21 7.227823e-03 0 
    5.055574 7.342888e+21 7.165103e-03 0 
    5.067227 7.353332e+21 7.142330e-03 0 
    5.078908 7.380589e+21 7.135868e-03 0 
    5.090620 7.408135e+21 7.129581e-03 0 
    5.102354 7.418554e+21 7.106807e-03 0 
    5.114116 7.429087e+21 7.084199e-03 0 
    5.125904 7.456750e+21 7.077911e-03 0 
    5.137720 7.484511e+21 7.071622e-03 0 
    5.149563 7.495022e+21 7.049018e-03 0 
    5.161438 7.523094e+21 7.042900e-03 0 
    5.173336 7.551067e+21 7.036609e-03 0 
    5.185261 7.561915e+21 7.014343e-03 0 
    5.197213 7.590005e+21 7.008055e-03 0 
    5.209193 7.618379e+21 7.001936e-03 0 
    5.221201 7.646855e+21 6.995817e-03 0 
    5.233236 7.657697e+21 6.973552e-03 0 
    5.245305 7.686308e+21 6.967431e-03 0 
    5.257395 7.732897e+21 6.977462e-03 0 
    5.269514 7.779753e+21 6.987489e-03 0 
    5.281660 7.808816e+21 6.981371e-03 0 
    5.293835 7.820028e+21 6.959274e-03 0 
    5.306038 7.849214e+21 6.953155e-03 0 
    5.318275 7.896833e+21 6.963184e-03 0 
    5.330534 7.944706e+21 6.973212e-03 0 
    5.342821 7.974371e+21 6.967093e-03 0 
    5.355137 8.022705e+21 6.977118e-03 0 
    5.367480 8.052862e+21 6.971172e-03 0 
    5.379853 8.101669e+21 6.981201e-03 0 
    5.392254 8.150753e+21 6.991228e-03 0 
    5.404689 8.200332e+21 7.001425e-03 0 
    5.417147 8.230982e+21 6.995309e-03 0 
    5.429634 8.281026e+21 7.005506e-03 0 
    5.442150 8.312185e+21 6.999558e-03 0 
    5.454695 8.381776e+21 7.025732e-03 0 
    5.467268 8.432684e+21 7.035931e-03 0 
    5.479870 8.483882e+21 7.046129e-03 0 
    5.492508 8.535598e+21 7.056495e-03 0 
    5.505169 8.587389e+21 7.066693e-03 0 
    5.517858 8.659393e+21 7.093211e-03 0 
    5.530577 8.752307e+21 7.136382e-03 0 
    5.543326 8.805475e+21 7.146746e-03 0 
    5.556104 8.859161e+21 7.157285e-03 0 
    5.568917 8.954176e+21 7.200797e-03 0 
    5.581753 9.029476e+21 7.227994e-03 0 
    5.594620 9.105281e+21 7.255187e-03 0 
    5.607516 9.203020e+21 7.299377e-03 0 
    5.620442 9.301687e+21 7.343739e-03 0 
    5.633397 9.379871e+21 7.371445e-03 0 
    5.646383 9.502467e+21 7.433480e-03 0 
    5.659404 9.604406e+21 7.478691e-03 0 
    5.672449 9.730091e+21 7.541751e-03 0 
    5.685525 9.834479e+21 7.587639e-03 0 
    5.698630 9.963085e+21 7.651549e-03 0 
    5.711766 1.011646e+22 7.733642e-03 0 
    5.724932 1.027237e+22 7.816756e-03 0 
    5.738135 1.043065e+22 7.900716e-03 0 
    5.751362 1.059129e+22 7.985532e-03 0 
    5.764619 1.075454e+22 8.071366e-03 0 
    5.777907 1.097072e+22 8.195780e-03 0 
    5.791225 1.116557e+22 8.303029e-03 0 
    5.804575 1.139001e+22 8.431011e-03 0 
    5.817955 1.164581e+22 8.580752e-03 0 
    5.831372 1.193481e+22 8.753271e-03 0 
    5.844813 1.220268e+22 8.908619e-03 0 
    5.858286 1.247675e+22 9.066858e-03 0 
    5.871790 1.281583e+22 9.270477e-03 0 
    5.885324 1.319459e+22 9.500614e-03 0 
    5.898891 1.358441e+22 9.736355e-03 0 
    5.926249 1.417791e+22 1.006813e-02 3 
    5.956414 1.512075e+22 1.062919e-02 3 
    5.986568 1.765659e+22 1.228704e-02 3 
    6.016723 2.011870e+22 1.386042e-02 3 
    6.046877 2.118281e+22 1.444834e-02 3 
    6.077032 2.262356e+22 1.527828e-02 3 
    6.107196 2.718766e+22 1.817961e-02 3 
    6.137351 3.697786e+22 2.448366e-02 3 
    6.167505 5.332107e+22 3.496039e-02 3 
    6.197660 6.628312e+22 4.303719e-02 3 
    6.227814 6.636403e+22 4.267347e-02 3 
    6.257979 5.823039e+22 3.708327e-02 3 
    6.288133 4.928334e+22 3.108516e-02 3 
    6.318288 4.197349e+22 2.622242e-02 3 
    6.348442 3.677744e+22 2.275850e-02 3 
    6.378596 3.310434e+22 2.029229e-02 3 
    6.408761 2.925315e+22 1.776319e-02 3 
    6.438916 2.685025e+22 1.615174e-02 3 
    6.469070 2.521572e+22 1.502741e-02 3 
    6.499225 2.412832e+22 1.424624e-02 3 
    6.529379 2.320015e+22 1.357199e-02 3 
    6.559544 2.385310e+22 1.382592e-02 3 
    6.589698 2.480002e+22 1.424353e-02 3 
    6.619852 2.609579e+22 1.485150e-02 3 
    6.650007 2.635607e+22 1.486390e-02 3 
    6.680162 2.617656e+22 1.462969e-02 3 
    6.710326 2.605232e+22 1.442964e-02 3 
    6.740481 2.627026e+22 1.442046e-02 3 
    6.770636 2.626622e+22 1.429009e-02 3 
    6.800789 2.630245e+22 1.418319e-02 3 
    6.830944 2.717921e+22 1.452686e-02 3 
    6.861109 2.806782e+22 1.487019e-02 3 
    6.891263 2.982616e+22 1.566376e-02 3 
    6.921418 3.093595e+22 1.610534e-02 3 
    6.951573 4.096879e+22 2.114382e-02 3 
    6.981727 5.137055e+22 2.628360e-02 3 
    7.011892 4.390773e+22 2.227240e-02 3 
    7.042046 3.427245e+22 1.723629e-02 3 
    7.072200 3.409621e+22 1.700174e-02 3 
    7.102355 3.599300e+22 1.779548e-02 3 
    7.132509 3.976626e+22 1.949515e-02 3 
    7.162674 3.914882e+22 1.903114e-02 3 
    7.192829 4.043818e+22 1.949345e-02 3 
    7.222983 4.197259e+22 2.006453e-02 3 
    7.253137 4.411641e+22 2.091437e-02 3 
    7.283292 4.770867e+22 2.243046e-02 3 
    7.313456 5.107544e+22 2.381569e-02 3 
    7.343611 5.504778e+22 2.545757e-02 3 
    7.373766 5.991032e+22 2.748017e-02 3 
    7.403920 6.512344e+22 2.962854e-02 3 
    7.434074 7.217830e+22 3.257237e-02 3 
    7.464239 7.845689e+22 3.512016e-02 3 
    7.494393 8.435137e+22 3.745550e-02 3 
    7.524548 9.325029e+22 4.107578e-02 3 
    7.554702 9.693194e+22 4.235734e-02 3 
    7.615011 1.071207e+23 4.607110e-02 3 
    7.675330 1.030150e+23 4.361169e-02 3 
    7.735639 9.936319e+22 4.141232e-02 3 
    7.795948 9.953099e+22 4.084294e-02 3 
    7.856267 9.657221e+22 3.902259e-02 3 
    7.916577 8.701975e+22 3.462895e-02 3 
    7.976896 7.580984e+22 2.971352e-02 3 
    8.037204 6.594161e+22 2.545927e-02 3 
    8.097514 5.814076e+22 2.211433e-02 3 
    8.157832 5.365839e+22 2.010873e-02 3 
    8.218141 5.174831e+22 1.910933e-02 3 
    8.278451 5.106274e+22 1.858243e-02 3 
    8.338769 4.998037e+22 1.792636e-02 3 
    8.399078 4.900405e+22 1.732468e-02 3 
    8.459387 5.051014e+22 1.760343e-02 3 
    8.519707 5.235098e+22 1.798755e-02 3 
    8.580015 5.262316e+22 1.782778e-02 3 
    8.640335 4.837811e+22 1.616159e-02 3 
    8.700644 4.001253e+22 1.318226e-02 3 
    8.760953 3.184207e+22 1.034654e-02 3 
    8.821272 2.528726e+22 8.104678e-03 3 
    8.881581 2.052177e+22 6.488297e-03 3 
    8.941890 1.748455e+22 5.453713e-03 3 
    9.002208 1.563138e+22 4.810560e-03 3 
    9.062518 1.354614e+22 4.113527e-03 3 
    9.122827 1.200506e+22 3.597508e-03 3 
    9.183145 1.122066e+22 3.318424e-03 3 
    9.243455 1.045492e+22 3.051747e-03 3 
    9.303774 1.008744e+22 2.906425e-03 3 
    9.364083 9.692174e+21 2.756685e-03 3 
    9.424392 9.157640e+21 2.571422e-03 3 
    9.484710 8.879190e+21 2.461624e-03 3 
    9.545020 8.560943e+21 2.343497e-03 3 
    9.605329 9.383120e+21 2.536409e-03 3 
    9.665648 9.572646e+21 2.555445e-03 3 
    9.725957 8.764165e+21 2.310693e-03 3 
    9.786265 8.204193e+21 2.136478e-03 3 
    9.846585 8.022179e+21 2.063562e-03 3 
    9.906894 8.039148e+21 2.042826e-03 3 
    9.967213 8.080469e+21 2.028549e-03 3 
   10.027522 8.275857e+21 2.052684e-03 3 
   10.087831 8.273062e+21 2.027529e-03 3 
   10.148150 8.366679e+21 2.026170e-03 3 
   10.208459 8.582893e+21 2.054044e-03 3 
   10.268769 8.835515e+21 2.089737e-03 3 
   10.329087 9.617271e+21 2.248146e-03 3 
   10.389396 1.018083e+22 2.352335e-03 3 
   10.449705 1.124522e+22 2.568362e-03 3 
   10.510024 1.294724e+22 2.923252e-03 3 
   10.570333 1.423387e+22 3.177183e-03 3 
   10.630653 1.439987e+22 3.177862e-03 3 
   10.690961 1.470003e+22 3.207606e-03 3 
   10.751270 1.559343e+22 3.364485e-03 3 
   10.811590 1.570835e+22 3.351568e-03 3 
   10.871898 1.682897e+22 3.550939e-03 3 
   10.932207 1.960136e+22 4.090412e-03 3 
   10.992526 2.356105e+22 4.862909e-03 3 
   11.052836 2.748937e+22 5.611951e-03 3 
   11.113145 3.759982e+22 7.592909e-03 3 
   11.173463 6.225005e+22 1.243542e-02 3 
   11.233773 8.065872e+22 1.594030e-02 3 
   11.294091 7.652441e+22 1.496215e-02 3 
   11.354400 6.219664e+22 1.203192e-02 3 
   11.414710 5.290680e+22 1.012694e-02 3 
   11.475028 4.652084e+22 8.811229e-03 3 
   11.535337 4.221942e+22 7.913127e-03 3 
   11.595647 3.922851e+22 7.276262e-03 3 
   11.655965 3.717017e+22 6.823301e-03 3 
   11.716274 3.648279e+22 6.628350e-03 3 
   11.776583 3.677712e+22 6.613564e-03 3 
   11.836902 3.854893e+22 6.861714e-03 3 
   11.897211 4.240863e+22 7.472404e-03 3 
   11.957531 4.518129e+22 7.880831e-03 3 
   12.017840 4.615297e+22 7.969725e-03 3 
   12.078148 4.607950e+22 7.877774e-03 3 
   12.138468 4.581691e+22 7.755227e-03 3 
   12.198777 4.701669e+22 7.879812e-03 3 
   12.259086 5.019684e+22 8.330224e-03 3 
   12.319404 5.329639e+22 8.758199e-03 3 
   12.379714 5.595017e+22 9.104930e-03 3 
   12.440023 5.895502e+22 9.501123e-03 3 
   12.500341 6.299971e+22 1.005521e-02 3 
   12.560651 6.780668e+22 1.071876e-02 3 
   12.620970 7.239245e+22 1.133455e-02 3 
   12.681278 7.725058e+22 1.198042e-02 3 
   12.741588 1.003221e+23 1.541153e-02 3 
   12.801907 1.377701e+23 2.096536e-02 3 
   12.862215 1.093200e+23 1.648028e-02 3 
   12.922525 5.871542e+22 8.769077e-03 3 
   12.982844 4.975821e+22 7.362435e-03 3 
   13.043152 4.715379e+22 6.912704e-03 3 
   13.103461 4.674251e+22 6.789479e-03 3 
   13.163781 4.707700e+22 6.775540e-03 3 
   13.224089 4.646177e+22 6.626141e-03 3 
   13.284398 4.596646e+22 6.496116e-03 3 
   13.344719 4.587755e+22 6.425070e-03 3 
   13.405027 4.582536e+22 6.360144e-03 3 
   13.465345 4.626340e+22 6.363543e-03 3 
   13.525655 4.719241e+22 6.433569e-03 3 
   13.585963 4.662044e+22 6.299296e-03 3 
   13.646283 4.544516e+22 6.086328e-03 3 
   13.706592 4.449697e+22 5.907013e-03 3 
   13.766902 4.383285e+22 5.767979e-03 3 
   13.827220 4.325229e+22 5.642035e-03 3 
   13.887530 4.342800e+22 5.615859e-03 3 
   13.947838 4.411094e+22 5.654953e-03 3 
   14.008156 4.462033e+22 5.671100e-03 3 
   14.068466 4.492578e+22 5.661072e-03 3 
   14.128786 4.510235e+22 5.634897e-03 3 
   14.189094 4.607134e+22 5.707133e-03 3 
   14.249403 4.655098e+22 5.717840e-03 3 
   14.309723 4.471035e+22 5.445553e-03 3 
   14.370031 4.319802e+22 5.217289e-03 3 
   14.430341 4.154622e+22 4.975936e-03 3 
   14.536198 4.330139e+22 5.110891e-03 3 
   14.620641 4.300615e+22 5.017579e-03 3 
   14.705081 4.297972e+22 4.957071e-03 3 
   14.789522 4.308866e+22 4.913050e-03 3 
   14.873953 4.306187e+22 4.854410e-03 3 
   14.958394 4.302305e+22 4.795432e-03 3 
   15.042833 4.223171e+22 4.654531e-03 3 
   15.127264 4.204588e+22 4.582464e-03 3 
   15.211705 4.236520e+22 4.566148e-03 3 
   15.296145 4.225166e+22 4.503770e-03 3 
   15.380577 4.296282e+22 4.529434e-03 3 
   15.465016 4.616435e+22 4.813959e-03 3 
   15.549458 5.097548e+22 5.258081e-03 3 
   15.633889 4.915026e+22 5.015199e-03 3 
   15.718330 4.549512e+22 4.592492e-03 3 
   15.802769 4.569592e+22 4.563599e-03 3 
   15.887198 4.650200e+22 4.594873e-03 3 
   15.971641 4.720452e+22 4.615098e-03 3 
   16.056081 4.702505e+22 4.549321e-03 3 
   16.140520 4.725643e+22 4.523997e-03 3 
   16.224952 4.937214e+22 4.677476e-03 3 
   16.309394 5.545440e+22 5.199443e-03 3 
   16.393833 6.282895e+22 5.830358e-03 3 
   16.478266 6.414212e+22 5.891376e-03 3 
   16.562705 6.073870e+22 5.522039e-03 3 
   16.647144 5.897804e+22 5.307711e-03 3 
   16.731577 5.926684e+22 5.280007e-03 3 
   16.816016 5.985114e+22 5.278647e-03 3 
   16.900458 6.165085e+22 5.383176e-03 3 
   16.984887 6.796791e+22 5.875908e-03 3 
   17.069330 7.002145e+22 5.993695e-03 3 
   17.153769 6.353085e+22 5.384706e-03 3 
   17.238198 6.238175e+22 5.235646e-03 3 
   17.322641 6.379809e+22 5.302442e-03 3 
   17.407081 6.217074e+22 5.117179e-03 3 
   17.491520 5.851765e+22 4.770108e-03 3 
   17.575952 5.533238e+22 4.467228e-03 3 
   17.660394 5.441359e+22 4.351140e-03 3 
   17.744831 5.450169e+22 4.316807e-03 3 
   17.829266 5.431751e+22 4.261567e-03 3 
   17.913705 5.402843e+22 4.199021e-03 3 
   17.998145 5.262719e+22 4.051829e-03 3 
   18.082577 5.176727e+22 3.948490e-03 3 
   18.167016 5.187399e+22 3.919935e-03 3 
   18.251456 5.250036e+22 3.930644e-03 3 
   18.335888 5.368375e+22 3.982313e-03 3 
   18.420328 5.374461e+22 3.950359e-03 3 
   18.504769 5.488023e+22 3.997100e-03 3 
   18.589198 5.993905e+22 4.325985e-03 3 
   18.673641 7.660177e+22 5.478697e-03 3 
   18.758081 7.154339e+22 5.070948e-03 3 
   18.842522 6.167818e+22 4.332614e-03 3 
   18.926952 5.876058e+22 4.090922e-03 3 
   19.011394 5.880574e+22 4.057778e-03 3 
   19.095831 6.017669e+22 4.115737e-03 3 
   19.180266 6.101338e+22 4.136302e-03 3 
   19.264705 6.188563e+22 4.158738e-03 3 
   19.349145 6.301107e+22 4.197491e-03 3 
   19.433577 6.361879e+22 4.201230e-03 3 
   19.518019 6.536452e+22 4.279244e-03 3 
   19.602456 6.677715e+22 4.334144e-03 3 
   19.686888 6.771548e+22 4.357429e-03 3 
   19.771328 6.843348e+22 4.366097e-03 3 
   19.855769 6.987368e+22 4.420146e-03 3 
   19.940202 7.151786e+22 4.485923e-03 3 
   20.024641 7.262492e+22 4.517027e-03 3 
   20.109081 7.382295e+22 4.553060e-03 3 
   20.193522 7.498892e+22 4.586374e-03 3 
   20.277952 7.623380e+22 4.623766e-03 3 
   20.362394 7.751712e+22 4.662689e-03 3 
   20.531264 7.784007e+22 4.605410e-03 3 
   20.700145 8.291049e+22 4.825687e-03 3 
   20.869019 8.706467e+22 4.985794e-03 3 
   21.037888 8.466684e+22 4.770957e-03 3 
   21.206769 8.934477e+22 4.954691e-03 3 
   21.375639 9.414882e+22 5.138935e-03 3 
   21.544520 9.517736e+22 5.113950e-03 3 
   21.713394 9.739178e+22 5.151852e-03 3 
   21.882264 1.006192e+23 5.240744e-03 3 
   22.051145 1.043655e+23 5.352922e-03 3 
   22.220017 1.067574e+23 5.392694e-03 3 
   22.388888 1.090422e+23 5.425327e-03 3 
   22.557767 1.111616e+23 5.448274e-03 3 
   22.726641 1.156939e+23 5.586456e-03 3 
   22.895520 1.181628e+23 5.621809e-03 3 
   23.064392 1.197999e+23 5.616540e-03 3 
   23.233263 1.238708e+23 5.723280e-03 3 
   23.402145 1.289925e+23 5.874210e-03 3 
   23.571017 1.324321e+23 5.944745e-03 3 
   23.739888 1.354504e+23 5.994036e-03 3 
   23.908767 1.389270e+23 6.061343e-03 3 
   24.077641 1.426388e+23 6.136297e-03 3 
   24.246520 1.459289e+23 6.190687e-03 3 
   24.415392 1.483668e+23 6.207343e-03 3 
   24.584263 1.520285e+23 6.273461e-03 3 
   24.753145 1.584546e+23 6.449715e-03 3 
   24.922016 1.617076e+23 6.493227e-03 3 
   25.090888 1.638121e+23 6.489488e-03 3 
   25.259770 1.691034e+23 6.609824e-03 3 
   25.428641 1.755231e+23 6.769932e-03 3 
   25.597520 1.798002e+23 6.843697e-03 3 
   25.766391 1.842073e+23 6.919843e-03 3 
   25.935263 1.923644e+23 7.132470e-03 3 
   26.104145 1.931317e+23 7.068563e-03 3 
   26.273016 1.951399e+23 7.050546e-03 3 
   26.441887 1.963129e+23 7.002616e-03 3 
   26.610769 2.002860e+23 7.053946e-03 3 
   26.779637 2.071565e+23 7.204197e-03 3 
   26.948519 2.117473e+23 7.271843e-03 3 
   27.117391 2.134823e+23 7.240399e-03 3 
   27.286266 2.164438e+23 7.250257e-03 3 
   27.455147 2.233951e+23 7.391329e-03 3 
   27.624013 2.304472e+23 7.531723e-03 3 
   27.792884 2.355001e+23 7.603618e-03 3 
   27.961769 2.373691e+23 7.571664e-03 3 
   28.130641 2.432380e+23 7.665995e-03 3 
   28.299522 2.452340e+23 7.636931e-03 3 
   28.468391 2.508703e+23 7.720045e-03 3 
   28.637263 2.569908e+23 7.815396e-03 3 
   28.806144 2.599347e+23 7.812506e-03 3 
   28.975016 2.636549e+23 7.832222e-03 3 
   29.143888 2.675649e+23 7.856527e-03 3 
   29.312766 2.751076e+23 7.985193e-03 3 
   29.481638 2.809283e+23 8.060998e-03 3 
   29.650519 2.865766e+23 8.129664e-03 3 
   29.819394 2.938801e+23 8.242690e-03 3 
   29.988266 2.980516e+23 8.265806e-03 3 
   30.157144 3.023043e+23 8.290112e-03 3 
   30.326016 3.076424e+23 8.342802e-03 3 
   30.494888 3.109768e+23 8.340082e-03 3 
   30.663769 3.199351e+23 8.486083e-03 3 
   30.832638 3.263323e+23 8.561209e-03 3 
   31.001519 3.297008e+23 8.555600e-03 3 
   31.170391 3.370568e+23 8.651970e-03 3 
   31.339263 3.415957e+23 8.674236e-03 3 
   31.508144 3.526550e+23 8.859329e-03 3 
   31.677019 3.577447e+23 8.891622e-03 3 
   31.845887 3.590119e+23 8.828736e-03 3 
   32.014769 3.646737e+23 8.873606e-03 3 
   32.183638 3.749687e+23 9.028616e-03 3 
   32.352522 3.881874e+23 9.249572e-03 3 
   32.521391 4.022694e+23 9.485827e-03 3 
   32.690263 4.105071e+23 9.580327e-03 3 
   32.859144 4.197705e+23 9.696074e-03 3 
   33.028016 4.277836e+23 9.780378e-03 3 
   33.196888 4.451773e+23 1.007476e-02 3 
   33.365772 4.724717e+23 1.058449e-02 3 
   33.534641 4.735953e+23 1.050308e-02 3 
   33.703519 4.667420e+23 1.024762e-02 3 
   33.872391 4.719000e+23 1.025781e-02 3 
   34.041266 4.645975e+23 9.999124e-03 3 
   34.210141 4.687401e+23 9.988928e-03 3 
   34.379013 4.723563e+23 9.967341e-03 3 
   34.547884 5.224534e+23 1.091694e-02 3 
   34.716769 6.022621e+23 1.246245e-02 3 
   34.885638 5.854182e+23 1.199691e-02 3 
