# NGC 4676 A     
# 
# An Atlas of Galaxy Spectral Energy Distributions from the Ultraviolet to the Mid-Infrared
# Brown et al. (2014)
# http://dx.doi.org/10.5072/03/529D3551F0117
# http://dx.doi.org/10.17909/t9-5bxk-dh29
# 
# The Spectral Energy Distributions of Active Galactic Nuclei
# Brown et al. (2019)
# http://dx.doi.org/10.17909/t9-3dbt-8734
# 
# Column 1: Observed wavelength (um)
# Column 2: L_nu (W/Hz)
# Column 3: f_lam (erg/s/cm2/A)
# Column 4: Source (0 = model, 1 = Optical Spectrun, 2 = Akari, 3 = Spitzer IRS)
# 
  1.0198e-02 1.528573e+11 3.665663e-08 0 
  1.0412e-02 2.095407e+11 4.820548e-08 0 
  1.0605e-02 2.899223e+11 6.429197e-08 0 
  1.0803e-02 4.095615e+11 8.752393e-08 0 
  1.1003e-02 6.431542e+11 1.324919e-07 0 
  1.1390e-02 1.117589e+12 2.148480e-07 0 
  1.1790e-02 1.825028e+12 3.274449e-07 0 
  1.2093e-02 7.625758e+12 1.300503e-06 0 
  1.2489e-02 1.133133e+13 1.811850e-06 0 
  1.2692e-02 1.337600e+13 2.070917e-06 0 
  1.2809e-02 1.480211e+13 2.250037e-06 0 
  1.3108e-02 1.854868e+13 2.692381e-06 0 
  1.3199e-02 2.282051e+13 3.266930e-06 0 
  1.3413e-02 2.632180e+13 3.648885e-06 0 
  1.3694e-02 3.726568e+13 4.956155e-06 0 
  1.4013e-02 4.563630e+13 5.796216e-06 0 
  1.4306e-02 1.456502e+14 1.774888e-05 0 
  1.4707e-02 4.378061e+14 5.048124e-05 0 
  1.5084e-02 5.312482e+14 5.823189e-05 0 
  1.5507e-02 6.535865e+14 6.778661e-05 0 
  1.5905e-02 8.003389e+14 7.890473e-05 0 
  1.6200e-02 9.211239e+14 8.753555e-05 0 
  1.6616e-02 1.130518e+15 1.021224e-04 0 
  1.7003e-02 1.340600e+15 1.156497e-04 0 
  1.7319e-02 1.535702e+15 1.276902e-04 0 
  1.7682e-02 1.800232e+15 1.436026e-04 0 
  1.8011e-02 2.033850e+15 1.563651e-04 0 
  1.8219e-02 2.209532e+15 1.660152e-04 0 
  1.8601e-02 2.566390e+15 1.849893e-04 0 
  1.9122e-02 3.092244e+15 2.109131e-04 0 
  1.9388e-02 3.461729e+15 2.296801e-04 0 
  1.9794e-02 3.965395e+15 2.524154e-04 0 
  2.0208e-02 4.563709e+15 2.787198e-04 0 
  2.0489e-02 5.026823e+15 2.986404e-04 0 
  2.1015e-02 5.640186e+15 3.185159e-04 0 
  2.1604e-02 7.084302e+15 3.785517e-04 0 
  2.2005e-02 8.004225e+15 4.122617e-04 0 
  2.2311e-02 8.635495e+15 4.326589e-04 0 
  2.2674e-02 9.711870e+15 4.711324e-04 0 
  2.2989e-02 1.571408e+16 7.415584e-04 0 
  2.3417e-02 2.886107e+16 1.312642e-03 0 
  2.4018e-02 3.902114e+16 1.687030e-03 0 
  2.4577e-02 4.057980e+16 1.675516e-03 0 
  2.5207e-02 4.713089e+16 1.849949e-03 0 
  2.5676e-02 4.298189e+16 1.626025e-03 0 
  2.5973e-02 5.132141e+16 1.897365e-03 0 
  2.6395e-02 5.692232e+16 2.037678e-03 0 
  2.6886e-02 6.085565e+16 2.099641e-03 0 
  2.7386e-02 6.476119e+16 2.153546e-03 0 
  2.7895e-02 6.891237e+16 2.208721e-03 0 
  2.8414e-02 7.333118e+16 2.265272e-03 0 
  2.9009e-02 7.503959e+16 2.223931e-03 0 
  2.9616e-02 8.190101e+16 2.328804e-03 0 
  3.0097e-02 8.596006e+16 2.366719e-03 0 
  3.0798e-02 9.360136e+16 2.461124e-03 0 
  3.1807e-02 1.055158e+17 2.601168e-03 0 
  3.2774e-02 1.159604e+17 2.692447e-03 0 
  3.3770e-02 1.259753e+17 2.754988e-03 0 
  3.4796e-02 1.362400e+17 2.806354e-03 0 
  3.5689e-02 1.456437e+17 2.851802e-03 0 
  3.6604e-02 1.560640e+17 2.904972e-03 0 
  3.7543e-02 1.656965e+17 2.931918e-03 0 
  3.8506e-02 1.711182e+17 2.878299e-03 0 
  3.9494e-02 1.867707e+17 2.986365e-03 0 
  4.0507e-02 1.992046e+17 3.027858e-03 0 
  4.1355e-02 2.076355e+17 3.027903e-03 0 
  4.2221e-02 2.159253e+17 3.020947e-03 0 
  4.3006e-02 2.235113e+17 3.013962e-03 0 
  4.4109e-02 2.362136e+17 3.027938e-03 0 
  4.5137e-02 2.456438e+17 3.007024e-03 0 
  4.5976e-02 2.536878e+17 2.993185e-03 0 
  4.7047e-02 2.644265e+17 2.979460e-03 0 
  4.8032e-02 2.756180e+17 2.979495e-03 0 
  4.9038e-02 2.820320e+17 2.925023e-03 0 
  4.9949e-02 2.939636e+17 2.938573e-03 0 
    0.050644 2.987510e+17 2.905024e-03 0 
    0.051230 3.149970e+17 2.993327e-03 0 
    0.051943 3.223269e+17 2.979470e-03 0 
    0.053031 3.313604e+17 2.938579e-03 0 
    0.054017 3.351963e+17 2.865067e-03 0 
    0.055021 3.469809e+17 2.858545e-03 0 
    0.056044 3.641756e+17 2.891672e-03 0 
    0.056955 3.804423e+17 2.924971e-03 0 
    0.058013 3.857575e+17 2.858645e-03 0 
    0.058956 4.030004e+17 2.891651e-03 0 
    0.060052 4.076598e+17 2.819287e-03 0 
    0.061028 3.839673e+17 2.571179e-03 0 
    0.062020 4.439120e+17 2.878258e-03 0 
    0.063027 4.542575e+17 2.851972e-03 0 
    0.064051 4.680735e+17 2.845501e-03 0 
    0.064942 4.822776e+17 2.851952e-03 0 
    0.065846 4.935171e+17 2.838833e-03 0 
    0.066455 5.085017e+17 2.871663e-03 0 
    0.067535 5.215565e+17 2.851938e-03 0 
    0.068474 5.191584e+17 2.761500e-03 0 
    0.069427 5.666434e+17 2.931902e-03 0 
    0.070555 5.614357e+17 2.812813e-03 0 
    0.071537 6.085668e+17 2.965810e-03 0 
    0.072532 6.256146e+17 2.965815e-03 0 
    0.073541 6.461011e+17 2.979463e-03 0 
    0.074564 6.812323e+17 3.055859e-03 0 
    0.075427 7.051832e+17 3.091325e-03 0 
    0.076477 6.971225e+17 2.972650e-03 0 
    0.077540 7.714295e+17 3.199934e-03 0 
    0.078438 7.985563e+17 3.237047e-03 0 
    0.079530 8.342654e+17 3.289567e-03 0 
    0.080450 8.675708e+17 3.343099e-03 0 
    0.081570 9.001273e+17 3.373956e-03 0 
    0.082514 9.578338e+17 3.508579e-03 0 
    0.083470 8.556473e+17 3.062883e-03 0 
    0.084436 1.012292e+18 3.541171e-03 0 
    0.085414 1.040624e+18 3.557395e-03 0 
    0.086403 1.104835e+18 3.690934e-03 0 
    0.087403 1.175734e+18 3.838423e-03 0 
    0.088415 1.262709e+18 4.028542e-03 0 
    0.089439 1.331354e+18 4.150842e-03 0 
    0.090475 1.340628e+18 4.084583e-03 0 
    0.091523 2.010526e+18 5.986123e-03 0 
    0.092582 1.208658e+19 3.516792e-02 0 
    0.093439 2.650340e+19 7.570798e-02 0 
    0.094521 5.191575e+19 1.449236e-01 0 
    0.095396 7.732090e+19 2.119010e-01 0 
    0.096500 8.342720e+19 2.234341e-01 0 
    0.097393 1.265628e+19 3.327723e-02 0 
    0.098521 6.431348e+19 1.652498e-01 0 
    0.099432 7.608739e+19 1.919362e-01 0 
    0.100584 1.259797e+20 3.105555e-01 0 
    0.101515 1.277342e+20 3.091314e-01 0 
    0.102454 5.771814e+19 1.371358e-01 0 
    0.103402 8.576194e+19 2.000475e-01 0 
    0.104599 1.859090e+20 4.237814e-01 0 
    0.105567 1.863389e+20 4.170072e-01 0 
    0.106544 1.400570e+20 3.077113e-01 0 
    0.107530 1.775417e+20 3.829461e-01 0 
    0.108525 1.340609e+20 2.838827e-01 0 
    0.109529 1.973781e+20 4.103336e-01 0 
    0.110542 1.928852e+20 3.936777e-01 0 
    0.111565 1.846310e+20 3.699518e-01 0 
    0.112597 1.660739e+20 3.266962e-01 0 
    0.113378 2.297761e+20 4.458037e-01 0 
    0.114427 2.095547e+20 3.991507e-01 0 
    0.115486 2.324350e+20 4.346496e-01 0 
    0.116554 2.439520e+20 4.478643e-01 0 
    0.117633 1.608030e+20 2.898227e-01 0 
    0.118448 2.450751e+20 4.356526e-01 0 
    0.119544 1.553449e+20 2.711053e-01 0 
    0.120373 1.043067e+20 1.795356e-01 0 
    0.121487 8.304107e+19 1.403233e-01 0 
    0.122611 1.775391e+20 2.945314e-01 0 
    0.123461 2.912748e+20 4.765844e-01 0 
    0.124603 3.283225e+20 5.274000e-01 0 
    0.125467 3.113868e+20 4.933300e-01 0 
    0.126628 2.638154e+20 4.103336e-01 0 
    0.127505 3.683841e+20 5.651229e-01 0 
    0.128389 3.965555e+20 5.999910e-01 0 
    0.129577 2.960062e+20 4.396848e-01 0 
    0.130475 2.946453e+20 4.316595e-01 0 
    0.131380 4.011496e+20 5.796212e-01 0 
    0.132595 3.875234e+20 5.497182e-01 0 
    0.133514 3.328900e+20 4.657401e-01 0 
    0.134440 4.288469e+20 5.917547e-01 0 
    0.135372 4.200557e+20 5.716703e-01 0 
    0.136624 3.700863e+20 4.944763e-01 0 
    0.137571 4.020689e+20 5.298381e-01 0 
    0.138525 4.123822e+20 5.359695e-01 0 
    0.139485 3.599985e+20 4.614686e-01 0 
    0.140452 3.804574e+20 4.810017e-01 0 
    0.141426 3.902124e+20 4.865629e-01 0 
    0.142406 4.142863e+20 5.094956e-01 0 
    0.143393 4.152392e+20 5.036617e-01 0 
    0.144055 4.480228e+20 5.384431e-01 0 
    0.144720 4.627005e+20 5.509845e-01 0 
    0.145388 4.500958e+20 5.310608e-01 0 
    0.146396 4.123900e+20 4.798949e-01 0 
    0.147410 4.190900e+20 4.810053e-01 0 
    0.148432 4.388316e+20 4.967516e-01 0 
    0.149461 4.563544e+20 5.094985e-01 0 
    0.150497 4.318165e+20 4.754885e-01 0 
    0.151192 3.769675e+20 4.112849e-01 0 
    0.151540 4.142873e+20 4.499285e-01 0 
    0.152591 4.020729e+20 4.306688e-01 0 
    0.153649 3.437928e+20 3.631899e-01 0 
    0.154358 3.974706e+20 4.160477e-01 0 
    0.155428 3.778389e+20 3.900718e-01 0 
    0.156505 3.875261e+20 3.945853e-01 0 
    0.157590 4.219945e+20 4.237853e-01 0 
    0.158682 4.574089e+20 4.530496e-01 0 
    0.159415 4.713036e+20 4.625288e-01 0 
    0.160520 4.702263e+20 4.551401e-01 0 
    0.161632 4.800617e+20 4.582883e-01 0 
    0.162378 4.521686e+20 4.277032e-01 0 
    0.163504 4.946511e+20 4.614649e-01 0 
    0.164637 5.108551e+20 4.700449e-01 0 
    0.165397 4.691355e+20 4.277003e-01 0 
    0.166544 5.275952e+20 4.743942e-01 0 
    0.167312 4.595151e+20 4.093946e-01 0 
    0.167698 5.374061e+20 4.765882e-01 0 
    0.168472 5.758429e+20 5.059936e-01 0 
    0.169640 5.423727e+20 4.700432e-01 0 
    0.170423 5.215638e+20 4.478654e-01 0 
    0.171604 4.946600e+20 4.189367e-01 0 
    0.172396 4.969387e+20 4.170085e-01 0 
    0.173591 5.448838e+20 4.509682e-01 0 
    0.174393 5.361700e+20 4.396841e-01 0 
    0.175602 5.892499e+20 4.765814e-01 0 
    0.176412 5.349350e+20 4.286879e-01 0 
    0.177635 5.588598e+20 4.417151e-01 0 
    0.178455 5.758452e+20 4.509669e-01 0 
    0.179692 6.357715e+20 4.910661e-01 0 
    0.180521 6.357745e+20 4.865686e-01 0 
    0.181354 5.811609e+20 4.406954e-01 0 
    0.182612 6.057659e+20 4.530464e-01 0 
    0.183454 5.825032e+20 4.316586e-01 0 
    0.184301 5.324839e+20 3.909737e-01 0 
    0.185579 5.411364e+20 3.918732e-01 0 
    0.186435 5.679392e+20 4.075148e-01 0 
    0.187296 6.328512e+20 4.499260e-01 0 
    0.188594 5.838479e+20 4.093930e-01 0 
    0.189465 5.653282e+20 3.927707e-01 0 
    0.190339 6.085649e+20 4.189361e-01 0 
    0.191659 5.892464e+20 4.000690e-01 0 
    0.192543 5.851907e+20 3.936755e-01 0 
    0.193432 6.071529e+20 4.047043e-01 0 
    0.194325 6.446187e+20 4.257376e-01 0 
    0.195672 6.099540e+20 3.973161e-01 0 
    0.196575 6.859632e+20 4.427318e-01 0 
    0.197482 7.117188e+20 4.551451e-01 0 
    0.198394 6.765482e+20 4.286849e-01 0 
    0.199310 6.611438e+20 4.150823e-01 0 
    0.200691 6.939014e+20 4.296733e-01 0 
    0.201617 6.688016e+20 4.103358e-01 0 
    0.202548 7.117093e+20 4.326565e-01 0 
    0.203483 6.781224e+20 4.084588e-01 0 
    0.204422 7.199467e+20 4.296764e-01 0 
    0.205366 6.891317e+20 4.075131e-01 0 
    0.206314 6.955093e+20 4.075135e-01 0 
    0.207266 7.608523e+20 4.417135e-01 0 
    0.207744 7.367138e+20 4.257340e-01 0 
    0.208703 7.821750e+20 4.478607e-01 0 
    0.209666 7.401272e+20 4.199009e-01 0 
    0.210634 7.486921e+20 4.208649e-01 0 
    0.211606 7.661380e+20 4.267244e-01 0 
    0.212583 7.821679e+20 4.316575e-01 0 
    0.213564 7.232718e+20 3.954958e-01 0 
    0.214550 7.626200e+20 4.131879e-01 0 
    0.215540 8.022460e+20 4.306737e-01 0 
    0.216535 7.785655e+20 4.141287e-01 0 
    0.217535 7.785696e+20 4.103322e-01 0 
    0.218539 7.785851e+20 4.065788e-01 0 
    0.219547 8.247182e+20 4.267240e-01 0 
    0.220561 8.059469e+20 4.131858e-01 0 
    0.221579 7.608509e+20 3.864905e-01 0 
    0.222602 7.452459e+20 3.750921e-01 0 
    0.223629 8.228067e+20 4.103345e-01 0 
    0.224661 7.894149e+20 3.900734e-01 0 
    0.225698 7.466732e+20 3.655709e-01 0 
    0.226740 7.706374e+20 3.738439e-01 0 
    0.227263 8.029971e+20 3.877511e-01 0 
    0.228312 8.480819e+20 4.057670e-01 0 
    0.229366 7.964399e+20 3.775647e-01 0 
    0.230424 8.126070e+20 3.816995e-01 0 
    0.231488 7.666391e+20 3.568046e-01 0 
    0.232556 5.825280e+20 2.686322e-01 0 
    0.233630 7.031225e+20 3.212700e-01 0 
    0.234708 6.756781e+20 3.059007e-01 0 
    0.235249 7.631352e+20 3.439081e-01 0 
    0.236335 6.812408e+20 3.041872e-01 0 
    0.237426 7.194655e+20 3.183097e-01 0 
    0.238522 6.557269e+20 2.874502e-01 0 
    0.239623 7.168570e+20 3.113666e-01 0 
    0.240729 6.904515e+20 2.971480e-01 0 
    0.241284 7.210842e+20 3.089053e-01 0 
    0.242398 8.010949e+20 3.400340e-01 0 
    0.243516 7.769428e+20 3.267612e-01 0 
    0.244640 8.435058e+20 3.515035e-01 0 
    0.245770 8.429296e+20 3.480407e-01 0 
    0.246336 8.272641e+20 3.400046e-01 0 
    0.247473 7.967759e+20 3.244718e-01 0 
    0.248616 8.017260e+20 3.234926e-01 0 
    0.249763 7.686391e+20 3.073001e-01 0 
    0.250339 8.924166e+20 3.551461e-01 0 
    0.251494 7.538076e+20 2.972362e-01 0 
    0.252074 7.728701e+20 3.033520e-01 0 
    0.252655 7.429286e+20 2.902603e-01 0 
    0.253238 7.794345e+20 3.031226e-01 0 
    0.254407 7.753046e+20 2.987519e-01 0 
    0.255581 8.936145e+20 3.411847e-01 0 
    0.256760 8.449706e+20 3.196563e-01 0 
    0.257352 9.218909e+20 3.471529e-01 0 
    0.258540 9.044018e+20 3.374445e-01 0 
    0.259734 8.872465e+20 3.280070e-01 0 
    0.260332 8.489203e+20 3.123980e-01 0 
    0.261534 8.366710e+20 3.050667e-01 0 
    0.262741 9.124706e+20 3.296550e-01 0 
    0.263347 1.018728e+21 3.663513e-01 0 
    0.264562 1.174177e+21 4.183841e-01 0 
    0.265784 1.298377e+21 4.583949e-01 0 
    0.266396 1.067174e+21 3.750390e-01 0 
    0.267626 1.158509e+21 4.034030e-01 0 
    0.268243 1.193268e+21 4.135972e-01 0 
    0.269481 1.092445e+21 3.751799e-01 0 
    0.270725 1.183196e+21 4.026210e-01 0 
    0.271349 1.061432e+21 3.595275e-01 0 
    0.272601 1.031694e+21 3.462520e-01 0 
    0.273230 1.123014e+21 3.751673e-01 0 
    0.274491 9.016321e+20 2.984487e-01 0 
    0.275758 9.675867e+20 3.173438e-01 0 
    0.276394 1.050797e+21 3.430506e-01 0 
    0.277670 1.119873e+21 3.622491e-01 0 
    0.278310 9.885411e+20 3.182977e-01 0 
    0.279594 7.492948e+20 2.390526e-01 0 
    0.280239 8.193581e+20 2.602035e-01 0 
    0.281532 1.117156e+21 3.515237e-01 0 
    0.282181 1.276243e+21 3.997369e-01 0 
    0.283484 1.243313e+21 3.858511e-01 0 
    0.284792 1.164731e+21 3.581514e-01 0 
    0.285449 1.035233e+21 3.168673e-01 0 
    0.286766 1.335614e+21 4.050625e-01 0 
    0.287427 1.440447e+21 4.348490e-01 0 
    0.288754 1.390388e+21 4.158880e-01 0 
    0.289420 1.451958e+21 4.323081e-01 0 
    0.290756 1.712328e+21 5.051567e-01 0 
    0.292771 1.614472e+21 4.697546e-01 0 
    0.294801 1.586622e+21 4.553151e-01 0 
    0.296844 1.674566e+21 4.739606e-01 0 
    0.298902 1.707420e+21 4.766277e-01 0 
    0.300973 1.765059e+21 4.859602e-01 0 
    0.303060 1.812100e+21 4.920636e-01 0 
    0.305160 1.856100e+21 4.970988e-01 0 
    0.307276 1.932021e+21 5.103298e-01 0 
    0.308694 1.966148e+21 5.145841e-01 0 
    0.310834 2.065469e+21 5.331607e-01 0 
    0.312989 2.034354e+21 5.179227e-01 0 
    0.315158 2.055004e+21 5.160033e-01 0 
    0.317342 2.148856e+21 5.321678e-01 0 
    0.318807 1.976052e+21 4.848855e-01 0 
    0.321017 2.153633e+21 5.212092e-01 0 
    0.323242 1.956845e+21 4.670864e-01 0 
    0.324734 2.328771e+21 5.507668e-01 0 
    0.326985 2.567405e+21 5.988735e-01 0 
    0.329252 2.551879e+21 5.870832e-01 0 
    0.330772 2.537657e+21 5.784582e-01 0 
    0.332298 2.540962e+21 5.739038e-01 0 
    0.333065 2.721359e+21 6.118210e-01 0 
    0.333832 2.492114e+21 5.577100e-01 0 
    0.334602 2.718586e+21 6.055952e-01 0 
    0.335373 2.512632e+21 5.571461e-01 0 
    0.336146 2.575778e+21 5.685243e-01 0 
    0.336921 2.610328e+21 5.735026e-01 0 
    0.337698 2.514604e+21 5.499321e-01 0 
    0.338476 2.461776e+21 5.359067e-01 0 
    0.339257 2.805623e+21 6.079503e-01 0 
    0.340039 2.977175e+21 6.421602e-01 0 
    0.340823 2.720078e+21 5.840098e-01 0 
    0.341608 2.656809e+21 5.678068e-01 0 
    0.342396 2.979433e+21 6.338299e-01 0 
    0.343185 2.984790e+21 6.320531e-01 0 
    0.343976 2.969535e+21 6.259341e-01 0 
    0.344769 2.462977e+21 5.167737e-01 0 
    0.345564 2.794054e+21 5.835449e-01 0 
    0.346360 2.517691e+21 5.234118e-01 0 
    0.347159 2.895853e+21 5.992612e-01 0 
    0.347959 2.497756e+21 5.145058e-01 0 
    0.348761 2.737289e+21 5.612564e-01 0 
    0.349565 2.698325e+21 5.507250e-01 0 
    0.350371 3.075104e+21 6.247409e-01 0 
    0.351179 2.996623e+21 6.059984e-01 0 
    0.351988 3.015782e+21 6.070728e-01 0 
    0.352800 2.649538e+21 5.308961e-01 0 
    0.353613 3.068548e+21 6.120303e-01 0 
    0.354428 3.256117e+21 6.464580e-01 0 
    0.355245 3.337832e+21 6.596369e-01 0 
    0.356064 3.245111e+21 6.383662e-01 0 
    0.356885 2.851008e+21 5.582623e-01 0 
    0.357708 2.810357e+21 5.477729e-01 0 
    0.358532 2.486091e+21 4.823448e-01 0 
    0.359359 2.885890e+21 5.573386e-01 0 
    0.359885 4.076132e+21 7.849051e-01 1 
    0.360154 2.983413e+21 5.736319e-01 1 
    0.360423 3.822905e+21 7.339475e-01 1 
    0.360692 3.275697e+21 6.279531e-01 1 
    0.360961 2.701116e+21 5.170340e-01 1 
    0.361230 3.762981e+21 7.192184e-01 1 
    0.361499 2.888775e+21 5.513102e-01 1 
    0.361768 3.152178e+21 6.006852e-01 1 
    0.362037 3.120215e+21 5.937108e-01 1 
    0.362306 3.346533e+21 6.358292e-01 1 
    0.362576 2.494747e+21 4.732873e-01 1 
    0.362845 4.200884e+21 7.957833e-01 1 
    0.363114 5.428090e+21 1.026733e+00 1 
    0.363383 4.048762e+21 7.646971e-01 1 
    0.363652 2.354751e+21 4.440885e-01 1 
    0.363921 3.501990e+21 6.594731e-01 1 
    0.364190 4.192349e+21 7.883115e-01 1 
    0.364459 3.722290e+21 6.988908e-01 1 
    0.364728 4.355692e+21 8.166112e-01 1 
    0.364997 4.223816e+21 7.907203e-01 1 
    0.365266 4.817676e+21 9.005661e-01 1 
    0.365535 5.342203e+21 9.971463e-01 1 
    0.365804 3.445973e+21 6.422609e-01 1 
    0.366073 4.019886e+21 7.481260e-01 1 
    0.366343 4.383830e+21 8.146562e-01 1 
    0.366612 4.239518e+21 7.866826e-01 1 
    0.366881 5.232731e+21 9.695593e-01 1 
    0.367150 4.076095e+21 7.541430e-01 1 
    0.367419 5.061330e+21 9.350566e-01 1 
    0.367688 4.297668e+21 7.928123e-01 1 
    0.367957 4.280583e+21 7.885063e-01 1 
    0.368226 3.705339e+21 6.815466e-01 1 
    0.368495 2.616735e+21 4.806102e-01 1 
    0.368764 3.339556e+21 6.124748e-01 1 
    0.369033 3.636312e+21 6.659279e-01 1 
    0.369302 3.770094e+21 6.894223e-01 1 
    0.369571 3.712268e+21 6.778600e-01 1 
    0.369840 5.184126e+21 9.452448e-01 1 
    0.370109 3.973421e+21 7.234387e-01 1 
    0.370379 3.876761e+21 7.048112e-01 1 
    0.370648 3.223848e+21 5.852585e-01 1 
    0.370917 3.975035e+21 7.205829e-01 1 
    0.371186 4.800778e+21 8.690102e-01 1 
    0.371455 4.169305e+21 7.536117e-01 1 
    0.371724 3.127995e+21 5.645745e-01 1 
    0.371993 3.992660e+21 7.195969e-01 1 
    0.372262 5.692329e+21 1.024446e+00 1 
    0.372531 7.209069e+21 1.295540e+00 1 
    0.372800 7.635949e+21 1.370275e+00 1 
    0.373069 7.711744e+21 1.381881e+00 1 
    0.373338 6.635972e+21 1.187399e+00 1 
    0.373607 4.740996e+21 8.471025e-01 1 
    0.373876 2.967840e+21 5.295193e-01 1 
    0.374145 3.518951e+21 6.269455e-01 1 
    0.374415 5.309922e+21 9.446656e-01 1 
    0.374684 5.605255e+21 9.957757e-01 1 
    0.374953 4.818920e+21 8.548550e-01 1 
    0.375222 4.798651e+21 8.500393e-01 1 
    0.375491 5.010222e+21 8.862463e-01 1 
    0.375760 4.116733e+21 7.271568e-01 1 
    0.376029 3.966616e+21 6.996388e-01 1 
    0.376298 4.521070e+21 7.962948e-01 1 
    0.376567 4.838057e+21 8.509086e-01 1 
    0.376836 4.601082e+21 8.080749e-01 1 
    0.377105 4.090415e+21 7.173635e-01 1 
    0.377374 5.489648e+21 9.613842e-01 1 
    0.377643 6.194021e+21 1.083194e+00 1 
    0.377912 4.831507e+21 8.437186e-01 1 
    0.378181 5.202458e+21 9.072053e-01 1 
    0.378451 4.847643e+21 8.441270e-01 1 
    0.378720 5.443399e+21 9.465208e-01 1 
    0.378989 4.673411e+21 8.114789e-01 1 
    0.379258 4.680487e+21 8.115551e-01 1 
    0.379527 4.732674e+21 8.194410e-01 1 
    0.379796 5.482411e+21 9.479104e-01 1 
    0.380065 4.203312e+21 7.257254e-01 1 
    0.380334 4.407313e+21 7.598713e-01 1 
    0.380603 4.947550e+21 8.518090e-01 1 
    0.380872 5.075744e+21 8.726459e-01 1 
    0.381141 5.435839e+21 9.332364e-01 1 
    0.381410 5.558982e+21 9.530321e-01 1 
    0.381679 4.115675e+21 7.045973e-01 1 
    0.381948 4.703230e+21 8.040520e-01 1 
    0.382217 4.181867e+21 7.139153e-01 1 
    0.382487 4.147227e+21 7.070023e-01 1 
    0.382756 3.703485e+21 6.304679e-01 1 
    0.383025 3.739767e+21 6.357505e-01 1 
    0.383294 2.303740e+21 3.910802e-01 1 
    0.383563 2.024290e+21 3.431593e-01 1 
    0.383832 2.749830e+21 4.655002e-01 1 
    0.384101 4.289272e+21 7.250855e-01 1 
    0.384370 4.679204e+21 7.898952e-01 1 
    0.384639 5.780579e+21 9.744536e-01 1 
    0.384908 4.627817e+21 7.790381e-01 1 
    0.385177 5.307410e+21 8.921921e-01 1 
    0.385446 5.420150e+21 9.098728e-01 1 
    0.385715 5.242598e+21 8.788403e-01 1 
    0.385984 4.874686e+21 8.160268e-01 1 
    0.386253 4.649712e+21 7.772824e-01 1 
    0.386523 6.242651e+21 1.042113e+00 1 
    0.386792 5.961928e+21 9.938669e-01 1 
    0.387061 5.985799e+21 9.964597e-01 1 
    0.387330 4.806678e+21 7.990596e-01 1 
    0.387599 4.189441e+21 6.954842e-01 1 
    0.387868 3.621641e+21 6.003907e-01 1 
    0.388137 4.399084e+21 7.282635e-01 1 
    0.388406 4.166427e+21 6.887924e-01 1 
    0.388675 4.254986e+21 7.024596e-01 1 
    0.388944 5.078422e+21 8.372421e-01 1 
    0.389213 4.468711e+21 7.357056e-01 1 
    0.389482 5.030533e+21 8.270574e-01 1 
    0.389751 5.463218e+21 8.969546e-01 1 
    0.390020 5.030419e+21 8.247587e-01 1 
    0.390290 5.500375e+21 9.005626e-01 1 
    0.390559 6.884122e+21 1.125568e+00 1 
    0.390828 5.900923e+21 9.634852e-01 1 
    0.391097 5.275485e+21 8.601810e-01 1 
    0.391366 6.244396e+21 1.016765e+00 1 
    0.391635 6.415082e+21 1.043123e+00 1 
    0.391904 6.099194e+21 9.903974e-01 1 
    0.392173 6.307372e+21 1.022797e+00 1 
    0.392442 5.625450e+21 9.109672e-01 1 
    0.392711 6.162979e+21 9.966461e-01 1 
    0.392980 4.597943e+21 7.425388e-01 1 
    0.393249 3.624771e+21 5.845771e-01 1 
    0.393518 2.852116e+21 4.593403e-01 1 
    0.393787 3.394000e+21 5.458653e-01 1 
    0.394056 4.904508e+21 7.877275e-01 1 
    0.394326 6.319115e+21 1.013542e+00 1 
    0.394595 4.993351e+21 7.998074e-01 1 
    0.394864 5.592491e+21 8.945542e-01 1 
    0.395133 5.667204e+21 9.052711e-01 1 
    0.395402 5.107772e+21 8.147984e-01 1 
    0.395671 5.477568e+21 8.726012e-01 1 
    0.395940 5.519997e+21 8.781659e-01 1 
    0.396209 4.831931e+21 7.676592e-01 1 
    0.396478 3.796386e+21 6.023219e-01 1 
    0.396747 2.690311e+21 4.262571e-01 1 
    0.397016 3.909801e+21 6.186359e-01 1 
    0.397285 4.596062e+21 7.262363e-01 1 
    0.397554 6.434503e+21 1.015358e+00 1 
    0.397823 5.640851e+21 8.889172e-01 1 
    0.398092 4.490073e+21 7.066152e-01 1 
    0.398362 6.007629e+21 9.441558e-01 1 
    0.398631 7.582142e+21 1.189998e+00 1 
    0.398900 8.179231e+21 1.281979e+00 1 
    0.399169 7.825764e+21 1.224925e+00 1 
    0.399438 9.321978e+21 1.457155e+00 1 
    0.399707 8.141493e+21 1.270916e+00 1 
    0.399976 7.933982e+21 1.236858e+00 1 
    0.400245 8.493673e+21 1.322331e+00 1 
    0.400514 7.857675e+21 1.221673e+00 1 
    0.400783 7.439301e+21 1.155075e+00 1 
    0.401052 7.274412e+21 1.127958e+00 1 
    0.401321 7.991649e+21 1.237511e+00 1 
    0.401590 8.626622e+21 1.334048e+00 1 
    0.401859 8.572867e+21 1.323961e+00 1 
    0.402128 8.452837e+21 1.303678e+00 1 
    0.402398 8.658520e+21 1.333609e+00 1 
    0.402667 8.728632e+21 1.342612e+00 1 
    0.402936 8.568715e+21 1.316255e+00 1 
    0.403205 8.512285e+21 1.305842e+00 1 
    0.403474 8.474090e+21 1.298250e+00 1 
    0.403743 8.041594e+21 1.230350e+00 1 
    0.404012 8.530074e+21 1.303349e+00 1 
    0.404281 7.938648e+21 1.211369e+00 1 
    0.404550 8.134283e+21 1.239571e+00 1 
    0.404819 7.819388e+21 1.190001e+00 1 
    0.405088 8.318657e+21 1.264302e+00 1 
    0.405357 8.285405e+21 1.257578e+00 1 
    0.405626 7.864914e+21 1.192172e+00 1 
    0.405895 7.974949e+21 1.207249e+00 1 
    0.406164 7.887949e+21 1.192498e+00 1 
    0.406434 7.232420e+21 1.091943e+00 1 
    0.406703 7.637658e+21 1.151601e+00 1 
    0.406972 7.511624e+21 1.131101e+00 1 
    0.407241 8.345267e+21 1.254971e+00 1 
    0.407510 8.019735e+21 1.204425e+00 1 
    0.407779 7.496614e+21 1.124377e+00 1 
    0.408048 8.048897e+21 1.205620e+00 1 
    0.408317 8.660625e+21 1.295540e+00 1 
    0.408586 7.863213e+21 1.174707e+00 1 
    0.408855 7.457721e+21 1.112664e+00 1 
    0.409124 8.057925e+21 1.200632e+00 1 
    0.409393 7.055607e+21 1.049905e+00 1 
    0.409662 6.712567e+21 9.975477e-01 1 
    0.409931 6.300346e+21 9.350596e-01 1 
    0.410201 7.514199e+21 1.113745e+00 1 
    0.410470 7.642035e+21 1.131208e+00 1 
    0.410739 6.730348e+21 9.949518e-01 1 
    0.411008 6.999469e+21 1.033382e+00 1 
    0.411277 8.049512e+21 1.186854e+00 1 
    0.411546 7.746986e+21 1.140755e+00 1 
    0.411815 8.405451e+21 1.236099e+00 1 
    0.412084 9.431197e+21 1.385134e+00 1 
    0.412353 9.181731e+21 1.346737e+00 1 
    0.412622 8.779052e+21 1.285995e+00 1 
    0.412891 8.969192e+21 1.312136e+00 1 
    0.413160 9.000188e+21 1.314957e+00 1 
    0.413429 8.724229e+21 1.272980e+00 1 
    0.413698 8.793648e+21 1.281441e+00 1 
    0.413967 8.493550e+21 1.236102e+00 1 
    0.414237 8.318025e+21 1.208979e+00 1 
    0.414506 8.000792e+21 1.161362e+00 1 
    0.414775 8.127905e+21 1.178284e+00 1 
    0.415044 7.287674e+21 1.055108e+00 1 
    0.415313 7.540628e+21 1.090317e+00 1 
    0.415582 7.962775e+21 1.149867e+00 1 
    0.415851 8.512350e+21 1.227638e+00 1 
    0.416120 8.488727e+21 1.222649e+00 1 
    0.416389 8.363224e+21 1.203017e+00 1 
    0.416658 8.404238e+21 1.207356e+00 1 
    0.416927 8.463480e+21 1.214298e+00 1 
    0.417196 8.318469e+21 1.191954e+00 1 
    0.417465 7.820613e+21 1.119173e+00 1 
    0.417734 8.092529e+21 1.156594e+00 1 
    0.418003 8.369688e+21 1.194667e+00 1 
    0.418273 8.401771e+21 1.197699e+00 1 
    0.418542 7.878512e+21 1.121663e+00 1 
    0.418811 8.138097e+21 1.157133e+00 1 
    0.419080 8.602274e+21 1.221563e+00 1 
    0.419349 8.146023e+21 1.155289e+00 1 
    0.419618 8.157246e+21 1.155398e+00 1 
    0.419887 8.410778e+21 1.189783e+00 1 
    0.420156 8.772428e+21 1.239353e+00 1 
    0.420425 9.502442e+21 1.340771e+00 1 
    0.420694 8.694079e+21 1.225145e+00 1 
    0.420963 8.431600e+21 1.186639e+00 1 
    0.421232 9.019613e+21 1.267774e+00 1 
    0.421501 9.427526e+21 1.323418e+00 1 
    0.421770 8.822951e+21 1.236969e+00 1 
    0.422039 8.786182e+21 1.230245e+00 1 
    0.422309 8.348290e+21 1.167437e+00 1 
    0.422578 7.793540e+21 1.088473e+00 1 
    0.422847 8.417792e+21 1.174162e+00 1 
    0.423116 8.085138e+21 1.126328e+00 1 
    0.423385 8.433774e+21 1.173404e+00 1 
    0.423654 9.271149e+21 1.288271e+00 1 
    0.423923 9.830041e+21 1.364199e+00 1 
    0.424192 9.385496e+21 1.300855e+00 1 
    0.424461 9.198379e+21 1.273304e+00 1 
    0.424730 9.323807e+21 1.289033e+00 1 
    0.424999 9.483309e+21 1.309425e+00 1 
    0.425268 8.864502e+21 1.222434e+00 1 
    0.425537 9.005669e+21 1.240331e+00 1 
    0.425806 8.442209e+21 1.161259e+00 1 
    0.426075 9.285852e+21 1.275693e+00 1 
    0.426345 1.003991e+22 1.377538e+00 1 
    0.426614 9.583988e+21 1.313326e+00 1 
    0.426883 9.135615e+21 1.250307e+00 1 
    0.427152 8.521825e+21 1.164834e+00 1 
    0.427421 7.712441e+21 1.052875e+00 1 
    0.427690 8.501148e+21 1.159086e+00 1 
    0.427959 9.442209e+21 1.285777e+00 1 
    0.428228 9.395067e+21 1.277751e+00 1 
    0.428497 8.487750e+21 1.152905e+00 1 
    0.428766 8.252152e+21 1.119497e+00 1 
    0.429035 8.499476e+21 1.151604e+00 1 
    0.429304 8.316163e+21 1.125355e+00 1 
    0.429573 8.232690e+21 1.112665e+00 1 
    0.429842 8.259882e+21 1.114943e+00 1 
    0.430111 6.747326e+21 9.096348e-01 1 
    0.430381 6.678436e+21 8.992180e-01 1 
    0.430650 7.397555e+21 9.948000e-01 1 
    0.430919 7.292123e+21 9.793978e-01 1 
    0.431188 8.398189e+21 1.126546e+00 1 
    0.431457 9.139756e+21 1.224492e+00 1 
    0.431726 1.018390e+22 1.362681e+00 1 
    0.431995 9.537545e+21 1.274605e+00 1 
    0.432264 9.972008e+21 1.331009e+00 1 
    0.432533 9.340821e+21 1.245211e+00 1 
    0.432802 9.764670e+21 1.300096e+00 1 
    0.433071 8.984783e+21 1.194774e+00 1 
    0.433340 8.515732e+21 1.130995e+00 1 
    0.433609 8.626071e+21 1.144229e+00 1 
    0.433878 7.674199e+21 1.016703e+00 1 
    0.434148 8.719633e+21 1.153770e+00 1 
    0.434417 9.530688e+21 1.259526e+00 1 
    0.434686 8.694421e+21 1.147588e+00 1 
    0.434955 8.661580e+21 1.141839e+00 1 
    0.435224 8.497651e+21 1.118844e+00 1 
    0.435493 9.389083e+21 1.234688e+00 1 
    0.435762 9.157888e+21 1.202799e+00 1 
    0.436031 1.059969e+22 1.390449e+00 1 
    0.436300 1.047369e+22 1.372227e+00 1 
    0.436569 1.036145e+22 1.355848e+00 1 
    0.436838 1.083816e+22 1.416483e+00 1 
    0.437107 1.026735e+22 1.340230e+00 1 
    0.437376 9.764163e+21 1.272980e+00 1 
    0.437645 9.754522e+21 1.270160e+00 1 
    0.437914 9.980866e+21 1.298037e+00 1 
    0.438184 9.468719e+21 1.229914e+00 1 
    0.438453 8.895929e+21 1.154095e+00 1 
    0.438722 9.212396e+21 1.193686e+00 1 
    0.438991 9.922706e+21 1.284149e+00 1 
    0.439260 1.030243e+22 1.331658e+00 1 
    0.439529 1.055787e+22 1.363006e+00 1 
    0.439798 1.077353e+22 1.389147e+00 1 
    0.440067 1.058374e+22 1.363006e+00 1 
    0.440336 1.048031e+22 1.348038e+00 1 
    0.440605 1.052436e+22 1.352052e+00 1 
    0.440874 1.008327e+22 1.293805e+00 1 
    0.441143 1.027163e+22 1.316367e+00 1 
    0.441412 1.132309e+22 1.449349e+00 1 
    0.441681 1.034761e+22 1.322876e+00 1 
    0.441950 1.001109e+22 1.278296e+00 1 
    0.442220 1.004965e+22 1.281653e+00 1 
    0.442489 1.109821e+22 1.413658e+00 1 
    0.442758 1.105800e+22 1.406825e+00 1 
    0.443027 1.046025e+22 1.329163e+00 1 
    0.443296 1.117036e+22 1.417673e+00 1 
    0.443565 1.147315e+22 1.454336e+00 1 
    0.443834 1.042986e+22 1.320487e+00 1 
    0.444103 1.089542e+22 1.377758e+00 1 
    0.444372 1.142219e+22 1.442622e+00 1 
    0.444641 1.132597e+22 1.428739e+00 1 
    0.444910 1.118903e+22 1.409757e+00 1 
    0.445179 1.119394e+22 1.408673e+00 1 
    0.445448 1.090716e+22 1.370927e+00 1 
    0.445717 1.035009e+22 1.299338e+00 1 
    0.445986 1.052522e+22 1.319731e+00 1 
    0.446256 1.079689e+22 1.352157e+00 1 
    0.446525 1.112036e+22 1.390989e+00 1 
    0.446794 9.748120e+21 1.217875e+00 1 
    0.447063 1.111501e+22 1.386976e+00 1 
    0.447332 1.071501e+22 1.335455e+00 1 
    0.447601 1.118971e+22 1.392943e+00 1 
    0.447870 1.164809e+22 1.448262e+00 1 
    0.448139 1.144023e+22 1.420711e+00 1 
    0.448408 1.212558e+22 1.504015e+00 1 
    0.448677 1.236252e+22 1.531566e+00 1 
    0.448946 1.097219e+22 1.357693e+00 1 
    0.449215 1.141275e+22 1.410517e+00 1 
    0.449484 1.166543e+22 1.440021e+00 1 
    0.449753 1.193277e+22 1.471260e+00 1 
    0.450022 1.229232e+22 1.513780e+00 1 
    0.450292 1.185728e+22 1.458455e+00 1 
    0.450561 1.260338e+22 1.548376e+00 1 
    0.450830 1.336361e+22 1.639814e+00 1 
    0.451099 1.200072e+22 1.470822e+00 1 
    0.451368 1.235263e+22 1.512148e+00 1 
    0.451637 1.271778e+22 1.554994e+00 1 
    0.451906 1.289370e+22 1.574627e+00 1 
    0.452175 1.229904e+22 1.500218e+00 1 
    0.452444 1.199228e+22 1.461062e+00 1 
    0.452713 1.122661e+22 1.366153e+00 1 
    0.452982 1.041002e+22 1.265278e+00 1 
    0.453251 1.116397e+22 1.355307e+00 1 
    0.453520 1.094018e+22 1.326563e+00 1 
    0.453789 1.186578e+22 1.437093e+00 1 
    0.454058 1.210850e+22 1.464752e+00 1 
    0.454328 1.225033e+22 1.480149e+00 1 
    0.454597 1.203027e+22 1.451839e+00 1 
    0.454866 1.208680e+22 1.456938e+00 1 
    0.455135 1.198038e+22 1.442403e+00 1 
    0.455404 1.176635e+22 1.414962e+00 1 
    0.455673 1.299215e+22 1.560526e+00 1 
    0.455942 1.234840e+22 1.481453e+00 1 
    0.456211 1.181896e+22 1.416264e+00 1 
    0.456480 1.291769e+22 1.546101e+00 1 
    0.456749 1.248199e+22 1.492193e+00 1 
    0.457018 1.301811e+22 1.554454e+00 1 
    0.457287 1.281245e+22 1.528096e+00 1 
    0.457556 1.235496e+22 1.471802e+00 1 
    0.457825 1.301582e+22 1.548706e+00 1 
    0.458094 1.293438e+22 1.537209e+00 1 
    0.458364 1.261332e+22 1.497287e+00 1 
    0.458633 1.232259e+22 1.461059e+00 1 
    0.458902 1.314761e+22 1.557053e+00 1 
    0.459171 1.272564e+22 1.505315e+00 1 
    0.459440 1.236325e+22 1.460735e+00 1 
    0.459709 1.245310e+22 1.469630e+00 1 
    0.459978 1.220635e+22 1.438825e+00 1 
    0.460247 1.221603e+22 1.438283e+00 1 
    0.460516 1.305858e+22 1.535688e+00 1 
    0.460785 1.276911e+22 1.499894e+00 1 
    0.461054 1.246046e+22 1.461931e+00 1 
    0.461323 1.355331e+22 1.588296e+00 1 
    0.461592 1.302424e+22 1.524518e+00 1 
    0.461861 1.353485e+22 1.582440e+00 1 
    0.462131 1.337136e+22 1.561499e+00 1 
    0.462400 1.369659e+22 1.597619e+00 1 
    0.462669 1.357103e+22 1.581133e+00 1 
    0.462938 1.321026e+22 1.537312e+00 1 
    0.463207 1.218982e+22 1.416914e+00 1 
    0.463476 1.330545e+22 1.544798e+00 1 
    0.463745 1.344624e+22 1.559333e+00 1 
    0.464014 1.344593e+22 1.557489e+00 1 
    0.464283 1.248840e+22 1.444900e+00 1 
    0.464552 1.288958e+22 1.489589e+00 1 
    0.464821 1.338281e+22 1.544800e+00 1 
    0.465090 1.291758e+22 1.489373e+00 1 
    0.465359 1.261795e+22 1.453145e+00 1 
    0.465628 1.330298e+22 1.530267e+00 1 
    0.465897 1.304647e+22 1.499028e+00 1 
    0.466167 1.352276e+22 1.551954e+00 1 
    0.466436 1.354406e+22 1.552605e+00 1 
    0.466705 1.233862e+22 1.412791e+00 1 
    0.466974 1.253778e+22 1.433943e+00 1 
    0.467243 1.274308e+22 1.455745e+00 1 
    0.467512 1.251917e+22 1.428520e+00 1 
    0.467781 1.259734e+22 1.435788e+00 1 
    0.468050 1.272522e+22 1.448696e+00 1 
    0.468319 1.289438e+22 1.466268e+00 1 
    0.468588 1.302093e+22 1.478959e+00 1 
    0.468857 1.323284e+22 1.501304e+00 1 
    0.469126 1.290441e+22 1.462365e+00 1 
    0.469395 1.328144e+22 1.503366e+00 1 
    0.469664 1.301942e+22 1.472019e+00 1 
    0.469933 1.257236e+22 1.419846e+00 1 
    0.470203 1.178194e+22 1.329054e+00 1 
    0.470472 1.197833e+22 1.349663e+00 1 
    0.470741 1.230718e+22 1.385132e+00 1 
    0.471010 1.330831e+22 1.496095e+00 1 
    0.471279 1.316027e+22 1.477764e+00 1 
    0.471548 1.228270e+22 1.377649e+00 1 
    0.471817 1.292700e+22 1.448262e+00 1 
    0.472086 1.377533e+22 1.541545e+00 1 
    0.472355 1.428010e+22 1.596213e+00 1 
    0.472624 1.413997e+22 1.578750e+00 1 
    0.472893 1.370090e+22 1.527987e+00 1 
    0.473162 1.368923e+22 1.524951e+00 1 
    0.473431 1.320473e+22 1.469307e+00 1 
    0.473700 1.313874e+22 1.460305e+00 1 
    0.473969 1.370471e+22 1.521481e+00 1 
    0.474239 1.375158e+22 1.524946e+00 1 
    0.474508 1.440761e+22 1.595884e+00 1 
    0.474777 1.481218e+22 1.638838e+00 1 
    0.475046 1.469745e+22 1.624304e+00 1 
    0.475315 1.483398e+22 1.637537e+00 1 
    0.475584 1.450059e+22 1.598923e+00 1 
    0.475853 1.410240e+22 1.553259e+00 1 
    0.476122 1.449694e+22 1.594911e+00 1 
    0.476391 1.426756e+22 1.567903e+00 1 
    0.476660 1.433902e+22 1.573977e+00 1 
    0.476929 1.355786e+22 1.486553e+00 1 
    0.477198 1.299479e+22 1.423208e+00 1 
    0.477467 1.347644e+22 1.474297e+00 1 
    0.477736 1.416661e+22 1.548055e+00 1 
    0.478005 1.372645e+22 1.498269e+00 1 
    0.478275 1.394486e+22 1.520391e+00 1 
    0.478544 1.450236e+22 1.579397e+00 1 
    0.478813 1.412582e+22 1.536662e+00 1 
    0.479082 1.398198e+22 1.519307e+00 1 
    0.479351 1.433447e+22 1.555861e+00 1 
    0.479620 1.432656e+22 1.553258e+00 1 
    0.479889 1.501369e+22 1.625932e+00 1 
    0.480158 1.431059e+22 1.548053e+00 1 
    0.480427 1.480145e+22 1.599359e+00 1 
    0.480696 1.478487e+22 1.595780e+00 1 
    0.480965 1.450664e+22 1.563999e+00 1 
    0.481234 1.452187e+22 1.563891e+00 1 
    0.481503 1.469844e+22 1.581138e+00 1 
    0.481772 1.491070e+22 1.602181e+00 1 
    0.482041 1.477982e+22 1.586345e+00 1 
    0.482311 1.456059e+22 1.561066e+00 1 
    0.482580 1.423653e+22 1.524621e+00 1 
    0.482849 1.394416e+22 1.491647e+00 1 
    0.483118 1.341054e+22 1.432967e+00 1 
    0.483387 1.393156e+22 1.486984e+00 1 
    0.483656 1.427569e+22 1.522020e+00 1 
    0.483925 1.500554e+22 1.598056e+00 1 
    0.484194 1.361718e+22 1.448588e+00 1 
    0.484463 1.363640e+22 1.449022e+00 1 
    0.484732 1.390703e+22 1.476140e+00 1 
    0.485001 1.422529e+22 1.508246e+00 1 
    0.485270 1.363784e+22 1.444359e+00 1 
    0.485539 1.353609e+22 1.431994e+00 1 
    0.485808 1.366605e+22 1.444143e+00 1 
    0.486077 1.369969e+22 1.446096e+00 1 
    0.486347 1.385682e+22 1.461059e+00 1 
    0.486616 1.375476e+22 1.448694e+00 1 
    0.486885 1.349985e+22 1.420276e+00 1 
    0.487154 1.361696e+22 1.431014e+00 1 
    0.487423 1.365474e+22 1.433401e+00 1 
    0.487692 1.305951e+22 1.369406e+00 1 
    0.487961 1.380192e+22 1.445659e+00 1 
    0.488230 1.364920e+22 1.428088e+00 1 
    0.488499 1.411364e+22 1.475054e+00 1 
    0.488768 1.401698e+22 1.463340e+00 1 
    0.489037 1.360596e+22 1.418869e+00 1 
    0.489306 1.449249e+22 1.509657e+00 1 
    0.489575 1.564988e+22 1.628430e+00 1 
    0.489844 1.556586e+22 1.617909e+00 1 
    0.490114 1.475033e+22 1.531454e+00 1 
    0.490383 1.523089e+22 1.579614e+00 1 
    0.490652 1.561511e+22 1.617687e+00 1 
    0.490921 1.506519e+22 1.559006e+00 1 
    0.491190 1.515306e+22 1.566382e+00 1 
    0.491459 1.507828e+22 1.556946e+00 1 
    0.491728 1.404423e+22 1.448587e+00 1 
    0.491997 1.374904e+22 1.416589e+00 1 
    0.492266 1.416246e+22 1.457591e+00 1 
    0.492535 1.381501e+22 1.420278e+00 1 
    0.492804 1.441525e+22 1.480370e+00 1 
    0.493073 1.518807e+22 1.558033e+00 1 
    0.493342 1.526922e+22 1.564650e+00 1 
    0.493611 1.553279e+22 1.589924e+00 1 
    0.493880 1.546168e+22 1.580921e+00 1 
    0.494150 1.563040e+22 1.596426e+00 1 
    0.494419 1.506056e+22 1.536552e+00 1 
    0.494688 1.554419e+22 1.584170e+00 1 
    0.494957 1.618760e+22 1.647950e+00 1 
    0.495226 1.615934e+22 1.643286e+00 1 
    0.495495 1.582026e+22 1.607058e+00 1 
    0.495764 1.548470e+22 1.571264e+00 1 
    0.496033 1.556037e+22 1.577230e+00 1 
    0.496302 1.596719e+22 1.616713e+00 1 
    0.496571 1.537752e+22 1.555321e+00 1 
    0.496840 1.548866e+22 1.564866e+00 1 
    0.497109 1.481008e+22 1.494688e+00 1 
    0.497378 1.473359e+22 1.485360e+00 1 
    0.497647 1.520944e+22 1.531676e+00 1 
    0.497916 1.478813e+22 1.487639e+00 1 
    0.498186 1.470049e+22 1.477220e+00 1 
    0.498455 1.404102e+22 1.409429e+00 1 
    0.498724 1.430606e+22 1.434485e+00 1 
    0.498993 1.512069e+22 1.514534e+00 1 
    0.499262 1.490392e+22 1.491214e+00 1 
    0.499531 1.538882e+22 1.538073e+00 1 
    0.499800 1.544995e+22 1.542520e+00 1 
    0.500069 1.593098e+22 1.588837e+00 1 
    0.500338 1.683112e+22 1.676804e+00 1 
    0.500607 1.755768e+22 1.747309e+00 1 
    0.500876 1.755364e+22 1.745032e+00 1 
    0.501145 1.697503e+22 1.685700e+00 1 
    0.501414 1.603431e+22 1.590574e+00 1 
    0.501683 1.501492e+22 1.487855e+00 1 
    0.501952 1.466175e+22 1.451302e+00 1 
    0.502222 1.455790e+22 1.439474e+00 1 
    0.502491 1.443843e+22 1.426132e+00 1 
    0.502760 1.435056e+22 1.415937e+00 1 
    0.503029 1.518690e+22 1.496854e+00 1 
    0.503298 1.543120e+22 1.519308e+00 1 
    0.503567 1.472974e+22 1.448695e+00 1 
    0.503836 1.496519e+22 1.470281e+00 1 
    0.504105 1.504528e+22 1.476573e+00 1 
    0.504374 1.506798e+22 1.477223e+00 1 
    0.504643 1.523802e+22 1.492301e+00 1 
    0.504912 1.541282e+22 1.507812e+00 1 
    0.505181 1.564791e+22 1.529181e+00 1 
    0.505450 1.574792e+22 1.537316e+00 1 
    0.505719 1.586480e+22 1.547079e+00 1 
    0.505988 1.588503e+22 1.547405e+00 1 
    0.506258 1.596435e+22 1.553473e+00 1 
    0.506527 1.616767e+22 1.571588e+00 1 
    0.506796 1.583745e+22 1.537855e+00 1 
    0.507065 1.590235e+22 1.542519e+00 1 
    0.507334 1.557893e+22 1.509546e+00 1 
    0.507603 1.494663e+22 1.446743e+00 1 
    0.507872 1.494005e+22 1.444574e+00 1 
    0.508141 1.494577e+22 1.443598e+00 1 
    0.508410 1.444111e+22 1.393378e+00 1 
    0.508679 1.494931e+22 1.440887e+00 1 
    0.508948 1.557234e+22 1.499352e+00 1 
    0.509217 1.498998e+22 1.441756e+00 1 
    0.509486 1.486245e+22 1.427981e+00 1 
    0.509755 1.540366e+22 1.478419e+00 1 
    0.510024 1.502283e+22 1.440347e+00 1 
    0.510294 1.492317e+22 1.429278e+00 1 
    0.510563 1.524048e+22 1.458131e+00 1 
    0.510832 1.470498e+22 1.405416e+00 1 
    0.511101 1.486931e+22 1.419626e+00 1 
    0.511370 1.517953e+22 1.447719e+00 1 
    0.511639 1.535376e+22 1.462796e+00 1 
    0.511908 1.535509e+22 1.461387e+00 1 
    0.512177 1.498676e+22 1.424833e+00 1 
    0.512446 1.484033e+22 1.409431e+00 1 
    0.512715 1.485592e+22 1.409432e+00 1 
    0.512984 1.479369e+22 1.402056e+00 1 
    0.513253 1.487910e+22 1.408673e+00 1 
    0.513522 1.547389e+22 1.463450e+00 1 
    0.513791 1.584602e+22 1.497075e+00 1 
    0.514060 1.562012e+22 1.474189e+00 1 
    0.514330 1.546045e+22 1.457588e+00 1 
    0.514599 1.532345e+22 1.443162e+00 1 
    0.514868 1.505817e+22 1.416696e+00 1 
    0.515137 1.505429e+22 1.414853e+00 1 
    0.515406 1.510237e+22 1.417890e+00 1 
    0.515675 1.599942e+22 1.500543e+00 1 
    0.515944 1.590961e+22 1.490565e+00 1 
    0.516213 1.514160e+22 1.417132e+00 1 
    0.516482 1.405408e+22 1.313980e+00 1 
    0.516751 1.374820e+22 1.284043e+00 1 
    0.517020 1.382646e+22 1.290009e+00 1 
    0.517289 1.335323e+22 1.244561e+00 1 
    0.517558 1.380982e+22 1.285779e+00 1 
    0.517827 1.391515e+22 1.294240e+00 1 
    0.518097 1.331438e+22 1.237073e+00 1 
    0.518366 1.340885e+22 1.244558e+00 1 
    0.518635 1.446277e+22 1.340986e+00 1 
    0.518904 1.518041e+22 1.406067e+00 1 
    0.519173 1.468739e+22 1.358992e+00 1 
    0.519442 1.565314e+22 1.446851e+00 1 
    0.519711 1.669723e+22 1.541761e+00 1 
    0.519980 1.611245e+22 1.486226e+00 1 
    0.520249 1.566063e+22 1.443056e+00 1 
    0.520518 1.571454e+22 1.446527e+00 1 
    0.520787 1.507849e+22 1.386545e+00 1 
    0.521056 1.452375e+22 1.334155e+00 1 
    0.521325 1.527633e+22 1.401840e+00 1 
    0.521594 1.612510e+22 1.478202e+00 1 
    0.521863 1.676358e+22 1.535148e+00 1 
    0.522133 1.648208e+22 1.507808e+00 1 
    0.522402 1.672814e+22 1.528743e+00 1 
    0.522671 1.615726e+22 1.475052e+00 1 
    0.522940 1.605258e+22 1.463989e+00 1 
    0.523209 1.616911e+22 1.473100e+00 1 
    0.523478 1.630135e+22 1.483622e+00 1 
    0.523747 1.749205e+22 1.590354e+00 1 
    0.524016 1.765094e+22 1.603154e+00 1 
    0.524285 1.702352e+22 1.544582e+00 1 
    0.524554 1.636965e+22 1.483732e+00 1 
    0.524823 1.656973e+22 1.500328e+00 1 
    0.525092 1.648240e+22 1.490892e+00 1 
    0.525361 1.704787e+22 1.540462e+00 1 
    0.525630 1.670005e+22 1.507488e+00 1 
    0.525899 1.753268e+22 1.581029e+00 1 
    0.526169 1.676557e+22 1.510303e+00 1 
    0.526438 1.569071e+22 1.412032e+00 1 
    0.526707 1.571640e+22 1.412900e+00 1 
    0.526976 1.596436e+22 1.433726e+00 1 
    0.527245 1.544265e+22 1.385458e+00 1 
    0.527514 1.661662e+22 1.489262e+00 1 
    0.527783 1.682136e+22 1.506075e+00 1 
    0.528052 1.678273e+22 1.501086e+00 1 
    0.528321 1.723200e+22 1.539701e+00 1 
    0.528590 1.731639e+22 1.545667e+00 1 
    0.528859 1.713575e+22 1.527987e+00 1 
    0.529128 1.714954e+22 1.527662e+00 1 
    0.529397 1.702803e+22 1.515297e+00 1 
    0.529666 1.732963e+22 1.540571e+00 1 
    0.529935 1.697594e+22 1.507597e+00 1 
    0.530205 1.669487e+22 1.481126e+00 1 
    0.530474 1.753548e+22 1.554124e+00 1 
    0.530743 1.832263e+22 1.622242e+00 1 
    0.531012 1.809104e+22 1.600116e+00 1 
    0.531281 1.766990e+22 1.561285e+00 1 
    0.531550 1.758581e+22 1.552282e+00 1 
    0.531819 1.732686e+22 1.527877e+00 1 
    0.532088 1.745398e+22 1.537531e+00 1 
    0.532357 1.702791e+22 1.498483e+00 1 
    0.532626 1.634432e+22 1.436874e+00 1 
    0.532895 1.598785e+22 1.404117e+00 1 
    0.533164 1.689909e+22 1.482648e+00 1 
    0.533433 1.699412e+22 1.489482e+00 1 
    0.533702 1.706082e+22 1.493821e+00 1 
    0.533971 1.831932e+22 1.602398e+00 1 
    0.534241 1.777671e+22 1.553365e+00 1 
    0.534510 1.700187e+22 1.484163e+00 1 
    0.534779 1.673292e+22 1.459216e+00 1 
    0.535048 1.744326e+22 1.519633e+00 1 
    0.535317 1.867222e+22 1.625064e+00 1 
    0.535586 1.847891e+22 1.606625e+00 1 
    0.535855 1.830267e+22 1.589704e+00 1 
    0.536124 1.910360e+22 1.657605e+00 1 
    0.536393 1.872235e+22 1.622896e+00 1 
    0.536662 1.920460e+22 1.663029e+00 1 
    0.536931 1.845024e+22 1.596105e+00 1 
    0.537200 1.771317e+22 1.530808e+00 1 
    0.537469 1.765679e+22 1.524409e+00 1 
    0.537738 1.853846e+22 1.598927e+00 1 
    0.538007 1.917637e+22 1.652293e+00 1 
    0.538277 1.845586e+22 1.588617e+00 1 
    0.538546 1.892338e+22 1.627232e+00 1 
    0.538815 1.883875e+22 1.618338e+00 1 
    0.539084 1.688208e+22 1.448803e+00 1 
    0.539353 1.797307e+22 1.540893e+00 1 
    0.539622 1.754268e+22 1.502495e+00 1 
    0.539891 1.661068e+22 1.421254e+00 1 
    0.540160 1.713102e+22 1.464316e+00 1 
    0.540429 1.649265e+22 1.408347e+00 1 
    0.540698 1.608567e+22 1.372227e+00 1 
    0.540967 1.724589e+22 1.469740e+00 1 
    0.541236 1.773571e+22 1.509982e+00 1 
    0.541505 1.790894e+22 1.523216e+00 1 
    0.541774 1.793823e+22 1.524192e+00 1 
    0.542044 1.859369e+22 1.578312e+00 1 
    0.542313 1.926322e+22 1.633523e+00 1 
    0.542582 1.841040e+22 1.559657e+00 1 
    0.542851 1.823514e+22 1.543279e+00 1 
    0.543120 1.762973e+22 1.490563e+00 1 
    0.543389 1.675341e+22 1.415070e+00 1 
    0.543658 1.789349e+22 1.509871e+00 1 
    0.543927 1.658331e+22 1.397933e+00 1 
    0.544196 1.891296e+22 1.592742e+00 1 
    0.544465 1.820968e+22 1.532000e+00 1 
    0.544734 1.853225e+22 1.557599e+00 1 
    0.545003 1.840717e+22 1.545559e+00 1 
    0.545272 1.760035e+22 1.476357e+00 1 
    0.545541 1.714657e+22 1.436875e+00 1 
    0.545810 1.881156e+22 1.574847e+00 1 
    0.546080 1.846568e+22 1.544362e+00 1 
    0.546349 1.875910e+22 1.567357e+00 1 
    0.546618 1.801868e+22 1.504013e+00 1 
    0.546887 1.757725e+22 1.465724e+00 1 
    0.547156 1.894217e+22 1.577988e+00 1 
    0.547425 1.831305e+22 1.524080e+00 1 
    0.547694 1.778573e+22 1.478741e+00 1 
    0.547963 1.839608e+22 1.527986e+00 1 
    0.548232 1.735796e+22 1.440344e+00 1 
    0.548501 1.741164e+22 1.443382e+00 1 
    0.548770 1.842937e+22 1.526252e+00 1 
    0.549039 1.822850e+22 1.508138e+00 1 
    0.549308 1.836842e+22 1.518226e+00 1 
    0.549577 1.810925e+22 1.495339e+00 1 
    0.549846 1.924727e+22 1.587755e+00 1 
    0.550116 1.853695e+22 1.527658e+00 1 
    0.550385 1.876456e+22 1.544905e+00 1 
    0.550654 1.824487e+22 1.500650e+00 1 
    0.550923 1.825214e+22 1.499783e+00 1 
    0.551192 1.901388e+22 1.560851e+00 1 
    0.551461 1.847034e+22 1.514752e+00 1 
    0.551730 1.781317e+22 1.459434e+00 1 
    0.551999 1.883638e+22 1.541761e+00 1 
    0.552268 1.896617e+22 1.550873e+00 1 
    0.552537 1.842433e+22 1.505100e+00 1 
    0.552806 1.828412e+22 1.492193e+00 1 
    0.553075 1.833119e+22 1.494579e+00 1 
    0.553344 1.932780e+22 1.574304e+00 1 
    0.553613 2.071955e+22 1.686026e+00 1 
    0.553882 1.856753e+22 1.509441e+00 1 
    0.554152 2.035117e+22 1.652830e+00 1 
    0.554421 1.971455e+22 1.599573e+00 1 
    0.554690 1.880903e+22 1.524622e+00 1 
    0.554959 2.039845e+22 1.651855e+00 1 
    0.555228 2.006428e+22 1.623220e+00 1 
    0.555497 2.023672e+22 1.635585e+00 1 
    0.555766 1.912658e+22 1.544364e+00 1 
    0.556035 1.846068e+22 1.489155e+00 1 
    0.556304 1.945301e+22 1.567686e+00 1 
    0.556573 1.961734e+22 1.579401e+00 1 
    0.556842 1.823516e+22 1.466703e+00 1 
    0.557111 1.903571e+22 1.529615e+00 1 
    0.557380 1.845553e+22 1.481564e+00 1 
    0.557649 1.929566e+22 1.547512e+00 1 
    0.557918 1.944425e+22 1.557926e+00 1 
    0.558188 1.936408e+22 1.550003e+00 1 
    0.558457 1.912776e+22 1.529611e+00 1 
    0.558726 2.044822e+22 1.633632e+00 1 
    0.558995 1.899068e+22 1.515728e+00 1 
    0.559264 1.797105e+22 1.432967e+00 1 
    0.559533 1.892106e+22 1.507268e+00 1 
    0.559802 1.817057e+22 1.446093e+00 1 
    0.560071 1.799978e+22 1.431124e+00 1 
    0.560340 1.785867e+22 1.418542e+00 1 
    0.560609 1.786079e+22 1.417350e+00 1 
    0.560878 1.795319e+22 1.423316e+00 1 
    0.561147 2.016434e+22 1.597082e+00 1 
    0.561416 1.969019e+22 1.558034e+00 1 
    0.561685 1.927823e+22 1.523975e+00 1 
    0.561954 1.917858e+22 1.514647e+00 1 
    0.562224 1.993107e+22 1.572564e+00 1 
    0.562493 1.931441e+22 1.522452e+00 1 
    0.562762 1.954914e+22 1.539482e+00 1 
    0.563031 1.935690e+22 1.522887e+00 1 
    0.563300 1.973559e+22 1.551197e+00 1 
    0.563569 2.019509e+22 1.585799e+00 1 
    0.563838 1.899350e+22 1.490022e+00 1 
    0.564107 1.802070e+22 1.412360e+00 1 
    0.564376 1.941765e+22 1.520394e+00 1 
    0.564645 1.958870e+22 1.532326e+00 1 
    0.564914 1.950328e+22 1.524191e+00 1 
    0.565183 1.888697e+22 1.474621e+00 1 
    0.565452 1.965170e+22 1.532869e+00 1 
    0.565721 2.001560e+22 1.559770e+00 1 
    0.565990 1.932828e+22 1.504777e+00 1 
    0.566260 1.881394e+22 1.463337e+00 1 
    0.566529 1.987454e+22 1.544363e+00 1 
    0.566798 2.067726e+22 1.605214e+00 1 
    0.567067 1.846763e+22 1.432316e+00 1 
    0.567336 2.052476e+22 1.590354e+00 1 
    0.567605 1.973435e+22 1.527660e+00 1 
    0.567874 2.069555e+22 1.600551e+00 1 
    0.568143 2.013117e+22 1.555428e+00 1 
    0.568412 1.975398e+22 1.524841e+00 1 
    0.568681 2.082475e+22 1.605975e+00 1 
    0.568950 1.986883e+22 1.530808e+00 1 
    0.569219 1.964525e+22 1.512152e+00 1 
    0.569488 2.073017e+22 1.594154e+00 1 
    0.569757 2.066646e+22 1.587754e+00 1 
    0.570027 2.121451e+22 1.628316e+00 1 
    0.570296 2.122323e+22 1.627449e+00 1 
    0.570565 1.907136e+22 1.461060e+00 1 
    0.570834 1.901141e+22 1.455094e+00 1 
    0.571103 1.948752e+22 1.490130e+00 1 
    0.571372 1.940223e+22 1.482212e+00 1 
    0.571641 1.909222e+22 1.457156e+00 1 
    0.571910 1.966214e+22 1.499242e+00 1 
    0.572179 2.030287e+22 1.546643e+00 1 
    0.572448 2.045879e+22 1.557056e+00 1 
    0.572717 2.029543e+22 1.543173e+00 1 
    0.572986 2.111840e+22 1.604240e+00 1 
    0.573255 2.100818e+22 1.594370e+00 1 
    0.573524 2.018959e+22 1.530808e+00 1 
    0.573793 1.972599e+22 1.494255e+00 1 
    0.574063 2.154322e+22 1.630377e+00 1 
    0.574332 2.174992e+22 1.644478e+00 1 
    0.574601 2.114711e+22 1.597404e+00 1 
    0.574870 1.978425e+22 1.493058e+00 1 
    0.575139 2.122126e+22 1.600007e+00 1 
    0.575408 2.034978e+22 1.532866e+00 1 
    0.575677 2.138927e+22 1.609662e+00 1 
    0.575946 1.984685e+22 1.492192e+00 1 
    0.576215 2.027551e+22 1.522997e+00 1 
    0.576484 2.114577e+22 1.586885e+00 1 
    0.576753 2.093259e+22 1.569422e+00 1 
    0.577022 2.230607e+22 1.670840e+00 1 
    0.577291 2.173407e+22 1.626477e+00 1 
    0.577560 2.133651e+22 1.595238e+00 1 
    0.577829 2.135204e+22 1.594913e+00 1 
    0.578099 2.108995e+22 1.573865e+00 1 
    0.578368 2.085354e+22 1.554775e+00 1 
    0.578637 2.059773e+22 1.534275e+00 1 
    0.578906 2.100459e+22 1.563128e+00 1 
    0.579175 1.979719e+22 1.471907e+00 1 
    0.579444 2.085383e+22 1.549028e+00 1 
    0.579713 2.135114e+22 1.584497e+00 1 
    0.579982 2.241114e+22 1.661619e+00 1 
    0.580251 2.074504e+22 1.536664e+00 1 
    0.580520 2.047554e+22 1.515296e+00 1 
    0.580789 2.034049e+22 1.503907e+00 1 
    0.581058 2.185857e+22 1.614653e+00 1 
    0.581327 2.181121e+22 1.609664e+00 1 
    0.581596 2.119736e+22 1.562915e+00 1 
    0.581865 2.158804e+22 1.590249e+00 1 
    0.582135 2.139136e+22 1.574299e+00 1 
    0.582404 2.139343e+22 1.572998e+00 1 
    0.582673 2.050954e+22 1.506616e+00 1 
    0.582942 2.203746e+22 1.617362e+00 1 
    0.583211 2.258887e+22 1.656302e+00 1 
    0.583480 2.261120e+22 1.656411e+00 1 
    0.583749 2.228230e+22 1.630813e+00 1 
    0.584018 2.191420e+22 1.602395e+00 1 
    0.584287 2.113262e+22 1.543823e+00 1 
    0.584556 2.177775e+22 1.589488e+00 1 
    0.584825 2.240470e+22 1.633743e+00 1 
    0.585094 2.193102e+22 1.597732e+00 1 
    0.585363 2.147283e+22 1.562914e+00 1 
    0.585632 1.992639e+22 1.449024e+00 1 
    0.585901 1.972225e+22 1.432862e+00 1 
    0.586171 2.060560e+22 1.495660e+00 1 
    0.586440 2.020871e+22 1.465507e+00 1 
    0.586709 2.027367e+22 1.468870e+00 1 
    0.586978 2.100703e+22 1.520609e+00 1 
    0.587247 2.143875e+22 1.550438e+00 1 
    0.587516 2.156349e+22 1.558031e+00 1 
    0.587785 2.142998e+22 1.546968e+00 1 
    0.588054 2.211586e+22 1.595019e+00 1 
    0.588323 2.163934e+22 1.559225e+00 1 
    0.588592 2.116343e+22 1.523540e+00 1 
    0.588861 2.074242e+22 1.491867e+00 1 
    0.589130 2.031910e+22 1.460087e+00 1 
    0.589399 1.994333e+22 1.431777e+00 1 
    0.589668 1.959558e+22 1.405528e+00 1 
    0.589937 2.012053e+22 1.441865e+00 1 
    0.590207 2.141149e+22 1.532973e+00 1 
    0.590476 2.107618e+22 1.507592e+00 1 
    0.590745 2.074327e+22 1.482428e+00 1 
    0.591014 2.048569e+22 1.462687e+00 1 
    0.591283 2.103805e+22 1.500760e+00 1 
    0.591552 2.201297e+22 1.568878e+00 1 
    0.591821 2.104742e+22 1.498700e+00 1 
    0.592090 2.066557e+22 1.470173e+00 1 
    0.592359 2.172819e+22 1.544365e+00 1 
    0.592628 2.268885e+22 1.611182e+00 1 
    0.592897 2.196796e+22 1.558575e+00 1 
    0.593166 2.156556e+22 1.528638e+00 1 
    0.593435 2.325154e+22 1.646652e+00 1 
    0.593704 2.253985e+22 1.594804e+00 1 
    0.593973 2.174859e+22 1.537425e+00 1 
    0.594243 2.074546e+22 1.465181e+00 1 
    0.594512 2.055980e+22 1.450755e+00 1 
    0.594781 2.178619e+22 1.535903e+00 1 
    0.595050 2.234798e+22 1.574084e+00 1 
    0.595319 2.123067e+22 1.494035e+00 1 
    0.595588 2.140260e+22 1.504774e+00 1 
    0.595857 2.199328e+22 1.544907e+00 1 
    0.596126 2.077517e+22 1.458025e+00 1 
    0.596395 2.061139e+22 1.445226e+00 1 
    0.596664 2.195226e+22 1.537857e+00 1 
    0.596933 2.359153e+22 1.651207e+00 1 
    0.597202 2.157773e+22 1.508897e+00 1 
    0.597471 2.300687e+22 1.607387e+00 1 
    0.597740 2.187458e+22 1.526904e+00 1 
    0.598010 2.153967e+22 1.502168e+00 1 
    0.598279 2.221911e+22 1.548159e+00 1 
    0.598548 2.076823e+22 1.445766e+00 1 
    0.598817 2.130311e+22 1.481669e+00 1 
    0.599086 2.240398e+22 1.556837e+00 1 
    0.599355 2.230068e+22 1.548269e+00 1 
    0.599624 2.345598e+22 1.627017e+00 1 
    0.599893 2.368676e+22 1.641552e+00 1 
    0.600162 2.267723e+22 1.570180e+00 1 
    0.600431 2.293590e+22 1.586668e+00 1 
    0.600700 2.159897e+22 1.492843e+00 1 
    0.600969 2.121464e+22 1.464968e+00 1 
    0.601238 2.099310e+22 1.448372e+00 1 
    0.601507 2.191984e+22 1.510959e+00 1 
    0.601776 2.180086e+22 1.501414e+00 1 
    0.602046 2.202056e+22 1.515184e+00 1 
    0.602315 2.269977e+22 1.560524e+00 1 
    0.602584 2.296957e+22 1.577663e+00 1 
    0.602853 2.395110e+22 1.643611e+00 1 
    0.603122 2.286981e+22 1.568009e+00 1 
    0.603391 2.403980e+22 1.646757e+00 1 
    0.603660 2.444637e+22 1.673116e+00 1 
    0.603929 2.312142e+22 1.581027e+00 1 
    0.604198 2.165279e+22 1.479284e+00 1 
    0.604467 2.224574e+22 1.518442e+00 1 
    0.604736 2.434593e+22 1.660318e+00 1 
    0.605005 2.269131e+22 1.546102e+00 1 
    0.605274 2.312576e+22 1.574303e+00 1 
    0.605543 2.342063e+22 1.592960e+00 1 
    0.605812 2.426507e+22 1.648930e+00 1 
    0.606082 2.310920e+22 1.568985e+00 1 
    0.606351 2.345273e+22 1.590896e+00 1 
    0.606620 2.440020e+22 1.653698e+00 1 
    0.606889 2.463810e+22 1.668342e+00 1 
    0.607158 2.368195e+22 1.602177e+00 1 
    0.607427 2.296639e+22 1.552391e+00 1 
    0.607696 2.333527e+22 1.575929e+00 1 
    0.607965 2.293476e+22 1.547510e+00 1 
    0.608234 2.306448e+22 1.554886e+00 1 
    0.608503 2.089154e+22 1.407154e+00 1 
    0.608772 2.148866e+22 1.446094e+00 1 
    0.609041 2.139151e+22 1.438284e+00 1 
    0.609310 2.269084e+22 1.524300e+00 1 
    0.609579 2.200627e+22 1.477008e+00 1 
    0.609848 2.354455e+22 1.578860e+00 1 
    0.610118 2.200629e+22 1.474401e+00 1 
    0.610387 2.071482e+22 1.386651e+00 1 
    0.610656 2.158453e+22 1.443597e+00 1 
    0.610925 2.192333e+22 1.464965e+00 1 
    0.611194 2.176556e+22 1.453142e+00 1 
    0.611463 2.342383e+22 1.562478e+00 1 
    0.611732 2.373577e+22 1.581894e+00 1 
    0.612001 2.546380e+22 1.695569e+00 1 
    0.612270 2.583836e+22 1.718998e+00 1 
    0.612539 2.308861e+22 1.534712e+00 1 
    0.612808 2.258299e+22 1.499785e+00 1 
    0.613077 2.305727e+22 1.529940e+00 1 
    0.613346 2.214493e+22 1.468114e+00 1 
    0.613615 2.265563e+22 1.500654e+00 1 
    0.613884 2.286398e+22 1.513128e+00 1 
    0.614154 2.203921e+22 1.457263e+00 1 
    0.614423 2.321440e+22 1.533625e+00 1 
    0.614692 2.455267e+22 1.620616e+00 1 
    0.614961 2.405114e+22 1.586124e+00 1 
    0.615230 2.165065e+22 1.426568e+00 1 
    0.615499 2.254119e+22 1.483948e+00 1 
    0.615768 2.108334e+22 1.386761e+00 1 
    0.616037 2.161672e+22 1.420603e+00 1 
    0.616306 2.189001e+22 1.437307e+00 1 
    0.616575 2.276063e+22 1.493169e+00 1 
    0.616844 2.176774e+22 1.426787e+00 1 
    0.617113 2.292625e+22 1.501413e+00 1 
    0.617382 2.129184e+22 1.393162e+00 1 
    0.617651 2.192595e+22 1.433404e+00 1 
    0.617920 2.390293e+22 1.561288e+00 1 
    0.618190 2.319244e+22 1.513558e+00 1 
    0.618459 2.174043e+22 1.417564e+00 1 
    0.618728 2.309465e+22 1.504556e+00 1 
    0.618997 2.243818e+22 1.460518e+00 1 
    0.619266 2.385201e+22 1.551197e+00 1 
    0.619535 2.087801e+22 1.356606e+00 1 
    0.619804 2.101477e+22 1.364308e+00 1 
    0.620073 2.270356e+22 1.472668e+00 1 
    0.620342 2.379441e+22 1.542088e+00 1 
    0.620611 2.352861e+22 1.523540e+00 1 
    0.620880 2.309802e+22 1.494362e+00 1 
    0.621149 2.290661e+22 1.480695e+00 1 
    0.621418 2.417599e+22 1.561396e+00 1 
    0.621687 2.375316e+22 1.532761e+00 1 
    0.621957 2.239754e+22 1.444030e+00 1 
    0.622226 2.321001e+22 1.495118e+00 1 
    0.622495 2.299078e+22 1.479716e+00 1 
    0.622764 2.307813e+22 1.484055e+00 1 
    0.623033 2.287861e+22 1.469955e+00 1 
    0.623302 2.182543e+22 1.401078e+00 1 
    0.623571 2.151113e+22 1.379710e+00 1 
    0.623840 2.257910e+22 1.446961e+00 1 
    0.624109 2.164483e+22 1.385893e+00 1 
    0.624378 2.190765e+22 1.401513e+00 1 
    0.624647 2.238133e+22 1.430583e+00 1 
    0.624916 2.218491e+22 1.416808e+00 1 
    0.625185 2.114839e+22 1.349449e+00 1 
    0.625454 2.127378e+22 1.356283e+00 1 
    0.625723 2.230186e+22 1.420605e+00 1 
    0.625993 2.110759e+22 1.343372e+00 1 
    0.626262 2.220037e+22 1.411707e+00 1 
    0.626531 2.211019e+22 1.404765e+00 1 
    0.626800 2.142007e+22 1.359751e+00 1 
    0.627069 2.389083e+22 1.515294e+00 1 
    0.627338 2.292031e+22 1.452492e+00 1 
    0.627607 2.375883e+22 1.504340e+00 1 
    0.627876 2.445131e+22 1.546860e+00 1 
    0.628145 2.398149e+22 1.515838e+00 1 
    0.628414 2.289769e+22 1.446093e+00 1 
    0.628683 2.346393e+22 1.480587e+00 1 
    0.628952 2.254810e+22 1.421580e+00 1 
    0.629221 2.424971e+22 1.527554e+00 1 
    0.629490 2.338290e+22 1.471693e+00 1 
    0.629759 2.368922e+22 1.489699e+00 1 
    0.630029 2.350404e+22 1.476787e+00 1 
    0.630298 2.490291e+22 1.563345e+00 1 
    0.630567 2.423938e+22 1.520392e+00 1 
    0.630836 2.389661e+22 1.497614e+00 1 
    0.631105 2.630229e+22 1.646974e+00 1 
    0.631374 2.390966e+22 1.495879e+00 1 
    0.631643 2.407406e+22 1.504882e+00 1 
    0.631912 2.291190e+22 1.431016e+00 1 
    0.632181 2.481210e+22 1.548378e+00 1 
    0.632450 2.367811e+22 1.476356e+00 1 
    0.632719 2.723794e+22 1.696872e+00 1 
    0.632988 2.414710e+22 1.503040e+00 1 
    0.633257 2.365836e+22 1.471368e+00 1 
    0.633526 2.278649e+22 1.415941e+00 1 
    0.633795 2.247217e+22 1.395223e+00 1 
    0.634065 2.379565e+22 1.476136e+00 1 
    0.634334 2.324535e+22 1.440776e+00 1 
    0.634603 2.462598e+22 1.525056e+00 1 
    0.634872 2.517627e+22 1.557813e+00 1 
    0.635141 2.555552e+22 1.579941e+00 1 
    0.635410 2.450605e+22 1.513776e+00 1 
    0.635679 2.539674e+22 1.567468e+00 1 
    0.635948 2.587732e+22 1.595778e+00 1 
    0.636217 2.419162e+22 1.490565e+00 1 
    0.636486 2.450633e+22 1.508680e+00 1 
    0.636755 2.465401e+22 1.516489e+00 1 
    0.637024 2.453543e+22 1.507921e+00 1 
    0.637293 2.323138e+22 1.426570e+00 1 
    0.637562 2.465646e+22 1.512803e+00 1 
    0.637831 2.521162e+22 1.545560e+00 1 
    0.638101 2.440767e+22 1.495010e+00 1 
    0.638370 2.369983e+22 1.450430e+00 1 
    0.638639 2.695530e+22 1.648275e+00 1 
    0.638908 2.690345e+22 1.643720e+00 1 
    0.639177 2.488276e+22 1.518982e+00 1 
    0.639446 2.332278e+22 1.422555e+00 1 
    0.639715 2.385678e+22 1.453902e+00 1 
    0.639984 2.481561e+22 1.511065e+00 1 
    0.640253 2.456371e+22 1.494470e+00 1 
    0.640522 2.546403e+22 1.547945e+00 1 
    0.640791 2.457288e+22 1.492518e+00 1 
    0.641060 2.454705e+22 1.489698e+00 1 
    0.641329 2.279493e+22 1.382207e+00 1 
    0.641598 2.218208e+22 1.343918e+00 1 
    0.641867 2.354456e+22 1.425269e+00 1 
    0.642137 2.402877e+22 1.453358e+00 1 
    0.642406 2.541298e+22 1.535794e+00 1 
    0.642675 2.234997e+22 1.349555e+00 1 
    0.642944 2.495937e+22 1.505857e+00 1 
    0.643213 2.521958e+22 1.520284e+00 1 
    0.643482 2.726484e+22 1.642202e+00 1 
    0.643751 2.502749e+22 1.506184e+00 1 
    0.644020 2.350432e+22 1.413336e+00 1 
    0.644289 2.230533e+22 1.340120e+00 1 
    0.644558 2.531074e+22 1.519418e+00 1 
    0.644827 2.357593e+22 1.414096e+00 1 
    0.645096 2.352683e+22 1.409974e+00 1 
    0.645365 2.203394e+22 1.319404e+00 1 
    0.645634 2.385254e+22 1.427113e+00 1 
    0.645903 2.607877e+22 1.559010e+00 1 
    0.646173 2.582266e+22 1.542410e+00 1 
    0.646442 2.495180e+22 1.489153e+00 1 
    0.646711 2.515448e+22 1.500000e+00 1 
    0.646980 2.578709e+22 1.536446e+00 1 
    0.647249 2.402299e+22 1.430147e+00 1 
    0.647518 2.530666e+22 1.505316e+00 1 
    0.647787 2.730602e+22 1.622895e+00 1 
    0.648056 2.630585e+22 1.562154e+00 1 
    0.648325 2.474460e+22 1.468221e+00 1 
    0.648594 2.495542e+22 1.479502e+00 1 
    0.648863 2.547968e+22 1.509331e+00 1 
    0.649132 2.517278e+22 1.489915e+00 1 
    0.649401 2.396478e+22 1.417242e+00 1 
    0.649670 2.406725e+22 1.422123e+00 1 
    0.649940 2.421579e+22 1.429712e+00 1 
    0.650209 2.401152e+22 1.416479e+00 1 
    0.650478 2.303032e+22 1.357473e+00 1 
    0.650747 2.631663e+22 1.549895e+00 1 
    0.651016 2.659461e+22 1.564973e+00 1 
    0.651285 2.614802e+22 1.537422e+00 1 
    0.651554 2.324138e+22 1.365392e+00 1 
    0.651823 2.408841e+22 1.413986e+00 1 
    0.652092 2.583746e+22 1.515404e+00 1 
    0.652361 2.773928e+22 1.625608e+00 1 
    0.652630 2.658403e+22 1.556623e+00 1 
    0.652899 2.499117e+22 1.462147e+00 1 
    0.653168 2.415269e+22 1.411927e+00 1 
    0.653437 2.641585e+22 1.542956e+00 1 
    0.653706 2.701376e+22 1.576582e+00 1 
    0.653976 2.621757e+22 1.528852e+00 1 
    0.654245 2.777683e+22 1.618446e+00 1 
    0.654514 2.936284e+22 1.709451e+00 1 
    0.654783 2.900473e+22 1.687215e+00 1 
    0.655052 2.817200e+22 1.637429e+00 1 
    0.655321 2.964449e+22 1.721600e+00 1 
    0.655590 3.234375e+22 1.876818e+00 1 
    0.655859 3.557871e+22 2.062841e+00 1 
    0.656128 3.851189e+22 2.231075e+00 1 
    0.656397 3.754846e+22 2.173479e+00 1 
    0.656666 3.531002e+22 2.042233e+00 1 
    0.656935 3.143681e+22 1.816729e+00 1 
    0.657204 2.776761e+22 1.603373e+00 1 
    0.657473 2.764935e+22 1.595238e+00 1 
    0.657742 2.921298e+22 1.684074e+00 1 
    0.658012 3.365461e+22 1.938534e+00 1 
    0.658281 3.524827e+22 2.028671e+00 1 
    0.658550 3.634655e+22 2.090173e+00 1 
    0.658819 3.297649e+22 1.894823e+00 1 
    0.659088 3.012987e+22 1.729844e+00 1 
    0.659357 2.985573e+22 1.712706e+00 1 
    0.659626 2.690533e+22 1.542195e+00 1 
    0.659895 2.387813e+22 1.367562e+00 1 
    0.660164 2.417244e+22 1.383290e+00 1 
    0.660433 2.420543e+22 1.384050e+00 1 
    0.660702 2.582941e+22 1.475705e+00 1 
    0.660971 2.544574e+22 1.452602e+00 1 
    0.661240 2.585629e+22 1.474838e+00 1 
    0.661509 2.603911e+22 1.484059e+00 1 
    0.661778 2.602982e+22 1.482323e+00 1 
    0.662048 2.629689e+22 1.496311e+00 1 
    0.662317 2.644037e+22 1.503254e+00 1 
    0.662586 2.657642e+22 1.509762e+00 1 
    0.662855 2.598461e+22 1.474944e+00 1 
    0.663124 2.544536e+22 1.443163e+00 1 
    0.663393 2.611486e+22 1.479934e+00 1 
    0.663662 2.559969e+22 1.449563e+00 1 
    0.663931 2.550159e+22 1.442839e+00 1 
    0.664200 2.537261e+22 1.434379e+00 1 
    0.664469 2.481902e+22 1.401947e+00 1 
    0.664738 2.442402e+22 1.378518e+00 1 
    0.665007 2.607479e+22 1.470499e+00 1 
    0.665276 2.632688e+22 1.483516e+00 1 
    0.665545 2.410386e+22 1.357151e+00 1 
    0.665814 2.425060e+22 1.364310e+00 1 
    0.666084 2.492240e+22 1.400968e+00 1 
    0.666353 2.596797e+22 1.458565e+00 1 
    0.666622 2.686253e+22 1.507593e+00 1 
    0.666891 2.624591e+22 1.471799e+00 1 
    0.667160 2.581024e+22 1.446201e+00 1 
    0.667429 2.638709e+22 1.477331e+00 1 
    0.667698 2.490569e+22 1.393269e+00 1 
    0.667967 2.816835e+22 1.574519e+00 1 
    0.668236 2.558674e+22 1.429064e+00 1 
    0.669157 2.658629e+22 1.480806e+00 0 
    0.670700 2.671091e+22 1.480910e+00 0 
    0.672246 2.557041e+22 1.411165e+00 0 
    0.673796 2.665596e+22 1.464313e+00 0 
    0.675349 2.635256e+22 1.440996e+00 0 
    0.676906 2.703217e+22 1.471365e+00 0 
    0.678466 2.741120e+22 1.485143e+00 0 
    0.680030 2.666683e+22 1.438175e+00 0 
    0.681598 2.710308e+22 1.454985e+00 0 
    0.683169 2.780068e+22 1.485579e+00 0 
    0.684744 2.643014e+22 1.405852e+00 0 
    0.686322 2.673854e+22 1.415723e+00 0 
    0.687905 2.686607e+22 1.415936e+00 0 
    0.689491 2.705420e+22 1.419299e+00 0 
    0.691080 2.730790e+22 1.426028e+00 0 
    0.692673 2.750070e+22 1.429498e+00 0 
    0.694270 2.833829e+22 1.466268e+00 0 
    0.695870 2.827537e+22 1.456292e+00 0 
    0.697474 2.934099e+22 1.504233e+00 0 
    0.699082 2.941051e+22 1.500869e+00 0 
    0.700694 2.848074e+22 1.446741e+00 0 
    0.702309 2.777130e+22 1.404223e+00 0 
    0.703928 2.962357e+22 1.490999e+00 0 
    0.705551 3.109616e+22 1.557925e+00 0 
    0.707177 2.849263e+22 1.420930e+00 0 
    0.708807 2.970136e+22 1.474405e+00 0 
    0.710442 2.817235e+22 1.392074e+00 0 
    0.712079 2.811054e+22 1.382640e+00 0 
    0.713721 2.703504e+22 1.323630e+00 0 
    0.715366 2.760499e+22 1.345326e+00 0 
    0.717015 2.812151e+22 1.364202e+00 0 
    0.718668 2.773689e+22 1.339361e+00 0 
    0.720325 2.806123e+22 1.348796e+00 0 
    0.721985 2.925172e+22 1.399560e+00 0 
    0.723649 2.973064e+22 1.415940e+00 0 
    0.725318 2.939426e+22 1.393484e+00 0 
    0.726990 2.926100e+22 1.380794e+00 0 
    0.728666 3.022508e+22 1.419734e+00 0 
    0.730345 3.158022e+22 1.476575e+00 0 
    0.732029 3.107811e+22 1.446420e+00 0 
    0.733716 3.158675e+22 1.463340e+00 0 
    0.735408 3.217712e+22 1.483840e+00 0 
    0.737103 3.137575e+22 1.440238e+00 0 
    0.738802 3.323922e+22 1.518767e+00 0 
    0.740505 3.324243e+22 1.511935e+00 0 
    0.742213 3.197036e+22 1.447394e+00 0 
    0.743924 3.302046e+22 1.488067e+00 0 
    0.745638 3.340745e+22 1.498593e+00 0 
    0.747357 3.418840e+22 1.526578e+00 0 
    0.749080 3.372392e+22 1.498919e+00 0 
    0.750807 3.459294e+22 1.530479e+00 0 
    0.752538 3.515901e+22 1.548375e+00 0 
    0.754273 3.556882e+22 1.559225e+00 0 
    0.756011 3.500466e+22 1.527447e+00 0 
    0.757754 3.452941e+22 1.499785e+00 0 
    0.759501 3.413684e+22 1.475921e+00 0 
    0.761252 3.375006e+22 1.452493e+00 0 
    0.763006 3.430331e+22 1.469524e+00 0 
    0.764765 3.406995e+22 1.452820e+00 0 
    0.766529 3.299296e+22 1.400427e+00 0 
    0.768295 3.337886e+22 1.410301e+00 0 
    0.770066 3.346071e+22 1.407264e+00 0 
    0.771842 3.353999e+22 1.404115e+00 0 
    0.773621 3.362197e+22 1.401080e+00 0 
    0.775404 3.255853e+22 1.350533e+00 0 
    0.777192 3.409851e+22 1.407911e+00 0 
    0.778984 3.363306e+22 1.382311e+00 0 
    0.780779 3.371678e+22 1.379387e+00 0 
    0.782579 3.547049e+22 1.444466e+00 0 
    0.784383 3.372367e+22 1.367020e+00 0 
    0.786191 3.507289e+22 1.415180e+00 0 
    0.788004 3.515913e+22 1.412140e+00 0 
    0.789820 3.581795e+22 1.431993e+00 0 
    0.791641 3.468590e+22 1.380362e+00 0 
    0.793466 3.492814e+22 1.383615e+00 0 
    0.795295 3.336190e+22 1.315499e+00 0 
    0.797128 3.517945e+22 1.380796e+00 0 
    0.798966 3.600258e+22 1.406609e+00 0 
    0.800808 3.502529e+22 1.362139e+00 0 
    0.802654 3.727723e+22 1.443057e+00 0 
    0.804504 3.806293e+22 1.466703e+00 0 
    0.806358 3.798125e+22 1.456833e+00 0 
    0.808218 3.669633e+22 1.401077e+00 0 
    0.810081 3.553571e+22 1.350531e+00 0 
    0.811948 3.790754e+22 1.434054e+00 0 
    0.813820 3.843968e+22 1.447503e+00 0 
    0.815696 3.730910e+22 1.398474e+00 0 
    0.817576 3.774588e+22 1.408347e+00 0 
    0.819461 3.646858e+22 1.354437e+00 0 
    0.821350 3.872301e+22 1.431558e+00 0 
    0.823243 3.828570e+22 1.408890e+00 0 
    0.825141 3.918201e+22 1.435248e+00 0 
    0.827043 4.046949e+22 1.475598e+00 0 
    0.828950 3.901253e+22 1.415937e+00 0 
    0.830861 3.892540e+22 1.406283e+00 0 
    0.832776 3.839629e+22 1.380796e+00 0 
    0.834696 3.787659e+22 1.355847e+00 0 
    0.836620 3.966484e+22 1.413337e+00 0 
    0.838549 3.876838e+22 1.375046e+00 0 
    0.840482 3.913169e+22 1.381555e+00 0 
    0.842419 4.013947e+22 1.410626e+00 0 
    0.844361 3.737909e+22 1.307581e+00 0 
    0.846308 3.923681e+22 1.366260e+00 0 
    0.848259 3.960256e+22 1.372659e+00 0 
    0.850214 3.960925e+22 1.366585e+00 0 
    0.852174 3.898046e+22 1.338711e+00 0 
    0.854138 3.934752e+22 1.345110e+00 0 
    0.856107 3.980651e+22 1.354548e+00 0 
    0.858081 4.027204e+22 1.364092e+00 0 
    0.860059 4.009444e+22 1.351836e+00 0 
    0.862042 3.891560e+22 1.306061e+00 0 
    0.864029 4.075435e+22 1.361488e+00 0 
    0.866021 3.974215e+22 1.321572e+00 0 
    0.868017 3.938158e+22 1.303566e+00 0 
    0.870018 3.929670e+22 1.294780e+00 0 
    0.872024 4.049671e+22 1.328187e+00 0 
    0.874034 4.192287e+22 1.368645e+00 0 
    0.876049 4.004368e+22 1.301288e+00 0 
    0.878068 4.145578e+22 1.340989e+00 0 
    0.880092 4.155620e+22 1.338062e+00 0 
    0.882121 4.302043e+22 1.378843e+00 0 
    0.884155 4.322587e+22 1.379061e+00 0 
    0.886193 4.313164e+22 1.369733e+00 0 
    0.888236 4.072627e+22 1.287402e+00 0 
    0.890284 4.139343e+22 1.302479e+00 0 
    0.892336 4.226330e+22 1.323741e+00 0 
    0.894393 4.266012e+22 1.330031e+00 0 
    0.896454 4.121780e+22 1.279161e+00 0 
    0.898521 4.075153e+22 1.258879e+00 0 
    0.900592 4.357111e+22 1.339797e+00 0 
    0.902668 3.839277e+22 1.175141e+00 0 
    0.904750 4.532350e+22 1.380901e+00 0 
    0.906835 4.553988e+22 1.381121e+00 0 
    0.908925 4.106113e+22 1.239570e+00 0 
    0.911021 4.164054e+22 1.251284e+00 0 
    0.913121 4.431670e+22 1.325584e+00 0 
    0.915226 4.311511e+22 1.283717e+00 0 
    0.917335 4.402410e+22 1.304761e+00 0 
    0.919450 4.342576e+22 1.281114e+00 0 
    0.921570 4.403627e+22 1.293154e+00 0 
    0.923694 4.274407e+22 1.249442e+00 0 
    0.925824 4.354153e+22 1.266903e+00 0 
    0.927958 4.645017e+22 1.345325e+00 0 
    0.930097 4.416266e+22 1.273196e+00 0 
    0.932241 4.667589e+22 1.339469e+00 0 
    0.934390 4.678887e+22 1.336542e+00 0 
    0.936544 4.626093e+22 1.315390e+00 0 
    0.938703 4.723713e+22 1.336976e+00 0 
    0.940867 4.648875e+22 1.309748e+00 0 
    0.943036 4.812670e+22 1.349665e+00 0 
    0.945210 4.769218e+22 1.331334e+00 0 
    0.947389 4.914976e+22 1.365719e+00 0 
    0.949573 4.949817e+22 1.369080e+00 0 
    0.951762 4.837925e+22 1.331984e+00 0 
    0.953956 4.894300e+22 1.341314e+00 0 
    0.956155 4.895016e+22 1.335347e+00 0 
    0.958359 5.021470e+22 1.363549e+00 0 
    0.960569 4.976027e+22 1.344999e+00 0 
    0.962783 5.022780e+22 1.351400e+00 0 
    0.965002 4.966173e+22 1.330032e+00 0 
    0.967226 4.989915e+22 1.330251e+00 0 
    0.969456 5.083253e+22 1.348907e+00 0 
    0.971691 5.014322e+22 1.324501e+00 0 
    0.973931 4.980533e+22 1.309531e+00 0 
    0.976176 5.015545e+22 1.312678e+00 0 
    0.978427 4.981656e+22 1.297817e+00 0 
    0.980682 5.133894e+22 1.331334e+00 0 
    0.982943 5.110943e+22 1.319292e+00 0 
    0.985208 5.171261e+22 1.328731e+00 0 
    0.987480 5.159940e+22 1.319728e+00 0 
    0.989757 5.172684e+22 1.316907e+00 0 
    0.992038 5.161463e+22 1.308015e+00 0 
    0.994325 5.258383e+22 1.326453e+00 0 
    0.996617 5.295607e+22 1.329706e+00 0 
    0.998914 5.296180e+22 1.323741e+00 0 
    1.003526 5.383734e+22 1.333284e+00 0 
    1.008157 5.360611e+22 1.315390e+00 0 
    1.012810 5.550742e+22 1.349558e+00 0 
    1.017486 5.565192e+22 1.340663e+00 0 
    1.022182 5.683475e+22 1.356607e+00 0 
    1.026900 5.791096e+22 1.369623e+00 0 
    1.029267 5.804933e+22 1.366588e+00 0 
    1.050820 5.838320e+22 1.318644e+00 0 
    1.070356 5.758452e+22 1.253562e+00 0 
    1.090255 5.852037e+22 1.227856e+00 0 
    1.110524 5.718723e+22 1.156484e+00 0 
    1.131172 5.919998e+22 1.153880e+00 0 
    1.149552 6.155898e+22 1.161798e+00 0 
    1.170923 6.241422e+22 1.135333e+00 0 
    1.189949 6.071594e+22 1.069406e+00 0 
    1.209284 6.284940e+22 1.071867e+00 0 
    1.228933 6.431339e+22 1.062041e+00 0 
    1.248902 6.401764e+22 1.023622e+00 0 
    1.269195 6.475928e+22 1.002632e+00 0 
    1.289817 6.581144e+22 9.866012e-01 0 
    1.310775 6.688104e+22 9.708299e-01 0 
    1.329010 6.626746e+22 9.357080e-01 0 
    1.350604 6.672726e+22 9.123126e-01 0 
    1.369393 6.734399e+22 8.956516e-01 0 
    1.388444 6.596339e+22 8.533804e-01 0 
    1.411004 6.446176e+22 8.074992e-01 0 
    1.430633 6.550935e+22 7.982579e-01 0 
    1.450535 6.812434e+22 8.074997e-01 0 
    1.470714 6.734436e+22 7.764996e-01 0 
    1.491174 7.051830e+22 7.909366e-01 0 
    1.508442 7.316437e+22 8.019344e-01 0 
    1.529424 7.696690e+22 8.206248e-01 0 
    1.550701 7.839737e+22 8.130960e-01 0 
    1.568658 7.839782e+22 7.945914e-01 0 
    1.590480 7.749952e+22 7.640804e-01 0 
    1.608897 7.912235e+22 7.623232e-01 0 
    1.631280 8.115277e+22 7.605763e-01 0 
    1.650169 8.228156e+22 7.536022e-01 0 
    1.669276 8.439193e+22 7.553375e-01 0 
    1.688606 8.596088e+22 7.518663e-01 0 
    1.708159 8.675642e+22 7.415518e-01 0 
    1.731922 8.576388e+22 7.130897e-01 0 
    1.751976 8.478182e+22 6.888789e-01 0 
    1.768187 8.209255e+22 6.548531e-01 0 
    1.788662 8.003922e+22 6.239400e-01 0 
    1.809375 7.732171e+22 5.890345e-01 0 
    1.830325 7.678990e+22 5.716683e-01 0 
    1.851519 7.556094e+22 5.497148e-01 0 
    1.868652 7.299604e+22 5.213614e-01 0 
    1.890288 7.282823e+22 5.083235e-01 0 
    1.912177 7.384089e+22 5.036597e-01 0 
    1.929871 7.316470e+22 4.899384e-01 0 
    1.952219 7.199480e+22 4.711298e-01 0 
    1.970281 7.068083e+22 4.540898e-01 0 
    1.988513 6.971109e+22 4.396848e-01 0 
    2.011539 7.035653e+22 4.336545e-01 0 
    2.030150 6.939153e+22 4.199008e-01 0 
    2.048936 7.019418e+22 4.170046e-01 0 
    2.067893 7.019352e+22 4.093901e-01 0 
    2.091839 7.051735e+22 4.019166e-01 0 
    2.111195 7.100650e+22 3.973177e-01 0 
    2.130728 7.100755e+22 3.900722e-01 0 
    2.150445 7.117128e+22 3.838350e-01 0 
    2.170344 7.035573e+22 3.725108e-01 0 
    2.190424 7.051810e+22 3.665563e-01 0 
    2.210693 6.971214e+22 3.557525e-01 0 
    2.231146 6.923064e+22 3.468476e-01 0 
    2.251792 6.891237e+22 3.389511e-01 0 
    2.267399 6.796814e+22 3.297205e-01 0 
    2.288381 6.198708e+22 2.952167e-01 0 
    2.309556 6.227424e+22 2.911709e-01 0 
    2.330924 5.550177e+22 2.547693e-01 0 
    2.352493 5.288237e+22 2.383146e-01 0 
    2.368798 5.436230e+22 2.416230e-01 0 
    2.390718 5.085143e+22 2.218926e-01 0 
    2.407288 4.935093e+22 2.123908e-01 0 
    2.429564 4.912608e+22 2.075639e-01 0 
    2.452045 4.595229e+22 1.906105e-01 0 
    2.469041 4.521812e+22 1.849917e-01 0 
    2.491887 3.857546e+22 1.549355e-01 0 
    2.509159 3.839741e+22 1.521045e-01 0 
    2.532377 3.920053e+22 1.524515e-01 0 
    2.549930 3.938104e+22 1.510522e-01 0 
    2.567606 4.076617e+22 1.542196e-01 0 
    2.591362 4.076758e+22 1.514102e-01 0 
    2.609326 4.123704e+22 1.510523e-01 0 
    2.627412 4.076586e+22 1.472776e-01 0 
    2.651724 4.104977e+22 1.455964e-01 0 
    2.670104 4.086112e+22 1.429389e-01 0 
    2.688614 4.086056e+22 1.409756e-01 0 
    2.707249 4.076594e+22 1.387195e-01 0 
    2.732300 4.067321e+22 1.358777e-01 0 
    2.751238 4.058057e+22 1.337083e-01 0 
    2.770310 4.020723e+22 1.306604e-01 0 
    2.789512 4.020813e+22 1.288706e-01 0 
    2.808850 4.002294e+22 1.265168e-01 0 
    2.828318 3.992909e+22 1.244886e-01 0 
    2.847925 3.974737e+22 1.222215e-01 0 
    2.867664 3.947407e+22 1.197159e-01 0 
    2.887540 3.947200e+22 1.180673e-01 0 
    2.907558 3.929315e+22 1.159195e-01 0 
    2.927710 3.901960e+22 1.135333e-01 0 
    2.948006 3.893126e+22 1.117219e-01 0 
    2.968439 3.893244e+22 1.101924e-01 0 
    2.989017 3.866356e+22 1.079298e-01 0 
    3.009735 3.866361e+22 1.064492e-01 0 
    3.030599 3.857480e+22 1.047474e-01 0 
    3.051604 3.875254e+22 1.037864e-01 0 
    3.072759 3.884203e+22 1.025986e-01 0 
    3.086941 3.875258e+22 1.014239e-01 0 
    3.108337 3.893153e+22 1.004944e-01 0 
    3.129885 3.911145e+22 9.957347e-02 0 
    3.151579 3.911121e+22 9.820676e-02 0 
    3.173426 3.929182e+22 9.730649e-02 0 
    3.188073 3.938217e+22 9.663614e-02 0 
    3.210171 3.974670e+22 9.619250e-02 0 
    3.232424 4.029967e+22 9.619252e-02 0 
    3.247343 4.114355e+22 9.730651e-02 0 
    3.269855 4.368202e+22 1.018925e-01 0 
    3.292518 5.026891e+22 1.156484e-01 0 
    3.307715 5.026770e+22 1.145854e-01 0 
    3.330645 4.368190e+22 9.820675e-02 0 
    3.353730 4.133349e+22 9.165207e-02 0 
    3.369213 4.020727e+22 8.833730e-02 0 
    3.392566 3.974690e+22 8.612775e-02 0 
    3.408224 3.920126e+22 8.416669e-02 0 
    3.431851 3.911150e+22 8.282168e-02 0 
    3.447690 3.875270e+22 8.130963e-02 0 
    3.471590 3.857482e+22 7.982585e-02 0 
    3.487613 3.830908e+22 7.854918e-02 0 
    3.511787 3.822086e+22 7.729306e-02 0 
    3.527999 3.787084e+22 7.588301e-02 0 
    3.552452 3.787073e+22 7.484171e-02 0 
    3.568848 3.752316e+22 7.347502e-02 0 
    3.593588 3.743693e+22 7.230031e-02 0 
    3.610175 3.717906e+22 7.114401e-02 0 
    3.626837 3.692350e+22 7.000729e-02 0 
    3.651979 3.675392e+22 6.872956e-02 0 
    3.668835 3.650095e+22 6.763075e-02 0 
    3.685772 3.608308e+22 6.624348e-02 0 
    3.711319 3.591707e+22 6.503405e-02 0 
    3.728448 3.575181e+22 6.414137e-02 0 
    3.754295 3.550624e+22 6.282672e-02 0 
    3.771623 3.542457e+22 6.210756e-02 0 
    3.789031 3.509984e+22 6.097409e-02 0 
    3.806523 3.485815e+22 5.999897e-02 0 
    3.832907 3.477756e+22 5.903900e-02 0 
    3.850597 3.453831e+22 5.809537e-02 0 
    3.868373 3.414335e+22 5.690440e-02 0 
    3.886228 3.390815e+22 5.599432e-02 0 
    3.913168 3.382981e+22 5.509841e-02 0 
    3.931229 3.359703e+22 5.421765e-02 0 
    3.949374 3.321257e+22 5.310585e-02 0 
    3.967602 3.298378e+22 5.225655e-02 0 
    3.985918 3.260634e+22 5.118489e-02 0 
    4.013546 3.260662e+22 5.048307e-02 0 
    4.032070 3.238155e+22 4.967501e-02 0 
    4.050684 3.208465e+22 4.876823e-02 0 
    4.069380 3.186438e+22 4.798942e-02 0 
    4.088162 3.164457e+22 4.722146e-02 0 
    4.107035 3.149946e+22 4.657391e-02 0 
    4.125991 3.135481e+22 4.593503e-02 0 
    4.154589 3.121068e+22 4.509657e-02 0 
    4.173769 3.106690e+22 4.447721e-02 0 
    4.193033 3.085351e+22 4.376677e-02 0 
    4.212386 3.064120e+22 4.306713e-02 0 
    4.231832 3.057039e+22 4.257362e-02 0 
    4.251364 3.036036e+22 4.189351e-02 0 
    4.270986 3.022080e+22 4.131865e-02 0 
    4.290703 2.939713e+22 3.982396e-02 0 
    4.310507 2.859597e+22 3.838350e-02 0 
    4.330402 2.872761e+22 3.820670e-02 0 
    4.350388 2.807398e+22 3.699513e-02 0 
    4.370472 2.775228e+22 3.623586e-02 0 
    4.390644 2.756134e+22 3.565663e-02 0 
    4.410909 2.705816e+22 3.468475e-02 0 
    4.431272 2.693366e+22 3.420858e-02 0 
    4.451724 2.681051e+22 3.374000e-02 0 
    4.472271 2.644269e+22 3.297204e-02 0 
    4.492918 2.650304e+22 3.274426e-02 0 
    4.513655 2.632117e+22 3.222144e-02 0 
    4.534487 2.613993e+22 3.170623e-02 0 
    4.544939 2.601982e+22 3.141554e-02 0 
    4.565921 2.595958e+22 3.105542e-02 0 
    4.586995 2.560405e+22 3.034930e-02 0 
    4.608166 2.578092e+22 3.027880e-02 0 
    4.629440 2.566251e+22 2.986336e-02 0 
    4.650807 2.560362e+22 2.952169e-02 0 
    4.672273 2.566297e+22 2.931885e-02 0 
    4.693843 2.554496e+22 2.891643e-02 0 
    4.704662 2.531054e+22 2.851944e-02 0 
    4.726376 2.548643e+22 2.845436e-02 0 
    4.748191 2.531042e+22 2.799880e-02 0 
    4.770111 2.531011e+22 2.774173e-02 0 
    4.792127 2.531058e+22 2.748792e-02 0 
    4.814245 2.507805e+22 2.698571e-02 0 
    4.825342 2.519379e+22 2.698570e-02 0 
    4.847619 2.507844e+22 2.661583e-02 0 
    4.869993 2.496286e+22 2.625029e-02 0 
    4.892470 2.496480e+22 2.601167e-02 0 
    4.915056 2.499831e+22 2.580776e-02 0 
    4.926386 2.498597e+22 2.567650e-02 0 
    4.949123 2.496254e+22 2.541726e-02 0 
    4.971966 2.516985e+22 2.539340e-02 0 
    4.994919 2.514562e+22 2.513633e-02 0 
    5.006433 2.513414e+22 2.500942e-02 0 
    5.029540 2.522586e+22 2.487058e-02 0 
    5.052754 2.520277e+22 2.462003e-02 0 
    5.064406 2.519087e+22 2.449529e-02 0 
    5.076080 2.523765e+22 2.442803e-02 0 
    5.087780 2.540030e+22 2.447251e-02 0 
    5.099508 2.544741e+22 2.440526e-02 0 
    5.111263 2.543533e+22 2.428160e-02 0 
    5.123045 2.548196e+22 2.421436e-02 0 
    5.134853 2.552961e+22 2.414819e-02 0 
    5.146696 2.557608e+22 2.408093e-02 0 
    5.158559 2.562352e+22 2.401477e-02 0 
    5.170450 2.573016e+22 2.400393e-02 0 
    5.182368 2.577767e+22 2.393776e-02 0 
    5.194314 2.576522e+22 2.381627e-02 0 
    5.206287 2.581340e+22 2.375119e-02 0 
    5.218294 2.586154e+22 2.368611e-02 0 
    5.230322 2.590833e+22 2.361996e-02 0 
    5.242378 2.595620e+22 2.355488e-02 0 
    5.254463 2.606518e+22 2.354510e-02 0 
    5.266575 2.623374e+22 2.358849e-02 0 
    5.278714 2.628211e+22 2.352342e-02 0 
    5.290882 2.633037e+22 2.345834e-02 0 
    5.303084 2.631863e+22 2.334010e-02 0 
    5.315308 2.642905e+22 2.333034e-02 0 
    5.327560 2.653868e+22 2.331949e-02 0 
    5.339840 2.664878e+22 2.330866e-02 0 
    5.352149 2.669827e+22 2.324466e-02 0 
    5.364486 2.681023e+22 2.323489e-02 0 
    5.376852 2.692139e+22 2.322404e-02 0 
    5.389252 2.703433e+22 2.321428e-02 0 
    5.401674 2.714643e+22 2.320344e-02 0 
    5.414126 2.719778e+22 2.314052e-02 0 
    5.426605 2.731050e+22 2.312968e-02 0 
    5.439114 2.736192e+22 2.306676e-02 0 
    5.451652 2.753862e+22 2.310907e-02 0 
    5.464224 2.765410e+22 2.309931e-02 0 
    5.476819 2.770607e+22 2.303640e-02 0 
    5.489444 2.788637e+22 2.307978e-02 0 
    5.502098 2.800191e+22 2.306893e-02 0 
    5.514780 2.811925e+22 2.305918e-02 0 
    5.527492 2.836730e+22 2.315571e-02 0 
    5.540234 2.855162e+22 2.319909e-02 0 
    5.553010 2.860433e+22 2.313510e-02 0 
    5.565810 2.879025e+22 2.317849e-02 0 
    5.578640 2.904494e+22 2.327611e-02 0 
    5.591499 2.916540e+22 2.326526e-02 0 
    5.604388 2.942296e+22 2.336288e-02 0 
    5.617306 2.961365e+22 2.340627e-02 0 
    5.630261 2.980692e+22 2.345074e-02 0 
    5.643239 3.006915e+22 2.354836e-02 0 
    5.656247 3.033456e+22 2.364707e-02 0 
    5.669285 3.060316e+22 2.374686e-02 0 
    5.682353 3.087220e+22 2.384556e-02 0 
    5.695451 3.107394e+22 2.389112e-02 0 
    5.708580 3.149232e+22 2.410154e-02 0 
    5.721745 3.184420e+22 2.425883e-02 0 
    5.734934 3.219858e+22 2.441610e-02 0 
    5.748153 3.255844e+22 2.457555e-02 0 
    5.761403 3.299743e+22 2.479248e-02 0 
    5.774683 3.336437e+22 2.495302e-02 0 
    5.787995 3.389282e+22 2.523178e-02 0 
    5.801336 3.442982e+22 2.551380e-02 0 
    5.814715 3.489320e+22 2.573833e-02 0 
    5.828118 3.552698e+22 2.608543e-02 0 
    5.841553 3.617328e+22 2.643794e-02 0 
    5.855018 3.691573e+22 2.685663e-02 0 
    5.868514 3.758639e+22 2.721891e-02 0 
    5.882042 3.844604e+22 2.771352e-02 0 
    5.895607 3.923428e+22 2.815173e-02 0 
    5.917952 3.531157e+22 2.514609e-02 3 
    5.948269 4.312674e+22 3.039918e-02 3 
    5.978585 4.820311e+22 3.363370e-02 3 
    6.008903 5.309018e+22 3.667079e-02 3 
    6.039219 5.356856e+22 3.663067e-02 3 
    6.069536 5.650301e+22 3.825226e-02 3 
    6.099853 6.659385e+22 4.463668e-02 3 
    6.130170 8.918412e+22 5.918872e-02 3 
    6.160487 1.248212e+23 8.202660e-02 3 
    6.190804 1.599300e+23 1.040716e-01 3 
    6.221121 1.715036e+23 1.105178e-01 3 
    6.251438 1.562421e+23 9.970905e-02 3 
    6.281755 1.300051e+23 8.216652e-02 3 
    6.312071 1.087765e+23 6.809068e-02 3 
    6.342389 9.622341e+22 5.965837e-02 3 
    6.372705 8.604816e+22 5.284336e-02 3 
    6.403022 7.587603e+22 4.615631e-02 3 
    6.433340 6.743416e+22 4.063529e-02 3 
    6.463656 6.408828e+22 3.825768e-02 3 
    6.493972 6.188653e+22 3.659921e-02 3 
    6.524290 6.012018e+22 3.522494e-02 3 
    6.554606 5.938156e+22 3.447108e-02 3 
    6.584923 6.343792e+22 3.648749e-02 3 
    6.615241 6.327353e+22 3.606012e-02 3 
    6.645557 6.376453e+22 3.600915e-02 3 
    6.675875 6.413832e+22 3.589200e-02 3 
    6.706191 6.345864e+22 3.519131e-02 3 
    6.736508 6.684023e+22 3.673371e-02 3 
    6.766826 6.618461e+22 3.604819e-02 3 
    6.797142 6.272609e+22 3.386039e-02 3 
    6.827459 6.747129e+22 3.609917e-02 3 
    6.857776 6.991878e+22 3.707863e-02 3 
    6.888092 7.667104e+22 4.030230e-02 3 
    6.918410 7.907109e+22 4.120041e-02 3 
    6.948727 8.393614e+22 4.335457e-02 3 
    6.979043 1.111643e+23 5.692066e-02 3 
    7.009361 1.054825e+23 5.354513e-02 3 
    7.039677 8.996700e+22 4.527664e-02 3 
    7.069995 9.171315e+22 4.576040e-02 3 
    7.100311 9.604022e+22 4.751107e-02 3 
    7.130628 9.408242e+22 4.614763e-02 3 
    7.160946 9.882942e+22 4.806643e-02 3 
    7.191262 1.044766e+23 5.038547e-02 3 
    7.221578 1.015920e+23 4.858382e-02 3 
    7.251896 1.115705e+23 5.291059e-02 3 
    7.282213 1.211658e+23 5.698356e-02 3 
    7.312529 1.273675e+23 5.940458e-02 3 
    7.342846 1.419139e+23 6.564362e-02 3 
    7.371179 1.283979e+23 5.893598e-02 3 
    7.373163 1.541439e+23 7.071559e-02 3 
    7.403481 1.689019e+23 7.685269e-02 3 
    7.431933 1.550520e+23 7.001163e-02 3 
    7.433797 1.851146e+23 8.354408e-02 3 
    7.492687 1.882496e+23 8.362870e-02 3 
    7.553442 2.278383e+23 9.959406e-02 3 
    7.614197 2.410065e+23 1.036757e-01 3 
    7.674951 2.383223e+23 1.009044e-01 3 
    7.735707 2.366736e+23 9.863844e-02 3 
    7.796461 2.352639e+23 9.652875e-02 3 
    7.857215 2.215354e+23 8.949572e-02 3 
    7.917971 1.967972e+23 7.828663e-02 3 
    7.978725 1.718680e+23 6.733248e-02 3 
    8.039479 1.487551e+23 5.740007e-02 3 
    8.100234 1.293442e+23 4.916411e-02 3 
    8.160988 1.215214e+23 4.550550e-02 3 
    8.221744 1.153146e+23 4.254541e-02 3 
    8.282498 1.157511e+23 4.208226e-02 3 
    8.343253 1.174283e+23 4.207249e-02 3 
    8.404007 1.184013e+23 4.181000e-02 3 
    8.464763 1.249185e+23 4.348040e-02 3 
    8.525516 1.374755e+23 4.717157e-02 3 
    8.586271 1.390378e+23 4.703490e-02 3 
    8.647026 1.273739e+23 4.248576e-02 3 
    8.707780 1.083216e+23 3.562843e-02 3 
    8.768534 8.733034e+22 2.832746e-02 3 
    8.829289 6.995153e+22 2.237908e-02 3 
    8.890044 5.740909e+22 1.811629e-02 3 
    8.950799 5.109176e+22 1.590463e-02 3 
    9.011553 4.773665e+22 1.466051e-02 3 
    9.072308 4.190691e+22 1.269833e-02 3 
    9.133063 3.756536e+22 1.123184e-02 3 
    9.193818 3.646508e+22 1.075925e-02 3 
    9.254572 3.651875e+22 1.063408e-02 3 
    9.315326 3.464107e+22 9.956154e-03 3 
    9.376082 3.372793e+22 9.568488e-03 3 
    9.436836 3.426598e+22 9.596366e-03 3 
    9.497590 3.338926e+22 9.231587e-03 3 
    9.558346 3.342443e+22 9.124203e-03 3 
    9.619101 3.715008e+22 1.001353e-02 3 
    9.679855 3.898397e+22 1.037636e-02 3 
    9.740610 3.350348e+22 8.806717e-03 3 
    9.801360 3.185496e+22 8.269911e-03 3 
    9.862120 3.125157e+22 8.013602e-03 3 
    9.922870 3.115002e+22 7.890057e-03 3 
    9.983631 3.218508e+22 8.053301e-03 3 
   10.044381 3.278594e+22 8.104715e-03 3 
   10.105141 3.294620e+22 8.046686e-03 3 
   10.165893 3.434359e+22 8.288026e-03 3 
   10.226643 3.418080e+22 8.151030e-03 3 
   10.287403 3.652776e+22 8.608113e-03 3 
   10.348153 3.692553e+22 8.599981e-03 3 
   10.408914 4.128561e+22 9.503516e-03 3 
   10.469665 4.472655e+22 1.017645e-02 3 
   10.530415 5.156010e+22 1.159629e-02 3 
   10.591175 5.316180e+22 1.181974e-02 3 
   10.651926 5.471102e+22 1.202583e-02 3 
   10.712686 5.492768e+22 1.193688e-02 3 
   10.773436 5.300827e+22 1.139021e-02 3 
   10.834196 5.593065e+22 1.188373e-02 3 
   10.894948 6.291462e+22 1.321897e-02 3 
   10.955698 7.604220e+22 1.580051e-02 3 
   11.016458 9.123951e+22 1.874975e-02 3 
   11.077209 1.105745e+23 2.247453e-02 3 
   11.137969 1.627064e+23 3.271064e-02 3 
   11.198719 2.374541e+23 4.722147e-02 3 
   11.259480 2.654944e+23 5.222942e-02 3 
   11.320230 2.345704e+23 4.565194e-02 3 
   11.380980 1.935775e+23 3.727280e-02 3 
   11.441741 1.597289e+23 3.042957e-02 3 
   11.502492 1.343271e+23 2.532073e-02 3 
   11.563251 1.174437e+23 2.190616e-02 3 
   11.624002 1.096195e+23 2.023358e-02 3 
   11.684763 1.042841e+23 1.904911e-02 3 
   11.745513 1.040153e+23 1.880398e-02 3 
   11.806263 1.078160e+23 1.929100e-02 3 
   11.867024 1.139448e+23 2.017935e-02 3 
   11.927775 1.210174e+23 2.121413e-02 3 
   11.988534 1.249413e+23 2.168055e-02 3 
   12.049285 1.233756e+23 2.119352e-02 3 
   12.110037 1.206493e+23 2.051777e-02 3 
   12.170796 1.217599e+23 2.050042e-02 3 
   12.231546 1.283465e+23 2.139528e-02 3 
   12.292307 1.408031e+23 2.324031e-02 3 
   12.353058 1.424903e+23 2.328804e-02 3 
   12.413817 1.478163e+23 2.392258e-02 3 
   12.474569 1.561969e+23 2.503329e-02 3 
   12.535319 1.697293e+23 2.693907e-02 3 
   12.596079 1.829576e+23 2.875916e-02 3 
   12.656830 1.922094e+23 2.992410e-02 3 
   12.717590 2.236872e+23 3.449276e-02 3 
   12.778340 3.040956e+23 4.644700e-02 3 
   12.839091 2.861171e+23 4.328842e-02 3 
   12.899851 1.792089e+23 2.685880e-02 3 
   12.960602 1.250935e+23 1.857294e-02 3 
   13.021362 1.156133e+23 1.700559e-02 3 
   13.082112 1.113429e+23 1.622570e-02 3 
   13.142872 1.116734e+23 1.612374e-02 3 
   13.203623 1.112221e+23 1.591114e-02 3 
   13.264373 1.094473e+23 1.551415e-02 3 
   13.325134 1.088770e+23 1.529288e-02 3 
   13.385884 1.094979e+23 1.524081e-02 3 
   13.446645 1.107694e+23 1.527878e-02 3 
   13.507395 1.126693e+23 1.540134e-02 3 
   13.568156 1.111871e+23 1.506293e-02 3 
   13.628906 1.147055e+23 1.540134e-02 3 
   13.689656 1.096256e+23 1.458892e-02 3 
   13.750417 1.038003e+23 1.369189e-02 3 
   13.811169 1.025543e+23 1.340879e-02 3 
   13.871927 1.023121e+23 1.326019e-02 3 
   13.932678 9.993446e+22 1.283933e-02 3 
   13.993438 1.029626e+23 1.311376e-02 3 
   14.054189 9.813733e+22 1.239136e-02 3 
   14.114939 9.741056e+22 1.219395e-02 3 
   14.175702 1.017818e+23 1.263216e-02 3 
   14.227978 1.039162e+23 1.280246e-02 3 
   14.317689 1.076558e+23 1.309749e-02 3 
   14.407411 9.961145e+22 1.196834e-02 3 
   14.497123 9.107006e+22 1.080708e-02 3 
   14.586834 8.257010e+22 9.678258e-03 3 
   14.676547 8.511307e+22 9.854735e-03 3 
   14.766269 7.899059e+22 9.035044e-03 3 
   14.855981 8.316597e+22 9.398086e-03 3 
   14.945692 8.750271e+22 9.769804e-03 3 
   15.035414 7.674742e+22 8.466998e-03 3 
   15.125127 9.285696e+22 1.012308e-02 3 
   15.214838 8.974228e+22 9.668496e-03 3 
   15.304550 7.833178e+22 8.340524e-03 3 
   15.394272 8.941022e+22 9.409474e-03 3 
   15.483984 1.105602e+23 1.150084e-02 3 
   15.573695 1.307900e+23 1.344892e-02 3 
   15.663417 1.088159e+23 1.106155e-02 3 
   15.753130 1.039540e+23 1.044730e-02 3 
   15.842841 1.019396e+23 1.012916e-02 3 
   15.932563 1.062837e+23 1.044220e-02 3 
   16.022275 1.064110e+23 1.033796e-02 3 
   16.111986 1.087203e+23 1.044502e-02 3 
   16.201698 1.121538e+23 1.065588e-02 3 
   16.291422 1.196096e+23 1.123943e-02 3 
   16.381131 1.504454e+23 1.398259e-02 3 
   16.470844 1.757660e+23 1.615845e-02 3 
   16.560556 1.519580e+23 1.381880e-02 3 
   16.650278 1.452293e+23 1.306495e-02 3 
   16.739991 1.500038e+23 1.335022e-02 3 
   16.829703 1.617417e+23 1.424182e-02 3 
   16.919425 1.667577e+23 1.452818e-02 3 
   17.009136 2.068447e+23 1.783102e-02 3 
   17.098848 2.062985e+23 1.759782e-02 3 
   17.188570 1.628794e+23 1.374938e-02 3 
   17.278281 1.666225e+23 1.391967e-02 3 
   17.367994 1.863042e+23 1.540351e-02 3 
   17.457705 1.611142e+23 1.318426e-02 3 
   17.547427 1.396472e+23 1.131102e-02 3 
   17.637139 1.305114e+23 1.046378e-02 3 
   17.726850 1.476837e+23 1.172103e-02 3 
   17.816572 1.380082e+23 1.084309e-02 3 
   17.906284 1.386583e+23 1.078528e-02 3 
   17.995995 1.393835e+23 1.073387e-02 3 
   18.085717 1.264259e+23 9.639643e-03 3 
   18.175430 1.270942e+23 9.595171e-03 3 
   18.265142 1.304703e+23 9.753534e-03 3 
   18.354853 1.303045e+23 9.646151e-03 3 
   18.444575 1.314291e+23 9.634979e-03 3 
   18.534288 1.650443e+23 1.198244e-02 3 
   18.623998 1.667364e+23 1.198895e-02 3 
   18.713722 2.499539e+23 1.780065e-02 3 
   18.803434 1.930307e+23 1.361597e-02 3 
   18.893144 1.507164e+23 1.053049e-02 3 
   18.982856 1.449921e+23 1.003501e-02 3 
   19.072580 1.323790e+23 9.076044e-03 3 
   19.162291 1.477190e+23 1.003316e-02 3 
   19.252003 1.510881e+23 1.016658e-02 3 
   19.341725 1.443173e+23 9.621095e-03 3 
   19.431436 1.360493e+23 8.986342e-03 3 
   19.521148 1.539068e+23 1.007265e-02 3 
   19.610861 1.534597e+23 9.951705e-03 3 
   19.700583 1.588693e+23 1.020888e-02 3 
   19.790294 1.706947e+23 1.086956e-02 3 
   19.880006 1.646657e+23 1.039122e-02 3 
   19.969728 1.654425e+23 1.034664e-02 3 
   20.111795 1.603214e+23 9.885216e-03 3 
   20.283508 1.866093e+23 1.131211e-02 3 
   20.455320 1.794641e+23 1.069699e-02 3 
   20.627231 1.751117e+23 1.026431e-02 3 
   20.799228 1.963133e+23 1.131753e-02 3 
   20.971312 2.008184e+23 1.138804e-02 3 
   21.143495 1.871522e+23 1.044090e-02 3 
   21.315770 2.052959e+23 1.126872e-02 3 
   21.488138 2.068623e+23 1.117327e-02 3 
   21.660605 1.851629e+23 9.842586e-03 3 
   21.833159 2.013600e+23 1.053505e-02 3 
   22.005814 2.200455e+23 1.133272e-02 3 
   22.178555 2.358146e+23 1.195641e-02 3 
   22.351394 2.269892e+23 1.133163e-02 3 
   22.524330 2.233000e+23 1.097694e-02 3 
   22.697355 2.310681e+23 1.118629e-02 3 
   22.870480 2.551484e+23 1.216575e-02 3 
   23.043700 2.668340e+23 1.253237e-02 3 
   23.217008 2.503500e+23 1.158328e-02 3 
   23.390425 2.554601e+23 1.164510e-02 3 
   23.563920 2.558589e+23 1.149216e-02 3 
   23.737520 2.898833e+23 1.283066e-02 3 
   23.911222 2.897897e+23 1.264084e-02 3 
   24.085011 2.850108e+23 1.225361e-02 3 
   24.258895 2.941831e+23 1.246729e-02 3 
   24.432880 3.062588e+23 1.279486e-02 3 
   24.606952 3.244899e+23 1.336540e-02 3 
   24.781131 3.115526e+23 1.265277e-02 3 
   24.955398 3.189835e+23 1.277426e-02 3 
   25.129775 3.308449e+23 1.306603e-02 3 
   25.304236 3.451735e+23 1.344458e-02 3 
   25.478798 3.568412e+23 1.370925e-02 3 
   25.653458 4.253765e+23 1.612049e-02 3 
   25.828214 3.901093e+23 1.458458e-02 3 
   26.003069 3.902923e+23 1.439585e-02 3 
   26.178023 3.825673e+23 1.392293e-02 3 
   26.353072 3.835628e+23 1.377433e-02 3 
   26.528219 4.617677e+23 1.636454e-02 3 
   26.703466 4.047158e+23 1.415505e-02 3 
   26.878809 4.106767e+23 1.417674e-02 3 
   27.054263 4.103257e+23 1.398150e-02 3 
   27.229800 4.294050e+23 1.444357e-02 3 
   27.405438 4.433245e+23 1.472125e-02 3 
   27.581181 4.502197e+23 1.476030e-02 3 
   27.757025 4.584918e+23 1.484165e-02 3 
   27.932956 4.651707e+23 1.486877e-02 3 
   28.108994 4.857598e+23 1.533301e-02 3 
   28.285131 4.952418e+23 1.543823e-02 3 
   28.461378 4.957607e+23 1.526359e-02 3 
   28.637716 5.049547e+23 1.535579e-02 3 
   28.814150 6.419104e+23 1.928232e-02 3 
   28.990694 5.317714e+23 1.577990e-02 3 
   29.167331 5.241373e+23 1.536555e-02 3 
   29.344072 5.377737e+23 1.557598e-02 3 
   29.520913 5.308198e+23 1.519092e-02 3 
   29.697850 5.592194e+23 1.581352e-02 3 
   29.874897 5.730880e+23 1.601419e-02 3 
   30.052041 5.939268e+23 1.640142e-02 3 
   30.229284 5.942764e+23 1.621919e-02 3 
   30.406634 6.118855e+23 1.650555e-02 3 
   30.584091 6.148989e+23 1.639491e-02 3 
   30.761647 6.221004e+23 1.639599e-02 3 
   30.939300 6.280993e+23 1.636454e-02 3 
   31.117050 6.554243e+23 1.688193e-02 3 
   31.294919 6.647276e+23 1.692749e-02 3 
   31.472875 6.885502e+23 1.733641e-02 3 
   31.650947 6.982371e+23 1.738305e-02 3 
   31.829109 7.318957e+23 1.801759e-02 3 
   32.007388 7.185080e+23 1.749152e-02 3 
   32.185766 7.495163e+23 1.804471e-02 3 
   32.364238 6.761260e+23 1.609879e-02 3 
   32.542822 7.586845e+23 1.786682e-02 3 
   32.721513 8.100198e+23 1.886798e-02 3 
   32.900309 8.386212e+23 1.932246e-02 3 
   33.079209 8.702762e+23 1.983551e-02 3 
   33.258209 1.026829e+24 2.315245e-02 3 
   33.437309 1.478274e+24 3.297530e-02 3 
   33.616522 9.818880e+23 2.166970e-02 3 
   33.795847 8.904106e+23 1.944286e-02 3 
   33.975262 8.890457e+23 1.920856e-02 3 
   34.154794 9.441785e+23 2.018586e-02 3 
