# NGC 4450  
# 
# An Atlas of Galaxy Spectral Energy Distributions from the Ultraviolet to the Mid-Infrared
# Brown et al. (2014)
# http://dx.doi.org/10.5072/03/529D3551F0117
# http://dx.doi.org/10.17909/t9-5bxk-dh29
# 
# The Spectral Energy Distributions of Active Galactic Nuclei
# Brown et al. (2019)
# http://dx.doi.org/10.17909/t9-3dbt-8734
# 
# Column 1: Observed wavelength (um)
# Column 2: L_nu (W/Hz)
# Column 3: f_lam (erg/s/cm2/A)
# Column 4: Source (0 = model, 1 = Optical Spectrun, 2 = Akari, 3 = Spitzer IRS)
# 
  1.0004e-02 6.457599e+13 1.609237e-05 0 
  1.0190e-02 8.206090e+13 1.970990e-05 0 
  1.0403e-02 9.639840e+13 2.221514e-05 0 
  1.0597e-02 1.161708e+14 2.580047e-05 0 
  1.0794e-02 1.419354e+14 3.038241e-05 0 
  1.0995e-02 2.046785e+14 4.222583e-05 0 
  1.1407e-02 2.806304e+14 5.378835e-05 0 
  1.1808e-02 3.639902e+14 6.510785e-05 0 
  1.2111e-02 1.130064e+15 1.921496e-04 0 
  1.2508e-02 1.419317e+15 2.262560e-04 0 
  1.2711e-02 1.559945e+15 2.407943e-04 0 
  1.2799e-02 1.652202e+15 2.515402e-04 0 
  1.3097e-02 1.875526e+15 2.726942e-04 0 
  1.3188e-02 2.163162e+15 3.101898e-04 0 
  1.3402e-02 2.344788e+15 3.255823e-04 0 
  1.3714e-02 2.938437e+15 3.896588e-04 0 
  1.4002e-02 3.296925e+15 4.193971e-04 0 
  1.4295e-02 7.296295e+15 8.904931e-04 0 
  1.4695e-02 1.524357e+16 1.760533e-03 0 
  1.5107e-02 1.718173e+16 1.877616e-03 0 
  1.5495e-02 1.941423e+16 2.016664e-03 0 
  1.5892e-02 2.198457e+16 2.170987e-03 0 
  1.6187e-02 2.404913e+16 2.289091e-03 0 
  1.6603e-02 2.723323e+16 2.463897e-03 0 
  1.6989e-02 3.027536e+16 2.616075e-03 0 
  1.7305e-02 3.296781e+16 2.745639e-03 0 
  1.7708e-02 3.648492e+16 2.901822e-03 0 
  1.7996e-02 3.927143e+16 3.024274e-03 0 
  1.8204e-02 4.140778e+16 3.116340e-03 0 
  1.8586e-02 4.540407e+16 3.278079e-03 0 
  1.9106e-02 5.106377e+16 3.488749e-03 0 
  1.9417e-02 5.496471e+16 3.635935e-03 0 
  1.9778e-02 5.971781e+16 3.807462e-03 0 
  2.0192e-02 6.518142e+16 3.987141e-03 0 
  2.0520e-02 6.951799e+16 4.117551e-03 0 
  2.0998e-02 7.397858e+16 4.184529e-03 0 
  2.1586e-02 8.611707e+16 4.609367e-03 0 
  2.1988e-02 9.312957e+16 4.804106e-03 0 
  2.2294e-02 9.752070e+16 4.893474e-03 0 
  2.2708e-02 1.057070e+17 5.112607e-03 0 
  2.3024e-02 1.629682e+17 7.667216e-03 0 
  2.3398e-02 2.812377e+17 1.281187e-02 0 
  2.3998e-02 3.682238e+17 1.594624e-02 0 
  2.4614e-02 3.673583e+17 1.512244e-02 0 
  2.5187e-02 4.037244e+17 1.587189e-02 0 
  2.5715e-02 3.476060e+17 1.311024e-02 0 
  2.6012e-02 4.150535e+17 1.529865e-02 0 
  2.6374e-02 4.457526e+17 1.598227e-02 0 
  2.6926e-02 4.614212e+17 1.587268e-02 0 
  2.7427e-02 4.743497e+17 1.572673e-02 0 
  2.7873e-02 4.842687e+17 1.554588e-02 0 
  2.8391e-02 5.001491e+17 1.547514e-02 0 
  2.8985e-02 4.932689e+17 1.464312e-02 0 
  2.9592e-02 5.177106e+17 1.474466e-02 0 
  3.0073e-02 5.153390e+17 1.421137e-02 0 
  3.0774e-02 5.433632e+17 1.430931e-02 0 
  3.1782e-02 5.822279e+17 1.437563e-02 0 
  3.2823e-02 6.068708e+17 1.404870e-02 0 
  3.3820e-02 6.267588e+17 1.366626e-02 0 
  3.4768e-02 6.413649e+17 1.323251e-02 0 
  3.5660e-02 6.608274e+17 1.296050e-02 0 
  3.6575e-02 6.872173e+17 1.281215e-02 0 
  3.7513e-02 7.032118e+17 1.246290e-02 0 
  3.8475e-02 6.951895e+17 1.171231e-02 0 
  3.9462e-02 7.329861e+17 1.173908e-02 0 
  4.0474e-02 7.570014e+17 1.152500e-02 0 
  4.1417e-02 7.693090e+17 1.118510e-02 0 
  4.2187e-02 7.728474e+17 1.083011e-02 0 
  4.2971e-02 7.781877e+17 1.051066e-02 0 
  4.4074e-02 7.981701e+17 1.024771e-02 0 
  4.5100e-02 8.074097e+17 9.900048e-03 0 
  4.6045e-02 8.130121e+17 9.563756e-03 0 
  4.7009e-02 8.205178e+17 9.260245e-03 0 
  4.7993e-02 8.338766e+17 9.029058e-03 0 
  4.8998e-02 8.300103e+17 8.622301e-03 0 
    0.050024 8.513356e+17 8.484777e-03 0 
    0.050603 8.474047e+17 8.253436e-03 0 
    0.051189 8.934931e+17 8.504217e-03 0 
    0.052021 8.976188e+17 8.272389e-03 0 
    0.052988 8.934691e+17 7.936352e-03 0 
    0.053973 8.771756e+17 7.509827e-03 0 
    0.054977 8.792095e+17 7.254821e-03 0 
    0.055999 9.122128e+17 7.254911e-03 0 
    0.057040 9.313378e+17 7.139118e-03 0 
    0.057967 9.249154e+17 6.864942e-03 0 
    0.059044 9.399396e+17 6.724265e-03 0 
    0.060004 9.206528e+17 6.377228e-03 0 
    0.060979 8.415815e+17 5.644586e-03 0 
    0.061970 9.529805e+17 6.188957e-03 0 
    0.062976 9.464525e+17 5.951756e-03 0 
    0.064000 9.640524e+17 5.869987e-03 0 
    0.065040 9.640668e+17 5.683849e-03 0 
    0.065793 9.508082e+17 5.478100e-03 0 
    0.066555 9.729318e+17 5.477943e-03 0 
    0.067481 9.796965e+17 5.365683e-03 0 
    0.068577 9.574015e+17 5.077309e-03 0 
    0.069531 9.887629e+17 5.100722e-03 0 
    0.070498 9.529915e+17 4.782246e-03 0 
    0.071644 1.000221e+18 4.859963e-03 0 
    0.072640 1.002504e+18 4.738392e-03 0 
    0.073482 1.004846e+18 4.641240e-03 0 
    0.074504 1.002525e+18 4.504354e-03 0 
    0.075540 1.004822e+18 4.391689e-03 0 
    0.076415 9.377419e+17 4.005184e-03 0 
    0.077478 1.009490e+18 4.194129e-03 0 
    0.078556 9.979196e+17 4.033047e-03 0 
    0.079465 1.011792e+18 3.996095e-03 0 
    0.080571 1.023491e+18 3.932084e-03 0 
    0.081504 1.025877e+18 3.851537e-03 0 
    0.082448 1.033011e+18 3.790016e-03 0 
    0.083595 9.729343e+17 3.472317e-03 0 
    0.084563 1.035369e+18 3.611029e-03 0 
    0.085542 1.033010e+18 3.520805e-03 0 
    0.086532 1.044899e+18 3.480304e-03 0 
    0.087534 1.054589e+18 3.432623e-03 0 
    0.088548 1.059465e+18 3.369966e-03 0 
    0.089573 1.066839e+18 3.316204e-03 0 
    0.090402 1.059463e+18 3.233152e-03 0 
    0.091449 1.236201e+18 3.686614e-03 0 
    0.092508 2.761214e+18 8.047073e-03 0 
    0.093579 4.743486e+18 1.350944e-02 0 
    0.094445 7.657555e+18 2.141059e-02 0 
    0.095539 1.011773e+19 2.764509e-02 0 
    0.096423 1.156340e+19 3.101848e-02 0 
    0.097539 3.573511e+18 9.367743e-03 0 
    0.098442 1.079125e+19 2.777203e-02 0 
    0.099581 1.109431e+19 2.790254e-02 0 
    0.100503 1.482824e+19 3.661238e-02 0 
    0.101433 1.432448e+19 3.472297e-02 0 
    0.102607 6.935724e+18 1.642988e-02 0 
    0.103557 1.124862e+19 2.615994e-02 0 
    0.104515 1.919112e+19 4.381667e-02 0 
    0.105482 1.910269e+19 4.281878e-02 0 
    0.106458 1.599958e+19 3.520859e-02 0 
    0.107443 1.866770e+19 4.033026e-02 0 
    0.108437 1.534897e+19 3.255523e-02 0 
    0.109441 1.977377e+19 4.117426e-02 0 
    0.110453 1.932367e+19 3.950308e-02 0 
    0.111475 1.897114e+19 3.807456e-02 0 
    0.112507 1.746195e+19 3.440568e-02 0 
    0.113548 2.143410e+19 4.146129e-02 0 
    0.114598 1.995736e+19 3.790055e-02 0 
    0.115393 2.109075e+19 3.950294e-02 0 
    0.116460 2.188197e+19 4.023735e-02 0 
    0.117538 1.618472e+19 2.921763e-02 0 
    0.118626 2.163234e+19 3.833894e-02 0 
    0.119448 1.603637e+19 2.803139e-02 0 
    0.120553 1.247657e+19 2.141094e-02 0 
    0.121389 8.036982e+18 1.360288e-02 0 
    0.122512 1.577967e+19 2.622026e-02 0 
    0.123361 2.265158e+19 3.712267e-02 0 
    0.124503 2.500819e+19 4.023639e-02 0 
    0.125366 2.438286e+19 3.869203e-02 0 
    0.126526 2.173235e+19 3.385662e-02 0 
    0.127403 2.717052e+19 4.174794e-02 0 
    0.128581 2.858279e+19 4.311688e-02 0 
    0.129473 2.377459e+19 3.537130e-02 0 
    0.130370 2.366348e+19 3.472320e-02 0 
    0.131577 2.884591e+19 4.155475e-02 0 
    0.132489 2.799508e+19 3.977576e-02 0 
    0.133407 2.547370e+19 3.569696e-02 0 
    0.134641 2.979247e+19 4.098720e-02 0 
    0.135575 2.918021e+19 3.959366e-02 0 
    0.136514 2.679762e+19 3.586231e-02 0 
    0.137461 2.806085e+19 3.703721e-02 0 
    0.138414 2.858257e+19 3.720811e-02 0 
    0.139373 2.523980e+19 3.240597e-02 0 
    0.140339 2.624895e+19 3.323928e-02 0 
    0.141638 2.754897e+19 3.424856e-02 0 
    0.142619 2.825607e+19 3.464603e-02 0 
    0.143608 2.838457e+19 3.432587e-02 0 
    0.144271 2.986024e+19 3.577928e-02 0 
    0.144603 3.027567e+19 3.611067e-02 0 
    0.145606 2.979185e+19 3.504575e-02 0 
    0.146615 2.805961e+19 3.255527e-02 0 
    0.147631 2.818967e+19 3.225754e-02 0 
    0.148655 2.884577e+19 3.255514e-02 0 
    0.149341 2.931469e+19 3.278111e-02 0 
    0.150376 2.818951e+19 3.109045e-02 0 
    0.151070 2.565138e+19 2.803178e-02 0 
    0.151767 2.735859e+19 2.962344e-02 0 
    0.152468 2.679672e+19 2.874887e-02 0 
    0.153525 2.393828e+19 2.532977e-02 0 
    0.154589 2.594774e+19 2.707938e-02 0 
    0.155660 2.489391e+19 2.562332e-02 0 
    0.156379 2.553257e+19 2.603958e-02 0 
    0.157463 2.729555e+19 2.745562e-02 0 
    0.158554 2.858123e+19 2.835456e-02 0 
    0.159654 2.951717e+19 2.888095e-02 0 
    0.160390 2.891412e+19 2.803185e-02 0 
    0.161502 2.918077e+19 2.790213e-02 0 
    0.162622 2.806066e+19 2.646280e-02 0 
    0.163372 2.972164e+19 2.777243e-02 0 
    0.164505 3.034467e+19 2.796537e-02 0 
    0.165645 2.851652e+19 2.592008e-02 0 
    0.166410 3.105138e+19 2.796523e-02 0 
    0.167178 2.818995e+19 2.515547e-02 0 
    0.167563 3.155787e+19 2.803160e-02 0 
    0.168337 3.281531e+19 2.888111e-02 0 
    0.169503 3.133972e+19 2.720425e-02 0 
    0.170678 3.048555e+19 2.609969e-02 0 
    0.171466 2.938281e+19 2.492492e-02 0 
    0.172655 2.951850e+19 2.469633e-02 0 
    0.173452 3.148415e+19 2.609936e-02 0 
    0.174654 3.105240e+19 2.538835e-02 0 
    0.175460 3.319689e+19 2.689290e-02 0 
    0.176676 3.076783e+19 2.458319e-02 0 
    0.177492 3.184904e+19 2.521362e-02 0 
    0.178311 3.251555e+19 2.550535e-02 0 
    0.179547 3.500217e+19 2.707916e-02 0 
    0.180376 3.476145e+19 2.664630e-02 0 
    0.181626 3.281657e+19 2.481039e-02 0 
    0.182465 3.358128e+19 2.515559e-02 0 
    0.183307 3.259109e+19 2.419008e-02 0 
    0.184577 3.020589e+19 2.211225e-02 0 
    0.185429 3.090953e+19 2.241990e-02 0 
    0.186715 3.244116e+19 2.320782e-02 0 
    0.187577 3.468135e+19 2.458291e-02 0 
    0.188442 3.259111e+19 2.288971e-02 0 
    0.189312 3.199595e+19 2.226564e-02 0 
    0.190624 3.373596e+19 2.315444e-02 0 
    0.191504 3.312066e+19 2.252370e-02 0 
    0.192388 3.236627e+19 2.180887e-02 0 
    0.193722 3.244083e+19 2.155910e-02 0 
    0.194616 3.565261e+19 2.347635e-02 0 
    0.195514 3.404828e+19 2.221447e-02 0 
    0.196869 3.767881e+19 2.424594e-02 0 
    0.197778 3.829066e+19 2.441369e-02 0 
    0.198234 3.724709e+19 2.363919e-02 0 
    0.199608 3.690554e+19 2.310107e-02 0 
    0.200530 3.759192e+19 2.331483e-02 0 
    0.201455 3.716169e+19 2.283683e-02 0 
    0.202385 3.759209e+19 2.288950e-02 0 
    0.203319 3.785287e+19 2.283702e-02 0 
    0.204729 4.009529e+19 2.385784e-02 0 
    0.205674 3.855609e+19 2.273163e-02 0 
    0.206623 3.873454e+19 2.262755e-02 0 
    0.207577 4.208223e+19 2.435773e-02 0 
    0.208535 5.285487e+19 3.031262e-02 0 
    0.209497 5.001426e+19 2.842069e-02 0 
    0.210464 4.966860e+19 2.796551e-02 0 
    0.211436 5.273381e+19 2.941899e-02 0 
    0.212412 5.094624e+19 2.816115e-02 0 
    0.213392 4.820525e+19 2.640186e-02 0 
    0.214377 5.446000e+19 2.955410e-02 0 
    0.215367 5.560001e+19 2.989599e-02 0 
    0.216361 5.189017e+19 2.764544e-02 0 
    0.217359 5.225004e+19 2.758213e-02 0 
    0.218363 5.809132e+19 3.038433e-02 0 
    0.219371 5.971483e+19 3.094712e-02 0 
    0.220383 5.835504e+19 2.996530e-02 0 
    0.221400 5.106209e+19 2.598004e-02 0 
    0.222422 5.433666e+19 2.739264e-02 0 
    0.223449 6.517453e+19 3.255499e-02 0 
    0.224480 6.252904e+19 3.094731e-02 0 
    0.225517 5.396277e+19 2.646258e-02 0 
    0.226558 5.309983e+19 2.580066e-02 0 
    0.227603 5.676702e+19 2.732981e-02 0 
    0.228654 6.746569e+19 3.218265e-02 0 
    0.229709 5.984459e+19 2.828559e-02 0 
    0.230239 6.698533e+19 3.151508e-02 0 
    0.231302 6.051702e+19 2.821079e-02 0 
    0.232369 4.929708e+19 2.276991e-02 0 
    0.233442 5.020498e+19 2.297658e-02 0 
    0.234519 4.223501e+19 1.915195e-02 0 
    0.235602 5.923669e+19 2.661517e-02 0 
    0.236689 4.461866e+19 1.986355e-02 0 
    0.237235 5.122431e+19 2.269943e-02 0 
    0.238330 3.993925e+19 1.753634e-02 0 
    0.239430 4.553258e+19 1.980895e-02 0 
    0.240535 4.489989e+19 1.935464e-02 0 
    0.241645 4.933579e+19 2.107186e-02 0 
    0.242761 6.777642e+19 2.868251e-02 0 
    0.243320 6.730340e+19 2.835162e-02 0 
    0.244443 7.744239e+19 3.232362e-02 0 
    0.245572 8.069956e+19 3.337413e-02 0 
    0.246705 7.358441e+19 3.015271e-02 0 
    0.247274 6.726161e+19 2.743512e-02 0 
    0.248415 5.256381e+19 2.124358e-02 0 
    0.249562 5.735920e+19 2.296903e-02 0 
    0.250714 7.843530e+19 3.112081e-02 0 
    0.251292 4.813682e+19 1.901151e-02 0 
    0.251871 4.410028e+19 1.733730e-02 0 
    0.252452 4.522703e+19 1.769852e-02 0 
    0.253617 5.892657e+19 2.284814e-02 0 
    0.254788 6.140868e+19 2.359219e-02 0 
    0.255375 9.315005e+19 3.562237e-02 0 
    0.256554 7.570430e+19 2.868530e-02 0 
    0.257738 9.184007e+19 3.448036e-02 0 
    0.258332 8.432990e+19 3.151531e-02 0 
    0.259525 7.850299e+19 2.906861e-02 0 
    0.260722 7.076381e+19 2.596285e-02 0 
    0.261324 6.618591e+19 2.417149e-02 0 
    0.262530 8.350260e+19 3.021611e-02 0 
    0.263742 1.275248e+20 4.572278e-02 0 
    0.264349 1.665532e+20 5.944210e-02 0 
    0.265570 2.220551e+20 7.852340e-02 0 
    0.266795 1.507884e+20 5.283347e-02 0 
    0.267411 1.695641e+20 5.913871e-02 0 
    0.268645 1.937524e+20 6.695545e-02 0 
    0.269264 1.476425e+20 5.078684e-02 0 
    0.270507 1.786922e+20 6.090388e-02 0 
    0.271756 1.361518e+20 4.597920e-02 0 
    0.272382 1.145438e+20 3.850446e-02 0 
    0.273639 1.412175e+20 4.703584e-02 0 
    0.274270 8.786869e+19 2.913225e-02 0 
    0.275536 1.131735e+20 3.717788e-02 0 
    0.276808 1.434389e+20 4.668809e-02 0 
    0.277446 1.533289e+20 4.967793e-02 0 
    0.278727 1.012806e+20 3.251357e-02 0 
    0.279369 5.514157e+19 1.762054e-02 0 
    0.280659 6.417852e+19 2.032021e-02 0 
    0.281306 1.413643e+20 4.455313e-02 0 
    0.282604 1.987239e+20 6.205688e-02 0 
    0.283256 1.888871e+20 5.871384e-02 0 
    0.284563 1.445769e+20 4.452856e-02 0 
    0.285219 9.334160e+19 2.861639e-02 0 
    0.286536 1.949662e+20 5.922395e-02 0 
    0.287196 2.540552e+20 7.681884e-02 0 
    0.288522 2.337855e+20 7.004162e-02 0 
    0.289187 2.797595e+20 8.343027e-02 0 
    0.291191 3.746586e+20 1.101986e-01 0 
    0.293210 3.338056e+20 9.683502e-02 0 
    0.295242 3.150242e+20 9.013305e-02 0 
    0.297289 3.343519e+20 9.435015e-02 0 
    0.298661 3.420620e+20 9.564103e-02 0 
    0.300731 3.499095e+20 9.649298e-02 0 
    0.302816 3.748055e+20 1.019400e-01 0 
    0.304915 3.968730e+20 1.064610e-01 0 
    0.307028 4.320140e+20 1.142979e-01 0 
    0.309157 4.288908e+20 1.119142e-01 0 
    0.311300 4.956786e+20 1.275670e-01 0 
    0.312736 4.656838e+20 1.187495e-01 0 
    0.314904 4.698264e+20 1.181619e-01 0 
    0.317087 5.221304e+20 1.295145e-01 0 
    0.319285 4.619731e+20 1.130202e-01 0 
    0.320759 5.158343e+20 1.250400e-01 0 
    0.322982 4.449986e+20 1.063894e-01 0 
    0.325221 6.197147e+20 1.461272e-01 0 
    0.326722 7.245808e+20 1.692881e-01 0 
    0.328987 7.193253e+20 1.657541e-01 0 
    0.331267 6.866839e+20 1.560619e-01 0 
    0.332031 6.496933e+20 1.469764e-01 0 
    0.332796 7.073726e+20 1.592900e-01 0 
    0.333563 7.492013e+20 1.679342e-01 0 
    0.334332 6.863377e+20 1.531364e-01 0 
    0.335103 6.799649e+20 1.510172e-01 0 
    0.335876 7.663475e+20 1.694198e-01 0 
    0.336650 6.432407e+20 1.415509e-01 0 
    0.337426 5.263987e+20 1.153066e-01 0 
    0.338204 6.269919e+20 1.367102e-01 0 
    0.338983 7.519755e+20 1.632091e-01 0 
    0.339765 6.639693e+20 1.434456e-01 0 
    0.340548 7.981685e+20 1.716463e-01 0 
    0.341333 7.379677e+20 1.579710e-01 0 
    0.342120 7.924662e+20 1.688575e-01 0 
    0.342909 7.707665e+20 1.634788e-01 0 
    0.343699 7.831789e+20 1.653487e-01 0 
    0.344491 5.282146e+20 1.110072e-01 0 
    0.345286 8.161114e+20 1.707214e-01 0 
    0.346082 7.493558e+20 1.560366e-01 0 
    0.346879 7.596810e+20 1.574605e-01 0 
    0.347679 7.170933e+20 1.479501e-01 0 
    0.348481 7.861728e+20 1.614568e-01 0 
    0.349284 7.352902e+20 1.503134e-01 0 
    0.350089 7.021026e+20 1.428697e-01 0 
    0.350896 8.696469e+20 1.761500e-01 0 
    0.351705 7.084057e+20 1.428306e-01 0 
    0.352516 7.365916e+20 1.478310e-01 0 
    0.353328 8.834286e+20 1.764866e-01 0 
    0.354143 9.574415e+20 1.903932e-01 0 
    0.354959 9.639386e+20 1.908048e-01 0 
    0.355777 8.550517e+20 1.684741e-01 0 
    0.356598 9.504544e+20 1.864103e-01 0 
    0.357420 6.696903e+20 1.307413e-01 0 
    0.358244 6.726846e+20 1.307224e-01 0 
    0.359070 5.764466e+20 1.115058e-01 0 
    0.359897 9.176869e+20 1.766992e-01 0 
    0.360727 8.121490e+20 1.556592e-01 0 
    0.361110 7.342989e+20 1.404398e-01 1 
    0.361383 7.783071e+20 1.486319e-01 1 
    0.361657 8.239647e+20 1.571127e-01 1 
    0.361930 8.580378e+20 1.633630e-01 1 
    0.362203 8.558371e+20 1.626985e-01 1 
    0.362476 8.299126e+20 1.575325e-01 1 
    0.362750 8.643298e+20 1.638178e-01 1 
    0.363023 9.461281e+20 1.790516e-01 1 
    0.363296 8.824665e+20 1.667529e-01 1 
    0.363569 9.040704e+20 1.705788e-01 1 
    0.363842 9.749283e+20 1.836722e-01 1 
    0.364116 9.992519e+20 1.879715e-01 1 
    0.364389 9.255231e+20 1.738414e-01 1 
    0.364662 8.863068e+20 1.662262e-01 1 
    0.364935 9.593932e+20 1.796644e-01 1 
    0.365209 1.095696e+21 2.048819e-01 1 
    0.365482 1.184864e+21 2.212244e-01 1 
    0.365755 1.161086e+21 2.164613e-01 1 
    0.366028 1.163043e+21 2.165029e-01 1 
    0.366301 1.185466e+21 2.203481e-01 1 
    0.366575 1.190133e+21 2.208851e-01 1 
    0.366848 1.143061e+21 2.118329e-01 1 
    0.367121 1.108454e+21 2.051142e-01 1 
    0.367394 1.157485e+21 2.138690e-01 1 
    0.367668 1.063871e+21 1.962790e-01 1 
    0.367941 1.026226e+21 1.890528e-01 1 
    0.368214 9.730357e+20 1.789883e-01 1 
    0.368487 9.874396e+20 1.813688e-01 1 
    0.368760 1.008756e+21 1.850099e-01 1 
    0.369034 1.020764e+21 1.869343e-01 1 
    0.369307 1.133518e+21 2.072763e-01 1 
    0.369580 1.282237e+21 2.341249e-01 1 
    0.369853 1.260533e+21 2.298224e-01 1 
    0.370127 1.190809e+21 2.167889e-01 1 
    0.370400 1.129418e+21 2.053096e-01 1 
    0.370673 1.037420e+21 1.883082e-01 1 
    0.370946 9.827509e+20 1.781224e-01 1 
    0.371219 1.121285e+21 2.029327e-01 1 
    0.371493 1.214756e+21 2.195252e-01 1 
    0.371766 1.154868e+21 2.083961e-01 1 
    0.372039 1.087575e+21 1.959651e-01 1 
    0.372312 1.241815e+21 2.234288e-01 1 
    0.372585 1.472162e+21 2.644851e-01 1 
    0.372859 1.510192e+21 2.709189e-01 1 
    0.373132 1.355981e+21 2.428986e-01 1 
    0.373405 1.126494e+21 2.014954e-01 1 
    0.373678 9.622104e+20 1.718587e-01 1 
    0.373952 9.122266e+20 1.626925e-01 1 
    0.374225 9.712838e+20 1.729725e-01 1 
    0.374498 9.202921e+20 1.636527e-01 1 
    0.374771 8.784218e+20 1.559795e-01 1 
    0.375044 9.303844e+20 1.649660e-01 1 
    0.375318 1.060607e+21 1.877812e-01 1 
    0.375591 1.086364e+21 1.920621e-01 1 
    0.375864 1.056370e+21 1.864880e-01 1 
    0.376137 1.003878e+21 1.769641e-01 1 
    0.376411 1.042771e+21 1.835527e-01 1 
    0.376684 1.100134e+21 1.933693e-01 1 
    0.376957 1.198440e+21 2.103436e-01 1 
    0.377230 1.222227e+21 2.142081e-01 1 
    0.377503 1.270492e+21 2.223450e-01 1 
    0.377777 1.302509e+21 2.276178e-01 1 
    0.378050 1.419226e+21 2.476564e-01 1 
    0.378323 1.447301e+21 2.521912e-01 1 
    0.378596 1.313304e+21 2.285123e-01 1 
    0.378870 1.242731e+21 2.159202e-01 1 
    0.379143 1.201409e+21 2.084402e-01 1 
    0.379416 1.075410e+21 1.863113e-01 1 
    0.379689 1.118221e+21 1.934498e-01 1 
    0.379962 1.123264e+21 1.940430e-01 1 
    0.380236 1.181211e+21 2.037593e-01 1 
    0.380509 1.363290e+21 2.348307e-01 1 
    0.380782 1.294677e+21 2.226922e-01 1 
    0.381055 1.264643e+21 2.172146e-01 1 
    0.381328 1.306323e+21 2.240525e-01 1 
    0.381602 1.154928e+21 1.978017e-01 1 
    0.381875 1.059623e+21 1.812196e-01 1 
    0.382148 1.040434e+21 1.776838e-01 1 
    0.382421 9.546319e+20 1.627979e-01 1 
    0.382695 9.050568e+20 1.541227e-01 1 
    0.382968 8.283144e+20 1.408532e-01 1 
    0.383241 9.293281e+20 1.578053e-01 1 
    0.383514 7.699896e+20 1.305626e-01 1 
    0.383787 8.052791e+20 1.363523e-01 1 
    0.384061 9.704193e+20 1.640799e-01 1 
    0.384334 1.041654e+21 1.758742e-01 1 
    0.384607 1.177576e+21 1.985413e-01 1 
    0.384880 1.124253e+21 1.892823e-01 1 
    0.385154 1.190407e+21 2.001350e-01 1 
    0.385427 1.169523e+21 1.963455e-01 1 
    0.385700 1.113516e+21 1.866782e-01 1 
    0.385973 1.171029e+21 1.960425e-01 1 
    0.386246 1.184765e+21 1.980617e-01 1 
    0.386520 1.274836e+21 2.128173e-01 1 
    0.386793 1.291101e+21 2.152283e-01 1 
    0.387066 1.231420e+21 2.049900e-01 1 
    0.387339 1.241638e+21 2.063997e-01 1 
    0.387613 1.170945e+21 1.943731e-01 1 
    0.387886 1.144259e+21 1.896761e-01 1 
    0.388159 1.115662e+21 1.846757e-01 1 
    0.388432 1.209993e+21 2.000088e-01 1 
    0.388705 1.159009e+21 1.913124e-01 1 
    0.388979 1.176485e+21 1.939236e-01 1 
    0.389252 1.251282e+21 2.059634e-01 1 
    0.389525 1.313717e+21 2.159373e-01 1 
    0.389798 1.395514e+21 2.290611e-01 1 
    0.390072 1.352003e+21 2.216075e-01 1 
    0.390345 1.375652e+21 2.251686e-01 1 
    0.390618 1.297947e+21 2.121529e-01 1 
    0.390891 1.470588e+21 2.400359e-01 1 
    0.391164 1.536102e+21 2.503795e-01 1 
    0.391438 1.512339e+21 2.461612e-01 1 
    0.391711 1.542059e+21 2.506490e-01 1 
    0.391984 1.345038e+21 2.183204e-01 1 
    0.392257 1.216992e+21 1.972617e-01 1 
    0.392530 1.132788e+21 1.833577e-01 1 
    0.392804 9.726665e+20 1.572203e-01 1 
    0.393077 7.877976e+20 1.271616e-01 1 
    0.393350 6.730822e+20 1.084941e-01 1 
    0.393623 7.401085e+20 1.191327e-01 1 
    0.393897 9.119380e+20 1.465873e-01 1 
    0.394170 1.054842e+21 1.693234e-01 1 
    0.394443 1.243876e+21 1.993908e-01 1 
    0.394716 1.369505e+21 2.192253e-01 1 
    0.394989 1.449254e+21 2.316706e-01 1 
    0.395263 1.588432e+21 2.535671e-01 1 
    0.395536 1.478753e+21 2.357327e-01 1 
    0.395809 1.357521e+21 2.161084e-01 1 
    0.396082 1.255954e+21 1.996642e-01 1 
    0.396356 1.021679e+21 1.621960e-01 1 
    0.396629 8.754141e+20 1.387845e-01 1 
    0.396902 7.673674e+20 1.214880e-01 1 
    0.397175 9.488677e+20 1.500162e-01 1 
    0.397448 1.120471e+21 1.769035e-01 1 
    0.397722 1.400499e+21 2.208106e-01 1 
    0.397995 1.576237e+21 2.481777e-01 1 
    0.398268 1.708722e+21 2.686687e-01 1 
    0.398541 1.826881e+21 2.868539e-01 1 
    0.398815 1.934577e+21 3.033468e-01 1 
    0.399088 1.964707e+21 3.076500e-01 1 
    0.399361 1.945526e+21 3.042301e-01 1 
    0.399634 1.956491e+21 3.055268e-01 1 
    0.399907 2.009043e+21 3.133053e-01 1 
    0.400181 2.024187e+21 3.152348e-01 1 
    0.400454 2.008862e+21 3.124218e-01 1 
    0.400727 2.029896e+21 3.152631e-01 1 
    0.401000 2.084771e+21 3.233450e-01 1 
    0.401273 2.100613e+21 3.253588e-01 1 
    0.401547 2.155723e+21 3.334391e-01 1 
    0.401820 2.246689e+21 3.470374e-01 1 
    0.402093 2.188057e+21 3.375220e-01 1 
    0.402366 2.149313e+21 3.310958e-01 1 
    0.402640 2.135200e+21 3.284742e-01 1 
    0.402913 2.114939e+21 3.249165e-01 1 
    0.403186 2.042840e+21 3.134150e-01 1 
    0.403459 2.044169e+21 3.131947e-01 1 
    0.403732 2.161408e+21 3.307097e-01 1 
    0.404006 2.157475e+21 3.296603e-01 1 
    0.404279 2.057906e+21 3.140217e-01 1 
    0.404552 2.031547e+21 3.095813e-01 1 
    0.404825 2.117303e+21 3.222143e-01 1 
    0.405099 2.139581e+21 3.251643e-01 1 
    0.405372 2.101214e+21 3.189035e-01 1 
    0.405645 2.031984e+21 3.079814e-01 1 
    0.405918 1.974770e+21 2.989072e-01 1 
    0.406191 1.969583e+21 2.977215e-01 1 
    0.406465 1.990140e+21 3.004234e-01 1 
    0.406738 2.012393e+21 3.033750e-01 1 
    0.407011 2.102305e+21 3.165044e-01 1 
    0.407284 2.128977e+21 3.200904e-01 1 
    0.407558 2.091420e+21 3.140211e-01 1 
    0.407831 2.152168e+21 3.227098e-01 1 
    0.408104 2.215652e+21 3.317847e-01 1 
    0.408377 2.258459e+21 3.377428e-01 1 
    0.408650 2.348654e+21 3.507619e-01 1 
    0.408924 2.386932e+21 3.560011e-01 1 
    0.409197 2.322532e+21 3.459341e-01 1 
    0.409470 2.219756e+21 3.301851e-01 1 
    0.409743 2.069165e+21 3.073750e-01 1 
    0.410017 1.986773e+21 2.947413e-01 1 
    0.410290 2.049741e+21 3.036782e-01 1 
    0.410563 2.137293e+21 3.162284e-01 1 
    0.410836 2.256992e+21 3.334951e-01 1 
    0.411109 2.284854e+21 3.371639e-01 1 
    0.411383 2.305673e+21 3.397829e-01 1 
    0.411656 2.328603e+21 3.427069e-01 1 
    0.411929 2.298291e+21 3.377977e-01 1 
    0.412202 2.303032e+21 3.380463e-01 1 
    0.412475 2.316623e+21 3.395913e-01 1 
    0.412749 2.256387e+21 3.303223e-01 1 
    0.413022 2.188062e+21 3.198967e-01 1 
    0.413295 2.218917e+21 3.239792e-01 1 
    0.413568 2.306027e+21 3.362536e-01 1 
    0.413842 2.321386e+21 3.380452e-01 1 
    0.414115 2.245554e+21 3.265714e-01 1 
    0.414388 2.215664e+21 3.218001e-01 1 
    0.414661 2.165723e+21 3.141326e-01 1 
    0.414934 2.219227e+21 3.214697e-01 1 
    0.415208 2.270769e+21 3.285019e-01 1 
    0.415481 2.233094e+21 3.226273e-01 1 
    0.415754 2.312306e+21 3.336329e-01 1 
    0.416027 2.380044e+21 3.429560e-01 1 
    0.416301 2.360746e+21 3.397277e-01 1 
    0.416574 2.350988e+21 3.378800e-01 1 
    0.416847 2.317945e+21 3.326949e-01 1 
    0.417120 2.207840e+21 3.164769e-01 1 
    0.417393 2.185301e+21 3.128365e-01 1 
    0.417667 2.221539e+21 3.176070e-01 1 
    0.417940 2.229469e+21 3.183245e-01 1 
    0.418213 2.254436e+21 3.214692e-01 1 
    0.418486 2.311227e+21 3.291373e-01 1 
    0.418760 2.351093e+21 3.343766e-01 1 
    0.419033 2.401739e+21 3.411346e-01 1 
    0.419306 2.394372e+21 3.396455e-01 1 
    0.419579 2.375298e+21 3.365015e-01 1 
    0.419852 2.250895e+21 3.184632e-01 1 
    0.420126 2.296966e+21 3.245577e-01 1 
    0.420399 2.368560e+21 3.342392e-01 1 
    0.420672 2.403541e+21 3.387355e-01 1 
    0.420945 2.432531e+21 3.423766e-01 1 
    0.421219 2.464142e+21 3.463748e-01 1 
    0.421492 2.454766e+21 3.446099e-01 1 
    0.421765 2.452440e+21 3.438380e-01 1 
    0.422038 2.445770e+21 3.424592e-01 1 
    0.422311 2.392921e+21 3.346263e-01 1 
    0.422585 2.230912e+21 3.115664e-01 1 
    0.422858 2.209276e+21 3.081466e-01 1 
    0.423131 2.355489e+21 3.281163e-01 1 
    0.423404 2.437242e+21 3.390668e-01 1 
    0.423677 2.466593e+21 3.427079e-01 1 
    0.423951 2.506748e+21 3.478370e-01 1 
    0.424224 2.602330e+21 3.606353e-01 1 
    0.424497 2.519193e+21 3.486651e-01 1 
    0.424770 2.506473e+21 3.464589e-01 1 
    0.425044 2.461946e+21 3.398656e-01 1 
    0.425317 2.384889e+21 3.288055e-01 1 
    0.425590 2.494120e+21 3.434243e-01 1 
    0.425863 2.529817e+21 3.478930e-01 1 
    0.426136 2.497919e+21 3.430665e-01 1 
    0.426410 2.560846e+21 3.512571e-01 1 
    0.426683 2.559497e+21 3.506230e-01 1 
    0.426956 2.431936e+21 3.327227e-01 1 
    0.427229 2.374491e+21 3.244484e-01 1 
    0.427503 2.382582e+21 3.251368e-01 1 
    0.427776 2.461521e+21 3.354804e-01 1 
    0.428049 2.492630e+21 3.392870e-01 1 
    0.428322 2.520363e+21 3.426247e-01 1 
    0.428595 2.493715e+21 3.385705e-01 1 
    0.428869 2.412683e+21 3.271504e-01 1 
    0.429142 2.374005e+21 3.214964e-01 1 
    0.429415 2.333592e+21 3.156217e-01 1 
    0.429688 2.189340e+21 2.957354e-01 1 
    0.429962 2.039523e+21 2.751470e-01 1 
    0.430235 1.969136e+21 2.653143e-01 1 
    0.430508 1.887846e+21 2.540391e-01 1 
    0.430781 1.903706e+21 2.558487e-01 1 
    0.431054 2.079166e+21 2.790759e-01 1 
    0.431328 2.392283e+21 3.206962e-01 1 
    0.431601 2.701450e+21 3.616834e-01 1 
    0.431874 2.798314e+21 3.741784e-01 1 
    0.432147 2.758277e+21 3.683589e-01 1 
    0.432420 2.680494e+21 3.575195e-01 1 
    0.432694 2.637295e+21 3.513123e-01 1 
    0.432967 2.824726e+21 3.758056e-01 1 
    0.433240 2.896379e+21 3.848529e-01 1 
    0.433513 2.773457e+21 3.680557e-01 1 
    0.433787 2.654796e+21 3.518637e-01 1 
    0.434060 2.672935e+21 3.538224e-01 1 
    0.434333 2.775609e+21 3.669518e-01 1 
    0.434606 2.842188e+21 3.752820e-01 1 
    0.434879 2.844926e+21 3.751721e-01 1 
    0.435153 2.825885e+21 3.721919e-01 1 
    0.435426 2.890451e+21 3.802187e-01 1 
    0.435699 2.936279e+21 3.857630e-01 1 
    0.435972 3.003025e+21 3.940380e-01 1 
    0.436246 3.169063e+21 4.153024e-01 1 
    0.436519 3.136366e+21 4.105035e-01 1 
    0.436792 2.994704e+21 3.914723e-01 1 
    0.437065 2.940566e+21 3.839152e-01 1 
    0.437338 2.895381e+21 3.775441e-01 1 
    0.437612 2.888834e+21 3.762188e-01 1 
    0.437885 2.787898e+21 3.626212e-01 1 
    0.438158 2.682246e+21 3.484444e-01 1 
    0.438431 2.546986e+21 3.304612e-01 1 
    0.438705 2.600820e+21 3.370246e-01 1 
    0.438978 2.722340e+21 3.523330e-01 1 
    0.439251 2.801480e+21 3.621249e-01 1 
    0.439524 2.985283e+21 3.854045e-01 1 
    0.439797 2.984718e+21 3.848533e-01 1 
    0.440071 3.010916e+21 3.877480e-01 1 
    0.440344 2.892423e+21 3.720267e-01 1 
    0.440617 2.889787e+21 3.712272e-01 1 
    0.440890 3.023863e+21 3.879699e-01 1 
    0.441164 3.065279e+21 3.927953e-01 1 
    0.441437 3.114334e+21 3.985879e-01 1 
    0.441710 3.209248e+21 4.102279e-01 1 
    0.441983 3.213004e+21 4.102008e-01 1 
    0.442256 3.232984e+21 4.122423e-01 1 
    0.442530 3.245426e+21 4.133166e-01 1 
    0.442803 3.216041e+21 4.090693e-01 1 
    0.443076 3.275592e+21 4.161308e-01 1 
    0.443349 3.172246e+21 4.025055e-01 1 
    0.443622 3.263435e+21 4.135664e-01 1 
    0.443896 3.259175e+21 4.125168e-01 1 
    0.444169 3.344136e+21 4.227502e-01 1 
    0.444442 3.420559e+21 4.318803e-01 1 
    0.444715 3.436140e+21 4.333150e-01 1 
    0.444989 3.434012e+21 4.325135e-01 1 
    0.445262 3.309524e+21 4.163233e-01 1 
    0.445535 3.189113e+21 4.006847e-01 1 
    0.445808 3.180278e+21 3.990854e-01 1 
    0.446081 3.176695e+21 3.981479e-01 1 
    0.446355 3.223774e+21 4.035527e-01 1 
    0.446628 3.337585e+21 4.172890e-01 1 
    0.446901 3.386065e+21 4.228333e-01 1 
    0.447174 3.524444e+21 4.395760e-01 1 
    0.447448 3.608021e+21 4.494489e-01 1 
    0.447721 3.643465e+21 4.533108e-01 1 
    0.447994 3.615950e+21 4.493394e-01 1 
    0.448267 3.563694e+21 4.423065e-01 1 
    0.448540 3.632787e+21 4.503333e-01 1 
    0.448814 3.606917e+21 4.465805e-01 1 
    0.449087 3.601496e+21 4.453673e-01 1 
    0.449360 3.548934e+21 4.383343e-01 1 
    0.449633 3.560853e+21 4.392726e-01 1 
    0.449907 3.706437e+21 4.566754e-01 1 
    0.450180 3.767421e+21 4.636265e-01 1 
    0.450453 3.894295e+21 4.786592e-01 1 
    0.450726 3.856556e+21 4.734466e-01 1 
    0.450999 3.872256e+21 4.747985e-01 1 
    0.451273 3.844292e+21 4.707975e-01 1 
    0.451546 3.794380e+21 4.641231e-01 1 
    0.451819 3.758109e+21 4.591312e-01 1 
    0.452092 3.722194e+21 4.541945e-01 1 
    0.452365 3.621233e+21 4.413416e-01 1 
    0.452639 3.474475e+21 4.229428e-01 1 
    0.452912 3.388835e+21 4.120208e-01 1 
    0.453185 3.402237e+21 4.131520e-01 1 
    0.453458 3.488207e+21 4.230820e-01 1 
    0.453732 3.604659e+21 4.366785e-01 1 
    0.454005 3.699500e+21 4.476290e-01 1 
    0.454278 3.727005e+21 4.504153e-01 1 
    0.454551 3.701099e+21 4.467473e-01 1 
    0.454824 3.752678e+21 4.524296e-01 1 
    0.455098 3.611051e+21 4.348307e-01 1 
    0.455371 3.662859e+21 4.405406e-01 1 
    0.455644 3.779073e+21 4.539735e-01 1 
    0.455917 3.864065e+21 4.636277e-01 1 
    0.456191 3.908285e+21 4.683701e-01 1 
    0.456464 3.840842e+21 4.597374e-01 1 
    0.456737 3.961949e+21 4.736668e-01 1 
    0.457010 3.971080e+21 4.741913e-01 1 
    0.457283 3.918708e+21 4.673790e-01 1 
    0.457557 3.911584e+21 4.659708e-01 1 
    0.457830 3.905593e+21 4.647025e-01 1 
    0.458103 3.820205e+21 4.540011e-01 1 
    0.458376 3.794555e+21 4.504158e-01 1 
    0.458650 3.882134e+21 4.602610e-01 1 
    0.458923 3.920069e+21 4.642057e-01 1 
    0.459196 3.939896e+21 4.659990e-01 1 
    0.459469 3.858199e+21 4.557940e-01 1 
    0.459742 3.881256e+21 4.579735e-01 1 
    0.460016 3.877679e+21 4.570065e-01 1 
    0.460289 3.866354e+21 4.551314e-01 1 
    0.460562 3.937803e+21 4.629927e-01 1 
    0.460835 4.098897e+21 4.813628e-01 1 
    0.461109 4.223448e+21 4.954005e-01 1 
    0.461382 4.201145e+21 4.922014e-01 1 
    0.461655 4.194573e+21 4.908504e-01 1 
    0.461928 4.203551e+21 4.913198e-01 1 
    0.462201 4.182064e+21 4.882310e-01 1 
    0.462475 4.140411e+21 4.827957e-01 1 
    0.462748 4.195274e+21 4.886160e-01 1 
    0.463021 4.181261e+21 4.864098e-01 1 
    0.463294 4.091482e+21 4.754050e-01 1 
    0.463567 4.085852e+21 4.741919e-01 1 
    0.463841 4.031185e+21 4.672948e-01 1 
    0.464114 3.965899e+21 4.591860e-01 1 
    0.464387 3.883278e+21 4.490914e-01 1 
    0.464660 3.910055e+21 4.516570e-01 1 
    0.464934 3.954101e+21 4.562066e-01 1 
    0.465207 3.949175e+21 4.551037e-01 1 
    0.465480 4.060209e+21 4.673506e-01 1 
    0.465753 4.090167e+21 4.702472e-01 1 
    0.466026 4.124990e+21 4.736954e-01 1 
    0.466300 4.126943e+21 4.733628e-01 1 
    0.466573 3.971681e+21 4.550211e-01 1 
    0.466846 3.848345e+21 4.403755e-01 1 
    0.467119 3.928141e+21 4.489815e-01 1 
    0.467393 4.014881e+21 4.583579e-01 1 
    0.467666 3.976763e+21 4.534763e-01 1 
    0.467939 3.952594e+21 4.501944e-01 1 
    0.468212 4.069221e+21 4.629378e-01 1 
    0.468485 4.071787e+21 4.626900e-01 1 
    0.468759 4.099138e+21 4.652536e-01 1 
    0.469032 4.082751e+21 4.628544e-01 1 
    0.469305 4.059010e+21 4.596278e-01 1 
    0.469578 4.017647e+21 4.544152e-01 1 
    0.469852 3.995224e+21 4.513521e-01 1 
    0.470125 4.003783e+21 4.517938e-01 1 
    0.470398 3.918872e+21 4.416991e-01 1 
    0.470671 3.976345e+21 4.476573e-01 1 
    0.470944 3.987095e+21 4.483472e-01 1 
    0.471218 4.066867e+21 4.567859e-01 1 
    0.471491 4.197953e+21 4.709634e-01 1 
    0.471764 4.238756e+21 4.749908e-01 1 
    0.472037 4.379693e+21 4.902166e-01 1 
    0.472310 4.369715e+21 4.885346e-01 1 
    0.472584 4.259426e+21 4.756522e-01 1 
    0.472857 4.224540e+21 4.712119e-01 1 
    0.473130 4.155401e+21 4.629653e-01 1 
    0.473403 4.216712e+21 4.692545e-01 1 
    0.473677 4.313392e+21 4.794582e-01 1 
    0.473950 4.268436e+21 4.739147e-01 1 
    0.474223 4.350211e+21 4.824380e-01 1 
    0.474496 4.499893e+21 4.984637e-01 1 
    0.474769 4.473417e+21 4.949612e-01 1 
    0.475043 4.465340e+21 4.934977e-01 1 
    0.475316 4.463482e+21 4.927258e-01 1 
    0.475589 4.372058e+21 4.820796e-01 1 
    0.475862 4.364812e+21 4.807285e-01 1 
    0.476136 4.304638e+21 4.735557e-01 1 
    0.476409 4.266657e+21 4.688396e-01 1 
    0.476682 4.257981e+21 4.673505e-01 1 
    0.476955 4.333308e+21 4.750740e-01 1 
    0.477228 4.431468e+21 4.852798e-01 1 
    0.477502 4.552033e+21 4.979107e-01 1 
    0.477775 4.534019e+21 4.953737e-01 1 
    0.478048 4.468944e+21 4.877063e-01 1 
    0.478321 4.486705e+21 4.890859e-01 1 
    0.478595 4.457635e+21 4.853607e-01 1 
    0.478868 4.466023e+21 4.857197e-01 1 
    0.479141 4.521899e+21 4.912365e-01 1 
    0.479414 4.610939e+21 5.003391e-01 1 
    0.479687 4.572681e+21 4.956230e-01 1 
    0.479961 4.562351e+21 4.939390e-01 1 
    0.480234 4.616772e+21 4.992627e-01 1 
    0.480507 4.592152e+21 4.960361e-01 1 
    0.480780 4.606323e+21 4.970019e-01 1 
    0.481054 4.587247e+21 4.943800e-01 1 
    0.481327 4.678804e+21 5.036756e-01 1 
    0.481600 4.706177e+21 5.060481e-01 1 
    0.481873 4.706896e+21 5.055520e-01 1 
    0.482146 4.724575e+21 5.068764e-01 1 
    0.482420 4.635215e+21 4.967246e-01 1 
    0.482693 4.575790e+21 4.898020e-01 1 
    0.482966 4.609348e+21 4.928364e-01 1 
    0.483239 4.629027e+21 4.943815e-01 1 
    0.483512 4.569108e+21 4.874312e-01 1 
    0.483786 4.502574e+21 4.797895e-01 1 
    0.484059 4.607946e+21 4.904641e-01 1 
    0.484332 4.632866e+21 4.925608e-01 1 
    0.484605 4.550569e+21 4.832661e-01 1 
    0.484879 4.527099e+21 4.802305e-01 1 
    0.485152 4.452549e+21 4.717908e-01 1 
    0.485425 4.384077e+21 4.640132e-01 1 
    0.485698 4.237434e+21 4.479884e-01 1 
    0.485971 4.077132e+21 4.305569e-01 1 
    0.486245 4.072305e+21 4.295625e-01 1 
    0.486518 4.174786e+21 4.398786e-01 1 
    0.486791 4.200704e+21 4.421131e-01 1 
    0.487064 4.169477e+21 4.383348e-01 1 
    0.487338 4.250064e+21 4.463046e-01 1 
    0.487611 4.337923e+21 4.550209e-01 1 
    0.487884 4.423077e+21 4.634339e-01 1 
    0.488157 4.479159e+21 4.687852e-01 1 
    0.488430 4.433781e+21 4.635174e-01 1 
    0.488704 4.346033e+21 4.538346e-01 1 
    0.488977 4.415149e+21 4.605375e-01 1 
    0.489250 4.496590e+21 4.685091e-01 1 
    0.489523 4.729530e+21 4.922302e-01 1 
    0.489797 4.851549e+21 5.043646e-01 1 
    0.490070 4.838636e+21 5.024619e-01 1 
    0.490343 4.859722e+21 5.040897e-01 1 
    0.490616 4.767708e+21 4.939951e-01 1 
    0.490889 4.674948e+21 4.838453e-01 1 
    0.491163 4.715637e+21 4.875123e-01 1 
    0.491436 4.700853e+21 4.854441e-01 1 
    0.491709 4.513560e+21 4.655854e-01 1 
    0.491982 4.451120e+21 4.586351e-01 1 
    0.492255 4.423638e+21 4.552981e-01 1 
    0.492529 4.605349e+21 4.734732e-01 1 
    0.492802 4.769729e+21 4.898298e-01 1 
    0.493075 4.830677e+21 4.955397e-01 1 
    0.493348 4.804808e+21 4.923407e-01 1 
    0.493622 4.682939e+21 4.793203e-01 1 
    0.493895 4.753409e+21 4.859956e-01 1 
    0.494168 4.842662e+21 4.945741e-01 1 
    0.494441 4.950759e+21 5.050557e-01 1 
    0.494714 5.021193e+21 5.116758e-01 1 
    0.494988 5.034870e+21 5.125018e-01 1 
    0.495261 4.934093e+21 5.016901e-01 1 
    0.495534 4.950944e+21 5.028490e-01 1 
    0.495807 4.914265e+21 4.985742e-01 1 
    0.496081 4.858717e+21 4.923942e-01 1 
    0.496354 4.819114e+21 4.878436e-01 1 
    0.496627 4.810237e+21 4.864097e-01 1 
    0.496900 4.865776e+21 4.914853e-01 1 
    0.497173 4.912680e+21 4.956782e-01 1 
    0.497447 4.919723e+21 4.958421e-01 1 
    0.497720 4.839650e+21 4.872369e-01 1 
    0.497993 4.693568e+21 4.720121e-01 1 
    0.498266 4.551550e+21 4.572285e-01 1 
    0.498540 4.524108e+21 4.539724e-01 1 
    0.498813 4.701877e+21 4.712944e-01 1 
    0.499086 4.769287e+21 4.775283e-01 1 
    0.499359 4.779198e+21 4.779976e-01 1 
    0.499632 4.794921e+21 4.790462e-01 1 
    0.499906 4.783307e+21 4.773622e-01 1 
    0.500179 4.755335e+21 4.740527e-01 1 
    0.500452 4.877419e+21 4.856928e-01 1 
    0.500725 4.921011e+21 4.894995e-01 1 
    0.500999 4.797026e+21 4.766447e-01 1 
    0.501272 4.616627e+21 4.582203e-01 1 
    0.501545 4.506210e+21 4.467742e-01 1 
    0.501818 4.407241e+21 4.364865e-01 1 
    0.502091 4.493452e+21 4.445408e-01 1 
    0.502365 4.569795e+21 4.516005e-01 1 
    0.502638 4.681221e+21 4.621096e-01 1 
    0.502911 4.779177e+21 4.712673e-01 1 
    0.503184 4.861376e+21 4.788528e-01 1 
    0.503457 4.738550e+21 4.662482e-01 1 
    0.503731 4.662874e+21 4.583031e-01 1 
    0.504004 4.593768e+21 4.510218e-01 1 
    0.504277 4.686777e+21 4.596554e-01 1 
    0.504550 4.785891e+21 4.688682e-01 1 
    0.504824 4.843216e+21 4.739694e-01 1 
    0.505097 4.871315e+21 4.762040e-01 1 
    0.505370 4.894098e+21 4.779145e-01 1 
    0.505643 5.028896e+21 4.905475e-01 1 
    0.505916 5.079906e+21 4.949886e-01 1 
    0.506190 5.070092e+21 4.934977e-01 1 
    0.506463 4.956421e+21 4.819137e-01 1 
    0.506736 4.898726e+21 4.757908e-01 1 
    0.507009 4.805930e+21 4.662754e-01 1 
    0.507283 4.843839e+21 4.694459e-01 1 
    0.507556 4.792363e+21 4.639575e-01 1 
    0.507829 4.719376e+21 4.564004e-01 1 
    0.508102 4.729880e+21 4.569248e-01 1 
    0.508375 4.746688e+21 4.580562e-01 1 
    0.508649 4.870535e+21 4.695012e-01 1 
    0.508922 4.955113e+21 4.771419e-01 1 
    0.509195 5.027247e+21 4.835689e-01 1 
    0.509468 4.969778e+21 4.775288e-01 1 
    0.509742 4.889189e+21 4.692804e-01 1 
    0.510015 4.869116e+21 4.668536e-01 1 
    0.510288 4.822786e+21 4.619168e-01 1 
    0.510561 4.801430e+21 4.593797e-01 1 
    0.510834 4.823020e+21 4.609522e-01 1 
    0.511108 4.874116e+21 4.653363e-01 1 
    0.511381 4.991254e+21 4.760110e-01 1 
    0.511654 4.982403e+21 4.746599e-01 1 
    0.511927 4.919615e+21 4.681785e-01 1 
    0.512200 4.946048e+21 4.701924e-01 1 
    0.512474 4.803776e+21 4.561792e-01 1 
    0.512747 4.717310e+21 4.474913e-01 1 
    0.513020 4.759887e+21 4.510498e-01 1 
    0.513293 4.770494e+21 4.515742e-01 1 
    0.513567 4.843538e+21 4.579995e-01 1 
    0.513840 4.871469e+21 4.601513e-01 1 
    0.514113 4.821989e+21 4.549939e-01 1 
    0.514386 4.816288e+21 4.539737e-01 1 
    0.514659 4.817305e+21 4.535879e-01 1 
    0.514933 4.696912e+21 4.417814e-01 1 
    0.515206 4.698082e+21 4.414232e-01 1 
    0.515479 4.825022e+21 4.528702e-01 1 
    0.515752 4.833667e+21 4.532015e-01 1 
    0.516026 4.854104e+21 4.546345e-01 1 
    0.516299 4.634016e+21 4.335621e-01 1 
    0.516572 4.401058e+21 4.113313e-01 1 
    0.516845 4.174099e+21 3.897073e-01 1 
    0.517118 3.997816e+21 3.728550e-01 1 
    0.517392 4.063029e+21 3.785358e-01 1 
    0.517665 4.254920e+21 3.959955e-01 1 
    0.517938 4.349307e+21 4.043533e-01 1 
    0.518211 4.303705e+21 3.996922e-01 1 
    0.518485 4.325191e+21 4.012632e-01 1 
    0.518758 4.487190e+21 4.158544e-01 1 
    0.519031 4.615858e+21 4.273289e-01 1 
    0.519304 4.793403e+21 4.432993e-01 1 
    0.519577 4.896375e+21 4.523466e-01 1 
    0.519851 4.992085e+21 4.607027e-01 1 
    0.520124 5.015884e+21 4.624131e-01 1 
    0.520397 4.924116e+21 4.534768e-01 1 
    0.520670 4.780279e+21 4.397689e-01 1 
    0.520944 4.766089e+21 4.380024e-01 1 
    0.521217 4.909295e+21 4.506905e-01 1 
    0.521490 5.110238e+21 4.686468e-01 1 
    0.521763 5.278176e+21 4.835415e-01 1 
    0.522036 5.230058e+21 4.786324e-01 1 
    0.522310 5.189372e+21 4.744108e-01 1 
    0.522583 5.046811e+21 4.608960e-01 1 
    0.522856 5.034554e+21 4.592967e-01 1 
    0.523129 5.125468e+21 4.671027e-01 1 
    0.523402 5.265344e+21 4.793496e-01 1 
    0.523676 5.387304e+21 4.899397e-01 1 
    0.523949 5.464578e+21 4.964494e-01 1 
    0.524222 5.522553e+21 5.011940e-01 1 
    0.524495 5.471723e+21 4.960641e-01 1 
    0.524769 5.357126e+21 4.851678e-01 1 
    0.525042 5.337706e+21 4.829064e-01 1 
    0.525315 5.373171e+21 4.856099e-01 1 
    0.525588 5.478357e+21 4.946021e-01 1 
    0.525861 5.453778e+21 4.918718e-01 1 
    0.526135 5.241473e+21 4.722320e-01 1 
    0.526408 4.986426e+21 4.487876e-01 1 
    0.526681 4.789743e+21 4.306390e-01 1 
    0.526954 4.726538e+21 4.245161e-01 1 
    0.527228 4.894678e+21 4.391609e-01 1 
    0.527501 5.170252e+21 4.634059e-01 1 
    0.527774 5.488899e+21 4.914572e-01 1 
    0.528047 5.547007e+21 4.961466e-01 1 
    0.528320 5.639800e+21 5.039252e-01 1 
    0.528594 5.739265e+21 5.122810e-01 1 
    0.528867 5.821914e+21 5.191218e-01 1 
    0.529140 5.945288e+21 5.295759e-01 1 
    0.529413 5.827751e+21 5.185710e-01 1 
    0.529687 5.670866e+21 5.040889e-01 1 
    0.529960 5.580428e+21 4.955389e-01 1 
    0.530233 5.703715e+21 5.059654e-01 1 
    0.530506 5.889498e+21 5.219082e-01 1 
    0.530779 6.097776e+21 5.398094e-01 1 
    0.531053 6.193569e+21 5.477240e-01 1 
    0.531326 6.118768e+21 5.405531e-01 1 
    0.531599 5.968795e+21 5.267624e-01 1 
    0.531872 6.006530e+21 5.295486e-01 1 
    0.532145 5.951006e+21 5.241153e-01 1 
    0.532419 5.610389e+21 4.936081e-01 1 
    0.532692 5.412164e+21 4.756802e-01 1 
    0.532965 5.424943e+21 4.763150e-01 1 
    0.533238 5.555035e+21 4.872379e-01 1 
    0.533512 5.757471e+21 5.044752e-01 1 
    0.533785 5.847189e+21 5.118124e-01 1 
    0.534058 5.806177e+21 5.077031e-01 1 
    0.534331 5.825381e+21 5.088620e-01 1 
    0.534604 5.805421e+21 5.066007e-01 1 
    0.534878 5.923996e+21 5.164185e-01 1 
    0.535151 6.022534e+21 5.244729e-01 1 
    0.535424 6.137749e+21 5.339614e-01 1 
    0.535697 6.208759e+21 5.395886e-01 1 
    0.535971 6.245593e+21 5.422350e-01 1 
    0.536244 6.145425e+21 5.329954e-01 1 
    0.536517 5.941581e+21 5.147917e-01 1 
    0.536790 5.791168e+21 5.012493e-01 1 
    0.537063 5.729758e+21 4.954299e-01 1 
    0.537337 5.884710e+21 5.083092e-01 1 
    0.537610 6.009923e+21 5.185978e-01 1 
    0.537883 6.052189e+21 5.217150e-01 1 
    0.538156 6.044246e+21 5.205018e-01 1 
    0.538430 6.002613e+21 5.163906e-01 1 
    0.538703 6.019618e+21 5.173288e-01 1 
    0.538976 5.929024e+21 5.090270e-01 1 
    0.539249 5.840488e+21 5.009183e-01 1 
    0.539522 5.743715e+21 4.921199e-01 1 
    0.539796 5.679928e+21 4.861608e-01 1 
    0.540069 5.687938e+21 4.863543e-01 1 
    0.540342 5.698537e+21 4.867684e-01 1 
    0.540615 5.719171e+21 4.880377e-01 1 
    0.540889 5.686126e+21 4.847263e-01 1 
    0.541162 5.823043e+21 4.958974e-01 1 
    0.541435 6.023773e+21 5.124747e-01 1 
    0.541708 6.083078e+21 5.169985e-01 1 
    0.541981 6.117154e+21 5.193711e-01 1 
    0.542255 6.126249e+21 5.196178e-01 1 
    0.542528 6.118102e+21 5.184047e-01 1 
    0.542801 6.021299e+21 5.096891e-01 1 
    0.543074 5.860687e+21 4.955950e-01 1 
    0.543347 5.867239e+21 4.956506e-01 1 
    0.543621 6.012370e+21 5.073991e-01 1 
    0.543894 6.210785e+21 5.236178e-01 1 
    0.544167 6.293658e+21 5.300724e-01 1 
    0.544440 6.182294e+21 5.201709e-01 1 
    0.544714 6.082181e+21 5.112328e-01 1 
    0.544987 6.009778e+21 5.046411e-01 1 
    0.545260 6.014162e+21 5.045036e-01 1 
    0.545533 6.029735e+21 5.053039e-01 1 
    0.545806 6.029846e+21 5.048078e-01 1 
    0.546080 6.025002e+21 5.038962e-01 1 
    0.546353 6.086493e+21 5.085304e-01 1 
    0.546626 6.138515e+21 5.123647e-01 1 
    0.546899 6.211141e+21 5.179091e-01 1 
    0.547173 6.232579e+21 5.191764e-01 1 
    0.547446 6.156275e+21 5.123089e-01 1 
    0.547719 6.009472e+21 4.995940e-01 1 
    0.547992 6.005173e+21 4.987393e-01 1 
    0.548265 6.091614e+21 5.054146e-01 1 
    0.548539 6.144607e+21 5.093021e-01 1 
    0.548812 6.158058e+21 5.099094e-01 1 
    0.549085 6.220207e+21 5.145436e-01 1 
    0.549358 6.209377e+21 5.131373e-01 1 
    0.549632 6.219565e+21 5.134669e-01 1 
    0.549905 6.275914e+21 5.176046e-01 1 
    0.550178 6.265414e+21 5.162259e-01 1 
    0.550451 6.116489e+21 5.034558e-01 1 
    0.550724 6.112835e+21 5.026563e-01 1 
    0.550998 6.189747e+21 5.084747e-01 1 
    0.551271 6.057081e+21 4.970837e-01 1 
    0.551544 6.055685e+21 4.964773e-01 1 
    0.551817 6.158336e+21 5.043937e-01 1 
    0.552090 6.450966e+21 5.278389e-01 1 
    0.552364 6.316308e+21 5.163082e-01 1 
    0.552637 6.223256e+21 5.081994e-01 1 
    0.552910 6.119192e+21 4.992081e-01 1 
    0.553183 6.200034e+21 5.053041e-01 1 
    0.553457 6.215645e+21 5.060751e-01 1 
    0.553730 6.381838e+21 5.190942e-01 1 
    0.554003 6.342992e+21 5.154261e-01 1 
    0.554276 6.505204e+21 5.280868e-01 1 
    0.554549 6.377618e+21 5.172197e-01 1 
    0.554823 6.427481e+21 5.207488e-01 1 
    0.555096 6.615786e+21 5.354781e-01 1 
    0.555369 6.430596e+21 5.199774e-01 1 
    0.555642 6.574528e+21 5.310934e-01 1 
    0.555916 6.418991e+21 5.180180e-01 1 
    0.556189 6.395195e+21 5.155911e-01 1 
    0.556462 6.342920e+21 5.108750e-01 1 
    0.556735 6.463299e+21 5.200602e-01 1 
    0.557008 6.338227e+21 5.094967e-01 1 
    0.557282 6.428252e+21 5.162253e-01 1 
    0.557555 6.420805e+21 5.151225e-01 1 
    0.557828 6.450500e+21 5.169985e-01 1 
    0.558101 6.468877e+21 5.179642e-01 1 
    0.558375 6.408664e+21 5.126394e-01 1 
    0.558648 6.211989e+21 4.964216e-01 1 
    0.558921 6.156225e+21 4.914848e-01 1 
    0.559194 6.145991e+21 4.901888e-01 1 
    0.559467 6.163422e+21 4.910994e-01 1 
    0.559741 6.223844e+21 4.954284e-01 1 
    0.560014 6.253160e+21 4.972768e-01 1 
    0.560287 6.369666e+21 5.060483e-01 1 
    0.560560 6.474226e+21 5.138544e-01 1 
    0.560834 6.562633e+21 5.203624e-01 1 
    0.561107 6.604196e+21 5.231486e-01 1 
    0.561380 6.505023e+21 5.147916e-01 1 
    0.561653 6.414719e+21 5.071518e-01 1 
    0.561926 6.360897e+21 5.024081e-01 1 
    0.562200 6.358695e+21 5.017446e-01 1 
    0.562473 6.420860e+21 5.061582e-01 1 
    0.562746 6.537072e+21 5.148194e-01 1 
    0.563019 6.713098e+21 5.281695e-01 1 
    0.563292 6.730844e+21 5.290526e-01 1 
    0.563566 6.673096e+21 5.240035e-01 1 
    0.563839 6.529789e+21 5.122540e-01 1 
    0.564112 6.559346e+21 5.140748e-01 1 
    0.564385 6.576622e+21 5.149303e-01 1 
    0.564659 6.625305e+21 5.182387e-01 1 
    0.564932 6.773607e+21 5.293271e-01 1 
    0.565205 6.661805e+21 5.200875e-01 1 
    0.565478 6.501683e+21 5.070968e-01 1 
    0.565751 6.462657e+21 5.035666e-01 1 
    0.566025 6.473861e+21 5.039514e-01 1 
    0.566298 6.503166e+21 5.057446e-01 1 
    0.566571 6.644346e+21 5.162261e-01 1 
    0.566844 6.639029e+21 5.153164e-01 1 
    0.567118 6.768501e+21 5.248583e-01 1 
    0.567391 6.843740e+21 5.301821e-01 1 
    0.567664 6.851401e+21 5.302652e-01 1 
    0.567937 6.865846e+21 5.308724e-01 1 
    0.568210 6.812109e+21 5.262114e-01 1 
    0.568484 6.856190e+21 5.291062e-01 1 
    0.568757 6.824145e+21 5.261277e-01 1 
    0.569030 6.826763e+21 5.258247e-01 1 
    0.569303 6.850884e+21 5.271766e-01 1 
    0.569577 6.900516e+21 5.304850e-01 1 
    0.569850 6.756662e+21 5.189285e-01 1 
    0.570123 6.576576e+21 5.046138e-01 1 
    0.570396 6.673915e+21 5.115925e-01 1 
    0.570669 6.545249e+21 5.012496e-01 1 
    0.570943 6.472927e+21 4.952353e-01 1 
    0.571216 6.591349e+21 5.038137e-01 1 
    0.571489 6.805706e+21 5.197014e-01 1 
    0.571762 7.009257e+21 5.347340e-01 1 
    0.572035 7.030433e+21 5.358377e-01 1 
    0.572309 7.084603e+21 5.394496e-01 1 
    0.572582 7.033719e+21 5.350644e-01 1 
    0.572855 7.029545e+21 5.342374e-01 1 
    0.573128 7.077302e+21 5.373545e-01 1 
    0.573402 7.062234e+21 5.356981e-01 1 
    0.573675 7.062778e+21 5.352296e-01 1 
    0.573948 6.982436e+21 5.286379e-01 1 
    0.574221 7.085356e+21 5.359200e-01 1 
    0.574494 7.110350e+21 5.372995e-01 1 
    0.574768 7.132095e+21 5.384289e-01 1 
    0.575041 7.021486e+21 5.295755e-01 1 
    0.575314 6.934451e+21 5.225149e-01 1 
    0.575587 7.044363e+21 5.302934e-01 1 
    0.575861 7.044818e+21 5.298231e-01 1 
    0.576134 7.032048e+21 5.283617e-01 1 
    0.576407 7.005283e+21 5.258522e-01 1 
    0.576680 7.104240e+21 5.327756e-01 1 
    0.576953 7.220679e+21 5.409955e-01 1 
    0.577227 7.215728e+21 5.401114e-01 1 
    0.577500 7.094205e+21 5.305132e-01 1 
    0.577773 7.120117e+21 5.319479e-01 1 
    0.578046 6.846376e+21 5.110135e-01 1 
    0.578320 6.867645e+21 5.121154e-01 1 
    0.578593 6.782687e+21 5.053030e-01 1 
    0.578866 6.951781e+21 5.174119e-01 1 
    0.579139 7.100412e+21 5.279762e-01 1 
    0.579412 7.137559e+21 5.302384e-01 1 
    0.579686 7.257640e+21 5.386495e-01 1 
    0.579959 7.183018e+21 5.326095e-01 1 
    0.580232 7.307074e+21 5.412982e-01 1 
    0.580505 7.404147e+21 5.479735e-01 1 
    0.580778 7.352551e+21 5.436435e-01 1 
    0.581052 7.293381e+21 5.387600e-01 1 
    0.581325 7.336494e+21 5.414358e-01 1 
    0.581598 7.311594e+21 5.390918e-01 1 
    0.581871 7.390732e+21 5.444155e-01 1 
    0.582145 7.474883e+21 5.500960e-01 1 
    0.582418 7.478149e+21 5.498205e-01 1 
    0.582691 7.397676e+21 5.433943e-01 1 
    0.582964 7.456106e+21 5.471735e-01 1 
    0.583237 7.483412e+21 5.486633e-01 1 
    0.583511 7.708073e+21 5.646043e-01 1 
    0.583784 7.652727e+21 5.600262e-01 1 
    0.584057 7.587835e+21 5.547584e-01 1 
    0.584330 7.527343e+21 5.498216e-01 1 
    0.584604 7.393780e+21 5.395596e-01 1 
    0.584877 7.545211e+21 5.500964e-01 1 
    0.585150 7.383753e+21 5.378228e-01 1 
    0.585423 7.160580e+21 5.210808e-01 1 
    0.585696 7.303463e+21 5.309832e-01 1 
    0.585970 7.158005e+21 5.199213e-01 1 
    0.586243 6.974256e+21 5.061031e-01 1 
    0.586516 7.306038e+21 5.296862e-01 1 
    0.586789 7.258012e+21 5.257148e-01 1 
    0.587063 7.370352e+21 5.333536e-01 1 
    0.587336 7.361190e+21 5.321956e-01 1 
    0.587609 7.376823e+21 5.328304e-01 1 
    0.587882 7.313357e+21 5.277557e-01 1 
    0.588155 7.192377e+21 5.185437e-01 1 
    0.588429 7.061588e+21 5.086402e-01 1 
    0.588702 6.680264e+21 4.807276e-01 1 
    0.588975 6.373799e+21 4.582486e-01 1 
    0.589248 6.288323e+21 4.516843e-01 1 
    0.589522 6.495557e+21 4.661361e-01 1 
    0.589795 6.648537e+21 4.766728e-01 1 
    0.590068 6.843381e+21 4.901884e-01 1 
    0.590341 7.045128e+21 5.041728e-01 1 
    0.590614 7.202105e+21 5.149303e-01 1 
    0.590888 7.206840e+21 5.147911e-01 1 
    0.591161 7.209255e+21 5.144880e-01 1 
    0.591434 7.234102e+21 5.157848e-01 1 
    0.591707 7.159861e+21 5.100205e-01 1 
    0.591980 7.325763e+21 5.213571e-01 1 
    0.592254 7.382957e+21 5.249414e-01 1 
    0.592527 7.396760e+21 5.254382e-01 1 
    0.592800 7.361998e+21 5.224873e-01 1 
    0.593073 7.445029e+21 5.278938e-01 1 
    0.593347 7.383753e+21 5.230655e-01 1 
    0.593620 7.437321e+21 5.263758e-01 1 
    0.593893 7.450020e+21 5.267899e-01 1 
    0.594166 7.464295e+21 5.273144e-01 1 
    0.594439 7.381669e+21 5.209985e-01 1 
    0.594713 7.419749e+21 5.232037e-01 1 
    0.594986 7.396812e+21 5.211078e-01 1 
    0.595259 7.326017e+21 5.156470e-01 1 
    0.595532 7.363730e+21 5.178264e-01 1 
    0.595806 7.401110e+21 5.199763e-01 1 
    0.596079 7.532858e+21 5.287478e-01 1 
    0.596352 7.473689e+21 5.241144e-01 1 
    0.596625 7.455344e+21 5.223496e-01 1 
    0.596898 7.548072e+21 5.283628e-01 1 
    0.597172 7.574704e+21 5.297405e-01 1 
    0.597445 7.527950e+21 5.259897e-01 1 
    0.597718 7.424995e+21 5.183223e-01 1 
    0.597991 7.320260e+21 5.105445e-01 1 
    0.598265 7.437390e+21 5.182387e-01 1 
    0.598538 7.443788e+21 5.182114e-01 1 
    0.598811 7.341928e+21 5.106544e-01 1 
    0.599084 7.375619e+21 5.125303e-01 1 
    0.599357 7.500740e+21 5.207501e-01 1 
    0.599631 7.570409e+21 5.251068e-01 1 
    0.599904 7.467060e+21 5.174669e-01 1 
    0.600177 7.441196e+21 5.152055e-01 1 
    0.600450 7.420062e+21 5.132752e-01 1 
    0.600723 7.410852e+21 5.121723e-01 1 
    0.600997 7.391229e+21 5.103504e-01 1 
    0.601270 7.422741e+21 5.120609e-01 1 
    0.601543 7.446296e+21 5.132198e-01 1 
    0.601816 7.435838e+21 5.120341e-01 1 
    0.602090 7.415329e+21 5.101572e-01 1 
    0.602363 7.485061e+21 5.144880e-01 1 
    0.602636 7.614755e+21 5.229285e-01 1 
    0.602909 7.591110e+21 5.208327e-01 1 
    0.603182 7.674442e+21 5.260736e-01 1 
    0.603456 7.827589e+21 5.360845e-01 1 
    0.603729 7.901997e+21 5.406911e-01 1 
    0.604002 7.941024e+21 5.428705e-01 1 
    0.604275 7.932057e+21 5.417676e-01 1 
    0.604549 8.002690e+21 5.460965e-01 1 
    0.604822 7.942363e+21 5.414907e-01 1 
    0.605095 7.973432e+21 5.431185e-01 1 
    0.605368 7.670990e+21 5.220462e-01 1 
    0.605641 7.703472e+21 5.237842e-01 1 
    0.605915 7.820862e+21 5.312852e-01 1 
    0.606188 7.819383e+21 5.307064e-01 1 
    0.606461 7.892329e+21 5.351751e-01 1 
    0.606734 7.807024e+21 5.289143e-01 1 
    0.607008 8.001503e+21 5.416006e-01 1 
    0.607281 7.960988e+21 5.383740e-01 1 
    0.607554 7.979583e+21 5.391466e-01 1 
    0.607827 7.902183e+21 5.334375e-01 1 
    0.608100 7.787010e+21 5.251909e-01 1 
    0.608374 7.811610e+21 5.263755e-01 1 
    0.608647 7.851813e+21 5.286100e-01 1 
    0.608920 7.653012e+21 5.147642e-01 1 
    0.609193 7.803122e+21 5.243907e-01 1 
    0.609467 7.764934e+21 5.213554e-01 1 
    0.609740 7.851665e+21 5.267067e-01 1 
    0.610013 7.771046e+21 5.208321e-01 1 
    0.610286 7.923823e+21 5.305965e-01 1 
    0.610559 7.746633e+21 5.182677e-01 1 
    0.610833 7.959064e+21 5.320022e-01 1 
    0.611106 7.851781e+21 5.243623e-01 1 
    0.611379 7.893113e+21 5.266520e-01 1 
    0.611652 8.106218e+21 5.403883e-01 1 
    0.611925 7.758146e+21 5.167233e-01 1 
    0.612199 7.740621e+21 5.150946e-01 1 
    0.612472 7.656261e+21 5.090268e-01 1 
    0.612745 7.793892e+21 5.177156e-01 1 
    0.613018 7.852794e+21 5.211637e-01 1 
    0.613292 7.798232e+21 5.170803e-01 1 
    0.613565 7.651135e+21 5.068754e-01 1 
    0.613838 7.748793e+21 5.128885e-01 1 
    0.614111 7.796151e+21 5.155644e-01 1 
    0.614384 7.898269e+21 5.218535e-01 1 
    0.614658 7.886075e+21 5.205834e-01 1 
    0.614931 7.821994e+21 5.158948e-01 1 
    0.615204 7.768253e+21 5.118958e-01 1 
    0.615477 7.722787e+21 5.084484e-01 1 
    0.615751 7.408031e+21 4.872917e-01 1 
    0.616024 7.392783e+21 4.858577e-01 1 
    0.616297 7.175030e+21 4.711292e-01 1 
    0.616570 7.198210e+21 4.722328e-01 1 
    0.616843 7.412470e+21 4.858588e-01 1 
    0.617117 7.403453e+21 4.848370e-01 1 
    0.617390 7.568514e+21 4.952083e-01 1 
    0.617663 7.605592e+21 4.971945e-01 1 
    0.617936 7.767305e+21 5.073175e-01 1 
    0.618210 7.775443e+21 5.073989e-01 1 
    0.618483 7.602946e+21 4.957045e-01 1 
    0.618756 7.534298e+21 4.907953e-01 1 
    0.619029 7.584179e+21 4.936089e-01 1 
    0.619302 7.653652e+21 4.976915e-01 1 
    0.619576 7.850601e+21 5.100470e-01 1 
    0.619849 7.843504e+21 5.091371e-01 1 
    0.620122 7.799386e+21 5.058276e-01 1 
    0.620395 7.869683e+21 5.099377e-01 1 
    0.620668 7.949895e+21 5.146822e-01 1 
    0.620942 7.907432e+21 5.114814e-01 1 
    0.621215 7.919513e+21 5.118127e-01 1 
    0.621488 7.778255e+21 5.022422e-01 1 
    0.621761 7.570897e+21 4.884238e-01 1 
    0.622035 7.595097e+21 4.895534e-01 1 
    0.622308 7.675437e+21 4.942979e-01 1 
    0.622581 7.655601e+21 4.925882e-01 1 
    0.622854 7.589813e+21 4.879272e-01 1 
    0.623127 7.516600e+21 4.827972e-01 1 
    0.623401 7.498265e+21 4.811963e-01 1 
    0.623674 7.412351e+21 4.752664e-01 1 
    0.623947 7.593221e+21 4.864375e-01 1 
    0.624220 7.516271e+21 4.810869e-01 1 
    0.624494 7.406400e+21 4.736386e-01 1 
    0.624767 7.371009e+21 4.709635e-01 1 
    0.625040 7.547258e+21 4.818036e-01 1 
    0.625313 7.566830e+21 4.826314e-01 1 
    0.625586 7.606338e+21 4.847279e-01 1 
    0.625860 7.454434e+21 4.746317e-01 1 
    0.626133 7.625702e+21 4.851132e-01 1 
    0.626406 7.875372e+21 5.005595e-01 1 
    0.626679 7.683319e+21 4.879272e-01 1 
    0.626953 7.787831e+21 4.941321e-01 1 
    0.627226 7.892080e+21 5.003108e-01 1 
    0.627499 7.674255e+21 4.860787e-01 1 
    0.627772 7.625151e+21 4.825485e-01 1 
    0.628045 7.793194e+21 4.927542e-01 1 
    0.628319 7.850186e+21 4.959250e-01 1 
    0.628592 8.139307e+21 5.137433e-01 1 
    0.628865 8.109209e+21 5.113992e-01 1 
    0.629138 8.023892e+21 5.055798e-01 1 
    0.629412 7.939294e+21 4.998138e-01 1 
    0.629685 7.962851e+21 5.008623e-01 1 
    0.629958 7.972835e+21 5.010557e-01 1 
    0.630231 8.065410e+21 5.064346e-01 1 
    0.630504 8.126042e+21 5.098000e-01 1 
    0.630778 8.129566e+21 5.095781e-01 1 
    0.631051 8.048968e+21 5.040896e-01 1 
    0.631324 7.956761e+21 4.978839e-01 1 
    0.631597 8.049237e+21 5.032352e-01 1 
    0.631870 7.903424e+21 4.936922e-01 1 
    0.632144 7.952245e+21 4.963113e-01 1 
    0.632417 8.043160e+21 5.015522e-01 1 
    0.632690 7.957587e+21 4.957879e-01 1 
    0.632963 8.225438e+21 5.120341e-01 1 
    0.633237 8.217463e+21 5.110950e-01 1 
    0.633510 8.400321e+21 5.220178e-01 1 
    0.633783 8.188560e+21 5.084202e-01 1 
    0.634056 8.269429e+21 5.129993e-01 1 
    0.634329 8.266322e+21 5.123652e-01 1 
    0.634603 8.370983e+21 5.184044e-01 1 
    0.634876 8.371952e+21 5.180187e-01 1 
    0.635149 8.118608e+21 5.019110e-01 1 
    0.635422 7.921528e+21 4.893064e-01 1 
    0.635696 8.071802e+21 4.981590e-01 1 
    0.635969 8.017014e+21 4.943530e-01 1 
    0.636242 7.964809e+21 4.907125e-01 1 
    0.636515 8.091735e+21 4.981049e-01 1 
    0.636788 8.336814e+21 5.127514e-01 1 
    0.637062 8.482662e+21 5.212729e-01 1 
    0.637335 8.422554e+21 5.171359e-01 1 
    0.637608 8.477436e+21 5.200600e-01 1 
    0.637881 8.606202e+21 5.275075e-01 1 
    0.638155 8.496927e+21 5.203625e-01 1 
    0.638428 8.455070e+21 5.173564e-01 1 
    0.638701 8.415840e+21 5.145159e-01 1 
    0.638974 8.323251e+21 5.084205e-01 1 
    0.639247 8.444257e+21 5.153716e-01 1 
    0.639521 8.427504e+21 5.139085e-01 1 
    0.639794 8.302066e+21 5.058273e-01 1 
    0.640067 8.278347e+21 5.039521e-01 1 
    0.640340 8.478142e+21 5.156748e-01 1 
    0.640613 8.428192e+21 5.121998e-01 1 
    0.640887 8.478537e+21 5.148188e-01 1 
    0.641160 8.374836e+21 5.080892e-01 1 
    0.641433 8.468429e+21 5.133301e-01 1 
    0.641706 8.366346e+21 5.067107e-01 1 
    0.641980 8.449591e+21 5.113158e-01 1 
    0.642253 8.472751e+21 5.122815e-01 1 
    0.642526 8.584974e+21 5.186257e-01 1 
    0.642799 8.670417e+21 5.233425e-01 1 
    0.643072 8.601870e+21 5.187643e-01 1 
    0.643346 8.492456e+21 5.117296e-01 1 
    0.643619 8.475848e+21 5.102957e-01 1 
    0.643892 8.472042e+21 5.096341e-01 1 
    0.644165 8.530171e+21 5.126960e-01 1 
    0.644439 8.733987e+21 5.244998e-01 1 
    0.644712 8.580045e+21 5.148189e-01 1 
    0.644985 8.616764e+21 5.165845e-01 1 
    0.645258 8.757600e+21 5.245837e-01 1 
    0.645531 8.693586e+21 5.203088e-01 1 
    0.645805 8.818564e+21 5.273410e-01 1 
    0.646078 8.736008e+21 5.219628e-01 1 
    0.646351 8.812241e+21 5.260730e-01 1 
    0.646624 8.829866e+21 5.266800e-01 1 
    0.646898 8.843808e+21 5.270650e-01 1 
    0.647171 8.826267e+21 5.255759e-01 1 
    0.647444 8.691862e+21 5.171361e-01 1 
    0.647717 8.830971e+21 5.249698e-01 1 
    0.647990 8.906221e+21 5.289971e-01 1 
    0.648264 8.827752e+21 5.238932e-01 1 
    0.648537 8.710067e+21 5.164739e-01 1 
    0.648810 8.649437e+21 5.124473e-01 1 
    0.649083 8.538375e+21 5.054418e-01 1 
    0.649357 8.192083e+21 4.845334e-01 1 
    0.649630 8.027690e+21 4.744112e-01 1 
    0.649903 8.260062e+21 4.877336e-01 1 
    0.650176 8.540971e+21 5.038971e-01 1 
    0.650449 8.713789e+21 5.136614e-01 1 
    0.650723 9.024098e+21 5.315057e-01 1 
    0.650996 9.100576e+21 5.355607e-01 1 
    0.651269 8.944037e+21 5.259074e-01 1 
    0.651542 9.027129e+21 5.303484e-01 1 
    0.651815 8.874475e+21 5.209433e-01 1 
    0.652089 8.888500e+21 5.213281e-01 1 
    0.652362 8.987729e+21 5.267070e-01 1 
    0.652635 8.978772e+21 5.257420e-01 1 
    0.652908 8.966491e+21 5.245839e-01 1 
    0.653182 8.965031e+21 5.240586e-01 1 
    0.653455 9.143483e+21 5.340437e-01 1 
    0.653728 9.114266e+21 5.318927e-01 1 
    0.654001 9.062757e+21 5.284452e-01 1 
    0.654274 9.201470e+21 5.360858e-01 1 
    0.654548 9.312448e+21 5.420974e-01 1 
    0.654821 9.493787e+21 5.521928e-01 1 
    0.655094 9.409637e+21 5.468423e-01 1 
    0.655367 9.050307e+21 5.255216e-01 1 
    0.655641 8.959922e+21 5.198385e-01 1 
    0.655914 8.932181e+21 5.177977e-01 1 
    0.656187 9.255818e+21 5.361126e-01 1 
    0.656460 9.351696e+21 5.412156e-01 1 
    0.656733 9.327525e+21 5.393680e-01 1 
    0.657007 9.040741e+21 5.223487e-01 1 
    0.657280 8.914482e+21 5.146260e-01 1 
    0.657553 9.075391e+21 5.234802e-01 1 
    0.657826 9.374388e+21 5.402781e-01 1 
    0.658100 1.011836e+22 5.826703e-01 1 
    0.658373 1.033769e+22 5.948068e-01 1 
    0.658646 1.023928e+22 5.886564e-01 1 
    0.658919 9.613476e+21 5.522209e-01 1 
    0.659192 8.993828e+21 5.161990e-01 1 
    0.659466 8.862285e+21 5.082265e-01 1 
    0.659739 8.886960e+21 5.092199e-01 1 
    0.660012 9.004164e+21 5.155089e-01 1 
    0.660285 9.139875e+21 5.228461e-01 1 
    0.660558 9.096290e+21 5.199228e-01 1 
    0.660832 8.942024e+21 5.106816e-01 1 
    0.661105 8.873532e+21 5.063515e-01 1 
    0.661378 8.965526e+21 5.111787e-01 1 
    0.661651 8.939528e+21 5.092759e-01 1 
    0.661925 9.201307e+21 5.237552e-01 1 
    0.662198 9.316565e+21 5.298788e-01 1 
    0.662471 9.187383e+21 5.221010e-01 1 
    0.662744 9.027375e+21 5.125855e-01 1 
    0.663017 8.999816e+21 5.106000e-01 1 
    0.663291 9.031563e+21 5.119778e-01 1 
    0.663564 9.025370e+21 5.112059e-01 1 
    0.663837 8.878310e+21 5.024627e-01 1 
    0.664110 9.028534e+21 5.105446e-01 1 
    0.664384 9.079900e+21 5.130258e-01 1 
    0.664657 8.978419e+21 5.068754e-01 1 
    0.664930 8.905122e+21 5.023246e-01 1 
    0.665203 8.841483e+21 4.983256e-01 1 
    0.665476 9.044656e+21 5.093587e-01 1 
    0.665750 9.146199e+21 5.146533e-01 1 
    0.666023 8.969740e+21 5.043103e-01 1 
    0.666296 8.872522e+21 4.984357e-01 1 
    0.666569 8.896508e+21 4.993738e-01 1 
    0.666843 8.856098e+21 4.966971e-01 1 
    0.667116 8.895349e+21 4.984903e-01 1 
    0.667389 9.014456e+21 5.047518e-01 1 
    0.667662 9.021345e+21 5.047245e-01 1 
    0.667935 8.898472e+21 4.974432e-01 1 
    0.668209 8.914148e+21 4.979109e-01 1 
    0.668482 9.008420e+21 5.027657e-01 1 
    0.668755 8.899551e+21 4.962843e-01 1 
    0.669028 8.853364e+21 4.933058e-01 1 
    0.669302 8.997827e+21 5.009448e-01 1 
    0.669575 8.890143e+21 4.945460e-01 1 
    0.669848 8.823461e+21 4.904366e-01 1 
    0.670121 8.758648e+21 4.864375e-01 1 
    0.670394 8.977532e+21 4.981879e-01 1 
    0.670668 8.941075e+21 4.957595e-01 1 
    0.670941 9.139536e+21 5.063513e-01 1 
    0.671214 9.304430e+21 5.150676e-01 1 
    0.671487 9.524934e+21 5.268454e-01 1 
    0.671760 9.505738e+21 5.253563e-01 1 
    0.672034 9.373619e+21 5.176322e-01 1 
    0.672307 9.199286e+21 5.075927e-01 1 
    0.672580 9.245287e+21 5.097168e-01 1 
    0.672853 9.313884e+21 5.130821e-01 1 
    0.673127 9.522892e+21 5.241689e-01 1 
    0.673400 9.209660e+21 5.065167e-01 1 
    0.673673 9.108220e+21 5.005318e-01 1 
    0.673946 8.928244e+21 4.902440e-01 1 
    0.674219 8.983243e+21 4.928646e-01 1 
    0.674493 8.878326e+21 4.867126e-01 1 
    0.674766 8.648351e+21 4.737218e-01 1 
    0.675039 8.808558e+21 4.821071e-01 1 
    0.675312 8.971536e+21 4.906302e-01 1 
    0.675586 8.828882e+21 4.824373e-01 1 
    0.675859 9.083055e+21 4.959252e-01 1 
    0.676132 9.180395e+21 5.008352e-01 1 
    0.676405 8.984407e+21 4.897475e-01 1 
    0.676678 8.883296e+21 4.838453e-01 1 
    0.676952 8.813942e+21 4.796792e-01 1 
    0.677225 8.843884e+21 4.809207e-01 1 
    0.677498 8.938333e+21 4.856652e-01 1 
    0.677771 8.927254e+21 4.846725e-01 1 
    0.678045 8.977163e+21 4.869883e-01 1 
    0.678318 9.382835e+21 5.085853e-01 1 
    0.679483 9.229753e+21 4.985737e-01 0 
    0.681049 9.292345e+21 4.996490e-01 0 
    0.682619 9.312556e+21 4.984351e-01 0 
    0.684193 9.484455e+21 5.053026e-01 0 
    0.685770 9.374817e+21 4.971670e-01 0 
    0.687351 9.202291e+21 4.857752e-01 0 
    0.688935 9.222199e+21 4.845900e-01 0 
    0.690523 9.392370e+21 4.912645e-01 0 
    0.692115 9.478098e+21 4.934704e-01 0 
    0.693711 9.742216e+21 5.048903e-01 0 
    0.695310 9.741186e+21 5.025176e-01 0 
    0.696913 9.897865e+21 5.082541e-01 0 
    0.698519 9.194022e+21 4.699434e-01 0 
    0.700130 9.987287e+21 5.081438e-01 0 
    0.701744 9.939728e+21 5.034004e-01 0 
    0.703361 9.870158e+21 4.975812e-01 0 
    0.704983 1.050164e+22 5.269828e-01 0 
    0.706608 9.777061e+21 4.883685e-01 0 
    0.708237 1.000302e+22 4.973594e-01 0 
    0.709870 9.464021e+21 4.683974e-01 0 
    0.711506 9.638713e+21 4.748521e-01 0 
    0.713146 9.682081e+21 4.747973e-01 0 
    0.714790 9.591733e+21 4.682056e-01 0 
    0.716438 9.814265e+21 4.768667e-01 0 
    0.718089 9.767741e+21 4.724263e-01 0 
    0.719744 9.348192e+21 4.500575e-01 0 
    0.721404 9.261265e+21 4.438229e-01 0 
    0.723067 9.899575e+21 4.722326e-01 0 
    0.724734 1.003587e+22 4.765343e-01 0 
    0.726405 1.048311e+22 4.954833e-01 0 
    0.728079 1.017214e+22 4.785769e-01 0 
    0.729757 9.780306e+21 4.580284e-01 0 
    0.731440 1.040647e+22 4.851127e-01 0 
    0.733126 1.064709e+22 4.940493e-01 0 
    0.734816 1.122472e+22 5.184593e-01 0 
    0.736509 1.071801e+22 4.927818e-01 0 
    0.738208 1.114416e+22 5.100191e-01 0 
    0.739909 1.106604e+22 5.041178e-01 0 
    0.741615 1.101372e+22 4.994288e-01 0 
    0.743325 1.142510e+22 5.157020e-01 0 
    0.745038 1.129303e+22 5.073995e-01 0 
    0.746755 1.136983e+22 5.085039e-01 0 
    0.748477 1.160572e+22 5.166679e-01 0 
    0.750202 1.103124e+22 4.888372e-01 0 
    0.751932 1.141733e+22 5.036209e-01 0 
    0.753665 1.187144e+22 5.212467e-01 0 
    0.755403 1.181515e+22 5.163905e-01 0 
    0.757144 1.186779e+22 5.163087e-01 0 
    0.758889 1.194805e+22 5.174127e-01 0 
    0.760639 1.151435e+22 4.963395e-01 0 
    0.762392 1.178089e+22 5.054961e-01 0 
    0.764150 1.153756e+22 4.927802e-01 0 
    0.765911 1.166935e+22 4.961197e-01 0 
    0.767677 9.999955e+21 4.231920e-01 0 
    0.769446 1.134779e+22 4.780258e-01 0 
    0.771220 1.119032e+22 4.692264e-01 0 
    0.772998 1.147592e+22 4.789909e-01 0 
    0.774780 1.163377e+22 4.833481e-01 0 
    0.776566 1.142003e+22 4.722881e-01 0 
    0.778356 1.147074e+22 4.722058e-01 0 
    0.780151 1.162869e+22 4.765078e-01 0 
    0.781949 1.165396e+22 4.753496e-01 0 
    0.783752 1.167853e+22 4.741627e-01 0 
    0.785558 1.200408e+22 4.851418e-01 0 
    0.787369 1.211363e+22 4.873199e-01 0 
    0.789185 1.194569e+22 4.783546e-01 0 
    0.791004 1.191640e+22 4.749898e-01 0 
    0.792827 1.172395e+22 4.651720e-01 0 
    0.794655 1.153432e+22 4.555448e-01 0 
    0.796487 1.185557e+22 4.660811e-01 0 
    0.798323 1.227046e+22 4.801756e-01 0 
    0.800163 1.204456e+22 4.691704e-01 0 
    0.802008 1.232354e+22 4.778312e-01 0 
    0.803856 1.249262e+22 4.821626e-01 0 
    0.805709 1.226310e+22 4.711297e-01 0 
    0.807567 1.248922e+22 4.776114e-01 0 
    0.809428 1.245845e+22 4.742463e-01 0 
    0.811294 1.268774e+22 4.807554e-01 0 
    0.813165 1.304176e+22 4.918983e-01 0 
    0.815039 1.262591e+22 4.740260e-01 0 
    0.816918 1.233656e+22 4.610346e-01 0 
    0.818801 1.233417e+22 4.588278e-01 0 
    0.820689 1.194120e+22 4.421679e-01 0 
    0.822581 1.318165e+22 4.858575e-01 0 
    0.824477 1.311921e+22 4.813347e-01 0 
    0.826378 1.287767e+22 4.703014e-01 0 
    0.828282 1.255394e+22 4.563731e-01 0 
    0.830192 1.278492e+22 4.626339e-01 0 
    0.832106 1.293122e+22 4.657777e-01 0 
    0.834024 1.266397e+22 4.540557e-01 0 
    0.835946 1.319771e+22 4.710193e-01 0 
    0.837874 1.334793e+22 4.741905e-01 0 
    0.839805 1.245483e+22 4.404306e-01 0 
    0.841741 1.349806e+22 4.751281e-01 0 
    0.843681 1.324941e+22 4.642337e-01 0 
    0.845626 1.282738e+22 4.473814e-01 0 
    0.847576 1.230423e+22 4.271630e-01 0 
    0.849529 1.327412e+22 4.587181e-01 0 
    0.851488 1.321030e+22 4.544145e-01 0 
    0.853451 1.293780e+22 4.429958e-01 0 
    0.855418 1.068546e+22 3.641940e-01 0 
    0.857390 1.338758e+22 4.541944e-01 0 
    0.859367 1.317167e+22 4.448156e-01 0 
    0.861348 1.332191e+22 4.478221e-01 0 
    0.863333 1.347405e+22 4.508562e-01 0 
    0.865323 1.344021e+22 4.476577e-01 0 
    0.867318 1.010046e+22 3.348738e-01 0 
    0.869317 1.325199e+22 4.373420e-01 0 
    0.871322 1.343406e+22 4.413128e-01 0 
    0.873330 1.390350e+22 4.546359e-01 0 
    0.875343 1.383716e+22 4.503882e-01 0 
    0.877361 1.361329e+22 4.410651e-01 0 
    0.879384 1.402507e+22 4.523185e-01 0 
    0.881411 1.305619e+22 4.191370e-01 0 
    0.883443 1.342028e+22 4.288457e-01 0 
    0.885480 1.405021e+22 4.469117e-01 0 
    0.887521 1.314024e+22 4.160471e-01 0 
    0.889566 1.363062e+22 4.295915e-01 0 
    0.891617 1.388168e+22 4.354937e-01 0 
    0.893673 1.356331e+22 4.235503e-01 0 
    0.895733 1.340584e+22 4.167095e-01 0 
    0.897798 1.346507e+22 4.166272e-01 0 
    0.899867 1.188926e+22 3.661801e-01 0 
    0.901942 1.297425e+22 3.977603e-01 0 
    0.904021 1.425612e+22 4.350515e-01 0 
    0.906105 1.492485e+22 4.533665e-01 0 
    0.908194 1.364094e+22 4.124616e-01 0 
    0.910287 1.415019e+22 4.258944e-01 0 
    0.912386 1.477988e+22 4.428025e-01 0 
    0.914489 1.329245e+22 3.964098e-01 0 
    0.916597 1.289849e+22 3.828940e-01 0 
    0.918710 1.362825e+22 4.026981e-01 0 
    0.920828 1.423506e+22 4.186958e-01 0 
    0.922950 1.413494e+22 4.138415e-01 0 
    0.925078 1.416518e+22 4.128211e-01 0 
    0.927211 1.439219e+22 4.175092e-01 0 
    0.929348 1.472513e+22 4.252055e-01 0 
    0.931490 1.499653e+22 4.310530e-01 0 
    0.933638 1.506285e+22 4.309694e-01 0 
    0.935790 1.509463e+22 4.298946e-01 0 
    0.937947 1.491911e+22 4.229439e-01 0 
    0.940110 1.495082e+22 4.218948e-01 0 
    0.942277 1.529574e+22 4.296452e-01 0 
    0.944449 1.518782e+22 4.246535e-01 0 
    0.946626 1.546702e+22 4.304732e-01 0 
    0.948808 1.553644e+22 4.304188e-01 0 
    0.950995 1.535508e+22 4.234403e-01 0 
    0.953188 1.549430e+22 4.253156e-01 0 
    0.955385 1.527911e+22 4.174821e-01 0 
    0.957587 1.552407e+22 4.222267e-01 0 
    0.959795 1.577402e+22 4.270532e-01 0 
    0.962008 1.566261e+22 4.220881e-01 0 
    0.964225 1.555187e+22 4.171789e-01 0 
    0.966448 1.562055e+22 4.170957e-01 0 
    0.968676 1.583484e+22 4.208750e-01 0 
    0.970909 1.568585e+22 4.149995e-01 0 
    0.973147 1.561164e+22 4.111384e-01 0 
    0.975391 1.564477e+22 4.101173e-01 0 
    0.977639 1.574974e+22 4.109726e-01 0 
    0.979892 1.560261e+22 4.052634e-01 0 
    0.982151 1.588907e+22 4.108076e-01 0 
    0.984416 1.599671e+22 4.116896e-01 0 
    0.986685 1.595642e+22 4.087661e-01 0 
    0.988959 1.599004e+22 4.077457e-01 0 
    0.991239 1.587695e+22 4.030017e-01 0 
    0.993524 1.602120e+22 4.047946e-01 0 
    0.995814 1.612914e+22 4.056497e-01 0 
    0.998110 1.620027e+22 4.055662e-01 0 
    1.002718 1.623121e+22 4.026149e-01 0 
    1.007346 1.615023e+22 3.969336e-01 0 
    1.011995 1.636759e+22 3.985883e-01 0 
    1.016667 1.632362e+22 3.938723e-01 0 
    1.021359 1.646888e+22 3.937346e-01 0 
    1.028439 1.668743e+22 3.934855e-01 0 
    1.030809 1.664576e+22 3.907002e-01 0 
    1.049974 1.669499e+22 3.776814e-01 0 
    1.069494 1.659920e+22 3.619319e-01 0 
    1.089378 1.660004e+22 3.488576e-01 0 
    1.109630 1.652308e+22 3.346811e-01 0 
    1.130261 1.667555e+22 3.255511e-01 0 
    1.151274 1.706389e+22 3.210829e-01 0 
    1.169980 1.706429e+22 3.109051e-01 0 
    1.188991 1.702455e+22 3.003412e-01 0 
    1.211096 1.722223e+22 2.928389e-01 0 
    1.230774 1.746142e+22 2.874878e-01 0 
    1.250773 1.750233e+22 2.790199e-01 0 
    1.271096 1.762366e+22 2.720419e-01 0 
    1.288779 1.766424e+22 2.652373e-01 0 
    1.309720 1.786883e+22 2.597979e-01 0 
    1.331001 1.790997e+22 2.521358e-01 0 
    1.349517 1.807559e+22 2.475324e-01 0 
    1.371445 1.832705e+22 2.430145e-01 0 
    1.390524 1.820091e+22 2.347646e-01 0 
    1.409868 1.803419e+22 2.262748e-01 0 
    1.429481 1.820094e+22 2.221434e-01 0 
    1.449367 1.875405e+22 2.226562e-01 0 
    1.469530 1.866785e+22 2.155926e-01 0 
    1.489974 1.927948e+22 2.165880e-01 0 
    1.510701 1.981963e+22 2.165883e-01 0 
    1.531717 2.061076e+22 2.190955e-01 0 
    1.549453 2.084947e+22 2.165881e-01 0 
    1.571008 2.113964e+22 2.136177e-01 0 
    1.589200 2.094577e+22 2.068406e-01 0 
    1.611308 2.158227e+22 2.073177e-01 0 
    1.629966 2.188255e+22 2.054174e-01 0 
    1.648839 2.198332e+22 2.016662e-01 0 
    1.671777 2.218688e+22 1.979867e-01 0 
    1.691135 2.223780e+22 1.939240e-01 0 
    1.710718 2.213567e+22 1.886394e-01 0 
    1.730528 2.173189e+22 1.809826e-01 0 
    1.750565 2.158225e+22 1.756453e-01 0 
    1.770836 2.123705e+22 1.689017e-01 0 
    1.791342 2.099392e+22 1.631672e-01 0 
    1.807918 2.046897e+22 1.561834e-01 0 
    1.828851 2.037495e+22 1.519275e-01 0 
    1.850029 2.014173e+22 1.467696e-01 0 
    1.871451 1.977386e+22 1.408092e-01 0 
    1.888766 1.954768e+22 1.366581e-01 0 
    1.910638 1.954762e+22 1.335468e-01 0 
    1.928318 1.919098e+22 1.287171e-01 0 
    1.950647 1.888391e+22 1.237745e-01 0 
    1.968695 1.862503e+22 1.198496e-01 0 
    1.991492 1.845401e+22 1.160460e-01 0 
    2.009920 1.841154e+22 1.136656e-01 0 
    2.028516 1.807576e+22 1.095560e-01 0 
    2.052005 1.820109e+22 1.078045e-01 0 
    2.070991 1.799255e+22 1.046243e-01 0 
    2.090154 1.782748e+22 1.017723e-01 0 
    2.109495 1.778688e+22 9.968714e-02 0 
    2.129013 1.766438e+22 9.719369e-02 0 
    2.148713 1.754244e+22 9.476100e-02 0 
    2.168596 1.730220e+22 9.175726e-02 0 
    2.188660 1.726201e+22 8.987343e-02 0 
    2.208913 1.702554e+22 8.702420e-02 0 
    2.229350 1.686933e+22 8.465213e-02 0 
    2.249979 1.675299e+22 8.253380e-02 0 
    2.270799 1.659969e+22 8.028587e-02 0 
    2.291809 1.517377e+22 7.204988e-02 0 
    2.307696 1.520878e+22 7.122520e-02 0 
    2.329047 1.358619e+22 6.246511e-02 0 
    2.350599 1.306457e+22 5.897044e-02 0 
    2.372347 1.349230e+22 5.978964e-02 0 
    2.388793 1.256299e+22 5.490762e-02 0 
    2.410897 1.239095e+22 5.316717e-02 0 
    2.427608 1.244796e+22 5.267899e-02 0 
    2.450071 1.186016e+22 4.927534e-02 0 
    2.472740 1.191497e+22 4.859959e-02 0 
    2.489881 1.025903e+22 4.127104e-02 0 
    2.507139 1.025853e+22 4.070284e-02 0 
    2.530338 1.052220e+22 4.098696e-02 0 
    2.547877 1.057021e+22 4.060908e-02 0 
    2.571453 1.091664e+22 4.117449e-02 0 
    2.589276 1.084161e+22 4.033050e-02 0 
    2.607226 1.094208e+22 4.014570e-02 0 
    2.631348 1.086676e+22 3.914171e-02 0 
    2.649589 1.086654e+22 3.860385e-02 0 
    2.667954 1.081697e+22 3.790053e-02 0 
    2.692642 1.084167e+22 3.729369e-02 0 
    2.711305 1.079167e+22 3.661242e-02 0 
    2.730100 1.071760e+22 3.586221e-02 0 
    2.749023 1.069285e+22 3.528849e-02 0 
    2.768080 1.059502e+22 3.448585e-02 0 
    2.787266 1.057056e+22 3.393421e-02 0 
    2.813057 1.054656e+22 3.323916e-02 0 
    2.832555 1.049805e+22 3.263235e-02 0 
    2.852191 1.042548e+22 3.196211e-02 0 
    2.871960 1.032969e+22 3.123395e-02 0 
    2.891869 1.028287e+22 3.066576e-02 0 
    2.911914 1.021116e+22 3.003409e-02 0 
    2.932096 1.014118e+22 2.941904e-02 0 
    2.952423 1.007115e+22 2.881497e-02 0 
    2.972886 1.002553e+22 2.829092e-02 0 
    2.986611 9.887471e+21 2.764549e-02 0 
    3.007311 9.842276e+21 2.714159e-02 0 
    3.028159 9.774555e+21 2.658497e-02 0 
    3.049148 9.774493e+21 2.622006e-02 0 
    3.070282 9.729581e+21 2.574151e-02 0 
    3.091566 9.684935e+21 2.527180e-02 0 
    3.112994 9.662642e+21 2.486771e-02 0 
    3.127365 9.596090e+21 2.446998e-02 0 
    3.149042 9.552022e+21 2.402342e-02 0 
    3.170872 9.508113e+21 2.358486e-02 0 
    3.192849 9.266407e+21 2.266998e-02 0 
    3.207586 9.186359e+21 2.226811e-02 0 
    3.229822 9.060702e+21 2.166213e-02 0 
    3.252208 8.938989e+21 2.107794e-02 0 
    3.267222 8.864464e+21 2.071055e-02 0 
    3.289868 8.747297e+21 2.015642e-02 0 
    3.312671 8.628918e+21 1.961084e-02 0 
    3.327963 8.559586e+21 1.927491e-02 0 
    3.351030 8.450391e+21 1.876794e-02 0 
    3.366501 8.374176e+21 1.842812e-02 0 
    3.389834 8.270685e+21 1.795069e-02 0 
    3.413330 8.169008e+21 1.748675e-02 0 
    3.429087 8.097786e+21 1.717535e-02 0 
    3.452855 7.996962e+21 1.672880e-02 0 
    3.468795 7.934304e+21 1.644554e-02 0 
    3.492838 7.835809e+21 1.601856e-02 0 
    3.508959 7.766826e+21 1.573198e-02 0 
    3.533284 7.679106e+21 1.534087e-02 0 
    3.549592 7.618475e+21 1.508022e-02 0 
    3.565975 7.555362e+21 1.481819e-02 0 
    3.590695 7.464698e+21 1.443948e-02 0 
    3.607268 7.409141e+21 1.420063e-02 0 
    3.632274 7.321663e+21 1.384041e-02 0 
    3.649039 7.260549e+21 1.359906e-02 0 
    3.665881 7.207638e+21 1.337620e-02 0 
    3.691294 7.127690e+21 1.304632e-02 0 
    3.708331 7.071816e+21 1.282539e-02 0 
    3.734034 6.989925e+21 1.250295e-02 0 
    3.751272 6.940850e+21 1.230133e-02 0 
    3.768586 6.889624e+21 1.209860e-02 0 
    3.785980 6.836222e+21 1.189477e-02 0 
    3.812225 6.760798e+21 1.160212e-02 0 
    3.829820 6.714018e+21 1.141622e-02 0 
    3.847497 6.665305e+21 1.122949e-02 0 
    3.874169 6.588394e+21 1.094760e-02 0 
    3.892050 6.544812e+21 1.077548e-02 0 
    3.910013 6.500369e+21 1.060420e-02 0 
    3.928064 6.453874e+21 1.043181e-02 0 
    3.946194 6.405603e+21 1.025887e-02 0 
    3.973550 6.341235e+21 1.001643e-02 0 
    3.991890 6.298923e+21 9.858382e-03 0 
    4.010314 6.254754e+21 9.699513e-03 0 
    4.028824 6.208688e+21 9.539811e-03 0 
    4.047423 6.169037e+21 9.391968e-03 0 
    4.066104 6.129573e+21 9.246337e-03 0 
    4.094286 6.067081e+21 9.026510e-03 0 
    4.113188 6.023314e+21 8.879221e-03 0 
    4.132172 5.987268e+21 8.745172e-03 0 
    4.151244 5.949658e+21 8.610570e-03 0 
    4.170409 5.910467e+21 8.475415e-03 0 
    4.189657 5.869447e+21 8.339437e-03 0 
    4.208994 5.833432e+21 8.212283e-03 0 
    4.228425 5.798238e+21 8.087890e-03 0 
    4.247941 5.761680e+21 7.963218e-03 0 
    4.267547 5.723547e+21 7.837997e-03 0 
    4.287249 5.687277e+21 7.716911e-03 0 
    4.307037 5.654553e+21 7.602169e-03 0 
    4.326915 5.620526e+21 7.487153e-03 0 
    4.346886 5.584761e+21 7.371308e-03 0 
    4.366954 5.548709e+21 7.256567e-03 0 
    4.387109 5.518308e+21 7.150650e-03 0 
    4.407358 5.486444e+21 7.044185e-03 0 
    4.427704 5.453092e+21 6.937167e-03 0 
    4.448140 5.418424e+21 6.829872e-03 0 
    4.468670 5.388831e+21 6.730301e-03 0 
    4.489300 5.359133e+21 6.631835e-03 0 
    4.510020 5.328183e+21 6.533091e-03 0 
    4.530836 5.295748e+21 6.433793e-03 0 
    4.551748 5.265923e+21 6.338910e-03 0 
    4.572762 5.238576e+21 6.248165e-03 0 
    4.593867 5.209559e+21 6.156594e-03 0 
    4.615070 5.179555e+21 6.065021e-03 0 
    4.625713 5.163715e+21 6.018682e-03 0 
    4.647063 5.136977e+21 5.932626e-03 0 
    4.668511 5.110747e+21 5.848225e-03 0 
    4.690058 5.083107e+21 5.763274e-03 0 
    4.711710 5.054527e+21 5.678320e-03 0 
    4.733457 5.027204e+21 5.595851e-03 0 
    4.755304 5.002942e+21 5.517792e-03 0 
    4.766271 4.990368e+21 5.478625e-03 0 
    4.788269 4.964274e+21 5.400016e-03 0 
    4.810369 4.936759e+21 5.320856e-03 0 
    4.832571 4.912441e+21 5.246109e-03 0 
    4.854881 4.889087e+21 5.173293e-03 0 
    4.866072 4.877085e+21 5.136884e-03 0 
    4.888531 4.852437e+21 5.064069e-03 0 
    4.911094 4.826111e+21 4.990422e-03 0 
    4.933766 4.804280e+21 4.922295e-03 0 
    4.945139 4.793460e+21 4.888645e-03 0 
    4.967963 4.770663e+21 4.820793e-03 0 
    4.990898 4.747047e+21 4.752943e-03 0 
    5.013933 4.722294e+21 4.684815e-03 0 
    5.025490 4.712526e+21 4.653647e-03 0 
    5.048685 4.692139e+21 4.591036e-03 0 
    5.071993 4.670694e+21 4.528148e-03 0 
    5.083684 4.659669e+21 4.496705e-03 0 
    5.095403 4.648154e+21 4.464983e-03 0 
    5.107148 4.636723e+21 4.433541e-03 0 
    5.118920 4.625957e+21 4.402926e-03 0 
    5.130720 4.616740e+21 4.373965e-03 0 
    5.142552 4.607055e+21 4.344727e-03 0 
    5.154406 4.597467e+21 4.315766e-03 0 
    5.166287 4.587398e+21 4.286529e-03 0 
    5.178196 4.576840e+21 4.257015e-03 0 
    5.190132 4.566386e+21 4.227779e-03 0 
    5.202095 4.555439e+21 4.198268e-03 0 
    5.214086 4.544292e+21 4.168755e-03 0 
    5.226111 4.535373e+21 4.141448e-03 0 
    5.238158 4.526567e+21 4.114417e-03 0 
    5.250232 4.517584e+21 4.087387e-03 0 
    5.262334 4.508421e+21 4.060356e-03 0 
    5.274464 4.498771e+21 4.033050e-03 0 
    5.286622 4.488934e+21 4.005744e-03 0 
    5.298814 4.478922e+21 3.978438e-03 0 
    5.311028 4.468712e+21 3.951132e-03 0 
    5.323271 4.458624e+21 3.924100e-03 0 
    5.335541 4.450551e+21 3.899001e-03 0 
    5.347840 4.442310e+21 3.873901e-03 0 
    5.360167 4.433581e+21 3.848526e-03 0 
    5.372523 4.424995e+21 3.823426e-03 0 
    5.384912 4.415924e+21 3.798051e-03 0 
    5.397325 4.406666e+21 3.772676e-03 0 
    5.409766 4.396904e+21 3.747024e-03 0 
    5.422236 4.387285e+21 3.721649e-03 0 
    5.434735 4.378789e+21 3.697377e-03 0 
    5.447262 4.371105e+21 3.673932e-03 0 
    5.459819 4.363256e+21 3.650486e-03 0 
    5.472410 4.355253e+21 3.627042e-03 0 
    5.485024 4.346740e+21 3.603322e-03 0 
    5.497668 4.338390e+21 3.579877e-03 0 
    5.510340 4.329535e+21 3.556157e-03 0 
    5.523042 4.320504e+21 3.532435e-03 0 
    5.535773 4.311299e+21 3.508715e-03 0 
    5.548539 4.304310e+21 3.486925e-03 0 
    5.561329 4.297154e+21 3.465135e-03 0 
    5.574149 4.289497e+21 3.443069e-03 0 
    5.586997 4.282023e+21 3.421280e-03 0 
    5.599876 4.274043e+21 3.399214e-03 0 
    5.612784 4.265897e+21 3.377148e-03 0 
    5.625722 4.257584e+21 3.355082e-03 0 
    5.638695 4.248761e+21 3.332741e-03 0 
    5.651693 4.241171e+21 3.311503e-03 0 
    5.664721 4.234484e+21 3.291091e-03 0 
    5.677778 4.227646e+21 3.270682e-03 0 
    5.690866 4.220654e+21 3.250270e-03 0 
    5.703984 4.213507e+21 3.229859e-03 0 
    5.717138 4.205853e+21 3.209173e-03 0 
    5.730317 4.198393e+21 3.188763e-03 0 
    5.743525 4.190408e+21 3.168077e-03 0 
    5.756765 4.182260e+21 3.147389e-03 0 
    5.770034 4.175788e+21 3.128082e-03 0 
    5.783335 4.169538e+21 3.109050e-03 0 
    5.796666 4.163141e+21 3.090018e-03 0 
    5.810034 4.156607e+21 3.070988e-03 0 
    5.823426 4.149912e+21 3.051955e-03 0 
    5.836850 4.142692e+21 3.032648e-03 0 
    5.850304 4.135694e+21 3.013616e-03 0 
    5.863789 4.128163e+21 2.994309e-03 0 
    5.877306 4.120858e+21 2.975277e-03 0 
    5.890853 4.115315e+21 2.957625e-03 0 
    5.904439 4.109643e+21 2.939972e-03 0 
    5.918049 4.103434e+21 2.922045e-03 0 
    5.931690 4.097080e+21 2.904116e-03 0 
    5.945363 4.090971e+21 2.886463e-03 0 
    5.959068 4.084325e+21 2.868535e-03 0 
    5.972804 4.077138e+21 2.850331e-03 0 
    5.986578 4.070201e+21 2.832403e-03 0 
    6.000378 4.064299e+21 2.815301e-03 0 
    6.014209 4.059057e+21 2.798753e-03 0 
    6.028072 4.053678e+21 2.782203e-03 0 
    6.041967 4.048164e+21 2.765654e-03 0 
    6.055894 4.042189e+21 2.748885e-03 0 
    6.069854 4.036112e+21 2.732142e-03 0 
    6.083852 4.029861e+21 2.715371e-03 0 
    6.097876 4.023457e+21 2.698601e-03 0 
    6.111932 4.016869e+21 2.681804e-03 0 
    6.126020 4.012167e+21 2.666359e-03 0 
    6.140141 4.007251e+21 2.650857e-03 0 
    6.154295 4.002163e+21 2.635328e-03 0 
    6.168487 3.996868e+21 2.619744e-03 0 
    6.182706 3.991388e+21 2.604133e-03 0 
    6.196958 3.985730e+21 2.588495e-03 0 
    6.211242 3.979848e+21 2.572800e-03 0 
    6.225559 3.973828e+21 2.557106e-03 0 
    6.239910 3.968485e+21 2.541936e-03 0 
    6.254293 3.964090e+21 2.527456e-03 0 
    6.268717 3.959491e+21 2.512919e-03 0 
    6.283167 3.954757e+21 2.498383e-03 0 
    6.297650 3.949851e+21 2.483820e-03 0 
    6.312166 3.944727e+21 2.469202e-03 0 
    6.326716 3.939428e+21 2.454556e-03 0 
    6.341300 3.933951e+21 2.439882e-03 0 
    6.355924 3.928259e+21 2.425153e-03 0 
    6.370575 3.924082e+21 2.411445e-03 0 
    6.385259 3.920010e+21 2.397875e-03 0 
    6.399978 3.915815e+21 2.384304e-03 0 
    6.414730 3.911407e+21 2.370678e-03 0 
    6.429517 3.906829e+21 2.357025e-03 0 
    6.444337 3.902080e+21 2.343345e-03 0 
    6.459199 3.897121e+21 2.329609e-03 0 
    6.474088 3.892024e+21 2.315873e-03 0 
    6.489011 3.887168e+21 2.302358e-03 0 
    6.503968 3.883636e+21 2.289698e-03 0 
    6.518961 3.879896e+21 2.276983e-03 0 
    6.533987 3.875988e+21 2.264240e-03 0 
    6.549048 3.871916e+21 2.251469e-03 0 
    6.564152 3.867684e+21 2.238670e-03 0 
    6.579283 3.863274e+21 2.225845e-03 0 
    6.594449 3.858694e+21 2.212992e-03 0 
    6.609650 3.853941e+21 2.200111e-03 0 
    6.624885 3.850177e+21 2.187864e-03 0 
    6.640155 3.846930e+21 2.175977e-03 0 
    6.655469 3.843531e+21 2.164061e-03 0 
    6.670810 3.839962e+21 2.152119e-03 0 
    6.686187 3.836228e+21 2.140148e-03 0 
    6.701599 3.832327e+21 2.128149e-03 0 
    6.717047 3.828260e+21 2.116124e-03 0 
    6.732530 3.824021e+21 2.104070e-03 0 
    6.748049 3.819715e+21 2.092045e-03 0 
    6.763611 3.816913e+21 2.080901e-03 0 
    6.779202 3.813997e+21 2.069758e-03 0 
    6.794828 3.810921e+21 2.058588e-03 0 
    6.810491 3.807684e+21 2.047390e-03 0 
    6.826190 3.804232e+21 2.036136e-03 0 
    6.841925 3.800668e+21 2.024882e-03 0 
    6.857703 3.796947e+21 2.013602e-03 0 
    6.873511 3.793047e+21 2.002292e-03 0 
    6.889355 3.789768e+21 1.991370e-03 0 
    6.905235 3.787273e+21 1.980916e-03 0 
    6.921152 3.784675e+21 1.970463e-03 0 
    6.937106 3.781866e+21 1.959954e-03 0 
    6.953096 3.778948e+21 1.949445e-03 0 
    6.969131 3.775881e+21 1.938909e-03 0 
    6.985195 3.772640e+21 1.928345e-03 0 
    7.001297 3.769236e+21 1.917753e-03 0 
    7.017435 3.765665e+21 1.907135e-03 0 
    7.033611 3.763349e+21 1.897205e-03 0 
    7.049824 3.761206e+21 1.887413e-03 0 
    7.066082 3.758861e+21 1.877567e-03 0 
    7.082370 3.756405e+21 1.867719e-03 0 
    7.098696 3.753792e+21 1.857845e-03 0 
    7.115058 3.751018e+21 1.847944e-03 0 
    7.131459 3.748082e+21 1.838014e-03 0 
    7.147898 3.745040e+21 1.828085e-03 0 
    7.164374 3.742173e+21 1.818293e-03 0 
    7.180896 3.740464e+21 1.809108e-03 0 
    7.197449 3.738591e+21 1.799895e-03 0 
    7.214040 3.736566e+21 1.790655e-03 0 
    7.230668 3.734383e+21 1.781388e-03 0 
    7.247335 3.732101e+21 1.772120e-03 0 
    7.264041 3.729603e+21 1.762798e-03 0 
    7.280785 3.727000e+21 1.753474e-03 0 
    7.297576 3.724244e+21 1.744124e-03 0 
    7.314397 3.722382e+21 1.735243e-03 0 
    7.331258 3.720958e+21 1.726610e-03 0 
    7.348157 3.719381e+21 1.717949e-03 0 
    7.365095 3.717651e+21 1.709261e-03 0 
    7.382072 3.715764e+21 1.700545e-03 0 
    7.399096 3.713789e+21 1.691829e-03 0 
    7.416151 3.711649e+21 1.683086e-03 0 
    7.433246 3.709348e+21 1.674314e-03 0 
    7.450381 3.707008e+21 1.665570e-03 0 
    7.467554 3.705986e+21 1.657462e-03 0 
    7.484767 3.704814e+21 1.649325e-03 0 
    7.502021 3.703552e+21 1.641188e-03 0 
    7.519321 3.702144e+21 1.633024e-03 0 
    7.536654 3.700575e+21 1.624832e-03 0 
    7.554026 3.698848e+21 1.616613e-03 0 
    7.571439 3.697027e+21 1.608393e-03 0 
    7.588892 3.695046e+21 1.600146e-03 0 
    7.606385 3.693609e+21 1.592175e-03 0 
    7.623926 3.692922e+21 1.584562e-03 0 
    7.641500 3.692014e+21 1.576894e-03 0 
    7.659114 3.691019e+21 1.569226e-03 0 
    7.676769 3.689936e+21 1.561559e-03 0 
    7.694465 3.688633e+21 1.553836e-03 0 
    7.712201 3.687305e+21 1.546140e-03 0 
    7.729978 3.685755e+21 1.538390e-03 0 
    7.747804 3.684119e+21 1.530639e-03 0 
    7.765664 3.683515e+21 1.523357e-03 0 
    7.783564 3.683097e+21 1.516186e-03 0 
    7.801506 3.682528e+21 1.508987e-03 0 
    7.819489 3.681807e+21 1.501761e-03 0 
    7.837514 3.681001e+21 1.494534e-03 0 
    7.855579 3.680042e+21 1.487280e-03 0 
    7.873696 3.679003e+21 1.480026e-03 0 
    7.891845 3.677800e+21 1.472744e-03 0 
    7.910036 3.676783e+21 1.465573e-03 0 
    7.928270 3.676722e+21 1.458815e-03 0 
    7.946545 3.676581e+21 1.452058e-03 0 
    7.978455 2.902491e+21 1.137181e-03 3 
    8.040148 3.949656e+21 1.523799e-03 3 
    8.101840 3.821757e+21 1.452086e-03 3 
    8.163532 3.024264e+21 1.131775e-03 3 
    8.225224 3.896324e+21 1.436336e-03 3 
    8.286916 3.999876e+21 1.452637e-03 3 
    8.348609 3.925529e+21 1.404644e-03 3 
    8.410300 4.176195e+21 1.472496e-03 3 
    8.471993 3.135044e+21 1.089354e-03 3 
    8.533684 3.048543e+21 1.044036e-03 3 
    8.595378 2.574267e+21 8.690004e-04 3 
    8.657069 3.335926e+21 1.110123e-03 3 
    8.718761 2.460386e+21 8.072167e-04 3 
    8.780453 3.347795e+21 1.082982e-03 3 
    8.842145 2.607816e+21 8.318751e-04 3 
    8.903837 2.358769e+21 7.420404e-04 3 
    8.965529 2.461708e+21 7.638025e-04 3 
    9.027221 1.900436e+21 5.816230e-04 3 
    9.088914 2.909164e+21 8.782955e-04 3 
    9.150606 2.297229e+21 6.842283e-04 3 
    9.212298 3.201366e+21 9.407969e-04 3 
    9.273990 3.117119e+21 9.038921e-04 3 
    9.335682 2.587340e+21 7.403855e-04 3 
    9.397374 2.130779e+21 6.017579e-04 3 
    9.459065 2.708528e+21 7.549765e-04 3 
    9.520759 2.880010e+21 7.924050e-04 3 
    9.582450 3.330157e+21 9.044989e-04 3 
    9.644142 4.558973e+21 1.222465e-03 3 
    9.705835 4.060839e+21 1.075094e-03 3 
    9.767527 2.698666e+21 7.054665e-04 3 
    9.829219 2.723568e+21 7.030670e-04 3 
    9.890912 3.362559e+21 8.572228e-04 3 
    9.952599 3.191673e+21 8.036036e-04 3 
   10.014296 3.706285e+21 9.217101e-04 3 
   10.075984 2.903468e+21 7.132446e-04 3 
   10.137683 3.291594e+21 7.987766e-04 3 
   10.199371 2.566939e+21 6.154110e-04 3 
   10.261068 3.503088e+21 8.297788e-04 3 
   10.322757 3.832295e+21 8.969413e-04 3 
   10.384445 3.807751e+21 8.806399e-04 3 
   10.446142 3.931817e+21 8.986237e-04 3 
   10.507829 2.351501e+21 5.311480e-04 3 
   10.569528 2.091325e+21 4.668817e-04 3 
   10.631216 2.146557e+21 4.736669e-04 3 
   10.692904 2.146882e+21 4.682883e-04 3 
   10.754602 2.464652e+21 5.314512e-04 3 
   10.816290 2.852313e+21 6.080467e-04 3 
   10.877987 2.786010e+21 5.871947e-04 3 
   10.939675 3.562458e+21 7.423989e-04 3 
   11.001373 3.909542e+21 8.056170e-04 3 
   11.063061 3.538370e+21 7.210229e-04 3 
   11.124749 5.053955e+21 1.018468e-03 3 
   11.186447 6.524824e+21 1.300412e-03 3 
   11.248135 7.886941e+21 1.554691e-03 3 
   11.309833 7.924047e+21 1.545009e-03 3 
   11.371520 6.497245e+21 1.253108e-03 3 
   11.433218 5.626235e+21 1.073439e-03 3 
   11.494906 4.396193e+21 8.297788e-04 3 
   11.556594 4.383685e+21 8.186082e-04 3 
   11.618292 4.432707e+21 8.189943e-04 3 
   11.679980 4.140286e+21 7.569071e-04 3 
   11.741677 2.772097e+21 5.014695e-04 3 
   11.803365 3.087117e+21 5.526343e-04 3 
   11.865064 3.705350e+21 6.564255e-04 3 
   11.926751 3.457663e+21 6.062263e-04 3 
   11.988439 4.302410e+21 7.465914e-04 3 
   12.050138 3.823932e+21 6.567840e-04 3 
   12.111825 3.550716e+21 6.036612e-04 3 
   12.173523 3.445215e+21 5.798027e-04 3 
   12.235210 4.494600e+21 7.487979e-04 3 
   12.296900 5.466174e+21 9.015475e-04 3 
   12.358597 4.767631e+21 7.785038e-04 3 
   12.420284 4.348568e+21 7.030394e-04 3 
   12.481982 4.095858e+21 6.556533e-04 3 
   12.543671 4.042650e+21 6.407864e-04 3 
   12.605368 4.147185e+21 6.509368e-04 3 
   12.667056 3.973868e+21 6.176728e-04 3 
   12.728744 5.156225e+21 7.937016e-04 3 
   12.790442 5.505584e+21 8.393222e-04 3 
   12.852130 4.091203e+21 6.177280e-04 3 
   12.913828 3.476391e+21 5.198944e-04 3 
   12.975515 3.253472e+21 4.819415e-04 3 
   13.037203 2.863417e+21 4.201576e-04 3 
   13.098901 3.209946e+21 4.665783e-04 3 
   13.160591 2.674989e+21 3.851835e-04 3 
   13.222288 2.705156e+21 3.859007e-04 3 
   13.283973 3.046026e+21 4.305009e-04 3 
   13.345672 2.462386e+21 3.448035e-04 3 
   13.407361 2.520589e+21 3.497130e-04 3 
   13.469048 2.775970e+21 3.816255e-04 3 
   13.530747 3.096671e+21 4.218402e-04 3 
   13.592434 3.227134e+21 4.356312e-04 3 
   13.654131 3.714023e+21 4.968358e-04 3 
   13.715820 3.409989e+21 4.520701e-04 3 
   13.777519 3.462778e+21 4.549662e-04 3 
   13.839205 3.027655e+21 3.942581e-04 3 
   13.900894 2.402051e+21 3.100225e-04 3 
   13.962592 2.088130e+21 2.671296e-04 3 
   14.024280 2.196043e+21 2.784686e-04 3 
   14.085977 3.489003e+21 4.385548e-04 3 
   14.147666 2.876578e+21 3.584289e-04 3 
   14.174222 3.328661e+21 4.132070e-04 3 
   14.265319 3.012168e+21 3.691584e-04 3 
   14.356425 3.153340e+21 3.815703e-04 3 
   14.447522 2.842142e+21 3.395904e-04 3 
   14.538617 2.675656e+21 3.157043e-04 3 
   14.629723 2.554255e+21 2.976381e-04 3 
   14.720820 2.912341e+21 3.351773e-04 3 
   14.811916 2.656849e+21 3.020236e-04 3 
   14.903013 2.758406e+21 3.097466e-04 3 
   14.994119 2.759166e+21 3.060782e-04 3 
   15.085216 2.542633e+21 2.786616e-04 3 
   15.176309 2.673539e+21 2.895014e-04 3 
   15.267417 2.887475e+21 3.089467e-04 3 
   15.358514 2.902470e+21 3.068781e-04 3 
   15.449609 3.059752e+21 3.197037e-04 3 
   15.540706 4.141099e+21 4.276323e-04 3 
   15.631813 3.769302e+21 3.847146e-04 3 
   15.722909 3.109361e+21 3.136908e-04 3 
   15.814005 3.176196e+21 3.167524e-04 3 
   15.905109 3.514492e+21 3.464860e-04 3 
   15.996206 3.210472e+21 3.129186e-04 3 
   16.087302 3.316693e+21 3.196210e-04 3 
   16.178409 3.314709e+21 3.158422e-04 3 
   16.269505 3.667421e+21 3.455482e-04 3 
   16.360602 4.009959e+21 3.736266e-04 3 
   16.451698 4.438182e+21 4.089593e-04 3 
   16.542805 4.626696e+21 4.216471e-04 3 
   16.633898 4.068854e+21 3.667588e-04 3 
   16.724995 4.287403e+21 3.822599e-04 3 
   16.816094 4.459330e+21 3.932926e-04 3 
   16.907198 5.364824e+21 4.680677e-04 3 
   16.998295 1.095423e+22 9.455134e-04 3 
   17.089394 1.119534e+22 9.560495e-04 3 
   17.180498 5.653269e+21 4.776663e-04 3 
   17.271594 4.491062e+21 3.754747e-04 3 
   17.362691 4.118479e+21 3.407213e-04 3 
   17.453797 4.198874e+21 3.437553e-04 3 
   17.544892 3.901363e+21 3.160905e-04 3 
   17.635989 3.667144e+21 2.940524e-04 3 
   17.727084 3.582096e+21 2.842884e-04 3 
   17.818191 3.620766e+21 2.844263e-04 3 
   17.909288 3.969329e+21 3.086433e-04 3 
   18.000383 3.842826e+21 2.957901e-04 3 
   18.091489 3.324816e+21 2.533468e-04 3 
   18.182586 3.260724e+21 2.459796e-04 3 
   18.273681 3.286683e+21 2.454721e-04 3 
   18.364788 3.169780e+21 2.343979e-04 3 
   18.455884 3.176819e+21 2.326051e-04 3 
   18.546981 3.569934e+21 2.588273e-04 3 
   18.638077 3.869441e+21 2.778066e-04 3 
   18.729183 4.407033e+21 3.133322e-04 3 
   18.820280 3.544651e+21 2.495846e-04 3 
   18.911375 3.596333e+21 2.507899e-04 3 
   19.002481 3.040832e+21 2.100237e-04 3 
   19.093580 2.688563e+21 1.839255e-04 3 
   19.184673 3.063479e+21 2.075881e-04 3 
   19.275770 3.030758e+21 2.034343e-04 3 
   19.366878 3.264101e+21 2.170405e-04 3 
   19.457973 3.071073e+21 2.022979e-04 3 
   19.549070 3.199726e+21 2.088128e-04 3 
   19.640177 3.464804e+21 2.240188e-04 3 
   19.731270 3.569527e+21 2.286636e-04 3 
   19.822369 3.155019e+21 2.002568e-04 3 
   19.913466 2.656108e+21 1.670508e-04 3 
   20.004570 2.753316e+21 1.715908e-04 3 
   20.095666 2.992467e+21 1.848081e-04 3 
   20.186763 3.114842e+21 1.906335e-04 3 
   20.277869 3.295000e+21 1.998514e-04 3 
   20.368966 3.248410e+21 1.952672e-04 3 
   20.387166 3.184854e+21 1.911051e-04 3 
   20.562555 3.313443e+21 1.954438e-04 3 
   20.738050 3.089290e+21 1.791510e-04 3 
   20.913634 3.187729e+21 1.817686e-04 3 
   21.089330 3.248105e+21 1.821382e-04 3 
   21.265123 3.291029e+21 1.815066e-04 3 
   21.441027 3.219968e+21 1.746855e-04 3 
   21.617019 3.345501e+21 1.785525e-04 3 
   21.793120 3.261248e+21 1.712543e-04 3 
   21.969323 3.320710e+21 1.715908e-04 3 
   22.145634 3.148049e+21 1.600891e-04 3 
   22.322045 3.309441e+21 1.656469e-04 3 
   22.498555 3.134704e+21 1.544485e-04 3 
   22.675172 3.033369e+21 1.471365e-04 3 
   22.851891 3.219095e+21 1.537397e-04 3 
   23.028708 3.342592e+21 1.571957e-04 3 
   23.205634 3.259914e+21 1.509787e-04 3 
   23.382663 3.127050e+21 1.426407e-04 3 
   23.559797 3.174116e+21 1.426186e-04 3 
   23.737041 3.184479e+21 1.409554e-04 3 
   23.914384 3.306115e+21 1.441770e-04 3 
   24.091830 3.454533e+21 1.484384e-04 3 
   24.269381 3.324551e+21 1.407706e-04 3 
   24.447034 3.234200e+21 1.349618e-04 3 
   24.624806 3.300050e+21 1.357286e-04 3 
   24.802667 3.234209e+21 1.311196e-04 3 
   24.980636 3.394800e+21 1.356762e-04 3 
   25.158716 3.505605e+21 1.381282e-04 3 
   25.336905 3.272516e+21 1.271368e-04 3 
   25.515192 3.293750e+21 1.261797e-04 3 
   25.693589 3.308868e+21 1.250047e-04 3 
   25.872095 4.182929e+21 1.558525e-04 3 
   26.050711 3.983677e+21 1.464001e-04 3 
   26.229428 3.419330e+21 1.239538e-04 3 
   26.408250 3.430942e+21 1.226961e-04 3 
   26.587188 3.281450e+21 1.157757e-04 3 
   26.766216 3.350591e+21 1.166391e-04 3 
   26.945369 3.507046e+21 1.204674e-04 3 
   27.124619 3.374688e+21 1.143939e-04 3 
   27.303984 3.271389e+21 1.094401e-04 3 
   27.483453 3.366245e+21 1.111475e-04 3 
   27.663034 3.645230e+21 1.188015e-04 3 
   27.842722 3.547421e+21 1.141263e-04 3 
   28.022519 4.008416e+21 1.273078e-04 3 
   28.202428 4.631463e+21 1.452251e-04 3 
   28.382444 4.311164e+21 1.334724e-04 3 
   28.562569 3.770666e+21 1.152710e-04 3 
   28.742803 3.643618e+21 1.099945e-04 3 
   28.923147 3.825670e+21 1.140546e-04 3 
   29.103603 3.832995e+21 1.128603e-04 3 
   29.284166 3.833188e+21 1.114784e-04 3 
   29.464838 3.646645e+21 1.047567e-04 3 
   29.645628 3.671218e+21 1.041802e-04 3 
   29.826531 3.695301e+21 1.035955e-04 3 
   30.007531 3.915953e+21 1.084610e-04 3 
   30.188650 4.044806e+21 1.106896e-04 3 
   30.369878 4.009770e+21 1.084251e-04 3 
   30.551225 3.944356e+21 1.053938e-04 3 
   30.732675 4.232952e+21 1.117736e-04 3 
   30.914241 4.016030e+21 1.048036e-04 3 
   31.095925 4.374138e+21 1.128189e-04 3 
   31.277712 4.138934e+21 1.055152e-04 3 
   31.459619 4.249059e+21 1.070736e-04 3 
   31.641638 4.081459e+21 1.016703e-04 3 
   31.823759 4.196788e+21 1.033500e-04 3 
   32.006003 4.624176e+21 1.125817e-04 3 
   32.188369 4.334183e+21 1.043292e-04 3 
   32.370834 4.696358e+21 1.117763e-04 3 
   32.553413 4.851682e+21 1.141815e-04 3 
   32.736116 4.633584e+21 1.078349e-04 3 
   32.918934 5.016855e+21 1.154613e-04 3 
   33.101863 5.024778e+21 1.143690e-04 3 
   33.284900 5.469395e+21 1.231236e-04 3 
   33.468056 6.258028e+21 1.393391e-04 3 
   33.651331 5.718476e+21 1.259425e-04 3 
   33.834725 6.173201e+21 1.344874e-04 3 
   34.018228 5.005688e+21 1.078790e-04 3 
   34.201844 5.814220e+21 1.239621e-04 3 
   34.385584 5.519616e+21 1.164267e-04 3 
   34.569437 6.298566e+21 1.314479e-04 3 
   34.753409 1.021555e+22 2.109421e-04 3 
