# NGC 0628  
# 
# An Atlas of Galaxy Spectral Energy Distributions from the Ultraviolet to the Mid-Infrared
# Brown et al. (2014)
# http://dx.doi.org/10.5072/03/529D3551F0117
# http://dx.doi.org/10.17909/t9-5bxk-dh29
# 
# The Spectral Energy Distributions of Active Galactic Nuclei
# Brown et al. (2019)
# http://dx.doi.org/10.17909/t9-3dbt-8734
# 
# Column 1: Observed wavelength (um)
# Column 2: L_nu (W/Hz)
# Column 3: f_lam (erg/s/cm2/A)
# Column 4: Source (0 = model, 1 = Optical Spectrun, 2 = Akari, 3 = Spitzer IRS)
# 
  1.0001e-02 6.395318e+10 1.594673e-08 0 
  1.0211e-02 8.238887e+10 1.970736e-08 0 
  1.0400e-02 9.657080e+10 2.226771e-08 0 
  1.0594e-02 1.177243e+11 2.616030e-08 0 
  1.0791e-02 1.454904e+11 3.116071e-08 0 
  1.0991e-02 2.263757e+11 4.673604e-08 0 
  1.1404e-02 3.220152e+11 6.175304e-08 0 
  1.1805e-02 4.303556e+11 7.701795e-08 0 
  1.2107e-02 1.246995e+12 2.121720e-07 0 
  1.2504e-02 1.685898e+12 2.689242e-07 0 
  1.2707e-02 1.940259e+12 2.996886e-07 0 
  1.2795e-02 2.083711e+12 3.174340e-07 0 
  1.3093e-02 2.522686e+12 3.670129e-07 0 
  1.3214e-02 2.896242e+12 4.136783e-07 0 
  1.3398e-02 3.257487e+12 4.525841e-07 0 
  1.3710e-02 4.186529e+12 5.554892e-07 0 
  1.3997e-02 5.010171e+12 6.377920e-07 0 
  1.4291e-02 8.430756e+12 1.029527e-06 0 
  1.4691e-02 1.370442e+13 1.583632e-06 0 
  1.5103e-02 1.705611e+13 1.864876e-06 0 
  1.5490e-02 2.112833e+13 2.196134e-06 0 
  1.5887e-02 2.599314e+13 2.568452e-06 0 
  1.6183e-02 3.025928e+13 2.881621e-06 0 
  1.6598e-02 3.697054e+13 3.346884e-06 0 
  1.6984e-02 4.445109e+13 3.843252e-06 0 
  1.7300e-02 5.115147e+13 4.262480e-06 0 
  1.7703e-02 6.107558e+13 4.860381e-06 0 
  1.7991e-02 6.931930e+13 5.341214e-06 0 
  1.8199e-02 7.566132e+13 5.697381e-06 0 
  1.8580e-02 8.889593e+13 6.422246e-06 0 
  1.9101e-02 1.083657e+14 7.407573e-06 0 
  1.9411e-02 1.218623e+14 8.066216e-06 0 
  1.9818e-02 1.415375e+14 8.987698e-06 0 
  2.0186e-02 1.632513e+14 9.992001e-06 0 
  2.0514e-02 1.819171e+14 1.078125e-05 0 
  2.0992e-02 2.093510e+14 1.184851e-05 0 
  2.1580e-02 2.611254e+14 1.398436e-05 0 
  2.1981e-02 2.970646e+14 1.533389e-05 0 
  2.2287e-02 3.242393e+14 1.628017e-05 0 
  2.2701e-02 3.671697e+14 1.776942e-05 0 
  2.3017e-02 5.739086e+14 2.701729e-05 0 
  2.3391e-02 1.011231e+15 4.609450e-05 0 
  2.3991e-02 1.383191e+15 5.993518e-05 0 
  2.4606e-02 1.492266e+15 6.146965e-05 0 
  2.5180e-02 1.713438e+15 6.739898e-05 0 
  2.5707e-02 1.558966e+15 5.883426e-05 0 
  2.6005e-02 1.900588e+15 7.009237e-05 0 
  2.6427e-02 2.108025e+15 7.527948e-05 0 
  2.6918e-02 2.269025e+15 7.809986e-05 0 
  2.7419e-02 2.431383e+15 8.065783e-05 0 
  2.7929e-02 2.599324e+15 8.310861e-05 0 
  2.8382e-02 2.778919e+15 8.603720e-05 0 
  2.8977e-02 2.876388e+15 8.543526e-05 0 
  2.9583e-02 3.161127e+15 9.008532e-05 0 
  3.0133e-02 3.257521e+15 8.947444e-05 0 
  3.0835e-02 3.596439e+15 9.433683e-05 0 
  3.1772e-02 4.081987e+15 1.008507e-04 0 
  3.2813e-02 4.527554e+15 1.048741e-04 0 
  3.3810e-02 4.952787e+15 1.080577e-04 0 
  3.4838e-02 5.393398e+15 1.108288e-04 0 
  3.5731e-02 5.819275e+15 1.136776e-04 0 
  3.6564e-02 6.278556e+15 1.171248e-04 0 
  3.7502e-02 6.712259e+15 1.190300e-04 0 
  3.8464e-02 6.980036e+15 1.176644e-04 0 
  3.9541e-02 7.689041e+15 1.226516e-04 0 
  4.0462e-02 8.201079e+15 1.249317e-04 0 
  4.1405e-02 8.646591e+15 1.257870e-04 0 
  4.2174e-02 9.012927e+15 1.263784e-04 0 
  4.2959e-02 9.351254e+15 1.263741e-04 0 
  4.4060e-02 9.973647e+15 1.281331e-04 0 
  4.5087e-02 1.046833e+16 1.284314e-04 0 
  4.6031e-02 1.088578e+16 1.281313e-04 0 
  4.6995e-02 1.137299e+16 1.284304e-04 0 
  4.7979e-02 1.190851e+16 1.290183e-04 0 
  4.8983e-02 1.232704e+16 1.281340e-04 0 
    0.050009 1.296787e+16 1.293209e-04 0 
    0.050588 1.395905e+16 1.360371e-04 0 
    0.051174 1.857194e+16 1.768703e-04 0 
    0.052005 1.922425e+16 1.772784e-04 0 
    0.052972 1.999211e+16 1.776897e-04 0 
    0.053957 2.013069e+16 1.724485e-04 0 
    0.054960 2.284905e+16 1.886562e-04 0 
    0.055982 2.569612e+16 2.044877e-04 0 
    0.057023 2.798075e+16 2.146128e-04 0 
    0.057949 2.817471e+16 2.092493e-04 0 
    0.059027 3.153994e+16 2.257646e-04 0 
    0.059986 3.242319e+16 2.247255e-04 0 
    0.060961 3.514454e+16 2.358578e-04 0 
    0.061951 4.044443e+16 2.628200e-04 0 
    0.062958 4.313843e+16 2.714307e-04 0 
    0.063981 4.537986e+16 2.764761e-04 0 
    0.065020 4.964319e+16 2.928614e-04 0 
    0.065773 5.198245e+16 2.996801e-04 0 
    0.066535 5.570080e+16 3.138034e-04 0 
    0.067460 5.859446e+16 3.211148e-04 0 
    0.068557 5.954754e+16 3.159779e-04 0 
    0.069510 7.061020e+16 3.644763e-04 0 
    0.070477 6.964064e+16 3.496748e-04 0 
    0.071622 8.276722e+16 4.024037e-04 0 
    0.072619 8.747068e+16 4.136742e-04 0 
    0.073460 9.201621e+16 4.252644e-04 0 
    0.074482 1.015921e+17 4.567240e-04 0 
    0.075518 1.088569e+17 4.760487e-04 0 
    0.076568 1.155736e+17 4.916551e-04 0 
    0.077455 1.264340e+17 5.256075e-04 0 
    0.078532 1.376724e+17 5.567367e-04 0 
    0.079442 1.458352e+17 5.763132e-04 0 
    0.080547 1.551860e+17 5.965546e-04 0 
    0.081480 1.632576e+17 6.132926e-04 0 
    0.082423 1.785952e+17 6.556459e-04 0 
    0.083570 1.647572e+17 5.883559e-04 0 
    0.084537 1.976305e+17 6.896946e-04 0 
    0.085516 2.088571e+17 7.122805e-04 0 
    0.086507 2.258780e+17 7.527798e-04 0 
    0.087508 2.436962e+17 7.936878e-04 0 
    0.088522 2.647637e+17 8.426601e-04 0 
    0.089547 2.830446e+17 8.803376e-04 0 
    0.090583 2.943560e+17 8.946969e-04 0 
    0.091422 4.383972e+17 1.308166e-03 0 
    0.092480 2.678257e+18 7.810036e-03 0 
    0.093551 5.900118e+18 1.681358e-02 0 
    0.094417 1.179953e+19 3.301116e-02 0 
    0.095510 1.662858e+19 4.546256e-02 0 
    0.096394 2.069569e+19 5.554901e-02 0 
    0.097510 4.930221e+18 1.293197e-02 0 
    0.098412 2.284779e+19 5.883619e-02 0 
    0.099552 2.316726e+19 5.830033e-02 0 
    0.100473 2.936737e+19 7.255424e-02 0 
    0.101403 2.672246e+19 6.481435e-02 0 
    0.102577 1.086078e+19 2.574290e-02 0 
    0.103526 2.162041e+19 5.031083e-02 0 
    0.104484 3.783207e+19 8.642850e-02 0 
    0.105451 3.862379e+19 8.662633e-02 0 
    0.106426 3.387483e+19 7.458957e-02 0 
    0.107411 3.925138e+19 8.485039e-02 0 
    0.108405 3.434409e+19 7.288695e-02 0 
    0.109408 4.176979e+19 8.702832e-02 0 
    0.110420 4.119567e+19 8.426603e-02 0 
    0.111442 4.148182e+19 8.330219e-02 0 
    0.112473 3.907148e+19 7.702999e-02 0 
    0.113514 4.579896e+19 8.864479e-02 0 
    0.114564 4.313730e+19 8.196964e-02 0 
    0.115624 4.569574e+19 8.524643e-02 0 
    0.116426 4.773637e+19 8.783061e-02 0 
    0.117503 3.774602e+19 6.818200e-02 0 
    0.118590 4.719144e+19 8.368807e-02 0 
    0.119412 3.638107e+19 6.363205e-02 0 
    0.120517 2.856662e+19 4.905222e-02 0 
    0.121632 1.478646e+19 2.492671e-02 0 
    0.122475 3.295000e+19 5.478440e-02 0 
    0.123609 4.817818e+19 7.864058e-02 0 
    0.124466 5.393478e+19 8.682882e-02 0 
    0.125617 5.418300e+19 8.563723e-02 0 
    0.126488 4.930145e+19 7.685241e-02 0 
    0.127365 5.968355e+19 9.175946e-02 0 
    0.128543 6.278606e+19 9.476824e-02 0 
    0.129434 5.570254e+19 8.292295e-02 0 
    0.130632 5.582962e+19 8.159472e-02 0 
    0.131537 6.514379e+19 9.390173e-02 0 
    0.132449 6.395216e+19 9.091893e-02 0 
    0.133367 6.051373e+19 8.485034e-02 0 
    0.134601 6.789833e+19 9.346714e-02 0 
    0.135534 6.743145e+19 9.155087e-02 0 
    0.136474 6.380505e+19 8.543811e-02 0 
    0.137420 6.635430e+19 8.763259e-02 0 
    0.138372 6.821055e+19 8.884880e-02 0 
    0.139653 6.293208e+19 8.047630e-02 0 
    0.140621 6.574689e+19 8.292230e-02 0 
    0.141595 6.790091e+19 8.446489e-02 0 
    0.142577 6.900194e+19 8.465620e-02 0 
    0.143565 6.963946e+19 8.426645e-02 0 
    0.144228 7.292218e+19 8.742929e-02 0 
    0.144560 7.376538e+19 8.803447e-02 0 
    0.145562 7.342710e+19 8.642846e-02 0 
    0.146571 7.093600e+19 8.235066e-02 0 
    0.147587 7.126346e+19 8.159567e-02 0 
    0.148610 7.242046e+19 8.178275e-02 0 
    0.149641 7.393796e+19 8.234983e-02 0 
    0.150331 7.209003e+19 7.955629e-02 0 
    0.151373 6.789943e+19 7.390363e-02 0 
    0.151722 7.109833e+19 7.702980e-02 0 
    0.152423 7.028540e+19 7.545023e-02 0 
    0.153479 6.499355e+19 6.881273e-02 0 
    0.154543 6.996320e+19 7.305794e-02 0 
    0.155614 6.743308e+19 6.944998e-02 0 
    0.156332 6.868658e+19 7.009267e-02 0 
    0.157416 7.308829e+19 7.356081e-02 0 
    0.158507 7.600894e+19 7.545087e-02 0 
    0.159606 7.867905e+19 7.702950e-02 0 
    0.160343 7.671403e+19 7.441684e-02 0 
    0.161454 7.760232e+19 7.424607e-02 0 
    0.162573 7.583472e+19 7.155956e-02 0 
    0.163324 7.941025e+19 7.424599e-02 0 
    0.164456 8.088588e+19 7.458813e-02 0 
    0.165596 7.706801e+19 7.009240e-02 0 
    0.166360 8.353670e+19 7.527936e-02 0 
    0.167128 7.778088e+19 6.944977e-02 0 
    0.167513 8.449939e+19 7.510226e-02 0 
    0.168674 8.767191e+19 7.685296e-02 0 
    0.169453 8.450180e+19 7.339456e-02 0 
    0.170628 8.314757e+19 7.122712e-02 0 
    0.171415 8.163378e+19 6.928970e-02 0 
    0.172603 8.200872e+19 6.865304e-02 0 
    0.173400 8.647119e+19 7.172486e-02 0 
    0.174602 8.548266e+19 6.993201e-02 0 
    0.175408 9.012932e+19 7.305732e-02 0 
    0.176624 8.488922e+19 6.786558e-02 0 
    0.177439 8.848565e+19 7.009243e-02 0 
    0.178669 9.012803e+19 7.041383e-02 0 
    0.179494 9.459162e+19 7.322329e-02 0 
    0.180322 9.459421e+19 7.255437e-02 0 
    0.181572 9.180661e+19 6.945006e-02 0 
    0.182410 9.307748e+19 6.976599e-02 0 
    0.183675 9.180177e+19 6.786524e-02 0 
    0.184522 8.666672e+19 6.348228e-02 0 
    0.185374 8.807284e+19 6.392060e-02 0 
    0.186659 9.117517e+19 6.526423e-02 0 
    0.187521 9.613238e+19 6.818147e-02 0 
    0.188386 9.159072e+19 6.436513e-02 0 
    0.189692 8.992284e+19 6.232588e-02 0 
    0.190568 9.416043e+19 6.466435e-02 0 
    0.191447 9.286891e+19 6.319310e-02 0 
    0.192331 9.201376e+19 6.203697e-02 0 
    0.193664 9.394570e+19 6.247058e-02 0 
    0.194558 9.950973e+19 6.556376e-02 0 
    0.195456 9.569141e+19 6.246998e-02 0 
    0.196811 1.027672e+20 6.616865e-02 0 
    0.197719 1.051618e+20 6.708998e-02 0 
    0.198175 1.013571e+20 6.436548e-02 0 
    0.199549 1.004334e+20 6.290357e-02 0 
    0.200470 1.022941e+20 6.348164e-02 0 
    0.201395 1.015960e+20 6.247061e-02 0 
    0.202325 1.044419e+20 6.363148e-02 0 
    0.203727 1.034813e+20 6.218149e-02 0 
    0.204668 1.066230e+20 6.348151e-02 0 
    0.205612 1.034814e+20 6.104664e-02 0 
    0.206561 1.051622e+20 6.146945e-02 0 
    0.207515 1.113944e+20 6.451505e-02 0 
    0.207993 1.098655e+20 6.333745e-02 0 
    0.208473 1.124252e+20 6.451498e-02 0 
    0.209435 1.086075e+20 6.175296e-02 0 
    0.210402 1.103727e+20 6.218110e-02 0 
    0.211373 1.119115e+20 6.247009e-02 0 
    0.212348 1.137311e+20 6.290414e-02 0 
    0.213329 1.086103e+20 5.952064e-02 0 
    0.214313 1.124248e+20 6.104662e-02 0 
    0.215303 1.153052e+20 6.203617e-02 0 
    0.216296 1.129381e+20 6.020605e-02 0 
    0.217295 1.129398e+20 5.965463e-02 0 
    0.218298 1.142506e+20 5.979368e-02 0 
    0.219305 1.190858e+20 6.175318e-02 0 
    0.220318 1.171775e+20 6.020615e-02 0 
    0.221334 1.132043e+20 5.763194e-02 0 
    0.222356 1.124268e+20 5.671116e-02 0 
    0.223382 1.201920e+20 6.007248e-02 0 
    0.224414 1.169155e+20 5.789868e-02 0 
    0.225449 1.137221e+20 5.580133e-02 0 
    0.226490 1.153129e+20 5.606298e-02 0 
    0.227535 1.190913e+20 5.736936e-02 0 
    0.228586 1.229860e+20 5.870201e-02 0 
    0.229641 1.182495e+20 5.592385e-02 0 
    0.230701 1.205781e+20 5.650227e-02 0 
    0.231766 1.182350e+20 5.489632e-02 0 
    0.232300 1.017439e+20 4.702257e-02 0 
    0.233372 1.129776e+20 5.173582e-02 0 
    0.234449 1.082597e+20 4.912091e-02 0 
    0.235531 1.182890e+20 5.317953e-02 0 
    0.236619 1.100055e+20 4.900177e-02 0 
    0.237711 1.147845e+20 5.066186e-02 0 
    0.238259 1.060767e+20 4.660343e-02 0 
    0.239359 1.124819e+20 4.896430e-02 0 
    0.240463 1.105462e+20 4.768084e-02 0 
    0.241573 1.129803e+20 4.828391e-02 0 
    0.242688 1.211874e+20 5.131652e-02 0 
    0.243248 1.178104e+20 4.965712e-02 0 
    0.244371 1.240601e+20 5.181189e-02 0 
    0.245499 1.239035e+20 5.127203e-02 0 
    0.246632 1.231759e+20 5.050373e-02 0 
    0.247770 1.199402e+20 4.872634e-02 0 
    0.248341 1.204163e+20 4.869506e-02 0 
    0.249488 1.167135e+20 4.676470e-02 0 
    0.250639 1.292871e+20 5.132800e-02 0 
    0.251217 1.164841e+20 4.603254e-02 0 
    0.251796 1.166757e+20 4.589648e-02 0 
    0.252377 1.136836e+20 4.451381e-02 0 
    0.253542 1.169811e+20 4.538501e-02 0 
    0.254712 1.176348e+20 4.522030e-02 0 
    0.255299 1.268385e+20 4.853438e-02 0 
    0.256477 1.237838e+20 4.693141e-02 0 
    0.257661 1.309402e+20 4.918946e-02 0 
    0.258255 1.299511e+20 4.859360e-02 0 
    0.259447 1.288800e+20 4.775124e-02 0 
    0.260645 1.254839e+20 4.606656e-02 0 
    0.261246 1.236769e+20 4.519451e-02 0 
    0.262452 1.308237e+20 4.736778e-02 0 
    0.263663 1.383825e+20 4.964544e-02 0 
    0.264271 1.516267e+20 5.414685e-02 0 
    0.265491 1.589137e+20 5.622873e-02 0 
    0.266716 1.453940e+20 5.097355e-02 0 
    0.267331 1.514393e+20 5.284895e-02 0 
    0.268565 1.551088e+20 5.363324e-02 0 
    0.269804 1.458792e+20 4.997964e-02 0 
    0.270426 1.519420e+20 5.181760e-02 0 
    0.271675 1.429059e+20 4.828889e-02 0 
    0.272301 1.411661e+20 4.748194e-02 0 
    0.273558 1.493119e+20 4.976135e-02 0 
    0.274188 1.305489e+20 4.330847e-02 0 
    0.275454 1.368154e+20 4.497106e-02 0 
    0.276725 1.450396e+20 4.723743e-02 0 
    0.277363 1.510648e+20 4.897368e-02 0 
    0.278644 1.401232e+20 4.500982e-02 0 
    0.279286 1.127669e+20 3.605617e-02 0 
    0.280575 1.209283e+20 3.831128e-02 0 
    0.281222 1.517735e+20 4.786232e-02 0 
    0.282520 1.627538e+20 5.085448e-02 0 
    0.283824 1.591700e+20 4.927872e-02 0 
    0.284478 1.522402e+20 4.691681e-02 0 
    0.285791 1.425125e+20 4.351632e-02 0 
    0.286450 1.631225e+20 4.958069e-02 0 
    0.287772 1.693683e+20 5.100720e-02 0 
    0.288436 1.676844e+20 5.026784e-02 0 
    0.289767 1.713188e+20 5.088664e-02 0 
    0.291105 1.892933e+20 5.570988e-02 0 
    0.293122 1.828389e+20 5.307233e-02 0 
    0.295154 1.811398e+20 5.185766e-02 0 
    0.297200 1.857590e+20 5.245038e-02 0 
    0.299260 1.883116e+20 5.244163e-02 0 
    0.301335 1.917752e+20 5.267321e-02 0 
    0.302726 1.950131e+20 5.307142e-02 0 
    0.304824 1.990501e+20 5.342698e-02 0 
    0.306937 2.026993e+20 5.365995e-02 0 
    0.309064 2.049878e+20 5.352143e-02 0 
    0.311207 2.106642e+20 5.424860e-02 0 
    0.312643 2.074115e+20 5.292146e-02 0 
    0.314810 2.092569e+20 5.265979e-02 0 
    0.316993 2.160248e+20 5.361678e-02 0 
    0.319190 2.071777e+20 5.071552e-02 0 
    0.320663 2.165464e+20 5.252302e-02 0 
    0.322886 2.076647e+20 4.967761e-02 0 
    0.325124 2.302228e+20 5.431837e-02 0 
    0.326625 2.445339e+20 5.716585e-02 0 
    0.328889 2.449642e+20 5.648074e-02 0 
    0.331168 2.442753e+20 5.554938e-02 0 
    0.331932 2.384993e+20 5.398652e-02 0 
    0.332697 2.426872e+20 5.468214e-02 0 
    0.333464 2.562417e+20 5.747095e-02 0 
    0.334233 2.405466e+20 5.370281e-02 0 
    0.335003 2.516524e+20 5.592425e-02 0 
    0.335776 2.502492e+20 5.535665e-02 0 
    0.336550 2.192570e+20 4.827816e-02 0 
    0.337325 2.195468e+20 4.812010e-02 0 
    0.338103 2.410480e+20 5.258985e-02 0 
    0.338882 2.533232e+20 5.501415e-02 0 
    0.339664 2.394677e+20 5.176597e-02 0 
    0.340447 2.604935e+20 5.605241e-02 0 
    0.341231 2.439972e+20 5.226179e-02 0 
    0.342018 2.552468e+20 5.442004e-02 0 
    0.342807 2.597288e+20 5.512100e-02 0 
    0.343597 2.612570e+20 5.519067e-02 0 
    0.344389 2.369449e+20 4.982477e-02 0 
    0.345183 2.680465e+20 5.610581e-02 0 
    0.345978 2.604729e+20 5.427027e-02 0 
    0.346776 2.590164e+20 5.371872e-02 0 
    0.347575 2.641787e+20 5.453775e-02 0 
    0.348377 2.645125e+20 5.435551e-02 0 
    0.349180 2.703915e+20 5.530835e-02 0 
    0.349985 2.469130e+20 5.027377e-02 0 
    0.350792 2.735796e+20 5.544736e-02 0 
    0.351600 2.556502e+20 5.157566e-02 0 
    0.352411 2.625391e+20 5.272195e-02 0 
    0.353223 2.758861e+20 5.514782e-02 0 
    0.354037 2.839654e+20 5.650209e-02 0 
    0.354854 2.963565e+20 5.869641e-02 0 
    0.355672 2.846928e+20 5.612723e-02 0 
    0.356491 2.896623e+20 5.684487e-02 0 
    0.357313 2.497187e+20 4.878092e-02 0 
    0.358137 2.612087e+20 5.079087e-02 0 
    0.358962 2.304203e+20 4.459849e-02 0 
    0.359790 2.748251e+20 5.294862e-02 0 
    0.360619 2.720128e+20 5.216612e-02 0 
    0.361451 2.704698e+20 5.163169e-02 0 
    0.361971 2.066229e+20 3.933032e-02 1 
    0.362245 2.041764e+20 3.880585e-02 1 
    0.362519 2.627665e+20 4.986605e-02 1 
    0.362794 3.094856e+20 5.864307e-02 1 
    0.363068 2.541504e+20 4.808518e-02 1 
    0.363343 2.101274e+20 3.969590e-02 1 
    0.363617 2.556571e+20 4.822430e-02 1 
    0.363891 2.503933e+20 4.716030e-02 1 
    0.364166 2.928181e+20 5.506754e-02 1 
    0.364440 2.734315e+20 5.134439e-02 1 
    0.364715 3.116295e+20 5.842891e-02 1 
    0.364989 2.861666e+20 5.357422e-02 1 
    0.365263 2.713523e+20 5.072460e-02 1 
    0.365538 3.078473e+20 5.746015e-02 1 
    0.365812 3.922870e+20 7.311129e-02 1 
    0.366087 3.174301e+20 5.907121e-02 1 
    0.366361 2.806682e+20 5.215203e-02 1 
    0.366635 3.812743e+20 7.074017e-02 1 
    0.366910 3.266025e+20 6.050577e-02 1 
    0.367184 2.739273e+20 5.067155e-02 1 
    0.367459 2.813643e+20 5.196939e-02 1 
    0.367733 3.467891e+20 6.395826e-02 1 
    0.368007 3.361165e+20 6.189765e-02 1 
    0.368282 3.523951e+20 6.479855e-02 1 
    0.368556 3.269747e+20 6.003487e-02 1 
    0.368831 2.820620e+20 5.171140e-02 1 
    0.369105 3.399958e+20 6.224008e-02 1 
    0.369379 3.821418e+20 6.985163e-02 1 
    0.369654 3.388960e+20 6.185462e-02 1 
    0.369928 3.022464e+20 5.508370e-02 1 
    0.370203 3.490213e+20 6.351386e-02 1 
    0.370477 3.413203e+20 6.202062e-02 1 
    0.370751 3.523284e+20 6.392628e-02 1 
    0.371026 3.199671e+20 5.796863e-02 1 
    0.371300 2.770938e+20 5.012719e-02 1 
    0.371574 3.294187e+20 5.950509e-02 1 
    0.371849 3.787517e+20 6.831528e-02 1 
    0.372123 3.636784e+20 6.549995e-02 1 
    0.372398 3.841565e+20 6.908598e-02 1 
    0.372672 3.398628e+20 6.103045e-02 1 
    0.372946 3.561846e+20 6.386747e-02 1 
    0.373221 2.849247e+20 5.101459e-02 1 
    0.373495 3.235821e+20 5.785106e-02 1 
    0.373770 2.355115e+20 4.204358e-02 1 
    0.374044 3.272361e+20 5.833273e-02 1 
    0.374318 3.315355e+20 5.901264e-02 1 
    0.374593 3.237400e+20 5.754048e-02 1 
    0.374867 3.532882e+20 6.270053e-02 1 
    0.375142 3.517517e+20 6.233635e-02 1 
    0.375416 3.567735e+20 6.313402e-02 1 
    0.375690 3.142198e+20 5.552273e-02 1 
    0.375965 3.923704e+20 6.923057e-02 1 
    0.376239 3.708870e+20 6.534472e-02 1 
    0.376514 3.900483e+20 6.862030e-02 1 
    0.376788 3.538710e+20 6.216519e-02 1 
    0.377062 3.921321e+20 6.878651e-02 1 
    0.377337 4.063320e+20 7.117355e-02 1 
    0.377611 3.995785e+20 6.988907e-02 1 
    0.377886 4.466205e+20 7.800339e-02 1 
    0.378160 4.358214e+20 7.600704e-02 1 
    0.378434 4.276020e+20 7.446564e-02 1 
    0.378709 4.693147e+20 8.161113e-02 1 
    0.378983 4.492187e+20 7.800363e-02 1 
    0.379258 4.079479e+20 7.073456e-02 1 
    0.379532 3.986766e+20 6.902722e-02 1 
    0.379806 3.678295e+20 6.359447e-02 1 
    0.380081 3.764533e+20 6.499130e-02 1 
    0.380355 4.127965e+20 7.116299e-02 1 
    0.380630 4.106250e+20 7.068639e-02 1 
    0.380904 4.442554e+20 7.636566e-02 1 
    0.381178 4.559659e+20 7.826599e-02 1 
    0.381453 4.645858e+20 7.963065e-02 1 
    0.381727 4.761376e+20 8.149353e-02 1 
    0.382002 4.589709e+20 7.844230e-02 1 
    0.382276 4.155649e+20 7.092205e-02 1 
    0.382550 4.164444e+20 7.097038e-02 1 
    0.382825 3.763098e+20 6.403853e-02 1 
    0.383099 3.838421e+20 6.522694e-02 1 
    0.383374 3.449940e+20 5.854135e-02 1 
    0.383648 3.665579e+20 6.211166e-02 1 
    0.383922 3.481652e+20 5.891092e-02 1 
    0.384197 3.900680e+20 6.590659e-02 1 
    0.384471 4.502360e+20 7.596429e-02 1 
    0.384746 4.426822e+20 7.458307e-02 1 
    0.385020 4.471635e+20 7.523089e-02 1 
    0.385294 4.618835e+20 7.759691e-02 1 
    0.385569 4.768036e+20 7.998928e-02 1 
    0.385843 4.757252e+20 7.969505e-02 1 
    0.386118 4.922086e+20 8.233899e-02 1 
    0.386392 4.952795e+20 8.273525e-02 1 
    0.386666 5.238676e+20 8.738685e-02 1 
    0.386941 5.186667e+20 8.639634e-02 1 
    0.387215 4.891221e+20 8.135971e-02 1 
    0.387490 4.766034e+20 7.916489e-02 1 
    0.387764 4.810544e+20 7.979132e-02 1 
    0.388038 4.707803e+20 7.797694e-02 1 
    0.388313 4.597313e+20 7.603905e-02 1 
    0.388587 4.190941e+20 6.921998e-02 1 
    0.388862 3.875250e+20 6.391534e-02 1 
    0.389136 4.081890e+20 6.722873e-02 1 
    0.389410 4.494461e+20 7.391964e-02 1 
    0.389685 4.702535e+20 7.723267e-02 1 
    0.389959 4.766601e+20 7.817489e-02 1 
    0.390234 4.953720e+20 8.112928e-02 1 
    0.390508 5.029092e+20 8.224814e-02 1 
    0.390782 5.018464e+20 8.195928e-02 1 
    0.391057 5.260510e+20 8.579149e-02 1 
    0.391331 5.264937e+20 8.574348e-02 1 
    0.391606 5.261791e+20 8.557194e-02 1 
    0.391880 5.313662e+20 8.629471e-02 1 
    0.392154 5.298663e+20 8.593091e-02 1 
    0.392429 4.924667e+20 7.975375e-02 1 
    0.392703 4.433435e+20 7.169822e-02 1 
    0.392978 3.951755e+20 6.381899e-02 1 
    0.393252 3.617739e+20 5.834340e-02 1 
    0.393526 3.560969e+20 5.734794e-02 1 
    0.393801 3.726694e+20 5.993307e-02 1 
    0.394075 4.172503e+20 6.700934e-02 1 
    0.394350 4.471689e+20 7.171407e-02 1 
    0.394624 4.855920e+20 7.776801e-02 1 
    0.394898 5.123062e+20 8.193250e-02 1 
    0.395173 4.965289e+20 7.929878e-02 1 
    0.395447 5.041995e+20 8.041227e-02 1 
    0.395722 5.060422e+20 8.059402e-02 1 
    0.395996 4.655168e+20 7.403724e-02 1 
    0.396270 4.356284e+20 6.918792e-02 1 
    0.396545 3.824032e+20 6.065031e-02 1 
    0.396819 3.442034e+20 5.451635e-02 1 
    0.397094 3.277654e+20 5.184095e-02 1 
    0.397368 3.411572e+20 5.388468e-02 1 
    0.397642 3.883917e+20 6.126069e-02 1 
    0.397917 4.546158e+20 7.160709e-02 1 
    0.398191 5.113232e+20 8.042833e-02 1 
    0.398466 5.722747e+20 8.989147e-02 1 
    0.398740 6.040129e+20 9.474647e-02 1 
    0.399014 6.208019e+20 9.724634e-02 1 
    0.399289 6.118357e+20 9.570984e-02 1 
    0.399563 6.174054e+20 9.644869e-02 1 
    0.399838 6.141707e+20 9.581145e-02 1 
    0.400112 6.475169e+20 1.008752e-01 1 
    0.400386 6.371547e+20 9.912508e-02 1 
    0.400661 6.489154e+20 1.008162e-01 1 
    0.400935 6.464581e+20 1.002972e-01 1 
    0.401210 6.713189e+20 1.040116e-01 1 
    0.401484 6.777725e+20 1.048682e-01 1 
    0.401758 6.749927e+20 1.042957e-01 1 
    0.402033 6.870155e+20 1.060082e-01 1 
    0.402307 6.838895e+20 1.053822e-01 1 
    0.402582 6.699700e+20 1.030963e-01 1 
    0.402856 6.825521e+20 1.048896e-01 1 
    0.403130 6.863073e+20 1.053234e-01 1 
    0.403405 6.762054e+20 1.036317e-01 1 
    0.403679 6.687669e+20 1.023526e-01 1 
    0.403954 6.980786e+20 1.066933e-01 1 
    0.404228 6.825098e+20 1.041724e-01 1 
    0.404502 6.768349e+20 1.031663e-01 1 
    0.404777 6.775425e+20 1.031339e-01 1 
    0.405051 6.912433e+20 1.050771e-01 1 
    0.405326 7.029344e+20 1.067093e-01 1 
    0.405600 6.571042e+20 9.961731e-02 1 
    0.405874 6.605746e+20 1.000083e-01 1 
    0.406149 6.759479e+20 1.021972e-01 1 
    0.406423 6.818246e+20 1.029467e-01 1 
    0.406698 6.875025e+20 1.036637e-01 1 
    0.406972 6.774110e+20 1.020046e-01 1 
    0.407246 6.980085e+20 1.049648e-01 1 
    0.407521 7.051513e+20 1.058958e-01 1 
    0.407795 6.625588e+20 9.936584e-02 1 
    0.408070 6.550165e+20 9.810234e-02 1 
    0.408344 6.595837e+20 9.865384e-02 1 
    0.408618 7.043322e+20 1.052056e-01 1 
    0.408893 7.242247e+20 1.080315e-01 1 
    0.409167 7.036744e+20 1.048255e-01 1 
    0.409442 6.796129e+20 1.011052e-01 1 
    0.409716 6.433076e+20 9.557609e-02 1 
    0.409990 6.058933e+20 8.989718e-02 1 
    0.410265 5.775884e+20 8.558271e-02 1 
    0.410539 5.448295e+20 8.062100e-02 1 
    0.410814 5.986216e+20 8.846232e-02 1 
    0.411088 6.503072e+20 9.597220e-02 1 
    0.411362 6.526647e+20 9.619183e-02 1 
    0.411637 6.597543e+20 9.710684e-02 1 
    0.411911 6.872168e+20 1.010144e-01 1 
    0.412186 6.914144e+20 1.014959e-01 1 
    0.412460 7.042016e+20 1.032357e-01 1 
    0.412734 7.047002e+20 1.031717e-01 1 
    0.413009 6.988282e+20 1.021758e-01 1 
    0.413283 6.714574e+20 9.804373e-02 1 
    0.413557 6.846460e+20 9.983707e-02 1 
    0.413832 7.048879e+20 1.026522e-01 1 
    0.414106 7.078840e+20 1.029522e-01 1 
    0.414381 7.018205e+20 1.019349e-01 1 
    0.414655 7.122339e+20 1.033107e-01 1 
    0.414929 6.685041e+20 9.683958e-02 1 
    0.415204 7.137875e+20 1.032624e-01 1 
    0.415478 7.310695e+20 1.056231e-01 1 
    0.415753 7.189401e+20 1.037334e-01 1 
    0.416027 7.178465e+20 1.034392e-01 1 
    0.416301 7.633533e+20 1.098518e-01 1 
    0.416576 7.429819e+20 1.067791e-01 1 
    0.416850 7.533589e+20 1.081281e-01 1 
    0.417125 7.220874e+20 1.035032e-01 1 
    0.417399 6.708392e+20 9.603113e-02 1 
    0.417673 6.770382e+20 9.679141e-02 1 
    0.417948 6.847137e+20 9.775995e-02 1 
    0.418222 6.892544e+20 9.827933e-02 1 
    0.418497 6.875655e+20 9.790972e-02 1 
    0.418771 7.540321e+20 1.072341e-01 1 
    0.419045 7.342175e+20 1.042797e-01 1 
    0.419320 7.323113e+20 1.038726e-01 1 
    0.419594 7.265065e+20 1.029147e-01 1 
    0.419869 7.116419e+20 1.006770e-01 1 
    0.420143 7.059804e+20 9.974584e-02 1 
    0.420417 7.237456e+20 1.021226e-01 1 
    0.420692 7.148909e+20 1.007413e-01 1 
    0.420966 7.418005e+20 1.043974e-01 1 
    0.421241 7.583818e+20 1.065916e-01 1 
    0.421515 7.595227e+20 1.066132e-01 1 
    0.421789 7.626120e+20 1.069078e-01 1 
    0.422064 7.410478e+20 1.037495e-01 1 
    0.422338 7.591617e+20 1.061477e-01 1 
    0.422613 7.399480e+20 1.033266e-01 1 
    0.422887 7.019522e+20 9.789383e-02 1 
    0.423161 7.133552e+20 9.935530e-02 1 
    0.423436 7.206299e+20 1.002382e-01 1 
    0.423710 7.428717e+20 1.031984e-01 1 
    0.423985 7.300994e+20 1.012925e-01 1 
    0.424259 7.767061e+20 1.076195e-01 1 
    0.424533 7.880389e+20 1.090489e-01 1 
    0.424808 7.873151e+20 1.088077e-01 1 
    0.425082 7.690198e+20 1.061423e-01 1 
    0.425357 7.400356e+20 1.020098e-01 1 
    0.425631 7.536270e+20 1.037496e-01 1 
    0.425905 7.653051e+20 1.052218e-01 1 
    0.426180 7.393165e+20 1.015175e-01 1 
    0.426454 7.816030e+20 1.071861e-01 1 
    0.426729 7.793263e+20 1.067361e-01 1 
    0.427003 7.457363e+20 1.020046e-01 1 
    0.427277 7.396031e+20 1.010360e-01 1 
    0.427552 7.491845e+20 1.022133e-01 1 
    0.427826 7.644454e+20 1.041618e-01 1 
    0.428101 7.482378e+20 1.018225e-01 1 
    0.428375 7.606972e+20 1.033856e-01 1 
    0.428649 7.729897e+20 1.049220e-01 1 
    0.428924 7.233603e+20 9.805966e-02 1 
    0.429198 7.098558e+20 9.610615e-02 1 
    0.429473 7.143660e+20 9.659296e-02 1 
    0.429747 7.234046e+20 9.769041e-02 1 
    0.430021 6.813079e+20 9.188837e-02 1 
    0.430296 6.629843e+20 8.930281e-02 1 
    0.430570 6.435778e+20 8.657848e-02 1 
    0.430845 6.550754e+20 8.801275e-02 1 
    0.431119 6.735812e+20 9.038412e-02 1 
    0.431393 7.261222e+20 9.731055e-02 1 
    0.431668 7.557202e+20 1.011481e-01 1 
    0.431942 8.106985e+20 1.083690e-01 1 
    0.432217 8.167806e+20 1.090431e-01 1 
    0.432491 7.745425e+20 1.032732e-01 1 
    0.432765 7.482332e+20 9.963896e-02 1 
    0.433040 7.522410e+20 1.000455e-01 1 
    0.433314 7.813221e+20 1.037818e-01 1 
    0.433589 7.582241e+20 1.005860e-01 1 
    0.433863 7.296926e+20 9.667878e-02 1 
    0.434137 7.023410e+20 9.293747e-02 1 
    0.434412 7.016496e+20 9.272846e-02 1 
    0.434686 7.255296e+20 9.576357e-02 1 
    0.434961 7.507677e+20 9.896951e-02 1 
    0.435235 7.713517e+20 1.015550e-01 1 
    0.435509 7.691088e+20 1.011323e-01 1 
    0.435784 7.765995e+20 1.019885e-01 1 
    0.436058 8.030428e+20 1.053287e-01 1 
    0.436333 8.463444e+20 1.108683e-01 1 
    0.436607 8.727337e+20 1.141818e-01 1 
    0.436881 8.697758e+20 1.136521e-01 1 
    0.437156 8.435526e+20 1.100869e-01 1 
    0.437430 8.135248e+20 1.060352e-01 1 
    0.437705 8.145869e+20 1.060403e-01 1 
    0.437979 8.166790e+20 1.061796e-01 1 
    0.438253 8.027394e+20 1.042368e-01 1 
    0.438528 7.767113e+20 1.007306e-01 1 
    0.438802 7.774770e+20 1.007040e-01 1 
    0.439077 7.987653e+20 1.033319e-01 1 
    0.439351 8.153408e+20 1.053446e-01 1 
    0.439625 8.403763e+20 1.084440e-01 1 
    0.439900 8.230688e+20 1.060778e-01 1 
    0.440174 8.237633e+20 1.060352e-01 1 
    0.440449 8.058050e+20 1.035941e-01 1 
    0.440723 8.372825e+20 1.075071e-01 1 
    0.440997 8.419985e+20 1.079783e-01 1 
    0.441272 8.399959e+20 1.075872e-01 1 
    0.441546 8.572759e+20 1.096643e-01 1 
    0.441821 8.492925e+20 1.085078e-01 1 
    0.442095 8.783683e+20 1.120835e-01 1 
    0.442369 8.963846e+20 1.142409e-01 1 
    0.442644 8.728971e+20 1.111093e-01 1 
    0.442918 8.840423e+20 1.123887e-01 1 
    0.443193 8.983327e+20 1.140638e-01 1 
    0.443467 8.698578e+20 1.103118e-01 1 
    0.443741 8.652295e+20 1.095894e-01 1 
    0.444016 8.836902e+20 1.117890e-01 1 
    0.444290 8.948232e+20 1.130578e-01 1 
    0.444565 9.195126e+20 1.160336e-01 1 
    0.444839 9.251498e+20 1.166011e-01 1 
    0.445113 9.356463e+20 1.177789e-01 1 
    0.445388 9.243685e+20 1.162156e-01 1 
    0.445662 8.781072e+20 1.102638e-01 1 
    0.445937 8.800851e+20 1.103759e-01 1 
    0.446211 8.831769e+20 1.106276e-01 1 
    0.446485 8.963714e+20 1.121426e-01 1 
    0.446760 9.043274e+20 1.129987e-01 1 
    0.447034 8.857523e+20 1.105421e-01 1 
    0.447309 9.102864e+20 1.134643e-01 1 
    0.447583 9.528936e+20 1.186298e-01 1 
    0.447857 9.629302e+20 1.197326e-01 1 
    0.448132 9.685498e+20 1.202836e-01 1 
    0.448406 9.519572e+20 1.180786e-01 1 
    0.448681 9.559310e+20 1.184262e-01 1 
    0.448955 9.593933e+20 1.187101e-01 1 
    0.449229 9.464035e+20 1.169600e-01 1 
    0.449504 9.348976e+20 1.153967e-01 1 
    0.449778 9.442887e+20 1.164139e-01 1 
    0.450052 9.453542e+20 1.164034e-01 1 
    0.450327 9.868973e+20 1.213703e-01 1 
    0.450601 9.992996e+20 1.227462e-01 1 
    0.450876 1.015264e+21 1.245550e-01 1 
    0.451150 1.021960e+21 1.252243e-01 1 
    0.451424 9.939007e+20 1.216382e-01 1 
    0.451699 9.949779e+20 1.216218e-01 1 
    0.451973 1.004561e+21 1.226444e-01 1 
    0.452248 9.801023e+20 1.195128e-01 1 
    0.452522 9.657340e+20 1.176182e-01 1 
    0.452796 9.447724e+20 1.149261e-01 1 
    0.453071 9.160923e+20 1.113020e-01 1 
    0.453345 9.148645e+20 1.110185e-01 1 
    0.453620 9.027236e+20 1.094125e-01 1 
    0.453894 9.385697e+20 1.136198e-01 1 
    0.454168 9.643628e+20 1.166014e-01 1 
    0.454443 9.563980e+20 1.154985e-01 1 
    0.454717 9.597721e+20 1.157663e-01 1 
    0.454992 9.771033e+20 1.177144e-01 1 
    0.455266 9.578643e+20 1.152577e-01 1 
    0.455540 9.432086e+20 1.133577e-01 1 
    0.455815 9.673095e+20 1.161140e-01 1 
    0.456089 9.838769e+20 1.179609e-01 1 
    0.456364 1.007544e+21 1.206529e-01 1 
    0.456638 1.017528e+21 1.217023e-01 1 
    0.456912 1.027264e+21 1.227195e-01 1 
    0.457187 1.004184e+21 1.198180e-01 1 
    0.457461 9.465533e+20 1.128063e-01 1 
    0.457736 9.553787e+20 1.137213e-01 1 
    0.458010 9.717867e+20 1.155360e-01 1 
    0.458284 9.644322e+20 1.145246e-01 1 
    0.458559 9.942897e+20 1.179286e-01 1 
    0.458833 1.017123e+21 1.204926e-01 1 
    0.459108 1.008704e+21 1.193522e-01 1 
    0.459382 1.001713e+21 1.183836e-01 1 
    0.459656 1.010210e+21 1.192456e-01 1 
    0.459931 1.017273e+21 1.199358e-01 1 
    0.460205 1.002170e+21 1.180144e-01 1 
    0.460480 1.028121e+21 1.209259e-01 1 
    0.460754 1.029210e+21 1.209100e-01 1 
    0.461028 1.042662e+21 1.223448e-01 1 
    0.461303 1.071854e+21 1.256202e-01 1 
    0.461577 1.041716e+21 1.219432e-01 1 
    0.461852 1.060168e+21 1.239555e-01 1 
    0.462126 1.060099e+21 1.238005e-01 1 
    0.462400 1.036120e+21 1.208567e-01 1 
    0.462675 1.066524e+21 1.242553e-01 1 
    0.462949 1.059970e+21 1.233456e-01 1 
    0.463224 1.049483e+21 1.219803e-01 1 
    0.463498 1.040768e+21 1.208244e-01 1 
    0.463772 1.036738e+21 1.202144e-01 1 
    0.464047 1.029693e+21 1.192560e-01 1 
    0.464321 1.028782e+21 1.190100e-01 1 
    0.464596 1.028794e+21 1.188705e-01 1 
    0.464870 1.026717e+21 1.184906e-01 1 
    0.465144 1.046039e+21 1.205784e-01 1 
    0.465419 1.045693e+21 1.203961e-01 1 
    0.465693 1.035104e+21 1.190367e-01 1 
    0.465968 1.055430e+21 1.212310e-01 1 
    0.466242 1.043470e+21 1.197164e-01 1 
    0.466516 1.036851e+21 1.188174e-01 1 
    0.466791 9.912138e+20 1.134537e-01 1 
    0.467065 9.685954e+20 1.107348e-01 1 
    0.467340 1.002171e+21 1.144385e-01 1 
    0.467614 1.028549e+21 1.173131e-01 1 
    0.467888 1.053812e+21 1.200538e-01 1 
    0.468163 1.069490e+21 1.216968e-01 1 
    0.468437 1.055862e+21 1.200055e-01 1 
    0.468712 1.068085e+21 1.212524e-01 1 
    0.468986 1.067590e+21 1.210546e-01 1 
    0.469260 1.066996e+21 1.208460e-01 1 
    0.469535 1.070705e+21 1.211240e-01 1 
    0.469809 1.067599e+21 1.206318e-01 1 
    0.470084 1.039584e+21 1.173289e-01 1 
    0.470358 1.044502e+21 1.177466e-01 1 
    0.470632 1.054135e+21 1.186943e-01 1 
    0.470907 1.065549e+21 1.198394e-01 1 
    0.471181 1.078131e+21 1.211135e-01 1 
    0.471456 1.090789e+21 1.223925e-01 1 
    0.471730 1.109539e+21 1.243518e-01 1 
    0.472004 1.093138e+21 1.223715e-01 1 
    0.472279 1.116239e+21 1.248120e-01 1 
    0.472553 1.113798e+21 1.243947e-01 1 
    0.472828 1.083760e+21 1.208991e-01 1 
    0.473102 1.072480e+21 1.195023e-01 1 
    0.473376 1.052323e+21 1.171206e-01 1 
    0.473651 1.080700e+21 1.201391e-01 1 
    0.473925 1.080795e+21 1.200109e-01 1 
    0.474200 1.105502e+21 1.226119e-01 1 
    0.474474 1.114850e+21 1.235060e-01 1 
    0.474748 1.099548e+21 1.216703e-01 1 
    0.475023 1.106631e+21 1.223123e-01 1 
    0.475297 1.117752e+21 1.233991e-01 1 
    0.475572 1.087784e+21 1.199517e-01 1 
    0.475846 1.107408e+21 1.219752e-01 1 
    0.476120 1.103480e+21 1.214026e-01 1 
    0.476395 1.101051e+21 1.209955e-01 1 
    0.476669 1.085106e+21 1.191063e-01 1 
    0.476944 1.098658e+21 1.204548e-01 1 
    0.477218 1.113657e+21 1.219591e-01 1 
    0.477492 1.113372e+21 1.217880e-01 1 
    0.477767 1.136501e+21 1.241750e-01 1 
    0.478041 1.114265e+21 1.216059e-01 1 
    0.478316 1.110144e+21 1.210168e-01 1 
    0.478590 1.116924e+21 1.216165e-01 1 
    0.478864 1.115350e+21 1.213063e-01 1 
    0.479139 1.115988e+21 1.212364e-01 1 
    0.479413 1.140549e+21 1.237630e-01 1 
    0.479688 1.142942e+21 1.238805e-01 1 
    0.479962 1.151616e+21 1.246782e-01 1 
    0.480236 1.140955e+21 1.233831e-01 1 
    0.480511 1.139931e+21 1.231312e-01 1 
    0.480785 1.142126e+21 1.232278e-01 1 
    0.481060 1.125351e+21 1.212791e-01 1 
    0.481334 1.168403e+21 1.257755e-01 1 
    0.481608 1.188602e+21 1.278043e-01 1 
    0.481883 1.153775e+21 1.239180e-01 1 
    0.482157 1.146059e+21 1.229494e-01 1 
    0.482432 1.186575e+21 1.271509e-01 1 
    0.482706 1.178724e+21 1.261662e-01 1 
    0.482980 1.154782e+21 1.234634e-01 1 
    0.483255 1.133189e+21 1.210169e-01 1 
    0.483529 1.140849e+21 1.216969e-01 1 
    0.483804 1.133755e+21 1.208027e-01 1 
    0.484078 1.127950e+21 1.200482e-01 1 
    0.484352 1.098516e+21 1.167833e-01 1 
    0.484627 1.148605e+21 1.219697e-01 1 
    0.484901 1.108375e+21 1.175647e-01 1 
    0.485176 1.061686e+21 1.124848e-01 1 
    0.485450 1.053429e+21 1.114840e-01 1 
    0.485724 1.013353e+21 1.071218e-01 1 
    0.485999 1.037360e+21 1.095356e-01 1 
    0.486273 1.046906e+21 1.104190e-01 1 
    0.486548 1.061145e+21 1.117943e-01 1 
    0.486822 1.017582e+21 1.070842e-01 1 
    0.487096 9.848667e+20 1.035249e-01 1 
    0.487371 9.771064e+20 1.025933e-01 1 
    0.487645 1.018627e+21 1.068327e-01 1 
    0.487919 1.022124e+21 1.070791e-01 1 
    0.488194 1.071561e+21 1.121317e-01 1 
    0.488468 1.080908e+21 1.129829e-01 1 
    0.488743 1.099040e+21 1.147490e-01 1 
    0.489017 1.073484e+21 1.119552e-01 1 
    0.489291 1.061844e+21 1.106172e-01 1 
    0.489566 1.111439e+21 1.156537e-01 1 
    0.489840 1.118041e+21 1.162106e-01 1 
    0.490115 1.126408e+21 1.169490e-01 1 
    0.490389 1.132212e+21 1.174202e-01 1 
    0.490663 1.107438e+21 1.147226e-01 1 
    0.490938 1.111832e+21 1.150489e-01 1 
    0.491212 1.113800e+21 1.151240e-01 1 
    0.491487 1.100062e+21 1.135768e-01 1 
    0.491761 1.093454e+21 1.127688e-01 1 
    0.492035 1.076749e+21 1.109223e-01 1 
    0.492310 1.043515e+21 1.073786e-01 1 
    0.492584 1.069466e+21 1.099266e-01 1 
    0.492859 1.111061e+21 1.140746e-01 1 
    0.493133 1.164385e+21 1.194167e-01 1 
    0.493407 1.136004e+21 1.163766e-01 1 
    0.493682 1.168286e+21 1.195504e-01 1 
    0.493956 1.151728e+21 1.177253e-01 1 
    0.494231 1.138959e+21 1.162906e-01 1 
    0.494505 1.146994e+21 1.169812e-01 1 
    0.494779 1.168075e+21 1.189994e-01 1 
    0.495054 1.178839e+21 1.199625e-01 1 
    0.495328 1.197312e+21 1.217077e-01 1 
    0.495603 1.160315e+21 1.178161e-01 1 
    0.495877 1.153684e+21 1.170134e-01 1 
    0.496151 1.151580e+21 1.166710e-01 1 
    0.496426 1.174645e+21 1.188760e-01 1 
    0.496700 1.155453e+21 1.168047e-01 1 
    0.496975 1.168179e+21 1.179606e-01 1 
    0.497249 1.164588e+21 1.174683e-01 1 
    0.497523 1.219157e+21 1.228372e-01 1 
    0.497798 1.207951e+21 1.215737e-01 1 
    0.498072 1.158224e+21 1.164407e-01 1 
    0.498347 1.137115e+21 1.141923e-01 1 
    0.498621 1.113875e+21 1.117357e-01 1 
    0.498895 1.130326e+21 1.132613e-01 1 
    0.499170 1.179699e+21 1.180784e-01 1 
    0.499444 1.154871e+21 1.154665e-01 1 
    0.499719 1.165894e+21 1.164404e-01 1 
    0.499993 1.155264e+21 1.152523e-01 1 
    0.500267 1.142889e+21 1.138930e-01 1 
    0.500542 1.136723e+21 1.131540e-01 1 
    0.500816 1.099373e+21 1.093164e-01 1 
    0.501091 1.082202e+21 1.074909e-01 1 
    0.501365 1.077993e+21 1.069558e-01 1 
    0.501639 1.095051e+21 1.085296e-01 1 
    0.501914 1.085653e+21 1.074803e-01 1 
    0.502188 1.105946e+21 1.093699e-01 1 
    0.502463 1.140587e+21 1.126722e-01 1 
    0.502737 1.136626e+21 1.121585e-01 1 
    0.503011 1.174087e+21 1.157289e-01 1 
    0.503286 1.176782e+21 1.158678e-01 1 
    0.503560 1.158147e+21 1.139089e-01 1 
    0.503835 1.166928e+21 1.146473e-01 1 
    0.504109 1.128876e+21 1.107883e-01 1 
    0.504383 1.155712e+21 1.132988e-01 1 
    0.504658 1.175008e+21 1.150649e-01 1 
    0.504932 1.197517e+21 1.171419e-01 1 
    0.505207 1.173949e+21 1.147115e-01 1 
    0.505481 1.142048e+21 1.114734e-01 1 
    0.505755 1.203401e+21 1.173347e-01 1 
    0.506030 1.209268e+21 1.177787e-01 1 
    0.506304 1.246616e+21 1.212848e-01 1 
    0.506579 1.251162e+21 1.215950e-01 1 
    0.506853 1.209843e+21 1.174522e-01 1 
    0.507127 1.176877e+21 1.141284e-01 1 
    0.507402 1.181797e+21 1.144814e-01 1 
    0.507676 1.174668e+21 1.136680e-01 1 
    0.507951 1.162427e+21 1.123617e-01 1 
    0.508225 1.194837e+21 1.153701e-01 1 
    0.508499 1.184529e+21 1.142515e-01 1 
    0.508774 1.160253e+21 1.117891e-01 1 
    0.509048 1.230801e+21 1.184586e-01 1 
    0.509323 1.232128e+21 1.184583e-01 1 
    0.509597 1.218185e+21 1.169919e-01 1 
    0.509871 1.224128e+21 1.174364e-01 1 
    0.510146 1.150210e+21 1.102261e-01 1 
    0.510420 1.178790e+21 1.128437e-01 1 
    0.510695 1.169254e+21 1.118104e-01 1 
    0.510969 1.173425e+21 1.120889e-01 1 
    0.511243 1.196450e+21 1.141659e-01 1 
    0.511518 1.193467e+21 1.137588e-01 1 
    0.511792 1.254730e+21 1.194703e-01 1 
    0.512067 1.248479e+21 1.187474e-01 1 
    0.512341 1.251564e+21 1.189135e-01 1 
    0.512615 1.211566e+21 1.149902e-01 1 
    0.512890 1.153358e+21 1.093483e-01 1 
    0.513164 1.186072e+21 1.123299e-01 1 
    0.513439 1.216139e+21 1.150541e-01 1 
    0.513713 1.201241e+21 1.135234e-01 1 
    0.513987 1.197478e+21 1.130472e-01 1 
    0.514262 1.194784e+21 1.126723e-01 1 
    0.514536 1.152763e+21 1.085937e-01 1 
    0.514811 1.200919e+21 1.130094e-01 1 
    0.515085 1.193943e+21 1.122334e-01 1 
    0.515359 1.184898e+21 1.112648e-01 1 
    0.515634 1.205619e+21 1.130898e-01 1 
    0.515908 1.215699e+21 1.139142e-01 1 
    0.516183 1.194005e+21 1.117622e-01 1 
    0.516457 1.182222e+21 1.105420e-01 1 
    0.516731 1.136603e+21 1.061637e-01 1 
    0.517006 1.058530e+21 9.876619e-02 1 
    0.517280 1.056782e+21 9.849872e-02 1 
    0.517555 1.058306e+21 9.853596e-02 1 
    0.517829 1.144372e+21 1.064365e-01 1 
    0.518103 1.141955e+21 1.060995e-01 1 
    0.518378 1.092587e+21 1.014050e-01 1 
    0.518652 1.095476e+21 1.015658e-01 1 
    0.518927 1.119291e+21 1.036637e-01 1 
    0.519201 1.141592e+21 1.056176e-01 1 
    0.519475 1.150907e+21 1.063671e-01 1 
    0.519750 1.208419e+21 1.115643e-01 1 
    0.520024 1.201396e+21 1.107990e-01 1 
    0.520299 1.211437e+21 1.116070e-01 1 
    0.520573 1.193057e+21 1.097980e-01 1 
    0.520847 1.165437e+21 1.071432e-01 1 
    0.521122 1.199828e+21 1.101886e-01 1 
    0.521396 1.256520e+21 1.152738e-01 1 
    0.521671 1.256266e+21 1.151290e-01 1 
    0.521945 1.250630e+21 1.144922e-01 1 
    0.522219 1.247146e+21 1.140535e-01 1 
    0.522494 1.204221e+21 1.100120e-01 1 
    0.522768 1.198682e+21 1.093912e-01 1 
    0.523043 1.200235e+21 1.094178e-01 1 
    0.523317 1.181628e+21 1.076088e-01 1 
    0.523591 1.244412e+21 1.132078e-01 1 
    0.523866 1.244362e+21 1.130844e-01 1 
    0.524140 1.273967e+21 1.156538e-01 1 
    0.524414 1.294719e+21 1.174150e-01 1 
    0.524689 1.268601e+21 1.149258e-01 1 
    0.524963 1.252834e+21 1.133790e-01 1 
    0.525238 1.233955e+21 1.115535e-01 1 
    0.525512 1.262034e+21 1.139731e-01 1 
    0.525786 1.275041e+21 1.150277e-01 1 
    0.526061 1.239429e+21 1.116981e-01 1 
    0.526335 1.250235e+21 1.125547e-01 1 
    0.526610 1.174761e+21 1.056496e-01 1 
    0.526884 1.131361e+21 1.016407e-01 1 
    0.527158 1.163792e+21 1.044456e-01 1 
    0.527433 1.194975e+21 1.071324e-01 1 
    0.527707 1.235007e+21 1.106064e-01 1 
    0.527982 1.249514e+21 1.117891e-01 1 
    0.528256 1.272433e+21 1.137215e-01 1 
    0.528530 1.315363e+21 1.174364e-01 1 
    0.528805 1.343856e+21 1.198555e-01 1 
    0.529079 1.357026e+21 1.209048e-01 1 
    0.529354 1.356389e+21 1.207225e-01 1 
    0.529628 1.377963e+21 1.225159e-01 1 
    0.529902 1.290321e+21 1.146048e-01 1 
    0.530177 1.315487e+21 1.167189e-01 1 
    0.530451 1.311051e+21 1.162052e-01 1 
    0.530726 1.353032e+21 1.198019e-01 1 
    0.531000 1.378092e+21 1.218949e-01 1 
    0.531274 1.383091e+21 1.222109e-01 1 
    0.531549 1.366631e+21 1.206316e-01 1 
    0.531823 1.364158e+21 1.202892e-01 1 
    0.532098 1.350375e+21 1.189508e-01 1 
    0.532372 1.335648e+21 1.175326e-01 1 
    0.532646 1.324178e+21 1.164033e-01 1 
    0.532921 1.258616e+21 1.105259e-01 1 
    0.533195 1.284136e+21 1.126511e-01 1 
    0.533470 1.289062e+21 1.129666e-01 1 
    0.533744 1.321325e+21 1.156752e-01 1 
    0.534018 1.351879e+21 1.182286e-01 1 
    0.534293 1.350083e+21 1.179500e-01 1 
    0.534567 1.333316e+21 1.163658e-01 1 
    0.534842 1.336097e+21 1.164886e-01 1 
    0.535116 1.383069e+21 1.204604e-01 1 
    0.535390 1.360557e+21 1.183784e-01 1 
    0.535665 1.414913e+21 1.229814e-01 1 
    0.535939 1.435411e+21 1.246356e-01 1 
    0.536214 1.417628e+21 1.229653e-01 1 
    0.536488 1.419512e+21 1.230029e-01 1 
    0.536762 1.373537e+21 1.188976e-01 1 
    0.537037 1.343931e+21 1.162157e-01 1 
    0.537311 1.331363e+21 1.150116e-01 1 
    0.537586 1.361689e+21 1.175110e-01 1 
    0.537860 1.410701e+21 1.216166e-01 1 
    0.538134 1.356701e+21 1.168422e-01 1 
    0.538409 1.349873e+21 1.161354e-01 1 
    0.538683 1.376223e+21 1.182820e-01 1 
    0.538958 1.367152e+21 1.173825e-01 1 
    0.539232 1.398374e+21 1.199412e-01 1 
    0.539506 1.366189e+21 1.170617e-01 1 
    0.539781 1.351196e+21 1.156590e-01 1 
    0.540055 1.344808e+21 1.149955e-01 1 
    0.540330 1.359146e+21 1.161032e-01 1 
    0.540604 1.326530e+21 1.132023e-01 1 
    0.540878 1.318648e+21 1.124156e-01 1 
    0.541153 1.338338e+21 1.139783e-01 1 
    0.541427 1.350266e+21 1.148777e-01 1 
    0.541702 1.381486e+21 1.174146e-01 1 
    0.541976 1.415227e+21 1.201607e-01 1 
    0.542250 1.389525e+21 1.178592e-01 1 
    0.542525 1.371096e+21 1.161782e-01 1 
    0.542799 1.364263e+21 1.154826e-01 1 
    0.543074 1.354629e+21 1.145510e-01 1 
    0.543348 1.362081e+21 1.150650e-01 1 
    0.543622 1.384768e+21 1.168636e-01 1 
    0.543897 1.374992e+21 1.159213e-01 1 
    0.544171 1.402373e+21 1.181107e-01 1 
    0.544446 1.393418e+21 1.172380e-01 1 
    0.544720 1.397179e+21 1.174362e-01 1 
    0.544994 1.400818e+21 1.176237e-01 1 
    0.545269 1.362731e+21 1.143102e-01 1 
    0.545543 1.370298e+21 1.148295e-01 1 
    0.545818 1.370207e+21 1.147062e-01 1 
    0.546092 1.376577e+21 1.151239e-01 1 
    0.546366 1.422295e+21 1.188280e-01 1 
    0.546641 1.422442e+21 1.187207e-01 1 
    0.546915 1.412379e+21 1.177628e-01 1 
    0.547190 1.418680e+21 1.181693e-01 1 
    0.547464 1.382473e+21 1.150382e-01 1 
    0.547738 1.367762e+21 1.137002e-01 1 
    0.548013 1.374611e+21 1.141549e-01 1 
    0.548287 1.362375e+21 1.130257e-01 1 
    0.548562 1.342620e+21 1.112752e-01 1 
    0.548836 1.406090e+21 1.164192e-01 1 
    0.549110 1.434870e+21 1.186835e-01 1 
    0.549385 1.406442e+21 1.162157e-01 1 
    0.549659 1.436962e+21 1.186192e-01 1 
    0.549934 1.405878e+21 1.159373e-01 1 
    0.550208 1.419302e+21 1.169277e-01 1 
    0.550482 1.421758e+21 1.170135e-01 1 
    0.550757 1.395313e+21 1.147223e-01 1 
    0.551031 1.411626e+21 1.159482e-01 1 
    0.551306 1.395420e+21 1.145028e-01 1 
    0.551580 1.420316e+21 1.164299e-01 1 
    0.551854 1.426305e+21 1.168047e-01 1 
    0.552129 1.424125e+21 1.165101e-01 1 
    0.552403 1.447939e+21 1.183409e-01 1 
    0.552678 1.432268e+21 1.169436e-01 1 
    0.552952 1.421419e+21 1.159428e-01 1 
    0.553226 1.418429e+21 1.155843e-01 1 
    0.553501 1.416943e+21 1.153486e-01 1 
    0.553775 1.387547e+21 1.128437e-01 1 
    0.554050 1.432272e+21 1.163655e-01 1 
    0.554324 1.458158e+21 1.183514e-01 1 
    0.554598 1.424879e+21 1.155361e-01 1 
    0.554873 1.497720e+21 1.213221e-01 1 
    0.555147 1.467585e+21 1.187637e-01 1 
    0.555422 1.477776e+21 1.194700e-01 1 
    0.555696 1.489310e+21 1.202837e-01 1 
    0.555970 1.473267e+21 1.188708e-01 1 
    0.556245 1.440125e+21 1.160819e-01 1 
    0.556519 1.501503e+21 1.209101e-01 1 
    0.556794 1.452483e+21 1.168472e-01 1 
    0.557068 1.410357e+21 1.133468e-01 1 
    0.557342 1.481148e+21 1.189190e-01 1 
    0.557617 1.445303e+21 1.159266e-01 1 
    0.557891 1.453672e+21 1.164835e-01 1 
    0.558166 1.465534e+21 1.173182e-01 1 
    0.558440 1.427955e+21 1.141978e-01 1 
    0.558714 1.376364e+21 1.099641e-01 1 
    0.558989 1.426269e+21 1.138391e-01 1 
    0.559263 1.392495e+21 1.110345e-01 1 
    0.559538 1.411332e+21 1.124260e-01 1 
    0.559812 1.432962e+21 1.140372e-01 1 
    0.560086 1.441706e+21 1.146208e-01 1 
    0.560361 1.458282e+21 1.158249e-01 1 
    0.560635 1.470773e+21 1.167029e-01 1 
    0.560910 1.504827e+21 1.192880e-01 1 
    0.561184 1.510490e+21 1.196200e-01 1 
    0.561458 1.495325e+21 1.183034e-01 1 
    0.561733 1.464348e+21 1.157393e-01 1 
    0.562007 1.446798e+21 1.142407e-01 1 
    0.562281 1.440612e+21 1.136414e-01 1 
    0.562556 1.481276e+21 1.167350e-01 1 
    0.562830 1.500058e+21 1.181000e-01 1 
    0.563105 1.483487e+21 1.166813e-01 1 
    0.563379 1.487658e+21 1.168956e-01 1 
    0.563653 1.506154e+21 1.182339e-01 1 
    0.563928 1.492469e+21 1.170454e-01 1 
    0.564202 1.483947e+21 1.162641e-01 1 
    0.564477 1.471167e+21 1.151505e-01 1 
    0.564751 1.501415e+21 1.174041e-01 1 
    0.565025 1.539532e+21 1.202679e-01 1 
    0.565300 1.516611e+21 1.183621e-01 1 
    0.565574 1.485269e+21 1.158037e-01 1 
    0.565849 1.454001e+21 1.132557e-01 1 
    0.566123 1.478110e+21 1.150222e-01 1 
    0.566397 1.466393e+21 1.140000e-01 1 
    0.566672 1.486629e+21 1.154610e-01 1 
    0.566946 1.514835e+21 1.175380e-01 1 
    0.567221 1.507946e+21 1.168901e-01 1 
    0.567495 1.544172e+21 1.195826e-01 1 
    0.567769 1.575484e+21 1.218897e-01 1 
    0.568044 1.584487e+21 1.224676e-01 1 
    0.568318 1.551775e+21 1.198236e-01 1 
    0.568593 1.495336e+21 1.153539e-01 1 
    0.568867 1.446218e+21 1.114573e-01 1 
    0.569141 1.481609e+21 1.140749e-01 1 
    0.569416 1.511638e+21 1.162746e-01 1 
    0.569690 1.538867e+21 1.182552e-01 1 
    0.569965 1.548368e+21 1.188705e-01 1 
    0.570239 1.514128e+21 1.161302e-01 1 
    0.570513 1.501544e+21 1.150545e-01 1 
    0.570788 1.498584e+21 1.147170e-01 1 
    0.571062 1.482317e+21 1.133629e-01 1 
    0.571337 1.462515e+21 1.117409e-01 1 
    0.571611 1.478296e+21 1.128383e-01 1 
    0.571885 1.518040e+21 1.157610e-01 1 
    0.572160 1.532776e+21 1.167724e-01 1 
    0.572434 1.563573e+21 1.190046e-01 1 
    0.572709 1.574505e+21 1.197216e-01 1 
    0.572983 1.548886e+21 1.176610e-01 1 
    0.573257 1.561020e+21 1.184694e-01 1 
    0.573532 1.572187e+21 1.192025e-01 1 
    0.573806 1.549454e+21 1.173667e-01 1 
    0.574081 1.557868e+21 1.178910e-01 1 
    0.574355 1.593341e+21 1.204604e-01 1 
    0.574629 1.630510e+21 1.231529e-01 1 
    0.574904 1.607666e+21 1.213114e-01 1 
    0.575178 1.582220e+21 1.192776e-01 1 
    0.575453 1.554591e+21 1.170828e-01 1 
    0.575727 1.553015e+21 1.168528e-01 1 
    0.576001 1.557415e+21 1.170724e-01 1 
    0.576276 1.531103e+21 1.149846e-01 1 
    0.576550 1.540837e+21 1.156057e-01 1 
    0.576825 1.564155e+21 1.172433e-01 1 
    0.577099 1.592448e+21 1.192507e-01 1 
    0.577373 1.573501e+21 1.177200e-01 1 
    0.577648 1.572275e+21 1.175164e-01 1 
    0.577922 1.554774e+21 1.160981e-01 1 
    0.578197 1.546995e+21 1.154074e-01 1 
    0.578471 1.500992e+21 1.118695e-01 1 
    0.578745 1.501410e+21 1.117947e-01 1 
    0.579020 1.547589e+21 1.151238e-01 1 
    0.579294 1.576929e+21 1.171954e-01 1 
    0.579569 1.582821e+21 1.175217e-01 1 
    0.579843 1.608133e+21 1.192882e-01 1 
    0.580117 1.603010e+21 1.187959e-01 1 
    0.580392 1.564186e+21 1.158089e-01 1 
    0.580666 1.603005e+21 1.185710e-01 1 
    0.580941 1.580111e+21 1.167669e-01 1 
    0.581215 1.580589e+21 1.166922e-01 1 
    0.581489 1.594854e+21 1.176344e-01 1 
    0.581764 1.600209e+21 1.179178e-01 1 
    0.582038 1.594085e+21 1.173560e-01 1 
    0.582313 1.549958e+21 1.139996e-01 1 
    0.582587 1.611880e+21 1.184425e-01 1 
    0.582861 1.607638e+21 1.180198e-01 1 
    0.583136 1.627179e+21 1.193416e-01 1 
    0.583410 1.604823e+21 1.175915e-01 1 
    0.583685 1.639309e+21 1.200053e-01 1 
    0.583959 1.636460e+21 1.196843e-01 1 
    0.584233 1.587159e+21 1.159697e-01 1 
    0.584508 1.630298e+21 1.190098e-01 1 
    0.584782 1.646875e+21 1.201072e-01 1 
    0.585057 1.623811e+21 1.183139e-01 1 
    0.585331 1.593863e+21 1.160231e-01 1 
    0.585605 1.535079e+21 1.116395e-01 1 
    0.585880 1.551768e+21 1.127472e-01 1 
    0.586154 1.540981e+21 1.118588e-01 1 
    0.586429 1.602134e+21 1.161888e-01 1 
    0.586703 1.605924e+21 1.163550e-01 1 
    0.586977 1.634786e+21 1.183356e-01 1 
    0.587252 1.591536e+21 1.150970e-01 1 
    0.587526 1.634881e+21 1.181214e-01 1 
    0.587801 1.614163e+21 1.165154e-01 1 
    0.588075 1.327243e+21 9.571529e-02 1 
    0.588349 1.500615e+21 1.081174e-01 1 
    0.588624 1.421854e+21 1.023471e-01 1 
    0.588898 1.404424e+21 1.009984e-01 1 
    0.589173 1.446037e+21 1.038939e-01 1 
    0.589447 1.462522e+21 1.049806e-01 1 
    0.589721 1.435372e+21 1.029361e-01 1 
    0.589996 1.517094e+21 1.086953e-01 1 
    0.590270 1.527104e+21 1.093110e-01 1 
    0.590545 1.636529e+21 1.170345e-01 1 
    0.590819 1.595647e+21 1.140051e-01 1 
    0.591093 1.608078e+21 1.147868e-01 1 
    0.591368 1.539544e+21 1.097926e-01 1 
    0.591642 1.600397e+21 1.140266e-01 1 
    0.591917 1.543230e+21 1.098514e-01 1 
    0.592191 1.574165e+21 1.119497e-01 1 
    0.592465 1.606587e+21 1.141498e-01 1 
    0.592740 1.618406e+21 1.148829e-01 1 
    0.593014 1.574922e+21 1.116929e-01 1 
    0.593289 1.613094e+21 1.142940e-01 1 
    0.593563 1.580863e+21 1.119069e-01 1 
    0.593837 1.603819e+21 1.134272e-01 1 
    0.594112 1.597044e+21 1.128435e-01 1 
    0.594386 1.570162e+21 1.108418e-01 1 
    0.594661 1.620184e+21 1.142673e-01 1 
    0.594935 1.611576e+21 1.135555e-01 1 
    0.595209 1.605156e+21 1.129990e-01 1 
    0.595484 1.634642e+21 1.149685e-01 1 
    0.595758 1.634702e+21 1.148670e-01 1 
    0.596033 1.648941e+21 1.157606e-01 1 
    0.596307 1.671141e+21 1.172113e-01 1 
    0.596581 1.654347e+21 1.159269e-01 1 
    0.596856 1.650823e+21 1.155734e-01 1 
    0.597130 1.617751e+21 1.131541e-01 1 
    0.597405 1.647886e+21 1.151558e-01 1 
    0.597679 1.615053e+21 1.127580e-01 1 
    0.597953 1.638483e+21 1.142890e-01 1 
    0.598228 1.649665e+21 1.149632e-01 1 
    0.598502 1.621504e+21 1.128972e-01 1 
    0.598776 1.627377e+21 1.132025e-01 1 
    0.599051 1.623247e+21 1.128115e-01 1 
    0.599325 1.653797e+21 1.148296e-01 1 
    0.599600 1.648676e+21 1.143690e-01 1 
    0.599874 1.663777e+21 1.153112e-01 1 
    0.600148 1.651772e+21 1.143747e-01 1 
    0.600423 1.653902e+21 1.144173e-01 1 
    0.600697 1.643953e+21 1.136252e-01 1 
    0.600972 1.588250e+21 1.096748e-01 1 
    0.601246 1.614372e+21 1.113771e-01 1 
    0.601520 1.631921e+21 1.124852e-01 1 
    0.601795 1.633255e+21 1.124743e-01 1 
    0.602069 1.654116e+21 1.138072e-01 1 
    0.602344 1.629460e+21 1.120085e-01 1 
    0.602618 1.600004e+21 1.098837e-01 1 
    0.602892 1.660046e+21 1.139037e-01 1 
    0.603167 1.668741e+21 1.143959e-01 1 
    0.603441 1.658068e+21 1.135610e-01 1 
    0.603716 1.648234e+21 1.127846e-01 1 
    0.603990 1.688097e+21 1.154076e-01 1 
    0.604264 1.704756e+21 1.164408e-01 1 
    0.604539 1.696813e+21 1.157929e-01 1 
    0.604813 1.693408e+21 1.154558e-01 1 
    0.605088 1.712311e+21 1.166385e-01 1 
    0.605362 1.724639e+21 1.173720e-01 1 
    0.605636 1.717544e+21 1.167834e-01 1 
    0.605911 1.732574e+21 1.176984e-01 1 
    0.606185 1.755279e+21 1.191331e-01 1 
    0.606460 1.761447e+21 1.194433e-01 1 
    0.606734 1.710186e+21 1.158625e-01 1 
    0.607008 1.719087e+21 1.163605e-01 1 
    0.607283 1.735997e+21 1.173987e-01 1 
    0.607557 1.713007e+21 1.157395e-01 1 
    0.607832 1.681331e+21 1.134965e-01 1 
    0.608106 1.697532e+21 1.144869e-01 1 
    0.608380 1.707723e+21 1.150705e-01 1 
    0.608655 1.681515e+21 1.132022e-01 1 
    0.608929 1.657725e+21 1.115002e-01 1 
    0.609204 1.653724e+21 1.111307e-01 1 
    0.609478 1.666933e+21 1.119177e-01 1 
    0.609752 1.697640e+21 1.138769e-01 1 
    0.610027 1.709151e+21 1.145457e-01 1 
    0.610301 1.687827e+21 1.130150e-01 1 
    0.610576 1.654140e+21 1.106597e-01 1 
    0.610850 1.671884e+21 1.117464e-01 1 
    0.611124 1.672905e+21 1.117144e-01 1 
    0.611399 1.681468e+21 1.121852e-01 1 
    0.611673 1.707148e+21 1.137965e-01 1 
    0.611948 1.765341e+21 1.175699e-01 1 
    0.612222 1.704742e+21 1.134324e-01 1 
    0.612496 1.657479e+21 1.101889e-01 1 
    0.612771 1.687492e+21 1.120835e-01 1 
    0.613045 1.708684e+21 1.133897e-01 1 
    0.613320 1.715785e+21 1.137588e-01 1 
    0.613594 1.671909e+21 1.107508e-01 1 
    0.613868 1.698072e+21 1.123835e-01 1 
    0.614143 1.640498e+21 1.084759e-01 1 
    0.614417 1.710913e+21 1.130311e-01 1 
    0.614692 1.735796e+21 1.145724e-01 1 
    0.614966 1.726957e+21 1.138874e-01 1 
    0.615240 1.677725e+21 1.105422e-01 1 
    0.615515 1.711095e+21 1.126402e-01 1 
    0.615789 1.688939e+21 1.110827e-01 1 
    0.616064 1.649961e+21 1.084223e-01 1 
    0.616338 1.641648e+21 1.077801e-01 1 
    0.616612 1.604839e+21 1.052698e-01 1 
    0.616887 1.648656e+21 1.080476e-01 1 
    0.617161 1.674810e+21 1.096643e-01 1 
    0.617436 1.688000e+21 1.104295e-01 1 
    0.617710 1.654124e+21 1.081173e-01 1 
    0.617984 1.637152e+21 1.069131e-01 1 
    0.618259 1.708993e+21 1.115054e-01 1 
    0.618533 1.702710e+21 1.109971e-01 1 
    0.618808 1.665842e+21 1.084972e-01 1 
    0.619082 1.628824e+21 1.059923e-01 1 
    0.619356 1.690204e+21 1.098891e-01 1 
    0.619631 1.672667e+21 1.086525e-01 1 
    0.619905 1.687840e+21 1.095412e-01 1 
    0.620180 1.638732e+21 1.062598e-01 1 
    0.620454 1.656790e+21 1.073358e-01 1 
    0.620728 1.702414e+21 1.101943e-01 1 
    0.621003 1.731481e+21 1.119765e-01 1 
    0.621277 1.657378e+21 1.070897e-01 1 
    0.621552 1.679405e+21 1.084169e-01 1 
    0.621826 1.637154e+21 1.055962e-01 1 
    0.622100 1.635194e+21 1.053769e-01 1 
    0.622375 1.621091e+21 1.043757e-01 1 
    0.622649 1.579587e+21 1.016139e-01 1 
    0.622924 1.590639e+21 1.022346e-01 1 
    0.623198 1.674060e+21 1.075017e-01 1 
    0.623472 1.643666e+21 1.054572e-01 1 
    0.623747 1.660895e+21 1.064686e-01 1 
    0.624021 1.707904e+21 1.093859e-01 1 
    0.624296 1.673522e+21 1.070894e-01 1 
    0.624570 1.651300e+21 1.055748e-01 1 
    0.624844 1.598537e+21 1.021118e-01 1 
    0.625119 1.627198e+21 1.038512e-01 1 
    0.625393 1.656159e+21 1.056070e-01 1 
    0.625668 1.676012e+21 1.067790e-01 1 
    0.625942 1.623498e+21 1.033428e-01 1 
    0.626216 1.662626e+21 1.057408e-01 1 
    0.626491 1.754469e+21 1.114840e-01 1 
    0.626765 1.767641e+21 1.122228e-01 1 
    0.627040 1.693919e+21 1.074481e-01 1 
    0.627314 1.718290e+21 1.088987e-01 1 
    0.627588 1.787249e+21 1.131703e-01 1 
    0.627863 1.770200e+21 1.119925e-01 1 
    0.628137 1.725089e+21 1.090433e-01 1 
    0.628412 1.701509e+21 1.074588e-01 1 
    0.628686 2.216711e+21 1.398743e-01 1 
    0.628960 1.976677e+21 1.246195e-01 1 
    0.629235 1.769447e+21 1.114572e-01 1 
    0.629509 1.416503e+21 8.914770e-02 1 
    0.629784 1.603649e+21 1.008376e-01 1 
    0.630058 1.687604e+21 1.060244e-01 1 
    0.630332 1.677733e+21 1.053127e-01 1 
    0.630607 1.722550e+21 1.080316e-01 1 
    0.630881 1.767614e+21 1.107615e-01 1 
    0.631156 1.737262e+21 1.087648e-01 1 
    0.631430 1.729104e+21 1.081601e-01 1 
    0.631704 1.711080e+21 1.069398e-01 1 
    0.631979 1.720024e+21 1.074053e-01 1 
    0.632253 1.662750e+21 1.037389e-01 1 
    0.632528 1.643929e+21 1.024755e-01 1 
    0.632802 1.869062e+21 1.164085e-01 1 
    0.633076 1.704672e+21 1.060781e-01 1 
    0.633351 1.768566e+21 1.099585e-01 1 
    0.633625 1.711334e+21 1.063082e-01 1 
    0.633900 1.826912e+21 1.133894e-01 1 
    0.634174 1.796299e+21 1.113931e-01 1 
    0.634448 1.789906e+21 1.109008e-01 1 
    0.634723 1.778225e+21 1.100816e-01 1 
    0.634997 1.819917e+21 1.125653e-01 1 
    0.635271 1.803648e+21 1.114629e-01 1 
    0.635546 1.757874e+21 1.085401e-01 1 
    0.635820 1.774489e+21 1.094716e-01 1 
    0.636095 1.766209e+21 1.088665e-01 1 
    0.636369 1.756608e+21 1.081816e-01 1 
    0.636643 1.721936e+21 1.059550e-01 1 
    0.636918 1.772176e+21 1.089523e-01 1 
    0.637192 1.801849e+21 1.106813e-01 1 
    0.637467 1.792587e+21 1.100174e-01 1 
    0.637741 1.801637e+21 1.104778e-01 1 
    0.638015 1.828611e+21 1.120356e-01 1 
    0.638290 1.846885e+21 1.130577e-01 1 
    0.638564 1.803403e+21 1.103013e-01 1 
    0.638839 1.789538e+21 1.093590e-01 1 
    0.639113 1.747331e+21 1.066882e-01 1 
    0.639387 1.779277e+21 1.085457e-01 1 
    0.639662 1.767896e+21 1.077586e-01 1 
    0.639936 1.819159e+21 1.107883e-01 1 
    0.640211 1.846757e+21 1.123725e-01 1 
    0.640485 1.813917e+21 1.102798e-01 1 
    0.640759 1.836443e+21 1.115538e-01 1 
    0.641034 1.849570e+21 1.122548e-01 1 
    0.641308 1.860686e+21 1.128330e-01 1 
    0.641583 1.862014e+21 1.128168e-01 1 
    0.641857 1.811174e+21 1.096428e-01 1 
    0.642131 1.814936e+21 1.097768e-01 1 
    0.642406 1.848107e+21 1.116874e-01 1 
    0.642680 1.855271e+21 1.120248e-01 1 
    0.642955 1.835118e+21 1.107132e-01 1 
    0.643229 1.803475e+21 1.087114e-01 1 
    0.643503 1.834342e+21 1.104780e-01 1 
    0.643778 1.819985e+21 1.095196e-01 1 
    0.644052 1.850915e+21 1.112861e-01 1 
    0.644327 1.765441e+21 1.060564e-01 1 
    0.644601 1.773277e+21 1.064366e-01 1 
    0.644875 1.856810e+21 1.113558e-01 1 
    0.645150 1.790679e+21 1.072983e-01 1 
    0.645424 1.759749e+21 1.053554e-01 1 
    0.645699 1.771536e+21 1.059708e-01 1 
    0.645973 1.824358e+21 1.090380e-01 1 
    0.646247 1.828507e+21 1.091933e-01 1 
    0.646522 1.860472e+21 1.110076e-01 1 
    0.646796 1.853073e+21 1.104725e-01 1 
    0.647071 1.901014e+21 1.132343e-01 1 
    0.647345 1.852082e+21 1.102262e-01 1 
    0.647619 1.856172e+21 1.103762e-01 1 
    0.647894 1.836665e+21 1.091235e-01 1 
    0.648168 1.889616e+21 1.121747e-01 1 
    0.648443 1.861436e+21 1.104081e-01 1 
    0.648717 1.871501e+21 1.109114e-01 1 
    0.648991 1.919548e+21 1.136627e-01 1 
    0.649266 1.784469e+21 1.055747e-01 1 
    0.649540 1.778190e+21 1.051146e-01 1 
    0.649815 1.788302e+21 1.056229e-01 1 
    0.650089 1.819744e+21 1.073893e-01 1 
    0.650363 1.810660e+21 1.067632e-01 1 
    0.650638 1.806101e+21 1.064044e-01 1 
    0.650912 1.880824e+21 1.107134e-01 1 
    0.651187 1.913808e+21 1.125598e-01 1 
    0.651461 1.906677e+21 1.120461e-01 1 
    0.651735 1.891784e+21 1.110774e-01 1 
    0.652010 1.924215e+21 1.128864e-01 1 
    0.652284 1.934054e+21 1.133683e-01 1 
    0.652559 1.933579e+21 1.132450e-01 1 
    0.652833 1.940694e+21 1.135663e-01 1 
    0.653107 1.937748e+21 1.132988e-01 1 
    0.653382 1.931772e+21 1.128543e-01 1 
    0.653656 1.877458e+21 1.095893e-01 1 
    0.653931 1.942361e+21 1.132824e-01 1 
    0.654205 1.938113e+21 1.129400e-01 1 
    0.654479 1.944611e+21 1.132238e-01 1 
    0.654754 1.964460e+21 1.142834e-01 1 
    0.655028 2.045208e+21 1.188815e-01 1 
    0.655303 2.043143e+21 1.186618e-01 1 
    0.655577 1.909816e+21 1.108257e-01 1 
    0.655851 1.939664e+21 1.124638e-01 1 
    0.656126 2.365560e+21 1.370427e-01 1 
    0.656400 2.763038e+21 1.599360e-01 1 
    0.656675 2.571645e+21 1.487327e-01 1 
    0.656949 2.053422e+21 1.186619e-01 1 
    0.657223 1.831816e+21 1.057676e-01 1 
    0.657498 1.820542e+21 1.050288e-01 1 
    0.657772 1.826983e+21 1.053126e-01 1 
    0.658047 2.022372e+21 1.164779e-01 1 
    0.658321 2.259382e+21 1.300202e-01 1 
    0.658595 2.392524e+21 1.375675e-01 1 
    0.658870 2.224113e+21 1.277773e-01 1 
    0.659144 1.975228e+21 1.133843e-01 1 
    0.659419 1.809544e+21 1.037869e-01 1 
    0.659693 1.758745e+21 1.007896e-01 1 
    0.659967 1.850042e+21 1.059336e-01 1 
    0.660242 1.851019e+21 1.059012e-01 1 
    0.660516 1.879712e+21 1.074536e-01 1 
    0.660791 1.818862e+21 1.038886e-01 1 
    0.661065 1.834629e+21 1.047023e-01 1 
    0.661339 1.879613e+21 1.071807e-01 1 
    0.661614 1.974086e+21 1.124742e-01 1 
    0.661888 1.982117e+21 1.128383e-01 1 
    0.662163 1.896058e+21 1.078495e-01 1 
    0.662437 1.933795e+21 1.099050e-01 1 
    0.662711 1.926160e+21 1.093806e-01 1 
    0.662986 1.890492e+21 1.072662e-01 1 
    0.663260 1.906597e+21 1.080906e-01 1 
    0.663535 1.955705e+21 1.107827e-01 1 
    0.663809 1.969144e+21 1.114520e-01 1 
    0.664083 1.980521e+21 1.120034e-01 1 
    0.664358 1.927027e+21 1.088880e-01 1 
    0.664632 1.943599e+21 1.097338e-01 1 
    0.664907 1.976895e+21 1.115214e-01 1 
    0.665181 1.951653e+21 1.100067e-01 1 
    0.665455 1.959536e+21 1.103602e-01 1 
    0.665730 1.954779e+21 1.100013e-01 1 
    0.666004 1.944967e+21 1.093591e-01 1 
    0.666279 1.976582e+21 1.110450e-01 1 
    0.666553 1.888959e+21 1.060351e-01 1 
    0.666827 1.901681e+21 1.066615e-01 1 
    0.667102 1.978891e+21 1.109006e-01 1 
    0.667376 1.939798e+21 1.086205e-01 1 
    0.667651 1.973442e+21 1.104134e-01 1 
    0.667925 1.943755e+21 1.086632e-01 1 
    0.668199 1.931745e+21 1.079033e-01 1 
    0.668474 1.925756e+21 1.074802e-01 1 
    0.668748 1.929161e+21 1.075821e-01 1 
    0.669023 1.972627e+21 1.099156e-01 1 
    0.669297 1.925887e+21 1.072234e-01 1 
    0.669571 1.913322e+21 1.064367e-01 1 
    0.669846 1.888505e+21 1.049699e-01 1 
    0.670120 1.931302e+21 1.072609e-01 1 
    0.670395 1.914943e+21 1.062651e-01 1 
    0.670669 1.926648e+21 1.068273e-01 1 
    0.670943 1.922427e+21 1.065063e-01 1 
    0.671218 1.928835e+21 1.067737e-01 1 
    0.671492 2.030571e+21 1.123138e-01 1 
    0.671767 2.163562e+21 1.195717e-01 1 
    0.672041 2.128593e+21 1.175432e-01 1 
    0.672315 2.001503e+21 1.104351e-01 1 
    0.672590 1.988865e+21 1.096480e-01 1 
    0.672864 1.986698e+21 1.094394e-01 1 
    0.673138 2.089845e+21 1.150277e-01 1 
    0.673413 2.069164e+21 1.137964e-01 1 
    0.673687 1.974906e+21 1.085242e-01 1 
    0.673962 1.930112e+21 1.059761e-01 1 
    0.674236 1.927879e+21 1.057675e-01 1 
    0.674510 1.906307e+21 1.044991e-01 1 
    0.674785 1.946850e+21 1.066346e-01 1 
    0.675059 1.970146e+21 1.078230e-01 1 
    0.675334 1.944047e+21 1.063080e-01 1 
    0.675608 1.939064e+21 1.059495e-01 1 
    0.675882 1.901422e+21 1.038086e-01 1 
    0.676157 1.931422e+21 1.053607e-01 1 
    0.676431 1.987884e+21 1.083529e-01 1 
    0.676706 1.938293e+21 1.055640e-01 1 
    0.676980 1.920882e+21 1.045311e-01 1 
    0.677254 1.910627e+21 1.038889e-01 1 
    0.677529 1.891584e+21 1.027700e-01 1 
    0.677803 1.936895e+21 1.051467e-01 1 
    0.678078 1.929089e+21 1.046380e-01 1 
    0.678352 1.960772e+21 1.062707e-01 1 
    0.678626 1.880421e+21 1.018335e-01 1 
    0.678901 1.889856e+21 1.022615e-01 1 
    0.679175 1.914549e+21 1.035141e-01 1 
    0.679450 2.004872e+21 1.083099e-01 1 
    0.679724 1.980809e+21 1.069237e-01 1 
    0.679998 1.957202e+21 1.055642e-01 1 
    0.680273 1.956597e+21 1.054463e-01 1 
    0.680547 1.957878e+21 1.054304e-01 1 
    0.680822 2.011783e+21 1.082456e-01 1 
    0.681096 1.982940e+21 1.066079e-01 1 
    0.681370 2.106797e+21 1.131757e-01 1 
    0.682416 1.971044e+21 1.055588e-01 0 
    0.683989 1.979637e+21 1.055319e-01 0 
    0.685566 1.969910e+21 1.045308e-01 0 
    0.687146 1.924586e+21 1.016566e-01 0 
    0.688730 1.977961e+21 1.039959e-01 0 
    0.690318 1.981976e+21 1.037281e-01 0 
    0.691909 1.995132e+21 1.039370e-01 0 
    0.693504 1.994533e+21 1.034284e-01 0 
    0.695103 2.045113e+21 1.055639e-01 0 
    0.696705 2.035183e+21 1.045688e-01 0 
    0.698311 2.002083e+21 1.023955e-01 0 
    0.699921 2.052747e+21 1.045042e-01 0 
    0.701534 2.047434e+21 1.037550e-01 0 
    0.703152 2.032799e+21 1.025398e-01 0 
    0.704773 2.113395e+21 1.061155e-01 0 
    0.706397 2.083738e+21 1.041458e-01 0 
    0.708026 2.092711e+21 1.041136e-01 0 
    0.709658 2.039790e+21 1.010145e-01 0 
    0.711294 2.058106e+21 1.014533e-01 0 
    0.712934 2.052769e+21 1.007251e-01 0 
    0.714577 2.052162e+21 1.002328e-01 0 
    0.716224 2.065708e+21 1.004310e-01 0 
    0.717876 2.036866e+21 9.857346e-02 0 
    0.719530 1.967046e+21 9.475741e-02 0 
    0.721189 2.007714e+21 9.627203e-02 0 
    0.722851 2.082359e+21 9.939270e-02 0 
    0.724518 2.096252e+21 9.959591e-02 0 
    0.726188 2.110116e+21 9.979405e-02 0 
    0.727862 2.128948e+21 1.002221e-01 0 
    0.729540 2.075153e+21 9.724077e-02 0 
    0.731222 2.172292e+21 1.013249e-01 0 
    0.732907 2.211945e+21 1.027006e-01 0 
    0.734597 2.257592e+21 1.043383e-01 0 
    0.736290 2.180284e+21 1.003025e-01 0 
    0.737988 2.261415e+21 1.035567e-01 0 
    0.739689 2.204216e+21 1.004737e-01 0 
    0.741394 2.254854e+21 1.023097e-01 0 
    0.743103 2.212998e+21 9.994925e-02 0 
    0.744816 2.258695e+21 1.015444e-01 0 
    0.746533 2.310507e+21 1.033965e-01 0 
    0.748254 2.299178e+21 1.024167e-01 0 
    0.749979 2.272249e+21 1.007521e-01 0 
    0.751708 2.287227e+21 1.009502e-01 0 
    0.753441 2.334452e+21 1.025611e-01 0 
    0.755177 2.360651e+21 1.032359e-01 0 
    0.756919 2.354581e+21 1.024970e-01 0 
    0.758663 2.370138e+21 1.027005e-01 0 
    0.760412 2.326105e+21 1.003293e-01 0 
    0.762165 2.325373e+21 9.983690e-02 0 
    0.763922 2.287512e+21 9.776013e-02 0 
    0.765683 2.334680e+21 9.931751e-02 0 
    0.767448 2.065721e+21 8.747224e-02 0 
    0.769217 2.280096e+21 9.610628e-02 0 
    0.770991 2.141866e+21 8.986490e-02 0 
    0.772768 2.283761e+21 9.537812e-02 0 
    0.774550 2.325588e+21 9.667858e-02 0 
    0.776335 2.298167e+21 9.509983e-02 0 
    0.778124 2.229634e+21 9.184009e-02 0 
    0.779918 2.307289e+21 9.460206e-02 0 
    0.781716 2.322531e+21 9.478942e-02 0 
    0.783518 2.364872e+21 9.607405e-02 0 
    0.785324 2.380552e+21 9.626676e-02 0 
    0.787135 2.379703e+21 9.579015e-02 0 
    0.788949 2.378935e+21 9.531937e-02 0 
    0.790768 2.378235e+21 9.485344e-02 0 
    0.792591 2.317892e+21 9.202192e-02 0 
    0.794418 2.338613e+21 9.241801e-02 0 
    0.796249 2.375810e+21 9.345666e-02 0 
    0.798085 2.408097e+21 9.429142e-02 0 
    0.799925 2.418390e+21 9.425929e-02 0 
    0.801769 2.417549e+21 9.379361e-02 0 
    0.803617 2.378117e+21 9.183990e-02 0 
    0.805470 2.410400e+21 9.265883e-02 0 
    0.807326 2.494266e+21 9.544241e-02 0 
    0.809187 2.453501e+21 9.345120e-02 0 
    0.811053 2.504077e+21 9.493923e-02 0 
    0.812922 2.503150e+21 9.446817e-02 0 
    0.814796 2.513848e+21 9.443602e-02 0 
    0.816675 2.513002e+21 9.397033e-02 0 
    0.818557 2.421352e+21 9.012733e-02 0 
    0.820444 2.264080e+21 8.388615e-02 0 
    0.822335 2.504709e+21 9.237539e-02 0 
    0.824231 2.452410e+21 9.003090e-02 0 
    0.826131 2.590870e+21 9.467694e-02 0 
    0.828036 2.572223e+21 9.356353e-02 0 
    0.829945 2.495397e+21 9.035193e-02 0 
    0.831858 2.511813e+21 9.052852e-02 0 
    0.833775 2.487900e+21 8.925480e-02 0 
    0.835698 2.521715e+21 9.005206e-02 0 
    0.837624 2.561816e+21 9.106386e-02 0 
    0.839555 2.468201e+21 8.733307e-02 0 
    0.841490 2.589624e+21 9.120849e-02 0 
    0.843430 2.541423e+21 8.909953e-02 0 
    0.845374 2.499928e+21 8.724210e-02 0 
    0.847323 2.539665e+21 8.822158e-02 0 
    0.849277 2.591792e+21 8.961856e-02 0 
    0.851234 2.479967e+21 8.535804e-02 0 
    0.853196 2.589998e+21 8.873567e-02 0 
    0.855163 1.722393e+21 5.873957e-02 0 
    0.857135 2.600088e+21 8.826451e-02 0 
    0.859110 2.569320e+21 8.681946e-02 0 
    0.861091 2.574337e+21 8.658921e-02 0 
    0.863076 2.573428e+21 8.616094e-02 0 
    0.865066 2.614216e+21 8.712433e-02 0 
    0.867060 1.871488e+21 6.208479e-02 0 
    0.869059 2.541150e+21 8.391281e-02 0 
    0.871062 2.563786e+21 8.427137e-02 0 
    0.873070 2.634517e+21 8.619841e-02 0 
    0.875083 2.567789e+21 8.362908e-02 0 
    0.877100 2.638752e+21 8.554544e-02 0 
    0.879122 2.656072e+21 8.571129e-02 0 
    0.881149 2.636671e+21 8.469419e-02 0 
    0.883180 2.623565e+21 8.388607e-02 0 
    0.885216 2.659049e+21 8.462998e-02 0 
    0.887256 2.446614e+21 7.751112e-02 0 
    0.889302 2.608631e+21 8.226415e-02 0 
    0.891352 2.656136e+21 8.337740e-02 0 
    0.893406 2.649044e+21 8.277285e-02 0 
    0.895466 2.599661e+21 8.085650e-02 0 
    0.897530 2.516227e+21 7.790195e-02 0 
    0.899599 2.446726e+21 7.540218e-02 0 
    0.901673 2.543348e+21 7.801968e-02 0 
    0.903752 2.637826e+21 8.054603e-02 0 
    0.905835 2.851634e+21 8.667465e-02 0 
    0.907923 2.611632e+21 7.901513e-02 0 
    0.910016 2.604672e+21 7.844249e-02 0 
    0.912114 2.770604e+21 8.305633e-02 0 
    0.914216 2.608679e+21 7.784296e-02 0 
    0.916324 2.427905e+21 7.211573e-02 0 
    0.918436 2.393671e+21 7.077227e-02 0 
    0.920553 2.647879e+21 7.792862e-02 0 
    0.922676 2.592499e+21 7.594806e-02 0 
    0.924803 2.639710e+21 7.697580e-02 0 
    0.926934 2.693935e+21 7.819626e-02 0 
    0.929072 2.730271e+21 7.888664e-02 0 
    0.931213 2.779906e+21 7.995186e-02 0 
    0.933360 2.791619e+21 7.991978e-02 0 
    0.935511 2.790603e+21 7.952373e-02 0 
    0.937668 2.776688e+21 7.876356e-02 0 
    0.939829 2.801262e+21 7.909562e-02 0 
    0.941996 2.774387e+21 7.797680e-02 0 
    0.944168 2.792548e+21 7.812655e-02 0 
    0.946344 2.810626e+21 7.827109e-02 0 
    0.948525 2.816072e+21 7.806254e-02 0 
    0.950712 2.795510e+21 7.713642e-02 0 
    0.952904 2.787954e+21 7.657442e-02 0 
    0.955100 2.692162e+21 7.360376e-02 0 
    0.957302 2.792115e+21 7.598570e-02 0 
    0.959509 2.829698e+21 7.665464e-02 0 
    0.961721 2.822117e+21 7.609799e-02 0 
    0.963938 2.827366e+21 7.588926e-02 0 
    0.966160 2.813171e+21 7.516134e-02 0 
    0.968387 2.831589e+21 7.530586e-02 0 
    0.970619 2.823832e+21 7.475455e-02 0 
    0.972857 2.822651e+21 7.437989e-02 0 
    0.975100 2.821391e+21 7.400507e-02 0 
    0.977347 2.833186e+21 7.397313e-02 0 
    0.979601 2.819078e+21 7.326644e-02 0 
    0.981859 2.850504e+21 7.374283e-02 0 
    0.984122 2.849317e+21 7.337351e-02 0 
    0.986391 2.834907e+21 7.266696e-02 0 
    0.988665 2.840231e+21 7.246892e-02 0 
    0.990944 2.839009e+21 7.210494e-02 0 
    0.993228 2.851052e+21 7.207817e-02 0 
    0.995518 2.856345e+21 7.188013e-02 0 
    0.997813 2.854999e+21 7.151615e-02 0 
    1.000113 2.853793e+21 7.115752e-02 0 
    1.002418 2.819949e+21 6.999065e-02 0 
    1.007046 2.798163e+21 6.881306e-02 0 
    1.011694 2.847561e+21 6.938589e-02 0 
    1.016363 2.838432e+21 6.852944e-02 0 
    1.023409 2.854318e+21 6.796735e-02 0 
    1.028132 2.865074e+21 6.759811e-02 0 
    1.030502 2.857101e+21 6.710030e-02 0 
    1.049661 2.853425e+21 6.458992e-02 0 
    1.069176 2.830482e+21 6.175306e-02 0 
    1.089053 2.797978e+21 5.883594e-02 0 
    1.109300 2.830616e+21 5.736928e-02 0 
    1.129923 2.830525e+21 5.529244e-02 0 
    1.150930 2.876481e+21 5.415770e-02 0 
    1.169631 2.869864e+21 5.231907e-02 0 
    1.188637 2.863250e+21 5.054256e-02 0 
    1.210735 2.883113e+21 4.905236e-02 0 
    1.230408 2.903098e+21 4.782553e-02 0 
    1.250400 2.916498e+21 4.652219e-02 0 
    1.270718 2.929949e+21 4.525412e-02 0 
    1.291365 2.936714e+21 4.391977e-02 0 
    1.309330 2.957066e+21 4.301890e-02 0 
    1.330605 2.963885e+21 4.175029e-02 0 
    1.349115 2.991300e+21 4.098817e-02 0 
    1.371037 3.025959e+21 4.014774e-02 0 
    1.390110 3.025965e+21 3.905369e-02 0 
    1.409448 3.032933e+21 3.807686e-02 0 
    1.429056 3.053956e+21 3.729587e-02 0 
    1.448936 3.110726e+21 3.695385e-02 0 
    1.469093 3.125062e+21 3.611242e-02 0 
    1.489529 3.190517e+21 3.586407e-02 0 
    1.510250 3.249848e+21 3.553544e-02 0 
    1.531260 3.333198e+21 3.545354e-02 0 
    1.548992 3.387356e+21 3.520943e-02 0 
    1.570540 3.410845e+21 3.448739e-02 0 
    1.588727 3.395169e+21 3.354744e-02 0 
    1.610828 3.474252e+21 3.339331e-02 0 
    1.629479 3.530668e+21 3.316315e-02 0 
    1.648348 3.506374e+21 3.218525e-02 0 
    1.671279 3.530695e+21 3.152527e-02 0 
    1.690632 3.506383e+21 3.059550e-02 0 
    1.710209 3.490260e+21 2.976157e-02 0 
    1.730011 3.418674e+21 2.848764e-02 0 
    1.750044 3.418708e+21 2.783944e-02 0 
    1.770309 3.379560e+21 2.689419e-02 0 
    1.790809 3.356275e+21 2.610090e-02 0 
    1.811544 3.287459e+21 2.498383e-02 0 
    1.828307 3.272390e+21 2.441536e-02 0 
    1.849478 3.249803e+21 2.369492e-02 0 
    1.870893 3.190504e+21 2.273306e-02 0 
    1.888204 3.175826e+21 2.221546e-02 0 
    1.910069 3.168526e+21 2.165986e-02 0 
    1.932187 3.125111e+21 2.087679e-02 0 
    1.950064 3.053929e+21 2.002893e-02 0 
    1.968109 3.039880e+21 1.957287e-02 0 
    1.990899 3.018986e+21 1.899587e-02 0 
    2.009319 3.012029e+21 1.860621e-02 0 
    2.027912 2.963880e+21 1.797459e-02 0 
    2.051395 2.970694e+21 1.760580e-02 0 
    2.070375 2.936682e+21 1.708659e-02 0 
    2.089533 2.916505e+21 1.665945e-02 0 
    2.108865 2.903050e+21 1.627996e-02 0 
    2.128380 2.876523e+21 1.583675e-02 0 
    2.148074 2.856723e+21 1.544067e-02 0 
    2.167948 2.804520e+21 1.488186e-02 0 
    2.188009 2.804569e+21 1.461047e-02 0 
    2.208253 2.778843e+21 1.421225e-02 0 
    2.228687 2.753327e+21 1.382471e-02 0 
    2.249310 2.734371e+21 1.347893e-02 0 
    2.270121 2.709331e+21 1.311174e-02 0 
    2.291127 2.516922e+21 1.195826e-02 0 
    2.312325 2.540186e+21 1.184852e-02 0 
    2.328354 2.300708e+21 1.058425e-02 0 
    2.349899 2.238006e+21 1.010786e-02 0 
    2.371641 2.300737e+21 1.020154e-02 0 
    2.388082 2.157108e+21 9.433435e-03 0 
    2.410177 2.142228e+21 9.197383e-03 0 
    2.432479 2.167072e+21 9.134223e-03 0 
    2.449339 2.069492e+21 8.603245e-03 0 
    2.472004 2.098263e+21 8.563632e-03 0 
    2.489138 1.887433e+21 7.597488e-03 0 
    2.512170 1.900446e+21 7.510244e-03 0 
    2.529583 1.926883e+21 7.510243e-03 0 
    2.547118 1.926957e+21 7.407476e-03 0 
    2.570685 1.967317e+21 7.424600e-03 0 
    2.588505 1.949245e+21 7.255457e-03 0 
    2.612458 1.967323e+21 7.189083e-03 0 
    2.630565 1.944789e+21 7.009237e-03 0 
    2.648798 1.949254e+21 6.928947e-03 0 
    2.667160 1.931335e+21 6.771050e-03 0 
    2.691840 1.940339e+21 6.678449e-03 0 
    2.710498 1.935794e+21 6.571393e-03 0 
    2.729285 1.922434e+21 6.436506e-03 0 
    2.748205 1.913682e+21 6.319286e-03 0 
    2.767253 1.900530e+21 6.189756e-03 0 
    2.792859 1.904895e+21 6.090732e-03 0 
    2.812217 1.891676e+21 5.965483e-03 0 
    2.831712 1.883059e+21 5.856826e-03 0 
    2.851340 1.870168e+21 5.736923e-03 0 
    2.871106 1.848595e+21 5.592936e-03 0 
    2.891006 1.844355e+21 5.503549e-03 0 
    2.911047 1.831639e+21 5.390609e-03 0 
    2.931224 1.819112e+21 5.280291e-03 0 
    2.951544 1.806598e+21 5.172011e-03 0 
    2.972002 1.794155e+21 5.065919e-03 0 
    2.992604 1.781809e+21 4.962028e-03 0 
    3.013347 1.769548e+21 4.860272e-03 0 
    3.027254 1.745266e+21 4.749637e-03 0 
    3.048240 1.741250e+21 4.673683e-03 0 
    3.069368 1.733241e+21 4.588361e-03 0 
    3.090646 1.725293e+21 4.504647e-03 0 
    3.112068 1.713415e+21 4.412259e-03 0 
    3.126431 1.701619e+21 4.341713e-03 0 
    3.148104 1.689900e+21 4.252647e-03 0 
    3.169925 1.682137e+21 4.175032e-03 0 
    3.191899 1.674403e+21 4.098813e-03 0 
    3.206631 1.662883e+21 4.033296e-03 0 
    3.228861 1.662882e+21 3.977949e-03 0 
    3.251240 1.678277e+21 3.959698e-03 0 
    3.266246 1.725288e+21 4.033297e-03 0 
    3.288889 1.887396e+21 4.351722e-03 0 
    3.311685 1.883052e+21 4.282138e-03 0 
    3.326970 1.686008e+21 3.798904e-03 0 
    3.350033 1.613843e+21 3.586407e-03 0 
    3.373253 1.577095e+21 3.456659e-03 0 
    3.388826 1.544762e+21 3.354745e-03 0 
    3.412314 1.530590e+21 3.278365e-03 0 
    3.428063 1.513073e+21 3.211137e-03 0 
    3.451828 1.499192e+21 3.138018e-03 0 
    3.467759 1.482041e+21 3.073682e-03 0 
    3.491799 1.471835e+21 3.010628e-03 0 
    3.507915 1.455001e+21 2.948911e-03 0 
    3.532229 1.444982e+21 2.888426e-03 0 
    3.548536 1.428438e+21 2.829173e-03 0 
    3.573131 1.418606e+21 2.771153e-03 0 
    3.589627 1.405600e+21 2.720568e-03 0 
    3.606194 1.392704e+21 2.670897e-03 0 
    3.631190 1.383128e+21 2.616139e-03 0 
    3.647953 1.367282e+21 2.562454e-03 0 
    3.673238 1.357864e+21 2.509890e-03 0 
    3.690192 1.342342e+21 2.458451e-03 0 
    3.707228 1.330017e+21 2.413543e-03 0 
    3.732923 1.323905e+21 2.369491e-03 0 
    3.750152 1.302741e+21 2.310238e-03 0 
    3.767465 1.296763e+21 2.278551e-03 0 
    3.793578 1.290803e+21 2.236960e-03 0 
    3.811087 1.278962e+21 2.196121e-03 0 
    3.828681 1.270159e+21 2.161008e-03 0 
    3.846352 1.258510e+21 2.121559e-03 0 
    3.873016 1.249846e+21 2.078043e-03 0 
    3.890892 1.238406e+21 2.040146e-03 0 
    3.908850 1.227041e+21 2.002892e-03 0 
    3.926891 1.218603e+21 1.970883e-03 0 
    3.954113 1.210222e+21 1.930471e-03 0 
    3.972363 1.201879e+21 1.899587e-03 0 
    3.990702 1.188119e+21 1.860620e-03 0 
    4.009121 1.179931e+21 1.830859e-03 0 
    4.027625 1.171805e+21 1.801581e-03 0 
    4.046214 1.158402e+21 1.764648e-03 0 
    4.074264 1.158415e+21 1.740454e-03 0 
    4.093068 1.150436e+21 1.712620e-03 0 
    4.111960 1.142501e+21 1.685214e-03 0 
    4.130943 1.134652e+21 1.658291e-03 0 
    4.150009 1.126853e+21 1.631796e-03 0 
    4.169163 1.116500e+21 1.601982e-03 0 
    4.188410 1.111358e+21 1.579982e-03 0 
    4.207741 1.101198e+21 1.551186e-03 0 
    4.227162 1.098654e+21 1.533415e-03 0 
    4.246677 1.091095e+21 1.508900e-03 0 
    4.266278 1.083572e+21 1.484759e-03 0 
    4.285968 1.051610e+21 1.427754e-03 0 
    4.305755 1.022986e+21 1.376155e-03 0 
    4.325628 1.030041e+21 1.372944e-03 0 
    4.345592 9.996905e+20 1.320274e-03 0 
    4.365650 9.882425e+20 1.293189e-03 0 
    4.385804 9.814532e+20 1.272529e-03 0 
    4.406046 9.568685e+20 1.229279e-03 0 
    4.426382 9.547049e+20 1.215256e-03 0 
    4.446817 9.481344e+20 1.195825e-03 0 
    4.467341 9.286805e+20 1.160552e-03 0 
    4.487960 9.351114e+20 1.157875e-03 0 
    4.508679 9.265327e+20 1.136733e-03 0 
    4.529488 9.117240e+20 1.108311e-03 0 
    4.550394 9.159375e+20 1.103225e-03 0 
    4.571396 9.138272e+20 1.090593e-03 0 
    4.592500 8.971620e+20 1.060887e-03 0 
    4.613697 9.054628e+20 1.060887e-03 0 
    4.634991 8.992244e+20 1.043919e-03 0 
    4.645680 8.930008e+20 1.031929e-03 0 
    4.667122 8.950923e+20 1.024863e-03 0 
    4.688663 8.909653e+20 1.010786e-03 0 
    4.710303 8.868759e+20 9.969230e-04 0 
    4.732048 8.930169e+20 9.946215e-04 0 
    4.753889 8.868742e+20 9.787244e-04 0 
    4.764847 8.807837e+20 9.675375e-04 0 
    4.786844 8.807710e+20 9.586518e-04 0 
    4.808938 8.726903e+20 9.411487e-04 0 
    4.831133 8.828184e+20 9.433435e-04 0 
    4.853431 8.767298e+20 9.282491e-04 0 
    4.864624 8.686905e+20 9.155098e-04 0 
    4.887076 8.666812e+20 9.050188e-04 0 
    4.909633 8.647156e+20 8.946882e-04 0 
    4.932293 8.646752e+20 8.864449e-04 0 
    4.955063 8.627179e+20 8.763285e-04 0 
    4.966485 8.607180e+20 8.702801e-04 0 
    4.989407 8.587440e+20 8.603245e-04 0 
    5.012441 8.596276e+20 8.533128e-04 0 
    5.035576 8.605062e+20 8.463541e-04 0 
    5.047183 8.510829e+20 8.332402e-04 0 
    5.070478 8.539363e+20 8.283695e-04 0 
    5.082166 8.563253e+20 8.268705e-04 0 
    5.093887 8.567711e+20 8.234982e-04 0 
    5.105628 8.552430e+20 8.182530e-04 0 
    5.117397 8.537384e+20 8.130609e-04 0 
    5.129193 8.541781e+20 8.097423e-04 0 
    5.141016 8.546036e+20 8.064237e-04 0 
    5.152867 8.530775e+20 8.012851e-04 0 
    5.164750 8.574747e+20 8.017134e-04 0 
    5.176655 8.579238e+20 7.984482e-04 0 
    5.188588 8.563947e+20 7.933632e-04 0 
    5.200548 8.568646e+20 7.901516e-04 0 
    5.212535 8.573206e+20 7.869402e-04 0 
    5.224551 8.557710e+20 7.819087e-04 0 
    5.236593 8.562483e+20 7.787508e-04 0 
    5.248670 8.586649e+20 7.773590e-04 0 
    5.260768 8.610837e+20 7.759675e-04 0 
    5.272895 8.635663e+20 7.746293e-04 0 
    5.285049 8.620367e+20 7.697048e-04 0 
    5.297232 8.584875e+20 7.630139e-04 0 
    5.309442 8.589407e+20 7.599094e-04 0 
    5.321687 8.613877e+20 7.585713e-04 0 
    5.333954 8.638369e+20 7.572333e-04 0 
    5.346249 8.662903e+20 7.558952e-04 0 
    5.358572 8.667757e+20 7.528441e-04 0 
    5.370924 8.692285e+20 7.515059e-04 0 
    5.383304 8.696954e+20 7.484552e-04 0 
    5.395713 8.721473e+20 7.471170e-04 0 
    5.408157 8.726591e+20 7.441192e-04 0 
    5.420623 8.730925e+20 7.410684e-04 0 
    5.433118 8.735743e+20 7.380708e-04 0 
    5.445642 8.760790e+20 7.367862e-04 0 
    5.458194 8.806339e+20 7.372146e-04 0 
    5.470776 8.811013e+20 7.342170e-04 0 
    5.483386 8.836193e+20 7.329325e-04 0 
    5.496032 8.861435e+20 7.316476e-04 0 
    5.508701 8.865865e+20 7.286503e-04 0 
    5.521399 8.912020e+20 7.290786e-04 0 
    5.534126 8.978788e+20 7.311661e-04 0 
    5.546882 8.983249e+20 7.281687e-04 0 
    5.559668 8.988224e+20 7.252248e-04 0 
    5.572490 9.055721e+20 7.273122e-04 0 
    5.585335 9.081448e+20 7.260275e-04 0 
    5.598210 9.107893e+20 7.247963e-04 0 
    5.611114 9.154658e+20 7.251709e-04 0 
    5.624048 9.202345e+20 7.255994e-04 0 
    5.637012 9.228450e+20 7.243147e-04 0 
    5.650005 9.297761e+20 7.264022e-04 0 
    5.663035 9.367538e+20 7.284897e-04 0 
    5.676089 9.416306e+20 7.289179e-04 0 
    5.689173 9.443094e+20 7.276331e-04 0 
    5.702287 9.513896e+20 7.297207e-04 0 
    5.715431 9.607583e+20 7.335211e-04 0 
    5.728605 9.679394e+20 7.356087e-04 0 
    5.741816 9.774327e+20 7.394091e-04 0 
    5.755052 9.847876e+20 7.415501e-04 0 
    5.768318 9.921893e+20 7.436911e-04 0 
    5.781614 1.004230e+21 7.492578e-04 0 
    5.794941 1.016432e+21 7.548779e-04 0 
    5.808299 1.026409e+21 7.587853e-04 0 
    5.821687 1.038929e+21 7.645127e-04 0 
    5.835113 1.051546e+21 7.702402e-04 0 
    5.848563 1.066750e+21 7.777872e-04 0 
    5.862045 1.084728e+21 7.872612e-04 0 
    5.875557 1.100477e+21 7.950225e-04 0 
    5.889100 1.118954e+21 8.046574e-04 0 
    5.911537 8.743669e+20 6.240068e-04 3 
    5.942455 8.306369e+20 5.866456e-04 3 
    5.973372 1.246778e+21 8.714580e-04 3 
    6.004289 1.293143e+21 8.945813e-04 3 
    6.035208 1.778891e+21 1.218039e-03 3 
    6.066125 1.823383e+21 1.235810e-03 3 
    6.097042 1.978126e+21 1.327125e-03 3 
    6.127961 2.155557e+21 1.431608e-03 3 
    6.158878 2.718570e+21 1.787449e-03 3 
    6.189795 4.106893e+21 2.673359e-03 3 
    6.220713 4.341451e+21 2.798022e-03 3 
    6.251630 3.093306e+21 1.973935e-03 3 
    6.282548 3.005636e+21 1.899158e-03 3 
    6.313466 2.475814e+21 1.549098e-03 3 
    6.344383 2.499949e+21 1.548991e-03 3 
    6.375302 2.180947e+21 1.338259e-03 3 
    6.406219 1.862430e+21 1.131808e-03 3 
    6.437136 1.658300e+21 9.981005e-04 3 
    6.468054 1.808950e+21 1.078390e-03 3 
    6.498971 1.831633e+21 1.081548e-03 3 
    6.529888 1.798403e+21 1.051894e-03 3 
    6.560807 1.489000e+21 8.627331e-04 3 
    6.591724 1.501574e+21 8.618765e-04 3 
    6.622641 1.503361e+21 8.548648e-04 3 
    6.653560 1.607313e+21 9.055006e-04 3 
    6.684477 1.646163e+21 9.188282e-04 3 
    6.715394 1.129975e+21 6.249168e-04 3 
    6.746312 1.316519e+21 7.214244e-04 3 
    6.777229 2.135856e+21 1.159749e-03 3 
    6.808148 1.881924e+21 1.012606e-03 3 
    6.839065 2.316952e+21 1.235435e-03 3 
    6.869982 2.074990e+21 1.096481e-03 3 
    6.900901 1.484556e+21 7.774660e-04 3 
    6.931817 1.952668e+21 1.013516e-03 3 
    6.962735 1.935062e+21 9.954778e-04 3 
    6.993653 2.407762e+21 1.227727e-03 3 
    7.024570 2.514985e+21 1.271137e-03 3 
    7.055488 2.869864e+21 1.437817e-03 3 
    7.086406 2.803031e+21 1.392106e-03 3 
    7.117323 3.017908e+21 1.485830e-03 3 
    7.148241 3.220636e+21 1.571954e-03 3 
    7.179158 2.755653e+21 1.333442e-03 3 
    7.210077 2.805324e+21 1.345859e-03 3 
    7.240993 2.809179e+21 1.336225e-03 3 
    7.271911 3.106168e+21 1.464955e-03 3 
    7.302830 3.347364e+21 1.565370e-03 3 
    7.333746 3.145828e+21 1.458746e-03 3 
    7.364664 2.888494e+21 1.328196e-03 3 
    7.395582 3.036404e+21 1.384559e-03 3 
    7.426499 3.669905e+21 1.659522e-03 3 
    7.457417 4.302559e+21 1.929507e-03 3 
    7.488334 5.370653e+21 2.388653e-03 3 
    7.517228 4.969635e+21 2.193338e-03 3 
    7.519252 4.676232e+21 2.062734e-03 3 
    7.550170 4.195173e+21 1.835409e-03 3 
    7.579186 6.530832e+21 2.835436e-03 3 
    7.581087 4.648736e+21 2.017290e-03 3 
    7.641144 6.357602e+21 2.715645e-03 3 
    7.703102 6.914871e+21 2.906359e-03 3 
    7.765061 6.326850e+21 2.616943e-03 3 
    7.827019 7.098505e+21 2.889819e-03 3 
    7.888978 6.690144e+21 2.680960e-03 3 
    7.950936 5.973304e+21 2.356539e-03 3 
    8.012894 5.887210e+21 2.286795e-03 3 
    8.074854 5.155766e+21 1.972061e-03 3 
    8.136812 4.795265e+21 1.806344e-03 3 
    8.198770 4.767006e+21 1.768661e-03 3 
    8.260728 4.402597e+21 1.609047e-03 3 
    8.322686 4.561205e+21 1.642287e-03 3 
    8.384646 4.650344e+21 1.649727e-03 3 
    8.446604 4.469126e+21 1.562265e-03 3 
    8.508563 4.279184e+21 1.474161e-03 3 
    8.570520 4.950245e+21 1.680772e-03 3 
    8.632480 4.659829e+21 1.559536e-03 3 
    8.694437 4.015384e+21 1.324770e-03 3 
    8.756396 3.302684e+21 1.074268e-03 3 
    8.818355 2.434501e+21 7.807847e-04 3 
    8.880312 2.514697e+21 7.952905e-04 3 
    8.942270 2.164969e+21 6.752313e-04 3 
    9.004229 2.224829e+21 6.843842e-04 3 
    9.066187 1.885449e+21 5.720867e-04 3 
    9.128147 1.712183e+21 5.124852e-04 3 
    9.190105 1.685603e+21 4.977495e-04 3 
    9.252063 2.304529e+21 6.714309e-04 3 
    9.314022 2.186364e+21 6.285566e-04 3 
    9.375980 2.382144e+21 6.758201e-04 3 
    9.437938 1.892865e+21 5.299829e-04 3 
    9.499896 2.581884e+21 7.135026e-04 3 
    9.561855 2.429063e+21 6.625992e-04 3 
    9.623813 1.905822e+21 5.131973e-04 3 
    9.685771 1.888480e+21 5.020424e-04 3 
    9.747731 2.014131e+21 5.286608e-04 3 
    9.809689 2.079946e+21 5.390610e-04 3 
    9.871647 1.967890e+21 5.036375e-04 3 
    9.933606 1.856856e+21 4.693111e-04 3 
    9.995560 2.326553e+21 5.807578e-04 3 
   10.057523 1.954034e+21 4.817775e-04 3 
   10.119477 1.808710e+21 4.405035e-04 3 
   10.181442 1.802185e+21 4.335879e-04 3 
   10.243396 1.880528e+21 4.469801e-04 3 
   10.305360 2.209088e+21 5.187800e-04 3 
   10.367315 2.310677e+21 5.361707e-04 3 
   10.429270 2.171442e+21 4.978939e-04 3 
   10.491233 2.232590e+21 5.058856e-04 3 
   10.553187 2.650744e+21 5.936042e-04 3 
   10.615152 2.388277e+21 5.286019e-04 3 
   10.677106 2.704308e+21 5.916235e-04 3 
   10.739060 3.146905e+21 6.805303e-04 3 
   10.801024 2.808757e+21 6.004554e-04 3 
   10.862979 3.110794e+21 6.574607e-04 3 
   10.924942 3.465043e+21 7.240471e-04 3 
   10.986896 3.922855e+21 8.104918e-04 3 
   11.048861 4.100586e+21 8.377364e-04 3 
   11.110815 5.031629e+21 1.016514e-03 3 
   11.172769 8.331495e+21 1.664554e-03 3 
   11.234734 1.061838e+22 2.098115e-03 3 
   11.296688 9.486891e+21 1.854036e-03 3 
   11.358652 7.158964e+21 1.383863e-03 3 
   11.420606 5.458607e+21 1.043758e-03 3 
   11.482570 5.180411e+21 9.799016e-04 3 
   11.544524 4.678693e+21 8.755258e-04 3 
   11.606478 3.496551e+21 6.473443e-04 3 
   11.668443 3.656128e+21 6.697181e-04 3 
   11.730397 3.604688e+21 6.533391e-04 3 
   11.792361 4.020110e+21 7.209960e-04 3 
   11.854315 4.317007e+21 7.661720e-04 3 
   11.916280 4.667621e+21 8.198051e-04 3 
   11.978234 4.701809e+21 8.172894e-04 3 
   12.040188 4.720082e+21 8.120438e-04 3 
   12.102153 4.412019e+21 7.512917e-04 3 
   12.164107 4.430951e+21 7.468492e-04 3 
   12.226070 4.247153e+21 7.086316e-04 3 
   12.288024 4.418311e+21 7.297744e-04 3 
   12.349980 4.782135e+21 7.819622e-04 3 
   12.411943 5.117233e+21 8.284228e-04 3 
   12.473897 5.131712e+21 8.225350e-04 3 
   12.535861 5.545050e+21 8.800221e-04 3 
   12.597816 5.700475e+21 8.958122e-04 3 
   12.659779 5.937962e+21 9.240206e-04 3 
   12.721734 6.289035e+21 9.691429e-04 3 
   12.783688 7.158887e+21 1.092520e-03 3 
   12.845652 6.021175e+21 9.100502e-04 3 
   12.907607 3.995480e+21 5.981002e-04 3 
   12.969571 3.242381e+21 4.807389e-04 3 
   13.031525 3.207609e+21 4.710721e-04 3 
   13.093479 3.237592e+21 4.709866e-04 3 
   13.155444 3.489125e+21 5.028078e-04 3 
   13.217398 3.064940e+21 4.375488e-04 3 
   13.279363 3.458734e+21 4.891693e-04 3 
   13.341316 2.818452e+21 3.949206e-04 3 
   13.403280 3.405952e+21 4.728385e-04 3 
   13.465234 3.445801e+21 4.739786e-04 3 
   13.527189 2.896473e+21 3.947761e-04 3 
   13.589153 3.091034e+21 4.174605e-04 3 
   13.651106 3.288740e+21 4.401395e-04 3 
   13.713070 3.054798e+21 4.051442e-04 3 
   13.775025 2.061668e+21 2.709757e-04 3 
   13.836991 2.705013e+21 3.523567e-04 3 
   13.898944 2.453786e+21 3.167886e-04 3 
   13.960898 2.728075e+21 3.490809e-04 3 
   14.022863 3.010501e+21 3.818228e-04 3 
   14.084817 3.265883e+21 4.105770e-04 3 
   14.146780 2.603539e+21 3.244482e-04 3 
   14.208734 2.792127e+21 3.449220e-04 3 
   14.270698 2.900889e+21 3.552525e-04 3 
   14.332653 2.493803e+21 3.027649e-04 3 
   14.394606 2.407480e+21 2.897741e-04 3 
   14.456572 2.561288e+21 3.056499e-04 3 
   14.509884 2.473260e+21 2.929803e-04 3 
   14.601373 2.177295e+21 2.546984e-04 3 
   14.692873 2.258599e+21 2.609289e-04 3 
   14.784363 2.273023e+21 2.593552e-04 3 
   14.875852 2.238408e+21 2.522737e-04 3 
   14.967342 2.434592e+21 2.710399e-04 3 
   15.058841 2.260673e+21 2.486286e-04 3 
   15.150331 2.433992e+21 2.644669e-04 3 
   15.241820 2.416760e+21 2.594515e-04 3 
   15.333319 2.302256e+21 2.442180e-04 3 
   15.424809 2.413453e+21 2.529856e-04 3 
   15.516298 3.105518e+21 3.217023e-04 3 
   15.607788 3.295121e+21 3.373534e-04 3 
   15.699288 2.796597e+21 2.829869e-04 3 
   15.790777 2.920584e+21 2.921185e-04 3 
   15.882266 2.947486e+21 2.914227e-04 3 
   15.973766 3.239313e+21 3.166174e-04 3 
   16.065255 2.901302e+21 2.803588e-04 3 
   16.156744 3.071645e+21 2.934673e-04 3 
   16.248244 3.639711e+21 3.438354e-04 3 
   16.339733 4.596994e+21 4.294183e-04 3 
   16.431222 5.252393e+21 4.851924e-04 3 
   16.522713 4.898390e+21 4.474939e-04 3 
   16.614213 4.757356e+21 4.298358e-04 3 
   16.705700 4.653564e+21 4.158654e-04 3 
   16.797191 4.893361e+21 4.325441e-04 3 
   16.888680 5.176920e+21 4.526646e-04 3 
   16.980180 6.082290e+21 5.261130e-04 3 
   17.071670 6.416909e+21 5.491239e-04 3 
   17.163159 5.547542e+21 4.696805e-04 3 
   17.254659 5.285893e+21 4.427944e-04 3 
   17.346148 5.478547e+21 4.541044e-04 3 
   17.437638 4.874955e+21 3.998451e-04 3 
   17.529138 4.369597e+21 3.546637e-04 3 
   17.620627 3.945408e+21 3.169171e-04 3 
   17.712116 3.925147e+21 3.120409e-04 3 
   17.803605 3.749678e+21 2.950357e-04 3 
   17.895105 3.493748e+21 2.720944e-04 3 
   17.986594 3.174066e+21 2.446890e-04 3 
   18.078081 3.434046e+21 2.620583e-04 3 
   18.169581 3.159693e+21 2.386995e-04 3 
   18.261072 3.093760e+21 2.313825e-04 3 
   18.352559 3.424829e+21 2.535958e-04 3 
   18.444059 3.187321e+21 2.336734e-04 3 
   18.535550 3.547957e+21 2.575513e-04 3 
   18.627041 4.583739e+21 3.294797e-04 3 
   18.718528 5.688581e+21 4.049086e-04 3 
   18.810028 4.587370e+21 3.233563e-04 3 
   18.901519 3.538467e+21 2.470121e-04 3 
   18.993006 3.602224e+21 2.490461e-04 3 
   19.084506 3.182779e+21 2.179421e-04 3 
   19.175997 3.379258e+21 2.291933e-04 3 
   19.267484 3.009064e+21 2.021519e-04 3 
   19.358975 3.293002e+21 2.191410e-04 3 
   19.450475 3.395088e+21 2.238139e-04 3 
   19.541964 3.539388e+21 2.311469e-04 3 
   19.633455 3.290497e+21 2.128946e-04 3 
   19.724955 3.144631e+21 2.015738e-04 3 
   19.816442 3.378583e+21 2.145753e-04 3 
   19.907931 3.308717e+21 2.082111e-04 3 
   19.999422 3.328640e+21 2.075527e-04 3 
   20.090922 3.136181e+21 1.937751e-04 3 
   20.182409 3.141380e+21 1.923406e-04 3 
   20.273900 3.385964e+21 2.054491e-04 3 
   20.365400 3.240172e+21 1.948402e-04 3 
   20.475169 3.352124e+21 1.994167e-04 3 
   20.651314 3.366663e+21 1.968796e-04 3 
   20.827566 3.413761e+21 1.962694e-04 3 
   21.003909 3.216266e+21 1.818227e-04 3 
   21.180363 3.421595e+21 1.902209e-04 3 
   21.356916 3.476135e+21 1.900710e-04 3 
   21.533578 3.455759e+21 1.858693e-04 3 
   21.710330 3.429571e+21 1.814694e-04 3 
   21.887192 3.705800e+21 1.929293e-04 3 
   22.064156 3.773699e+21 1.933254e-04 3 
   22.241227 3.606254e+21 1.818174e-04 3 
   22.418398 3.694247e+21 1.833214e-04 3 
   22.595670 4.037802e+21 1.972382e-04 3 
   22.773050 3.912340e+21 1.881441e-04 3 
   22.950531 3.987577e+21 1.888078e-04 3 
   23.128113 4.008769e+21 1.869077e-04 3 
   23.305803 4.035515e+21 1.852965e-04 3 
   23.483594 4.293795e+21 1.941819e-04 3 
   23.661494 4.209260e+21 1.875072e-04 3 
   23.839503 4.211724e+21 1.848255e-04 3 
   24.017613 4.336793e+21 1.875018e-04 3 
   24.195822 4.370983e+21 1.862065e-04 3 
   24.374142 4.293479e+21 1.802383e-04 3 
   24.552559 4.326550e+21 1.789965e-04 3 
   24.731100 4.281275e+21 1.745753e-04 3 
   24.909730 4.311650e+21 1.733013e-04 3 
   25.088466 4.523019e+21 1.792160e-04 3 
   25.267314 4.615140e+21 1.802865e-04 3 
   25.446272 4.546780e+21 1.751266e-04 3 
   25.625330 4.832115e+21 1.835248e-04 3 
   25.804495 5.044689e+21 1.889470e-04 3 
   25.983773 5.232398e+21 1.932826e-04 3 
   26.163159 4.896486e+21 1.784024e-04 3 
   26.342647 4.706546e+21 1.691531e-04 3 
   26.522241 4.679753e+21 1.659201e-04 3 
   26.701950 4.860143e+21 1.700042e-04 3 
   26.881753 4.900846e+21 1.691424e-04 3 
   27.061681 4.788123e+21 1.630618e-04 3 
   27.241706 4.722393e+21 1.587048e-04 3 
   27.421841 5.046658e+21 1.673814e-04 3 
   27.602087 5.041765e+21 1.650423e-04 3 
   27.782441 4.962420e+21 1.603427e-04 3 
   27.962906 5.177796e+21 1.651493e-04 3 
   28.143478 5.982133e+21 1.883636e-04 3 
   28.324162 5.693308e+21 1.769893e-04 3 
   28.504959 5.296602e+21 1.625747e-04 3 
   28.685863 5.112735e+21 1.549580e-04 3 
   28.866875 5.176925e+21 1.549419e-04 3 
   29.047997 5.348032e+21 1.580731e-04 3 
   29.229231 5.357583e+21 1.563978e-04 3 
   29.410572 5.390853e+21 1.554343e-04 3 
   29.592025 5.429199e+21 1.546261e-04 3 
   29.773597 5.383208e+21 1.514520e-04 3 
   29.955278 5.566966e+21 1.547278e-04 3 
   30.137059 5.619532e+21 1.543103e-04 3 
   30.318959 5.707894e+21 1.548616e-04 3 
   30.500969 5.687981e+21 1.524851e-04 3 
   30.683103 6.053941e+21 1.603748e-04 3 
   30.865334 5.889095e+21 1.541711e-04 3 
   31.047684 5.828962e+21 1.508097e-04 3 
   31.230153 6.228617e+21 1.592722e-04 3 
   31.412725 5.983141e+21 1.512218e-04 3 
   31.595416 6.090002e+21 1.521478e-04 3 
   31.778219 6.327130e+21 1.562587e-04 3 
   31.961128 6.451475e+21 1.575111e-04 3 
   32.144159 6.859985e+21 1.655829e-04 3 
   32.327309 6.800443e+21 1.622910e-04 3 
   32.510566 6.929027e+21 1.635007e-04 3 
   32.693931 6.778922e+21 1.581695e-04 3 
   32.877422 7.132916e+21 1.645766e-04 3 
   33.061031 7.329867e+21 1.672475e-04 3 
   33.244747 8.382178e+21 1.891504e-04 3 
   33.428575 1.255369e+22 2.801768e-04 3 
   33.612522 1.128417e+22 2.490942e-04 3 
   33.796591 7.672890e+21 1.675366e-04 3 
   33.980775 7.349334e+21 1.587369e-04 3 
   34.165069 7.610892e+21 1.626175e-04 3 
   34.349478 7.743160e+21 1.636720e-04 3 
   34.534013 7.939455e+21 1.660325e-04 3 
   34.718659 1.270186e+22 2.628076e-04 3 
   34.903422 1.547685e+22 3.168422e-04 3 
