# NGC 3190  
# 
# An Atlas of Galaxy Spectral Energy Distributions from the Ultraviolet to the Mid-Infrared
# Brown et al. (2014)
# http://dx.doi.org/10.5072/03/529D3551F0117
# http://dx.doi.org/10.17909/t9-5bxk-dh29
# 
# The Spectral Energy Distributions of Active Galactic Nuclei
# Brown et al. (2019)
# http://dx.doi.org/10.17909/t9-3dbt-8734
# 
# Column 1: Observed wavelength (um)
# Column 2: L_nu (W/Hz)
# Column 3: f_lam (erg/s/cm2/A)
# Column 4: Source (0 = model, 1 = Optical Spectrun, 2 = Akari, 3 = Spitzer IRS)
# 
  1.0004e-02 5.172095e+09 1.288889e-09 0 
  1.0190e-02 8.029758e+09 1.928637e-09 0 
  1.0403e-02 1.139388e+10 2.625736e-09 0 
  1.0596e-02 1.635527e+10 3.633040e-09 0 
  1.0794e-02 2.385985e+10 5.107394e-09 0 
  1.0994e-02 3.878968e+10 8.003891e-09 0 
  1.1407e-02 7.205780e+10 1.381130e-08 0 
  1.1808e-02 1.243687e+11 2.224615e-08 0 
  1.2111e-02 5.491611e+11 9.337620e-08 0 
  1.2507e-02 8.583678e+11 1.368559e-07 0 
  1.2710e-02 1.039096e+12 1.604209e-07 0 
  1.2799e-02 1.160653e+12 1.767042e-07 0 
  1.3097e-02 1.505471e+12 2.188896e-07 0 
  1.3187e-02 1.873526e+12 2.686979e-07 0 
  1.3402e-02 2.211648e+12 3.070953e-07 0 
  1.3714e-02 3.255979e+12 4.317673e-07 0 
  1.4001e-02 4.098848e+12 5.214831e-07 0 
  1.4294e-02 1.344918e+13 1.641666e-06 0 
  1.4695e-02 4.156119e+13 4.800044e-06 0 
  1.5106e-02 5.281059e+13 5.771896e-06 0 
  1.5494e-02 6.709810e+13 6.970751e-06 0 
  1.5891e-02 8.524867e+13 8.419408e-06 0 
  1.6187e-02 1.008457e+14 9.598895e-06 0 
  1.6602e-02 1.278363e+14 1.156724e-05 0 
  1.6989e-02 1.565670e+14 1.352885e-05 0 
  1.7305e-02 1.835216e+14 1.528412e-05 0 
  1.7708e-02 2.226919e+14 1.771176e-05 0 
  1.7995e-02 2.562753e+14 1.973784e-05 0 
  1.8204e-02 2.822893e+14 2.124502e-05 0 
  1.8585e-02 3.370562e+14 2.433737e-05 0 
  1.9106e-02 4.194733e+14 2.865901e-05 0 
  1.9416e-02 4.804715e+14 3.178664e-05 0 
  1.9823e-02 5.645542e+14 3.583136e-05 0 
  2.0191e-02 6.617558e+14 4.048355e-05 0 
  2.0519e-02 7.458924e+14 4.418351e-05 0 
  2.0997e-02 8.564082e+14 4.844654e-05 0 
  2.1586e-02 1.110930e+15 5.946190e-05 0 
  2.1987e-02 1.281415e+15 6.610804e-05 0 
  2.2293e-02 1.401739e+15 7.034395e-05 0 
  2.2707e-02 1.616926e+15 7.821088e-05 0 
  2.3023e-02 2.646715e+15 1.245317e-04 0 
  2.3397e-02 4.882880e+15 2.224601e-04 0 
  2.3997e-02 6.787183e+15 2.939491e-04 0 
  2.4613e-02 7.272410e+15 2.993958e-04 0 
  2.5186e-02 8.643496e+15 3.398345e-04 0 
  2.5714e-02 8.066760e+15 3.042680e-04 0 
  2.6011e-02 9.765721e+15 3.599869e-04 0 
  2.6373e-02 1.095704e+16 3.928898e-04 0 
  2.6925e-02 1.198687e+16 4.123736e-04 0 
  2.7426e-02 1.299213e+16 4.307764e-04 0 
  2.7872e-02 1.401836e+16 4.500464e-04 0 
  2.8390e-02 1.515943e+16 4.690817e-04 0 
  2.8984e-02 1.583741e+16 4.701800e-04 0 
  2.9591e-02 1.760766e+16 5.015092e-04 0 
  3.0072e-02 1.873727e+16 5.167471e-04 0 
  3.0772e-02 2.083010e+16 5.486258e-04 0 
  3.1781e-02 2.424829e+16 5.987457e-04 0 
  3.2822e-02 2.745930e+16 6.357053e-04 0 
  3.3819e-02 3.059868e+16 6.672331e-04 0 
  3.4767e-02 3.370471e+16 6.954287e-04 0 
  3.5741e-02 3.704219e+16 7.232022e-04 0 
  3.6573e-02 4.042775e+16 7.537977e-04 0 
  3.7511e-02 4.372181e+16 7.749564e-04 0 
  3.8474e-02 4.609961e+16 7.767103e-04 0 
  3.9460e-02 5.136933e+16 8.227847e-04 0 
  4.0473e-02 5.580532e+16 8.496523e-04 0 
  4.1415e-02 5.952383e+16 8.655098e-04 0 
  4.2185e-02 6.232875e+16 8.735118e-04 0 
  4.2970e-02 6.541839e+16 8.836201e-04 0 
  4.4072e-02 7.058060e+16 9.062673e-04 0 
  4.5099e-02 7.442312e+16 9.125792e-04 0 
  4.6043e-02 7.828833e+16 9.210141e-04 0 
  4.7007e-02 8.254097e+16 9.316246e-04 0 
  4.7991e-02 8.723669e+16 9.446610e-04 0 
  4.8996e-02 9.050816e+16 9.402925e-04 0 
    0.050022 9.609308e+16 9.577815e-04 0 
    0.050601 9.787797e+16 9.533737e-04 0 
    0.051187 1.036786e+17 9.868842e-04 0 
    0.052019 1.075741e+17 9.914713e-04 0 
    0.052986 1.110959e+17 9.868982e-04 0 
    0.053971 1.134169e+17 9.710759e-04 0 
    0.054975 1.176747e+17 9.710669e-04 0 
    0.055997 1.246520e+17 9.914397e-04 0 
    0.057038 1.317347e+17 1.009876e-03 0 
    0.057965 1.344847e+17 9.982461e-04 0 
    0.059042 1.408324e+17 1.007574e-03 0 
    0.060002 1.424610e+17 9.868721e-04 0 
    0.060976 1.329495e+17 8.917952e-04 0 
    0.061967 1.558441e+17 1.012199e-03 0 
    0.062974 1.591047e+17 1.000592e-03 0 
    0.063997 1.666050e+17 1.014531e-03 0 
    0.065037 1.708814e+17 1.007559e-03 0 
    0.065790 1.728596e+17 9.960248e-04 0 
    0.066552 1.801689e+17 1.014504e-03 0 
    0.067478 1.860777e+17 1.019216e-03 0 
    0.068574 1.865010e+17 9.891421e-04 0 
    0.069528 1.980070e+17 1.021545e-03 0 
    0.070496 1.957425e+17 9.823193e-04 0 
    0.071641 2.121780e+17 1.031035e-03 0 
    0.072638 2.186289e+17 1.033419e-03 0 
    0.073479 2.247369e+17 1.038112e-03 0 
    0.074501 2.305042e+17 1.035741e-03 0 
    0.075537 2.375101e+17 1.038148e-03 0 
    0.076412 2.252673e+17 9.622137e-04 0 
    0.077475 2.521698e+17 1.047771e-03 0 
    0.078553 2.539106e+17 1.026247e-03 0 
    0.079463 2.664955e+17 1.052583e-03 0 
    0.080568 2.777731e+17 1.067238e-03 0 
    0.081501 2.862028e+17 1.074594e-03 0 
    0.082445 2.976412e+17 1.092096e-03 0 
    0.083592 2.803404e+17 1.000582e-03 0 
    0.084559 3.145595e+17 1.097184e-03 0 
    0.085539 3.218843e+17 1.097155e-03 0 
    0.086529 3.362636e+17 1.120090e-03 0 
    0.087531 3.505079e+17 1.140960e-03 0 
    0.088545 3.636452e+17 1.156768e-03 0 
    0.089570 3.772965e+17 1.172881e-03 0 
    0.090399 3.834332e+17 1.170197e-03 0 
    0.091446 4.567510e+17 1.362218e-03 0 
    0.092504 1.126406e+18 3.282996e-03 0 
    0.093576 2.026233e+18 5.771078e-03 0 
    0.094441 3.347367e+18 9.360061e-03 0 
    0.095535 4.567697e+18 1.248156e-02 0 
    0.096419 5.160433e+18 1.384386e-02 0 
    0.097535 1.464495e+18 3.839400e-03 0 
    0.098438 4.536230e+18 1.167524e-02 0 
    0.099578 4.905458e+18 1.233813e-02 0 
    0.100499 7.107094e+18 1.754951e-02 0 
    0.101429 7.172848e+18 1.738857e-02 0 
    0.102604 3.721331e+18 8.815889e-03 0 
    0.103553 5.671525e+18 1.319079e-02 0 
    0.104511 1.017845e+19 2.324096e-02 0 
    0.105478 1.022561e+19 2.292250e-02 0 
    0.106454 8.369353e+18 1.841893e-02 0 
    0.107439 1.008539e+19 2.179039e-02 0 
    0.108433 8.254380e+18 1.750887e-02 0 
    0.109437 1.110961e+19 2.313487e-02 0 
    0.110449 1.095689e+19 2.240062e-02 0 
    0.111471 1.080681e+19 2.169053e-02 0 
    0.112503 9.901210e+18 1.950996e-02 0 
    0.113544 1.281400e+19 2.478864e-02 0 
    0.114594 1.204182e+19 2.286993e-02 0 
    0.115388 1.296255e+19 2.428094e-02 0 
    0.116456 1.354215e+19 2.490349e-02 0 
    0.117534 9.543084e+18 1.722892e-02 0 
    0.118621 1.376239e+19 2.439310e-02 0 
    0.119443 1.015531e+19 1.775286e-02 0 
    0.120549 7.901041e+18 1.355981e-02 0 
    0.121384 5.911340e+18 1.000598e-02 0 
    0.122507 1.088139e+19 1.808253e-02 0 
    0.123641 1.594750e+19 2.601741e-02 0 
    0.124498 1.760710e+19 2.833084e-02 0 
    0.125361 1.716693e+19 2.724359e-02 0 
    0.126521 1.547686e+19 2.411315e-02 0 
    0.127398 1.989238e+19 3.056737e-02 0 
    0.128577 2.126637e+19 3.208213e-02 0 
    0.129468 1.732554e+19 2.577854e-02 0 
    0.130365 1.748603e+19 2.566053e-02 0 
    0.131572 2.216629e+19 3.193467e-02 0 
    0.132484 2.166159e+19 3.077938e-02 0 
    0.133402 1.971014e+19 2.762241e-02 0 
    0.134636 2.375123e+19 3.267835e-02 0 
    0.135570 2.342527e+19 3.178731e-02 0 
    0.136509 2.146294e+19 2.872520e-02 0 
    0.137456 2.278705e+19 3.007856e-02 0 
    0.138408 2.331791e+19 3.035734e-02 0 
    0.139368 2.003052e+19 2.571950e-02 0 
    0.140657 2.097446e+19 2.644019e-02 0 
    0.141632 2.299792e+19 2.859316e-02 0 
    0.142614 2.386130e+19 2.925945e-02 0 
    0.143603 2.436072e+19 2.946181e-02 0 
    0.144265 2.586348e+19 3.099284e-02 0 
    0.144598 2.652678e+19 3.164145e-02 0 
    0.145600 2.622379e+19 3.085099e-02 0 
    0.146610 2.464259e+19 2.859273e-02 0 
    0.147626 2.515877e+19 2.879122e-02 0 
    0.148649 2.616307e+19 2.952985e-02 0 
    0.149335 2.695860e+19 3.014884e-02 0 
    0.150370 2.604295e+19 2.872528e-02 0 
    0.151065 2.353371e+19 2.571930e-02 0 
    0.151762 2.533330e+19 2.743230e-02 0 
    0.152462 2.533335e+19 2.718102e-02 0 
    0.153519 2.247471e+19 2.378298e-02 0 
    0.154583 2.487124e+19 2.595795e-02 0 
    0.155655 2.397100e+19 2.467496e-02 0 
    0.156373 2.498519e+19 2.548329e-02 0 
    0.157457 2.790576e+19 2.807155e-02 0 
    0.158549 2.990149e+19 2.966622e-02 0 
    0.159648 3.152799e+19 3.085075e-02 0 
    0.160385 3.102367e+19 3.007891e-02 0 
    0.161496 3.123823e+19 2.987166e-02 0 
    0.162616 2.976403e+19 2.807124e-02 0 
    0.163366 3.241117e+19 3.028780e-02 0 
    0.164499 3.425229e+19 3.156891e-02 0 
    0.165639 3.123825e+19 2.839605e-02 0 
    0.166404 3.553794e+19 3.200819e-02 0 
    0.167172 3.052724e+19 2.724312e-02 0 
    0.167557 3.932704e+19 3.493515e-02 0 
    0.168330 4.146556e+19 3.649731e-02 0 
    0.169497 3.852029e+19 3.343967e-02 0 
    0.170672 3.807925e+19 3.260320e-02 0 
    0.171460 3.816722e+19 3.237885e-02 0 
    0.172648 3.878699e+19 3.245334e-02 0 
    0.173445 4.282427e+19 3.550282e-02 0 
    0.174648 4.243122e+19 3.469403e-02 0 
    0.175454 4.695566e+19 3.804152e-02 0 
    0.176670 4.194614e+19 3.351682e-02 0 
    0.177485 4.536179e+19 3.591397e-02 0 
    0.178305 4.631213e+19 3.632990e-02 0 
    0.179541 5.292883e+19 4.095071e-02 0 
    0.180369 5.148650e+19 3.946990e-02 0 
    0.181619 4.973844e+19 3.760677e-02 0 
    0.182458 5.031359e+19 3.769259e-02 0 
    0.183300 4.838254e+19 3.591371e-02 0 
    0.184571 4.432894e+19 3.245315e-02 0 
    0.185423 4.760954e+19 3.453530e-02 0 
    0.186708 5.160407e+19 3.691939e-02 0 
    0.187570 5.416120e+19 3.839353e-02 0 
    0.188435 5.208215e+19 3.658156e-02 0 
    0.189305 5.341883e+19 3.717634e-02 0 
    0.190617 5.491478e+19 3.769315e-02 0 
    0.191497 5.555073e+19 3.778003e-02 0 
    0.192381 5.403713e+19 3.641366e-02 0 
    0.193715 5.054666e+19 3.359405e-02 0 
    0.194609 6.133192e+19 4.038845e-02 0 
    0.195507 5.979866e+19 3.901785e-02 0 
    0.196862 6.771612e+19 4.357774e-02 0 
    0.197771 6.802883e+19 4.337747e-02 0 
    0.198227 6.740425e+19 4.278171e-02 0 
    0.199601 6.724947e+19 4.209785e-02 0 
    0.200522 6.709417e+19 4.161570e-02 0 
    0.201448 6.648008e+19 4.085659e-02 0 
    0.202378 6.617420e+19 4.029568e-02 0 
    0.203312 6.977353e+19 4.209796e-02 0 
    0.204721 7.562947e+19 4.500520e-02 0 
    0.205666 7.172762e+19 4.229197e-02 0 
    0.206615 7.156330e+19 4.180836e-02 0 
    0.207569 8.141188e+19 4.712586e-02 0 
    0.208527 1.017860e+20 5.837941e-02 0 
    0.209490 9.631366e+19 5.473408e-02 0 
    0.210457 9.325882e+19 5.251212e-02 0 
    0.211428 9.878404e+19 5.511353e-02 0 
    0.212404 9.742835e+19 5.385877e-02 0 
    0.213384 8.844883e+19 4.844677e-02 0 
    0.214369 1.024922e+20 5.562412e-02 0 
    0.215359 1.060943e+20 5.705091e-02 0 
    0.216353 9.833044e+19 5.239123e-02 0 
    0.217351 9.992876e+19 5.275501e-02 0 
    0.218355 1.100763e+20 5.757896e-02 0 
    0.219363 1.152636e+20 5.973956e-02 0 
    0.220375 1.121217e+20 5.757867e-02 0 
    0.221392 9.742935e+19 4.957497e-02 0 
    0.222414 1.017869e+20 5.131734e-02 0 
    0.223441 1.232219e+20 6.155431e-02 0 
    0.224472 1.174065e+20 5.811180e-02 0 
    0.225508 1.017862e+20 4.991848e-02 0 
    0.226549 1.022571e+20 4.968960e-02 0 
    0.227595 1.116064e+20 5.373537e-02 0 
    0.228645 1.296262e+20 6.183950e-02 0 
    0.229701 1.158139e+20 5.474337e-02 0 
    0.230761 1.293790e+20 6.059482e-02 0 
    0.231293 1.169291e+20 5.451223e-02 0 
    0.232361 8.892660e+19 4.107728e-02 0 
    0.233433 9.443657e+19 4.322272e-02 0 
    0.234511 7.911296e+19 3.587712e-02 0 
    0.235593 1.138566e+20 5.115993e-02 0 
    0.236680 8.403656e+19 3.741464e-02 0 
    0.237773 9.853333e+19 4.346649e-02 0 
    0.238321 7.475450e+19 3.282534e-02 0 
    0.239421 8.684526e+19 3.778488e-02 0 
    0.240526 8.567602e+19 3.693445e-02 0 
    0.241636 9.527451e+19 4.069583e-02 0 
    0.242752 1.309457e+20 5.541941e-02 0 
    0.243311 1.300601e+20 5.479199e-02 0 
    0.244435 1.483406e+20 6.191983e-02 0 
    0.245563 1.543036e+20 6.381851e-02 0 
    0.246696 1.440433e+20 5.902897e-02 0 
    0.247265 1.332128e+20 5.433969e-02 0 
    0.248406 1.136760e+20 4.594528e-02 0 
    0.249553 1.168916e+20 4.681166e-02 0 
    0.250705 1.617707e+20 6.419044e-02 0 
    0.251283 1.004526e+20 3.967632e-02 0 
    0.251862 9.289980e+19 3.652463e-02 0 
    0.252443 9.442236e+19 3.695257e-02 0 
    0.253608 1.161965e+20 4.505713e-02 0 
    0.254778 1.219866e+20 4.686891e-02 0 
    0.255366 1.739280e+20 6.651809e-02 0 
    0.256544 1.457104e+20 5.521580e-02 0 
    0.257729 1.740241e+20 6.534001e-02 0 
    0.258323 1.624319e+20 6.070739e-02 0 
    0.259515 1.523329e+20 5.641118e-02 0 
    0.260713 1.392885e+20 5.110772e-02 0 
    0.261314 1.306094e+20 4.770300e-02 0 
    0.262520 1.656146e+20 5.993358e-02 0 
    0.263732 2.340040e+20 8.390622e-02 0 
    0.264340 3.056873e+20 1.091059e-01 0 
    0.265560 3.858326e+20 1.364489e-01 0 
    0.266786 2.694847e+20 9.442879e-02 0 
    0.267401 3.066188e+20 1.069471e-01 0 
    0.268635 3.386231e+20 1.170275e-01 0 
    0.269254 2.746582e+20 9.448541e-02 0 
    0.270497 3.250216e+20 1.107857e-01 0 
    0.271746 2.588479e+20 8.742079e-02 0 
    0.272372 2.344710e+20 7.882440e-02 0 
    0.273629 2.774723e+20 9.242549e-02 0 
    0.274260 1.726987e+20 5.726120e-02 0 
    0.275526 2.140004e+20 7.030493e-02 0 
    0.276798 2.621476e+20 8.533288e-02 0 
    0.277436 2.861578e+20 9.272063e-02 0 
    0.278716 1.989476e+20 6.387213e-02 0 
    0.279359 1.080930e+20 3.454369e-02 0 
    0.280648 1.270364e+20 4.022544e-02 0 
    0.281295 2.722753e+20 8.581846e-02 0 
    0.282594 3.776769e+20 1.179481e-01 0 
    0.283245 3.699907e+20 1.150172e-01 0 
    0.284553 3.164768e+20 9.747922e-02 0 
    0.285209 2.261492e+20 6.933700e-02 0 
    0.286525 4.050565e+20 1.230515e-01 0 
    0.287186 4.814949e+20 1.456001e-01 0 
    0.288511 4.474282e+20 1.340587e-01 0 
    0.289176 5.032529e+20 1.500922e-01 0 
    0.291181 6.606800e+20 1.943397e-01 0 
    0.293199 5.973069e+20 1.732882e-01 0 
    0.295231 5.786433e+20 1.655707e-01 0 
    0.297278 6.289354e+20 1.774912e-01 0 
    0.299338 6.468799e+20 1.800514e-01 0 
    0.300720 6.760057e+20 1.864327e-01 0 
    0.302805 7.082057e+20 1.926326e-01 0 
    0.304904 7.453821e+20 1.999628e-01 0 
    0.307017 8.027496e+20 2.123986e-01 0 
    0.309145 8.199768e+20 2.139802e-01 0 
    0.311288 9.078531e+20 2.336616e-01 0 
    0.312725 8.752948e+20 2.232161e-01 0 
    0.314893 8.899592e+20 2.238415e-01 0 
    0.317075 9.673695e+20 2.399744e-01 0 
    0.319273 8.665973e+20 2.120261e-01 0 
    0.320747 9.704169e+20 2.352500e-01 0 
    0.322970 8.436861e+20 2.017219e-01 0 
    0.325209 1.123065e+21 2.648355e-01 0 
    0.326710 1.292866e+21 3.020821e-01 0 
    0.328975 1.287615e+21 2.967267e-01 0 
    0.331255 1.270611e+21 2.887914e-01 0 
    0.332019 1.270815e+21 2.875100e-01 0 
    0.332784 1.358835e+21 3.060118e-01 0 
    0.333551 1.466362e+21 3.287103e-01 0 
    0.334320 1.325325e+21 2.957291e-01 0 
    0.335091 1.322487e+21 2.937394e-01 0 
    0.335863 1.470508e+21 3.251169e-01 0 
    0.336638 1.278060e+21 2.812688e-01 0 
    0.337414 1.070580e+21 2.345250e-01 0 
    0.338191 1.212551e+21 2.644067e-01 0 
    0.338971 1.471552e+21 3.194089e-01 0 
    0.339752 1.395907e+21 3.015984e-01 0 
    0.340535 1.509842e+21 3.247165e-01 0 
    0.341321 1.432235e+21 3.066090e-01 0 
    0.342107 1.549150e+21 3.301155e-01 0 
    0.342896 1.483098e+21 3.145876e-01 0 
    0.343687 1.469771e+21 3.103273e-01 0 
    0.344479 1.094779e+21 2.300898e-01 0 
    0.345273 1.590047e+21 3.326452e-01 0 
    0.346069 1.450384e+21 3.020328e-01 0 
    0.346867 1.467454e+21 3.041831e-01 0 
    0.347666 1.421152e+21 2.932328e-01 0 
    0.348468 1.509131e+21 3.099543e-01 0 
    0.349271 1.434855e+21 2.933456e-01 0 
    0.350076 1.361064e+21 2.769812e-01 0 
    0.350883 1.640474e+21 3.323082e-01 0 
    0.351692 1.419222e+21 2.861684e-01 0 
    0.352503 1.520993e+21 3.052798e-01 0 
    0.353315 1.702976e+21 3.402364e-01 0 
    0.354130 1.825107e+21 3.629605e-01 0 
    0.354946 1.850826e+21 3.663849e-01 0 
    0.355764 1.684436e+21 3.319152e-01 0 
    0.356584 1.843006e+21 3.614927e-01 0 
    0.357407 1.366497e+21 2.667959e-01 0 
    0.358230 1.401809e+21 2.724340e-01 0 
    0.359056 1.221158e+21 2.362348e-01 0 
    0.359884 1.785909e+21 3.438989e-01 0 
    0.360714 1.644128e+21 3.151419e-01 0 
    0.361545 1.667337e+21 3.181231e-01 0 
    0.361992 1.729520e+21 3.291730e-01 1 
    0.362266 1.652282e+21 3.139969e-01 1 
    0.362540 1.778136e+21 3.374035e-01 1 
    0.362814 1.937347e+21 3.670589e-01 1 
    0.363088 1.775004e+21 3.357932e-01 1 
    0.363361 1.549462e+21 2.926852e-01 1 
    0.363635 1.460529e+21 2.754707e-01 1 
    0.363909 1.938985e+21 3.651618e-01 1 
    0.364183 1.928821e+21 3.627013e-01 1 
    0.364457 1.921840e+21 3.608452e-01 1 
    0.364731 1.836133e+21 3.442352e-01 1 
    0.365004 1.961790e+21 3.672431e-01 1 
    0.365278 1.967931e+21 3.678403e-01 1 
    0.365552 2.130041e+21 3.975449e-01 1 
    0.365826 2.331670e+21 4.345247e-01 1 
    0.366100 2.355863e+21 4.383762e-01 1 
    0.366374 2.267610e+21 4.213233e-01 1 
    0.366647 2.304645e+21 4.275670e-01 1 
    0.366921 2.299096e+21 4.259008e-01 1 
    0.367195 2.177847e+21 4.028379e-01 1 
    0.367469 1.913436e+21 3.534019e-01 1 
    0.367743 1.916212e+21 3.533876e-01 1 
    0.368017 2.072593e+21 3.816582e-01 1 
    0.368290 1.936986e+21 3.561583e-01 1 
    0.368564 1.970457e+21 3.617743e-01 1 
    0.368838 2.080821e+21 3.814695e-01 1 
    0.369112 2.017942e+21 3.693932e-01 1 
    0.369386 2.190336e+21 4.003560e-01 1 
    0.369660 2.250045e+21 4.106603e-01 1 
    0.369933 2.112676e+21 3.850199e-01 1 
    0.370207 1.983507e+21 3.609449e-01 1 
    0.370481 2.018163e+21 3.667084e-01 1 
    0.370755 2.023860e+21 3.672002e-01 1 
    0.371029 2.209748e+21 4.003350e-01 1 
    0.371303 2.325383e+21 4.206628e-01 1 
    0.371577 2.237018e+21 4.040808e-01 1 
    0.371850 2.120987e+21 3.825595e-01 1 
    0.372124 2.139294e+21 3.852935e-01 1 
    0.372398 2.285771e+21 4.110688e-01 1 
    0.372672 2.267762e+21 4.072306e-01 1 
    0.372946 2.315314e+21 4.151591e-01 1 
    0.373220 1.862220e+21 3.334245e-01 1 
    0.373493 1.839870e+21 3.289415e-01 1 
    0.373767 1.832410e+21 3.271277e-01 1 
    0.374041 1.968966e+21 3.509912e-01 1 
    0.374315 1.891134e+21 3.366234e-01 1 
    0.374589 1.779651e+21 3.163161e-01 1 
    0.374863 1.719718e+21 3.052169e-01 1 
    0.375136 1.948388e+21 3.452982e-01 1 
    0.375410 2.235792e+21 3.956545e-01 1 
    0.375684 2.124214e+21 3.753611e-01 1 
    0.375958 2.114803e+21 3.731537e-01 1 
    0.376232 2.279697e+21 4.016633e-01 1 
    0.376506 2.117853e+21 3.726048e-01 1 
    0.376779 2.189953e+21 3.847316e-01 1 
    0.377053 2.243545e+21 3.935739e-01 1 
    0.377327 2.429785e+21 4.256263e-01 1 
    0.377601 2.652364e+21 4.639416e-01 1 
    0.377875 2.589247e+21 4.522448e-01 1 
    0.378149 2.661152e+21 4.641306e-01 1 
    0.378422 2.595830e+21 4.520848e-01 1 
    0.378696 2.394380e+21 4.163976e-01 1 
    0.378970 2.380439e+21 4.133747e-01 1 
    0.379244 2.300417e+21 3.989014e-01 1 
    0.379518 2.063583e+21 3.573170e-01 1 
    0.379792 2.107744e+21 3.644371e-01 1 
    0.380066 2.190335e+21 3.781716e-01 1 
    0.380339 2.321349e+21 4.002166e-01 1 
    0.380613 2.569464e+21 4.423558e-01 1 
    0.380887 2.579255e+21 4.434027e-01 1 
    0.381161 2.395019e+21 4.111388e-01 1 
    0.381435 2.352945e+21 4.033362e-01 1 
    0.381709 2.289472e+21 3.918925e-01 1 
    0.381982 2.077682e+21 3.551319e-01 1 
    0.382256 1.994179e+21 3.403705e-01 1 
    0.382530 1.705790e+21 2.907307e-01 1 
    0.382804 1.473976e+21 2.508614e-01 1 
    0.383078 1.518810e+21 2.581222e-01 1 
    0.383352 1.566998e+21 2.659314e-01 1 
    0.383625 1.847224e+21 3.130416e-01 1 
    0.383899 1.737503e+21 2.940276e-01 1 
    0.384173 2.238934e+21 3.783415e-01 1 
    0.384447 2.254207e+21 3.803796e-01 1 
    0.384721 2.550385e+21 4.297446e-01 1 
    0.384995 2.441435e+21 4.108009e-01 1 
    0.385268 2.282844e+21 3.835719e-01 1 
    0.385542 2.239630e+21 3.757763e-01 1 
    0.385816 2.278682e+21 3.817858e-01 1 
    0.386090 2.244485e+21 3.755226e-01 1 
    0.386364 2.309474e+21 3.858480e-01 1 
    0.386638 2.566173e+21 4.281277e-01 1 
    0.386911 2.455428e+21 4.090735e-01 1 
    0.387185 2.195087e+21 3.651834e-01 1 
    0.387459 2.448421e+21 4.067532e-01 1 
    0.387733 2.361336e+21 3.917317e-01 1 
    0.388007 2.302172e+21 3.813776e-01 1 
    0.388281 2.266459e+21 3.749315e-01 1 
    0.388555 2.112219e+21 3.489236e-01 1 
    0.388828 2.301705e+21 3.796916e-01 1 
    0.389102 2.792035e+21 4.599285e-01 1 
    0.389376 2.691831e+21 4.427982e-01 1 
    0.389650 2.670800e+21 4.387210e-01 1 
    0.389924 2.864771e+21 4.699227e-01 1 
    0.390198 2.929516e+21 4.798685e-01 1 
    0.390471 2.905913e+21 4.753368e-01 1 
    0.390745 3.069380e+21 5.013722e-01 1 
    0.391019 3.181070e+21 5.188884e-01 1 
    0.391293 3.163735e+21 5.153382e-01 1 
    0.391567 2.943025e+21 4.787163e-01 1 
    0.391841 2.725971e+21 4.427902e-01 1 
    0.392114 2.691129e+21 4.365222e-01 1 
    0.392388 2.321869e+21 3.760996e-01 1 
    0.392662 1.814557e+21 2.935143e-01 1 
    0.392936 1.600859e+21 2.585864e-01 1 
    0.393210 1.561693e+21 2.519086e-01 1 
    0.393484 1.627317e+21 2.621287e-01 1 
    0.393757 1.845189e+21 2.968114e-01 1 
    0.394031 2.264033e+21 3.636791e-01 1 
    0.394305 2.612260e+21 4.190331e-01 1 
    0.394579 2.813966e+21 4.507620e-01 1 
    0.394853 2.828024e+21 4.523854e-01 1 
    0.395127 3.144892e+21 5.023759e-01 1 
    0.395401 2.913866e+21 4.648262e-01 1 
    0.395674 2.836141e+21 4.518032e-01 1 
    0.395948 2.320314e+21 3.691195e-01 1 
    0.396222 2.068089e+21 3.285401e-01 1 
    0.396496 1.712808e+21 2.717237e-01 1 
    0.396770 1.690195e+21 2.677661e-01 1 
    0.397044 1.962576e+21 3.104886e-01 1 
    0.397317 2.429021e+21 3.837544e-01 1 
    0.397591 2.953150e+21 4.659173e-01 1 
    0.397865 3.405505e+21 5.365454e-01 1 
    0.398139 3.468943e+21 5.457882e-01 1 
    0.398413 3.597459e+21 5.652302e-01 1 
    0.398687 3.775420e+21 5.923761e-01 1 
    0.398960 3.918105e+21 6.139228e-01 1 
    0.399234 3.935749e+21 6.158412e-01 1 
    0.399508 3.890318e+21 6.078978e-01 1 
    0.399782 4.037366e+21 6.300109e-01 1 
    0.400056 3.994679e+21 6.224963e-01 1 
    0.400330 3.985470e+21 6.202114e-01 1 
    0.400603 4.143397e+21 6.439091e-01 1 
    0.400877 4.162878e+21 6.460525e-01 1 
    0.401151 4.405090e+21 6.827087e-01 1 
    0.401425 4.382721e+21 6.783150e-01 1 
    0.401699 4.521271e+21 6.988042e-01 1 
    0.401973 4.413769e+21 6.812591e-01 1 
    0.402246 4.481896e+21 6.908356e-01 1 
    0.402520 4.516860e+21 6.952775e-01 1 
    0.402794 4.308275e+21 6.622683e-01 1 
    0.403068 4.154424e+21 6.377502e-01 1 
    0.403342 4.095696e+21 6.278809e-01 1 
    0.403616 4.354930e+21 6.667161e-01 1 
    0.403890 4.357440e+21 6.661954e-01 1 
    0.404163 4.212575e+21 6.431778e-01 1 
    0.404437 4.294121e+21 6.547401e-01 1 
    0.404711 4.188131e+21 6.377151e-01 1 
    0.404985 4.239980e+21 6.447367e-01 1 
    0.405259 4.274183e+21 6.490591e-01 1 
    0.405533 4.112960e+21 6.237327e-01 1 
    0.405806 4.090390e+21 6.194757e-01 1 
    0.406080 4.027965e+21 6.091986e-01 1 
    0.406354 3.980159e+21 6.011569e-01 1 
    0.406628 4.153569e+21 6.265033e-01 1 
    0.406902 4.212130e+21 6.344809e-01 1 
    0.407176 4.227520e+21 6.359424e-01 1 
    0.407449 4.159655e+21 6.248953e-01 1 
    0.407723 4.253050e+21 6.380673e-01 1 
    0.407997 4.441501e+21 6.654452e-01 1 
    0.408271 4.473726e+21 6.693739e-01 1 
    0.408545 4.494642e+21 6.716016e-01 1 
    0.408819 4.585835e+21 6.843097e-01 1 
    0.409092 4.426326e+21 6.596262e-01 1 
    0.409366 4.179285e+21 6.219778e-01 1 
    0.409640 3.989032e+21 5.928698e-01 1 
    0.409914 3.807969e+21 5.652028e-01 1 
    0.410188 3.791102e+21 5.619478e-01 1 
    0.410462 3.886148e+21 5.752675e-01 1 
    0.410735 4.209332e+21 6.222806e-01 1 
    0.411009 4.312645e+21 6.367039e-01 1 
    0.411283 4.364018e+21 6.434302e-01 1 
    0.411557 4.458528e+21 6.564898e-01 1 
    0.411831 4.479282e+21 6.586683e-01 1 
    0.412105 4.485241e+21 6.586679e-01 1 
    0.412379 4.531463e+21 6.645717e-01 1 
    0.412652 4.577605e+21 6.704507e-01 1 
    0.412926 4.409191e+21 6.449276e-01 1 
    0.413200 4.378903e+21 6.396482e-01 1 
    0.413474 4.571083e+21 6.668361e-01 1 
    0.413748 4.459030e+21 6.496285e-01 1 
    0.414022 4.500395e+21 6.547872e-01 1 
    0.414295 4.463441e+21 6.485551e-01 1 
    0.414569 4.364860e+21 6.333929e-01 1 
    0.414843 4.347686e+21 6.300675e-01 1 
    0.415117 4.407532e+21 6.378975e-01 1 
    0.415391 4.598197e+21 6.646145e-01 1 
    0.415665 4.764470e+21 6.877398e-01 1 
    0.415938 4.727061e+21 6.814445e-01 1 
    0.416212 4.588427e+21 6.605885e-01 1 
    0.416486 4.522552e+21 6.502483e-01 1 
    0.416760 4.552488e+21 6.536920e-01 1 
    0.417034 4.442743e+21 6.370958e-01 1 
    0.417308 4.254120e+21 6.092461e-01 1 
    0.417581 4.307327e+21 6.160597e-01 1 
    0.417855 4.485066e+21 6.406401e-01 1 
    0.418129 4.570427e+21 6.519775e-01 1 
    0.418403 4.669272e+21 6.652059e-01 1 
    0.418677 4.690849e+21 6.674053e-01 1 
    0.418951 4.628325e+21 6.576486e-01 1 
    0.419224 4.668951e+21 6.625573e-01 1 
    0.419498 4.751236e+21 6.733537e-01 1 
    0.419772 4.699782e+21 6.651923e-01 1 
    0.420046 4.740277e+21 6.700489e-01 1 
    0.420320 4.864916e+21 6.867705e-01 1 
    0.420594 4.845182e+21 6.830939e-01 1 
    0.420868 4.904111e+21 6.905019e-01 1 
    0.421141 5.079702e+21 7.142982e-01 1 
    0.421415 4.915482e+21 6.903075e-01 1 
    0.421689 4.958908e+21 6.955013e-01 1 
    0.421963 4.873718e+21 6.826657e-01 1 
    0.422237 4.658856e+21 6.517232e-01 1 
    0.422511 4.542389e+21 6.346069e-01 1 
    0.422784 4.525156e+21 6.313831e-01 1 
    0.423058 4.707218e+21 6.559352e-01 1 
    0.423332 4.829332e+21 6.720806e-01 1 
    0.423606 5.047133e+21 7.014827e-01 1 
    0.423880 4.971270e+21 6.900460e-01 1 
    0.424154 4.976428e+21 6.898696e-01 1 
    0.424427 5.201929e+21 7.202030e-01 1 
    0.424701 5.030871e+21 6.956217e-01 1 
    0.424975 4.885522e+21 6.746533e-01 1 
    0.425249 4.949820e+21 6.826518e-01 1 
    0.425523 5.027082e+21 6.924148e-01 1 
    0.425797 4.834270e+21 6.650007e-01 1 
    0.426070 4.949573e+21 6.799895e-01 1 
    0.426344 5.177814e+21 7.104321e-01 1 
    0.426618 5.028323e+21 6.890349e-01 1 
    0.426892 4.933803e+21 6.752153e-01 1 
    0.427166 4.858879e+21 6.641087e-01 1 
    0.427440 4.812845e+21 6.569737e-01 1 
    0.427713 4.993904e+21 6.808191e-01 1 
    0.427987 5.114186e+21 6.963247e-01 1 
    0.428261 4.933764e+21 6.709000e-01 1 
    0.428535 4.708304e+21 6.394231e-01 1 
    0.428809 4.609276e+21 6.251748e-01 1 
    0.429083 4.668664e+21 6.324212e-01 1 
    0.429357 4.605626e+21 6.230861e-01 1 
    0.429630 4.247188e+21 5.738637e-01 1 
    0.429904 3.975230e+21 5.364333e-01 1 
    0.430178 3.974976e+21 5.357159e-01 1 
    0.430452 3.996175e+21 5.378875e-01 1 
    0.430726 3.946253e+21 5.304925e-01 1 
    0.431000 4.394352e+21 5.899793e-01 1 
    0.431273 4.921164e+21 6.598721e-01 1 
    0.431547 5.498642e+21 7.363692e-01 1 
    0.431821 5.408396e+21 7.233649e-01 1 
    0.432095 5.273180e+21 7.043857e-01 1 
    0.432369 5.145617e+21 6.864752e-01 1 
    0.432643 5.393649e+21 7.186538e-01 1 
    0.432916 5.437982e+21 7.236472e-01 1 
    0.433190 5.362357e+21 7.126813e-01 1 
    0.433464 5.283987e+21 7.013779e-01 1 
    0.433738 5.044218e+21 6.687062e-01 1 
    0.434012 5.085841e+21 6.733730e-01 1 
    0.434286 5.114745e+21 6.763459e-01 1 
    0.434559 5.592171e+21 7.385492e-01 1 
    0.434833 5.580569e+21 7.360883e-01 1 
    0.435107 5.604675e+21 7.383372e-01 1 
    0.435381 5.701485e+21 7.501454e-01 1 
    0.435655 5.860042e+21 7.700373e-01 1 
    0.435929 5.928468e+21 7.780498e-01 1 
    0.436203 6.139699e+21 8.047599e-01 1 
    0.436476 6.162981e+21 8.068013e-01 1 
    0.436750 6.014810e+21 7.864163e-01 1 
    0.437024 5.750519e+21 7.509186e-01 1 
    0.437298 5.693053e+21 7.424833e-01 1 
    0.437572 5.603590e+21 7.299006e-01 1 
    0.437846 5.737039e+21 7.463482e-01 1 
    0.438119 5.257274e+21 6.830820e-01 1 
    0.438393 5.114132e+21 6.636531e-01 1 
    0.438667 5.339140e+21 6.919869e-01 1 
    0.438941 5.720709e+21 7.405152e-01 1 
    0.439215 5.797443e+21 7.495120e-01 1 
    0.439489 5.947301e+21 7.679276e-01 1 
    0.439762 5.858239e+21 7.554890e-01 1 
    0.440036 5.574661e+21 7.180233e-01 1 
    0.440310 5.633512e+21 7.247004e-01 1 
    0.440584 5.963852e+21 7.662419e-01 1 
    0.440858 5.999752e+21 7.698964e-01 1 
    0.441132 6.047794e+21 7.750975e-01 1 
    0.441405 6.109119e+21 7.819889e-01 1 
    0.441679 6.222267e+21 7.954842e-01 1 
    0.441953 6.444679e+21 8.228972e-01 1 
    0.442227 6.486840e+21 8.272545e-01 1 
    0.442501 6.454039e+21 8.220525e-01 1 
    0.442775 6.192940e+21 7.878202e-01 1 
    0.443048 6.389253e+21 8.117924e-01 1 
    0.443322 6.435929e+21 8.167122e-01 1 
    0.443596 6.250881e+21 7.922503e-01 1 
    0.443870 6.391869e+21 8.091195e-01 1 
    0.444144 6.537639e+21 8.265513e-01 1 
    0.444418 6.643117e+21 8.388515e-01 1 
    0.444692 6.796772e+21 8.571968e-01 1 
    0.444965 6.565194e+21 8.269750e-01 1 
    0.445239 6.400634e+21 8.052542e-01 1 
    0.445513 6.245724e+21 7.847991e-01 1 
    0.445787 6.152028e+21 7.720758e-01 1 
    0.446061 6.291372e+21 7.885937e-01 1 
    0.446335 6.217685e+21 7.784008e-01 1 
    0.446608 6.456363e+21 8.072934e-01 1 
    0.446882 6.894861e+21 8.610656e-01 1 
    0.447156 6.934307e+21 8.649309e-01 1 
    0.447430 6.927005e+21 8.629623e-01 1 
    0.447704 6.878430e+21 8.558621e-01 1 
    0.447978 6.863657e+21 8.529797e-01 1 
    0.448251 7.129151e+21 8.848951e-01 1 
    0.448525 7.173585e+21 8.893227e-01 1 
    0.448799 6.862173e+21 8.496779e-01 1 
    0.449073 6.942733e+21 8.586042e-01 1 
    0.449347 6.926733e+21 8.555810e-01 1 
    0.449621 7.076479e+21 8.730126e-01 1 
    0.449894 7.110203e+21 8.761088e-01 1 
    0.450168 7.448417e+21 9.166660e-01 1 
    0.450442 7.780003e+21 9.563095e-01 1 
    0.450716 7.712172e+21 9.468195e-01 1 
    0.450990 7.261807e+21 8.904455e-01 1 
    0.451264 7.495612e+21 9.179989e-01 1 
    0.451537 7.450697e+21 9.113950e-01 1 
    0.451811 7.376889e+21 9.012725e-01 1 
    0.452085 6.994135e+21 8.534739e-01 1 
    0.452359 7.136987e+21 8.698511e-01 1 
    0.452633 6.967784e+21 8.482008e-01 1 
    0.452907 6.786014e+21 8.250745e-01 1 
    0.453181 6.729974e+21 8.172716e-01 1 
    0.453454 6.997735e+21 8.487650e-01 1 
    0.453728 7.117593e+21 8.622605e-01 1 
    0.454002 7.193574e+21 8.704135e-01 1 
    0.454276 7.080113e+21 8.556519e-01 1 
    0.454550 6.916283e+21 8.348451e-01 1 
    0.454824 6.975343e+21 8.409598e-01 1 
    0.455097 7.451313e+21 8.972661e-01 1 
    0.455371 7.410606e+21 8.912908e-01 1 
    0.455645 7.688683e+21 9.236239e-01 1 
    0.455919 7.765885e+21 9.317771e-01 1 
    0.456193 7.664946e+21 9.185616e-01 1 
    0.456467 7.689420e+21 9.203887e-01 1 
    0.456740 7.615747e+21 9.104810e-01 1 
    0.457014 7.876238e+21 9.404945e-01 1 
    0.457288 7.758966e+21 9.253813e-01 1 
    0.457562 7.669721e+21 9.136421e-01 1 
    0.457836 7.641684e+21 9.092131e-01 1 
    0.458110 7.404772e+21 8.799715e-01 1 
    0.458383 7.586548e+21 9.004998e-01 1 
    0.458657 7.670912e+21 9.094261e-01 1 
    0.458931 7.779801e+21 9.212343e-01 1 
    0.459205 7.746891e+21 9.162430e-01 1 
    0.459479 7.553230e+21 8.922731e-01 1 
    0.459753 7.517557e+21 8.870009e-01 1 
    0.460026 7.831296e+21 9.229229e-01 1 
    0.460300 7.856149e+21 9.247497e-01 1 
    0.460574 7.869684e+21 9.252410e-01 1 
    0.460848 8.022702e+21 9.421102e-01 1 
    0.461122 8.062803e+21 9.456944e-01 1 
    0.461396 8.285982e+21 9.707173e-01 1 
    0.461670 8.356492e+21 9.778159e-01 1 
    0.461943 8.236500e+21 9.626365e-01 1 
    0.462217 8.253494e+21 9.634795e-01 1 
    0.462491 8.219269e+21 9.583475e-01 1 
    0.462765 8.013532e+21 9.332531e-01 1 
    0.463039 8.093115e+21 9.414061e-01 1 
    0.463313 7.947207e+21 9.233408e-01 1 
    0.463586 7.739760e+21 8.981800e-01 1 
    0.463860 7.651879e+21 8.869327e-01 1 
    0.464134 7.581987e+21 8.777943e-01 1 
    0.464408 7.692449e+21 8.895322e-01 1 
    0.464682 7.658923e+21 8.846113e-01 1 
    0.464956 7.566200e+21 8.728720e-01 1 
    0.465229 7.870971e+21 9.069665e-01 1 
    0.465503 7.995667e+21 9.202508e-01 1 
    0.465777 8.024644e+21 9.224995e-01 1 
    0.466051 7.852268e+21 9.016225e-01 1 
    0.466325 7.639021e+21 8.761062e-01 1 
    0.466599 7.593997e+21 8.699198e-01 1 
    0.466872 7.816700e+21 8.943843e-01 1 
    0.467146 7.866465e+21 8.990230e-01 1 
    0.467420 8.044411e+21 9.182821e-01 1 
    0.467694 7.942871e+21 9.056292e-01 1 
    0.467968 7.864531e+21 8.956472e-01 1 
    0.468242 7.864468e+21 8.945921e-01 1 
    0.468515 8.009775e+21 9.100595e-01 1 
    0.468789 7.907032e+21 8.973360e-01 1 
    0.469063 7.935496e+21 8.995146e-01 1 
    0.469337 8.087555e+21 9.156808e-01 1 
    0.469611 7.991331e+21 9.037308e-01 1 
    0.469885 7.958338e+21 8.989503e-01 1 
    0.470159 7.892234e+21 8.904446e-01 1 
    0.470432 7.797267e+21 8.787092e-01 1 
    0.470706 7.700814e+21 8.668293e-01 1 
    0.470980 7.746037e+21 8.709056e-01 1 
    0.471254 8.087406e+21 9.082295e-01 1 
    0.471528 8.180151e+21 9.175777e-01 1 
    0.471802 8.345869e+21 9.350793e-01 1 
    0.472075 8.334833e+21 9.327631e-01 1 
    0.472349 8.287911e+21 9.264361e-01 1 
    0.472623 8.124396e+21 9.071055e-01 1 
    0.472897 8.092215e+21 9.024657e-01 1 
    0.473171 8.005675e+21 8.917809e-01 1 
    0.473445 8.136239e+21 9.052761e-01 1 
    0.473718 8.181705e+21 9.092859e-01 1 
    0.473992 8.534366e+21 9.473832e-01 1 
    0.474266 8.527113e+21 9.454846e-01 1 
    0.474540 8.397970e+21 9.300904e-01 1 
    0.474814 8.512506e+21 9.416875e-01 1 
    0.475088 8.709989e+21 9.624229e-01 1 
    0.475361 8.444267e+21 9.319901e-01 1 
    0.475635 8.361546e+21 9.217973e-01 1 
    0.475909 8.463736e+21 9.319890e-01 1 
    0.476183 8.318184e+21 9.149075e-01 1 
    0.476457 8.373820e+21 9.199679e-01 1 
    0.476731 8.551912e+21 9.384537e-01 1 
    0.477005 8.552120e+21 9.373988e-01 1 
    0.477278 8.861764e+21 9.702281e-01 1 
    0.477552 9.040980e+21 9.887139e-01 1 
    0.477826 8.668475e+21 9.468902e-01 1 
    0.478100 8.709336e+21 9.502634e-01 1 
    0.478374 8.886363e+21 9.684681e-01 1 
    0.478648 8.624696e+21 9.388750e-01 1 
    0.478921 8.566691e+21 9.314977e-01 1 
    0.479195 8.872255e+21 9.636201e-01 1 
    0.479469 9.076127e+21 9.846365e-01 1 
    0.479743 9.081956e+21 9.841437e-01 1 
    0.480017 9.348842e+21 1.011908e+00 1 
    0.480291 9.261990e+21 1.001364e+00 1 
    0.480564 9.074033e+21 9.799284e-01 1 
    0.480838 9.036809e+21 9.747966e-01 1 
    0.481112 9.011224e+21 9.709298e-01 1 
    0.481386 9.146230e+21 9.843548e-01 1 
    0.481660 9.175601e+21 9.863925e-01 1 
    0.481934 9.165743e+21 9.842129e-01 1 
    0.482207 8.873393e+21 9.517419e-01 1 
    0.482481 8.959580e+21 9.598949e-01 1 
    0.482755 9.096523e+21 9.734605e-01 1 
    0.483029 9.017415e+21 9.639003e-01 1 
    0.483303 8.914410e+21 9.518097e-01 1 
    0.483577 9.093238e+21 9.698034e-01 1 
    0.483850 9.017762e+21 9.606689e-01 1 
    0.484124 8.928227e+21 9.500542e-01 1 
    0.484398 9.071255e+21 9.641822e-01 1 
    0.484672 8.876936e+21 9.424615e-01 1 
    0.484946 8.776281e+21 9.307225e-01 1 
    0.485220 8.383414e+21 8.880552e-01 1 
    0.485494 8.066704e+21 8.535419e-01 1 
    0.485767 7.867643e+21 8.315437e-01 1 
    0.486041 7.773315e+21 8.206479e-01 1 
    0.486315 7.778077e+21 8.202257e-01 1 
    0.486589 7.872256e+21 8.292224e-01 1 
    0.486863 8.034772e+21 8.453888e-01 1 
    0.487137 8.418349e+21 8.847511e-01 1 
    0.487410 8.472007e+21 8.893933e-01 1 
    0.487684 8.571352e+21 8.988119e-01 1 
    0.487958 8.683654e+21 9.095657e-01 1 
    0.488232 8.668546e+21 9.069644e-01 1 
    0.488506 8.473136e+21 8.855250e-01 1 
    0.488780 8.604512e+21 8.982472e-01 1 
    0.489053 8.964006e+21 9.347313e-01 1 
    0.489327 9.032084e+21 9.407757e-01 1 
    0.489601 9.336081e+21 9.713517e-01 1 
    0.489875 9.342470e+21 9.709293e-01 1 
    0.490149 9.435524e+21 9.795040e-01 1 
    0.490423 9.203395e+21 9.543394e-01 1 
    0.490696 8.996515e+21 9.318494e-01 1 
    0.490970 9.255214e+21 9.575753e-01 1 
    0.491244 9.102987e+21 9.407752e-01 1 
    0.491518 8.898655e+21 9.186328e-01 1 
    0.491792 8.616825e+21 8.885478e-01 1 
    0.492066 8.444900e+21 8.698497e-01 1 
    0.492339 9.031586e+21 9.292487e-01 1 
    0.492613 9.494402e+21 9.757810e-01 1 
    0.492887 9.676134e+21 9.933529e-01 1 
    0.493161 9.285897e+21 9.522322e-01 1 
    0.493435 9.018978e+21 9.238339e-01 1 
    0.493709 9.105934e+21 9.317060e-01 1 
    0.493983 9.268030e+21 9.472396e-01 1 
    0.494256 9.612922e+21 9.814043e-01 1 
    0.494530 1.001370e+22 1.021188e+00 1 
    0.494804 9.891620e+21 1.007622e+00 1 
    0.495078 9.501218e+21 9.667819e-01 1 
    0.495352 9.357513e+21 9.511063e-01 1 
    0.495626 9.400402e+21 9.544095e-01 1 
    0.495899 9.545945e+21 9.681192e-01 1 
    0.496173 9.713302e+21 9.840045e-01 1 
    0.496447 9.745561e+21 9.861829e-01 1 
    0.496721 9.570646e+21 9.674146e-01 1 
    0.496995 9.357734e+21 9.448505e-01 1 
    0.497269 9.455166e+21 9.536364e-01 1 
    0.497542 9.411859e+21 9.482271e-01 1 
    0.497816 9.188937e+21 9.247493e-01 1 
    0.498090 9.044519e+21 9.092144e-01 1 
    0.498364 8.805968e+21 8.842605e-01 1 
    0.498638 9.100159e+21 9.127981e-01 1 
    0.498912 9.441282e+21 9.459747e-01 1 
    0.499185 9.613883e+21 9.622151e-01 1 
    0.499459 9.357264e+21 9.355041e-01 1 
    0.499733 9.188749e+21 9.176494e-01 1 
    0.500007 9.086787e+21 9.064726e-01 1 
    0.500281 9.146121e+21 9.113923e-01 1 
    0.500555 9.422360e+21 9.378915e-01 1 
    0.500828 9.472261e+21 9.418309e-01 1 
    0.501102 9.123106e+21 9.061224e-01 1 
    0.501376 8.666896e+21 8.598704e-01 1 
    0.501650 8.873540e+21 8.794107e-01 1 
    0.501924 8.893171e+21 8.803941e-01 1 
    0.502198 8.915671e+21 8.816588e-01 1 
    0.502472 9.168048e+21 9.056274e-01 1 
    0.502745 9.663872e+21 9.535689e-01 1 
    0.503019 9.616640e+21 9.478749e-01 1 
    0.503293 9.902683e+21 9.750065e-01 1 
    0.503567 9.679758e+21 9.520208e-01 1 
    0.503841 9.493535e+21 9.326901e-01 1 
    0.504115 9.365622e+21 9.191235e-01 1 
    0.504388 9.445351e+21 9.259448e-01 1 
    0.504662 9.558974e+21 9.360660e-01 1 
    0.504936 9.847441e+21 9.632682e-01 1 
    0.505210 9.787627e+21 9.563788e-01 1 
    0.505484 9.824886e+21 9.589792e-01 1 
    0.505758 9.999904e+21 9.750048e-01 1 
    0.506031 9.971043e+21 9.711421e-01 1 
    0.506305 9.862626e+21 9.595434e-01 1 
    0.506579 9.652702e+21 9.381040e-01 1 
    0.506853 9.455339e+21 9.179300e-01 1 
    0.507127 9.543115e+21 9.254504e-01 1 
    0.507401 9.633969e+21 9.332523e-01 1 
    0.507674 9.165674e+21 8.869333e-01 1 
    0.507948 9.082485e+21 8.779355e-01 1 
    0.508222 9.362356e+21 9.040129e-01 1 
    0.508496 9.710588e+21 9.366275e-01 1 
    0.508770 9.548149e+21 9.199678e-01 1 
    0.509044 9.510229e+21 9.153281e-01 1 
    0.509317 9.560675e+21 9.191971e-01 1 
    0.509591 9.341145e+21 8.971251e-01 1 
    0.509865 9.476474e+21 9.091444e-01 1 
    0.510139 9.748504e+21 9.342376e-01 1 
    0.510413 9.714917e+21 9.300197e-01 1 
    0.510687 9.704029e+21 9.279806e-01 1 
    0.510961 9.820398e+21 9.381020e-01 1 
    0.511234 9.820615e+21 9.371210e-01 1 
    0.511508 1.018804e+22 9.711412e-01 1 
    0.511782 1.006239e+22 9.581368e-01 1 
    0.512056 9.567690e+21 9.100571e-01 1 
    0.512330 9.490633e+21 9.017623e-01 1 
    0.512604 9.353407e+21 8.877738e-01 1 
    0.512877 9.717774e+21 9.213758e-01 1 
    0.513151 9.538904e+21 9.034510e-01 1 
    0.513425 9.488167e+21 8.976866e-01 1 
    0.513699 9.390449e+21 8.874938e-01 1 
    0.513973 9.454069e+21 8.925542e-01 1 
    0.514247 9.394085e+21 8.859462e-01 1 
    0.514520 9.335449e+21 8.794823e-01 1 
    0.514794 9.296093e+21 8.748427e-01 1 
    0.515068 9.305986e+21 8.748421e-01 1 
    0.515342 9.514237e+21 8.934687e-01 1 
    0.515616 9.665219e+21 9.066828e-01 1 
    0.515890 9.519468e+21 8.920618e-01 1 
    0.516163 8.892070e+21 8.323876e-01 1 
    0.516437 8.415163e+21 7.869086e-01 1 
    0.516711 8.218661e+21 7.677187e-01 1 
    0.516985 8.004402e+21 7.469120e-01 1 
    0.517259 8.048326e+21 7.502153e-01 1 
    0.517533 8.416929e+21 7.837436e-01 1 
    0.517807 8.729622e+21 8.120001e-01 1 
    0.518080 8.574702e+21 7.967496e-01 1 
    0.518354 8.701904e+21 8.077144e-01 1 
    0.518628 9.307709e+21 8.630329e-01 1 
    0.518902 9.381287e+21 8.689368e-01 1 
    0.519176 9.402587e+21 8.699907e-01 1 
    0.519450 9.803396e+21 9.061196e-01 1 
    0.519723 9.929451e+21 9.168068e-01 1 
    0.519997 9.891907e+21 9.123779e-01 1 
    0.520271 9.610902e+21 8.855261e-01 1 
    0.520545 9.669135e+21 8.899538e-01 1 
    0.520819 9.651789e+21 8.874229e-01 1 
    0.521093 1.018082e+22 9.350795e-01 1 
    0.521366 1.022216e+22 9.378942e-01 1 
    0.521640 1.023290e+22 9.378936e-01 1 
    0.521914 1.028971e+22 9.421105e-01 1 
    0.522188 1.004306e+22 9.185625e-01 1 
    0.522462 9.911269e+21 9.055580e-01 1 
    0.522736 1.008031e+22 9.200374e-01 1 
    0.523009 1.016643e+22 9.269289e-01 1 
    0.523283 1.043716e+22 9.506164e-01 1 
    0.523557 1.078492e+22 9.812628e-01 1 
    0.523831 1.049691e+22 9.540594e-01 1 
    0.524105 1.065808e+22 9.676955e-01 1 
    0.524379 1.083739e+22 9.829480e-01 1 
    0.524652 1.074398e+22 9.734617e-01 1 
    0.524926 1.064026e+22 9.630581e-01 1 
    0.525200 1.057829e+22 9.564502e-01 1 
    0.525474 1.045702e+22 9.445000e-01 1 
    0.525748 1.060581e+22 9.569410e-01 1 
    0.526022 1.017781e+22 9.173665e-01 1 
    0.526296 9.727819e+21 8.758945e-01 1 
    0.526569 9.625412e+21 8.657753e-01 1 
    0.526843 9.674540e+21 8.692893e-01 1 
    0.527117 1.017639e+22 9.134317e-01 1 
    0.527391 1.059538e+22 9.500526e-01 1 
    0.527665 1.071782e+22 9.600334e-01 1 
    0.527939 1.091119e+22 9.763402e-01 1 
    0.528212 1.107350e+22 9.898392e-01 1 
    0.528486 1.163994e+22 1.039394e+00 1 
    0.528760 1.165279e+22 1.039463e+00 1 
    0.529034 1.181474e+22 1.052818e+00 1 
    0.529308 1.155771e+22 1.028848e+00 1 
    0.529582 1.132385e+22 1.006987e+00 1 
    0.529855 1.129995e+22 1.003827e+00 1 
    0.530129 1.138688e+22 1.010504e+00 1 
    0.530403 1.182126e+22 1.047969e+00 1 
    0.530677 1.208984e+22 1.070672e+00 1 
    0.530951 1.214999e+22 1.074889e+00 1 
    0.531225 1.203846e+22 1.063923e+00 1 
    0.531498 1.162412e+22 1.026250e+00 1 
    0.531772 1.144323e+22 1.009239e+00 1 
    0.532046 1.126673e+22 9.926499e-01 1 
    0.532320 1.092693e+22 9.617212e-01 1 
    0.532594 1.103172e+22 9.699447e-01 1 
    0.532868 1.123753e+22 9.870247e-01 1 
    0.533141 1.133721e+22 9.947599e-01 1 
    0.533415 1.170892e+22 1.026320e+00 1 
    0.533689 1.176991e+22 1.030607e+00 1 
    0.533963 1.150315e+22 1.006216e+00 1 
    0.534237 1.157770e+22 1.011698e+00 1 
    0.534511 1.168217e+22 1.019781e+00 1 
    0.534785 1.167238e+22 1.017882e+00 1 
    0.535058 1.217330e+22 1.060482e+00 1 
    0.535332 1.245635e+22 1.084029e+00 1 
    0.535606 1.252569e+22 1.088948e+00 1 
    0.535880 1.249480e+22 1.085152e+00 1 
    0.536154 1.222644e+22 1.060760e+00 1 
    0.536428 1.225272e+22 1.061955e+00 1 
    0.536701 1.261107e+22 1.091902e+00 1 
    0.536975 1.225987e+22 1.060411e+00 1 
    0.537249 1.208121e+22 1.043892e+00 1 
    0.537523 1.222870e+22 1.055559e+00 1 
    0.537797 1.209525e+22 1.042977e+00 1 
    0.538071 1.198110e+22 1.032081e+00 1 
    0.538344 1.200718e+22 1.033279e+00 1 
    0.538618 1.182235e+22 1.016338e+00 1 
    0.538892 1.164857e+22 1.000382e+00 1 
    0.539166 1.157357e+22 9.929303e-01 1 
    0.539440 1.164766e+22 9.982719e-01 1 
    0.539714 1.167837e+22 9.998878e-01 1 
    0.539987 1.168201e+22 9.991882e-01 1 
    0.540261 1.163545e+22 9.941970e-01 1 
    0.540535 1.138703e+22 9.719844e-01 1 
    0.540809 1.146946e+22 9.780289e-01 1 
    0.541083 1.161723e+22 9.896261e-01 1 
    0.541357 1.178015e+22 1.002489e+00 1 
    0.541630 1.230387e+22 1.046002e+00 1 
    0.541904 1.218637e+22 1.034966e+00 1 
    0.542178 1.204625e+22 1.022032e+00 1 
    0.542452 1.220189e+22 1.034191e+00 1 
    0.542726 1.217270e+22 1.030676e+00 1 
    0.543000 1.199802e+22 1.014860e+00 1 
    0.543274 1.200679e+22 1.014578e+00 1 
    0.543547 1.231533e+22 1.039605e+00 1 
    0.543821 1.262865e+22 1.064980e+00 1 
    0.544095 1.247450e+22 1.050921e+00 1 
    0.544369 1.175292e+22 9.891345e-01 1 
    0.544643 1.180655e+22 9.926483e-01 1 
    0.544917 1.202095e+22 1.009658e+00 1 
    0.545190 1.195010e+22 1.002702e+00 1 
    0.545464 1.229501e+22 1.030607e+00 1 
    0.545738 1.220663e+22 1.022172e+00 1 
    0.546012 1.220880e+22 1.021328e+00 1 
    0.546286 1.249441e+22 1.044172e+00 1 
    0.546560 1.232929e+22 1.029340e+00 1 
    0.546833 1.214865e+22 1.013246e+00 1 
    0.547107 1.221650e+22 1.017885e+00 1 
    0.547381 1.206575e+22 1.004318e+00 1 
    0.547655 1.191383e+22 9.906812e-01 1 
    0.547929 1.208060e+22 1.003544e+00 1 
    0.548203 1.187838e+22 9.857597e-01 1 
    0.548476 1.202676e+22 9.970795e-01 1 
    0.548750 1.258957e+22 1.042698e+00 1 
    0.549024 1.273552e+22 1.053733e+00 1 
    0.549298 1.252372e+22 1.035175e+00 1 
    0.549572 1.227829e+22 1.013877e+00 1 
    0.549846 1.213800e+22 1.001294e+00 1 
    0.550119 1.211172e+22 9.981339e-01 1 
    0.550393 1.207255e+22 9.939158e-01 1 
    0.550667 1.225720e+22 1.008114e+00 1 
    0.550941 1.229506e+22 1.010222e+00 1 
    0.551215 1.248626e+22 1.024913e+00 1 
    0.551489 1.270096e+22 1.041500e+00 1 
    0.551763 1.265867e+22 1.037001e+00 1 
    0.552036 1.277860e+22 1.045791e+00 1 
    0.552310 1.262793e+22 1.032435e+00 1 
    0.552584 1.248468e+22 1.019712e+00 1 
    0.552858 1.230065e+22 1.003685e+00 1 
    0.553132 1.223696e+22 9.974986e-01 1 
    0.553406 1.271345e+22 1.035314e+00 1 
    0.553679 1.289193e+22 1.048814e+00 1 
    0.553953 1.296868e+22 1.054014e+00 1 
    0.554227 1.273911e+22 1.034332e+00 1 
    0.554501 1.311826e+22 1.064065e+00 1 
    0.554775 1.324399e+22 1.073202e+00 1 
    0.555049 1.323710e+22 1.071585e+00 1 
    0.555322 1.303809e+22 1.054437e+00 1 
    0.555596 1.301093e+22 1.051203e+00 1 
    0.555870 1.298109e+22 1.047758e+00 1 
    0.556144 1.306274e+22 1.053310e+00 1 
    0.556418 1.271873e+22 1.024561e+00 1 
    0.556692 1.280200e+22 1.030254e+00 1 
    0.556965 1.231012e+22 9.896989e-01 1 
    0.557239 1.276594e+22 1.025336e+00 1 
    0.557513 1.288799e+22 1.034122e+00 1 
    0.557787 1.261216e+22 1.010995e+00 1 
    0.558061 1.290104e+22 1.033137e+00 1 
    0.558335 1.232152e+22 9.857598e-01 1 
    0.558609 1.255612e+22 1.003543e+00 1 
    0.558882 1.260980e+22 1.006849e+00 1 
    0.559156 1.265212e+22 1.009239e+00 1 
    0.559430 1.267599e+22 1.010152e+00 1 
    0.559704 1.294003e+22 1.030184e+00 1 
    0.559978 1.278389e+22 1.016758e+00 1 
    0.560252 1.313168e+22 1.043398e+00 1 
    0.560525 1.345622e+22 1.068143e+00 1 
    0.560799 1.351103e+22 1.071446e+00 1 
    0.561073 1.325007e+22 1.049726e+00 1 
    0.561347 1.341399e+22 1.061675e+00 1 
    0.561621 1.299148e+22 1.027232e+00 1 
    0.561895 1.281194e+22 1.012048e+00 1 
    0.562168 1.295804e+22 1.022595e+00 1 
    0.562442 1.289399e+22 1.016549e+00 1 
    0.562716 1.286907e+22 1.013596e+00 1 
    0.562990 1.337114e+22 1.052115e+00 1 
    0.563264 1.303720e+22 1.024842e+00 1 
    0.563538 1.316713e+22 1.034049e+00 1 
    0.563811 1.292639e+22 1.014160e+00 1 
    0.564085 1.336761e+22 1.047759e+00 1 
    0.564359 1.365977e+22 1.069619e+00 1 
    0.564633 1.343492e+22 1.050991e+00 1 
    0.564907 1.347853e+22 1.053380e+00 1 
    0.565181 1.349160e+22 1.053379e+00 1 
    0.565454 1.316044e+22 1.026531e+00 1 
    0.565728 1.343297e+22 1.046775e+00 1 
    0.566002 1.325547e+22 1.031943e+00 1 
    0.566276 1.331891e+22 1.035878e+00 1 
    0.566550 1.340145e+22 1.041290e+00 1 
    0.566824 1.353032e+22 1.050287e+00 1 
    0.567098 1.378359e+22 1.068913e+00 1 
    0.567371 1.390487e+22 1.077281e+00 1 
    0.567645 1.366038e+22 1.057318e+00 1 
    0.567919 1.326723e+22 1.025897e+00 1 
    0.568193 1.343107e+22 1.037565e+00 1 
    0.568467 1.344129e+22 1.037353e+00 1 
    0.568741 1.378973e+22 1.063220e+00 1 
    0.569014 1.392255e+22 1.072431e+00 1 
    0.569288 1.354593e+22 1.042416e+00 1 
    0.569562 1.395577e+22 1.072922e+00 1 
    0.569836 1.357109e+22 1.042345e+00 1 
    0.570110 1.313344e+22 1.007761e+00 1 
    0.570384 1.321666e+22 1.013173e+00 1 
    0.570657 1.331288e+22 1.019572e+00 1 
    0.570931 1.347265e+22 1.030818e+00 1 
    0.571205 1.350488e+22 1.032294e+00 1 
    0.571479 1.363381e+22 1.041150e+00 1 
    0.571753 1.398502e+22 1.066946e+00 1 
    0.572027 1.442079e+22 1.099139e+00 1 
    0.572300 1.429060e+22 1.088177e+00 1 
    0.572574 1.437265e+22 1.093377e+00 1 
    0.572848 1.456028e+22 1.106592e+00 1 
    0.573122 1.478805e+22 1.122828e+00 1 
    0.573396 1.439632e+22 1.092040e+00 1 
    0.573670 1.496381e+22 1.134003e+00 1 
    0.573943 1.431614e+22 1.083889e+00 1 
    0.574217 1.453797e+22 1.099634e+00 1 
    0.574491 1.440859e+22 1.088808e+00 1 
    0.574765 1.395493e+22 1.053521e+00 1 
    0.575039 1.461594e+22 1.102373e+00 1 
    0.575313 1.414665e+22 1.065962e+00 1 
    0.575587 1.415452e+22 1.065539e+00 1 
    0.575860 1.408481e+22 1.059287e+00 1 
    0.576134 1.413469e+22 1.062027e+00 1 
    0.576408 1.422211e+22 1.067580e+00 1 
    0.576682 1.461523e+22 1.096047e+00 1 
    0.576956 1.445836e+22 1.083253e+00 1 
    0.577230 1.423074e+22 1.065188e+00 1 
    0.577503 1.370377e+22 1.024774e+00 1 
    0.577777 1.397739e+22 1.044244e+00 1 
    0.578051 1.354237e+22 1.010785e+00 1 
    0.578325 1.392189e+22 1.038127e+00 1 
    0.578599 1.409170e+22 1.049795e+00 1 
    0.578873 1.415226e+22 1.053309e+00 1 
    0.579146 1.456080e+22 1.082694e+00 1 
    0.579420 1.527194e+22 1.134498e+00 1 
    0.579694 1.534983e+22 1.139207e+00 1 
    0.579968 1.465144e+22 1.086347e+00 1 
    0.580242 1.471747e+22 1.090213e+00 1 
    0.580516 1.474086e+22 1.090915e+00 1 
    0.580789 1.475001e+22 1.090566e+00 1 
    0.581063 1.488097e+22 1.099212e+00 1 
    0.581337 1.502168e+22 1.108560e+00 1 
    0.581611 1.509971e+22 1.113269e+00 1 
    0.581885 1.525517e+22 1.123671e+00 1 
    0.582159 1.495050e+22 1.100193e+00 1 
    0.582432 1.550284e+22 1.139770e+00 1 
    0.582706 1.523799e+22 1.119245e+00 1 
    0.582980 1.538354e+22 1.128874e+00 1 
    0.583254 1.501736e+22 1.100968e+00 1 
    0.583528 1.510344e+22 1.106239e+00 1 
    0.583802 1.516757e+22 1.109894e+00 1 
    0.584076 1.543275e+22 1.128239e+00 1 
    0.584349 1.512483e+22 1.104695e+00 1 
    0.584623 1.513708e+22 1.104553e+00 1 
    0.584897 1.486104e+22 1.083395e+00 1 
    0.585171 1.437794e+22 1.047195e+00 1 
    0.585445 1.464062e+22 1.065329e+00 1 
    0.585719 1.437102e+22 1.044733e+00 1 
    0.585992 1.457125e+22 1.058303e+00 1 
    0.586266 1.487452e+22 1.079319e+00 1 
    0.586540 1.478273e+22 1.071657e+00 1 
    0.586814 1.369596e+22 9.919462e-01 1 
    0.587088 1.482103e+22 1.072429e+00 1 
    0.587362 1.438662e+22 1.040024e+00 1 
    0.587635 1.469298e+22 1.061185e+00 1 
    0.587909 1.437060e+22 1.036934e+00 1 
    0.588183 1.375995e+22 9.919469e-01 1 
    0.588457 1.306032e+22 9.406340e-01 1 
    0.588731 1.253031e+22 9.016219e-01 1 
    0.589005 1.184286e+22 8.513635e-01 1 
    0.589278 1.183626e+22 8.501007e-01 1 
    0.589552 1.224008e+22 8.782869e-01 1 
    0.589826 1.347120e+22 9.657285e-01 1 
    0.590100 1.361424e+22 9.750766e-01 1 
    0.590374 1.438328e+22 1.029200e+00 1 
    0.590648 1.463555e+22 1.046280e+00 1 
    0.590921 1.489418e+22 1.063786e+00 1 
    0.591195 1.454056e+22 1.037567e+00 1 
    0.591469 1.509632e+22 1.076226e+00 1 
    0.591743 1.512313e+22 1.077139e+00 1 
    0.592017 1.537223e+22 1.093868e+00 1 
    0.592291 1.530043e+22 1.087752e+00 1 
    0.592565 1.496722e+22 1.063079e+00 1 
    0.592838 1.507912e+22 1.070041e+00 1 
    0.593112 1.480950e+22 1.049937e+00 1 
    0.593386 1.511692e+22 1.070743e+00 1 
    0.593660 1.517260e+22 1.073695e+00 1 
    0.593934 1.551369e+22 1.096820e+00 1 
    0.594208 1.555686e+22 1.098857e+00 1 
    0.594481 1.519270e+22 1.072150e+00 1 
    0.594755 1.524957e+22 1.075172e+00 1 
    0.595029 1.564381e+22 1.101952e+00 1 
    0.595303 1.524371e+22 1.072781e+00 1 
    0.595577 1.526174e+22 1.073062e+00 1 
    0.595851 1.534382e+22 1.077841e+00 1 
    0.596124 1.549915e+22 1.087755e+00 1 
    0.596398 1.568682e+22 1.099914e+00 1 
    0.596672 1.553266e+22 1.088105e+00 1 
    0.596946 1.546858e+22 1.082622e+00 1 
    0.597220 1.518924e+22 1.062096e+00 1 
    0.597494 1.543258e+22 1.078122e+00 1 
    0.597767 1.566426e+22 1.093308e+00 1 
    0.598041 1.531573e+22 1.068002e+00 1 
    0.598315 1.521575e+22 1.060059e+00 1 
    0.598589 1.566291e+22 1.090213e+00 1 
    0.598863 1.563681e+22 1.087401e+00 1 
    0.599137 1.588381e+22 1.103567e+00 1 
    0.599411 1.584163e+22 1.099631e+00 1 
    0.599684 1.546892e+22 1.072782e+00 1 
    0.599958 1.570117e+22 1.087894e+00 1 
    0.600232 1.543322e+22 1.068353e+00 1 
    0.600506 1.501130e+22 1.038197e+00 1 
    0.600780 1.506466e+22 1.040938e+00 1 
    0.601054 1.542051e+22 1.064556e+00 1 
    0.601327 1.532654e+22 1.057108e+00 1 
    0.601601 1.528236e+22 1.053101e+00 1 
    0.601875 1.527586e+22 1.051694e+00 1 
    0.602149 1.546348e+22 1.063643e+00 1 
    0.602423 1.558290e+22 1.070882e+00 1 
    0.602697 1.578647e+22 1.083886e+00 1 
    0.602970 1.603035e+22 1.099634e+00 1 
    0.603244 1.601825e+22 1.097806e+00 1 
    0.603518 1.586547e+22 1.086348e+00 1 
    0.603792 1.619633e+22 1.107997e+00 1 
    0.604066 1.607013e+22 1.098366e+00 1 
    0.604340 1.570179e+22 1.072217e+00 1 
    0.604613 1.612608e+22 1.100196e+00 1 
    0.604887 1.612934e+22 1.099422e+00 1 
    0.605161 1.648972e+22 1.122969e+00 1 
    0.605435 1.669887e+22 1.136183e+00 1 
    0.605709 1.631484e+22 1.109051e+00 1 
    0.605983 1.614745e+22 1.096679e+00 1 
    0.606256 1.611232e+22 1.093308e+00 1 
    0.606530 1.629485e+22 1.104694e+00 1 
    0.606804 1.691562e+22 1.145744e+00 1 
    0.607078 1.692362e+22 1.145251e+00 1 
    0.607352 1.641595e+22 1.109894e+00 1 
    0.607626 1.641411e+22 1.108769e+00 1 
    0.607900 1.634559e+22 1.103145e+00 1 
    0.608173 1.596522e+22 1.076508e+00 1 
    0.608447 1.582936e+22 1.066385e+00 1 
    0.608721 1.568904e+22 1.055982e+00 1 
    0.608995 1.611500e+22 1.083676e+00 1 
    0.609269 1.610857e+22 1.082269e+00 1 
    0.609543 1.603510e+22 1.076364e+00 1 
    0.609816 1.636498e+22 1.097525e+00 1 
    0.610090 1.627688e+22 1.090636e+00 1 
    0.610364 1.606995e+22 1.075804e+00 1 
    0.610638 1.621364e+22 1.084449e+00 1 
    0.610912 1.597678e+22 1.067649e+00 1 
    0.611186 1.640592e+22 1.095343e+00 1 
    0.611459 1.623832e+22 1.083186e+00 1 
    0.611733 1.630982e+22 1.086981e+00 1 
    0.612007 1.619142e+22 1.078124e+00 1 
    0.612281 1.591218e+22 1.058582e+00 1 
    0.612555 1.613792e+22 1.072640e+00 1 
    0.612829 1.628890e+22 1.081707e+00 1 
    0.613102 1.654925e+22 1.098017e+00 1 
    0.613376 1.595220e+22 1.057459e+00 1 
    0.613650 1.628590e+22 1.078616e+00 1 
    0.613924 1.628451e+22 1.077561e+00 1 
    0.614198 1.654038e+22 1.093516e+00 1 
    0.614472 1.615289e+22 1.066946e+00 1 
    0.614745 1.628338e+22 1.074610e+00 1 
    0.615019 1.593010e+22 1.050359e+00 1 
    0.615293 1.625693e+22 1.070954e+00 1 
    0.615567 1.583354e+22 1.042134e+00 1 
    0.615841 1.539334e+22 1.012260e+00 1 
    0.616115 1.551188e+22 1.019148e+00 1 
    0.616389 1.460478e+22 9.586974e-01 1 
    0.616662 1.545051e+22 1.013316e+00 1 
    0.616936 1.562085e+22 1.023578e+00 1 
    0.617210 1.599977e+22 1.047476e+00 1 
    0.617484 1.539391e+22 1.006918e+00 1 
    0.617758 1.612821e+22 1.054012e+00 1 
    0.618032 1.554288e+22 1.014860e+00 1 
    0.618305 1.607601e+22 1.048743e+00 1 
    0.618579 1.525230e+22 9.941263e-01 1 
    0.618853 1.600195e+22 1.042064e+00 1 
    0.619127 1.533658e+22 9.978506e-01 1 
    0.619401 1.615031e+22 1.049866e+00 1 
    0.619675 1.574252e+22 1.022451e+00 1 
    0.619948 1.635545e+22 1.061325e+00 1 
    0.620222 1.600562e+22 1.037707e+00 1 
    0.620496 1.659162e+22 1.074750e+00 1 
    0.620770 1.587750e+22 1.027584e+00 1 
    0.621044 1.618937e+22 1.046843e+00 1 
    0.621318 1.575756e+22 1.018023e+00 1 
    0.621591 1.579759e+22 1.019713e+00 1 
    0.621865 1.554339e+22 1.002421e+00 1 
    0.622139 1.612435e+22 1.038972e+00 1 
    0.622413 1.602172e+22 1.031450e+00 1 
    0.622687 1.599757e+22 1.028989e+00 1 
    0.622961 1.600180e+22 1.028356e+00 1 
    0.623234 1.601915e+22 1.028570e+00 1 
    0.623508 1.596859e+22 1.024422e+00 1 
    0.623782 1.614712e+22 1.034965e+00 1 
    0.624056 1.609434e+22 1.030677e+00 1 
    0.624330 1.562180e+22 9.995375e-01 1 
    0.624604 1.569378e+22 1.003262e+00 1 
    0.624878 1.599918e+22 1.021889e+00 1 
    0.625151 1.604074e+22 1.023649e+00 1 
    0.625425 1.579903e+22 1.007341e+00 1 
    0.625699 1.589121e+22 1.012331e+00 1 
    0.625973 1.600673e+22 1.018797e+00 1 
    0.626247 1.649824e+22 1.049162e+00 1 
    0.626521 1.647838e+22 1.046983e+00 1 
    0.626794 1.636656e+22 1.038973e+00 1 
    0.627068 1.613372e+22 1.023297e+00 1 
    0.627342 1.623322e+22 1.028709e+00 1 
    0.627616 1.634399e+22 1.034824e+00 1 
    0.627890 1.598824e+22 1.011416e+00 1 
    0.628164 1.618346e+22 1.022873e+00 1 
    0.628437 1.626213e+22 1.026953e+00 1 
    0.628711 1.734469e+22 1.094361e+00 1 
    0.628985 1.679894e+22 1.059004e+00 1 
    0.629259 1.671313e+22 1.052678e+00 1 
    0.629533 1.671093e+22 1.051623e+00 1 
    0.629807 1.686745e+22 1.060549e+00 1 
    0.630080 1.710926e+22 1.074821e+00 1 
    0.630354 1.697183e+22 1.065261e+00 1 
    0.630628 1.663575e+22 1.043259e+00 1 
    0.630902 1.669058e+22 1.045789e+00 1 
    0.631176 1.649624e+22 1.032715e+00 1 
    0.631450 1.672070e+22 1.045859e+00 1 
    0.631723 1.639665e+22 1.024704e+00 1 
    0.631997 1.677899e+22 1.047688e+00 1 
    0.632271 1.697718e+22 1.059145e+00 1 
    0.632545 1.741026e+22 1.085223e+00 1 
    0.632819 1.685537e+22 1.049725e+00 1 
    0.633093 1.680896e+22 1.045929e+00 1 
    0.633367 1.734019e+22 1.078051e+00 1 
    0.633640 1.754190e+22 1.089652e+00 1 
    0.633914 1.719011e+22 1.066877e+00 1 
    0.634188 1.711882e+22 1.061535e+00 1 
    0.634462 1.739568e+22 1.077771e+00 1 
    0.634736 1.688042e+22 1.044945e+00 1 
    0.635010 1.683816e+22 1.041430e+00 1 
    0.635283 1.702331e+22 1.051976e+00 1 
    0.635557 1.743417e+22 1.076437e+00 1 
    0.635831 1.644422e+22 1.014440e+00 1 
    0.636105 1.714833e+22 1.056966e+00 1 
    0.636379 1.699760e+22 1.046773e+00 1 
    0.636653 1.711048e+22 1.052817e+00 1 
    0.636926 1.699143e+22 1.044596e+00 1 
    0.637200 1.752671e+22 1.076578e+00 1 
    0.637474 1.798044e+22 1.103499e+00 1 
    0.637748 1.775402e+22 1.088667e+00 1 
    0.638022 1.760636e+22 1.078685e+00 1 
    0.638296 1.776960e+22 1.087752e+00 1 
    0.638569 1.800781e+22 1.101391e+00 1 
    0.638843 1.743778e+22 1.065612e+00 1 
    0.639117 1.761045e+22 1.075242e+00 1 
    0.639391 1.771311e+22 1.080583e+00 1 
    0.639665 1.765679e+22 1.076225e+00 1 
    0.639939 1.772039e+22 1.079176e+00 1 
    0.640213 1.781295e+22 1.083886e+00 1 
    0.640486 1.785594e+22 1.085575e+00 1 
    0.640760 1.768723e+22 1.074398e+00 1 
    0.641034 1.844009e+22 1.119173e+00 1 
    0.641308 1.811970e+22 1.098788e+00 1 
    0.641582 1.752146e+22 1.061604e+00 1 
    0.641856 1.753526e+22 1.061533e+00 1 
    0.642129 1.809642e+22 1.094573e+00 1 
    0.642403 1.817001e+22 1.098087e+00 1 
    0.642677 1.852659e+22 1.118681e+00 1 
    0.642951 1.828024e+22 1.102865e+00 1 
    0.643225 1.797630e+22 1.083605e+00 1 
    0.643499 1.792159e+22 1.079387e+00 1 
    0.643772 1.773127e+22 1.067019e+00 1 
    0.644046 1.814150e+22 1.090776e+00 1 
    0.644320 1.778251e+22 1.068283e+00 1 
    0.644594 1.772853e+22 1.064135e+00 1 
    0.644868 1.793582e+22 1.075662e+00 1 
    0.645142 1.737274e+22 1.041008e+00 1 
    0.645415 1.765165e+22 1.056827e+00 1 
    0.645689 1.819422e+22 1.088387e+00 1 
    0.645963 1.812734e+22 1.083466e+00 1 
    0.646237 1.859469e+22 1.110457e+00 1 
    0.646511 1.859514e+22 1.109543e+00 1 
    0.646785 1.860971e+22 1.109472e+00 1 
    0.647058 1.888272e+22 1.124798e+00 1 
    0.647332 1.845937e+22 1.098649e+00 1 
    0.647606 1.854118e+22 1.102585e+00 1 
    0.647880 1.854267e+22 1.101741e+00 1 
    0.648154 1.849441e+22 1.097945e+00 1 
    0.648428 1.827304e+22 1.083886e+00 1 
    0.648702 1.790064e+22 1.060900e+00 1 
    0.648975 1.787540e+22 1.058513e+00 1 
    0.649249 1.779782e+22 1.053030e+00 1 
    0.649523 1.765232e+22 1.043540e+00 1 
    0.649797 1.774218e+22 1.047968e+00 1 
    0.650071 1.793579e+22 1.058511e+00 1 
    0.650345 1.851951e+22 1.092039e+00 1 
    0.650618 1.913163e+22 1.127188e+00 1 
    0.650892 1.879669e+22 1.106522e+00 1 
    0.651166 1.860696e+22 1.094431e+00 1 
    0.651440 1.901611e+22 1.117556e+00 1 
    0.651714 1.874720e+22 1.100826e+00 1 
    0.651988 1.868389e+22 1.096187e+00 1 
    0.652261 1.879551e+22 1.101813e+00 1 
    0.652535 1.837567e+22 1.076297e+00 1 
    0.652809 1.842472e+22 1.078264e+00 1 
    0.653083 1.919991e+22 1.122687e+00 1 
    0.653357 1.917511e+22 1.120297e+00 1 
    0.653631 1.899732e+22 1.108980e+00 1 
    0.653904 1.892407e+22 1.103781e+00 1 
    0.654178 1.931020e+22 1.125360e+00 1 
    0.654452 1.964144e+22 1.143705e+00 1 
    0.654726 1.952860e+22 1.136184e+00 1 
    0.655000 1.908183e+22 1.109262e+00 1 
    0.655274 1.838500e+22 1.067860e+00 1 
    0.655547 1.840885e+22 1.068354e+00 1 
    0.655821 1.801572e+22 1.044666e+00 1 
    0.656095 1.808051e+22 1.047547e+00 1 
    0.656369 1.810653e+22 1.048179e+00 1 
    0.656643 1.807546e+22 1.045508e+00 1 
    0.656917 1.783148e+22 1.030535e+00 1 
    0.657191 1.866435e+22 1.077770e+00 1 
    0.657464 1.908438e+22 1.101110e+00 1 
    0.657738 1.945144e+22 1.121353e+00 1 
    0.658012 2.068551e+22 1.191503e+00 1 
    0.658286 2.106913e+22 1.212589e+00 1 
    0.658560 2.032514e+22 1.168798e+00 1 
    0.658834 2.021482e+22 1.161487e+00 1 
    0.659107 1.911132e+22 1.097173e+00 1 
    0.659381 1.798146e+22 1.031451e+00 1 
    0.659655 1.826989e+22 1.047125e+00 1 
    0.659929 1.962050e+22 1.123601e+00 1 
    0.660203 1.907662e+22 1.091548e+00 1 
    0.660477 1.926703e+22 1.101529e+00 1 
    0.660750 1.860255e+22 1.062661e+00 1 
    0.661024 1.895787e+22 1.082060e+00 1 
    0.661298 1.895879e+22 1.081216e+00 1 
    0.661572 1.989472e+22 1.133653e+00 1 
    0.661846 1.934576e+22 1.101459e+00 1 
    0.662120 1.932718e+22 1.099490e+00 1 
    0.662393 1.888562e+22 1.073485e+00 1 
    0.662667 1.901634e+22 1.080022e+00 1 
    0.662941 1.864683e+22 1.058161e+00 1 
    0.663215 1.915811e+22 1.086277e+00 1 
    0.663489 1.910694e+22 1.082481e+00 1 
    0.663763 1.961320e+22 1.110245e+00 1 
    0.664036 1.904280e+22 1.077070e+00 1 
    0.664310 1.949633e+22 1.101812e+00 1 
    0.664584 1.918377e+22 1.083255e+00 1 
    0.664858 1.966179e+22 1.109333e+00 1 
    0.665132 1.926653e+22 1.086136e+00 1 
    0.665406 1.955568e+22 1.101529e+00 1 
    0.665680 1.875374e+22 1.055488e+00 1 
    0.665953 1.965538e+22 1.105327e+00 1 
    0.666227 1.883215e+22 1.058161e+00 1 
    0.666501 1.860349e+22 1.044454e+00 1 
    0.666775 1.905108e+22 1.068704e+00 1 
    0.667049 1.932883e+22 1.083394e+00 1 
    0.667323 1.926940e+22 1.079176e+00 1 
    0.667596 1.933295e+22 1.081850e+00 1 
    0.667870 1.919669e+22 1.073344e+00 1 
    0.668144 1.897087e+22 1.059848e+00 1 
    0.668418 1.905694e+22 1.063784e+00 1 
    0.668692 1.920992e+22 1.071445e+00 1 
    0.668966 1.943629e+22 1.083183e+00 1 
    0.669239 1.941939e+22 1.081358e+00 1 
    0.669513 1.924452e+22 1.070744e+00 1 
    0.669787 1.900612e+22 1.056614e+00 1 
    0.670061 1.876859e+22 1.042556e+00 1 
    0.670335 1.875353e+22 1.040868e+00 1 
    0.670609 1.923022e+22 1.066454e+00 1 
    0.670882 1.935249e+22 1.072361e+00 1 
    0.671156 1.935813e+22 1.071798e+00 1 
    0.671430 1.936250e+22 1.071165e+00 1 
    0.671704 1.930835e+22 1.067298e+00 1 
    0.671978 1.922229e+22 1.061675e+00 1 
    0.672252 1.942774e+22 1.072147e+00 1 
    0.672525 1.988973e+22 1.096752e+00 1 
    0.672799 2.026187e+22 1.116363e+00 1 
    0.673073 1.986596e+22 1.093658e+00 1 
    0.673347 1.960100e+22 1.078194e+00 1 
    0.673621 1.950440e+22 1.072008e+00 1 
    0.673895 1.922716e+22 1.055910e+00 1 
    0.674169 1.870862e+22 1.026599e+00 1 
    0.674442 1.896997e+22 1.040097e+00 1 
    0.674716 1.908161e+22 1.045368e+00 1 
    0.674990 1.884927e+22 1.031802e+00 1 
    0.675264 1.870906e+22 1.023296e+00 1 
    0.675538 1.940077e+22 1.060269e+00 1 
    0.675812 1.943452e+22 1.061252e+00 1 
    0.676085 1.909987e+22 1.042135e+00 1 
    0.676359 1.883298e+22 1.026741e+00 1 
    0.676633 1.955922e+22 1.065471e+00 1 
    0.676907 1.917472e+22 1.043680e+00 1 
    0.677181 1.919153e+22 1.043750e+00 1 
    0.677455 1.924328e+22 1.045718e+00 1 
    0.677728 2.012488e+22 1.092745e+00 1 
    0.678002 1.921999e+22 1.042768e+00 1 
    0.678276 1.905528e+22 1.032997e+00 1 
    0.678550 1.912518e+22 1.035949e+00 1 
    0.678824 1.943413e+22 1.051834e+00 1 
    0.679098 1.924965e+22 1.041009e+00 1 
    0.679371 1.943818e+22 1.050360e+00 1 
    0.679645 1.975980e+22 1.066878e+00 1 
    0.679919 1.986953e+22 1.071938e+00 1 
    0.681024 1.973419e+22 1.061185e+00 0 
    0.682594 1.982393e+22 1.061112e+00 0 
    0.684167 2.019115e+22 1.075804e+00 0 
    0.685745 2.004977e+22 1.063360e+00 0 
    0.687326 1.963639e+22 1.036651e+00 0 
    0.688910 1.968020e+22 1.034191e+00 0 
    0.690498 2.004518e+22 1.048532e+00 0 
    0.692090 2.032128e+22 1.058089e+00 0 
    0.693685 2.060221e+22 1.067790e+00 0 
    0.695285 2.098350e+22 1.082552e+00 0 
    0.696887 2.107895e+22 1.082482e+00 0 
    0.698494 1.976127e+22 1.010150e+00 0 
    0.700104 2.131818e+22 1.084729e+00 0 
    0.701718 2.126810e+22 1.077209e+00 0 
    0.703335 2.107072e+22 1.062310e+00 0 
    0.704957 2.252379e+22 1.130350e+00 0 
    0.706582 2.092234e+22 1.045157e+00 0 
    0.708211 2.135820e+22 1.062027e+00 0 
    0.709843 2.016159e+22 9.979218e-01 0 
    0.711480 2.058134e+22 1.014016e+00 0 
    0.713120 2.072220e+22 1.016265e+00 0 
    0.714764 2.048381e+22 9.999579e-01 0 
    0.716412 2.095881e+22 1.018445e+00 0 
    0.718063 2.076494e+22 1.004389e+00 0 
    0.719718 1.978189e+22 9.524440e-01 0 
    0.721377 1.978079e+22 9.480155e-01 0 
    0.723040 2.124238e+22 1.013386e+00 0 
    0.724707 2.143665e+22 1.017955e+00 0 
    0.726378 2.244415e+22 1.060899e+00 0 
    0.728052 2.173060e+22 1.022453e+00 0 
    0.729731 2.094245e+22 9.808404e-01 0 
    0.731413 2.238702e+22 1.043680e+00 0 
    0.733099 2.285387e+22 1.060549e+00 0 
    0.734789 2.420562e+22 1.118117e+00 0 
    0.736483 2.300723e+22 1.057877e+00 0 
    0.738180 2.408865e+22 1.102515e+00 0 
    0.739882 2.386658e+22 1.087331e+00 0 
    0.741588 2.386361e+22 1.082199e+00 0 
    0.743297 2.475702e+22 1.117558e+00 0 
    0.745011 2.435820e+22 1.094502e+00 0 
    0.746728 2.475190e+22 1.107083e+00 0 
    0.748449 2.503668e+22 1.114676e+00 0 
    0.750175 2.396269e+22 1.061957e+00 0 
    0.751904 2.474568e+22 1.091619e+00 0 
    0.753637 2.584920e+22 1.135061e+00 0 
    0.755375 2.566781e+22 1.121915e+00 0 
    0.757116 2.566668e+22 1.116712e+00 0 
    0.758861 2.590041e+22 1.121705e+00 0 
    0.760611 2.513460e+22 1.083536e+00 0 
    0.762364 2.589602e+22 1.111232e+00 0 
    0.764122 2.530294e+22 1.080792e+00 0 
    0.765883 2.553546e+22 1.085714e+00 0 
    0.767649 2.218721e+22 9.390178e-01 0 
    0.769418 2.500595e+22 1.053453e+00 0 
    0.771192 2.471739e+22 1.036511e+00 0 
    0.772970 2.529118e+22 1.055699e+00 0 
    0.774752 2.546378e+22 1.058020e+00 0 
    0.776538 2.499664e+22 1.033839e+00 0 
    0.778327 2.505228e+22 1.031382e+00 0 
    0.780122 2.551441e+22 1.045579e+00 0 
    0.781920 2.557015e+22 1.043050e+00 0 
    0.783723 2.556872e+22 1.038198e+00 0 
    0.785530 2.622062e+22 1.059776e+00 0 
    0.787340 2.658279e+22 1.069479e+00 0 
    0.789155 2.621574e+22 1.049866e+00 0 
    0.790975 2.603346e+22 1.037774e+00 0 
    0.792798 2.526259e+22 1.002419e+00 0 
    0.794625 2.520127e+22 9.953928e-01 0 
    0.796457 2.590576e+22 1.018517e+00 0 
    0.798293 2.681203e+22 1.049305e+00 0 
    0.800134 2.638184e+22 1.027723e+00 0 
    0.801978 2.699303e+22 1.046702e+00 0 
    0.803827 2.730340e+22 1.053872e+00 0 
    0.805680 2.698670e+22 1.036862e+00 0 
    0.807537 2.742370e+22 1.048812e+00 0 
    0.809399 2.723089e+22 1.036652e+00 0 
    0.811265 2.773494e+22 1.050989e+00 0 
    0.813135 2.837727e+22 1.070389e+00 0 
    0.815009 2.760220e+22 1.036371e+00 0 
    0.816888 2.684568e+22 1.003335e+00 0 
    0.818771 2.696769e+22 1.003264e+00 0 
    0.820658 2.665557e+22 9.870973e-01 0 
    0.822550 2.908978e+22 1.072290e+00 0 
    0.824446 2.875469e+22 1.055069e+00 0 
    0.826347 2.861801e+22 1.045228e+00 0 
    0.828252 2.796319e+22 1.016619e+00 0 
    0.830161 2.828453e+22 1.023578e+00 0 
    0.832075 2.854389e+22 1.028217e+00 0 
    0.833993 2.808361e+22 1.006989e+00 0 
    0.835916 2.926883e+22 1.044664e+00 0 
    0.837843 2.994801e+22 1.063994e+00 0 
    0.839774 2.762562e+22 9.769752e-01 0 
    0.841710 3.000948e+22 1.056404e+00 0 
    0.843650 2.872170e+22 1.006426e+00 0 
    0.845595 2.839076e+22 9.902586e-01 0 
    0.847545 2.786993e+22 9.676245e-01 0 
    0.849498 2.958501e+22 1.022453e+00 0 
    0.851456 2.890836e+22 9.944789e-01 0 
    0.853419 2.883857e+22 9.875192e-01 0 
    0.855387 2.360176e+22 8.044806e-01 0 
    0.857358 2.991339e+22 1.014934e+00 0 
    0.859335 2.949994e+22 9.963056e-01 0 
    0.861316 2.970089e+22 9.984835e-01 0 
    0.863301 3.024969e+22 1.012262e+00 0 
    0.865291 3.024790e+22 1.007551e+00 0 
    0.867286 1.934786e+22 6.415117e-01 0 
    0.869286 2.948420e+22 9.731067e-01 0 
    0.871289 3.009747e+22 9.887852e-01 0 
    0.873298 3.158624e+22 1.032927e+00 0 
    0.875311 3.122029e+22 1.016269e+00 0 
    0.877329 3.071791e+22 9.953208e-01 0 
    0.879352 3.179245e+22 1.025404e+00 0 
    0.881379 2.973667e+22 9.546922e-01 0 
    0.883410 3.000807e+22 9.589808e-01 0 
    0.885447 3.185465e+22 1.013314e+00 0 
    0.887488 2.952210e+22 9.348000e-01 0 
    0.889534 3.083806e+22 9.719825e-01 0 
    0.891584 3.133445e+22 9.830915e-01 0 
    0.893640 3.068906e+22 9.584175e-01 0 
    0.895700 2.991723e+22 9.300208e-01 0 
    0.897764 3.054140e+22 9.450635e-01 0 
    0.899834 2.702882e+22 8.325278e-01 0 
    0.901909 2.949661e+22 9.043637e-01 0 
    0.903988 3.241264e+22 9.892033e-01 0 
    0.906072 3.378165e+22 1.026247e+00 0 
    0.908160 3.101804e+22 9.379640e-01 0 
    0.910254 3.210462e+22 9.663596e-01 0 
    0.912352 3.353605e+22 1.004809e+00 0 
    0.914455 3.002368e+22 8.954384e-01 0 
    0.916563 2.926964e+22 8.689388e-01 0 
    0.918676 3.100075e+22 9.161022e-01 0 
    0.920794 3.245576e+22 9.546920e-01 0 
    0.922917 3.215427e+22 9.414773e-01 0 
    0.925044 3.215071e+22 9.370489e-01 0 
    0.927177 3.289517e+22 9.543404e-01 0 
    0.929314 3.358003e+22 9.697340e-01 0 
    0.931456 3.428037e+22 9.854107e-01 0 
    0.933603 3.451228e+22 9.875192e-01 0 
    0.935756 3.458765e+22 9.851272e-01 0 
    0.937913 3.418951e+22 9.693135e-01 0 
    0.940075 3.490025e+22 9.849177e-01 0 
    0.942242 3.529903e+22 9.915949e-01 0 
    0.944414 3.497175e+22 9.778877e-01 0 
    0.946591 3.594639e+22 1.000523e+00 0 
    0.948774 3.610721e+22 1.000380e+00 0 
    0.950961 3.552714e+22 9.797860e-01 0 
    0.953153 3.593434e+22 9.864631e-01 0 
    0.955350 3.519219e+22 9.616517e-01 0 
    0.957552 3.609109e+22 9.816841e-01 0 
    0.959760 3.684183e+22 9.974988e-01 0 
    0.961972 3.658416e+22 9.859723e-01 0 
    0.964190 3.632594e+22 9.745140e-01 0 
    0.966412 3.648834e+22 9.743746e-01 0 
    0.968640 3.716447e+22 9.878695e-01 0 
    0.970873 3.673301e+22 9.719146e-01 0 
    0.973111 3.655823e+22 9.628461e-01 0 
    0.975354 3.655540e+22 9.583484e-01 0 
    0.977603 3.697464e+22 9.648844e-01 0 
    0.979857 3.662845e+22 9.514578e-01 0 
    0.982115 3.765109e+22 9.735299e-01 0 
    0.984379 3.773206e+22 9.711409e-01 0 
    0.986649 3.764009e+22 9.643213e-01 0 
    0.988923 3.781107e+22 9.642517e-01 0 
    0.991202 3.754529e+22 9.530762e-01 0 
    0.993488 3.806079e+22 9.617207e-01 0 
    0.995778 3.840974e+22 9.660792e-01 0 
    0.998073 3.858140e+22 9.659391e-01 0 
    1.002680 3.883918e+22 9.634780e-01 0 
    1.007309 3.864957e+22 9.499828e-01 0 
    1.011958 3.963060e+22 9.651662e-01 0 
    1.016629 3.961855e+22 9.560268e-01 0 
    1.023676 4.043266e+22 9.622849e-01 0 
    1.028401 4.089015e+22 9.642512e-01 0 
    1.030771 4.088426e+22 9.596840e-01 0 
    1.049935 4.121616e+22 9.324792e-01 0 
    1.069455 4.099012e+22 8.938212e-01 0 
    1.089338 4.137115e+22 8.694983e-01 0 
    1.109590 4.108464e+22 8.322443e-01 0 
    1.130218 4.204323e+22 8.208581e-01 0 
    1.151232 4.352031e+22 8.189600e-01 0 
    1.169938 4.382349e+22 7.985051e-01 0 
    1.188947 4.352210e+22 7.678587e-01 0 
    1.211051 4.453539e+22 7.573155e-01 0 
    1.230729 4.546503e+22 7.485987e-01 0 
    1.250727 4.567599e+22 7.282146e-01 0 
    1.271049 4.620711e+22 7.133138e-01 0 
    1.288732 4.652522e+22 6.986500e-01 0 
    1.309672 4.717253e+22 6.858996e-01 0 
    1.330952 4.739038e+22 6.672090e-01 0 
    1.349468 4.771880e+22 6.535228e-01 0 
    1.371395 4.849445e+22 6.430776e-01 0 
    1.390473 4.793935e+22 6.183915e-01 0 
    1.409816 4.717284e+22 5.919208e-01 0 
    1.429429 4.782876e+22 5.837950e-01 0 
    1.449314 4.950970e+22 5.878436e-01 0 
    1.469476 4.916901e+22 5.678883e-01 0 
    1.489919 5.124977e+22 5.757885e-01 0 
    1.510646 5.305029e+22 5.797741e-01 0 
    1.531660 5.542313e+22 5.892001e-01 0 
    1.549396 5.619381e+22 5.837946e-01 0 
    1.570950 5.697594e+22 5.757889e-01 0 
    1.589141 5.632371e+22 5.562408e-01 0 
    1.611249 5.803487e+22 5.575196e-01 0 
    1.629907 5.897790e+22 5.536816e-01 0 
    1.648779 5.966054e+22 5.473421e-01 0 
    1.671716 6.077042e+22 5.423300e-01 0 
    1.691074 6.133243e+22 5.348862e-01 0 
    1.710656 6.147362e+22 5.239138e-01 0 
    1.730463 6.049081e+22 5.038035e-01 0 
    1.750501 5.993595e+22 4.878195e-01 0 
    1.770771 5.870731e+22 4.669429e-01 0 
    1.791276 5.776878e+22 4.490189e-01 0 
    1.812019 5.632344e+22 4.278191e-01 0 
    1.828784 5.580672e+22 4.161578e-01 0 
    1.849961 5.516792e+22 4.020295e-01 0 
    1.871383 5.391237e+22 3.839366e-01 0 
    1.888697 5.329490e+22 3.726125e-01 0 
    1.910568 5.378842e+22 3.675025e-01 0 
    1.928247 5.292841e+22 3.550258e-01 0 
    1.950573 5.208193e+22 3.413965e-01 0 
    1.968623 5.124911e+22 3.298053e-01 0 
    1.991419 5.077969e+22 3.193458e-01 0 
    2.009844 5.089720e+22 3.142430e-01 0 
    2.028442 5.008311e+22 3.035726e-01 0 
    2.051930 5.054602e+22 2.994045e-01 0 
    2.070915 5.019840e+22 2.919186e-01 0 
    2.090078 4.996821e+22 2.852760e-01 0 
    2.109418 5.008332e+22 2.807141e-01 0 
    2.128935 4.985323e+22 2.743247e-01 0 
    2.148635 4.973788e+22 2.686943e-01 0 
    2.168514 4.905620e+22 2.601752e-01 0 
    2.188580 4.905568e+22 2.554235e-01 0 
    2.208832 4.849363e+22 2.478881e-01 0 
    2.229269 4.804914e+22 2.411333e-01 0 
    2.249897 4.782821e+22 2.356434e-01 0 
    2.270713 4.739057e+22 2.292260e-01 0 
    2.291725 4.322114e+22 2.052427e-01 0 
    2.307609 4.331957e+22 2.028879e-01 0 
    2.328962 3.860936e+22 1.775270e-01 0 
    2.350513 3.695723e+22 1.668286e-01 0 
    2.372260 3.816769e+22 1.691483e-01 0 
    2.388705 3.553706e+22 1.553291e-01 0 
    2.410806 3.496915e+22 1.500572e-01 0 
    2.427519 3.496902e+22 1.479976e-01 0 
    2.449978 3.308998e+22 1.374892e-01 0 
    2.472649 3.309004e+22 1.349798e-01 0 
    2.489787 2.822854e+22 1.135692e-01 0 
    2.512826 2.835829e+22 1.120087e-01 0 
    2.530246 2.895313e+22 1.127889e-01 0 
    2.547783 2.915280e+22 1.120087e-01 0 
    2.571359 3.024827e+22 1.140963e-01 0 
    2.589181 3.003985e+22 1.117556e-01 0 
    2.607130 3.045779e+22 1.117556e-01 0 
    2.631252 3.017713e+22 1.087050e-01 0 
    2.649492 3.024678e+22 1.074609e-01 0 
    2.667856 3.010786e+22 1.054998e-01 0 
    2.692543 3.017724e+22 1.038127e-01 0 
    2.711205 3.010810e+22 1.021539e-01 0 
    2.730000 2.990102e+22 1.000592e-01 0 
    2.748922 2.983351e+22 9.846366e-02 0 
    2.767976 2.955967e+22 9.622133e-02 0 
    2.787164 2.955929e+22 9.489983e-02 0 
    2.812955 2.955803e+22 9.316362e-02 0 
    2.832452 2.942426e+22 9.146964e-02 0 
    2.852084 2.922145e+22 8.959291e-02 0 
    2.871855 2.908639e+22 8.795514e-02 0 
    2.891760 2.895362e+22 8.635249e-02 0 
    2.911807 2.881879e+22 8.477093e-02 0 
    2.931989 2.862123e+22 8.303477e-02 0 
    2.952314 2.848879e+22 8.151648e-02 0 
    2.972777 2.842430e+22 8.021611e-02 0 
    2.993385 2.822881e+22 7.857128e-02 0 
    3.007201 2.803377e+22 7.731309e-02 0 
    3.028045 2.790431e+22 7.590022e-02 0 
    3.049036 2.790474e+22 7.485992e-02 0 
    3.070169 2.790504e+22 7.383368e-02 0 
    3.091453 2.784074e+22 7.265274e-02 0 
    3.112880 2.784022e+22 7.165465e-02 0 
    3.127251 2.771473e+22 7.067757e-02 0 
    3.148926 2.764976e+22 6.954453e-02 0 
    3.170752 2.758611e+22 6.843251e-02 0 
    3.192733 2.764958e+22 6.764874e-02 0 
    3.207468 2.752265e+22 6.672093e-02 0 
    3.229703 2.752279e+22 6.580574e-02 0 
    3.252089 2.764960e+22 6.520193e-02 0 
    3.267099 2.777727e+22 6.490250e-02 0 
    3.289747 2.855567e+22 6.580576e-02 0 
    3.312549 2.855548e+22 6.490249e-02 0 
    3.327842 2.745951e+22 6.183920e-02 0 
    3.350907 2.708259e+22 6.015363e-02 0 
    3.366373 2.671099e+22 5.878438e-02 0 
    3.389710 2.658842e+22 5.771170e-02 0 
    3.413205 2.640536e+22 5.652801e-02 0 
    3.428962 2.622357e+22 5.562409e-02 0 
    3.452729 2.610283e+22 5.460835e-02 0 
    3.468665 2.586350e+22 5.361164e-02 0 
    3.492710 2.574474e+22 5.263321e-02 0 
    3.508831 2.556757e+22 5.179179e-02 0 
    3.533155 2.539168e+22 5.072973e-02 0 
    3.549462 2.521684e+22 4.991856e-02 0 
    3.574064 2.510103e+22 4.900758e-02 0 
    3.590564 2.487078e+22 4.811278e-02 0 
    3.607136 2.469970e+22 4.734379e-02 0 
    3.632138 2.458595e+22 4.647921e-02 0 
    3.648906 2.430463e+22 4.552606e-02 0 
    3.674197 2.419299e+22 4.469522e-02 0 
    3.691155 2.391609e+22 4.377862e-02 0 
    3.708195 2.369678e+22 4.297944e-02 0 
    3.733897 2.364211e+22 4.229199e-02 0 
    3.751135 2.331800e+22 4.132970e-02 0 
    3.768448 2.321074e+22 4.076247e-02 0 
    3.785841 2.299811e+22 4.001877e-02 0 
    3.812086 2.294495e+22 3.937841e-02 0 
    3.829680 2.278729e+22 3.874932e-02 0 
    3.847356 2.257802e+22 3.804150e-02 0 
    3.874027 2.242262e+22 3.726126e-02 0 
    3.891907 2.221726e+22 3.658155e-02 0 
    3.909870 2.206435e+22 3.599672e-02 0 
    3.927920 2.186197e+22 3.533951e-02 0 
    3.946050 2.161178e+22 3.461479e-02 0 
    3.973400 2.156222e+22 3.406163e-02 0 
    3.991744 2.126642e+22 3.328630e-02 0 
    4.010168 2.116858e+22 3.282941e-02 0 
    4.028676 2.102273e+22 3.230434e-02 0 
    4.047275 2.078193e+22 3.164148e-02 0 
    4.065955 2.063920e+22 3.113610e-02 0 
    4.094137 2.059136e+22 3.063773e-02 0 
    4.113037 2.045007e+22 3.014852e-02 0 
    4.132021 2.030917e+22 2.966632e-02 0 
    4.151092 2.012264e+22 2.912437e-02 0 
    4.170256 1.998438e+22 2.865904e-02 0 
    4.189503 1.984675e+22 2.820076e-02 0 
    4.208840 1.966492e+22 2.768623e-02 0 
    4.228266 1.961960e+22 2.736919e-02 0 
    4.247786 1.943960e+22 2.686943e-02 0 
    4.267391 1.935052e+22 2.650112e-02 0 
    4.287087 1.873649e+22 2.542495e-02 0 
    4.306879 1.810061e+22 2.433685e-02 0 
    4.326757 1.822587e+22 2.428061e-02 0 
    4.346727 1.768839e+22 2.334856e-02 0 
    4.366794 1.744579e+22 2.281716e-02 0 
    4.386949 1.732568e+22 2.245234e-02 0 
    4.407196 1.693144e+22 2.174030e-02 0 
    4.427537 1.681461e+22 2.139236e-02 0 
    4.447977 1.669922e+22 2.105075e-02 0 
    4.468507 1.643222e+22 2.052427e-02 0 
    4.489131 1.643203e+22 2.033589e-02 0 
    4.509856 1.631869e+22 2.001043e-02 0 
    4.530670 1.613181e+22 1.959994e-02 0 
    4.551582 1.613218e+22 1.942069e-02 0 
    4.572594 1.605814e+22 1.915430e-02 0 
    4.593699 1.576481e+22 1.863203e-02 0 
    4.614901 1.587406e+22 1.858915e-02 0 
    4.625538 1.569225e+22 1.829183e-02 0 
    4.646892 1.565611e+22 1.808236e-02 0 
    4.668340 1.569225e+22 1.795795e-02 0 
    4.689887 1.558451e+22 1.767115e-02 0 
    4.711538 1.547723e+22 1.738859e-02 0 
    4.733284 1.558444e+22 1.734852e-02 0 
    4.755130 1.540617e+22 1.699285e-02 0 
    4.766091 1.533514e+22 1.683680e-02 0 
    4.788094 1.530001e+22 1.664420e-02 0 
    4.810193 1.512464e+22 1.630259e-02 0 
    4.832394 1.526458e+22 1.630259e-02 0 
    4.854703 1.512487e+22 1.600526e-02 0 
    4.865894 1.495178e+22 1.574940e-02 0 
    4.888352 1.488268e+22 1.553290e-02 0 
    4.910914 1.481442e+22 1.531992e-02 0 
    4.933586 1.481432e+22 1.517934e-02 0 
    4.944958 1.464493e+22 1.493683e-02 0 
    4.967781 1.471227e+22 1.486796e-02 0 
    4.990710 1.460971e+22 1.462896e-02 0 
    5.013750 1.463794e+22 1.452282e-02 0 
    5.025306 1.456742e+22 1.438646e-02 0 
    5.048501 1.452908e+22 1.421705e-02 0 
    5.071802 1.459028e+22 1.414606e-02 0 
    5.083498 1.458773e+22 1.407858e-02 0 
    5.095216 1.458482e+22 1.401110e-02 0 
    5.106961 1.458230e+22 1.394433e-02 0 
    5.118733 1.454622e+22 1.384592e-02 0 
    5.130532 1.457701e+22 1.381148e-02 0 
    5.142358 1.457423e+22 1.374541e-02 0 
    5.154217 1.457190e+22 1.368003e-02 0 
    5.166098 1.460229e+22 1.364559e-02 0 
    5.178006 1.463342e+22 1.361185e-02 0 
    5.189942 1.459696e+22 1.351555e-02 0 
    5.201905 1.459493e+22 1.345159e-02 0 
    5.213896 1.459180e+22 1.338692e-02 0 
    5.225914 1.455601e+22 1.329273e-02 0 
    5.237966 1.458688e+22 1.325969e-02 0 
    5.250040 1.458429e+22 1.319643e-02 0 
    5.262142 1.464848e+22 1.319362e-02 0 
    5.274271 1.468002e+22 1.316129e-02 0 
    5.286429 1.464381e+22 1.306850e-02 0 
    5.298614 1.460695e+22 1.297572e-02 0 
    5.310834 1.460445e+22 1.291386e-02 0 
    5.323076 1.463592e+22 1.288223e-02 0 
    5.335346 1.466656e+22 1.284990e-02 0 
    5.347644 1.469799e+22 1.281827e-02 0 
    5.359971 1.469538e+22 1.275711e-02 0 
    5.372326 1.469325e+22 1.269666e-02 0 
    5.384709 1.472429e+22 1.266504e-02 0 
    5.397128 1.475534e+22 1.263340e-02 0 
    5.409569 1.475334e+22 1.257365e-02 0 
    5.422038 1.475017e+22 1.251320e-02 0 
    5.434536 1.471421e+22 1.242534e-02 0 
    5.447063 1.474532e+22 1.239441e-02 0 
    5.459619 1.477642e+22 1.236348e-02 0 
    5.472204 1.477456e+22 1.230514e-02 0 
    5.484824 1.477157e+22 1.224609e-02 0 
    5.497467 1.480312e+22 1.221587e-02 0 
    5.510139 1.480042e+22 1.215753e-02 0 
    5.522840 1.483262e+22 1.212801e-02 0 
    5.535570 1.493217e+22 1.215331e-02 0 
    5.548330 1.486140e+22 1.204014e-02 0 
    5.561126 1.485856e+22 1.198251e-02 0 
    5.573944 1.492451e+22 1.198040e-02 0 
    5.586793 1.492214e+22 1.192346e-02 0 
    5.599671 1.495389e+22 1.189394e-02 0 
    5.612578 1.498651e+22 1.186512e-02 0 
    5.625516 1.498343e+22 1.180818e-02 0 
    5.638483 1.498091e+22 1.175195e-02 0 
    5.651486 1.508249e+22 1.177726e-02 0 
    5.664513 1.511502e+22 1.174844e-02 0 
    5.677570 1.511211e+22 1.169221e-02 0 
    5.690658 1.510975e+22 1.163667e-02 0 
    5.703775 1.517674e+22 1.163456e-02 0 
    5.716922 1.524402e+22 1.163246e-02 0 
    5.730107 1.527740e+22 1.160434e-02 0 
    5.743315 1.534513e+22 1.160223e-02 0 
    5.756554 1.537766e+22 1.157341e-02 0 
    5.769823 1.541110e+22 1.154530e-02 0 
    5.783123 1.547940e+22 1.154318e-02 0 
    5.796454 1.558399e+22 1.156779e-02 0 
    5.809815 1.561691e+22 1.153897e-02 0 
    5.823213 1.568711e+22 1.153757e-02 0 
    5.836636 1.579312e+22 1.156216e-02 0 
    5.850090 1.586312e+22 1.156006e-02 0 
    5.863575 1.597122e+22 1.158536e-02 0 
    5.877091 1.604201e+22 1.158325e-02 0 
    5.890638 1.615028e+22 1.160785e-02 0 
    5.930336 1.733512e+22 1.229319e-02 3 
    5.961191 1.933277e+22 1.356827e-02 3 
    5.992045 1.900721e+22 1.320276e-02 3 
    6.022900 1.800625e+22 1.237965e-02 3 
    6.053754 1.899272e+22 1.292511e-02 3 
    6.084608 2.004140e+22 1.350079e-02 3 
    6.115464 2.164496e+22 1.443425e-02 3 
    6.146318 2.299997e+22 1.518426e-02 3 
    6.177172 2.352505e+22 1.537615e-02 3 
    6.208027 2.608187e+22 1.687827e-02 3 
    6.238881 2.552997e+22 1.635812e-02 3 
    6.269735 2.344987e+22 1.487779e-02 3 
    6.300590 2.228382e+22 1.399986e-02 3 
    6.331445 1.781499e+22 1.108348e-02 3 
    6.362300 1.811226e+22 1.115940e-02 3 
    6.393154 1.923180e+22 1.173508e-02 3 
    6.424008 1.959467e+22 1.184193e-02 3 
    6.454863 1.716585e+22 1.027514e-02 3 
    6.485717 1.448385e+22 8.587452e-03 3 
    6.516572 1.544781e+22 9.072459e-03 3 
    6.547427 1.633750e+22 9.504749e-03 3 
    6.578281 1.348423e+22 7.771371e-03 3 
    6.609135 1.525330e+22 8.709054e-03 3 
    6.639991 1.610435e+22 9.109716e-03 3 
    6.670845 1.563479e+22 8.762473e-03 3 
    6.701699 1.525444e+22 8.470767e-03 3 
    6.732554 1.743157e+22 9.591206e-03 3 
    6.763408 1.756205e+22 9.575041e-03 3 
    6.794263 1.573598e+22 8.501697e-03 3 
    6.825118 1.773301e+22 9.494205e-03 3 
    6.855972 1.973513e+22 1.047125e-02 3 
    6.886827 1.800299e+22 9.466791e-03 3 
    6.917681 1.840069e+22 9.589799e-03 3 
    6.948536 1.898024e+22 9.804188e-03 3 
    6.979390 1.770352e+22 9.064024e-03 3 
    7.010245 1.662630e+22 8.437729e-03 3 
    7.041100 1.811577e+22 9.113227e-03 3 
    7.071954 1.849337e+22 9.222179e-03 3 
    7.102808 2.008692e+22 9.930010e-03 3 
    7.133663 1.794262e+22 8.793404e-03 3 
    7.164517 2.001793e+22 9.726166e-03 3 
    7.195373 2.152295e+22 1.036792e-02 3 
    7.226226 2.038338e+22 9.735305e-03 3 
    7.257081 2.186550e+22 1.035457e-02 3 
    7.287937 2.808910e+22 1.318940e-02 3 
    7.318790 2.378182e+22 1.107294e-02 3 
    7.349645 2.594212e+22 1.197758e-02 3 
    7.380500 2.346453e+22 1.074327e-02 3 
    7.411354 2.452496e+22 1.113550e-02 3 
    7.442208 2.750819e+22 1.238668e-02 3 
    7.473063 2.668218e+22 1.191572e-02 3 
    7.501898 3.076823e+22 1.363505e-02 3 
    7.503918 3.018491e+22 1.336935e-02 3 
    7.534773 3.232175e+22 1.419878e-02 3 
    7.563729 3.230300e+22 1.408210e-02 3 
    7.565626 2.713755e+22 1.182435e-02 3 
    7.625561 3.549484e+22 1.522362e-02 3 
    7.687393 3.396752e+22 1.433515e-02 3 
    7.749225 3.400502e+22 1.412287e-02 3 
    7.811057 3.646201e+22 1.490450e-02 3 
    7.872890 3.290663e+22 1.324072e-02 3 
    7.934722 2.890953e+22 1.145181e-02 3 
    7.996553 2.659363e+22 1.037214e-02 3 
    8.058386 2.639886e+22 1.013877e-02 3 
    8.120218 2.472784e+22 9.352920e-03 3 
    8.182050 2.425678e+22 9.036607e-03 3 
    8.243882 2.539480e+22 9.319180e-03 3 
    8.305713 2.438312e+22 8.815194e-03 3 
    8.367547 2.344315e+22 8.350570e-03 3 
    8.429378 2.301990e+22 8.079951e-03 3 
    8.491211 2.573030e+22 8.900245e-03 3 
    8.553042 2.706512e+22 9.227099e-03 3 
    8.614875 2.663164e+22 8.949450e-03 3 
    8.676706 2.508441e+22 8.309801e-03 3 
    8.738538 2.320493e+22 7.578775e-03 3 
    8.800371 2.093067e+22 6.740274e-03 3 
    8.862202 1.742363e+22 5.532885e-03 3 
    8.924034 1.755627e+22 5.498020e-03 3 
    8.985866 1.554719e+22 4.802070e-03 3 
    9.047698 1.553509e+22 4.732974e-03 3 
    9.109531 1.685932e+22 5.066925e-03 3 
    9.171363 1.479867e+22 4.387845e-03 3 
    9.233195 1.406061e+22 4.113358e-03 3 
    9.295027 1.348691e+22 3.893207e-03 3 
    9.356859 1.471219e+22 4.190960e-03 3 
    9.418691 1.362589e+22 3.830719e-03 3 
    9.480522 1.479029e+22 4.104011e-03 3 
    9.542355 1.409383e+22 3.860241e-03 3 
    9.604187 1.554261e+22 4.202418e-03 3 
    9.666018 1.798088e+22 4.799680e-03 3 
    9.727852 1.655007e+22 4.361766e-03 3 
    9.789684 1.561857e+22 4.064436e-03 3 
    9.851516 1.360142e+22 3.495220e-03 3 
    9.913348 1.329656e+22 3.374389e-03 3 
    9.975176 1.449048e+22 3.631935e-03 3 
   10.037013 1.403299e+22 3.474062e-03 3 
   10.098840 1.362376e+22 3.331582e-03 3 
   10.160679 1.430410e+22 3.455505e-03 3 
   10.222507 1.440920e+22 3.438916e-03 3 
   10.284344 1.410919e+22 3.326943e-03 3 
   10.346173 1.459069e+22 3.399483e-03 3 
   10.408001 1.497107e+22 3.446789e-03 3 
   10.469838 1.547234e+22 3.520242e-03 3 
   10.531665 1.723897e+22 3.876268e-03 3 
   10.593504 1.867110e+22 4.149418e-03 3 
   10.655332 1.850793e+22 4.065560e-03 3 
   10.717159 1.705945e+22 3.704265e-03 3 
   10.778997 1.696282e+22 3.641144e-03 3 
   10.840826 1.797578e+22 3.814692e-03 3 
   10.902663 1.803470e+22 3.783904e-03 3 
   10.964490 1.964800e+22 4.076034e-03 3 
   11.026328 2.421245e+22 4.966762e-03 3 
   11.088157 2.962737e+22 6.009950e-03 3 
   11.149984 4.306995e+22 8.640169e-03 3 
   11.211822 6.255298e+22 1.241058e-02 3 
   11.273650 6.380000e+22 1.251953e-02 3 
   11.335488 5.463696e+22 1.060480e-02 3 
   11.397315 4.576707e+22 8.787078e-03 3 
   11.459153 3.981067e+22 7.561202e-03 3 
   11.520981 3.356083e+22 6.305945e-03 3 
   11.582808 3.105736e+22 5.773422e-03 3 
   11.644647 2.772830e+22 5.099963e-03 3 
   11.706475 2.527004e+22 4.598858e-03 3 
   11.768312 2.503301e+22 4.507972e-03 3 
   11.830139 2.519891e+22 4.490540e-03 3 
   11.891978 2.797527e+22 4.933584e-03 3 
   11.953806 3.085004e+22 5.384430e-03 3 
   12.015633 3.084731e+22 5.328691e-03 3 
   12.077472 2.971936e+22 5.081406e-03 3 
   12.139300 2.845366e+22 4.815566e-03 3 
   12.201137 2.756026e+22 4.617205e-03 3 
   12.262964 3.022306e+22 5.012381e-03 3 
   12.324794 3.049949e+22 5.007600e-03 3 
   12.386631 2.991119e+22 4.862098e-03 3 
   12.448458 3.286205e+22 5.288836e-03 3 
   12.510296 3.267414e+22 5.206735e-03 3 
   12.572125 3.630553e+22 5.728645e-03 3 
   12.633962 3.542373e+22 5.534924e-03 3 
   12.695790 3.610110e+22 5.585955e-03 3 
   12.757618 3.802101e+22 5.826140e-03 3 
   12.819456 3.881521e+22 5.890596e-03 3 
   12.881283 3.107164e+22 4.670275e-03 3 
   12.943121 2.547965e+22 3.793254e-03 3 
   13.004949 2.485087e+22 3.664550e-03 3 
   13.066777 2.332310e+22 3.406793e-03 3 
   13.128614 2.444501e+22 3.537113e-03 3 
   13.190444 2.508330e+22 3.595525e-03 3 
   13.252281 2.347524e+22 3.333691e-03 3 
   13.314108 2.532501e+22 3.563050e-03 3 
   13.375945 2.394970e+22 3.338471e-03 3 
   13.437773 2.292118e+22 3.165766e-03 3 
   13.499602 2.207812e+22 3.021459e-03 3 
   13.561441 2.302519e+22 3.122396e-03 3 
   13.623267 2.434767e+22 3.271835e-03 3 
   13.685105 2.128079e+22 2.833922e-03 3 
   13.746933 1.888393e+22 2.492167e-03 3 
   13.808770 1.933527e+22 2.528930e-03 3 
   13.870598 1.991277e+22 2.581296e-03 3 
   13.932427 2.106998e+22 2.707117e-03 3 
   13.994264 2.100353e+22 2.674783e-03 3 
   14.056094 1.944940e+22 2.455123e-03 3 
   14.117930 2.005008e+22 2.508826e-03 3 
   14.179758 2.217604e+22 2.750697e-03 3 
   14.241595 2.269400e+22 2.790553e-03 3 
   14.303423 1.890017e+22 2.303998e-03 3 
   14.365252 2.052375e+22 2.480428e-03 3 
   14.427091 1.832910e+22 2.196242e-03 3 
   14.480294 1.806919e+22 2.149218e-03 3 
   14.571595 1.661257e+22 1.951278e-03 3 
   14.662909 1.759464e+22 2.040969e-03 3 
   14.754213 1.561739e+22 1.789257e-03 3 
   14.845514 1.763931e+22 1.996124e-03 3 
   14.936819 1.401366e+22 1.566505e-03 3 
   15.028131 1.592386e+22 1.758470e-03 3 
   15.119434 1.623133e+22 1.770841e-03 3 
   15.210736 1.577066e+22 1.699988e-03 3 
   15.302048 1.728111e+22 1.840640e-03 3 
   15.393352 1.846098e+22 1.943054e-03 3 
   15.484655 1.929559e+22 2.007019e-03 3 
   15.575958 2.168453e+22 2.229138e-03 3 
   15.667270 1.807228e+22 1.836212e-03 3 
   15.758573 1.706081e+22 1.713413e-03 3 
   15.849877 1.840467e+22 1.827144e-03 3 
   15.941189 2.060700e+22 2.022412e-03 3 
   16.032494 2.031199e+22 1.970819e-03 3 
   16.123794 2.113236e+22 2.027263e-03 3 
   16.215106 2.169179e+22 2.057558e-03 3 
   16.306411 2.626460e+22 2.463488e-03 3 
   16.397713 3.148314e+22 2.920169e-03 3 
   16.489016 3.318109e+22 3.043671e-03 3 
   16.580331 3.128333e+22 2.838069e-03 3 
   16.671631 3.222729e+22 2.891772e-03 3 
   16.762934 3.307305e+22 2.935422e-03 3 
   16.854237 3.325898e+22 2.920029e-03 3 
   16.945552 3.800598e+22 3.300935e-03 3 
   17.036855 4.853679e+22 4.170505e-03 3 
   17.128158 4.388319e+22 3.730554e-03 3 
   17.219470 3.578071e+22 3.009579e-03 3 
   17.310773 3.582417e+22 2.981533e-03 3 
   17.402077 3.209771e+22 2.643433e-03 3 
   17.493389 3.091144e+22 2.519229e-03 3 
   17.584691 2.522152e+22 2.034222e-03 3 
   17.675994 2.447760e+22 1.953879e-03 3 
   17.767295 2.436101e+22 1.924638e-03 3 
   17.858609 2.297610e+22 1.796708e-03 3 
   17.949912 2.151351e+22 1.665264e-03 3 
   18.041216 2.074769e+22 1.589771e-03 3 
   18.132527 2.002603e+22 1.519059e-03 3 
   18.223831 2.158637e+22 1.621051e-03 3 
   18.315133 2.187222e+22 1.626182e-03 3 
   18.406445 2.206985e+22 1.624636e-03 3 
   18.497748 2.202125e+22 1.605095e-03 3 
   18.589053 2.095167e+22 1.512170e-03 3 
   18.680355 2.533687e+22 1.810836e-03 3 
   18.771669 2.580169e+22 1.826160e-03 3 
   18.862970 2.201794e+22 1.543309e-03 3 
   18.954273 1.934988e+22 1.343261e-03 3 
   19.045587 1.957970e+22 1.346213e-03 3 
   19.136891 2.023545e+22 1.378055e-03 3 
   19.228191 2.140850e+22 1.444129e-03 3 
   19.319495 1.675650e+22 1.119665e-03 3 
   19.410809 1.853151e+22 1.226648e-03 3 
   19.502111 1.784228e+22 1.169994e-03 3 
   19.593416 1.997355e+22 1.297572e-03 3 
   19.684727 1.900362e+22 1.223134e-03 3 
   19.776030 1.875815e+22 1.196212e-03 3 
   19.867333 2.216900e+22 1.400759e-03 3 
   19.958636 2.160979e+22 1.352961e-03 3 
   20.049948 1.735189e+22 1.076507e-03 3 
   20.141252 2.089800e+22 1.284779e-03 3 
   20.232555 1.839740e+22 1.120860e-03 3 
   20.323867 1.844043e+22 1.113409e-03 3 
   20.433412 1.778190e+22 1.062167e-03 3 
   20.609198 1.821606e+22 1.069618e-03 3 
   20.785092 2.013435e+22 1.162332e-03 3 
   20.961075 1.742058e+22 9.888537e-04 3 
   21.137167 1.972169e+22 1.100898e-03 3 
   21.313361 1.755017e+22 9.635490e-04 3 
   21.489664 1.803565e+22 9.740223e-04 3 
   21.666055 1.754443e+22 9.321289e-04 3 
   21.842556 1.913307e+22 1.000171e-03 3 
   22.019159 1.876320e+22 9.651656e-04 3 
   22.195869 1.786590e+22 9.044343e-04 3 
   22.372680 1.968089e+22 9.806298e-04 3 
   22.549591 2.095212e+22 1.027654e-03 3 
   22.726608 2.002027e+22 9.667121e-04 3 
   22.903727 1.929417e+22 9.172975e-04 3 
   23.080945 2.074101e+22 9.709999e-04 3 
   23.258273 2.235838e+22 1.030818e-03 3 
   23.435703 2.136492e+22 9.701563e-04 3 
   23.613239 2.092924e+22 9.361355e-04 3 
   23.790886 2.255342e+22 9.937741e-04 3 
   23.968631 2.338067e+22 1.015002e-03 3 
   24.146478 2.258356e+22 9.660092e-04 3 
   24.324434 2.258915e+22 9.521618e-04 3 
   24.502489 2.267571e+22 9.419696e-04 3 
   24.680666 2.391315e+22 9.790832e-04 3 
   24.858930 2.225343e+22 8.981081e-04 3 
   25.037302 2.273824e+22 9.046450e-04 3 
   25.215784 2.273385e+22 8.917117e-04 3 
   25.394378 2.335873e+22 9.033799e-04 3 
   25.573070 2.304903e+22 8.789889e-04 3 
   25.751870 2.600595e+22 9.780289e-04 3 
   25.930783 2.808175e+22 1.041572e-03 3 
   26.109805 2.596920e+22 9.500530e-04 3 
   26.288925 2.498859e+22 9.017632e-04 3 
   26.468153 2.379434e+22 8.470768e-04 3 
   26.647497 2.398780e+22 8.425078e-04 3 
   26.826931 2.517602e+22 8.724519e-04 3 
   27.006491 2.359012e+22 8.066595e-04 3 
   27.186150 2.451327e+22 8.271844e-04 3 
   27.365919 2.559838e+22 8.524892e-04 3 
   27.545797 2.526451e+22 8.304178e-04 3 
   27.725784 2.494145e+22 8.091899e-04 3 
   27.905878 2.623662e+22 8.402586e-04 3 
   28.086084 2.879758e+22 9.104793e-04 3 
   28.266400 3.085970e+22 9.632679e-04 3 
   28.446825 2.722945e+22 8.392042e-04 3 
   28.627363 2.646979e+22 8.055347e-04 3 
   28.808003 2.596988e+22 7.804410e-04 3 
   28.988756 2.621390e+22 7.779807e-04 3 
   29.169622 2.703603e+22 7.924606e-04 3 
   29.350594 2.866663e+22 8.299258e-04 3 
   29.531675 2.806774e+22 8.026528e-04 3 
   29.712878 2.836845e+22 8.013876e-04 3 
   29.894188 2.846637e+22 7.944289e-04 3 
   30.075597 3.003150e+22 8.280279e-04 3 
   30.257128 2.875152e+22 7.832526e-04 3 
   30.438769 3.091522e+22 8.321750e-04 3 
   30.620528 3.003824e+22 7.989977e-04 3 
   30.802388 3.188823e+22 8.382201e-04 3 
   30.984366 3.096737e+22 8.044805e-04 3 
   31.166463 3.259175e+22 8.368144e-04 3 
   31.348663 3.269695e+22 8.297852e-04 3 
   31.530981 3.319326e+22 8.326671e-04 3 
   31.713413 3.523103e+22 8.736468e-04 3 
   31.895950 3.254681e+22 7.978730e-04 3 
   32.078606 3.428086e+22 8.308395e-04 3 
   32.261384 3.743880e+22 8.971239e-04 3 
   32.444263 3.518551e+22 8.336513e-04 3 
   32.627256 3.637861e+22 8.522784e-04 3 
   32.810375 3.772259e+22 8.739279e-04 3 
   32.993606 3.595758e+22 8.238105e-04 3 
   33.176947 3.885562e+22 8.803948e-04 3 
   33.360403 4.393503e+22 9.845659e-04 3 
   33.543975 5.041357e+22 1.117416e-03 3 
   33.727666 4.121430e+22 9.035907e-04 3 
   33.911475 4.034884e+22 8.750525e-04 3 
   34.095394 3.875634e+22 8.314723e-04 3 
   34.279428 3.914273e+22 8.307693e-04 3 
   34.463584 3.997617e+22 8.394150e-04 3 
   34.647856 5.092725e+22 1.058020e-03 3 
   34.832244 7.166304e+22 1.473088e-03 3 
