# NGC 7331  
# 
# An Atlas of Galaxy Spectral Energy Distributions from the Ultraviolet to the Mid-Infrared
# Brown et al. (2014)
# http://dx.doi.org/10.5072/03/529D3551F0117
# http://dx.doi.org/10.17909/t9-5bxk-dh29
# 
# The Spectral Energy Distributions of Active Galactic Nuclei
# Brown et al. (2019)
# http://dx.doi.org/10.17909/t9-3dbt-8734
# 
# Column 1: Observed wavelength (um)
# Column 2: L_nu (W/Hz)
# Column 3: f_lam (erg/s/cm2/A)
# Column 4: Source (0 = model, 1 = Optical Spectrun, 2 = Akari, 3 = Spitzer IRS)
# 
  1.0205e-02 1.298777e+10 3.110320e-09 0 
  1.0395e-02 1.708132e+10 3.942474e-09 0 
  1.0588e-02 2.304287e+10 5.126313e-09 0 
  1.0810e-02 3.166094e+10 6.757232e-09 0 
  1.1011e-02 5.147016e+10 1.058762e-08 0 
  1.1398e-02 8.660754e+10 1.662627e-08 0 
  1.1798e-02 1.363080e+11 2.442311e-08 0 
  1.2101e-02 4.938006e+11 8.410184e-08 0 
  1.2497e-02 7.438934e+11 1.187943e-07 0 
  1.2700e-02 8.944146e+11 1.383018e-07 0 
  1.2788e-02 9.874556e+11 1.505944e-07 0 
  1.3086e-02 1.272154e+12 1.852773e-07 0 
  1.3207e-02 1.532939e+12 2.191860e-07 0 
  1.3391e-02 1.792989e+12 2.493722e-07 0 
  1.3703e-02 2.526486e+12 3.355691e-07 0 
  1.3990e-02 3.173517e+12 4.043914e-07 0 
  1.4316e-02 7.665635e+12 9.328272e-07 0 
  1.4683e-02 1.796930e+13 2.078730e-06 0 
  1.5095e-02 2.320422e+13 2.539786e-06 0 
  1.5517e-02 3.002949e+13 3.110490e-06 0 
  1.5915e-02 3.841948e+13 3.782986e-06 0 
  1.6211e-02 4.597478e+13 4.363113e-06 0 
  1.6589e-02 5.828138e+13 5.281847e-06 0 
  1.7015e-02 7.270323e+13 6.263055e-06 0 
  1.7291e-02 8.522032e+13 7.108850e-06 0 
  1.7694e-02 1.048449e+14 8.352021e-06 0 
  1.7981e-02 1.214861e+14 9.371204e-06 0 
  1.8189e-02 1.344432e+14 1.013486e-05 0 
  1.8613e-02 1.631363e+14 1.174395e-05 0 
  1.9091e-02 2.049089e+14 1.402167e-05 0 
  1.9401e-02 2.358090e+14 1.562459e-05 0 
  1.9807e-02 2.796029e+14 1.777463e-05 0 
  2.0222e-02 3.323129e+14 2.026728e-05 0 
  2.0503e-02 3.754367e+14 2.227401e-05 0 
  2.0981e-02 4.390679e+14 2.487573e-05 0 
  2.1618e-02 5.748476e+14 3.067737e-05 0 
  2.2020e-02 6.676490e+14 3.434077e-05 0 
  2.2275e-02 7.337343e+14 3.688076e-05 0 
  2.2689e-02 8.502293e+14 4.119095e-05 0 
  2.3005e-02 1.375703e+15 6.483009e-05 0 
  2.3379e-02 2.538235e+15 1.158181e-04 0 
  2.3978e-02 3.560870e+15 1.544638e-04 0 
  2.4593e-02 3.895160e+15 1.606197e-04 0 
  2.5224e-02 4.640213e+15 1.818890e-04 0 
  2.5693e-02 4.330467e+15 1.636069e-04 0 
  2.5991e-02 5.291196e+15 1.953459e-04 0 
  2.6413e-02 5.963935e+15 2.132033e-04 0 
  2.6904e-02 6.539130e+15 2.253112e-04 0 
  2.7404e-02 7.137432e+15 2.370339e-04 0 
  2.7914e-02 7.771925e+15 2.487602e-04 0 
  2.8367e-02 8.444123e+15 2.617123e-04 0 
  2.9028e-02 8.923160e+15 2.641076e-04 0 
  2.9568e-02 9.966390e+15 2.843089e-04 0 
  3.0118e-02 1.060623e+16 2.916120e-04 0 
  3.0819e-02 1.189961e+16 3.124583e-04 0 
  3.1829e-02 1.394889e+16 3.433920e-04 0 
  3.2796e-02 1.583170e+16 3.670982e-04 0 
  3.3792e-02 1.780420e+16 3.888581e-04 0 
  3.4819e-02 1.988554e+16 4.090733e-04 0 
  3.5712e-02 2.190524e+16 4.283671e-04 0 
  3.6629e-02 2.412879e+16 4.485201e-04 0 
  3.7482e-02 2.621454e+16 4.653645e-04 0 
  3.8532e-02 2.796078e+16 4.696805e-04 0 
  3.9520e-02 3.130009e+16 4.998136e-04 0 
  4.0534e-02 3.416094e+16 5.185460e-04 0 
  4.1383e-02 3.643675e+16 5.306305e-04 0 
  4.2152e-02 3.841814e+16 5.392578e-04 0 
  4.3035e-02 4.069529e+16 5.480207e-04 0 
  4.4139e-02 4.411135e+16 5.646792e-04 0 
  4.5063e-02 4.661713e+16 5.725346e-04 0 
  4.6007e-02 4.926589e+16 5.804903e-04 0 
  4.6970e-02 5.218480e+16 5.899284e-04 0 
  4.7953e-02 5.540429e+16 6.009084e-04 0 
  4.8958e-02 5.801536e+16 6.036596e-04 0 
  4.9983e-02 6.173694e+16 6.163067e-04 0 
    0.050561 6.331929e+16 6.177335e-04 0 
    0.051147 6.831755e+16 6.513110e-04 0 
    0.051978 7.120751e+16 6.573294e-04 0 
    0.052944 7.405098e+16 6.588610e-04 0 
    0.054053 7.665567e+16 6.543364e-04 0 
    0.055058 8.063836e+16 6.634333e-04 0 
    0.055953 8.640613e+16 6.883260e-04 0 
    0.056993 9.194762e+16 7.059825e-04 0 
    0.058052 9.517681e+16 7.043576e-04 0 
    0.058996 1.010510e+17 7.240888e-04 0 
    0.059954 1.031665e+17 7.158115e-04 0 
    0.061069 1.012827e+17 6.773142e-04 0 
    0.062061 1.181792e+17 7.652444e-04 0 
    0.063070 1.228967e+17 7.705323e-04 0 
    0.063947 1.295816e+17 7.903138e-04 0 
    0.064986 1.363153e+17 8.050105e-04 0 
    0.065738 1.394882e+17 8.050092e-04 0 
    0.066500 1.480970e+17 8.352172e-04 0 
    0.067425 1.561469e+17 8.566194e-04 0 
    0.068520 1.579574e+17 8.390770e-04 0 
    0.069474 1.752059e+17 9.053166e-04 0 
    0.070440 1.739985e+17 8.745875e-04 0 
    0.071585 1.983949e+17 9.655680e-04 0 
    0.072580 2.091891e+17 9.903794e-04 0 
    0.073421 2.200630e+17 1.018129e-03 0 
    0.074442 2.325641e+17 1.046654e-03 0 
    0.075478 2.463398e+17 1.078426e-03 0 
    0.076528 2.457760e+17 1.046635e-03 0 
    0.077414 2.770407e+17 1.152925e-03 0 
    0.078491 2.887670e+17 1.168972e-03 0 
    0.079583 3.122742e+17 1.229679e-03 0 
    0.080504 3.323119e+17 1.278814e-03 0 
    0.081437 3.519977e+17 1.323710e-03 0 
    0.082569 3.797861e+17 1.389317e-03 0 
    0.083526 3.520000e+17 1.258333e-03 0 
    0.084493 4.193173e+17 1.464866e-03 0 
    0.085471 4.400879e+17 1.502444e-03 0 
    0.086461 4.748319e+17 1.584148e-03 0 
    0.087462 5.076218e+17 1.655000e-03 0 
    0.088475 5.439292e+17 1.732996e-03 0 
    0.089499 5.788185e+17 1.802198e-03 0 
    0.090536 6.019215e+17 1.831444e-03 0 
    0.091584 7.422583e+17 2.207051e-03 0 
    0.092431 2.694885e+18 7.866859e-03 0 
    0.093502 5.414206e+18 1.544505e-02 0 
    0.094584 9.807485e+18 2.734127e-02 0 
    0.095460 1.359999e+19 3.722137e-02 0 
    0.096565 1.620128e+19 4.333175e-02 0 
    0.097458 3.922293e+18 1.029915e-02 0 
    0.098587 1.561465e+19 4.006724e-02 0 
    0.099499 1.631289e+19 4.109509e-02 0 
    0.100420 2.262267e+19 5.594997e-02 0 
    0.101583 2.220934e+19 5.367722e-02 0 
    0.102523 1.058109e+19 2.510639e-02 0 
    0.103471 1.772305e+19 4.128550e-02 0 
    0.104429 3.158940e+19 7.224295e-02 0 
    0.105395 3.195548e+19 7.174668e-02 0 
    0.106615 2.713514e+19 5.953767e-02 0 
    0.107602 3.225079e+19 6.946981e-02 0 
    0.108597 2.726102e+19 5.765049e-02 0 
    0.109602 3.528081e+19 7.324838e-02 0 
    0.110616 3.495768e+19 7.125299e-02 0 
    0.111383 3.479671e+19 6.995146e-02 0 
    0.112414 3.239972e+19 6.394357e-02 0 
    0.113454 4.041493e+19 7.830665e-02 0 
    0.114504 3.806626e+19 7.240947e-02 0 
    0.115563 4.088337e+19 7.634938e-02 0 
    0.116632 4.300738e+19 7.885043e-02 0 
    0.117441 3.173583e+19 5.738611e-02 0 
    0.118528 4.330510e+19 7.687649e-02 0 
    0.119624 3.277501e+19 5.712191e-02 0 
    0.120454 2.585404e+19 4.444084e-02 0 
    0.121568 1.719998e+19 2.902590e-02 0 
    0.122411 3.315492e+19 5.518277e-02 0 
    0.123543 4.836656e+19 7.903243e-02 0 
    0.124400 5.376907e+19 8.665392e-02 0 
    0.125551 5.339985e+19 8.448821e-02 0 
    0.126421 4.825446e+19 7.530010e-02 0 
    0.127591 6.102866e+19 9.349538e-02 0 
    0.128475 6.464529e+19 9.767785e-02 0 
    0.129366 5.489526e+19 8.180710e-02 0 
    0.130563 5.540410e+19 8.105841e-02 0 
    0.131468 6.769222e+19 9.767762e-02 0 
    0.132379 6.645695e+19 9.457985e-02 0 
    0.133604 6.187854e+19 8.645648e-02 0 
    0.134530 7.203391e+19 9.926477e-02 0 
    0.135463 7.137318e+19 9.700411e-02 0 
    0.136402 6.645720e+19 8.908344e-02 0 
    0.137347 7.007121e+19 9.263983e-02 0 
    0.138618 7.236715e+19 9.392877e-02 0 
    0.139579 6.390516e+19 8.180732e-02 0 
    0.140546 6.661077e+19 8.410154e-02 0 
    0.141521 7.170367e+19 8.928861e-02 0 
    0.142502 7.371262e+19 9.053081e-02 0 
    0.143489 7.525523e+19 9.115823e-02 0 
    0.144152 7.934915e+19 9.523517e-02 0 
    0.144817 8.119600e+19 9.655882e-02 0 
    0.145485 8.026769e+19 9.458032e-02 0 
    0.146494 7.647907e+19 8.887905e-02 0 
    0.147509 7.772169e+19 8.908440e-02 0 
    0.148532 8.008361e+19 9.053157e-02 0 
    0.149561 8.232653e+19 9.179088e-02 0 
    0.150598 8.008192e+19 8.806281e-02 0 
    0.151293 7.388263e+19 8.050097e-02 0 
    0.151642 7.844008e+19 8.507373e-02 0 
    0.152342 7.736402e+19 8.313735e-02 0 
    0.153398 6.974895e+19 7.392557e-02 0 
    0.154461 7.491032e+19 7.830697e-02 0 
    0.155532 7.269979e+19 7.495319e-02 0 
    0.156610 7.630155e+19 7.758734e-02 0 
    0.157333 8.194908e+19 8.256594e-02 0 
    0.158423 8.640627e+19 8.586284e-02 0 
    0.159522 8.964872e+19 8.786166e-02 0 
    0.160627 8.882718e+19 8.586283e-02 0 
    0.161369 8.985387e+19 8.605835e-02 0 
    0.162487 8.740715e+19 8.256693e-02 0 
    0.163614 9.365786e+19 8.725689e-02 0 
    0.164369 9.583869e+19 8.847031e-02 0 
    0.165508 9.152552e+19 8.332987e-02 0 
    0.166655 9.989413e+19 8.970150e-02 0 
    0.167040 9.110491e+19 8.143240e-02 0 
    0.167811 1.031667e+20 9.136825e-02 0 
    0.168585 1.072849e+20 9.414496e-02 0 
    0.169363 1.026923e+20 8.928887e-02 0 
    0.170537 1.010502e+20 8.665558e-02 0 
    0.171324 9.829760e+19 8.352240e-02 0 
    0.172512 9.920615e+19 8.313740e-02 0 
    0.173308 1.063002e+20 8.826595e-02 0 
    0.174510 1.058124e+20 8.665476e-02 0 
    0.175315 1.126004e+20 9.136888e-02 0 
    0.176530 1.063009e+20 8.507393e-02 0 
    0.177345 1.097852e+20 8.705671e-02 0 
    0.178575 1.133807e+20 8.867361e-02 0 
    0.179399 1.209302e+20 9.371112e-02 0 
    0.180642 1.217690e+20 9.306697e-02 0 
    0.181476 1.157546e+20 8.765896e-02 0 
    0.182314 1.187247e+20 8.908355e-02 0 
    0.183578 1.168253e+20 8.645540e-02 0 
    0.184425 1.095313e+20 8.031474e-02 0 
    0.185703 1.126016e+20 8.143352e-02 0 
    0.186560 1.173661e+20 8.410118e-02 0 
    0.187421 1.251820e+20 8.887955e-02 0 
    0.188287 1.184513e+20 8.332892e-02 0 
    0.189592 1.170953e+20 8.124486e-02 0 
    0.190467 1.237471e+20 8.507305e-02 0 
    0.191346 1.217706e+20 8.294688e-02 0 
    0.192672 1.203777e+20 8.087331e-02 0 
    0.193562 1.228956e+20 8.180737e-02 0 
    0.194455 1.322946e+20 8.725700e-02 0 
    0.195353 1.263405e+20 8.256558e-02 0 
    0.196707 1.388465e+20 8.949355e-02 0 
    0.197615 1.427372e+20 9.115778e-02 0 
    0.198527 1.385279e+20 8.765861e-02 0 
    0.199443 1.369439e+20 8.586209e-02 0 
    0.200364 1.407801e+20 8.745777e-02 0 
    0.201289 1.394906e+20 8.586209e-02 0 
    0.202684 1.443910e+20 8.765920e-02 0 
    0.203620 1.424092e+20 8.566308e-02 0 
    0.204559 1.487772e+20 8.867385e-02 0 
    0.205504 1.414302e+20 8.352143e-02 0 
    0.206452 1.447221e+20 8.468239e-02 0 
    0.207405 1.579562e+20 9.157877e-02 0 
    0.207883 1.612636e+20 9.306679e-02 0 
    0.208362 1.696449e+20 9.745409e-02 0 
    0.209324 1.627569e+20 9.263983e-02 0 
    0.210290 1.642631e+20 9.264015e-02 0 
    0.211261 1.696452e+20 9.479803e-02 0 
    0.212725 1.712144e+20 9.436256e-02 0 
    0.213707 1.627572e+20 8.887897e-02 0 
    0.214694 1.731946e+20 9.371112e-02 0 
    0.215685 1.792852e+20 9.611715e-02 0 
    0.216680 1.727971e+20 9.178995e-02 0 
    0.217680 1.743961e+20 9.179019e-02 0 
    0.218685 1.805265e+20 9.414547e-02 0 
    0.219695 1.885995e+20 9.745331e-02 0 
    0.220709 1.855823e+20 9.501517e-02 0 
    0.221727 1.739940e+20 8.826604e-02 0 
    0.222751 1.760116e+20 8.847048e-02 0 
    0.223264 1.943296e+20 9.722948e-02 0 
    0.224295 1.885962e+20 9.349539e-02 0 
    0.225330 1.764154e+20 8.665527e-02 0 
    0.226370 1.788717e+20 8.705632e-02 0 
    0.227415 1.873002e+20 9.032264e-02 0 
    0.228465 2.020862e+20 9.655921e-02 0 
    0.229519 1.885944e+20 8.928695e-02 0 
    0.230579 1.992864e+20 9.348343e-02 0 
    0.231643 1.902867e+20 8.844362e-02 0 
    0.232712 1.589820e+20 7.321612e-02 0 
    0.233249 1.731082e+20 7.935504e-02 0 
    0.234325 1.615327e+20 7.337020e-02 0 
    0.235407 1.897562e+20 8.539919e-02 0 
    0.236494 1.660101e+20 7.402712e-02 0 
    0.237585 1.782694e+20 7.876534e-02 0 
    0.238682 1.581309e+20 6.922675e-02 0 
    0.239232 1.709929e+20 7.451369e-02 0 
    0.240336 1.682381e+20 7.264123e-02 0 
    0.241446 1.765444e+20 7.552841e-02 0 
    0.242560 2.050182e+20 8.690616e-02 0 
    0.243680 2.021744e+20 8.491470e-02 0 
    0.244241 2.186208e+20 9.140095e-02 0 
    0.245369 2.221399e+20 9.202031e-02 0 
    0.246501 2.155566e+20 8.847498e-02 0 
    0.247639 2.063024e+20 8.390012e-02 0 
    0.248782 1.938376e+20 7.810820e-02 0 
    0.249356 1.889768e+20 7.579930e-02 0 
    0.250507 2.297957e+20 9.132689e-02 0 
    0.251084 1.820986e+20 7.203856e-02 0 
    0.251663 1.795833e+20 7.071697e-02 0 
    0.252243 1.783362e+20 6.990329e-02 0 
    0.253407 1.964133e+20 7.628339e-02 0 
    0.254577 1.995768e+20 7.680122e-02 0 
    0.255752 2.410101e+20 9.189538e-02 0 
    0.256342 2.208020e+20 8.380308e-02 0 
    0.257525 2.448696e+20 9.208577e-02 0 
    0.258714 2.381599e+20 8.874119e-02 0 
    0.259310 2.300597e+20 8.532936e-02 0 
    0.260507 2.191645e+20 8.054300e-02 0 
    0.261709 2.136454e+20 7.779517e-02 0 
    0.262313 2.391458e+20 8.668013e-02 0 
    0.263524 2.901340e+20 1.041969e-01 0 
    0.264740 3.455634e+20 1.229660e-01 0 
    0.265350 4.031690e+20 1.428056e-01 0 
    0.266575 3.201980e+20 1.123767e-01 0 
    0.267805 3.494216e+20 1.215091e-01 0 
    0.268423 3.735245e+20 1.292933e-01 0 
    0.269662 3.222871e+20 1.105350e-01 0 
    0.270284 3.582654e+20 1.223096e-01 0 
    0.271531 3.091271e+20 1.045670e-01 0 
    0.272784 2.911165e+20 9.757204e-02 0 
    0.273413 3.251115e+20 1.084652e-01 0 
    0.274675 2.482891e+20 8.207594e-02 0 
    0.275308 2.798502e+20 9.208405e-02 0 
    0.276579 3.190425e+20 1.040175e-01 0 
    0.277217 3.379202e+20 1.096657e-01 0 
    0.278496 2.733634e+20 8.790202e-02 0 
    0.279782 1.952814e+20 6.221825e-02 0 
    0.280427 2.136144e+20 6.774658e-02 0 
    0.281721 3.315539e+20 1.041867e-01 0 
    0.282371 4.031975e+20 1.261171e-01 0 
    0.283674 3.921403e+20 1.215343e-01 0 
    0.284328 3.446738e+20 1.063324e-01 0 
    0.285640 2.807567e+20 8.582002e-02 0 
    0.286299 4.095401e+20 1.246101e-01 0 
    0.287620 4.712153e+20 1.420619e-01 0 
    0.288283 4.478964e+20 1.344114e-01 0 
    0.289614 4.944284e+20 1.470147e-01 0 
    0.290951 6.067755e+20 1.787659e-01 0 
    0.292967 5.635237e+20 1.637462e-01 0 
    0.294998 5.467536e+20 1.566931e-01 0 
    0.297043 5.763361e+20 1.629047e-01 0 
    0.299102 5.909639e+20 1.647475e-01 0 
    0.301175 6.101572e+20 1.677646e-01 0 
    0.303263 6.372643e+20 1.728133e-01 0 
    0.304663 6.641104e+20 1.784421e-01 0 
    0.306775 7.048855e+20 1.867992e-01 0 
    0.308901 7.112123e+20 1.858904e-01 0 
    0.311042 7.796024e+20 2.009702e-01 0 
    0.313198 7.546610e+20 1.918715e-01 0 
    0.314644 7.597492e+20 1.913938e-01 0 
    0.316825 8.213737e+20 2.040790e-01 0 
    0.319021 7.523409e+20 1.843625e-01 0 
    0.321232 8.265882e+20 1.997782e-01 0 
    0.322715 7.416593e+20 1.776080e-01 0 
    0.324952 9.442112e+20 2.230114e-01 0 
    0.327205 1.071418e+21 2.495833e-01 0 
    0.328715 1.066223e+21 2.460966e-01 0 
    0.330993 1.044090e+21 2.376823e-01 0 
    0.332521 1.015418e+21 2.290357e-01 0 
    0.333288 1.075472e+21 2.414661e-01 0 
    0.334056 9.740229e+20 2.176843e-01 0 
    0.334826 1.168196e+21 2.598807e-01 0 
    0.335598 1.128433e+21 2.498811e-01 0 
    0.336372 8.268256e+20 1.822513e-01 0 
    0.337147 9.254924e+20 2.030630e-01 0 
    0.337924 1.151677e+21 2.515295e-01 0 
    0.338703 1.104773e+21 2.401769e-01 0 
    0.339484 1.102155e+21 2.385066e-01 0 
    0.340267 1.291752e+21 2.782505e-01 0 
    0.341051 1.086815e+21 2.330309e-01 0 
    0.341837 1.042608e+21 2.225252e-01 0 
    0.342625 1.153594e+21 2.450820e-01 0 
    0.343415 1.285277e+21 2.718034e-01 0 
    0.344207 1.051890e+21 2.214253e-01 0 
    0.345000 1.129585e+21 2.366885e-01 0 
    0.345796 1.188117e+21 2.478082e-01 0 
    0.346593 1.085969e+21 2.254625e-01 0 
    0.347392 1.278693e+21 2.642549e-01 0 
    0.348193 1.136918e+21 2.338759e-01 0 
    0.348995 1.252223e+21 2.564128e-01 0 
    0.349800 1.147233e+21 2.338345e-01 0 
    0.350606 1.360190e+21 2.759671e-01 0 
    0.351414 1.192706e+21 2.408751e-01 0 
    0.352224 1.347434e+21 2.708732e-01 0 
    0.353036 1.149331e+21 2.299872e-01 0 
    0.353850 1.378473e+21 2.745721e-01 0 
    0.354666 1.423541e+21 2.822458e-01 0 
    0.355484 1.426686e+21 2.815689e-01 0 
    0.356303 1.346646e+21 2.645520e-01 0 
    0.357124 1.148751e+21 2.246385e-01 0 
    0.357948 1.242136e+21 2.417830e-01 0 
    0.358773 1.009543e+21 1.956058e-01 0 
    0.359600 1.321482e+21 2.548697e-01 0 
    0.360429 1.475798e+21 2.833244e-01 0 
    0.361260 1.174848e+21 2.245113e-01 0 
    0.362092 1.333305e+21 2.536228e-01 0 
    0.362193 1.424785e+21 2.708730e-01 1 
    0.362467 1.318361e+21 2.502614e-01 1 
    0.362742 1.268939e+21 2.405146e-01 1 
    0.363016 1.401664e+21 2.652704e-01 1 
    0.363290 1.384093e+21 2.615500e-01 1 
    0.363564 1.478730e+21 2.790125e-01 1 
    0.363839 1.476249e+21 2.781234e-01 1 
    0.364113 1.448470e+21 2.724793e-01 1 
    0.364387 1.514356e+21 2.844452e-01 1 
    0.364661 1.585169e+21 2.972990e-01 1 
    0.364936 1.675946e+21 3.138507e-01 1 
    0.365210 1.695312e+21 3.170011e-01 1 
    0.365484 1.703294e+21 3.180163e-01 1 
    0.365758 1.604700e+21 2.991594e-01 1 
    0.366033 1.603019e+21 2.983971e-01 1 
    0.366307 1.570959e+21 2.919920e-01 1 
    0.366581 1.585387e+21 2.942333e-01 1 
    0.366855 1.627802e+21 3.016540e-01 1 
    0.367130 1.495878e+21 2.767916e-01 1 
    0.367404 1.517794e+21 2.804282e-01 1 
    0.367678 1.508946e+21 2.783779e-01 1 
    0.367952 1.538970e+21 2.834943e-01 1 
    0.368227 1.535289e+21 2.823939e-01 1 
    0.368501 1.611935e+21 2.960510e-01 1 
    0.368775 1.653990e+21 3.033237e-01 1 
    0.369049 1.645368e+21 3.012947e-01 1 
    0.369324 1.612897e+21 2.949090e-01 1 
    0.369598 1.651073e+21 3.014418e-01 1 
    0.369872 1.641696e+21 2.992859e-01 1 
    0.370146 1.549016e+21 2.819723e-01 1 
    0.370421 1.627378e+21 2.957970e-01 1 
    0.370695 1.700143e+21 3.085662e-01 1 
    0.370969 1.633134e+21 2.959669e-01 1 
    0.371243 1.694897e+21 3.067067e-01 1 
    0.371518 1.899340e+21 3.431939e-01 1 
    0.371792 2.199993e+21 3.969334e-01 1 
    0.372066 2.188102e+21 3.942068e-01 1 
    0.372340 1.841953e+21 3.313566e-01 1 
    0.372615 1.653775e+21 2.970655e-01 1 
    0.372889 1.473405e+21 2.642770e-01 1 
    0.373163 1.540847e+21 2.759681e-01 1 
    0.373438 1.535193e+21 2.745505e-01 1 
    0.373712 1.475770e+21 2.635367e-01 1 
    0.373986 1.362107e+21 2.428828e-01 1 
    0.374260 1.462177e+21 2.603452e-01 1 
    0.374535 1.559088e+21 2.771931e-01 1 
    0.374809 1.649968e+21 2.929219e-01 1 
    0.375083 1.660612e+21 2.943810e-01 1 
    0.375357 1.626616e+21 2.879336e-01 1 
    0.375632 1.678509e+21 2.966845e-01 1 
    0.375906 1.658443e+21 2.927106e-01 1 
    0.376180 1.704886e+21 3.004695e-01 1 
    0.376454 1.869425e+21 3.289885e-01 1 
    0.376729 1.945655e+21 3.419040e-01 1 
    0.377003 2.054630e+21 3.605291e-01 1 
    0.377277 2.115654e+21 3.706982e-01 1 
    0.377551 2.104836e+21 3.682675e-01 1 
    0.377826 2.031178e+21 3.548630e-01 1 
    0.378100 1.854781e+21 3.235757e-01 1 
    0.378374 1.786359e+21 3.111878e-01 1 
    0.378648 1.707401e+21 2.970029e-01 1 
    0.378923 1.717908e+21 2.983970e-01 1 
    0.379197 1.755255e+21 3.044436e-01 1 
    0.379471 1.886691e+21 3.267683e-01 1 
    0.379745 1.998454e+21 3.456261e-01 1 
    0.380020 2.025947e+21 3.498740e-01 1 
    0.380294 1.984985e+21 3.423061e-01 1 
    0.380568 1.865818e+21 3.212930e-01 1 
    0.380842 1.796586e+21 3.089262e-01 1 
    0.381117 1.746971e+21 2.999615e-01 1 
    0.381391 1.634695e+21 2.802801e-01 1 
    0.381665 1.587286e+21 2.717609e-01 1 
    0.381939 1.491510e+21 2.549968e-01 1 
    0.382214 1.372298e+21 2.342782e-01 1 
    0.382488 1.342646e+21 2.288877e-01 1 
    0.382762 1.385678e+21 2.358855e-01 1 
    0.383036 1.464149e+21 2.488872e-01 1 
    0.383311 1.659164e+21 2.816327e-01 1 
    0.383585 1.808461e+21 3.065366e-01 1 
    0.383859 1.815294e+21 3.072558e-01 1 
    0.384133 1.931335e+21 3.264306e-01 1 
    0.384408 1.906663e+21 3.217996e-01 1 
    0.384682 1.887433e+21 3.181004e-01 1 
    0.384956 1.935598e+21 3.257537e-01 1 
    0.385230 1.965654e+21 3.303416e-01 1 
    0.385505 2.061422e+21 3.459420e-01 1 
    0.385779 2.043541e+21 3.424543e-01 1 
    0.386053 2.041015e+21 3.415457e-01 1 
    0.386327 2.044802e+21 3.416941e-01 1 
    0.386602 1.942552e+21 3.241462e-01 1 
    0.386876 1.939219e+21 3.231319e-01 1 
    0.387150 1.889625e+21 3.144224e-01 1 
    0.387424 1.812911e+21 3.012312e-01 1 
    0.387699 1.784263e+21 2.960506e-01 1 
    0.387973 1.872657e+21 3.102785e-01 1 
    0.388247 1.937658e+21 3.205955e-01 1 
    0.388521 2.023054e+21 3.342527e-01 1 
    0.388796 2.103688e+21 3.470837e-01 1 
    0.389070 2.243952e+21 3.697044e-01 1 
    0.389344 2.241592e+21 3.687959e-01 1 
    0.389618 2.350909e+21 3.862373e-01 1 
    0.389893 2.400737e+21 3.938675e-01 1 
    0.390167 2.444246e+21 4.004427e-01 1 
    0.390441 2.481022e+21 4.058974e-01 1 
    0.390715 2.400786e+21 3.922201e-01 1 
    0.390990 2.359452e+21 3.849251e-01 1 
    0.391264 2.133468e+21 3.475704e-01 1 
    0.391538 1.965839e+21 3.198134e-01 1 
    0.391812 1.757785e+21 2.855661e-01 1 
    0.392087 1.431471e+21 2.322277e-01 1 
    0.392361 1.314203e+21 2.129056e-01 1 
    0.392635 1.305090e+21 2.111343e-01 1 
    0.392910 1.579859e+21 2.552282e-01 1 
    0.393184 1.809292e+21 2.918860e-01 1 
    0.393458 2.022563e+21 3.258380e-01 1 
    0.393732 2.244440e+21 3.610797e-01 1 
    0.394007 2.360999e+21 3.793013e-01 1 
    0.394281 2.415415e+21 3.875043e-01 1 
    0.394555 2.317565e+21 3.712901e-01 1 
    0.394829 2.218379e+21 3.549067e-01 1 
    0.395104 1.995055e+21 3.187340e-01 1 
    0.395378 1.729894e+21 2.759885e-01 1 
    0.395652 1.461603e+21 2.328623e-01 1 
    0.395926 1.350553e+21 2.148720e-01 1 
    0.396201 1.437849e+21 2.284434e-01 1 
    0.396475 1.776549e+21 2.818656e-01 1 
    0.396749 2.112713e+21 3.347382e-01 1 
    0.397023 2.430295e+21 3.845246e-01 1 
    0.397298 2.646393e+21 4.181364e-01 1 
    0.397572 2.775857e+21 4.379878e-01 1 
    0.397846 2.816450e+21 4.437808e-01 1 
    0.398120 2.925801e+21 4.603767e-01 1 
    0.398395 2.940328e+21 4.620239e-01 1 
    0.398669 2.957446e+21 4.640752e-01 1 
    0.398943 3.045834e+21 4.772885e-01 1 
    0.399217 3.091227e+21 4.837370e-01 1 
    0.399492 3.058138e+21 4.779004e-01 1 
    0.399766 3.077917e+21 4.803322e-01 1 
    0.400040 3.145220e+21 4.901631e-01 1 
    0.400314 3.251684e+21 5.060614e-01 1 
    0.400589 3.306878e+21 5.139449e-01 1 
    0.400863 3.302962e+21 5.126349e-01 1 
    0.401137 3.233829e+21 5.012196e-01 1 
    0.401411 3.326622e+21 5.148981e-01 1 
    0.401686 3.292326e+21 5.088923e-01 1 
    0.401960 3.206021e+21 4.948769e-01 1 
    0.402234 3.160614e+21 4.872034e-01 1 
    0.402508 3.163827e+21 4.870350e-01 1 
    0.402783 3.284480e+21 5.049179e-01 1 
    0.403057 3.280004e+21 5.035445e-01 1 
    0.403331 3.200078e+21 4.906071e-01 1 
    0.403605 3.232462e+21 4.948993e-01 1 
    0.403880 3.265478e+21 4.992735e-01 1 
    0.404154 3.269776e+21 4.992530e-01 1 
    0.404428 3.271442e+21 4.988308e-01 1 
    0.404702 3.143296e+21 4.786423e-01 1 
    0.404977 3.165631e+21 4.813888e-01 1 
    0.405251 3.207227e+21 4.870550e-01 1 
    0.405525 3.249486e+21 4.928058e-01 1 
    0.405799 3.269935e+21 4.952376e-01 1 
    0.406074 3.232144e+21 4.888513e-01 1 
    0.406348 3.288158e+21 4.966528e-01 1 
    0.406622 3.217617e+21 4.853433e-01 1 
    0.406896 3.271920e+21 4.928699e-01 1 
    0.407171 3.389881e+21 5.099495e-01 1 
    0.407445 3.543472e+21 5.323380e-01 1 
    0.407719 3.537252e+21 5.306896e-01 1 
    0.407993 3.487831e+21 5.225724e-01 1 
    0.408268 3.375675e+21 5.050873e-01 1 
    0.408542 3.251891e+21 4.859135e-01 1 
    0.408816 3.070955e+21 4.582624e-01 1 
    0.409090 2.927685e+21 4.362979e-01 1 
    0.409365 2.949226e+21 4.389178e-01 1 
    0.409639 3.096557e+21 4.602278e-01 1 
    0.409913 3.167220e+21 4.701011e-01 1 
    0.410187 3.398796e+21 5.037995e-01 1 
    0.410462 3.410055e+21 5.047914e-01 1 
    0.410736 3.497698e+21 5.170747e-01 1 
    0.411010 3.440082e+21 5.078792e-01 1 
    0.411284 3.466898e+21 5.111566e-01 1 
    0.411559 3.450561e+21 5.080682e-01 1 
    0.411833 3.453724e+21 5.078574e-01 1 
    0.412107 3.461061e+21 5.082597e-01 1 
    0.412382 3.460335e+21 5.074757e-01 1 
    0.412656 3.511418e+21 5.142835e-01 1 
    0.412930 3.525337e+21 5.156372e-01 1 
    0.413204 3.463881e+21 5.059765e-01 1 
    0.413479 3.397905e+21 4.956793e-01 1 
    0.413753 3.460169e+21 5.040939e-01 1 
    0.414027 3.440201e+21 5.005218e-01 1 
    0.414301 3.452181e+21 5.016006e-01 1 
    0.414576 3.442183e+21 4.994847e-01 1 
    0.414850 3.484523e+21 5.049607e-01 1 
    0.415124 3.539527e+21 5.122547e-01 1 
    0.415398 3.565122e+21 5.152785e-01 1 
    0.415673 3.564851e+21 5.145578e-01 1 
    0.415947 3.458686e+21 4.985762e-01 1 
    0.416221 3.363980e+21 4.842859e-01 1 
    0.416495 3.360180e+21 4.831026e-01 1 
    0.416770 3.294376e+21 4.730169e-01 1 
    0.417044 3.382895e+21 4.850888e-01 1 
    0.417318 3.455842e+21 4.948984e-01 1 
    0.417592 3.531929e+21 5.051311e-01 1 
    0.417867 3.554183e+21 5.076450e-01 1 
    0.418141 3.547883e+21 5.060812e-01 1 
    0.418415 3.502231e+21 4.989152e-01 1 
    0.418689 3.498354e+21 4.977108e-01 1 
    0.418964 3.531654e+21 5.017890e-01 1 
    0.419238 3.528384e+21 5.006693e-01 1 
    0.419512 3.635040e+21 5.151299e-01 1 
    0.419786 3.765567e+21 5.329310e-01 1 
    0.420061 3.798907e+21 5.369457e-01 1 
    0.420335 3.739021e+21 5.277925e-01 1 
    0.420609 3.773893e+21 5.320213e-01 1 
    0.420883 3.818758e+21 5.376453e-01 1 
    0.421158 3.705711e+21 5.210481e-01 1 
    0.421432 3.601542e+21 5.057431e-01 1 
    0.421706 3.492269e+21 4.897614e-01 1 
    0.421980 3.521416e+21 4.932080e-01 1 
    0.422255 3.699045e+21 5.174120e-01 1 
    0.422529 3.737297e+21 5.220847e-01 1 
    0.422803 3.795791e+21 5.295691e-01 1 
    0.423077 3.890082e+21 5.420214e-01 1 
    0.423352 3.885708e+21 5.407088e-01 1 
    0.423626 3.868535e+21 5.376230e-01 1 
    0.423900 3.879029e+21 5.383847e-01 1 
    0.424174 3.771953e+21 5.228470e-01 1 
    0.424449 3.832877e+21 5.306037e-01 1 
    0.424723 3.832938e+21 5.299278e-01 1 
    0.424997 3.862080e+21 5.332686e-01 1 
    0.425271 3.980971e+21 5.489767e-01 1 
    0.425546 3.989331e+21 5.494188e-01 1 
    0.425820 3.901025e+21 5.365659e-01 1 
    0.426094 3.729995e+21 5.123820e-01 1 
    0.426368 3.653281e+21 5.011991e-01 1 
    0.426643 3.718003e+21 5.094210e-01 1 
    0.426917 3.845451e+21 5.262072e-01 1 
    0.427191 3.874060e+21 5.294423e-01 1 
    0.427465 3.885851e+21 5.303731e-01 1 
    0.427740 3.739939e+21 5.098017e-01 1 
    0.428014 3.666472e+21 4.991474e-01 1 
    0.428288 3.660755e+21 4.977317e-01 1 
    0.428562 3.582776e+21 4.865066e-01 1 
    0.428837 3.420566e+21 4.638846e-01 1 
    0.429111 3.265738e+21 4.423219e-01 1 
    0.429385 3.193960e+21 4.320482e-01 1 
    0.429659 3.220731e+21 4.351141e-01 1 
    0.429934 3.253987e+21 4.390447e-01 1 
    0.430208 3.554805e+21 4.790218e-01 1 
    0.430482 3.899266e+21 5.247704e-01 1 
    0.430756 4.133554e+21 5.555938e-01 1 
    0.431031 4.183072e+21 5.615324e-01 1 
    0.431305 4.135100e+21 5.543876e-01 1 
    0.431579 4.096942e+21 5.485745e-01 1 
    0.431853 4.138352e+21 5.534164e-01 1 
    0.432128 4.232567e+21 5.652955e-01 1 
    0.432402 4.169792e+21 5.562057e-01 1 
    0.432676 4.041785e+21 5.384484e-01 1 
    0.432951 3.956185e+21 5.263754e-01 1 
    0.433225 3.925084e+21 5.215770e-01 1 
    0.433499 4.045065e+21 5.368410e-01 1 
    0.433773 4.168369e+21 5.525068e-01 1 
    0.434048 4.170608e+21 5.521032e-01 1 
    0.434322 4.241278e+21 5.607503e-01 1 
    0.434596 4.344617e+21 5.736889e-01 1 
    0.434870 4.467603e+21 5.891855e-01 1 
    0.435145 4.624274e+21 6.090766e-01 1 
    0.435419 4.647782e+21 6.114029e-01 1 
    0.435693 4.694832e+21 6.168155e-01 1 
    0.435967 4.579105e+21 6.008552e-01 1 
    0.436242 4.420811e+21 5.793533e-01 1 
    0.436516 4.396330e+21 5.754218e-01 1 
    0.436790 4.279434e+21 5.594193e-01 1 
    0.437064 4.163205e+21 5.435433e-01 1 
    0.437339 3.983283e+21 5.193990e-01 1 
    0.437613 4.008085e+21 5.219789e-01 1 
    0.437887 4.084625e+21 5.312812e-01 1 
    0.438161 4.169809e+21 5.416830e-01 1 
    0.438436 4.341882e+21 5.633290e-01 1 
    0.438710 4.481583e+21 5.807281e-01 1 
    0.438984 4.438674e+21 5.744502e-01 1 
    0.439258 4.285412e+21 5.539233e-01 1 
    0.439533 4.198897e+21 5.420617e-01 1 
    0.439807 4.439096e+21 5.723566e-01 1 
    0.440081 4.492406e+21 5.785091e-01 1 
    0.440355 4.621285e+21 5.943652e-01 1 
    0.440630 4.606306e+21 5.916995e-01 1 
    0.440904 4.663124e+21 5.982537e-01 1 
    0.441178 4.689716e+21 6.009181e-01 1 
    0.441452 4.756173e+21 6.086773e-01 1 
    0.441727 4.784909e+21 6.115926e-01 1 
    0.442001 4.791350e+21 6.116569e-01 1 
    0.442275 4.674268e+21 5.959712e-01 1 
    0.442549 4.704305e+21 5.990584e-01 1 
    0.442824 4.903450e+21 6.236427e-01 1 
    0.443098 4.966942e+21 6.309370e-01 1 
    0.443372 5.004752e+21 6.349542e-01 1 
    0.443646 5.101871e+21 6.464766e-01 1 
    0.443921 5.104840e+21 6.460516e-01 1 
    0.444195 5.038730e+21 6.368984e-01 1 
    0.444469 4.900942e+21 6.187185e-01 1 
    0.444743 4.789628e+21 6.039208e-01 1 
    0.445018 4.729900e+21 5.956528e-01 1 
    0.445292 4.818089e+21 6.060124e-01 1 
    0.445566 4.920284e+21 6.181054e-01 1 
    0.445840 5.057598e+21 6.345746e-01 1 
    0.446115 5.296120e+21 6.636829e-01 1 
    0.446389 5.308208e+21 6.643812e-01 1 
    0.446663 5.364113e+21 6.705551e-01 1 
    0.446937 5.367655e+21 6.701752e-01 1 
    0.447212 5.323894e+21 6.638942e-01 1 
    0.447486 5.364034e+21 6.680809e-01 1 
    0.447760 5.338491e+21 6.640860e-01 1 
    0.448034 5.292795e+21 6.575967e-01 1 
    0.448309 5.215799e+21 6.472357e-01 1 
    0.448583 5.255616e+21 6.513800e-01 1 
    0.448857 5.461855e+21 6.761151e-01 1 
    0.449131 5.655934e+21 6.992858e-01 1 
    0.449406 5.759399e+21 7.112067e-01 1 
    0.449680 5.850076e+21 7.215241e-01 1 
    0.449954 5.775183e+21 7.114198e-01 1 
    0.450228 5.690126e+21 7.000892e-01 1 
    0.450503 5.715984e+21 7.024124e-01 1 
    0.450777 5.596692e+21 6.869171e-01 1 
    0.451051 5.580051e+21 6.840429e-01 1 
    0.451325 5.444564e+21 6.666238e-01 1 
    0.451600 5.243910e+21 6.412742e-01 1 
    0.451874 5.117700e+21 6.250813e-01 1 
    0.452148 5.075391e+21 6.191627e-01 1 
    0.452423 5.170904e+21 6.300479e-01 1 
    0.452697 5.386326e+21 6.555017e-01 1 
    0.452971 5.444684e+21 6.618024e-01 1 
    0.453245 5.669295e+21 6.882709e-01 1 
    0.453520 5.484204e+21 6.649931e-01 1 
    0.453794 5.427824e+21 6.573622e-01 1 
    0.454068 5.500623e+21 6.653751e-01 1 
    0.454342 5.442703e+21 6.575750e-01 1 
    0.454617 5.539498e+21 6.684602e-01 1 
    0.454891 5.788939e+21 6.977193e-01 1 
    0.455165 5.818575e+21 7.004472e-01 1 
    0.455439 5.846865e+21 7.030060e-01 1 
    0.455714 5.902319e+21 7.088173e-01 1 
    0.455988 5.903608e+21 7.081205e-01 1 
    0.456262 5.938063e+21 7.113980e-01 1 
    0.456536 5.909869e+21 7.071708e-01 1 
    0.456811 5.762021e+21 6.886494e-01 1 
    0.457085 5.691727e+21 6.794329e-01 1 
    0.457359 5.673204e+21 6.764106e-01 1 
    0.457633 5.695987e+21 6.783140e-01 1 
    0.457908 5.766267e+21 6.858588e-01 1 
    0.458182 5.889199e+21 6.996433e-01 1 
    0.458456 5.764055e+21 6.839577e-01 1 
    0.458730 5.797710e+21 6.871297e-01 1 
    0.459005 5.798930e+21 6.864510e-01 1 
    0.459279 5.864687e+21 6.934068e-01 1 
    0.459553 5.978923e+21 7.060708e-01 1 
    0.459827 6.001654e+21 7.079107e-01 1 
    0.460102 6.251242e+21 7.364691e-01 1 
    0.460376 6.244684e+21 7.348211e-01 1 
    0.460650 6.233600e+21 7.326444e-01 1 
    0.460924 6.323323e+21 7.423063e-01 1 
    0.461199 6.345275e+21 7.439952e-01 1 
    0.461473 6.320692e+21 7.402330e-01 1 
    0.461747 6.252662e+21 7.313970e-01 1 
    0.462021 6.197124e+21 7.240410e-01 1 
    0.462296 6.192345e+21 7.226223e-01 1 
    0.462570 6.132042e+21 7.147376e-01 1 
    0.462844 6.062141e+21 7.057537e-01 1 
    0.463118 5.957336e+21 6.927319e-01 1 
    0.463393 6.004985e+21 6.974441e-01 1 
    0.463667 5.906398e+21 6.851834e-01 1 
    0.463941 5.978705e+21 6.927524e-01 1 
    0.464215 6.014454e+21 6.960723e-01 1 
    0.464490 6.000531e+21 6.936388e-01 1 
    0.464764 6.150069e+21 7.100869e-01 1 
    0.465038 6.207558e+21 7.158802e-01 1 
    0.465312 6.156519e+21 7.091583e-01 1 
    0.465587 5.962208e+21 6.859648e-01 1 
    0.465861 5.922508e+21 6.805961e-01 1 
    0.466135 5.918617e+21 6.793494e-01 1 
    0.466409 5.911016e+21 6.776802e-01 1 
    0.466684 6.121598e+21 7.009958e-01 1 
    0.466958 6.020669e+21 6.886294e-01 1 
    0.467232 6.101762e+21 6.970864e-01 1 
    0.467506 6.048161e+21 6.901530e-01 1 
    0.467781 6.153750e+21 7.013764e-01 1 
    0.468055 6.118999e+21 6.965994e-01 1 
    0.468329 6.179531e+21 7.026675e-01 1 
    0.468603 6.192913e+21 7.033659e-01 1 
    0.468878 6.044745e+21 6.857325e-01 1 
    0.469152 6.048460e+21 6.853527e-01 1 
    0.469426 6.000618e+21 6.791382e-01 1 
    0.469700 6.053261e+21 6.842971e-01 1 
    0.469975 6.118747e+21 6.908908e-01 1 
    0.470249 6.164878e+21 6.952887e-01 1 
    0.470523 6.290862e+21 7.086714e-01 1 
    0.470797 6.384248e+21 7.183545e-01 1 
    0.471072 6.445297e+21 7.243772e-01 1 
    0.471346 6.427758e+21 7.215664e-01 1 
    0.471620 6.368308e+21 7.140622e-01 1 
    0.471895 6.311351e+21 7.068512e-01 1 
    0.472169 6.225333e+21 6.964086e-01 1 
    0.472443 6.304652e+21 7.044638e-01 1 
    0.472717 6.415774e+21 7.160496e-01 1 
    0.472992 6.485612e+21 7.230025e-01 1 
    0.473266 6.521613e+21 7.261742e-01 1 
    0.473540 6.623453e+21 7.366608e-01 1 
    0.473814 6.644448e+21 7.381413e-01 1 
    0.474089 6.640139e+21 7.368072e-01 1 
    0.474363 6.617496e+21 7.334467e-01 1 
    0.474637 6.499691e+21 7.195582e-01 1 
    0.474911 6.463615e+21 7.147390e-01 1 
    0.475186 6.416341e+21 7.086906e-01 1 
    0.475460 6.310118e+21 6.961550e-01 1 
    0.475734 6.359605e+21 7.008067e-01 1 
    0.476008 6.481985e+21 7.134704e-01 1 
    0.476283 6.624250e+21 7.282877e-01 1 
    0.476557 6.796475e+21 7.463637e-01 1 
    0.476831 6.750336e+21 7.404451e-01 1 
    0.477105 6.748648e+21 7.394100e-01 1 
    0.477380 6.687446e+21 7.318606e-01 1 
    0.477654 6.665543e+21 7.286268e-01 1 
    0.477928 6.620536e+21 7.228774e-01 1 
    0.478202 6.853183e+21 7.474222e-01 1 
    0.478477 6.908009e+21 7.525359e-01 1 
    0.478751 6.928170e+21 7.538686e-01 1 
    0.479025 6.927747e+21 7.529604e-01 1 
    0.479299 6.920687e+21 7.513332e-01 1 
    0.479574 6.820020e+21 7.395556e-01 1 
    0.479848 6.851831e+21 7.421568e-01 1 
    0.480122 6.899526e+21 7.464702e-01 1 
    0.480396 7.006591e+21 7.571893e-01 1 
    0.480671 7.097827e+21 7.661716e-01 1 
    0.480945 7.068284e+21 7.621134e-01 1 
    0.481219 7.068299e+21 7.612474e-01 1 
    0.481493 6.975153e+21 7.503609e-01 1 
    0.481768 6.948868e+21 7.466801e-01 1 
    0.482042 6.990856e+21 7.503382e-01 1 
    0.482316 6.920333e+21 7.419251e-01 1 
    0.482590 6.996312e+21 7.492194e-01 1 
    0.482865 6.872640e+21 7.351375e-01 1 
    0.483139 6.854133e+21 7.323265e-01 1 
    0.483413 6.870633e+21 7.332576e-01 1 
    0.483687 6.769756e+21 7.216732e-01 1 
    0.483962 6.761552e+21 7.199798e-01 1 
    0.484236 6.595103e+21 7.014616e-01 1 
    0.484510 6.424085e+21 6.824993e-01 1 
    0.484784 6.530566e+21 6.930280e-01 1 
    0.485059 6.733606e+21 7.137647e-01 1 
    0.485333 6.674935e+21 7.067467e-01 1 
    0.485607 6.417627e+21 6.787363e-01 1 
    0.485881 6.247577e+21 6.600065e-01 1 
    0.486156 6.200741e+21 6.543178e-01 1 
    0.486430 6.255874e+21 6.593922e-01 1 
    0.486704 6.362725e+21 6.698997e-01 1 
    0.486978 6.545388e+21 6.883561e-01 1 
    0.487253 6.588382e+21 6.920958e-01 1 
    0.487527 6.477335e+21 6.796658e-01 1 
    0.487801 6.485633e+21 6.797724e-01 1 
    0.488075 6.508274e+21 6.813796e-01 1 
    0.488350 6.733714e+21 7.041882e-01 1 
    0.488624 6.944064e+21 7.253716e-01 1 
    0.488898 7.072210e+21 7.379298e-01 1 
    0.489172 7.091505e+21 7.391143e-01 1 
    0.489447 6.937618e+21 7.222631e-01 1 
    0.489721 6.889694e+21 7.164715e-01 1 
    0.489995 6.908199e+21 7.175926e-01 1 
    0.490269 6.830769e+21 7.087568e-01 1 
    0.490544 6.768654e+21 7.015245e-01 1 
    0.490818 6.607555e+21 6.840632e-01 1 
    0.491092 6.544616e+21 6.767916e-01 1 
    0.491367 6.612303e+21 6.830260e-01 1 
    0.491641 6.817402e+21 7.034271e-01 1 
    0.491915 6.960386e+21 7.173806e-01 1 
    0.492189 7.057268e+21 7.265563e-01 1 
    0.492464 7.077676e+21 7.278437e-01 1 
    0.492738 6.969489e+21 7.159213e-01 1 
    0.493012 6.958501e+21 7.139982e-01 1 
    0.493286 7.128984e+21 7.306788e-01 1 
    0.493561 7.269480e+21 7.442488e-01 1 
    0.493835 7.445623e+21 7.614366e-01 1 
    0.494109 7.465485e+21 7.626214e-01 1 
    0.494383 7.406027e+21 7.557091e-01 1 
    0.494658 7.386868e+21 7.529163e-01 1 
    0.494932 7.306192e+21 7.438690e-01 1 
    0.495206 7.364804e+21 7.490069e-01 1 
    0.495480 7.316360e+21 7.432575e-01 1 
    0.495755 7.212172e+21 7.318606e-01 1 
    0.496029 7.214313e+21 7.312693e-01 1 
    0.496303 7.228766e+21 7.319255e-01 1 
    0.496577 7.215856e+21 7.298122e-01 1 
    0.496852 7.194115e+21 7.268080e-01 1 
    0.497126 6.922188e+21 6.985652e-01 1 
    0.497400 6.940943e+21 6.996863e-01 1 
    0.497674 7.025230e+21 7.074032e-01 1 
    0.497949 7.056725e+21 7.097900e-01 1 
    0.498223 7.249239e+21 7.283520e-01 1 
    0.498497 7.295559e+21 7.322003e-01 1 
    0.498771 7.203634e+21 7.221804e-01 1 
    0.499046 7.123529e+21 7.133628e-01 1 
    0.499320 7.148478e+21 7.150758e-01 1 
    0.499594 7.266350e+21 7.260697e-01 1 
    0.499868 7.370911e+21 7.357104e-01 1 
    0.500143 7.067523e+21 7.046529e-01 1 
    0.500417 6.789989e+21 6.762409e-01 1 
    0.500691 6.652085e+21 6.617815e-01 1 
    0.500965 6.706175e+21 6.664331e-01 1 
    0.501240 6.720973e+21 6.671711e-01 1 
    0.501514 6.896756e+21 6.838726e-01 1 
    0.501788 7.002480e+21 6.935980e-01 1 
    0.502062 7.118252e+21 7.042957e-01 1 
    0.502337 7.168596e+21 7.085006e-01 1 
    0.502611 7.072143e+21 6.982059e-01 1 
    0.502885 6.953602e+21 6.857549e-01 1 
    0.503159 6.946595e+21 6.843180e-01 1 
    0.503434 6.943428e+21 6.832590e-01 1 
    0.503708 7.107995e+21 6.986922e-01 1 
    0.503982 7.152339e+21 7.022869e-01 1 
    0.504256 7.205603e+21 7.067481e-01 1 
    0.504531 7.400518e+21 7.250748e-01 1 
    0.504805 7.543784e+21 7.383095e-01 1 
    0.505079 7.489707e+21 7.322218e-01 1 
    0.505353 7.419694e+21 7.245908e-01 1 
    0.505628 7.414747e+21 7.233202e-01 1 
    0.505902 7.294578e+21 7.108268e-01 1 
    0.506176 7.271650e+21 7.078257e-01 1 
    0.506450 7.193000e+21 6.994124e-01 1 
    0.506725 7.200357e+21 6.993681e-01 1 
    0.506999 7.183532e+21 6.969799e-01 1 
    0.507273 7.074173e+21 6.856282e-01 1 
    0.507547 7.226378e+21 6.996238e-01 1 
    0.507822 7.411033e+21 7.167244e-01 1 
    0.508096 7.551872e+21 7.295575e-01 1 
    0.508370 7.508326e+21 7.245689e-01 1 
    0.508644 7.375855e+21 7.110187e-01 1 
    0.508919 7.368663e+21 7.095579e-01 1 
    0.509193 7.224961e+21 6.949716e-01 1 
    0.509467 7.300950e+21 7.015259e-01 1 
    0.509741 7.282603e+21 6.990108e-01 1 
    0.510016 7.326601e+21 7.024757e-01 1 
    0.510290 7.381055e+21 7.069372e-01 1 
    0.510564 7.607745e+21 7.278669e-01 1 
    0.510839 7.673654e+21 7.333825e-01 1 
    0.511113 7.564755e+21 7.222000e-01 1 
    0.511387 7.373589e+21 7.031953e-01 1 
    0.511661 7.284967e+21 6.939999e-01 1 
    0.511936 7.235020e+21 6.885014e-01 1 
    0.512210 7.313716e+21 6.952459e-01 1 
    0.512484 7.358506e+21 6.987560e-01 1 
    0.512758 7.422101e+21 7.040417e-01 1 
    0.513033 7.446552e+21 7.056041e-01 1 
    0.513307 7.371656e+21 6.977617e-01 1 
    0.513581 7.263049e+21 6.867482e-01 1 
    0.513855 7.180608e+21 6.782293e-01 1 
    0.514130 7.164077e+21 6.759442e-01 1 
    0.514404 7.326487e+21 6.905316e-01 1 
    0.514678 7.448816e+21 7.013141e-01 1 
    0.514952 7.445293e+21 7.002365e-01 1 
    0.515227 7.236535e+21 6.798763e-01 1 
    0.515501 6.838554e+21 6.418030e-01 1 
    0.515775 6.460008e+21 6.056322e-01 1 
    0.516049 6.234598e+21 5.838792e-01 1 
    0.516324 6.304726e+21 5.898180e-01 1 
    0.516598 6.486517e+21 6.061814e-01 1 
    0.516872 6.675024e+21 6.231365e-01 1 
    0.517146 6.707272e+21 6.254838e-01 1 
    0.517421 6.710530e+21 6.251226e-01 1 
    0.517695 6.781937e+21 6.311059e-01 1 
    0.517969 7.051111e+21 6.554605e-01 1 
    0.518243 7.287378e+21 6.767072e-01 1 
    0.518518 7.491771e+21 6.949495e-01 1 
    0.518792 7.593920e+21 7.036811e-01 1 
    0.519066 7.643973e+21 7.075716e-01 1 
    0.519340 7.595125e+21 7.023084e-01 1 
    0.519615 7.330799e+21 6.771493e-01 1 
    0.519889 7.381383e+21 6.811032e-01 1 
    0.520163 7.489398e+21 6.903423e-01 1 
    0.520437 7.661226e+21 7.054372e-01 1 
    0.520712 7.904881e+21 7.271041e-01 1 
    0.520986 7.924944e+21 7.281831e-01 1 
    0.521260 7.836556e+21 7.193047e-01 1 
    0.521534 7.757654e+21 7.113144e-01 1 
    0.521809 7.624794e+21 6.983955e-01 1 
    0.522083 7.737705e+21 7.079939e-01 1 
    0.522357 7.780761e+21 7.111868e-01 1 
    0.522631 8.037830e+21 7.339136e-01 1 
    0.522906 8.236786e+21 7.512889e-01 1 
    0.523180 8.370486e+21 7.626844e-01 1 
    0.523454 8.364864e+21 7.613744e-01 1 
    0.523728 8.211343e+21 7.466191e-01 1 
    0.524003 8.189455e+21 7.438476e-01 1 
    0.524277 8.157023e+21 7.401275e-01 1 
    0.524551 8.154364e+21 7.391136e-01 1 
    0.524825 8.072770e+21 7.309540e-01 1 
    0.525100 7.892361e+21 7.138704e-01 1 
    0.525374 7.705012e+21 6.961976e-01 1 
    0.525648 7.432004e+21 6.708298e-01 1 
    0.525922 7.341289e+21 6.619513e-01 1 
    0.526197 7.519810e+21 6.773397e-01 1 
    0.526471 7.862683e+21 7.074867e-01 1 
    0.526745 8.094308e+21 7.275708e-01 1 
    0.527019 8.321693e+21 7.472322e-01 1 
    0.527294 8.430756e+21 7.562359e-01 1 
    0.527568 8.645256e+21 7.746711e-01 1 
    0.527842 8.727931e+21 7.812677e-01 1 
    0.528116 8.839844e+21 7.904645e-01 1 
    0.528391 8.894940e+21 7.945635e-01 1 
    0.528665 8.634102e+21 7.704643e-01 1 
    0.528939 8.662746e+21 7.722196e-01 1 
    0.529213 8.830315e+21 7.863423e-01 1 
    0.529488 8.992513e+21 7.999545e-01 1 
    0.529762 9.134575e+21 8.117516e-01 1 
    0.530036 9.251435e+21 8.212868e-01 1 
    0.530310 9.148255e+21 8.112881e-01 1 
    0.530585 9.108561e+21 8.069308e-01 1 
    0.530859 9.023623e+21 7.985812e-01 1 
    0.531133 8.791194e+21 7.772089e-01 1 
    0.531408 8.654019e+21 7.642898e-01 1 
    0.531682 8.486594e+21 7.487313e-01 1 
    0.531956 8.388371e+21 7.393033e-01 1 
    0.532230 8.421514e+21 7.414604e-01 1 
    0.532505 8.700842e+21 7.652625e-01 1 
    0.532779 8.961003e+21 7.873338e-01 1 
    0.533053 8.870757e+21 7.786036e-01 1 
    0.533327 8.891219e+21 7.795978e-01 1 
    0.533602 8.728040e+21 7.645014e-01 1 
    0.533876 8.968468e+21 7.847547e-01 1 
    0.534150 9.118925e+21 7.971015e-01 1 
    0.534424 9.312284e+21 8.131688e-01 1 
    0.534699 9.641984e+21 8.410931e-01 1 
    0.534973 9.714467e+21 8.465482e-01 1 
    0.535247 9.207658e+21 8.015620e-01 1 
    0.535521 9.141739e+21 7.950094e-01 1 
    0.535796 8.903625e+21 7.735073e-01 1 
    0.536070 8.883756e+21 7.709922e-01 1 
    0.536344 8.935764e+21 7.747138e-01 1 
    0.536618 9.123090e+21 7.901470e-01 1 
    0.536893 9.250922e+21 8.003980e-01 1 
    0.537167 9.219284e+21 7.968471e-01 1 
    0.537441 9.357976e+21 8.080100e-01 1 
    0.537715 9.174153e+21 7.913310e-01 1 
    0.537990 9.029196e+21 7.780314e-01 1 
    0.538264 8.965219e+21 7.717323e-01 1 
    0.538538 8.897163e+21 7.650949e-01 1 
    0.538812 8.823788e+21 7.580136e-01 1 
    0.539087 8.733251e+21 7.494707e-01 1 
    0.539361 8.643010e+21 7.409730e-01 1 
    0.539635 8.579724e+21 7.348006e-01 1 
    0.539909 8.651950e+21 7.402345e-01 1 
    0.540184 8.817310e+21 7.536143e-01 1 
    0.540458 9.127094e+21 7.793007e-01 1 
    0.540732 9.337858e+21 7.964887e-01 1 
    0.541006 9.238666e+21 7.872298e-01 1 
    0.541281 9.325769e+21 7.938446e-01 1 
    0.541555 9.244233e+21 7.861080e-01 1 
    0.541829 9.230952e+21 7.841848e-01 1 
    0.542103 9.137917e+21 7.754969e-01 1 
    0.542378 9.048171e+21 7.671020e-01 1 
    0.542652 9.196855e+21 7.789202e-01 1 
    0.542926 9.410291e+21 7.961928e-01 1 
    0.543200 9.348767e+21 7.901896e-01 1 
    0.543475 9.253807e+21 7.813718e-01 1 
    0.543749 9.132075e+21 7.703160e-01 1 
    0.544023 9.089609e+21 7.659619e-01 1 
    0.544297 9.115099e+21 7.673366e-01 1 
    0.544572 9.209504e+21 7.745011e-01 1 
    0.544846 9.192614e+21 7.723034e-01 1 
    0.545120 9.355016e+21 7.851574e-01 1 
    0.545394 9.301649e+21 7.798942e-01 1 
    0.545669 9.276934e+21 7.770382e-01 1 
    0.545943 9.260238e+21 7.748613e-01 1 
    0.546217 9.108953e+21 7.614379e-01 1 
    0.546491 9.089242e+21 7.590285e-01 1 
    0.546766 9.040338e+21 7.541853e-01 1 
    0.547040 9.141995e+21 7.619023e-01 1 
    0.547314 9.133391e+21 7.604232e-01 1 
    0.547588 9.397225e+21 7.816067e-01 1 
    0.547863 9.256784e+21 7.691529e-01 1 
    0.548137 9.286684e+21 7.708659e-01 1 
    0.548411 9.442822e+21 7.830436e-01 1 
    0.548685 9.468345e+21 7.843761e-01 1 
    0.548960 9.371803e+21 7.756007e-01 1 
    0.549234 9.380146e+21 7.755169e-01 1 
    0.549508 9.314009e+21 7.692811e-01 1 
    0.549782 9.338937e+21 7.705714e-01 1 
    0.550057 9.335434e+21 7.695124e-01 1 
    0.550331 9.321640e+21 7.676103e-01 1 
    0.550605 9.442976e+21 7.768283e-01 1 
    0.550880 9.592065e+21 7.883055e-01 1 
    0.551154 9.651056e+21 7.923652e-01 1 
    0.551428 9.633600e+21 7.901462e-01 1 
    0.551702 9.565525e+21 7.837836e-01 1 
    0.551977 9.527776e+21 7.799127e-01 1 
    0.552251 9.549139e+21 7.808861e-01 1 
    0.552525 9.589419e+21 7.834024e-01 1 
    0.552799 9.741668e+21 7.950514e-01 1 
    0.553074 9.799824e+21 7.990026e-01 1 
    0.553348 9.925043e+21 8.084109e-01 1 
    0.553622 9.641565e+21 7.845439e-01 1 
    0.553896 9.899217e+21 8.047127e-01 1 
    0.554171 9.766369e+21 7.931256e-01 1 
    0.554445 9.987365e+21 8.102712e-01 1 
    0.554719 9.792754e+21 7.936979e-01 1 
    0.554993 9.510538e+21 7.700635e-01 1 
    0.555268 9.666297e+21 7.819001e-01 1 
    0.555542 9.614631e+21 7.769540e-01 1 
    0.555816 9.589821e+21 7.741851e-01 1 
    0.556090 9.650665e+21 7.783295e-01 1 
    0.556365 9.712400e+21 7.825344e-01 1 
    0.556639 9.813903e+21 7.899342e-01 1 
    0.556913 9.612991e+21 7.730014e-01 1 
    0.557187 9.728515e+21 7.815217e-01 1 
    0.557462 9.529993e+21 7.648186e-01 1 
    0.557736 9.359279e+21 7.503805e-01 1 
    0.558010 9.309100e+21 7.456245e-01 1 
    0.558284 9.502135e+21 7.603390e-01 1 
    0.558559 9.277164e+21 7.416066e-01 1 
    0.558833 9.528757e+21 7.609718e-01 1 
    0.559107 9.653111e+21 7.701475e-01 1 
    0.559381 9.722527e+21 7.749259e-01 1 
    0.559656 9.853395e+21 7.845850e-01 1 
    0.559930 9.914346e+21 7.886659e-01 1 
    0.560204 1.009644e+22 8.023656e-01 1 
    0.560478 9.821144e+21 7.797249e-01 1 
    0.560753 9.761991e+21 7.742687e-01 1 
    0.561027 9.831038e+21 7.789836e-01 1 
    0.561301 9.852136e+21 7.798934e-01 1 
    0.561575 9.871924e+21 7.806974e-01 1 
    0.561850 9.978701e+21 7.883693e-01 1 
    0.562124 9.992731e+21 7.887082e-01 1 
    0.562398 9.979695e+21 7.869121e-01 1 
    0.562672 1.002029e+22 7.893438e-01 1 
    0.562947 1.001851e+22 7.884327e-01 1 
    0.563221 9.979337e+21 7.845859e-01 1 
    0.563495 9.988789e+21 7.845654e-01 1 
    0.563769 1.009119e+22 7.918385e-01 1 
    0.564044 1.015441e+22 7.960222e-01 1 
    0.564318 1.002230e+22 7.849030e-01 1 
    0.564592 9.887215e+21 7.735725e-01 1 
    0.564866 9.729676e+21 7.605082e-01 1 
    0.565141 9.817096e+21 7.665948e-01 1 
    0.565415 9.882722e+21 7.709716e-01 1 
    0.565689 9.894482e+21 7.711414e-01 1 
    0.565963 1.016880e+22 7.917541e-01 1 
    0.566238 1.017377e+22 7.913714e-01 1 
    0.566512 1.033488e+22 8.031261e-01 1 
    0.566786 1.030568e+22 8.000828e-01 1 
    0.567060 1.029549e+22 7.985190e-01 1 
    0.567335 1.026616e+22 7.954727e-01 1 
    0.567609 1.013763e+22 7.847553e-01 1 
    0.567883 1.032566e+22 7.985394e-01 1 
    0.568157 1.038735e+22 8.025358e-01 1 
    0.568432 1.036752e+22 8.002294e-01 1 
    0.568706 1.040221e+22 8.021327e-01 1 
    0.568980 1.030494e+22 7.938676e-01 1 
    0.569254 1.008689e+22 7.763216e-01 1 
    0.569529 1.017662e+22 7.824714e-01 1 
    0.569803 1.002680e+22 7.702107e-01 1 
    0.570077 1.010918e+22 7.757924e-01 1 
    0.570352 1.013325e+22 7.768896e-01 1 
    0.570626 1.032434e+22 7.907796e-01 1 
    0.570900 1.052240e+22 8.051770e-01 1 
    0.571174 1.080657e+22 8.261279e-01 1 
    0.571449 1.079148e+22 8.241808e-01 1 
    0.571723 1.086141e+22 8.287267e-01 1 
    0.571997 1.074676e+22 8.191932e-01 1 
    0.572271 1.085450e+22 8.266142e-01 1 
    0.572546 1.078210e+22 8.203122e-01 1 
    0.572820 1.084639e+22 8.244142e-01 1 
    0.573094 1.087126e+22 8.255142e-01 1 
    0.573368 1.102351e+22 8.362754e-01 1 
    0.573643 1.086837e+22 8.237158e-01 1 
    0.573917 1.065624e+22 8.068676e-01 1 
    0.574191 1.064770e+22 8.054519e-01 1 
    0.574465 1.083887e+22 8.191306e-01 1 
    0.574740 1.061542e+22 8.014762e-01 1 
    0.575014 1.078867e+22 8.137806e-01 1 
    0.575288 1.081102e+22 8.146904e-01 1 
    0.575562 1.070901e+22 8.062348e-01 1 
    0.575837 1.096881e+22 8.250055e-01 1 
    0.576111 1.089261e+22 8.184950e-01 1 
    0.576385 1.078274e+22 8.094688e-01 1 
    0.576659 1.078144e+22 8.086027e-01 1 
    0.576934 1.058066e+22 7.927876e-01 1 
    0.577208 1.031593e+22 7.722185e-01 1 
    0.577482 1.041987e+22 7.792591e-01 1 
    0.577756 1.054295e+22 7.877159e-01 1 
    0.578031 1.064671e+22 7.947114e-01 1 
    0.578305 1.084958e+22 8.090876e-01 1 
    0.578579 1.097933e+22 8.179884e-01 1 
    0.578853 1.094430e+22 8.146067e-01 1 
    0.579128 1.118808e+22 8.319609e-01 1 
    0.579402 1.124022e+22 8.350480e-01 1 
    0.579676 1.117938e+22 8.297426e-01 1 
    0.579950 1.118083e+22 8.290667e-01 1 
    0.580225 1.122737e+22 8.317283e-01 1 
    0.580499 1.109888e+22 8.214336e-01 1 
    0.580773 1.123574e+22 8.307784e-01 1 
    0.581047 1.132391e+22 8.365082e-01 1 
    0.581322 1.147496e+22 8.468649e-01 1 
    0.581596 1.145597e+22 8.446671e-01 1 
    0.581870 1.138872e+22 8.389175e-01 1 
    0.582144 1.132994e+22 8.338024e-01 1 
    0.582419 1.135557e+22 8.348995e-01 1 
    0.582693 1.140080e+22 8.374370e-01 1 
    0.582967 1.141960e+22 8.380298e-01 1 
    0.583241 1.134932e+22 8.320899e-01 1 
    0.583516 1.142696e+22 8.369924e-01 1 
    0.583790 1.116586e+22 8.171000e-01 1 
    0.584064 1.106271e+22 8.087925e-01 1 
    0.584338 1.093244e+22 7.985189e-01 1 
    0.584613 1.076048e+22 7.852195e-01 1 
    0.584887 1.073375e+22 7.825353e-01 1 
    0.585161 1.100765e+22 8.017528e-01 1 
    0.585435 1.126288e+22 8.195748e-01 1 
    0.585710 1.113764e+22 8.097002e-01 1 
    0.585984 1.122957e+22 8.156203e-01 1 
    0.586258 1.063672e+22 7.718390e-01 1 
    0.586532 1.033349e+22 7.491347e-01 1 
    0.586807 1.026289e+22 7.433192e-01 1 
    0.587081 1.022281e+22 7.397260e-01 1 
    0.587355 9.812148e+21 7.093478e-01 1 
    0.587629 9.314939e+21 6.727753e-01 1 
    0.587904 8.745010e+21 6.310212e-01 1 
    0.588178 8.280748e+21 5.969645e-01 1 
    0.588452 8.473978e+21 6.103258e-01 1 
    0.588726 9.106782e+21 6.552922e-01 1 
    0.589001 9.594602e+21 6.897494e-01 1 
    0.589275 1.035176e+22 7.434891e-01 1 
    0.589549 1.066456e+22 7.652432e-01 1 
    0.589824 1.084228e+22 7.772702e-01 1 
    0.590098 1.096748e+22 7.855156e-01 1 
    0.590372 1.105980e+22 7.913933e-01 1 
    0.590646 1.120759e+22 8.012244e-01 1 
    0.590921 1.122096e+22 8.014338e-01 1 
    0.591195 1.101688e+22 7.861288e-01 1 
    0.591469 1.118457e+22 7.973550e-01 1 
    0.591743 1.119762e+22 7.975459e-01 1 
    0.592018 1.117532e+22 7.952185e-01 1 
    0.592292 1.102272e+22 7.836343e-01 1 
    0.592566 1.112728e+22 7.903365e-01 1 
    0.592840 1.125109e+22 7.983917e-01 1 
    0.593115 1.132800e+22 8.031040e-01 1 
    0.593389 1.131191e+22 8.012231e-01 1 
    0.593663 1.139676e+22 8.064879e-01 1 
    0.593937 1.141835e+22 8.072706e-01 1 
    0.594212 1.111075e+22 7.847963e-01 1 
    0.594486 1.120489e+22 7.907164e-01 1 
    0.594760 1.133667e+22 7.992789e-01 1 
    0.595034 1.124898e+22 7.923667e-01 1 
    0.595309 1.140265e+22 8.024487e-01 1 
    0.595583 1.159597e+22 8.153028e-01 1 
    0.595857 1.145346e+22 8.045430e-01 1 
    0.596131 1.141642e+22 8.012034e-01 1 
    0.596406 1.154300e+22 8.093405e-01 1 
    0.596680 1.146942e+22 8.034431e-01 1 
    0.596954 1.135340e+22 7.945858e-01 1 
    0.597228 1.128856e+22 7.893226e-01 1 
    0.597503 1.126110e+22 7.866780e-01 1 
    0.597777 1.143500e+22 7.980945e-01 1 
    0.598051 1.146157e+22 7.992156e-01 1 
    0.598325 1.162775e+22 8.100614e-01 1 
    0.598600 1.154213e+22 8.033578e-01 1 
    0.598874 1.152018e+22 8.010964e-01 1 
    0.599148 1.158064e+22 8.045642e-01 1 
    0.599422 1.147825e+22 7.967217e-01 1 
    0.599697 1.145857e+22 7.946268e-01 1 
    0.599971 1.141596e+22 7.909491e-01 1 
    0.600245 1.140167e+22 7.892374e-01 1 
    0.600519 1.145488e+22 7.921978e-01 1 
    0.600794 1.137784e+22 7.861496e-01 1 
    0.601068 1.152022e+22 7.952617e-01 1 
    0.601342 1.159357e+22 7.995963e-01 1 
    0.601616 1.166122e+22 8.035290e-01 1 
    0.601891 1.163009e+22 8.006519e-01 1 
    0.602165 1.180882e+22 8.122165e-01 1 
    0.602439 1.193033e+22 8.198277e-01 1 
    0.602713 1.216721e+22 8.353457e-01 1 
    0.602988 1.208890e+22 8.292128e-01 1 
    0.603262 1.206720e+22 8.269726e-01 1 
    0.603536 1.217451e+22 8.335691e-01 1 
    0.603810 1.221617e+22 8.356627e-01 1 
    0.604085 1.211870e+22 8.282403e-01 1 
    0.604359 1.202568e+22 8.211379e-01 1 
    0.604633 1.197648e+22 8.170372e-01 1 
    0.604907 1.198766e+22 8.170592e-01 1 
    0.605182 1.194265e+22 8.132519e-01 1 
    0.605456 1.207435e+22 8.214761e-01 1 
    0.605730 1.215962e+22 8.265295e-01 1 
    0.606004 1.221702e+22 8.296800e-01 1 
    0.606279 1.225955e+22 8.318131e-01 1 
    0.606553 1.219330e+22 8.265711e-01 1 
    0.606827 1.214346e+22 8.224493e-01 1 
    0.607101 1.202229e+22 8.135077e-01 1 
    0.607376 1.192339e+22 8.060854e-01 1 
    0.607650 1.188471e+22 8.027457e-01 1 
    0.607924 1.183247e+22 7.984971e-01 1 
    0.608198 1.190586e+22 8.027259e-01 1 
    0.608473 1.214099e+22 8.178394e-01 1 
    0.608747 1.210891e+22 8.149438e-01 1 
    0.609021 1.219024e+22 8.196800e-01 1 
    0.609296 1.237304e+22 8.312207e-01 1 
    0.609570 1.217316e+22 8.170572e-01 1 
    0.609844 1.212453e+22 8.130624e-01 1 
    0.610118 1.211619e+22 8.117735e-01 1 
    0.610393 1.219720e+22 8.164646e-01 1 
    0.610667 1.210258e+22 8.094044e-01 1 
    0.610941 1.199449e+22 8.014563e-01 1 
    0.611215 1.204897e+22 8.043743e-01 1 
    0.611490 1.207024e+22 8.050700e-01 1 
    0.611764 1.197511e+22 7.980097e-01 1 
    0.612038 1.206587e+22 8.033378e-01 1 
    0.612312 1.199246e+22 7.977362e-01 1 
    0.612587 1.201307e+22 7.983897e-01 1 
    0.612861 1.189138e+22 7.895960e-01 1 
    0.613135 1.199890e+22 7.960232e-01 1 
    0.613409 1.228553e+22 8.143105e-01 1 
    0.613684 1.231439e+22 8.154924e-01 1 
    0.613958 1.216724e+22 8.050284e-01 1 
    0.614232 1.197856e+22 7.918376e-01 1 
    0.614506 1.189099e+22 7.853480e-01 1 
    0.614781 1.157290e+22 7.636560e-01 1 
    0.615055 1.143412e+22 7.538264e-01 1 
    0.615329 1.123346e+22 7.399377e-01 1 
    0.615603 1.108478e+22 7.294949e-01 1 
    0.615878 1.136474e+22 7.472511e-01 1 
    0.616152 1.146626e+22 7.532556e-01 1 
    0.616426 1.163687e+22 7.637842e-01 1 
    0.616700 1.172556e+22 7.689219e-01 1 
    0.616975 1.183086e+22 7.751353e-01 1 
    0.617249 1.184654e+22 7.754741e-01 1 
    0.617523 1.179727e+22 7.715639e-01 1 
    0.617797 1.172720e+22 7.663005e-01 1 
    0.618072 1.178036e+22 7.690892e-01 1 
    0.618346 1.179114e+22 7.691110e-01 1 
    0.618620 1.179738e+22 7.688368e-01 1 
    0.618894 1.196823e+22 7.792809e-01 1 
    0.619169 1.200387e+22 7.809068e-01 1 
    0.619443 1.203564e+22 7.822815e-01 1 
    0.619717 1.201245e+22 7.800835e-01 1 
    0.619991 1.181032e+22 7.662794e-01 1 
    0.620266 1.174413e+22 7.613096e-01 1 
    0.620540 1.174146e+22 7.604646e-01 1 
    0.620814 1.149179e+22 7.436374e-01 1 
    0.621088 1.134369e+22 7.334061e-01 1 
    0.621363 1.154582e+22 7.458137e-01 1 
    0.621637 1.166836e+22 7.530654e-01 1 
    0.621911 1.158949e+22 7.473159e-01 1 
    0.622185 1.166435e+22 7.514811e-01 1 
    0.622460 1.169172e+22 7.525786e-01 1 
    0.622734 1.154654e+22 7.425799e-01 1 
    0.623008 1.153302e+22 7.410583e-01 1 
    0.623282 1.168708e+22 7.502974e-01 1 
    0.623557 1.163310e+22 7.461732e-01 1 
    0.623831 1.160969e+22 7.440174e-01 1 
    0.624105 1.156905e+22 7.407624e-01 1 
    0.624379 1.152503e+22 7.372960e-01 1 
    0.624654 1.142865e+22 7.304870e-01 1 
    0.624928 1.137646e+22 7.265132e-01 1 
    0.625202 1.131918e+22 7.222222e-01 1 
    0.625476 1.213661e+22 7.737000e-01 1 
    0.625751 1.240382e+22 7.900397e-01 1 
    0.626025 1.174166e+22 7.472096e-01 1 
    0.626299 1.180481e+22 7.505716e-01 1 
    0.626573 1.189003e+22 7.553289e-01 1 
    0.626848 1.214459e+22 7.708231e-01 1 
    0.627122 1.214355e+22 7.700837e-01 1 
    0.627396 1.220455e+22 7.732766e-01 1 
    0.627670 1.240257e+22 7.851370e-01 1 
    0.627945 1.222757e+22 7.733810e-01 1 
    0.628219 1.192781e+22 7.537633e-01 1 
    0.628493 1.211602e+22 7.649895e-01 1 
    0.628767 1.230488e+22 7.762369e-01 1 
    0.629042 1.245615e+22 7.850929e-01 1 
    0.629316 1.248716e+22 7.863619e-01 1 
    0.629590 1.245101e+22 7.834030e-01 1 
    0.629865 1.242722e+22 7.812237e-01 1 
    0.630139 1.246463e+22 7.828943e-01 1 
    0.630413 1.237981e+22 7.768911e-01 1 
    0.630687 1.227966e+22 7.699364e-01 1 
    0.630962 1.236863e+22 7.748392e-01 1 
    0.631236 1.252158e+22 7.837400e-01 1 
    0.631510 1.257877e+22 7.866368e-01 1 
    0.631784 1.266177e+22 7.911404e-01 1 
    0.632059 1.254645e+22 7.832532e-01 1 
    0.632333 1.265428e+22 7.893000e-01 1 
    0.632607 1.261098e+22 7.859181e-01 1 
    0.632881 1.313832e+22 8.180734e-01 1 
    0.633156 1.284354e+22 7.990239e-01 1 
    0.633430 1.272237e+22 7.908010e-01 1 
    0.633704 1.306290e+22 8.112656e-01 1 
    0.633978 1.259962e+22 7.818176e-01 1 
    0.634253 1.254130e+22 7.775242e-01 1 
    0.634527 1.252416e+22 7.757912e-01 1 
    0.634801 1.247658e+22 7.721769e-01 1 
    0.635075 1.254582e+22 7.757925e-01 1 
    0.635350 1.284169e+22 7.934007e-01 1 
    0.635624 1.316031e+22 8.123854e-01 1 
    0.635898 1.298898e+22 8.011182e-01 1 
    0.636172 1.347155e+22 8.301658e-01 1 
    0.636447 1.325415e+22 8.160632e-01 1 
    0.636721 1.287347e+22 7.919427e-01 1 
    0.636995 1.317451e+22 8.097647e-01 1 
    0.637269 1.316210e+22 8.083066e-01 1 
    0.637544 1.312520e+22 8.053451e-01 1 
    0.637818 1.312787e+22 8.048172e-01 1 
    0.638092 1.320094e+22 8.086020e-01 1 
    0.638366 1.306929e+22 7.998504e-01 1 
    0.638641 1.303938e+22 7.973329e-01 1 
    0.638915 1.300110e+22 7.943104e-01 1 
    0.639189 1.313174e+22 8.016045e-01 1 
    0.639463 1.326190e+22 8.088564e-01 1 
    0.639738 1.322124e+22 8.056834e-01 1 
    0.640012 1.290655e+22 7.858331e-01 1 
    0.640286 1.300553e+22 7.911824e-01 1 
    0.640560 1.302711e+22 7.918171e-01 1 
    0.640835 1.307343e+22 7.939505e-01 1 
    0.641109 1.318914e+22 8.002933e-01 1 
    0.641383 1.326703e+22 8.043317e-01 1 
    0.641657 1.315169e+22 7.966584e-01 1 
    0.641932 1.304767e+22 7.896802e-01 1 
    0.642206 1.322418e+22 7.996803e-01 1 
    0.642480 1.317249e+22 7.958756e-01 1 
    0.642754 1.329790e+22 8.027679e-01 1 
    0.643029 1.336814e+22 8.063177e-01 1 
    0.643303 1.326694e+22 7.995324e-01 1 
    0.643577 1.329897e+22 8.007802e-01 1 
    0.643851 1.303516e+22 7.842278e-01 1 
    0.644126 1.292424e+22 7.768903e-01 1 
    0.644400 1.311652e+22 7.877782e-01 1 
    0.644674 1.318300e+22 7.910979e-01 1 
    0.644948 1.335817e+22 8.009289e-01 1 
    0.645223 1.377923e+22 8.254710e-01 1 
    0.645497 1.387607e+22 8.305666e-01 1 
    0.645771 1.371253e+22 8.200816e-01 1 
    0.646045 1.347936e+22 8.054529e-01 1 
    0.646320 1.368485e+22 8.170360e-01 1 
    0.646594 1.369008e+22 8.166562e-01 1 
    0.646868 1.379073e+22 8.219630e-01 1 
    0.647142 1.383579e+22 8.239509e-01 1 
    0.647417 1.370221e+22 8.153026e-01 1 
    0.647691 1.370244e+22 8.146266e-01 1 
    0.647965 1.344463e+22 7.986240e-01 1 
    0.648239 1.313437e+22 7.795347e-01 1 
    0.648514 1.282500e+22 7.605276e-01 1 
    0.648788 1.265067e+22 7.495564e-01 1 
    0.649062 1.308382e+22 7.745661e-01 1 
    0.649337 1.344156e+22 7.950706e-01 1 
    0.649611 1.372584e+22 8.112014e-01 1 
    0.649885 1.402169e+22 8.279876e-01 1 
    0.650159 1.406363e+22 8.297641e-01 1 
    0.650434 1.416084e+22 8.347936e-01 1 
    0.650708 1.404860e+22 8.274795e-01 1 
    0.650982 1.407949e+22 8.286008e-01 1 
    0.651256 1.415750e+22 8.324911e-01 1 
    0.651531 1.407300e+22 8.268236e-01 1 
    0.651805 1.401570e+22 8.227654e-01 1 
    0.652079 1.407508e+22 8.255564e-01 1 
    0.652353 1.421931e+22 8.333158e-01 1 
    0.652628 1.408035e+22 8.244772e-01 1 
    0.652902 1.434693e+22 8.393817e-01 1 
    0.653176 1.460020e+22 8.534832e-01 1 
    0.653450 1.482493e+22 8.658932e-01 1 
    0.653725 1.528041e+22 8.917460e-01 1 
    0.653999 1.501008e+22 8.752359e-01 1 
    0.654273 1.447112e+22 8.431032e-01 1 
    0.654547 1.454209e+22 8.465284e-01 1 
    0.654822 1.649592e+22 9.594588e-01 1 
    0.655096 1.980877e+22 1.151182e+00 1 
    0.655370 2.133773e+22 1.239001e+00 1 
    0.655644 1.885959e+22 1.094189e+00 1 
    0.655919 1.549547e+22 8.982574e-01 1 
    0.656193 1.379334e+22 7.989189e-01 1 
    0.656467 1.385273e+22 8.016891e-01 1 
    0.656741 1.496696e+22 8.654493e-01 1 
    0.657016 1.635380e+22 9.448508e-01 1 
    0.657290 1.771951e+22 1.022902e+00 1 
    0.657564 1.741470e+22 1.004468e+00 1 
    0.657838 1.562666e+22 9.005849e-01 1 
    0.658113 1.432280e+22 8.247522e-01 1 
    0.658387 1.380747e+22 7.944162e-01 1 
    0.658661 1.378514e+22 7.924719e-01 1 
    0.658935 1.360855e+22 7.816696e-01 1 
    0.659210 1.361583e+22 7.814353e-01 1 
    0.659484 1.363417e+22 7.818377e-01 1 
    0.659758 1.361193e+22 7.799144e-01 1 
    0.660032 1.391904e+22 7.968486e-01 1 
    0.660307 1.398679e+22 8.000602e-01 1 
    0.660581 1.399434e+22 7.998281e-01 1 
    0.660855 1.403039e+22 8.012241e-01 1 
    0.661129 1.395683e+22 7.963623e-01 1 
    0.661404 1.394653e+22 7.951132e-01 1 
    0.661678 1.384973e+22 7.889410e-01 1 
    0.661952 1.378544e+22 7.846287e-01 1 
    0.662226 1.400913e+22 7.967008e-01 1 
    0.662501 1.369260e+22 7.780530e-01 1 
    0.662775 1.379814e+22 7.834021e-01 1 
    0.663049 1.403465e+22 7.961715e-01 1 
    0.663323 1.400635e+22 7.939102e-01 1 
    0.663598 1.405788e+22 7.961704e-01 1 
    0.663872 1.431718e+22 8.101870e-01 1 
    0.664146 1.422021e+22 8.040358e-01 1 
    0.664420 1.427986e+22 8.067424e-01 1 
    0.664695 1.414634e+22 7.985381e-01 1 
    0.664969 1.418275e+22 7.999340e-01 1 
    0.665243 1.408679e+22 7.938672e-01 1 
    0.665517 1.419940e+22 7.995548e-01 1 
    0.665792 1.437681e+22 8.088758e-01 1 
    0.666066 1.436835e+22 8.077348e-01 1 
    0.666340 1.432034e+22 8.043742e-01 1 
    0.666614 1.414229e+22 7.937199e-01 1 
    0.666889 1.442121e+22 8.087068e-01 1 
    0.667163 1.443874e+22 8.090246e-01 1 
    0.667437 1.440379e+22 8.064037e-01 1 
    0.667711 1.444472e+22 8.080321e-01 1 
    0.667986 1.437338e+22 8.033794e-01 1 
    0.668260 1.437232e+22 8.026613e-01 1 
    0.668534 1.436176e+22 8.014146e-01 1 
    0.668809 1.416160e+22 7.895953e-01 1 
    0.669083 1.413072e+22 7.872282e-01 1 
    0.669357 1.440967e+22 8.021116e-01 1 
    0.669631 1.431163e+22 7.960026e-01 1 
    0.669906 1.433857e+22 7.968464e-01 1 
    0.670180 1.473750e+22 8.183470e-01 1 
    0.670454 1.541751e+22 8.554068e-01 1 
    0.670728 1.574664e+22 8.729540e-01 1 
    0.671003 1.523933e+22 8.441378e-01 1 
    0.671277 1.499129e+22 8.297205e-01 1 
    0.671551 1.469390e+22 8.125975e-01 1 
    0.671825 1.497065e+22 8.272271e-01 1 
    0.672100 1.541402e+22 8.510296e-01 1 
    0.672374 1.512348e+22 8.343080e-01 1 
    0.672648 1.442783e+22 7.952833e-01 1 
    0.672922 1.418819e+22 7.814369e-01 1 
    0.673197 1.411294e+22 7.766574e-01 1 
    0.673471 1.414635e+22 7.778631e-01 1 
    0.673745 1.406053e+22 7.725150e-01 1 
    0.674019 1.395375e+22 7.660256e-01 1 
    0.674294 1.403795e+22 7.700194e-01 1 
    0.674568 1.419402e+22 7.779476e-01 1 
    0.674842 1.430323e+22 7.832968e-01 1 
    0.675116 1.410932e+22 7.720506e-01 1 
    0.675391 1.428589e+22 7.810759e-01 1 
    0.675665 1.437412e+22 7.852623e-01 1 
    0.675939 1.443807e+22 7.881168e-01 1 
    0.676213 1.444126e+22 7.876523e-01 1 
    0.676488 1.455539e+22 7.932317e-01 1 
    0.676762 1.466386e+22 7.984962e-01 1 
    0.677036 1.453976e+22 7.910977e-01 1 
    0.677310 1.452510e+22 7.896607e-01 1 
    0.677585 1.430569e+22 7.771015e-01 1 
    0.677859 1.420939e+22 7.712462e-01 1 
    0.678133 1.428248e+22 7.745870e-01 1 
    0.678407 1.422849e+22 7.710361e-01 1 
    0.678682 1.443834e+22 7.817737e-01 1 
    0.678956 1.450589e+22 7.847973e-01 1 
    0.679230 1.450666e+22 7.842060e-01 1 
    0.679504 1.436260e+22 7.757925e-01 1 
    0.679779 1.442199e+22 7.783700e-01 1 
    0.680053 1.453438e+22 7.838038e-01 1 
    0.680327 1.449039e+22 7.808023e-01 1 
    0.680601 1.446948e+22 7.790483e-01 1 
    0.680876 1.430706e+22 7.696814e-01 1 
    0.682055 1.465244e+22 7.855385e-01 0 
    0.683627 1.475372e+22 7.873348e-01 0 
    0.685203 1.495871e+22 7.946065e-01 0 
    0.686783 1.431810e+22 7.570815e-01 0 
    0.688366 1.468545e+22 7.729383e-01 0 
    0.689953 1.499251e+22 7.854740e-01 0 
    0.691544 1.502686e+22 7.836551e-01 0 
    0.693138 1.516584e+22 7.872694e-01 0 
    0.694735 1.548335e+22 8.000608e-01 0 
    0.696337 1.551870e+22 7.982019e-01 0 
    0.697942 1.580708e+22 8.092998e-01 0 
    0.699551 1.566183e+22 7.981790e-01 0 
    0.701164 1.541116e+22 7.817943e-01 0 
    0.702780 1.606340e+22 8.111387e-01 0 
    0.704400 1.595251e+22 8.018382e-01 0 
    0.706024 1.576966e+22 7.890049e-01 0 
    0.707652 1.544598e+22 7.692587e-01 0 
    0.709283 1.530407e+22 7.586898e-01 0 
    0.710918 1.548136e+22 7.639527e-01 0 
    0.712557 1.555238e+22 7.639307e-01 0 
    0.714199 1.544516e+22 7.551796e-01 0 
    0.715846 1.558769e+22 7.586456e-01 0 
    0.717496 1.555187e+22 7.534251e-01 0 
    0.719150 1.512786e+22 7.295162e-01 0 
    0.720808 1.523247e+22 7.311853e-01 0 
    0.722469 1.617217e+22 7.727272e-01 0 
    0.724135 1.598679e+22 7.603590e-01 0 
    0.725804 1.613427e+22 7.638480e-01 0 
    0.727477 1.697267e+22 7.998491e-01 0 
    0.729154 1.654764e+22 7.762362e-01 0 
    0.730835 1.673904e+22 7.816068e-01 0 
    0.732520 1.693273e+22 7.870175e-01 0 
    0.734209 1.744679e+22 8.071841e-01 0 
    0.735901 1.736665e+22 7.997859e-01 0 
    0.737597 1.777101e+22 8.146484e-01 0 
    0.739298 1.736612e+22 7.924285e-01 0 
    0.741002 1.818446e+22 8.259580e-01 0 
    0.742710 1.793454e+22 8.108644e-01 0 
    0.744422 1.847909e+22 8.316463e-01 0 
    0.746139 1.869323e+22 8.374162e-01 0 
    0.747859 1.839405e+22 8.202275e-01 0 
    0.749582 1.864947e+22 8.277987e-01 0 
    0.751311 1.860638e+22 8.220892e-01 0 
    0.753043 1.864897e+22 8.201849e-01 0 
    0.754778 1.921555e+22 8.412226e-01 0 
    0.756519 1.886425e+22 8.220465e-01 0 
    0.758262 1.917061e+22 8.315603e-01 0 
    0.760010 1.860498e+22 8.033171e-01 0 
    0.761762 1.869038e+22 8.032965e-01 0 
    0.763518 1.930292e+22 8.258116e-01 0 
    0.765278 1.895015e+22 8.069949e-01 0 
    0.767042 1.756341e+22 7.445040e-01 0 
    0.768811 1.843314e+22 7.777795e-01 0 
    0.770583 1.856049e+22 7.795556e-01 0 
    0.772359 1.826337e+22 7.635526e-01 0 
    0.774140 1.877488e+22 7.813301e-01 0 
    0.775925 1.834715e+22 7.600208e-01 0 
    0.777713 1.886093e+22 7.777156e-01 0 
    0.779506 1.843140e+22 7.565120e-01 0 
    0.781303 1.912291e+22 7.812888e-01 0 
    0.783104 1.952308e+22 7.939733e-01 0 
    0.784909 1.952284e+22 7.903163e-01 0 
    0.786719 1.993139e+22 8.031466e-01 0 
    0.788532 1.952219e+22 7.830442e-01 0 
    0.790350 1.912142e+22 7.634450e-01 0 
    0.792172 1.877244e+22 7.460676e-01 0 
    0.793998 1.898948e+22 7.512260e-01 0 
    0.795828 1.943149e+22 7.651808e-01 0 
    0.797663 1.992942e+22 7.811821e-01 0 
    0.799502 1.970120e+22 7.686880e-01 0 
    0.801345 2.020637e+22 7.847758e-01 0 
    0.803192 2.034610e+22 7.865728e-01 0 
    0.805044 2.077185e+22 7.993415e-01 0 
    0.806900 2.101178e+22 8.048591e-01 0 
    0.808759 2.062805e+22 7.865321e-01 0 
    0.810624 2.025096e+22 7.686048e-01 0 
    0.812493 2.057998e+22 7.775029e-01 0 
    0.814366 2.091388e+22 7.864874e-01 0 
    0.816243 2.067442e+22 7.739105e-01 0 
    0.818125 2.145012e+22 7.992577e-01 0 
    0.820011 2.135077e+22 7.919005e-01 0 
    0.821901 2.164742e+22 7.992150e-01 0 
    0.823796 1.894128e+22 6.960915e-01 0 
    0.825695 2.220198e+22 8.121734e-01 0 
    0.827598 2.245891e+22 8.177983e-01 0 
    0.829506 2.159671e+22 7.827894e-01 0 
    0.831418 2.062409e+22 7.441019e-01 0 
    0.833335 2.169528e+22 7.791525e-01 0 
    0.835256 2.189594e+22 7.827459e-01 0 
    0.837181 2.154550e+22 7.666805e-01 0 
    0.839111 2.095799e+22 7.423473e-01 0 
    0.841046 2.194514e+22 7.737404e-01 0 
    0.842984 2.209703e+22 7.755176e-01 0 
    0.844927 2.144498e+22 7.491760e-01 0 
    0.846875 2.204552e+22 7.666164e-01 0 
    0.848828 2.199461e+22 7.613306e-01 0 
    0.850784 1.775458e+22 6.117420e-01 0 
    0.852745 2.144368e+22 7.354571e-01 0 
    0.854711 1.859075e+22 6.346797e-01 0 
    0.856682 2.194257e+22 7.456666e-01 0 
    0.858656 2.245320e+22 7.595149e-01 0 
    0.860636 2.184110e+22 7.354140e-01 0 
    0.862620 2.250452e+22 7.542706e-01 0 
    0.864608 2.276428e+22 7.594722e-01 0 
    0.866601 2.109834e+22 7.006586e-01 0 
    0.868599 2.163960e+22 7.153310e-01 0 
    0.870602 2.250271e+22 7.404436e-01 0 
    0.872608 2.286801e+22 7.490080e-01 0 
    0.874620 2.271030e+22 7.404241e-01 0 
    0.876636 2.276239e+22 7.387127e-01 0 
    0.878657 2.367041e+22 7.646512e-01 0 
    0.880683 2.356139e+22 7.576316e-01 0 
    0.882713 2.388878e+22 7.646301e-01 0 
    0.884748 2.291880e+22 7.302122e-01 0 
    0.886787 2.345187e+22 7.437641e-01 0 
    0.888832 2.255161e+22 7.119256e-01 0 
    0.890880 2.302300e+22 7.234691e-01 0 
    0.892934 2.307592e+22 7.217997e-01 0 
    0.894993 2.328903e+22 7.251178e-01 0 
    0.897056 2.286380e+22 7.086077e-01 0 
    0.899124 2.323451e+22 7.167880e-01 0 
    0.901197 2.223961e+22 6.829427e-01 0 
    0.903274 2.198470e+22 6.720136e-01 0 
    0.905356 2.535793e+22 7.715631e-01 0 
    0.907443 2.472324e+22 7.487953e-01 0 
    0.909535 2.350155e+22 7.085233e-01 0 
    0.911632 2.328595e+22 6.987974e-01 0 
    0.913733 2.472180e+22 7.384785e-01 0 
    0.915840 2.432618e+22 7.233212e-01 0 
    0.917951 2.323137e+22 6.875942e-01 0 
    0.920067 2.449382e+22 7.216292e-01 0 
    0.922188 2.349892e+22 6.891367e-01 0 
    0.924314 2.399122e+22 7.003415e-01 0 
    0.926444 2.421252e+22 7.035550e-01 0 
    0.928581 2.477600e+22 7.166187e-01 0 
    0.930721 2.259574e+22 6.505550e-01 0 
    0.932866 2.570530e+22 7.366829e-01 0 
    0.935017 2.576391e+22 7.349692e-01 0 
    0.937172 2.552695e+22 7.248644e-01 0 
    0.939333 2.594174e+22 7.332574e-01 0 
    0.941498 2.564371e+22 7.215034e-01 0 
    0.943669 2.624062e+22 7.349049e-01 0 
    0.945844 2.605991e+22 7.264910e-01 0 
    0.948024 2.660534e+22 7.382892e-01 0 
    0.950210 2.630029e+22 7.264703e-01 0 
    0.952400 2.648169e+22 7.281208e-01 0 
    0.954596 2.605780e+22 7.131731e-01 0 
    0.956796 2.660334e+22 7.247595e-01 0 
    0.959002 2.703481e+22 7.331297e-01 0 
    0.961212 2.684791e+22 7.247172e-01 0 
    0.963428 2.709615e+22 7.280572e-01 0 
    0.965650 2.684736e+22 7.180564e-01 0 
    0.967875 2.697048e+22 7.180365e-01 0 
    0.970106 2.734544e+22 7.246746e-01 0 
    0.972343 2.690750e+22 7.097917e-01 0 
    0.974584 2.696887e+22 7.081425e-01 0 
    0.976831 2.715565e+22 7.097702e-01 0 
    0.979083 2.696816e+22 7.016309e-01 0 
    0.981340 2.759548e+22 7.146531e-01 0 
    0.983602 2.753175e+22 7.097273e-01 0 
    0.985869 2.772229e+22 7.113563e-01 0 
    0.988142 2.759451e+22 7.048236e-01 0 
    0.990420 2.746744e+22 6.983543e-01 0 
    0.992703 2.778466e+22 7.031740e-01 0 
    0.994992 2.791209e+22 7.031526e-01 0 
    0.997285 2.804093e+22 7.031537e-01 0 
    0.999584 2.810513e+22 7.015255e-01 0 
    1.001888 2.810379e+22 6.982695e-01 0 
    1.006514 2.797402e+22 6.886710e-01 0 
    1.013490 2.862439e+22 6.950143e-01 0 
    1.018168 2.855704e+22 6.870223e-01 0 
    1.022868 2.882042e+22 6.870014e-01 0 
    1.027589 2.908530e+22 6.869595e-01 0 
    1.029958 2.908555e+22 6.838089e-01 0 
    1.049106 2.928242e+22 6.635363e-01 0 
    1.071074 2.941303e+22 6.394363e-01 0 
    1.090987 2.948064e+22 6.177236e-01 0 
    1.111269 2.954859e+22 5.967532e-01 0 
    1.129326 2.975341e+22 5.818280e-01 0 
    1.150322 3.058736e+22 5.765004e-01 0 
    1.169013 3.072875e+22 5.607932e-01 0 
    1.190747 3.094090e+22 5.442400e-01 0 
    1.210095 3.122721e+22 5.318519e-01 0 
    1.229758 3.173493e+22 5.233530e-01 0 
    1.249740 3.195510e+22 5.102668e-01 0 
    1.270046 3.225137e+22 4.986613e-01 0 
    1.290683 3.254969e+22 4.873087e-01 0 
    1.308638 3.285047e+22 4.784087e-01 0 
    1.329901 3.307813e+22 4.664432e-01 0 
    1.351511 3.361527e+22 4.589801e-01 0 
    1.370312 3.400475e+22 4.516449e-01 0 
    1.389375 3.392659e+22 4.383265e-01 0 
    1.408703 3.369289e+22 4.234438e-01 0 
    1.431593 3.424081e+22 4.166788e-01 0 
    1.451508 3.536259e+22 4.186023e-01 0 
    1.468317 3.511906e+22 4.062559e-01 0 
    1.488741 3.635279e+22 4.090684e-01 0 
    1.509452 3.737127e+22 4.090682e-01 0 
    1.530451 3.886302e+22 4.138035e-01 0 
    1.551741 3.967625e+22 4.109496e-01 0 
    1.569710 3.995300e+22 4.043961e-01 0 
    1.591547 3.995152e+22 3.933606e-01 0 
    1.609977 4.097662e+22 3.942696e-01 0 
    1.628618 4.164323e+22 3.915637e-01 0 
    1.651275 4.202875e+22 3.844183e-01 0 
    1.670396 4.241644e+22 3.791331e-01 0 
    1.689739 4.251381e+22 3.713532e-01 0 
    1.709305 4.241688e+22 3.620729e-01 0 
    1.729097 4.173978e+22 3.481832e-01 0 
    1.749119 4.154765e+22 3.386914e-01 0 
    1.769374 4.097630e+22 3.264299e-01 0 
    1.789862 4.060013e+22 3.160711e-01 0 
    1.810586 3.976735e+22 3.025414e-01 0 
    1.831553 3.967569e+22 2.949728e-01 0 
    1.848501 3.922293e+22 2.862840e-01 0 
    1.869904 3.850639e+22 2.746570e-01 0 
    1.891557 3.832966e+22 2.671730e-01 0 
    1.909060 3.824218e+22 2.616977e-01 0 
    1.931166 3.780527e+22 2.528189e-01 0 
    1.949034 3.703008e+22 2.431153e-01 0 
    1.971603 3.677235e+22 2.359277e-01 0 
    1.989847 3.635180e+22 2.289723e-01 0 
    2.008257 3.643617e+22 2.253152e-01 0 
    2.031512 3.593803e+22 2.171761e-01 0 
    2.050311 3.601827e+22 2.136879e-01 0 
    2.069281 3.568934e+22 2.078720e-01 0 
    2.088428 3.544378e+22 2.026737e-01 0 
    2.107751 3.536232e+22 1.985174e-01 0 
    2.132158 3.536216e+22 1.939976e-01 0 
    2.151887 3.519965e+22 1.895815e-01 0 
    2.171797 3.463698e+22 1.831463e-01 0 
    2.191894 3.463711e+22 1.798039e-01 0 
    2.212176 3.431953e+22 1.749035e-01 0 
    2.227509 3.384851e+22 1.701363e-01 0 
    2.248121 3.369299e+22 1.662634e-01 0 
    2.268921 3.338421e+22 1.617330e-01 0 
    2.289916 3.065791e+22 1.458142e-01 0 
    2.311103 3.094124e+22 1.444760e-01 0 
    2.332488 2.770360e+22 1.269971e-01 0 
    2.348657 2.664046e+22 1.204478e-01 0 
    2.370388 2.745006e+22 1.218431e-01 0 
    2.392322 2.579529e+22 1.124081e-01 0 
    2.408903 2.538283e+22 1.090933e-01 0 
    2.431194 2.567689e+22 1.083427e-01 0 
    2.448045 2.440850e+22 1.015778e-01 0 
    2.470697 2.457771e+22 1.004151e-01 0 
    2.487822 2.135682e+22 8.605861e-02 0 
    2.510843 2.145569e+22 8.487893e-02 0 
    2.528246 2.195518e+22 8.566328e-02 0 
    2.551640 2.215861e+22 8.487899e-02 0 
    2.569326 2.277909e+22 8.605863e-02 0 
    2.587137 2.267445e+22 8.448786e-02 0 
    2.611077 2.299027e+22 8.410099e-02 0 
    2.629175 2.272705e+22 8.199750e-02 0 
    2.647398 2.277942e+22 8.105887e-02 0 
    2.671895 2.277934e+22 7.957907e-02 0 
    2.690418 2.272690e+22 7.830639e-02 0 
    2.709065 2.267475e+22 7.705489e-02 0 
    2.727842 2.251837e+22 7.547357e-02 0 
    2.753084 2.257019e+22 7.426646e-02 0 
    2.772166 2.241513e+22 7.274434e-02 0 
    2.791383 2.241523e+22 7.174651e-02 0 
    2.810731 2.226096e+22 7.027514e-02 0 
    2.830216 2.215853e+22 6.899192e-02 0 
    2.849832 2.200621e+22 6.757765e-02 0 
    2.869588 2.185447e+22 6.619079e-02 0 
    2.889478 2.180391e+22 6.513166e-02 0 
    2.909508 2.170399e+22 6.394358e-02 0 
    2.929675 2.150535e+22 6.248908e-02 0 
    2.949984 2.140622e+22 6.134753e-02 0 
    2.970431 2.130758e+22 6.022706e-02 0 
    2.991022 2.116116e+22 5.899249e-02 0 
    3.011754 2.111260e+22 5.804961e-02 0 
    3.032629 2.096739e+22 5.685941e-02 0 
    3.046629 2.087111e+22 5.607933e-02 0 
    3.067746 2.082319e+22 5.518295e-02 0 
    3.089012 2.072709e+22 5.417459e-02 0 
    3.110423 2.067917e+22 5.330778e-02 0 
    3.131985 2.063178e+22 5.245583e-02 0 
    3.146440 2.048952e+22 5.161658e-02 0 
    3.168249 2.039590e+22 5.067582e-02 0 
    3.190212 2.039584e+22 4.998031e-02 0 
    3.212324 2.034891e+22 4.918118e-02 0 
    3.227154 2.025562e+22 4.850679e-02 0 
    3.249522 2.039596e+22 4.817277e-02 0 
    3.272045 2.087117e+22 4.861886e-02 0 
    3.287150 2.210755e+22 5.102676e-02 0 
    3.309934 2.210769e+22 5.032701e-02 0 
    3.332879 2.048973e+22 4.600380e-02 0 
    3.348262 1.979458e+22 4.403560e-02 0 
    3.371470 1.947737e+22 4.273545e-02 0 
    3.387034 1.916655e+22 4.166787e-02 0 
    3.410510 1.903484e+22 4.081380e-02 0 
    3.426251 1.885969e+22 4.006754e-02 0 
    3.450003 1.872961e+22 3.924516e-02 0 
    3.473916 1.860142e+22 3.844182e-02 0 
    3.489953 1.843080e+22 3.773997e-02 0 
    3.506061 1.826164e+22 3.705077e-02 0 
    3.530362 1.813639e+22 3.629183e-02 0 
    3.546660 1.796944e+22 3.562803e-02 0 
    3.571243 1.784643e+22 3.489868e-02 0 
    3.587730 1.768208e+22 3.426022e-02 0 
    3.612597 1.760059e+22 3.363448e-02 0 
    3.629270 1.743965e+22 3.302141e-02 0 
    3.646025 1.724047e+22 3.234492e-02 0 
    3.671296 1.716038e+22 3.175298e-02 0 
    3.688241 1.696400e+22 3.110185e-02 0 
    3.713809 1.684812e+22 3.046553e-02 0 
    3.730950 1.673143e+22 2.997717e-02 0 
    3.748170 1.650159e+22 2.929433e-02 0 
    3.774153 1.650177e+22 2.889269e-02 0 
    3.791573 1.635101e+22 2.836627e-02 0 
    3.809072 1.620098e+22 2.784835e-02 0 
    3.826657 1.608900e+22 2.740227e-02 0 
    3.853180 1.601581e+22 2.690337e-02 0 
    3.870969 1.583251e+22 2.635159e-02 0 
    3.888835 1.568673e+22 2.586960e-02 0 
    3.906784 1.557957e+22 2.545735e-02 0 
    3.933867 1.550774e+22 2.499226e-02 0 
    3.952023 1.532951e+22 2.447855e-02 0 
    3.970264 1.522415e+22 2.408745e-02 0 
    3.988593 1.504949e+22 2.359276e-02 0 
    4.007002 1.494647e+22 2.321646e-02 0 
    4.025496 1.484301e+22 2.284439e-02 0 
    4.053402 1.477515e+22 2.242792e-02 0 
    4.072110 1.467431e+22 2.207065e-02 0 
    4.090905 1.457317e+22 2.171759e-02 0 
    4.109786 1.447177e+22 2.136879e-02 0 
    4.128759 1.437278e+22 2.102800e-02 0 
    4.147816 1.427374e+22 2.069165e-02 0 
    4.166959 1.417560e+22 2.036102e-02 0 
    4.186197 1.407803e+22 2.003545e-02 0 
    4.205517 1.394892e+22 1.966973e-02 0 
    4.234667 1.398107e+22 1.944457e-02 0 
    4.254217 1.385288e+22 1.908962e-02 0 
    4.273851 1.378922e+22 1.882770e-02 0 
    4.293577 1.338253e+22 1.810491e-02 0 
    4.313399 1.295803e+22 1.736985e-02 0 
    4.333307 1.307792e+22 1.736985e-02 0 
    4.353307 1.266302e+22 1.666461e-02 0 
    4.373405 1.251821e+22 1.632297e-02 0 
    4.393590 1.243195e+22 1.606189e-02 0 
    4.413868 1.214898e+22 1.555241e-02 0 
    4.434240 1.206538e+22 1.530380e-02 0 
    4.454711 1.198225e+22 1.505899e-02 0 
    4.464980 1.173659e+22 1.468247e-02 0 
    4.485587 1.176365e+22 1.458143e-02 0 
    4.506296 1.168266e+22 1.434825e-02 0 
    4.527094 1.154893e+22 1.405397e-02 0 
    4.547989 1.157548e+22 1.395714e-02 0 
    4.568980 1.152226e+22 1.376561e-02 0 
    4.590073 1.131207e+22 1.339058e-02 0 
    4.611258 1.141674e+22 1.339059e-02 0 
    4.632541 1.133809e+22 1.317643e-02 0 
    4.653927 1.131193e+22 1.302549e-02 0 
    4.664655 1.128594e+22 1.293585e-02 0 
    4.686184 1.123418e+22 1.275848e-02 0 
    4.707813 1.115683e+22 1.255448e-02 0 
    4.729547 1.123410e+22 1.252552e-02 0 
    4.751377 1.113118e+22 1.229699e-02 0 
    4.773306 1.113123e+22 1.218431e-02 0 
    4.795342 1.110559e+22 1.204478e-02 0 
    4.806396 1.095319e+22 1.182492e-02 0 
    4.828580 1.105454e+22 1.182492e-02 0 
    4.850866 1.097850e+22 1.163592e-02 0 
    4.873260 1.090295e+22 1.144989e-02 0 
    4.884493 1.082789e+22 1.131882e-02 0 
    4.907038 1.080295e+22 1.118923e-02 0 
    4.929686 1.080279e+22 1.108648e-02 0 
    4.952444 1.075328e+22 1.093448e-02 0 
    4.975302 1.077808e+22 1.085922e-02 0 
    4.986770 1.068069e+22 1.071166e-02 0 
    5.009792 1.075549e+22 1.068778e-02 0 
    5.032914 1.085543e+22 1.068820e-02 0 
    5.044515 1.078064e+22 1.056579e-02 0 
    5.067798 1.088017e+22 1.056558e-02 0 
    5.079480 1.092995e+22 1.056516e-02 0 
    5.091194 1.100524e+22 1.058905e-02 0 
    5.102929 1.103000e+22 1.056411e-02 0 
    5.114692 1.105474e+22 1.053916e-02 0 
    5.126482 1.107947e+22 1.051421e-02 0 
    5.138299 1.112971e+22 1.051337e-02 0 
    5.150143 1.115433e+22 1.048821e-02 0 
    5.162020 1.120471e+22 1.048715e-02 0 
    5.173919 1.128115e+22 1.051019e-02 0 
    5.185845 1.127965e+22 1.046052e-02 0 
    5.197799 1.130423e+22 1.043514e-02 0 
    5.209780 1.135479e+22 1.043366e-02 0 
    5.221789 1.140535e+22 1.043198e-02 0 
    5.233825 1.142990e+22 1.040640e-02 0 
    5.245896 1.148081e+22 1.040470e-02 0 
    5.257988 1.155817e+22 1.042669e-02 0 
    5.270108 1.163600e+22 1.044868e-02 0 
    5.282256 1.166062e+22 1.042267e-02 0 
    5.294432 1.165812e+22 1.037257e-02 0 
    5.306636 1.168257e+22 1.034656e-02 0 
    5.318874 1.176098e+22 1.036813e-02 0 
    5.331134 1.181237e+22 1.036560e-02 0 
    5.343423 1.186398e+22 1.036306e-02 0 
    5.355740 1.191582e+22 1.036052e-02 0 
    5.368085 1.196764e+22 1.035777e-02 0 
    5.380459 1.201969e+22 1.035503e-02 0 
    5.392861 1.207172e+22 1.035207e-02 0 
    5.405298 1.215198e+22 1.037299e-02 0 
    5.417758 1.220433e+22 1.036982e-02 0 
    5.430246 1.222866e+22 1.034276e-02 0 
    5.442763 1.228134e+22 1.033959e-02 0 
    5.455309 1.236250e+22 1.036010e-02 0 
    5.467884 1.238686e+22 1.033283e-02 0 
    5.480488 1.243970e+22 1.032923e-02 0 
    5.493127 1.249280e+22 1.032564e-02 0 
    5.505789 1.254609e+22 1.032204e-02 0 
    5.518480 1.262852e+22 1.034213e-02 0 
    5.531201 1.276979e+22 1.040978e-02 0 
    5.543950 1.279434e+22 1.038187e-02 0 
    5.556730 1.281884e+22 1.035396e-02 0 
    5.569544 1.293247e+22 1.039773e-02 0 
    5.582382 1.301699e+22 1.041760e-02 0 
    5.595251 1.307149e+22 1.041316e-02 0 
    5.608148 1.315661e+22 1.043282e-02 0 
    5.621075 1.324225e+22 1.045248e-02 0 
    5.634032 1.329745e+22 1.044783e-02 0 
    5.647019 1.341450e+22 1.049138e-02 0 
    5.660042 1.353266e+22 1.053514e-02 0 
    5.673089 1.362022e+22 1.055459e-02 0 
    5.686166 1.370802e+22 1.057382e-02 0 
    5.699273 1.379662e+22 1.059327e-02 0 
    5.712410 1.394964e+22 1.066156e-02 0 
    5.725577 1.407182e+22 1.070553e-02 0 
    5.738781 1.419487e+22 1.074951e-02 0 
    5.752010 1.431900e+22 1.079369e-02 0 
    5.765269 1.444426e+22 1.083808e-02 0 
    5.778558 1.457008e+22 1.088227e-02 0 
    5.791878 1.476500e+22 1.097718e-02 0 
    5.805229 1.492798e+22 1.104737e-02 0 
    5.818610 1.509274e+22 1.111798e-02 0 
    5.832029 1.529448e+22 1.121481e-02 0 
    5.845472 1.549859e+22 1.131226e-02 0 
    5.858946 1.570543e+22 1.141057e-02 0 
    5.872452 1.591472e+22 1.150950e-02 0 
    5.885988 1.616408e+22 1.163613e-02 0 
    5.899555 1.645494e+22 1.179110e-02 0 
    5.908413 1.748680e+22 1.249296e-02 3 
    5.939314 1.897180e+22 1.341320e-02 3 
    5.970215 2.265937e+22 1.585493e-02 3 
    6.001116 2.191829e+22 1.517886e-02 3 
    6.032018 2.320248e+22 1.590397e-02 3 
    6.062919 2.135597e+22 1.448946e-02 3 
    6.093820 2.320034e+22 1.558158e-02 3 
    6.124722 2.829454e+22 1.881163e-02 3 
    6.155623 3.623666e+22 2.385067e-02 3 
    6.186523 3.879448e+22 2.527977e-02 3 
    6.217425 4.004479e+22 2.583577e-02 3 
    6.248326 3.944770e+22 2.519943e-02 3 
    6.279227 3.619921e+22 2.289724e-02 3 
    6.310129 2.944896e+22 1.844548e-02 3 
    6.341030 2.807245e+22 1.741234e-02 3 
    6.371932 2.835775e+22 1.741911e-02 3 
    6.402832 2.864736e+22 1.742757e-02 3 
    6.433733 2.564672e+22 1.545263e-02 3 
    6.464635 2.423120e+22 1.446050e-02 3 
    6.495536 2.416335e+22 1.428313e-02 3 
    6.526437 2.096957e+22 1.227817e-02 3 
    6.557339 2.325782e+22 1.348994e-02 3 
    6.588239 2.093886e+22 1.203125e-02 3 
    6.619141 2.016087e+22 1.147631e-02 3 
    6.650043 2.191422e+22 1.235872e-02 3 
    6.680943 2.177896e+22 1.216909e-02 3 
    6.711844 2.042100e+22 1.130550e-02 3 
    6.742746 2.387520e+22 1.309694e-02 3 
    6.773647 2.267692e+22 1.232637e-02 3 
    6.804549 2.104631e+22 1.133636e-02 3 
    6.835450 2.788999e+22 1.488712e-02 3 
    6.866351 2.386536e+22 1.262445e-02 3 
    6.897253 2.217290e+22 1.162430e-02 3 
    6.928153 2.571484e+22 1.336120e-02 3 
    6.959055 3.031950e+22 1.561414e-02 3 
    6.989956 3.011267e+22 1.537081e-02 3 
    7.020857 2.579884e+22 1.305318e-02 3 
    7.051759 2.867820e+22 1.438313e-02 3 
    7.082660 2.476083e+22 1.231031e-02 3 
    7.113561 2.701437e+22 1.331427e-02 3 
    7.144463 2.950726e+22 1.441737e-02 3 
    7.175363 2.958413e+22 1.433070e-02 3 
    7.206266 2.901150e+22 1.393305e-02 3 
    7.237166 3.008662e+22 1.432626e-02 3 
    7.268067 3.347491e+22 1.580440e-02 3 
    7.298970 3.764609e+22 1.762354e-02 3 
    7.329870 3.365042e+22 1.562048e-02 3 
    7.360771 3.319946e+22 1.528202e-02 3 
    7.391673 3.290636e+22 1.502072e-02 3 
    7.422574 3.558671e+22 1.610924e-02 3 
    7.453475 4.279232e+22 1.921076e-02 3 
    7.484376 4.206385e+22 1.872813e-02 3 
    7.513255 4.561414e+22 2.015300e-02 3 
    7.515278 4.721857e+22 2.085063e-02 3 
    7.546180 5.188484e+22 2.272389e-02 3 
    7.575180 5.103918e+22 2.218269e-02 3 
    7.577080 5.487530e+22 2.383799e-02 3 
    7.637106 4.978082e+22 2.128633e-02 3 
    7.699031 5.093306e+22 2.143009e-02 3 
    7.760957 4.942446e+22 2.046482e-02 3 
    7.822882 5.011466e+22 2.042338e-02 3 
    7.884809 4.603553e+22 1.846746e-02 3 
    7.946734 4.238381e+22 1.673860e-02 3 
    8.008659 3.992518e+22 1.552472e-02 3 
    8.070586 3.602208e+22 1.379289e-02 3 
    8.132511 3.347846e+22 1.262445e-02 3 
    8.194436 3.232878e+22 1.200736e-02 3 
    8.256362 3.014161e+22 1.102771e-02 3 
    8.318287 3.130221e+22 1.128246e-02 3 
    8.380214 3.093899e+22 1.098734e-02 3 
    8.442139 3.268530e+22 1.143784e-02 3 
    8.504065 3.777952e+22 1.302866e-02 3 
    8.565990 3.902150e+22 1.326311e-02 3 
    8.627917 3.653054e+22 1.223885e-02 3 
    8.689842 3.549241e+22 1.172218e-02 3 
    8.751768 3.071845e+22 1.000240e-02 3 
    8.813694 2.638741e+22 8.471831e-03 3 
    8.875619 2.527843e+22 8.002935e-03 3 
    8.937544 2.204037e+22 6.881433e-03 3 
    8.999470 2.051522e+22 6.317404e-03 3 
    9.061395 2.118480e+22 6.434735e-03 3 
    9.123322 2.008683e+22 6.018689e-03 3 
    9.185247 1.843024e+22 5.448110e-03 3 
    9.247173 1.899852e+22 5.541128e-03 3 
    9.309099 2.068256e+22 5.952309e-03 3 
    9.371024 1.969395e+22 5.593133e-03 3 
    9.432949 1.991134e+22 5.580872e-03 3 
    9.494874 1.842213e+22 5.096334e-03 3 
    9.556801 2.118704e+22 5.785512e-03 3 
    9.618726 1.951209e+22 5.259750e-03 3 
    9.680652 2.068799e+22 5.505611e-03 3 
    9.742578 2.016343e+22 5.298013e-03 3 
    9.804504 1.774139e+22 4.602914e-03 3 
    9.866430 1.826904e+22 4.680499e-03 3 
    9.928355 1.643528e+22 4.158330e-03 3 
    9.990277 1.839808e+22 4.597417e-03 3 
   10.052207 1.758022e+22 4.339082e-03 3 
   10.114129 1.574241e+22 3.838051e-03 3 
   10.176061 1.865247e+22 4.492349e-03 3 
   10.237982 1.920446e+22 4.569512e-03 3 
   10.299913 2.021986e+22 4.753434e-03 3 
   10.361836 1.809198e+22 4.202513e-03 3 
   10.423757 1.868647e+22 4.289188e-03 3 
   10.485688 1.997631e+22 4.531247e-03 3 
   10.547609 2.270066e+22 5.088933e-03 3 
   10.609541 2.275715e+22 5.042213e-03 3 
   10.671462 2.304770e+22 5.047498e-03 3 
   10.733384 2.511864e+22 5.437750e-03 3 
   10.795315 2.399772e+22 5.135654e-03 3 
   10.857237 2.609337e+22 5.520622e-03 3 
   10.919168 2.728126e+22 5.706658e-03 3 
   10.981089 3.123547e+22 6.460315e-03 3 
   11.043021 3.459996e+22 7.076137e-03 3 
   11.104943 3.990210e+22 8.069739e-03 3 
   11.166864 6.162601e+22 1.232532e-02 3 
   11.228795 7.996113e+22 1.581645e-02 3 
   11.290717 7.677919e+22 1.502093e-02 3 
   11.352648 6.592446e+22 1.275700e-02 3 
   11.414569 5.346754e+22 1.023452e-02 3 
   11.476501 4.727696e+22 8.952142e-03 3 
   11.538422 4.049032e+22 7.584988e-03 3 
   11.600343 3.682994e+22 6.825835e-03 3 
   11.662276 3.493808e+22 6.406618e-03 3 
   11.724197 3.293665e+22 5.975987e-03 3 
   11.786128 3.301470e+22 5.927363e-03 3 
   11.848049 3.254268e+22 5.781706e-03 3 
   11.909981 3.614823e+22 6.355670e-03 3 
   11.971902 3.761000e+22 6.544454e-03 3 
   12.033824 3.700577e+22 6.373216e-03 3 
   12.095756 3.387795e+22 5.774940e-03 3 
   12.157677 3.431967e+22 5.790796e-03 3 
   12.219608 3.581567e+22 5.982118e-03 3 
   12.281529 3.683931e+22 6.091203e-03 3 
   12.343452 3.902628e+22 6.388226e-03 3 
   12.405383 4.063204e+22 6.584832e-03 3 
   12.467304 4.135884e+22 6.636203e-03 3 
   12.529235 4.456781e+22 7.080577e-03 3 
   12.591157 4.822793e+22 7.586890e-03 3 
   12.653088 4.943229e+22 7.700415e-03 3 
   12.715010 5.295139e+22 8.168464e-03 3 
   12.776931 6.274810e+22 9.586144e-03 3 
   12.838863 5.792680e+22 8.764413e-03 3 
   12.900784 4.004557e+22 6.000932e-03 3 
   12.962715 3.169273e+22 4.703966e-03 3 
   13.024637 2.939207e+22 4.321111e-03 3 
   13.086558 2.786487e+22 4.057913e-03 3 
   13.148489 2.930892e+22 4.228094e-03 3 
   13.210413 2.883711e+22 4.121122e-03 3 
   13.272344 2.818534e+22 3.990474e-03 3 
   13.334264 2.935022e+22 4.116894e-03 3 
   13.396195 2.955047e+22 4.106747e-03 3 
   13.458117 2.629315e+22 3.620516e-03 3 
   13.520039 2.606308e+22 3.556038e-03 3 
   13.581970 2.854470e+22 3.859192e-03 3 
   13.643891 2.710138e+22 3.630875e-03 3 
   13.705822 2.676359e+22 3.553290e-03 3 
   13.767745 2.357720e+22 3.102152e-03 3 
   13.829677 2.639509e+22 3.441879e-03 3 
   13.891595 2.604638e+22 3.366197e-03 3 
   13.953519 2.425408e+22 3.106803e-03 3 
   14.015450 2.518916e+22 3.198130e-03 3 
   14.077372 2.304537e+22 2.900261e-03 3 
   14.139302 2.524486e+22 3.149296e-03 3 
   14.201223 2.563741e+22 3.170436e-03 3 
   14.263155 2.844472e+22 3.487120e-03 3 
   14.325077 2.622396e+22 3.187137e-03 3 
   14.386998 2.586865e+22 3.116950e-03 3 
   14.448931 2.332941e+22 2.786947e-03 3 
   14.502216 2.154079e+22 2.554403e-03 3 
   14.593656 2.134572e+22 2.499649e-03 3 
   14.685106 2.113149e+22 2.443838e-03 3 
   14.776548 2.040344e+22 2.330525e-03 3 
   14.867989 2.037192e+22 2.298391e-03 3 
   14.959430 2.038237e+22 2.271544e-03 3 
   15.050881 1.998332e+22 2.200088e-03 3 
   15.142323 2.017634e+22 2.194592e-03 3 
   15.233763 2.095975e+22 2.252517e-03 3 
   15.325214 2.105886e+22 2.236239e-03 3 
   15.416656 2.198179e+22 2.306636e-03 3 
   15.508095 2.633686e+22 2.731137e-03 3 
   15.599538 2.818922e+22 2.889056e-03 3 
   15.690989 2.358916e+22 2.389507e-03 3 
   15.782431 2.347007e+22 2.349974e-03 3 
   15.873870 2.445408e+22 2.420372e-03 3 
   15.965322 2.506939e+22 2.452928e-03 3 
   16.056764 2.534646e+22 2.451871e-03 3 
   16.148205 2.594100e+22 2.481045e-03 3 
   16.239655 2.820064e+22 2.666870e-03 3 
   16.331097 3.433597e+22 3.210814e-03 3 
   16.422538 4.241435e+22 3.922191e-03 3 
   16.513980 4.169981e+22 3.813528e-03 3 
   16.605431 3.775943e+22 3.415243e-03 3 
   16.696870 3.799682e+22 3.399175e-03 3 
   16.788312 3.881312e+22 3.434480e-03 3 
   16.879753 4.043502e+22 3.539337e-03 3 
   16.971205 4.778113e+22 4.137400e-03 3 
   17.062645 5.198678e+22 4.453451e-03 3 
   17.154087 4.460106e+22 3.780127e-03 3 
   17.245539 4.223420e+22 3.541662e-03 3 
   17.336980 4.315205e+22 3.580560e-03 3 
   17.428420 4.033853e+22 3.312077e-03 3 
   17.519872 3.499990e+22 2.843816e-03 3 
   17.611313 3.216662e+22 2.586536e-03 3 
   17.702755 3.163818e+22 2.517829e-03 3 
   17.794194 3.149886e+22 2.481045e-03 3 
   17.885645 3.037004e+22 2.367732e-03 3 
   17.977087 2.847615e+22 2.197551e-03 3 
   18.068527 2.716483e+22 2.075190e-03 3 
   18.159978 2.682272e+22 2.028470e-03 3 
   18.251420 2.648361e+22 1.982806e-03 3 
   18.342859 2.703399e+22 2.003884e-03 3 
   18.434311 2.700436e+22 1.981876e-03 3 
   18.525753 2.813696e+22 2.044664e-03 3 
   18.617194 3.379835e+22 2.432000e-03 3 
   18.708634 4.484463e+22 3.195381e-03 3 
   18.800086 3.765937e+22 2.657357e-03 3 
   18.891527 3.003194e+22 2.098678e-03 3 
   18.982967 2.903283e+22 2.009359e-03 3 
   19.074420 2.877692e+22 1.972596e-03 3 
   19.165862 2.753059e+22 1.869198e-03 3 
   19.257300 2.732710e+22 1.837804e-03 3 
   19.348742 2.777574e+22 1.850362e-03 3 
   19.440195 2.760229e+22 1.821547e-03 3 
   19.531634 2.735553e+22 1.788399e-03 3 
   19.623077 2.785838e+22 1.804339e-03 3 
   19.714528 2.703640e+22 1.734892e-03 3 
   19.805969 2.738188e+22 1.740875e-03 3 
   19.897409 2.745979e+22 1.729819e-03 3 
   19.988852 2.716410e+22 1.695571e-03 3 
   20.080302 2.847003e+22 1.760938e-03 3 
   20.171744 2.801319e+22 1.717007e-03 3 
   20.263184 2.778431e+22 1.687643e-03 3 
   20.354634 2.853366e+22 1.717621e-03 3 
   20.464345 2.796597e+22 1.665446e-03 3 
   20.640398 2.945746e+22 1.724470e-03 3 
   20.816558 2.947023e+22 1.696142e-03 3 
   20.992808 2.891309e+22 1.636251e-03 3 
   21.169167 3.101534e+22 1.726098e-03 3 
   21.345627 3.135149e+22 1.716077e-03 3 
   21.522195 2.988596e+22 1.609128e-03 3 
   21.698855 3.144501e+22 1.665615e-03 3 
   21.875623 3.285021e+22 1.712040e-03 3 
   22.052494 3.206363e+22 1.644348e-03 3 
   22.229470 3.165379e+22 1.597585e-03 3 
   22.406550 3.337213e+22 1.657793e-03 3 
   22.583727 3.460840e+22 1.692337e-03 3 
   22.761012 3.464845e+22 1.668004e-03 3 
   22.938402 3.422055e+22 1.622023e-03 3 
   23.115887 3.518517e+22 1.642234e-03 3 
   23.293484 3.676456e+22 1.689884e-03 3 
   23.471181 3.769467e+22 1.706501e-03 3 
   23.648988 3.771660e+22 1.681914e-03 3 
   23.826903 3.797247e+22 1.668131e-03 3 
   24.004919 3.875593e+22 1.677390e-03 3 
   24.183033 3.951711e+22 1.685234e-03 3 
   24.361259 3.944876e+22 1.657793e-03 3 
   24.539583 3.929744e+22 1.627520e-03 3 
   24.718028 4.043037e+22 1.650352e-03 3 
   24.896563 4.125979e+22 1.660140e-03 3 
   25.075205 4.232304e+22 1.678743e-03 3 
   25.253959 4.286752e+22 1.676354e-03 3 
   25.432822 4.303771e+22 1.659421e-03 3 
   25.611784 4.461636e+22 1.696332e-03 3 
   25.790856 4.819635e+22 1.807087e-03 3 
   25.970039 5.017412e+22 1.855372e-03 3 
   26.149331 4.690763e+22 1.710877e-03 3 
   26.328725 4.514077e+22 1.624074e-03 3 
   26.508222 4.621880e+22 1.640416e-03 3 
   26.687838 4.644759e+22 1.626421e-03 3 
   26.867544 4.667750e+22 1.612679e-03 3 
   27.047378 4.760333e+22 1.622869e-03 3 
   27.227306 4.809551e+22 1.618049e-03 3 
   27.407347 4.832936e+22 1.604625e-03 3 
   27.587497 4.849263e+22 1.589087e-03 3 
   27.767756 4.915063e+22 1.589805e-03 3 
   27.948125 5.158023e+22 1.646927e-03 3 
   28.128603 5.721358e+22 1.803430e-03 3 
   28.309191 5.806878e+22 1.807109e-03 3 
   28.489891 5.276891e+22 1.621410e-03 3 
   28.670700 5.202078e+22 1.578326e-03 3 
   28.851616 5.312248e+22 1.591602e-03 3 
   29.032641 5.421275e+22 1.604075e-03 3 
   29.213781 5.554604e+22 1.623207e-03 3 
   29.395028 5.659923e+22 1.633651e-03 3 
   29.576384 5.744585e+22 1.637815e-03 3 
   29.757859 5.728449e+22 1.613356e-03 3 
   29.939444 5.856775e+22 1.629550e-03 3 
   30.121128 5.918691e+22 1.626970e-03 3 
   30.302934 6.049978e+22 1.643164e-03 3 
   30.484847 6.169785e+22 1.655764e-03 3 
   30.666884 6.352344e+22 1.684578e-03 3 
   30.849019 6.417617e+22 1.681851e-03 3 
   31.031272 6.547706e+22 1.695846e-03 3 
   31.213647 6.587318e+22 1.686227e-03 3 
   31.396122 6.674588e+22 1.688764e-03 3 
   31.578716 6.913056e+22 1.728931e-03 3 
   31.761425 6.990717e+22 1.728296e-03 3 
   31.944234 7.064763e+22 1.726669e-03 3 
   32.127169 7.294206e+22 1.762502e-03 3 
   32.310222 7.612951e+22 1.818736e-03 3 
   32.493381 7.656011e+22 1.808461e-03 3 
   32.676650 7.833127e+22 1.829602e-03 3 
   32.860047 7.916448e+22 1.828481e-03 3 
   33.043556 8.111830e+22 1.852856e-03 3 
   33.227175 8.834117e+22 1.995597e-03 3 
   33.410906 1.148718e+23 2.566453e-03 3 
   33.594756 1.201766e+23 2.655665e-03 3 
   33.778725 9.214848e+22 2.014179e-03 3 
   33.962812 8.745143e+22 1.890846e-03 3 
   34.147013 8.581798e+22 1.835563e-03 3 
   34.331322 8.608451e+22 1.821547e-03 3 
   34.515756 9.470591e+22 1.982617e-03 3 
   34.700309 1.495280e+23 3.097078e-03 3 
   34.884975 2.075501e+23 4.253461e-03 3 
