# NGC 3870       
# 
# An Atlas of Galaxy Spectral Energy Distributions from the Ultraviolet to the Mid-Infrared
# Brown et al. (2014)
# http://dx.doi.org/10.5072/03/529D3551F0117
# http://dx.doi.org/10.17909/t9-5bxk-dh29
# 
# The Spectral Energy Distributions of Active Galactic Nuclei
# Brown et al. (2019)
# http://dx.doi.org/10.17909/t9-3dbt-8734
# 
# Column 1: Observed wavelength (um)
# Column 2: L_nu (W/Hz)
# Column 3: f_lam (erg/s/cm2/A)
# Column 4: Source (0 = model, 1 = Optical Spectrun, 2 = Akari, 3 = Spitzer IRS)
# 
  1.0207e-02 6.274621e+12 1.502062e-06 0 
  1.0397e-02 7.154316e+12 1.650625e-06 0 
  1.0590e-02 8.425338e+12 1.873665e-06 0 
  1.0812e-02 1.012882e+13 2.160943e-06 0 
  1.0988e-02 1.460673e+13 3.017255e-06 0 
  1.1400e-02 1.930192e+13 3.704138e-06 0 
  1.1801e-02 2.412951e+13 4.321229e-06 0 
  1.2103e-02 7.389079e+13 1.258058e-05 0 
  1.2500e-02 9.068809e+13 1.447527e-05 0 
  1.2703e-02 9.898815e+13 1.529914e-05 0 
  1.2791e-02 1.041270e+14 1.587270e-05 0 
  1.3089e-02 1.168378e+14 1.700853e-05 0 
  1.3210e-02 1.341379e+14 1.917090e-05 0 
  1.3394e-02 1.437481e+14 1.998379e-05 0 
  1.3706e-02 1.768294e+14 2.347629e-05 0 
  1.3993e-02 1.965949e+14 2.504073e-05 0 
  1.4286e-02 4.023498e+14 4.916759e-05 0 
  1.4686e-02 7.899076e+14 9.134098e-05 0 
  1.5098e-02 8.863454e+14 9.697518e-05 0 
  1.5485e-02 9.967727e+14 1.036741e-04 0 
  1.5882e-02 1.126089e+15 1.113419e-04 0 
  1.6215e-02 1.234701e+15 1.171182e-04 0 
  1.6592e-02 1.388595e+15 1.257983e-04 0 
  1.7018e-02 1.543806e+15 1.329450e-04 0 
  1.7294e-02 1.669478e+15 1.392151e-04 0 
  1.7697e-02 1.839038e+15 1.464495e-04 0 
  1.7985e-02 1.975013e+15 1.522809e-04 0 
  1.8193e-02 2.077701e+15 1.565564e-04 0 
  1.8617e-02 2.283479e+15 1.643138e-04 0 
  1.9094e-02 2.544479e+15 1.740610e-04 0 
  1.9405e-02 2.732773e+15 1.809975e-04 0 
  1.9811e-02 2.968860e+15 1.886572e-04 0 
  2.0179e-02 3.217943e+15 1.970949e-04 0 
  2.0507e-02 3.432295e+15 2.035526e-04 0 
  2.0985e-02 3.635702e+15 2.059049e-04 0 
  2.1623e-02 4.232352e+15 2.257596e-04 0 
  2.2025e-02 4.566456e+15 2.347707e-04 0 
  2.2280e-02 4.748876e+15 2.385925e-04 0 
  2.2694e-02 5.135527e+15 2.486906e-04 0 
  2.3009e-02 7.953604e+15 3.746838e-04 0 
  2.3383e-02 1.326104e+16 6.048859e-04 0 
  2.3983e-02 1.696625e+16 7.356571e-04 0 
  2.4598e-02 1.688791e+16 6.961017e-04 0 
  2.5171e-02 1.839039e+16 7.239130e-04 0 
  2.5698e-02 1.598048e+16 6.035142e-04 0 
  2.5996e-02 1.881898e+16 6.945116e-04 0 
  2.6418e-02 2.011738e+16 7.188994e-04 0 
  2.6910e-02 2.068069e+16 7.122527e-04 0 
  2.7410e-02 2.116315e+16 7.025201e-04 0 
  2.7919e-02 2.165707e+16 6.929411e-04 0 
  2.8373e-02 2.216085e+16 6.865501e-04 0 
  2.8967e-02 2.180641e+16 6.481470e-04 0 
  2.9574e-02 2.283409e+16 6.511186e-04 0 
  3.0124e-02 2.283491e+16 6.275821e-04 0 
  3.0825e-02 2.391039e+16 6.275914e-04 0 
  3.1835e-02 2.538517e+16 6.246931e-04 0 
  3.2802e-02 2.627679e+16 6.090714e-04 0 
  3.3799e-02 2.695000e+16 5.883660e-04 0 
  3.4826e-02 2.764373e+16 5.684416e-04 0 
  3.5720e-02 2.835306e+16 5.542088e-04 0 
  3.6636e-02 2.928039e+16 5.440730e-04 0 
  3.7489e-02 2.975738e+16 5.280601e-04 0 
  3.8539e-02 2.955204e+16 4.962300e-04 0 
  3.9528e-02 3.108744e+16 4.962171e-04 0 
  4.0542e-02 3.210467e+16 4.871406e-04 0 
  4.1391e-02 3.255099e+16 4.738587e-04 0 
  4.2161e-02 3.277930e+16 4.599116e-04 0 
  4.3043e-02 3.323550e+16 4.473975e-04 0 
  4.4147e-02 3.448222e+16 4.412546e-04 0 
  4.5072e-02 3.512333e+16 4.311997e-04 0 
  4.6016e-02 3.561244e+16 4.194502e-04 0 
  4.6979e-02 3.661039e+16 4.137074e-04 0 
  4.7963e-02 3.833378e+16 4.155903e-04 0 
  4.8967e-02 3.877801e+16 4.033434e-04 0 
  4.9993e-02 4.184063e+16 4.175190e-04 0 
    0.050572 4.321061e+16 4.213729e-04 0 
    0.051157 5.855631e+16 5.580332e-04 0 
    0.051988 6.103332e+16 5.631929e-04 0 
    0.052955 6.376251e+16 5.670847e-04 0 
    0.053939 6.347099e+16 5.440840e-04 0 
    0.054942 7.270805e+16 6.007172e-04 0 
    0.055964 8.802007e+16 7.009074e-04 0 
    0.057004 1.008312e+17 7.738928e-04 0 
    0.058064 1.055777e+17 7.810066e-04 0 
    0.059007 1.212221e+17 8.683028e-04 0 
    0.059966 1.234769e+17 8.563909e-04 0 
    0.060941 1.338363e+17 8.987755e-04 0 
    0.061931 1.692723e+17 1.100693e-03 0 
    0.062937 1.817969e+17 1.144645e-03 0 
    0.063960 2.044461e+17 1.246403e-03 0 
    0.064999 2.252090e+17 1.329441e-03 0 
    0.065752 2.336544e+17 1.347884e-03 0 
    0.066513 2.646003e+17 1.491673e-03 0 
    0.067438 2.914592e+17 1.598324e-03 0 
    0.068534 2.907933e+17 1.544076e-03 0 
    0.069487 3.594077e+17 1.856422e-03 0 
    0.070454 3.424427e+17 1.720573e-03 0 
    0.071599 4.391185e+17 2.136310e-03 0 
    0.072595 4.770716e+17 2.257702e-03 0 
    0.073436 5.123768e+17 2.369561e-03 0 
    0.074457 5.553711e+17 2.498439e-03 0 
    0.075493 6.005934e+17 2.628232e-03 0 
    0.076543 6.103500e+17 2.598152e-03 0 
    0.077429 7.056473e+17 2.935464e-03 0 
    0.078507 7.372019e+17 2.983088e-03 0 
    0.079416 8.157973e+17 3.225988e-03 0 
    0.080520 8.863156e+17 3.409395e-03 0 
    0.081453 9.453191e+17 3.553536e-03 0 
    0.082586 1.036523e+18 3.790205e-03 0 
    0.083542 9.174576e+17 3.278481e-03 0 
    0.084510 1.155006e+18 4.033339e-03 0 
    0.085488 1.212276e+18 4.137021e-03 0 
    0.086478 1.326164e+18 4.422648e-03 0 
    0.087479 1.421017e+18 4.631143e-03 0 
    0.088492 1.526141e+18 4.860523e-03 0 
    0.089517 1.627767e+18 5.066146e-03 0 
    0.090554 1.684980e+18 5.124788e-03 0 
    0.091602 2.016407e+18 5.993283e-03 0 
    0.092450 8.252495e+18 2.408063e-02 0 
    0.093520 1.681115e+19 4.793855e-02 0 
    0.094603 3.073212e+19 8.564049e-02 0 
    0.095479 4.232271e+19 1.157855e-01 0 
    0.096584 5.007112e+19 1.338670e-01 0 
    0.097478 1.157676e+19 3.038578e-02 0 
    0.098607 4.748712e+19 1.218027e-01 0 
    0.099519 4.870670e+19 1.226516e-01 0 
    0.100440 6.631093e+19 1.639337e-01 0 
    0.101603 6.391183e+19 1.544062e-01 0 
    0.102543 2.968788e+19 7.041473e-02 0 
    0.103492 4.961205e+19 1.155234e-01 0 
    0.104449 8.741391e+19 1.998336e-01 0 
    0.105416 8.741519e+19 1.961870e-01 0 
    0.106391 7.321183e+19 1.613124e-01 0 
    0.107623 8.641503e+19 1.860696e-01 0 
    0.108619 7.237445e+19 1.529925e-01 0 
    0.109624 9.195750e+19 1.908413e-01 0 
    0.110384 8.965669e+19 1.835130e-01 0 
    0.111405 8.883333e+19 1.785102e-01 0 
    0.112436 8.176737e+19 1.613116e-01 0 
    0.113477 1.003650e+20 1.943851e-01 0 
    0.114527 9.366506e+19 1.780977e-01 0 
    0.115586 9.944547e+19 1.856398e-01 0 
    0.116387 1.029409e+20 1.895289e-01 0 
    0.117464 7.595957e+19 1.372996e-01 0 
    0.118551 1.019962e+20 1.809965e-01 0 
    0.119373 7.613532e+19 1.332510e-01 0 
    0.120478 5.978236e+19 1.027198e-01 0 
    0.121592 3.886682e+19 6.556399e-02 0 
    0.122435 7.457328e+19 1.240705e-01 0 
    0.123568 1.075435e+20 1.756583e-01 0 
    0.124425 1.184626e+20 1.908370e-01 0 
    0.125576 1.168397e+20 1.847879e-01 0 
    0.126446 1.046133e+20 1.631823e-01 0 
    0.127616 1.304904e+20 1.998318e-01 0 
    0.128501 1.369576e+20 2.068567e-01 0 
    0.129392 1.155009e+20 1.720549e-01 0 
    0.130589 1.157671e+20 1.693045e-01 0 
    0.131494 1.395036e+20 2.012195e-01 0 
    0.132405 1.357009e+20 1.930502e-01 0 
    0.133631 1.254842e+20 1.752553e-01 0 
    0.134557 1.444034e+20 1.989122e-01 0 
    0.135490 1.417688e+20 1.926027e-01 0 
    0.136429 1.313968e+20 1.760629e-01 0 
    0.137374 1.372736e+20 1.814155e-01 0 
    0.138646 1.404689e+20 1.822477e-01 0 
    0.139607 1.231939e+20 1.576417e-01 0 
    0.140574 1.275206e+20 1.609411e-01 0 
    0.141549 1.363288e+20 1.696955e-01 0 
    0.142530 1.388628e+20 1.704785e-01 0 
    0.143518 1.404702e+20 1.700857e-01 0 
    0.144180 1.470903e+20 1.764698e-01 0 
    0.144846 1.498233e+20 1.780995e-01 0 
    0.145514 1.470875e+20 1.732458e-01 0 
    0.146523 1.398243e+20 1.624305e-01 0 
    0.147539 1.407923e+20 1.613102e-01 0 
    0.148561 1.437407e+20 1.624302e-01 0 
    0.149591 1.467527e+20 1.635580e-01 0 
    0.150628 1.420970e+20 1.561960e-01 0 
    0.151323 1.304925e+20 1.421255e-01 0 
    0.151672 1.379065e+20 1.495100e-01 0 
    0.152372 1.353898e+20 1.454360e-01 0 
    0.153429 1.215024e+20 1.287260e-01 0 
    0.154492 1.289974e+20 1.347924e-01 0 
    0.155563 1.246200e+20 1.284315e-01 0 
    0.156641 1.298929e+20 1.320295e-01 0 
    0.157364 1.385405e+20 1.395283e-01 0 
    0.158455 1.450742e+20 1.441035e-01 0 
    0.159553 1.494812e+20 1.464445e-01 0 
    0.160659 1.467532e+20 1.417992e-01 0 
    0.161401 1.474270e+20 1.411435e-01 0 
    0.162520 1.430814e+20 1.351033e-01 0 
    0.163646 1.519086e+20 1.414712e-01 0 
    0.164402 1.540226e+20 1.421237e-01 0 
    0.165541 1.464159e+20 1.332519e-01 0 
    0.166689 1.590668e+20 1.427782e-01 0 
    0.167073 1.447356e+20 1.293181e-01 0 
    0.167844 1.623961e+20 1.437674e-01 0 
    0.168619 1.677176e+20 1.471168e-01 0 
    0.169397 1.601699e+20 1.392086e-01 0 
    0.170571 1.565250e+20 1.341744e-01 0 
    0.171359 1.512133e+20 1.284318e-01 0 
    0.172546 1.515580e+20 1.269596e-01 0 
    0.173343 1.609114e+20 1.335582e-01 0 
    0.174544 1.590688e+20 1.302182e-01 0 
    0.175350 1.681032e+20 1.363518e-01 0 
    0.176566 1.579713e+20 1.263748e-01 0 
    0.177381 1.624006e+20 1.287271e-01 0 
    0.178610 1.661826e+20 1.299184e-01 0 
    0.179435 1.752174e+20 1.357249e-01 0 
    0.180678 1.760304e+20 1.344849e-01 0 
    0.181512 1.665664e+20 1.260878e-01 0 
    0.182350 1.696628e+20 1.272540e-01 0 
    0.183614 1.665630e+20 1.232149e-01 0 
    0.184462 1.558047e+20 1.141992e-01 0 
    0.185313 1.579724e+20 1.147270e-01 0 
    0.186598 1.635261e+20 1.171304e-01 0 
    0.187459 1.736124e+20 1.232153e-01 0 
    0.188324 1.631483e+20 1.147275e-01 0 
    0.189630 1.594360e+20 1.105780e-01 0 
    0.190505 1.681064e+20 1.155229e-01 0 
    0.191384 1.642808e+20 1.118593e-01 0 
    0.192711 1.624003e+20 1.090612e-01 0 
    0.193600 1.669472e+20 1.110874e-01 0 
    0.194494 1.752200e+20 1.155228e-01 0 
    0.195392 1.661831e+20 1.085600e-01 0 
    0.196746 1.805433e+20 1.163231e-01 0 
    0.197654 1.856035e+20 1.184872e-01 0 
    0.198567 1.784739e+20 1.128904e-01 0 
    0.199483 1.748192e+20 1.095655e-01 0 
    0.200404 1.797171e+20 1.116023e-01 0 
    0.201329 1.768408e+20 1.088093e-01 0 
    0.202724 1.839044e+20 1.116036e-01 0 
    0.203660 1.780697e+20 1.070717e-01 0 
    0.204600 1.839031e+20 1.095656e-01 0 
    0.205545 1.736102e+20 1.024844e-01 0 
    0.206493 1.776550e+20 1.039114e-01 0 
    0.207447 1.916808e+20 1.110864e-01 0 
    0.207925 1.860281e+20 1.073153e-01 0 
    0.208404 1.912450e+20 1.098182e-01 0 
    0.209366 1.838999e+20 1.046323e-01 0 
    0.210332 1.860281e+20 1.048732e-01 0 
    0.211303 1.890540e+20 1.056017e-01 0 
    0.212279 1.921279e+20 1.063341e-01 0 
    0.213258 1.826312e+20 1.001522e-01 0 
    0.214737 1.877509e+20 1.015464e-01 0 
    0.215728 1.943489e+20 1.041515e-01 0 
    0.216723 1.894903e+20 1.006175e-01 0 
    0.217724 1.899256e+20 9.992346e-02 0 
    0.218729 1.890534e+20 9.855265e-02 0 
    0.219738 1.975081e+20 1.020166e-01 0 
    0.220753 1.938985e+20 9.923334e-02 0 
    0.221262 1.864567e+20 9.498625e-02 0 
    0.222283 1.834749e+20 9.261057e-02 0 
    0.223309 1.943502e+20 9.720059e-02 0 
    0.224340 1.890551e+20 9.368532e-02 0 
    0.225375 1.834790e+20 9.008890e-02 0 
    0.226415 1.873216e+20 9.113262e-02 0 
    0.227461 1.925702e+20 9.282644e-02 0 
    0.228510 1.975043e+20 9.433276e-02 0 
    0.229565 1.886318e+20 8.926886e-02 0 
    0.230625 1.913363e+20 8.971832e-02 0 
    0.231689 1.866268e+20 8.670810e-02 0 
    0.232759 1.581895e+20 7.282175e-02 0 
    0.233295 1.779324e+20 8.153435e-02 0 
    0.234372 1.731644e+20 7.862191e-02 0 
    0.235454 1.860577e+20 8.370123e-02 0 
    0.236541 1.749162e+20 7.796753e-02 0 
    0.237633 1.803092e+20 7.963444e-02 0 
    0.238729 1.695162e+20 7.418177e-02 0 
    0.239280 1.787736e+20 7.787301e-02 0 
    0.240384 1.747867e+20 7.543862e-02 0 
    0.241494 1.785227e+20 7.634443e-02 0 
    0.242609 1.887478e+20 7.997689e-02 0 
    0.243728 1.841127e+20 7.729821e-02 0 
    0.244290 1.923920e+20 8.040296e-02 0 
    0.245418 1.911565e+20 7.915397e-02 0 
    0.246551 1.908017e+20 7.828260e-02 0 
    0.247689 1.865384e+20 7.583179e-02 0 
    0.248260 1.891823e+20 7.655322e-02 0 
    0.249406 1.774494e+20 7.114711e-02 0 
    0.250557 1.987301e+20 7.894908e-02 0 
    0.251134 1.808744e+20 7.152575e-02 0 
    0.251713 1.847018e+20 7.270367e-02 0 
    0.252294 1.801242e+20 7.057561e-02 0 
    0.253458 1.831401e+20 7.109971e-02 0 
    0.254628 1.827964e+20 7.031560e-02 0 
    0.255215 1.936745e+20 7.415776e-02 0 
    0.256393 1.906682e+20 7.233731e-02 0 
    0.257576 2.002095e+20 7.526108e-02 0 
    0.258765 1.993856e+20 7.426417e-02 0 
    0.259362 1.971494e+20 7.309357e-02 0 
    0.260559 1.932026e+20 7.097366e-02 0 
    0.261762 1.915157e+20 6.970879e-02 0 
    0.262365 1.992188e+20 7.217967e-02 0 
    0.263576 2.063196e+20 7.406706e-02 0 
    0.264793 2.221982e+20 7.903584e-02 0 
    0.265403 2.274289e+20 8.052495e-02 0 
    0.266628 2.113728e+20 7.415392e-02 0 
    0.267243 2.188589e+20 7.642720e-02 0 
    0.268476 2.214995e+20 7.664049e-02 0 
    0.269716 2.126181e+20 7.289257e-02 0 
    0.270337 2.186217e+20 7.460685e-02 0 
    0.271585 2.098536e+20 7.095800e-02 0 
    0.272211 2.089380e+20 7.032382e-02 0 
    0.273468 2.183967e+20 7.283323e-02 0 
    0.274730 1.965449e+20 6.494505e-02 0 
    0.275363 2.016332e+20 6.632044e-02 0 
    0.276634 2.097858e+20 6.836933e-02 0 
    0.277272 2.177135e+20 7.062684e-02 0 
    0.278552 2.075426e+20 6.671003e-02 0 
    0.279194 1.746703e+20 5.588606e-02 0 
    0.280483 1.855465e+20 5.882150e-02 0 
    0.281777 2.201174e+20 6.914164e-02 0 
    0.282427 2.300303e+20 7.192322e-02 0 
    0.283731 2.249091e+20 6.967707e-02 0 
    0.284385 2.193417e+20 6.764009e-02 0 
    0.285697 2.119959e+20 6.477577e-02 0 
    0.286356 2.309173e+20 7.023286e-02 0 
    0.287678 2.342436e+20 7.059126e-02 0 
    0.288341 2.332366e+20 6.996491e-02 0 
    0.289672 2.349700e+20 6.983866e-02 0 
    0.291009 2.530805e+20 7.453191e-02 0 
    0.293026 2.463720e+20 7.156084e-02 0 
    0.295057 2.448747e+20 7.015014e-02 0 
    0.297102 2.502068e+20 7.069431e-02 0 
    0.299162 2.527250e+20 7.042579e-02 0 
    0.301235 2.570294e+20 7.064287e-02 0 
    0.303324 2.596322e+20 7.037875e-02 0 
    0.304724 2.615641e+20 7.025241e-02 0 
    0.306836 2.648168e+20 7.015027e-02 0 
    0.308963 2.681082e+20 7.004767e-02 0 
    0.311104 2.714403e+20 6.994547e-02 0 
    0.313261 2.697901e+20 6.856615e-02 0 
    0.314707 2.718177e+20 6.844811e-02 0 
    0.316888 2.764701e+20 6.866461e-02 0 
    0.319085 2.666927e+20 6.532731e-02 0 
    0.321297 2.769424e+20 6.690716e-02 0 
    0.322780 2.670774e+20 6.393230e-02 0 
    0.325017 2.857802e+20 6.747089e-02 0 
    0.327270 2.981311e+20 6.942108e-02 0 
    0.328780 2.976117e+20 6.866503e-02 0 
    0.331059 2.992569e+20 6.809730e-02 0 
    0.331823 2.993526e+20 6.780575e-02 0 
    0.332588 3.008202e+20 6.782508e-02 0 
    0.333354 3.093375e+20 6.942529e-02 0 
    0.334123 2.955095e+20 6.601690e-02 0 
    0.334893 3.189340e+20 7.092268e-02 0 
    0.335665 3.074825e+20 6.806201e-02 0 
    0.336439 2.779442e+20 6.124087e-02 0 
    0.337214 2.818868e+20 6.182443e-02 0 
    0.337992 3.106038e+20 6.780947e-02 0 
    0.338771 3.106955e+20 6.751790e-02 0 
    0.339552 3.044244e+20 6.585114e-02 0 
    0.340335 3.218059e+20 6.929107e-02 0 
    0.341119 3.011187e+20 6.453903e-02 0 
    0.341906 3.082168e+20 6.575659e-02 0 
    0.342694 3.140552e+20 6.669441e-02 0 
    0.343484 3.312372e+20 7.002006e-02 0 
    0.344276 3.070927e+20 6.461784e-02 0 
    0.345069 3.165232e+20 6.629643e-02 0 
    0.345865 3.129957e+20 6.525618e-02 0 
    0.346662 3.102058e+20 6.437747e-02 0 
    0.347461 3.219567e+20 6.650920e-02 0 
    0.348262 3.132866e+20 6.442079e-02 0 
    0.349065 3.258792e+20 6.670226e-02 0 
    0.349870 3.056267e+20 6.226936e-02 0 
    0.350676 3.260963e+20 6.613483e-02 0 
    0.351484 3.107969e+20 6.274252e-02 0 
    0.352295 3.293102e+20 6.617421e-02 0 
    0.353107 3.234033e+20 6.468867e-02 0 
    0.353921 3.348702e+20 6.667458e-02 0 
    0.354737 3.459394e+20 6.856199e-02 0 
    0.355554 3.405258e+20 6.717928e-02 0 
    0.356374 3.375032e+20 6.627691e-02 0 
    0.357196 3.172689e+20 6.201701e-02 0 
    0.358019 3.151903e+20 6.132777e-02 0 
    0.358844 2.908678e+20 5.633531e-02 0 
    0.359671 3.242184e+20 6.250622e-02 0 
    0.360501 3.380343e+20 6.487006e-02 0 
    0.361332 3.184921e+20 6.083903e-02 0 
    0.362165 3.200658e+20 6.085872e-02 0 
    0.363000 3.693010e+20 6.989783e-02 0 
    0.363836 3.471631e+20 6.540615e-02 0 
    0.364675 3.464756e+20 6.497662e-02 0 
    0.365516 3.530338e+20 6.590220e-02 0 
    0.366358 3.775235e+20 7.015022e-02 0 
    0.367203 3.623091e+20 6.701365e-02 0 
    0.368049 3.541801e+20 6.520927e-02 0 
    0.368058 4.507009e+20 8.297596e-02 1 
    0.368332 3.765657e+20 6.922425e-02 1 
    0.368606 3.534919e+20 6.488602e-02 1 
    0.368881 4.116991e+20 7.545774e-02 1 
    0.369155 3.140243e+20 5.747013e-02 1 
    0.369429 2.933166e+20 5.360079e-02 1 
    0.369704 2.688969e+20 4.906524e-02 1 
    0.369978 2.660737e+20 4.847821e-02 1 
    0.370252 3.346070e+20 6.087468e-02 1 
    0.370527 3.724331e+20 6.765579e-02 1 
    0.370801 3.453964e+20 6.265165e-02 1 
    0.371075 3.835007e+20 6.946071e-02 1 
    0.371349 3.831092e+20 6.928744e-02 1 
    0.371624 3.819080e+20 6.896802e-02 1 
    0.371898 4.815699e+20 8.683766e-02 1 
    0.372172 8.819708e+20 1.588047e-01 1 
    0.372447 1.582117e+21 2.844501e-01 1 
    0.372721 1.923423e+21 3.453054e-01 1 
    0.372995 1.672573e+21 2.998303e-01 1 
    0.373270 1.169323e+21 2.093075e-01 1 
    0.373544 6.697686e+20 1.197120e-01 1 
    0.373818 4.591788e+20 8.195169e-02 1 
    0.374093 4.552761e+20 8.113573e-02 1 
    0.374367 3.448754e+20 6.137104e-02 1 
    0.374641 3.213429e+20 5.709979e-02 1 
    0.374915 2.940760e+20 5.217836e-02 1 
    0.375190 4.043960e+20 7.164746e-02 1 
    0.375464 4.187967e+20 7.409060e-02 1 
    0.375738 4.179367e+20 7.383066e-02 1 
    0.376013 4.464250e+20 7.874795e-02 1 
    0.376287 4.678141e+20 8.240078e-02 1 
    0.376561 3.891442e+20 6.844414e-02 1 
    0.376836 3.813652e+20 6.697808e-02 1 
    0.377110 3.764832e+20 6.602463e-02 1 
    0.377384 4.445124e+20 7.784188e-02 1 
    0.377659 4.314582e+20 7.544587e-02 1 
    0.377933 4.688915e+20 8.187271e-02 1 
    0.378207 4.487809e+20 7.824771e-02 1 
    0.378481 4.898534e+20 8.528534e-02 1 
    0.378756 5.064066e+20 8.803933e-02 1 
    0.379030 4.494876e+20 7.803096e-02 1 
    0.379304 4.584352e+20 7.946932e-02 1 
    0.379579 3.912854e+20 6.773073e-02 1 
    0.379853 3.574282e+20 6.178089e-02 1 
    0.380127 3.373067e+20 5.821890e-02 1 
    0.380402 4.147718e+20 7.148585e-02 1 
    0.380676 5.052122e+20 8.694793e-02 1 
    0.380950 5.000249e+20 8.593145e-02 1 
    0.381225 4.940175e+20 8.477662e-02 1 
    0.381499 5.158378e+20 8.839400e-02 1 
    0.381773 4.971906e+20 8.507636e-02 1 
    0.382047 5.471862e+20 9.349707e-02 1 
    0.382322 5.162412e+20 8.808269e-02 1 
    0.382596 4.515327e+20 7.693160e-02 1 
    0.382870 4.354818e+20 7.409072e-02 1 
    0.383145 4.239295e+20 7.202177e-02 1 
    0.383419 4.005436e+20 6.795149e-02 1 
    0.383693 3.542948e+20 6.001965e-02 1 
    0.383968 3.933750e+20 6.654465e-02 1 
    0.384242 4.286937e+20 7.241590e-02 1 
    0.384516 4.671255e+20 7.879546e-02 1 
    0.384791 5.585809e+20 9.408768e-02 1 
    0.385065 5.898086e+20 9.920635e-02 1 
    0.385339 5.492191e+20 9.224783e-02 1 
    0.385613 5.899633e+20 9.895054e-02 1 
    0.385888 5.904266e+20 9.888715e-02 1 
    0.386162 5.413423e+20 9.053767e-02 1 
    0.386436 5.700937e+20 9.521109e-02 1 
    0.386711 6.126998e+20 1.021812e-01 1 
    0.386985 6.025671e+20 1.003491e-01 1 
    0.387259 5.289269e+20 8.796077e-02 1 
    0.387534 5.662411e+20 9.403254e-02 1 
    0.387808 4.958061e+20 8.221949e-02 1 
    0.388082 4.873467e+20 8.070259e-02 1 
    0.388357 4.820311e+20 7.970934e-02 1 
    0.388631 4.646723e+20 7.673055e-02 1 
    0.388905 4.736204e+20 7.809798e-02 1 
    0.389180 5.075751e+20 8.357873e-02 1 
    0.389454 4.017729e+20 6.606399e-02 1 
    0.389728 5.264772e+20 8.644758e-02 1 
    0.390002 5.305349e+20 8.699148e-02 1 
    0.390277 5.207170e+20 8.526136e-02 1 
    0.390551 5.824673e+20 9.523849e-02 1 
    0.390825 6.104109e+20 9.966761e-02 1 
    0.391100 6.136847e+20 1.000613e-01 1 
    0.391374 6.238146e+20 1.015706e-01 1 
    0.391648 5.813583e+20 9.452539e-02 1 
    0.391923 5.735334e+20 9.312230e-02 1 
    0.392197 5.630117e+20 9.128624e-02 1 
    0.392471 5.230118e+20 8.468233e-02 1 
    0.392746 5.034914e+20 8.140760e-02 1 
    0.393020 4.681741e+20 7.559177e-02 1 
    0.393294 4.219793e+20 6.803822e-02 1 
    0.393568 4.567073e+20 7.353513e-02 1 
    0.393843 4.761409e+20 7.655713e-02 1 
    0.394117 5.281438e+20 8.480048e-02 1 
    0.394391 5.340154e+20 8.562415e-02 1 
    0.394666 5.128809e+20 8.212088e-02 1 
    0.394940 5.434373e+20 8.689278e-02 1 
    0.395214 5.680065e+20 9.069537e-02 1 
    0.395489 6.023046e+20 9.603816e-02 1 
    0.395763 5.244226e+20 8.350404e-02 1 
    0.396037 4.839397e+20 7.695134e-02 1 
    0.396312 4.470902e+20 7.099326e-02 1 
    0.396586 4.541204e+20 7.200998e-02 1 
    0.396860 4.404159e+20 6.974045e-02 1 
    0.397134 4.122695e+20 6.519337e-02 1 
    0.397409 4.656636e+20 7.353487e-02 1 
    0.397683 5.463400e+20 8.615597e-02 1 
    0.397957 5.696632e+20 8.971030e-02 1 
    0.398232 5.442904e+20 8.559626e-02 1 
    0.398506 6.172007e+20 9.692887e-02 1 
    0.398780 6.203120e+20 9.728365e-02 1 
    0.399055 5.970628e+20 9.350846e-02 1 
    0.399329 5.938528e+20 9.287815e-02 1 
    0.399603 6.122282e+20 9.562078e-02 1 
    0.399878 5.630473e+20 8.781856e-02 1 
    0.400152 6.309361e+20 9.827246e-02 1 
    0.400426 6.353227e+20 9.882032e-02 1 
    0.400700 6.030888e+20 9.367830e-02 1 
    0.400975 6.361249e+20 9.867434e-02 1 
    0.401249 6.656631e+20 1.031153e-01 1 
    0.401523 6.150185e+20 9.514013e-02 1 
    0.401798 6.578687e+20 1.016296e-01 1 
    0.402072 6.733769e+20 1.038836e-01 1 
    0.402346 6.505612e+20 1.002271e-01 1 
    0.402621 6.538303e+20 1.005932e-01 1 
    0.402895 6.307680e+20 9.691308e-02 1 
    0.403169 5.823452e+20 8.935167e-02 1 
    0.403444 7.100210e+20 1.087930e-01 1 
    0.403718 6.651242e+20 1.017754e-01 1 
    0.403992 6.713145e+20 1.025834e-01 1 
    0.404266 6.190091e+20 9.446243e-02 1 
    0.404541 6.278132e+20 9.567574e-02 1 
    0.404815 6.536758e+20 9.948227e-02 1 
    0.405089 6.262764e+20 9.518349e-02 1 
    0.405364 6.210498e+20 9.426111e-02 1 
    0.405638 6.295336e+20 9.541972e-02 1 
    0.405912 6.036247e+20 9.136916e-02 1 
    0.406187 6.656982e+20 1.006287e-01 1 
    0.406461 6.575663e+20 9.926547e-02 1 
    0.406735 6.779004e+20 1.021973e-01 1 
    0.407010 6.482715e+20 9.759851e-02 1 
    0.407284 6.580563e+20 9.893838e-02 1 
    0.407558 6.545342e+20 9.827655e-02 1 
    0.407832 5.936607e+20 8.901683e-02 1 
    0.408107 5.995382e+20 8.977702e-02 1 
    0.408381 5.907533e+20 8.834287e-02 1 
    0.408655 6.183276e+20 9.234246e-02 1 
    0.408930 5.754325e+20 8.582087e-02 1 
    0.409204 5.968666e+20 8.889841e-02 1 
    0.409478 5.884482e+20 8.752731e-02 1 
    0.409753 5.722864e+20 8.500914e-02 1 
    0.410027 5.878480e+20 8.720403e-02 1 
    0.410301 6.115887e+20 9.060471e-02 1 
    0.410576 5.846548e+20 8.649856e-02 1 
    0.410850 5.414325e+20 7.999709e-02 1 
    0.411124 5.507279e+20 8.126205e-02 1 
    0.411398 6.097566e+20 8.985218e-02 1 
    0.411673 6.413891e+20 9.438723e-02 1 
    0.411947 6.040913e+20 8.878024e-02 1 
    0.412221 5.957680e+20 8.744065e-02 1 
    0.412496 6.286595e+20 9.214515e-02 1 
    0.412770 6.489043e+20 9.498627e-02 1 
    0.413044 6.264783e+20 9.158194e-02 1 
    0.413319 6.543010e+20 9.552198e-02 1 
    0.413593 6.478187e+20 9.445035e-02 1 
    0.413867 6.526023e+20 9.502184e-02 1 
    0.414142 6.229825e+20 9.058865e-02 1 
    0.414416 6.280137e+20 9.119952e-02 1 
    0.414690 6.582703e+20 9.546708e-02 1 
    0.414964 6.880885e+20 9.965976e-02 1 
    0.415239 6.406988e+20 9.267317e-02 1 
    0.415513 5.952825e+20 8.599048e-02 1 
    0.415787 6.371760e+20 9.192084e-02 1 
    0.416062 6.318633e+20 9.103396e-02 1 
    0.416336 6.309440e+20 9.078192e-02 1 
    0.416610 6.695084e+20 9.620398e-02 1 
    0.416885 6.526524e+20 9.365820e-02 1 
    0.417159 6.141123e+20 8.801182e-02 1 
    0.417433 6.241979e+20 8.933984e-02 1 
    0.417708 6.386089e+20 9.128214e-02 1 
    0.417982 6.498266e+20 9.276386e-02 1 
    0.418256 6.482199e+20 9.241329e-02 1 
    0.418530 6.400206e+20 9.112494e-02 1 
    0.418805 6.272257e+20 8.918598e-02 1 
    0.419079 6.775222e+20 9.621177e-02 1 
    0.419353 6.890508e+20 9.772107e-02 1 
    0.419628 6.680577e+20 9.461970e-02 1 
    0.419902 6.382887e+20 9.028544e-02 1 
    0.420176 6.644501e+20 9.386342e-02 1 
    0.420451 6.785288e+20 9.572690e-02 1 
    0.420725 7.111842e+20 1.002033e-01 1 
    0.420999 7.254132e+20 1.020751e-01 1 
    0.421274 7.048808e+20 9.905645e-02 1 
    0.421548 6.975728e+20 9.790208e-02 1 
    0.421822 6.957259e+20 9.751606e-02 1 
    0.422096 7.044001e+20 9.860375e-02 1 
    0.422371 6.742273e+20 9.425721e-02 1 
    0.422645 6.447645e+20 9.002145e-02 1 
    0.422919 6.337895e+20 8.837452e-02 1 
    0.423194 6.563994e+20 9.140831e-02 1 
    0.423468 6.515275e+20 9.061247e-02 1 
    0.423742 6.564854e+20 9.118397e-02 1 
    0.424017 6.919905e+20 9.599090e-02 1 
    0.424291 6.655814e+20 9.220829e-02 1 
    0.424565 6.554209e+20 9.068352e-02 1 
    0.424840 6.783680e+20 9.373699e-02 1 
    0.425114 6.681087e+20 9.220038e-02 1 
    0.425388 6.448414e+20 8.887486e-02 1 
    0.425662 6.393755e+20 8.800810e-02 1 
    0.425937 6.539009e+20 8.989130e-02 1 
    0.426211 6.705861e+20 9.206652e-02 1 
    0.426485 6.648400e+20 9.116037e-02 1 
    0.426760 6.771764e+20 9.273226e-02 1 
    0.427034 6.257258e+20 8.557672e-02 1 
    0.427308 6.142405e+20 8.389823e-02 1 
    0.427583 6.444059e+20 8.790530e-02 1 
    0.427857 6.271853e+20 8.544665e-02 1 
    0.428131 6.400080e+20 8.708202e-02 1 
    0.428406 6.453519e+20 8.769643e-02 1 
    0.428680 6.374684e+20 8.651446e-02 1 
    0.428954 6.531689e+20 8.853204e-02 1 
    0.429228 6.640469e+20 8.989161e-02 1 
    0.429503 6.341183e+20 8.573031e-02 1 
    0.429777 6.257067e+20 8.448525e-02 1 
    0.430051 6.078342e+20 8.196750e-02 1 
    0.430326 6.115356e+20 8.236127e-02 1 
    0.430600 6.014179e+20 8.089557e-02 1 
    0.430874 6.057629e+20 8.137640e-02 1 
    0.431149 5.986341e+20 8.031619e-02 1 
    0.431423 6.338900e+20 8.493834e-02 1 
    0.431697 6.584283e+20 8.811439e-02 1 
    0.431972 6.750673e+20 9.022613e-02 1 
    0.432246 5.844163e+20 7.801117e-02 1 
    0.432520 5.759662e+20 7.678582e-02 1 
    0.432794 6.242249e+20 8.311417e-02 1 
    0.433069 6.256683e+20 8.320059e-02 1 
    0.433343 6.137628e+20 8.151423e-02 1 
    0.433617 6.832514e+20 9.062842e-02 1 
    0.433892 7.544909e+20 9.995100e-02 1 
    0.434166 8.314781e+20 1.100109e-01 1 
    0.434440 7.053491e+20 9.320538e-02 1 
    0.434715 6.479890e+20 8.551747e-02 1 
    0.434989 6.231572e+20 8.213674e-02 1 
    0.435263 6.226264e+20 8.196350e-02 1 
    0.435538 6.051894e+20 7.956750e-02 1 
    0.435812 6.536048e+20 8.582490e-02 1 
    0.436086 6.785246e+20 8.898520e-02 1 
    0.436360 7.087100e+20 9.282717e-02 1 
    0.436635 6.977334e+20 9.127437e-02 1 
    0.436909 6.700194e+20 8.753906e-02 1 
    0.437183 6.865333e+20 8.958422e-02 1 
    0.437458 6.807434e+20 8.871706e-02 1 
    0.437732 6.527169e+20 8.495809e-02 1 
    0.438006 6.612644e+20 8.596299e-02 1 
    0.438281 6.943236e+20 9.014738e-02 1 
    0.438555 6.203195e+20 8.043847e-02 1 
    0.438829 6.504863e+20 8.424496e-02 1 
    0.439104 6.500812e+20 8.408708e-02 1 
    0.439378 7.019526e+20 9.068337e-02 1 
    0.439652 6.843226e+20 8.829563e-02 1 
    0.439926 6.945334e+20 8.950151e-02 1 
    0.440201 7.009718e+20 9.021838e-02 1 
    0.440475 6.476501e+20 8.325193e-02 1 
    0.440749 6.764479e+20 8.684565e-02 1 
    0.441024 6.795950e+20 8.714092e-02 1 
    0.441298 6.623488e+20 8.482411e-02 1 
    0.441572 6.931781e+20 8.866213e-02 1 
    0.441847 6.898447e+20 8.812597e-02 1 
    0.442121 6.846484e+20 8.735379e-02 1 
    0.442395 6.999077e+20 8.919012e-02 1 
    0.442670 7.127573e+20 9.071475e-02 1 
    0.442944 7.160278e+20 9.101830e-02 1 
    0.443218 6.315953e+20 8.018636e-02 1 
    0.443492 7.353290e+20 9.324092e-02 1 
    0.443767 6.958847e+20 8.812999e-02 1 
    0.444041 7.481771e+20 9.463563e-02 1 
    0.444315 7.228394e+20 9.131799e-02 1 
    0.444590 7.441560e+20 9.389470e-02 1 
    0.444864 7.010186e+20 8.834285e-02 1 
    0.445138 7.272726e+20 9.153862e-02 1 
    0.445413 7.301125e+20 9.178263e-02 1 
    0.445687 7.085417e+20 8.896146e-02 1 
    0.445961 6.821398e+20 8.554135e-02 1 
    0.446236 6.671860e+20 8.356303e-02 1 
    0.446510 7.277293e+20 9.103406e-02 1 
    0.446784 7.033932e+20 8.788190e-02 1 
    0.447059 7.223192e+20 9.013552e-02 1 
    0.447333 7.526399e+20 9.380409e-02 1 
    0.447607 7.885096e+20 9.815439e-02 1 
    0.447881 7.668157e+20 9.533715e-02 1 
    0.448156 7.165716e+20 8.898107e-02 1 
    0.448430 7.367023e+20 9.136906e-02 1 
    0.448704 7.430433e+20 9.204298e-02 1 
    0.448979 7.462134e+20 9.232247e-02 1 
    0.449253 7.285349e+20 9.002537e-02 1 
    0.449527 7.587015e+20 9.363880e-02 1 
    0.449802 7.632079e+20 9.407984e-02 1 
    0.450076 7.401037e+20 9.112076e-02 1 
    0.450350 6.869807e+20 8.447742e-02 1 
    0.450625 7.872738e+20 9.669225e-02 1 
    0.450899 7.568497e+20 9.284264e-02 1 
    0.451173 8.071054e+20 9.888730e-02 1 
    0.451447 7.584028e+20 9.280744e-02 1 
    0.451722 7.688029e+20 9.396562e-02 1 
    0.451996 7.022110e+20 8.572252e-02 1 
    0.452270 7.559672e+20 9.217302e-02 1 
    0.452545 7.673679e+20 9.344940e-02 1 
    0.452819 6.868554e+20 8.354347e-02 1 
    0.453093 7.332591e+20 8.907978e-02 1 
    0.453368 6.943662e+20 8.425259e-02 1 
    0.453642 7.230709e+20 8.762961e-02 1 
    0.453916 7.172723e+20 8.682194e-02 1 
    0.454191 6.983233e+20 8.442594e-02 1 
    0.454465 7.758190e+20 9.368196e-02 1 
    0.454739 7.272917e+20 8.771636e-02 1 
    0.455013 7.171132e+20 8.638465e-02 1 
    0.455288 7.402481e+20 8.906383e-02 1 
    0.455562 6.912021e+20 8.306278e-02 1 
    0.455836 7.583163e+20 9.101849e-02 1 
    0.456111 7.422034e+20 8.897712e-02 1 
    0.456385 7.255893e+20 8.688095e-02 1 
    0.456659 7.610568e+20 9.101847e-02 1 
    0.456934 7.242341e+20 8.651043e-02 1 
    0.457208 7.426410e+20 8.860286e-02 1 
    0.457482 8.012664e+20 9.548286e-02 1 
    0.457757 7.962686e+20 9.477331e-02 1 
    0.458031 8.045152e+20 9.564031e-02 1 
    0.458305 7.633004e+20 9.063225e-02 1 
    0.458579 7.849802e+20 9.309509e-02 1 
    0.458854 7.178926e+20 8.503679e-02 1 
    0.459128 7.561857e+20 8.946587e-02 1 
    0.459402 7.697606e+20 9.096333e-02 1 
    0.459677 7.566919e+20 8.931204e-02 1 
    0.459951 7.842680e+20 9.245658e-02 1 
    0.460225 7.283815e+20 8.576595e-02 1 
    0.460500 7.437573e+20 8.747187e-02 1 
    0.460774 7.625225e+20 8.957218e-02 1 
    0.461048 7.646734e+20 8.971811e-02 1 
    0.461323 7.923818e+20 9.285830e-02 1 
    0.461597 7.406740e+20 8.669570e-02 1 
    0.461871 7.811567e+20 9.132575e-02 1 
    0.462145 7.672038e+20 8.958817e-02 1 
    0.462420 8.070003e+20 9.412324e-02 1 
    0.462694 7.964239e+20 9.277972e-02 1 
    0.462968 7.880897e+20 9.170016e-02 1 
    0.463243 7.754282e+20 9.011981e-02 1 
    0.463517 7.718660e+20 8.959980e-02 1 
    0.463791 7.882770e+20 9.139673e-02 1 
    0.464066 8.104754e+20 9.385918e-02 1 
    0.464340 7.809454e+20 9.033269e-02 1 
    0.464614 7.710569e+20 8.908371e-02 1 
    0.464889 7.605972e+20 8.777131e-02 1 
    0.465163 7.719901e+20 8.898112e-02 1 
    0.465437 8.127747e+20 9.357176e-02 1 
    0.465711 8.046865e+20 9.253163e-02 1 
    0.465986 7.739692e+20 8.889440e-02 1 
    0.466260 7.876924e+20 9.036427e-02 1 
    0.466534 8.073953e+20 9.251584e-02 1 
    0.466809 7.695442e+20 8.807479e-02 1 
    0.467083 7.906476e+20 9.038394e-02 1 
    0.467357 7.629683e+20 8.711751e-02 1 
    0.467632 7.761639e+20 8.852002e-02 1 
    0.467906 7.660750e+20 8.726709e-02 1 
    0.468180 7.865747e+20 8.949747e-02 1 
    0.468455 8.087504e+20 9.191264e-02 1 
    0.468729 8.059488e+20 9.148718e-02 1 
    0.469003 8.163800e+20 9.256303e-02 1 
    0.469277 7.996601e+20 9.056145e-02 1 
    0.469552 7.880897e+20 8.914658e-02 1 
    0.469826 7.971715e+20 9.006876e-02 1 
    0.470100 7.892690e+20 8.907196e-02 1 
    0.470375 7.606871e+20 8.574603e-02 1 
    0.470649 7.848128e+20 8.836254e-02 1 
    0.470923 7.882505e+20 8.864636e-02 1 
    0.471198 7.796627e+20 8.757827e-02 1 
    0.471472 7.813083e+20 8.766113e-02 1 
    0.471746 7.816902e+20 8.760213e-02 1 
    0.472021 7.521856e+20 8.419743e-02 1 
    0.472295 7.676152e+20 8.582489e-02 1 
    0.472569 7.917236e+20 8.841778e-02 1 
    0.472843 7.760405e+20 8.656591e-02 1 
    0.473118 7.944823e+20 8.852006e-02 1 
    0.473392 7.354610e+20 8.184917e-02 1 
    0.473666 7.647777e+20 8.501337e-02 1 
    0.473941 7.908606e+20 8.781077e-02 1 
    0.474215 7.863759e+20 8.721196e-02 1 
    0.474489 8.103712e+20 8.976936e-02 1 
    0.474764 7.887663e+20 8.727487e-02 1 
    0.475038 7.242904e+20 8.004837e-02 1 
    0.475312 7.613567e+20 8.404794e-02 1 
    0.475587 7.939687e+20 8.754672e-02 1 
    0.475861 8.150271e+20 8.976526e-02 1 
    0.476135 7.825847e+20 8.609295e-02 1 
    0.476409 7.775700e+20 8.544291e-02 1 
    0.476684 7.774605e+20 8.533234e-02 1 
    0.476958 7.778523e+20 8.527727e-02 1 
    0.477232 7.933564e+20 8.687718e-02 1 
    0.477507 8.021221e+20 8.773593e-02 1 
    0.477781 7.942800e+20 8.677853e-02 1 
    0.478055 7.858764e+20 8.576203e-02 1 
    0.478330 7.987800e+20 8.706998e-02 1 
    0.478604 8.084906e+20 8.802759e-02 1 
    0.478878 7.923163e+20 8.616786e-02 1 
    0.479153 8.059562e+20 8.755067e-02 1 
    0.479427 8.354590e+20 9.065184e-02 1 
    0.479701 8.200186e+20 8.887486e-02 1 
    0.479975 8.216483e+20 8.894984e-02 1 
    0.480250 8.463463e+20 9.151869e-02 1 
    0.480524 8.162313e+20 8.816161e-02 1 
    0.480798 7.943733e+20 8.570295e-02 1 
    0.481073 8.156098e+20 8.789353e-02 1 
    0.481347 7.889390e+20 8.492261e-02 1 
    0.481621 7.959221e+20 8.557683e-02 1 
    0.481896 7.903716e+20 8.488308e-02 1 
    0.482170 8.011524e+20 8.594314e-02 1 
    0.482444 8.378079e+20 8.977328e-02 1 
    0.482719 8.185126e+20 8.760584e-02 1 
    0.482993 8.218756e+20 8.786600e-02 1 
    0.483267 8.162784e+20 8.716869e-02 1 
    0.483541 8.121814e+20 8.663290e-02 1 
    0.483816 7.823335e+20 8.335428e-02 1 
    0.484090 8.012519e+20 8.527335e-02 1 
    0.484364 8.012334e+20 8.517493e-02 1 
    0.484639 7.674447e+20 8.149046e-02 1 
    0.484913 7.523017e+20 7.979228e-02 1 
    0.485187 7.360816e+20 7.798375e-02 1 
    0.485462 8.556187e+20 9.054536e-02 1 
    0.485736 1.060416e+21 1.120914e-01 1 
    0.486010 1.300680e+21 1.373335e-01 1 
    0.486285 1.338277e+21 1.411434e-01 1 
    0.486559 1.162420e+21 1.224584e-01 1 
    0.486833 9.007140e+20 9.478145e-02 1 
    0.487108 7.765205e+20 8.162042e-02 1 
    0.487382 7.344235e+20 7.710883e-02 1 
    0.487656 7.381811e+20 7.741626e-02 1 
    0.487930 7.616180e+20 7.978452e-02 1 
    0.488205 7.290355e+20 7.628527e-02 1 
    0.488479 7.534922e+20 7.875595e-02 1 
    0.488753 8.047614e+20 8.402040e-02 1 
    0.489028 8.157910e+20 8.507617e-02 1 
    0.489302 7.898120e+20 8.227468e-02 1 
    0.489576 8.217879e+20 8.550982e-02 1 
    0.489851 7.944274e+20 8.257009e-02 1 
    0.490125 8.483385e+20 8.807485e-02 1 
    0.490399 8.013374e+20 8.310223e-02 1 
    0.490674 7.866382e+20 8.148644e-02 1 
    0.490948 8.252946e+20 8.539539e-02 1 
    0.491222 8.365104e+20 8.645939e-02 1 
    0.491496 8.208807e+20 8.474938e-02 1 
    0.491771 7.785448e+20 8.028866e-02 1 
    0.492045 8.067634e+20 8.310611e-02 1 
    0.492319 7.982810e+20 8.214083e-02 1 
    0.492594 7.985192e+20 8.207362e-02 1 
    0.492868 8.088885e+20 8.304698e-02 1 
    0.493142 8.413339e+20 8.628213e-02 1 
    0.493417 8.221144e+20 8.421714e-02 1 
    0.493691 8.168291e+20 8.358285e-02 1 
    0.493965 7.993097e+20 8.169946e-02 1 
    0.494240 8.251291e+20 8.424470e-02 1 
    0.494514 8.511203e+20 8.680209e-02 1 
    0.494788 8.411573e+20 8.569103e-02 1 
    0.495062 8.363206e+20 8.510401e-02 1 
    0.495337 9.200110e+20 9.351643e-02 1 
    0.495611 1.109055e+21 1.126076e-01 1 
    0.495885 1.233868e+21 1.251420e-01 1 
    0.496160 1.188522e+21 1.204093e-01 1 
    0.496434 1.039968e+21 1.052430e-01 1 
    0.496708 9.084295e+20 9.183016e-02 1 
    0.496983 8.175337e+20 8.255037e-02 1 
    0.497257 8.143345e+20 8.213675e-02 1 
    0.497531 8.400676e+20 8.463897e-02 1 
    0.497806 7.986704e+20 8.037922e-02 1 
    0.498080 7.954353e+20 7.996558e-02 1 
    0.498354 7.626056e+20 7.658091e-02 1 
    0.498628 7.712231e+20 7.736120e-02 1 
    0.498903 8.362900e+20 8.379559e-02 1 
    0.499177 8.134313e+20 8.141571e-02 1 
    0.499451 8.284744e+20 8.283041e-02 1 
    0.499726 8.960242e+20 8.948543e-02 1 
    0.500000 1.043389e+21 1.040885e-01 1 
    0.500274 1.473088e+21 1.467943e-01 1 
    0.500549 1.986737e+21 1.977623e-01 1 
    0.500823 2.115964e+21 2.103954e-01 1 
    0.501097 1.699625e+21 1.688130e-01 1 
    0.501372 1.200397e+21 1.190971e-01 1 
    0.501646 9.126642e+20 9.045087e-02 1 
    0.501920 8.085446e+20 8.004448e-02 1 
    0.502194 7.755597e+20 7.669528e-02 1 
    0.502469 7.687483e+20 7.593852e-02 1 
    0.502743 8.301263e+20 8.191219e-02 1 
    0.503017 8.357896e+20 8.238120e-02 1 
    0.503292 8.513088e+20 8.381921e-02 1 
    0.503566 8.240321e+20 8.104528e-02 1 
    0.503840 7.959726e+20 7.820046e-02 1 
    0.504115 7.710222e+20 7.566658e-02 1 
    0.504389 8.449761e+20 8.283419e-02 1 
    0.504663 8.716078e+20 8.535219e-02 1 
    0.504938 8.460901e+20 8.276315e-02 1 
    0.505212 8.553571e+20 8.357889e-02 1 
    0.505486 8.636739e+20 8.430009e-02 1 
    0.505760 8.503052e+20 8.290530e-02 1 
    0.506035 8.618681e+20 8.394138e-02 1 
    0.506309 8.595626e+20 8.362626e-02 1 
    0.506583 8.438706e+20 8.201081e-02 1 
    0.506858 8.639429e+20 8.387043e-02 1 
    0.507132 8.439521e+20 8.184125e-02 1 
    0.507406 7.964189e+20 7.714838e-02 1 
    0.507681 7.803402e+20 7.550898e-02 1 
    0.507955 7.753542e+20 7.494560e-02 1 
    0.508229 7.968821e+20 7.694345e-02 1 
    0.508504 8.185778e+20 7.895282e-02 1 
    0.508778 8.277225e+20 7.974888e-02 1 
    0.509052 8.598536e+20 8.275546e-02 1 
    0.509326 8.856179e+20 8.514344e-02 1 
    0.509601 8.330281e+20 8.000104e-02 1 
    0.509875 8.054609e+20 7.727046e-02 1 
    0.510149 8.349049e+20 8.000909e-02 1 
    0.510424 8.253890e+20 7.901197e-02 1 
    0.510698 8.271417e+20 7.909482e-02 1 
    0.510972 8.363219e+20 7.988692e-02 1 
    0.511247 8.375092e+20 7.991429e-02 1 
    0.511521 8.169116e+20 7.786541e-02 1 
    0.511795 8.383558e+20 7.982385e-02 1 
    0.512070 8.226834e+20 7.824750e-02 1 
    0.512344 7.934973e+20 7.539084e-02 1 
    0.512618 8.089612e+20 7.677793e-02 1 
    0.512892 8.321873e+20 7.889795e-02 1 
    0.513167 8.391106e+20 7.946909e-02 1 
    0.513441 8.460889e+20 8.004447e-02 1 
    0.513715 8.366110e+20 7.906341e-02 1 
    0.513990 8.348335e+20 7.881103e-02 1 
    0.514264 8.001665e+20 7.545787e-02 1 
    0.514538 7.915252e+20 7.456351e-02 1 
    0.514813 8.143947e+20 7.663593e-02 1 
    0.515087 7.934236e+20 7.458309e-02 1 
    0.515361 7.999757e+20 7.511907e-02 1 
    0.515636 8.422049e+20 7.900012e-02 1 
    0.515910 8.403257e+20 7.874014e-02 1 
    0.516184 8.285063e+20 7.755025e-02 1 
    0.516458 8.166604e+20 7.636035e-02 1 
    0.516733 7.912039e+20 7.390137e-02 1 
    0.517007 7.446185e+20 6.947643e-02 1 
    0.517281 7.654477e+20 7.134424e-02 1 
    0.517556 7.888590e+20 7.344820e-02 1 
    0.517830 8.272315e+20 7.693946e-02 1 
    0.518104 8.614428e+20 8.003667e-02 1 
    0.518379 8.367121e+20 7.765648e-02 1 
    0.518653 8.090376e+20 7.500866e-02 1 
    0.518927 8.043627e+20 7.449650e-02 1 
    0.519202 7.865587e+20 7.277042e-02 1 
    0.519476 8.285331e+20 7.657295e-02 1 
    0.519750 8.469074e+20 7.818859e-02 1 
    0.520024 8.755304e+20 8.074597e-02 1 
    0.520299 8.624684e+20 7.945727e-02 1 
    0.520573 8.394441e+20 7.725471e-02 1 
    0.520847 8.068118e+20 7.417342e-02 1 
    0.521122 7.957768e+20 7.308174e-02 1 
    0.521396 8.234164e+20 7.554063e-02 1 
    0.521670 8.556703e+20 7.841717e-02 1 
    0.521945 8.339306e+20 7.634434e-02 1 
    0.522219 8.505772e+20 7.778661e-02 1 
    0.522493 8.187336e+20 7.479595e-02 1 
    0.522768 8.406210e+20 7.671471e-02 1 
    0.523042 8.274128e+20 7.543025e-02 1 
    0.523316 7.987720e+20 7.274300e-02 1 
    0.523590 8.398912e+20 7.640765e-02 1 
    0.523865 8.554701e+20 7.774322e-02 1 
    0.524139 8.853602e+20 8.037546e-02 1 
    0.524413 9.034933e+20 8.193595e-02 1 
    0.524688 8.815602e+20 7.986310e-02 1 
    0.524962 8.531793e+20 7.721132e-02 1 
    0.525236 8.336294e+20 7.536341e-02 1 
    0.525511 8.394743e+20 7.581240e-02 1 
    0.525785 8.631941e+20 7.787329e-02 1 
    0.526059 8.692980e+20 7.834229e-02 1 
    0.526334 8.510343e+20 7.661622e-02 1 
    0.526608 8.258083e+20 7.426784e-02 1 
    0.526882 8.314057e+20 7.469349e-02 1 
    0.527156 8.410089e+20 7.547771e-02 1 
    0.527431 8.253147e+20 7.399200e-02 1 
    0.527705 8.363367e+20 7.490232e-02 1 
    0.527979 8.623548e+20 7.715235e-02 1 
    0.528254 8.963615e+20 8.011135e-02 1 
    0.528528 8.816691e+20 7.871656e-02 1 
    0.528802 8.962362e+20 7.993422e-02 1 
    0.529077 8.913284e+20 7.941389e-02 1 
    0.529351 8.612626e+20 7.665573e-02 1 
    0.529625 8.321968e+20 7.399213e-02 1 
    0.529900 8.517361e+20 7.565082e-02 1 
    0.530174 8.794415e+20 7.803088e-02 1 
    0.530448 9.250295e+20 8.199104e-02 1 
    0.530723 9.221148e+20 8.164802e-02 1 
    0.530997 8.916623e+20 7.887016e-02 1 
    0.531271 9.043565e+20 7.991051e-02 1 
    0.531545 9.032372e+20 7.972933e-02 1 
    0.531820 8.909874e+20 7.856672e-02 1 
    0.532094 8.768770e+20 7.724287e-02 1 
    0.532368 8.777813e+20 7.724295e-02 1 
    0.532643 8.609806e+20 7.568631e-02 1 
    0.532917 8.565728e+20 7.522143e-02 1 
    0.533191 8.733104e+20 7.661246e-02 1 
    0.533466 8.812234e+20 7.722696e-02 1 
    0.533740 9.184521e+20 8.040693e-02 1 
    0.534014 9.019601e+20 7.888210e-02 1 
    0.534289 8.957157e+20 7.825537e-02 1 
    0.534563 9.097287e+20 7.939818e-02 1 
    0.534837 8.945734e+20 7.799549e-02 1 
    0.535111 9.229070e+20 8.038345e-02 1 
    0.535386 9.213627e+20 8.016653e-02 1 
    0.535660 9.536324e+20 8.288940e-02 1 
    0.535934 9.599188e+20 8.335052e-02 1 
    0.536209 9.177012e+20 7.960303e-02 1 
    0.536483 9.013608e+20 7.810578e-02 1 
    0.536757 8.774293e+20 7.595444e-02 1 
    0.537032 8.699423e+20 7.522922e-02 1 
    0.537306 8.778098e+20 7.583217e-02 1 
    0.537580 9.024034e+20 7.787732e-02 1 
    0.537855 9.247147e+20 7.972120e-02 1 
    0.538129 9.099651e+20 7.836974e-02 1 
    0.538403 9.030157e+20 7.769210e-02 1 
    0.538677 9.018272e+20 7.751092e-02 1 
    0.538952 9.105934e+20 7.818452e-02 1 
    0.539226 8.913075e+20 7.645086e-02 1 
    0.539500 8.559778e+20 7.334593e-02 1 
    0.539775 8.799568e+20 7.532381e-02 1 
    0.540049 8.902055e+20 7.612378e-02 1 
    0.540323 9.011654e+20 7.698286e-02 1 
    0.540598 8.885982e+20 7.583209e-02 1 
    0.540872 8.665752e+20 7.387775e-02 1 
    0.541146 8.686111e+20 7.397635e-02 1 
    0.541421 8.789862e+20 7.478393e-02 1 
    0.541695 9.108923e+20 7.742011e-02 1 
    0.541969 8.771023e+20 7.447282e-02 1 
    0.542243 8.910905e+20 7.558408e-02 1 
    0.542518 9.225903e+20 7.817664e-02 1 
    0.542792 9.108157e+20 7.710102e-02 1 
    0.543066 9.099660e+20 7.695137e-02 1 
    0.543341 8.984785e+20 7.590304e-02 1 
    0.543615 9.107782e+20 7.686458e-02 1 
    0.543889 9.087532e+20 7.661641e-02 1 
    0.544164 9.047578e+20 7.620248e-02 1 
    0.544438 9.180336e+20 7.724283e-02 1 
    0.544712 8.859096e+20 7.446495e-02 1 
    0.544987 8.694395e+20 7.300684e-02 1 
    0.545261 9.076585e+20 7.613951e-02 1 
    0.545535 9.092773e+20 7.619869e-02 1 
    0.545809 8.989898e+20 7.526097e-02 1 
    0.546084 9.055474e+20 7.573362e-02 1 
    0.546358 9.063631e+20 7.572583e-02 1 
    0.546632 9.140716e+20 7.629333e-02 1 
    0.546907 9.421148e+20 7.855491e-02 1 
    0.547181 9.109877e+20 7.588343e-02 1 
    0.547455 8.717469e+20 7.254209e-02 1 
    0.547730 8.922440e+20 7.417321e-02 1 
    0.548004 9.286756e+20 7.712462e-02 1 
    0.548278 9.338324e+20 7.747539e-02 1 
    0.548553 9.230243e+20 7.650194e-02 1 
    0.548827 9.354643e+20 7.745558e-02 1 
    0.549101 9.624095e+20 7.960712e-02 1 
    0.549375 9.613685e+20 7.944170e-02 1 
    0.549650 9.366489e+20 7.732159e-02 1 
    0.549924 9.050459e+20 7.463829e-02 1 
    0.550198 9.376108e+20 7.724690e-02 1 
    0.550473 9.384502e+20 7.723882e-02 1 
    0.550747 9.472451e+20 7.788512e-02 1 
    0.551021 9.267461e+20 7.612388e-02 1 
    0.551296 9.243077e+20 7.584786e-02 1 
    0.551570 9.753609e+20 7.995774e-02 1 
    0.551844 9.600687e+20 7.862599e-02 1 
    0.552119 9.505722e+20 7.777073e-02 1 
    0.552393 9.505527e+20 7.769200e-02 1 
    0.552667 9.341725e+20 7.627751e-02 1 
    0.552941 9.303178e+20 7.588749e-02 1 
    0.553216 9.041631e+20 7.368070e-02 1 
    0.553490 9.268891e+20 7.545789e-02 1 
    0.553764 9.168584e+20 7.456745e-02 1 
    0.554039 9.177186e+20 7.456332e-02 1 
    0.554313 9.445022e+20 7.666362e-02 1 
    0.554587 9.276035e+20 7.521759e-02 1 
    0.554862 9.873778e+20 7.998523e-02 1 
    0.555136 9.361588e+20 7.576126e-02 1 
    0.555410 9.727116e+20 7.864174e-02 1 
    0.555685 9.670865e+20 7.810960e-02 1 
    0.555959 9.547097e+20 7.703397e-02 1 
    0.556233 9.184037e+20 7.403150e-02 1 
    0.556507 9.006182e+20 7.252637e-02 1 
    0.556782 9.021431e+20 7.257742e-02 1 
    0.557056 9.828483e+20 7.899239e-02 1 
    0.557330 9.505435e+20 7.632092e-02 1 
    0.557605 9.778588e+20 7.843670e-02 1 
    0.557879 9.405652e+20 7.537118e-02 1 
    0.558153 1.006954e+21 8.061196e-02 1 
    0.558428 8.713209e+20 6.968515e-02 1 
    0.558702 9.107927e+20 7.277053e-02 1 
    0.558976 8.927801e+20 7.126146e-02 1 
    0.559251 9.684698e+20 7.722697e-02 1 
    0.559525 9.161982e+20 7.298723e-02 1 
    0.559799 9.132843e+20 7.268389e-02 1 
    0.560073 9.068448e+20 7.210081e-02 1 
    0.560348 9.872059e+20 7.841308e-02 1 
    0.560622 9.934858e+20 7.883477e-02 1 
    0.560896 9.711464e+20 7.698684e-02 1 
    0.561171 9.851819e+20 7.802296e-02 1 
    0.561445 9.719016e+20 7.689610e-02 1 
    0.561719 9.360612e+20 7.398820e-02 1 
    0.561994 9.473548e+20 7.480761e-02 1 
    0.562268 9.422361e+20 7.433090e-02 1 
    0.562542 9.351561e+20 7.370054e-02 1 
    0.562817 9.348171e+20 7.360184e-02 1 
    0.563091 9.636316e+20 7.579669e-02 1 
    0.563365 9.704877e+20 7.626175e-02 1 
    0.563639 9.369505e+20 7.355480e-02 1 
    0.563914 9.469564e+20 7.426782e-02 1 
    0.564188 9.290693e+20 7.279422e-02 1 
    0.564462 9.597739e+20 7.512699e-02 1 
    0.564737 1.002983e+21 7.843276e-02 1 
    0.565011 9.428778e+20 7.366108e-02 1 
    0.565285 9.271835e+20 7.236477e-02 1 
    0.565560 9.408184e+20 7.335756e-02 1 
    0.565834 9.741560e+20 7.588342e-02 1 
    0.566108 9.325685e+20 7.257359e-02 1 
    0.566383 8.988563e+20 6.988215e-02 1 
    0.566657 9.293038e+20 7.217947e-02 1 
    0.566931 9.579300e+20 7.433097e-02 1 
    0.567205 1.010653e+21 7.834629e-02 1 
    0.567480 9.974354e+20 7.724674e-02 1 
    0.567754 9.505782e+20 7.354682e-02 1 
    0.568028 9.664844e+20 7.470537e-02 1 
    0.568303 1.010842e+21 7.805843e-02 1 
    0.568577 9.879654e+20 7.621836e-02 1 
    0.568851 9.528755e+20 7.344049e-02 1 
    0.569126 9.384935e+20 7.226215e-02 1 
    0.569400 9.927227e+20 7.636414e-02 1 
    0.569674 1.003626e+21 7.712864e-02 1 
    0.569949 9.936613e+20 7.628916e-02 1 
    0.570223 9.711923e+20 7.449245e-02 1 
    0.570497 9.712014e+20 7.442160e-02 1 
    0.570772 9.879887e+20 7.563505e-02 1 
    0.571046 9.429306e+20 7.211639e-02 1 
    0.571320 9.529646e+20 7.281391e-02 1 
    0.571594 9.858842e+20 7.525702e-02 1 
    0.571869 9.586708e+20 7.310934e-02 1 
    0.572143 9.807438e+20 7.472102e-02 1 
    0.572417 9.858777e+20 7.504028e-02 1 
    0.572692 9.722101e+20 7.392892e-02 1 
    0.572966 9.811294e+20 7.453581e-02 1 
    0.573240 1.017165e+21 7.719958e-02 1 
    0.573515 1.015644e+21 7.701026e-02 1 
    0.573789 1.063119e+21 8.053302e-02 1 
    0.574063 9.974907e+20 7.548944e-02 1 
    0.574338 9.857800e+20 7.453176e-02 1 
    0.574612 1.001224e+21 7.562724e-02 1 
    0.574886 1.048966e+21 7.915791e-02 1 
    0.575160 9.747565e+20 7.348780e-02 1 
    0.575435 9.773083e+20 7.360977e-02 1 
    0.575709 9.635779e+20 7.250656e-02 1 
    0.575983 9.641818e+20 7.248298e-02 1 
    0.576258 1.004554e+21 7.544596e-02 1 
    0.576532 1.004093e+21 7.533965e-02 1 
    0.576806 1.007467e+21 7.552099e-02 1 
    0.577081 1.009267e+21 7.558385e-02 1 
    0.577355 9.874227e+20 7.387776e-02 1 
    0.577629 1.006812e+21 7.525696e-02 1 
    0.577904 9.550553e+20 7.132037e-02 1 
    0.578178 9.728105e+20 7.257743e-02 1 
    0.578452 9.756897e+20 7.272329e-02 1 
    0.578726 9.372458e+20 6.979174e-02 1 
    0.579001 8.941728e+20 6.652108e-02 1 
    0.579275 9.401370e+20 6.987439e-02 1 
    0.579549 1.010545e+21 7.503634e-02 1 
    0.579824 1.032005e+21 7.655713e-02 1 
    0.580098 1.013947e+21 7.514657e-02 1 
    0.580372 9.890430e+20 7.323163e-02 1 
    0.580647 1.036800e+21 7.669503e-02 1 
    0.580921 1.045778e+21 7.728617e-02 1 
    0.581195 9.473940e+20 6.994929e-02 1 
    0.581470 1.015222e+21 7.488638e-02 1 
    0.581744 1.013721e+21 7.470522e-02 1 
    0.582018 1.027843e+21 7.567462e-02 1 
    0.582292 1.067864e+21 7.854723e-02 1 
    0.582567 1.043240e+21 7.666355e-02 1 
    0.582841 9.991927e+20 7.335766e-02 1 
    0.583115 1.016680e+21 7.457138e-02 1 
    0.583390 9.754791e+20 7.148196e-02 1 
    0.583664 1.010251e+21 7.396052e-02 1 
    0.583938 1.042178e+21 7.622631e-02 1 
    0.584213 1.109807e+21 8.109641e-02 1 
    0.584487 1.003171e+21 7.323548e-02 1 
    0.584761 9.642958e+20 7.033151e-02 1 
    0.585036 1.006244e+21 7.332207e-02 1 
    0.585310 1.004374e+21 7.311725e-02 1 
    0.585584 1.011275e+21 7.355077e-02 1 
    0.585858 1.000563e+21 7.270367e-02 1 
    0.586133 9.460818e+20 6.868039e-02 1 
    0.586407 1.012598e+21 7.344042e-02 1 
    0.586681 1.021648e+21 7.402761e-02 1 
    0.586956 9.408476e+20 6.810902e-02 1 
    0.587230 1.032386e+21 7.466586e-02 1 
    0.587504 1.165975e+21 8.424889e-02 1 
    0.587779 1.238515e+21 8.940662e-02 1 
    0.588053 1.095708e+21 7.902387e-02 1 
    0.588327 1.033458e+21 7.446495e-02 1 
    0.588602 9.878959e+20 7.111548e-02 1 
    0.588876 9.795028e+20 7.044569e-02 1 
    0.589150 9.265087e+20 6.657240e-02 1 
    0.589424 8.743476e+20 6.276607e-02 1 
    0.589699 9.462558e+20 6.786474e-02 1 
    0.589973 9.648989e+20 6.913755e-02 1 
    0.590247 1.034491e+21 7.405519e-02 1 
    0.590522 9.666391e+20 6.913351e-02 1 
    0.590796 9.473540e+20 6.769142e-02 1 
    0.591070 1.015906e+21 7.252236e-02 1 
    0.591345 1.017622e+21 7.257737e-02 1 
    0.591619 9.377736e+20 6.682058e-02 1 
    0.591893 9.483852e+20 6.751415e-02 1 
    0.592168 1.000900e+21 7.118640e-02 1 
    0.592442 1.003491e+21 7.130469e-02 1 
    0.592716 1.022681e+21 7.260114e-02 1 
    0.592990 9.898498e+20 7.020548e-02 1 
    0.593265 1.019571e+21 7.224642e-02 1 
    0.593539 1.050013e+21 7.433488e-02 1 
    0.593813 1.045190e+21 7.392517e-02 1 
    0.594088 9.791296e+20 6.918869e-02 1 
    0.594362 9.737271e+20 6.874349e-02 1 
    0.594636 9.804919e+20 6.915731e-02 1 
    0.594911 9.652927e+20 6.802233e-02 1 
    0.595185 1.018626e+21 7.171451e-02 1 
    0.595459 1.022646e+21 7.193131e-02 1 
    0.595734 1.014224e+21 7.127311e-02 1 
    0.596008 1.037552e+21 7.284537e-02 1 
    0.596282 1.017722e+21 7.138752e-02 1 
    0.596556 1.039069e+21 7.281794e-02 1 
    0.596831 1.034791e+21 7.245132e-02 1 
    0.597105 1.062612e+21 7.433095e-02 1 
    0.597379 1.094768e+21 7.651005e-02 1 
    0.597654 1.041089e+21 7.269166e-02 1 
    0.597928 1.018942e+21 7.108013e-02 1 
    0.598202 9.792835e+20 6.825102e-02 1 
    0.598477 9.478694e+20 6.600092e-02 1 
    0.598751 1.030358e+21 7.167905e-02 1 
    0.599025 1.067359e+21 7.418519e-02 1 
    0.599300 1.098525e+21 7.628129e-02 1 
    0.599574 1.027115e+21 7.125740e-02 1 
    0.599848 1.015833e+21 7.041031e-02 1 
    0.600122 1.004415e+21 6.955532e-02 1 
    0.600397 9.835770e+20 6.804994e-02 1 
    0.600671 1.019705e+21 7.048515e-02 1 
    0.600945 9.943903e+20 6.867266e-02 1 
    0.601220 9.462987e+20 6.529168e-02 1 
    0.601494 9.681405e+20 6.673786e-02 1 
    0.601768 9.650761e+20 6.646604e-02 1 
    0.602043 9.909239e+20 6.818388e-02 1 
    0.602317 1.045247e+21 7.185636e-02 1 
    0.602591 1.031398e+21 7.083982e-02 1 
    0.602866 1.044224e+21 7.165531e-02 1 
    0.603140 1.051784e+21 7.210853e-02 1 
    0.603414 1.059529e+21 7.257356e-02 1 
    0.603688 1.048343e+21 7.174223e-02 1 
    0.603963 1.043475e+21 7.134409e-02 1 
    0.604237 1.058729e+21 7.232136e-02 1 
    0.604511 1.066677e+21 7.279822e-02 1 
    0.604786 1.026962e+21 7.002405e-02 1 
    0.605060 1.001055e+21 6.819579e-02 1 
    0.605334 1.042894e+21 7.098171e-02 1 
    0.605609 1.022167e+21 6.950785e-02 1 
    0.605883 1.015670e+21 6.900355e-02 1 
    0.606157 1.025123e+21 6.958285e-02 1 
    0.606432 9.595225e+20 6.507099e-02 1 
    0.606706 9.990064e+20 6.768745e-02 1 
    0.606980 1.028083e+21 6.959466e-02 1 
    0.607254 1.048064e+21 7.088322e-02 1 
    0.607529 1.024519e+21 6.922811e-02 1 
    0.607803 1.026378e+21 6.929124e-02 1 
    0.608077 1.009896e+21 6.811708e-02 1 
    0.608352 1.033202e+21 6.962607e-02 1 
    0.608626 1.012187e+21 6.814852e-02 1 
    0.608900 1.039518e+21 6.992568e-02 1 
    0.609175 9.884500e+20 6.643043e-02 1 
    0.609449 1.052190e+21 7.065062e-02 1 
    0.609723 1.051552e+21 7.054430e-02 1 
    0.609998 1.039565e+21 6.967727e-02 1 
    0.610272 9.765387e+20 6.539416e-02 1 
    0.610546 9.665212e+20 6.466527e-02 1 
    0.610820 1.014489e+21 6.781368e-02 1 
    0.611095 1.050624e+21 7.016591e-02 1 
    0.611369 1.040583e+21 6.943308e-02 1 
    0.611643 1.025145e+21 6.834168e-02 1 
    0.611918 1.027070e+21 6.840850e-02 1 
    0.612192 1.059315e+21 7.049303e-02 1 
    0.612466 9.628906e+20 6.401907e-02 1 
    0.612741 9.855827e+20 6.546898e-02 1 
    0.613015 1.021673e+21 6.780568e-02 1 
    0.613289 9.945388e+20 6.594590e-02 1 
    0.613564 1.019696e+21 6.755341e-02 1 
    0.613838 1.021024e+21 6.758107e-02 1 
    0.614112 1.006088e+21 6.653299e-02 1 
    0.614387 1.032571e+21 6.822326e-02 1 
    0.614661 1.026390e+21 6.775442e-02 1 
    0.614935 1.036746e+21 6.837706e-02 1 
    0.615209 1.065836e+21 7.023306e-02 1 
    0.615484 1.001669e+21 6.594579e-02 1 
    0.615758 1.011248e+21 6.651720e-02 1 
    0.616032 9.494931e+20 6.239959e-02 1 
    0.616307 9.586805e+20 6.294717e-02 1 
    0.616581 9.974349e+20 6.543358e-02 1 
    0.616855 9.957976e+20 6.526816e-02 1 
    0.617130 1.020150e+21 6.680476e-02 1 
    0.617404 9.611937e+20 6.288810e-02 1 
    0.617678 1.031188e+21 6.740776e-02 1 
    0.617953 1.034336e+21 6.755340e-02 1 
    0.618227 9.886970e+20 6.451545e-02 1 
    0.618501 1.073948e+21 7.001626e-02 1 
    0.618775 1.027111e+21 6.690345e-02 1 
    0.619050 9.756493e+20 6.349489e-02 1 
    0.619324 1.027721e+21 6.682455e-02 1 
    0.619598 9.537243e+20 6.195827e-02 1 
    0.619873 9.952432e+20 6.459817e-02 1 
    0.620147 1.060410e+21 6.876713e-02 1 
    0.620421 1.078620e+21 6.988626e-02 1 
    0.620696 9.826092e+20 6.360912e-02 1 
    0.620970 9.810410e+20 6.345156e-02 1 
    0.621244 9.988596e+20 6.454706e-02 1 
    0.621519 1.014755e+21 6.551624e-02 1 
    0.621793 1.037214e+21 6.690725e-02 1 
    0.622067 9.963719e+20 6.421606e-02 1 
    0.622341 9.695307e+20 6.243113e-02 1 
    0.622616 1.034388e+21 6.654866e-02 1 
    0.622890 1.055467e+21 6.784510e-02 1 
    0.623164 1.010995e+21 6.492930e-02 1 
    0.623439 9.855411e+20 6.323874e-02 1 
    0.623713 1.014558e+21 6.504350e-02 1 
    0.623987 9.726355e+20 6.230107e-02 1 
    0.624262 1.014066e+21 6.489762e-02 1 
    0.624536 9.865483e+20 6.308119e-02 1 
    0.624810 1.016281e+21 6.492533e-02 1 
    0.625085 9.988385e+20 6.375490e-02 1 
    0.625359 1.040804e+21 6.637531e-02 1 
    0.625633 9.986138e+20 6.362894e-02 1 
    0.625907 1.042445e+21 6.636362e-02 1 
    0.626182 9.657359e+20 6.142620e-02 1 
    0.626456 1.055868e+21 6.710038e-02 1 
    0.626730 1.006277e+21 6.389300e-02 1 
    0.627005 1.014550e+21 6.436175e-02 1 
    0.627279 1.133618e+21 7.185244e-02 1 
    0.627553 1.084210e+21 6.866082e-02 1 
    0.627828 1.023567e+21 6.476366e-02 1 
    0.628102 9.843832e+20 6.223007e-02 1 
    0.628376 9.551736e+20 6.033087e-02 1 
    0.628651 9.672468e+20 6.104001e-02 1 
    0.628925 9.417813e+20 5.938118e-02 1 
    0.629199 9.288423e+20 5.851435e-02 1 
    0.629473 1.026812e+21 6.462986e-02 1 
    0.629748 1.162985e+21 7.313694e-02 1 
    0.630022 1.190776e+21 7.481954e-02 1 
    0.630296 1.185599e+21 7.442953e-02 1 
    0.630571 1.152896e+21 7.231339e-02 1 
    0.630845 1.108189e+21 6.944882e-02 1 
    0.631119 1.064661e+21 6.666306e-02 1 
    0.631394 1.046376e+21 6.546110e-02 1 
    0.631668 9.945208e+20 6.216308e-02 1 
    0.631942 1.000117e+21 6.245867e-02 1 
    0.632217 1.082448e+21 6.754159e-02 1 
    0.632491 1.085853e+21 6.769532e-02 1 
    0.632765 1.073700e+21 6.687974e-02 1 
    0.633039 1.078873e+21 6.714381e-02 1 
    0.633314 1.051039e+21 6.535473e-02 1 
    0.633588 1.054613e+21 6.552030e-02 1 
    0.633862 1.035912e+21 6.430278e-02 1 
    0.634137 1.083061e+21 6.717123e-02 1 
    0.634411 1.089785e+21 6.752987e-02 1 
    0.634685 1.097219e+21 6.793185e-02 1 
    0.634960 1.089250e+21 6.738005e-02 1 
    0.635234 9.880577e+20 6.106766e-02 1 
    0.635508 1.166300e+21 7.202193e-02 1 
    0.635783 1.075726e+21 6.637131e-02 1 
    0.636057 1.003403e+21 6.185573e-02 1 
    0.636331 1.095240e+21 6.745897e-02 1 
    0.636605 1.115778e+21 6.866479e-02 1 
    0.636880 1.080340e+21 6.642652e-02 1 
    0.637154 1.100769e+21 6.762445e-02 1 
    0.637428 1.042080e+21 6.396392e-02 1 
    0.637703 1.087309e+21 6.668263e-02 1 
    0.637977 1.076734e+21 6.597737e-02 1 
    0.638251 1.102826e+21 6.751811e-02 1 
    0.638526 1.102485e+21 6.743917e-02 1 
    0.638800 1.101563e+21 6.732495e-02 1 
    0.639074 1.109930e+21 6.777815e-02 1 
    0.639349 1.103521e+21 6.732881e-02 1 
    0.639623 1.057153e+21 6.444454e-02 1 
    0.639897 1.143908e+21 6.967346e-02 1 
    0.640171 1.075802e+21 6.546916e-02 1 
    0.640446 1.126105e+21 6.847156e-02 1 
    0.640720 1.063248e+21 6.459431e-02 1 
    0.640994 1.061886e+21 6.445647e-02 1 
    0.641269 1.114642e+21 6.760073e-02 1 
    0.641543 1.116116e+21 6.763231e-02 1 
    0.641817 1.050492e+21 6.360140e-02 1 
    0.642092 1.068651e+21 6.464545e-02 1 
    0.642366 1.062784e+21 6.423571e-02 1 
    0.642640 1.146494e+21 6.923610e-02 1 
    0.642915 1.059899e+21 6.395194e-02 1 
    0.643189 1.219499e+21 7.351918e-02 1 
    0.643463 1.174617e+21 7.075312e-02 1 
    0.643737 1.207373e+21 7.266426e-02 1 
    0.644012 1.258662e+21 7.568635e-02 1 
    0.644286 1.174934e+21 7.059155e-02 1 
    0.644560 1.183615e+21 7.105263e-02 1 
    0.644835 1.020844e+21 6.122918e-02 1 
    0.645109 1.096932e+21 6.573701e-02 1 
    0.645383 1.067659e+21 6.392844e-02 1 
    0.645658 1.012188e+21 6.055536e-02 1 
    0.645932 1.112982e+21 6.652900e-02 1 
    0.646206 1.144804e+21 6.837316e-02 1 
    0.646481 1.135343e+21 6.775043e-02 1 
    0.646755 1.091830e+21 6.509864e-02 1 
    0.647029 1.136014e+21 6.767570e-02 1 
    0.647303 1.144326e+21 6.811314e-02 1 
    0.647578 1.183923e+21 7.041023e-02 1 
    0.647852 1.160988e+21 6.898782e-02 1 
    0.648126 1.079276e+21 6.407820e-02 1 
    0.648401 1.067769e+21 6.334121e-02 1 
    0.648675 1.049858e+21 6.222614e-02 1 
    0.648949 1.030253e+21 6.101257e-02 1 
    0.649224 1.053300e+21 6.232458e-02 1 
    0.649498 1.087915e+21 6.431847e-02 1 
    0.649772 1.054747e+21 6.230500e-02 1 
    0.650047 1.026129e+21 6.056323e-02 1 
    0.650321 1.084125e+21 6.393230e-02 1 
    0.650595 1.064509e+21 6.272266e-02 1 
    0.650869 1.048675e+21 6.173764e-02 1 
    0.651144 1.092899e+21 6.428691e-02 1 
    0.651418 1.079138e+21 6.342403e-02 1 
    0.651692 1.092393e+21 6.414912e-02 1 
    0.651967 1.057317e+21 6.203695e-02 1 
    0.652241 1.060492e+21 6.217098e-02 1 
    0.652515 1.093136e+21 6.403090e-02 1 
    0.652790 1.094594e+21 6.406228e-02 1 
    0.653064 1.135000e+21 6.637139e-02 1 
    0.653338 1.198808e+21 7.004387e-02 1 
    0.653613 1.146358e+21 6.692297e-02 1 
    0.653887 1.154751e+21 6.735646e-02 1 
    0.654161 1.141048e+21 6.650147e-02 1 
    0.654435 1.220228e+21 7.105659e-02 1 
    0.654710 1.382838e+21 8.045813e-02 1 
    0.654984 1.380473e+21 8.025331e-02 1 
    0.655258 1.382579e+21 8.030855e-02 1 
    0.655533 1.661625e+21 9.643626e-02 1 
    0.655807 2.724128e+21 1.579690e-01 1 
    0.656081 4.630404e+21 2.682875e-01 1 
    0.656356 5.775642e+21 3.343627e-01 1 
    0.656630 4.827595e+21 2.792453e-01 1 
    0.656904 2.763522e+21 1.597186e-01 1 
    0.657179 1.487929e+21 8.592335e-02 1 
    0.657453 1.168746e+21 6.743527e-02 1 
    0.657727 1.317491e+21 7.595440e-02 1 
    0.658002 1.512795e+21 8.714090e-02 1 
    0.658276 1.816183e+21 1.045298e-01 1 
    0.658550 1.926027e+21 1.107596e-01 1 
    0.658824 1.599148e+21 9.188534e-02 1 
    0.659099 1.239464e+21 7.115887e-02 1 
    0.659373 1.123377e+21 6.444064e-02 1 
    0.659647 1.076395e+21 6.169426e-02 1 
    0.659922 1.096968e+21 6.282107e-02 1 
    0.660196 1.224244e+21 7.005169e-02 1 
    0.660470 1.163440e+21 6.651725e-02 1 
    0.660745 1.096464e+21 6.263586e-02 1 
    0.661019 1.100136e+21 6.279353e-02 1 
    0.661293 1.123435e+21 6.407027e-02 1 
    0.661568 1.080665e+21 6.157983e-02 1 
    0.661842 1.182118e+21 6.730523e-02 1 
    0.662116 1.164605e+21 6.625321e-02 1 
    0.662390 1.153647e+21 6.557554e-02 1 
    0.662665 1.117971e+21 6.349489e-02 1 
    0.662939 1.151531e+21 6.534692e-02 1 
    0.663213 1.161171e+21 6.583953e-02 1 
    0.663488 1.116020e+21 6.322694e-02 1 
    0.663762 1.108172e+21 6.273050e-02 1 
    0.664036 1.109297e+21 6.274239e-02 1 
    0.664311 1.088739e+21 6.152862e-02 1 
    0.664585 1.071634e+21 6.051207e-02 1 
    0.664859 1.139844e+21 6.431063e-02 1 
    0.665134 1.105277e+21 6.230880e-02 1 
    0.665408 1.107798e+21 6.239948e-02 1 
    0.665682 1.146378e+21 6.451947e-02 1 
    0.665956 1.124130e+21 6.321526e-02 1 
    0.666231 1.091115e+21 6.130800e-02 1 
    0.666505 1.136230e+21 6.379048e-02 1 
    0.666779 1.166808e+21 6.545337e-02 1 
    0.667054 1.159262e+21 6.497645e-02 1 
    0.667328 1.165352e+21 6.526416e-02 1 
    0.667602 1.130468e+21 6.325857e-02 1 
    0.667877 1.123011e+21 6.278954e-02 1 
    0.668151 1.100869e+21 6.150111e-02 1 
    0.668425 1.124856e+21 6.278966e-02 1 
    0.668700 1.162375e+21 6.483063e-02 1 
    0.668974 1.162834e+21 6.480310e-02 1 
    0.669248 1.102436e+21 6.138687e-02 1 
    0.669522 1.137547e+21 6.329012e-02 1 
    0.669797 1.093683e+21 6.079968e-02 1 
    0.670071 1.161686e+21 6.452732e-02 1 
    0.670345 1.186279e+21 6.583952e-02 1 
    0.670620 1.149663e+21 6.375494e-02 1 
    0.670894 1.192062e+21 6.605223e-02 1 
    0.671168 1.518999e+21 8.409914e-02 1 
    0.671443 1.953599e+21 1.080721e-01 1 
    0.671717 2.100051e+21 1.160790e-01 1 
    0.671991 1.912987e+21 1.056529e-01 1 
    0.672266 1.587519e+21 8.760587e-02 1 
    0.672540 1.466472e+21 8.086006e-02 1 
    0.672814 1.703257e+21 9.383968e-02 1 
    0.673088 1.982371e+21 1.091284e-01 1 
    0.673363 1.830899e+21 1.007076e-01 1 
    0.673637 1.535644e+21 8.439855e-02 1 
    0.673911 1.168654e+21 6.417669e-02 1 
    0.674186 1.098224e+21 6.025986e-02 1 
    0.674460 1.110043e+21 6.085884e-02 1 
    0.674734 1.087641e+21 5.958222e-02 1 
    0.675009 1.155042e+21 6.322298e-02 1 
    0.675283 1.039914e+21 5.687512e-02 1 
    0.675557 1.110557e+21 6.068944e-02 1 
    0.675832 1.179653e+21 6.441296e-02 1 
    0.676106 1.073361e+21 5.856158e-02 1 
    0.676380 1.112107e+21 6.062638e-02 1 
    0.676654 1.057887e+21 5.762388e-02 1 
    0.676929 1.105369e+21 6.016135e-02 1 
    0.677203 1.167201e+21 6.347525e-02 1 
    0.677477 1.096212e+21 5.956647e-02 1 
    0.677752 1.080916e+21 5.868765e-02 1 
    0.678026 1.053537e+21 5.715491e-02 1 
    0.678300 1.054680e+21 5.717072e-02 1 
    0.678575 1.163058e+21 6.299444e-02 1 
    0.678849 1.189336e+21 6.436574e-02 1 
    0.679123 1.048642e+21 5.670574e-02 1 
    0.679398 1.109436e+21 5.994460e-02 1 
    0.679672 1.067927e+21 5.765530e-02 1 
    0.679946 1.092967e+21 5.895961e-02 1 
    0.680220 1.088220e+21 5.865625e-02 1 
    0.680495 1.076880e+21 5.799810e-02 1 
    0.680769 1.108428e+21 5.964916e-02 1 
    0.681043 1.183335e+21 6.362898e-02 1 
    0.682191 1.136226e+21 6.089045e-02 0 
    0.683764 1.144054e+21 6.102819e-02 0 
    0.685340 1.149260e+21 6.102426e-02 0 
    0.686920 1.112742e+21 5.881372e-02 0 
    0.688503 1.136004e+21 5.976746e-02 0 
    0.690090 1.141172e+21 5.976353e-02 0 
    0.691682 1.146364e+21 5.975940e-02 0 
    0.693276 1.146339e+21 5.948359e-02 0 
    0.694874 1.164903e+21 6.016919e-02 0 
    0.696476 1.164843e+21 5.988960e-02 0 
    0.698081 1.178301e+21 6.030332e-02 0 
    0.699691 1.164789e+21 5.933775e-02 0 
    0.701303 1.146077e+21 5.811641e-02 0 
    0.702920 1.159330e+21 5.851830e-02 0 
    0.704541 1.167271e+21 5.864833e-02 0 
    0.706165 1.172579e+21 5.864437e-02 0 
    0.707793 1.167148e+21 5.810451e-02 0 
    0.709424 1.153771e+21 5.717473e-02 0 
    0.711060 1.156378e+21 5.704058e-02 0 
    0.712699 1.150962e+21 5.651255e-02 0 
    0.714342 1.158934e+21 5.664256e-02 0 
    0.715988 1.164203e+21 5.663876e-02 0 
    0.717639 1.148178e+21 5.560242e-02 0 
    0.719294 1.081382e+21 5.212700e-02 0 
    0.720951 1.119385e+21 5.371115e-02 0 
    0.722613 1.182878e+21 5.649695e-02 0 
    0.724279 1.153280e+21 5.483014e-02 0 
    0.725949 1.147863e+21 5.432180e-02 0 
    0.727622 1.215894e+21 5.727704e-02 0 
    0.729300 1.199155e+21 5.622887e-02 0 
    0.730981 1.196334e+21 5.583889e-02 0 
    0.732666 1.215679e+21 5.648113e-02 0 
    0.734355 1.252559e+21 5.792721e-02 0 
    0.736048 1.221192e+21 5.621705e-02 0 
    0.737745 1.255291e+21 5.752125e-02 0 
    0.739445 1.215473e+21 5.544086e-02 0 
    0.741150 1.275585e+21 5.791536e-02 0 
    0.742858 1.229423e+21 5.556307e-02 0 
    0.744571 1.266719e+21 5.698550e-02 0 
    0.746287 1.287173e+21 5.763970e-02 0 
    0.748008 1.272426e+21 5.671744e-02 0 
    0.749732 1.278212e+21 5.671362e-02 0 
    0.751461 1.281080e+21 5.657959e-02 0 
    0.753193 1.284033e+21 5.644949e-02 0 
    0.754929 1.313822e+21 5.749379e-02 0 
    0.756669 1.292750e+21 5.631176e-02 0 
    0.758414 1.307620e+21 5.669770e-02 0 
    0.760162 1.277869e+21 5.515318e-02 0 
    0.761914 1.271937e+21 5.464496e-02 0 
    0.763671 1.301489e+21 5.565758e-02 0 
    0.765431 1.286481e+21 5.476304e-02 0 
    0.767195 1.200542e+21 5.087004e-02 0 
    0.768964 1.257095e+21 5.302156e-02 0 
    0.770737 1.217096e+21 5.109859e-02 0 
    0.772513 1.248265e+21 5.216651e-02 0 
    0.774295 1.280264e+21 5.325778e-02 0 
    0.776079 1.259721e+21 5.216257e-02 0 
    0.777868 1.251003e+21 5.156356e-02 0 
    0.779661 1.248038e+21 5.120505e-02 0 
    0.781459 1.279947e+21 5.227282e-02 0 
    0.783260 1.306694e+21 5.312006e-02 0 
    0.785066 1.306688e+21 5.287568e-02 0 
    0.786876 1.318685e+21 5.311597e-02 0 
    0.788690 1.297551e+21 5.202455e-02 0 
    0.790508 1.276683e+21 5.095269e-02 0 
    0.792330 1.264922e+21 5.025136e-02 0 
    0.794157 1.264881e+21 5.001880e-02 0 
    0.795987 1.285336e+21 5.059427e-02 0 
    0.797822 1.303134e+21 5.105914e-02 0 
    0.799661 1.297127e+21 5.059030e-02 0 
    0.801505 1.318136e+21 5.117339e-02 0 
    0.803352 1.290979e+21 4.988887e-02 0 
    0.805204 1.333201e+21 5.128380e-02 0 
    0.807060 1.354791e+21 5.187489e-02 0 
    0.808921 1.323930e+21 5.046022e-02 0 
    0.810786 1.320799e+21 5.010957e-02 0 
    0.812655 1.348387e+21 5.092120e-02 0 
    0.814528 1.354506e+21 5.091728e-02 0 
    0.816406 1.329694e+21 4.975491e-02 0 
    0.818288 1.382698e+21 5.150051e-02 0 
    0.820174 1.302356e+21 4.828521e-02 0 
    0.822065 1.354277e+21 4.997947e-02 0 
    0.823960 1.243612e+21 4.568451e-02 0 
    0.825859 1.414653e+21 5.172905e-02 0 
    0.827763 1.421076e+21 5.172513e-02 0 
    0.829672 1.320076e+21 4.782802e-02 0 
    0.831584 1.335236e+21 4.815509e-02 0 
    0.833501 1.347546e+21 4.837578e-02 0 
    0.835423 1.372511e+21 4.904553e-02 0 
    0.837348 1.359904e+21 4.837186e-02 0 
    0.839278 1.341141e+21 4.748530e-02 0 
    0.841213 1.394625e+21 4.915208e-02 0 
    0.843152 1.388145e+21 4.869897e-02 0 
    0.845096 1.368937e+21 4.780439e-02 0 
    0.847044 1.394413e+21 4.847032e-02 0 
    0.848997 1.381491e+21 4.780047e-02 0 
    0.850954 1.217058e+21 4.191753e-02 0 
    0.852916 1.384505e+21 4.746555e-02 0 
    0.854882 1.117577e+21 3.813833e-02 0 
    0.856853 1.400448e+21 4.757195e-02 0 
    0.858828 1.416584e+21 4.789901e-02 0 
    0.860808 1.340354e+21 4.511317e-02 0 
    0.862792 1.406639e+21 4.712669e-02 0 
    0.864781 1.422821e+21 4.744980e-02 0 
    0.866774 1.250624e+21 4.151561e-02 0 
    0.868773 1.355494e+21 4.479005e-02 0 
    0.870775 1.377442e+21 4.530623e-02 0 
    0.872782 1.419185e+21 4.646479e-02 0 
    0.874795 1.402885e+21 4.571995e-02 0 
    0.876811 1.415799e+21 4.592889e-02 0 
    0.878832 1.438684e+21 4.645689e-02 0 
    0.880859 1.461997e+21 4.699266e-02 0 
    0.882889 1.451874e+21 4.645293e-02 0 
    0.884924 1.425292e+21 4.539295e-02 0 
    0.886964 1.317893e+21 4.177963e-02 0 
    0.889009 1.389407e+21 4.384436e-02 0 
    0.891058 1.428309e+21 4.486490e-02 0 
    0.893112 1.431502e+21 4.475859e-02 0 
    0.895171 1.418358e+21 4.414387e-02 0 
    0.897235 1.354443e+21 4.196090e-02 0 
    0.899303 1.444514e+21 4.454574e-02 0 
    0.901376 1.357348e+21 4.166542e-02 0 
    0.903454 1.323378e+21 4.043600e-02 0 
    0.905537 1.533272e+21 4.663407e-02 0 
    0.907624 1.508723e+21 4.567663e-02 0 
    0.909717 1.338388e+21 4.033349e-02 0 
    0.911814 1.434018e+21 4.301684e-02 0 
    0.913915 1.398012e+21 4.174417e-02 0 
    0.916023 1.437213e+21 4.271740e-02 0 
    0.918134 1.391506e+21 4.116891e-02 0 
    0.920250 1.463755e+21 4.310753e-02 0 
    0.922372 1.397793e+21 4.097577e-02 0 
    0.924498 1.413834e+21 4.125559e-02 0 
    0.926629 1.446676e+21 4.201999e-02 0 
    0.928766 1.436592e+21 4.153529e-02 0 
    0.930907 1.356171e+21 3.902998e-02 0 
    0.933052 1.518108e+21 4.348982e-02 0 
    0.935203 1.517929e+21 4.328488e-02 0 
    0.937359 1.507443e+21 4.278835e-02 0 
    0.939520 1.524724e+21 4.307999e-02 0 
    0.941686 1.503740e+21 4.229188e-02 0 
    0.943857 1.538689e+21 4.307596e-02 0 
    0.946033 1.527974e+21 4.257943e-02 0 
    0.948213 1.545541e+21 4.287115e-02 0 
    0.950399 1.524275e+21 4.208698e-02 0 
    0.952590 1.517262e+21 4.170086e-02 0 
    0.954786 1.458875e+21 3.991190e-02 0 
    0.956987 1.524066e+21 4.150384e-02 0 
    0.959193 1.555811e+21 4.217365e-02 0 
    0.961404 1.552186e+21 4.188210e-02 0 
    0.963620 1.559205e+21 4.187819e-02 0 
    0.965842 1.551958e+21 4.149199e-02 0 
    0.968068 1.551866e+21 4.129895e-02 0 
    0.970300 1.551740e+21 4.110581e-02 0 
    0.972537 1.547995e+21 4.081820e-02 0 
    0.974779 1.544330e+21 4.053443e-02 0 
    0.977026 1.554928e+21 4.062510e-02 0 
    0.979278 1.544226e+21 4.016016e-02 0 
    0.981536 1.569163e+21 4.062112e-02 0 
    0.983798 1.565394e+21 4.033743e-02 0 
    0.986066 1.572621e+21 4.033746e-02 0 
    0.988339 1.561670e+21 3.987253e-02 0 
    0.990618 1.561591e+21 3.968727e-02 0 
    0.992901 1.572224e+21 3.977397e-02 0 
    0.995190 1.575727e+21 3.967942e-02 0 
    0.997484 1.579384e+21 3.958881e-02 0 
    0.999784 1.579220e+21 3.940276e-02 0 
    1.002088 1.561028e+21 3.876996e-02 0 
    1.006714 1.542954e+21 3.796970e-02 0 
    1.011361 1.585965e+21 3.867031e-02 0 
    1.018371 1.589296e+21 3.821987e-02 0 
    1.023072 1.600101e+21 3.812690e-02 0 
    1.027794 1.607262e+21 3.794643e-02 0 
    1.030163 1.603446e+21 3.768244e-02 0 
    1.049315 1.598875e+21 3.621588e-02 0 
    1.068824 1.579735e+21 3.448802e-02 0 
    1.091204 1.558049e+21 3.263365e-02 0 
    1.108935 1.558055e+21 3.159854e-02 0 
    1.129551 1.561654e+21 3.052597e-02 0 
    1.150551 1.587027e+21 2.989985e-02 0 
    1.169246 1.583379e+21 2.888481e-02 0 
    1.190985 1.579738e+21 2.777595e-02 0 
    1.210337 1.583375e+21 2.695676e-02 0 
    1.230003 1.594351e+21 2.628258e-02 0 
    1.249989 1.594348e+21 2.544879e-02 0 
    1.270299 1.598014e+21 2.469818e-02 0 
    1.290940 1.601709e+21 2.397000e-02 0 
    1.308899 1.609094e+21 2.342425e-02 0 
    1.330167 1.605397e+21 2.262906e-02 0 
    1.348671 1.612816e+21 2.211410e-02 0 
    1.370585 1.623984e+21 2.156087e-02 0 
    1.389652 1.612824e+21 2.082914e-02 0 
    1.408984 1.594338e+21 2.002925e-02 0 
    1.428585 1.605406e+21 1.961865e-02 0 
    1.448459 1.642794e+21 1.952842e-02 0 
    1.468609 1.635251e+21 1.890900e-02 0 
    1.489038 1.681063e+21 1.890901e-02 0 
    1.509753 1.716276e+21 1.877897e-02 0 
    1.530756 1.772505e+21 1.886566e-02 0 
    1.548482 1.792994e+21 1.864932e-02 0 
    1.570023 1.801283e+21 1.822495e-02 0 
    1.588204 1.776568e+21 1.756571e-02 0 
    1.610298 1.826342e+21 1.756572e-02 0 
    1.628943 1.851733e+21 1.740456e-02 0 
    1.651604 1.860301e+21 1.700857e-02 0 
    1.670729 1.877525e+21 1.677530e-02 0 
    1.690076 1.873197e+21 1.635563e-02 0 
    1.709646 1.873190e+21 1.598328e-02 0 
    1.729442 1.834783e+21 1.529922e-02 0 
    1.749468 1.826362e+21 1.488234e-02 0 
    1.769727 1.797155e+21 1.431098e-02 0 
    1.790219 1.772482e+21 1.379323e-02 0 
    1.810948 1.728168e+21 1.314227e-02 0 
    1.831918 1.724204e+21 1.281365e-02 0 
    1.848869 1.700525e+21 1.240701e-02 0 
    1.870277 1.661822e+21 1.184866e-02 0 
    1.891934 1.658003e+21 1.155234e-02 0 
    1.909441 1.650350e+21 1.128912e-02 0 
    1.931551 1.631498e+21 1.090613e-02 0 
    1.949422 1.590679e+21 1.043920e-02 0 
    1.971996 1.583372e+21 1.015470e-02 0 
    1.990244 1.561680e+21 9.832768e-03 0 
    2.008658 1.558074e+21 9.631026e-03 0 
    2.031918 1.540225e+21 9.303970e-03 0 
    2.050720 1.543747e+21 9.155030e-03 0 
    2.069693 1.529604e+21 8.905608e-03 0 
    2.088845 1.519093e+21 8.682975e-03 0 
    2.108171 1.515595e+21 8.504872e-03 0 
    2.127679 1.505150e+21 8.292091e-03 0 
    2.152317 1.501712e+21 8.084827e-03 0 
    2.172230 1.474313e+21 7.792457e-03 0 
    2.192331 1.477651e+21 7.667542e-03 0 
    2.207526 1.454089e+21 7.441765e-03 0 
    2.227953 1.440735e+21 7.238834e-03 0 
    2.248569 1.430776e+21 7.057578e-03 0 
    2.269373 1.417667e+21 6.865290e-03 0 
    2.290373 1.304951e+21 6.204093e-03 0 
    2.311564 1.316969e+21 6.146955e-03 0 
    2.327588 1.179165e+21 5.428237e-03 0 
    2.349126 1.136570e+21 5.136649e-03 0 
    2.370861 1.168356e+21 5.183935e-03 0 
    2.387296 1.092947e+21 4.782808e-03 0 
    2.409384 1.077953e+21 4.631102e-03 0 
    2.431679 1.085383e+21 4.577906e-03 0 
    2.448533 1.029439e+21 4.282381e-03 0 
    2.471190 1.031791e+21 4.213818e-03 0 
    2.488318 9.069481e+20 3.653147e-03 0 
    2.511344 9.111355e+20 3.603023e-03 0 
    2.528750 9.238100e+20 3.603025e-03 0 
    2.552149 9.280706e+20 3.553574e-03 0 
    2.569839 9.496927e+20 3.586474e-03 0 
    2.587653 9.409849e+20 3.504831e-03 0 
    2.611598 9.518853e+20 3.480715e-03 0 
    2.629699 9.388171e+20 3.385832e-03 0 
    2.647926 9.431582e+20 3.354821e-03 0 
    2.672428 9.388260e+20 3.278457e-03 0 
    2.690954 9.388225e+20 3.233459e-03 0 
    2.709606 9.366627e+20 3.181759e-03 0 
    2.728386 9.302153e+20 3.116508e-03 0 
    2.747300 9.259378e+20 3.059610e-03 0 
    2.772719 9.238140e+20 2.996879e-03 0 
    2.791940 9.238089e+20 2.955741e-03 0 
    2.811292 9.174552e+20 2.895139e-03 0 
    2.830780 9.132416e+20 2.842300e-03 0 
    2.850401 9.069471e+20 2.783982e-03 0 
    2.870161 8.986362e+20 2.720620e-03 0 
    2.890054 8.986398e+20 2.683306e-03 0 
    2.910089 8.945109e+20 2.634326e-03 0 
    2.930259 8.883413e+20 2.580265e-03 0 
    2.950573 8.822281e+20 2.527345e-03 0 
    2.971023 8.802052e+20 2.486957e-03 0 
    2.991619 8.721320e+20 2.430335e-03 0 
    3.012355 8.701277e+20 2.391482e-03 0 
    3.033234 8.621426e+20 2.337027e-03 0 
    3.047237 8.601743e+20 2.310311e-03 0 
    3.068358 8.581869e+20 2.273350e-03 0 
    3.089628 8.562216e+20 2.237022e-03 0 
    3.111043 8.542468e+20 2.201242e-03 0 
    3.132610 8.522862e+20 2.166054e-03 0 
    3.147068 8.464175e+20 2.131419e-03 0 
    3.168881 8.444679e+20 2.097335e-03 0 
    3.190849 8.464203e+20 2.073338e-03 0 
    3.212965 8.464185e+20 2.044888e-03 0 
    3.227798 8.483585e+20 2.030781e-03 0 
    3.250170 8.661345e+20 2.044889e-03 0 
    3.272698 9.153438e+20 2.131419e-03 0 
    3.287806 1.046131e+21 2.413628e-03 0 
    3.310594 1.046121e+21 2.380490e-03 0 
    3.333544 9.007125e+20 2.021484e-03 0 
    3.348930 8.425268e+20 1.873562e-03 0 
    3.372142 8.176860e+20 1.793376e-03 0 
    3.387710 8.009016e+20 1.740456e-03 0 
    3.411191 7.899260e+20 1.693054e-03 0 
    3.426935 7.808694e+20 1.658300e-03 0 
    3.450691 7.754979e+20 1.624295e-03 0 
    3.466618 7.666292e+20 1.590999e-03 0 
    3.490649 7.613553e+20 1.558373e-03 0 
    3.506760 7.543713e+20 1.529923e-03 0 
    3.531066 7.474507e+20 1.495090e-03 0 
    3.547368 7.405902e+20 1.467783e-03 0 
    3.571955 7.372050e+20 1.441029e-03 0 
    3.588445 7.287684e+20 1.411476e-03 0 
    3.613317 7.270863e+20 1.388898e-03 0 
    3.629994 7.187615e+20 1.360409e-03 0 
    3.646752 7.105376e+20 1.332512e-03 0 
    3.672029 7.072767e+20 1.308198e-03 0 
    3.688977 6.975663e+20 1.278410e-03 0 
    3.706007 6.911758e+20 1.255083e-03 0 
    3.731694 6.895694e+20 1.234987e-03 0 
    3.748917 6.785407e+20 1.204095e-03 0 
    3.766225 6.769991e+20 1.190343e-03 0 
    3.792329 6.738736e+20 1.168592e-03 0 
    3.809832 6.677022e+20 1.147275e-03 0 
    3.827421 6.615913e+20 1.126351e-03 0 
    3.853949 6.600703e+20 1.108344e-03 0 
    3.871741 6.525133e+20 1.085608e-03 0 
    3.889611 6.465273e+20 1.065788e-03 0 
    3.907563 6.405917e+20 1.046323e-03 0 
    3.925598 6.361953e+20 1.029616e-03 0 
    3.952812 6.318148e+20 1.008495e-03 0 
    3.971056 6.274456e+20 9.923401e-04 0 
    3.989388 6.202774e+20 9.720081e-04 0 
    4.007801 6.159921e+20 9.564433e-04 0 
    4.026299 6.117538e+20 9.411550e-04 0 
    4.054210 6.075400e+20 9.218470e-04 0 
    4.072923 6.047482e+20 9.091983e-04 0 
    4.091721 6.006090e+20 8.946975e-04 0 
    4.110606 5.978369e+20 8.824040e-04 0 
    4.129583 5.937239e+20 8.682976e-04 0 
    4.148643 5.882856e+20 8.524572e-04 0 
    4.167791 5.842329e+20 8.388235e-04 0 
    4.187032 5.801944e+20 8.253867e-04 0 
    4.206356 5.762257e+20 8.122263e-04 0 
    4.225771 5.748988e+20 8.029267e-04 0 
    4.245279 5.696268e+20 7.882689e-04 0 
    4.274704 5.696113e+20 7.774330e-04 0 
    4.294434 5.541063e+20 7.493378e-04 0 
    4.314259 5.402373e+20 7.238834e-04 0 
    4.334172 5.439891e+20 7.222281e-04 0 
    4.354176 5.291630e+20 6.961036e-04 0 
    4.374277 5.230862e+20 6.818003e-04 0 
    4.394466 5.195049e+20 6.709248e-04 0 
    4.414749 5.076834e+20 6.496469e-04 0 
    4.424925 5.041799e+20 6.421998e-04 0 
    4.445353 5.006969e+20 6.319153e-04 0 
    4.465870 4.915594e+20 6.146959e-04 0 
    4.486482 4.949626e+20 6.132774e-04 0 
    4.507195 4.904281e+20 6.020868e-04 0 
    4.527997 4.836928e+20 5.883745e-04 0 
    4.548896 4.859448e+20 5.856948e-04 0 
    4.569891 4.848316e+20 5.789962e-04 0 
    4.590988 4.759651e+20 5.631956e-04 0 
    4.612178 4.803689e+20 5.631955e-04 0 
    4.633465 4.770797e+20 5.542116e-04 0 
    4.654856 4.748876e+20 5.466065e-04 0 
    4.665586 4.737778e+20 5.428237e-04 0 
    4.687119 4.727118e+20 5.366373e-04 0 
    4.708753 4.694488e+20 5.280473e-04 0 
    4.730491 4.726973e+20 5.268259e-04 0 
    4.752324 4.694349e+20 5.183938e-04 0 
    4.774259 4.683763e+20 5.124829e-04 0 
    4.785269 4.661976e+20 5.077545e-04 0 
    4.807355 4.619303e+20 4.984947e-04 0 
    4.829543 4.662042e+20 4.984947e-04 0 
    4.851834 4.640835e+20 4.916779e-04 0 
    4.874232 4.619220e+20 4.849006e-04 0 
    4.885468 4.587747e+20 4.793841e-04 0 
    4.908017 4.576913e+20 4.738675e-04 0 
    4.930669 4.577006e+20 4.695331e-04 0 
    4.953432 4.566641e+20 4.641741e-04 0 
    4.964850 4.556173e+20 4.609825e-04 0 
    4.987765 4.546053e+20 4.557419e-04 0 
    5.010791 4.579397e+20 4.548751e-04 0 
    5.033918 4.612958e+20 4.540082e-04 0 
    5.045522 4.587189e+20 4.493978e-04 0 
    5.068809 4.631662e+20 4.495950e-04 0 
    5.080493 4.648145e+20 4.491221e-04 0 
    5.092210 4.665102e+20 4.486885e-04 0 
    5.103947 4.671406e+20 4.472309e-04 0 
    5.115713 4.688417e+20 4.467971e-04 0 
    5.127504 4.694272e+20 4.453000e-04 0 
    5.139324 4.711348e+20 4.448664e-04 0 
    5.151170 4.728483e+20 4.444332e-04 0 
    5.163050 4.756213e+20 4.449847e-04 0 
    5.174951 4.784510e+20 4.455756e-04 0 
    5.186880 4.790442e+20 4.440783e-04 0 
    5.198836 4.807854e+20 4.436449e-04 0 
    5.210819 4.824897e+20 4.431722e-04 0 
    5.222831 4.841995e+20 4.426993e-04 0 
    5.234870 4.848322e+20 4.412413e-04 0 
    5.246942 4.876800e+20 4.417930e-04 0 
    5.259037 4.905426e+20 4.423446e-04 0 
    5.271159 4.945627e+20 4.439208e-04 0 
    5.283309 4.951694e+20 4.424235e-04 0 
    5.295488 4.958155e+20 4.409655e-04 0 
    5.307694 4.975698e+20 4.404927e-04 0 
    5.319935 4.993309e+20 4.400198e-04 0 
    5.332198 5.022645e+20 4.405715e-04 0 
    5.344489 5.051693e+20 4.410837e-04 0 
    5.356808 5.081355e+20 4.416354e-04 0 
    5.369156 5.099343e+20 4.411625e-04 0 
    5.381532 5.128828e+20 4.416749e-04 0 
    5.393937 5.158935e+20 4.422265e-04 0 
    5.406376 5.188759e+20 4.427387e-04 0 
    5.418839 5.207142e+20 4.422658e-04 0 
    5.431330 5.225582e+20 4.417929e-04 0 
    5.443849 5.267962e+20 4.433298e-04 0 
    5.456398 5.310621e+20 4.448665e-04 0 
    5.468975 5.328988e+20 4.443543e-04 0 
    5.481581 5.360230e+20 4.449060e-04 0 
    5.494223 5.403581e+20 4.464425e-04 0 
    5.506887 5.434751e+20 4.469550e-04 0 
    5.519581 5.466574e+20 4.475066e-04 0 
    5.532304 5.536292e+20 4.511318e-04 0 
    5.545056 5.568159e+20 4.516440e-04 0 
    5.557838 5.587514e+20 4.511317e-04 0 
    5.570655 5.645676e+20 4.537324e-04 0 
    5.583496 5.704241e+20 4.563330e-04 0 
    5.596367 5.737002e+20 4.568451e-04 0 
    5.609267 5.796785e+20 4.594851e-04 0 
    5.622197 5.843518e+20 4.610614e-04 0 
    5.635156 5.891057e+20 4.626769e-04 0 
    5.648146 5.965625e+20 4.663807e-04 0 
    5.661171 6.027604e+20 4.690602e-04 0 
    5.674220 6.104259e+20 4.728431e-04 0 
    5.687300 6.153384e+20 4.744585e-04 0 
    5.700410 6.231585e+20 4.782806e-04 0 
    5.713549 6.325333e+20 4.832457e-04 0 
    5.726719 6.420332e+20 4.882499e-04 0 
    5.739926 6.502032e+20 4.921902e-04 0 
    5.753157 6.599502e+20 4.972733e-04 0 
    5.766419 6.698784e+20 5.024351e-04 0 
    5.779711 6.815201e+20 5.088185e-04 0 
    5.793033 6.933610e+20 5.152807e-04 0 
    5.806387 7.053501e+20 5.217821e-04 0 
    5.819771 7.192545e+20 5.296235e-04 0 
    5.833192 7.334353e+20 5.375832e-04 0 
    5.846638 7.495660e+20 5.468824e-04 0 
    5.860115 7.678376e+20 5.576396e-04 0 
    5.873623 7.847902e+20 5.673328e-04 0 
    5.887162 8.076325e+20 5.811634e-04 0 
    5.909591 4.638137e+20 3.312265e-04 3 
    5.940499 9.422065e+20 6.658812e-04 3 
    5.971406 1.057048e+21 7.393295e-04 3 
    6.002313 1.048096e+21 7.255383e-04 3 
    6.033221 8.685624e+20 5.951124e-04 3 
    6.064128 1.091699e+21 7.403934e-04 3 
    6.095035 1.607093e+21 1.078910e-03 3 
    6.125944 1.948524e+21 1.294959e-03 3 
    6.156851 2.261997e+21 1.488234e-03 3 
    6.187757 3.492327e+21 2.274809e-03 3 
    6.218665 3.866157e+21 2.493341e-03 3 
    6.249573 3.345796e+21 2.136462e-03 3 
    6.280480 2.943170e+21 1.860913e-03 3 
    6.311387 2.490760e+21 1.559476e-03 3 
    6.342295 2.060878e+21 1.277779e-03 3 
    6.373203 1.751419e+21 1.075403e-03 3 
    6.404110 1.800976e+21 1.095183e-03 3 
    6.435017 1.684151e+21 1.014327e-03 3 
    6.465925 1.485890e+21 8.863836e-04 3 
    6.496832 1.402432e+21 8.286575e-04 3 
    6.527739 1.388474e+21 8.126596e-04 3 
    6.558647 1.311944e+21 7.606469e-04 3 
    6.589554 1.405290e+21 8.071430e-04 3 
    6.620461 1.880674e+21 1.070123e-03 3 
    6.651370 1.268290e+21 7.149781e-04 3 
    6.682276 1.576408e+21 8.804732e-04 3 
    6.713183 9.835226e+20 5.442818e-04 3 
    6.744091 1.418801e+21 7.779846e-04 3 
    6.774999 1.312177e+21 7.129684e-04 3 
    6.805907 1.273900e+21 6.858981e-04 3 
    6.836814 1.289558e+21 6.880653e-04 3 
    6.867721 1.499835e+21 7.930758e-04 3 
    6.898629 9.549236e+20 5.004256e-04 3 
    6.929535 1.516790e+21 7.877960e-04 3 
    6.960443 2.145921e+21 1.104680e-03 3 
    6.991351 1.867934e+21 9.530939e-04 3 
    7.022258 1.296188e+21 6.555575e-04 3 
    7.053166 1.541843e+21 7.729802e-04 3 
    7.084073 1.134923e+21 5.640230e-04 3 
    7.114980 1.838603e+21 9.058098e-04 3 
    7.145888 1.847673e+21 9.024209e-04 3 
    7.176795 1.934407e+21 9.366627e-04 3 
    7.207703 2.106234e+21 1.011136e-03 3 
    7.238610 1.571583e+21 7.480376e-04 3 
    7.269517 2.262829e+21 1.067916e-03 3 
    7.300426 2.186456e+21 1.023154e-03 3 
    7.331332 2.188449e+21 1.015470e-03 3 
    7.362239 3.187649e+21 1.466720e-03 3 
    7.393147 2.760059e+21 1.259378e-03 3 
    7.424055 3.973402e+21 1.797946e-03 3 
    7.454962 4.184628e+21 1.877857e-03 3 
    7.485869 4.519802e+21 2.011553e-03 3 
    7.514754 4.582052e+21 2.023611e-03 3 
    7.516777 4.182450e+21 1.846137e-03 3 
    7.547685 3.573920e+21 1.564638e-03 3 
    7.576691 4.802376e+21 2.086381e-03 3 
    7.578591 5.939990e+21 2.579320e-03 3 
    7.638629 5.246829e+21 2.242655e-03 3 
    7.700567 4.990019e+21 2.098714e-03 3 
    7.762505 4.682383e+21 1.938026e-03 3 
    7.824443 4.712232e+21 1.919624e-03 3 
    7.886382 3.881432e+21 1.556442e-03 3 
    7.948319 3.515336e+21 1.387755e-03 3 
    8.010257 2.945967e+21 1.145068e-03 3 
    8.072196 2.688722e+21 1.029103e-03 3 
    8.134133 2.399915e+21 9.046276e-04 3 
    8.196071 2.125739e+21 7.892142e-04 3 
    8.258009 2.209491e+21 8.080493e-04 3 
    8.319947 2.220557e+21 8.000504e-04 3 
    8.381886 2.113883e+21 7.504019e-04 3 
    8.443823 2.542205e+21 8.892603e-04 3 
    8.505762 2.521685e+21 8.692825e-04 3 
    8.567699 2.983712e+21 1.013736e-03 3 
    8.629638 3.178788e+21 1.064567e-03 3 
    8.691575 2.704796e+21 8.929641e-04 3 
    8.753513 2.360446e+21 7.682911e-04 3 
    8.815452 1.686264e+21 5.411688e-04 3 
    8.877389 1.653888e+21 5.233978e-04 3 
    8.939327 1.502688e+21 4.689814e-04 3 
    9.001265 9.695275e+20 2.984348e-04 3 
    9.063203 1.094824e+21 3.324126e-04 3 
    9.125142 1.249107e+21 3.741252e-04 3 
    9.187079 9.703773e+20 2.867360e-04 3 
    9.249018 1.188765e+21 3.465782e-04 3 
    9.310956 8.254679e+20 2.374696e-04 3 
    9.372894 1.198475e+21 3.402342e-04 3 
    9.434831 1.387845e+21 3.888385e-04 3 
    9.496769 1.374779e+21 3.801698e-04 3 
    9.558708 1.206420e+21 3.293037e-04 3 
    9.620645 1.001950e+21 2.699816e-04 3 
    9.682583 9.415570e+20 2.504728e-04 3 
    9.744522 6.717319e+20 1.764296e-04 3 
    9.806460 8.148691e+20 2.113293e-04 3 
    9.868398 1.124627e+21 2.880127e-04 3 
    9.930336 8.967530e+20 2.267991e-04 3 
    9.992270 9.349647e+20 2.335411e-04 3 
   10.054213 9.226358e+20 2.276306e-04 3 
   10.116146 9.600527e+20 2.339706e-04 3 
   10.178091 1.065711e+21 2.565686e-04 3 
   10.240025 9.891102e+20 2.352551e-04 3 
   10.301968 9.386021e+20 2.205655e-04 3 
   10.363903 9.310000e+20 2.161720e-04 3 
   10.425837 1.102476e+21 2.529552e-04 3 
   10.487780 1.266910e+21 2.872600e-04 3 
   10.549713 1.679108e+21 3.762649e-04 3 
   10.611658 1.675239e+21 3.710281e-04 3 
   10.673591 1.361788e+21 2.981158e-04 3 
   10.735525 1.440677e+21 3.117572e-04 3 
   10.797469 1.305830e+21 2.793438e-04 3 
   10.859403 1.401025e+21 2.962992e-04 3 
   10.921346 1.285781e+21 2.688506e-04 3 
   10.983280 1.912394e+21 3.953756e-04 3 
   11.045224 2.304872e+21 4.711880e-04 3 
   11.107158 2.586327e+21 5.228462e-04 3 
   11.169092 4.341406e+21 8.679428e-04 3 
   11.231035 5.864617e+21 1.159569e-03 3 
   11.292969 5.615151e+21 1.098099e-03 3 
   11.354913 4.273171e+21 8.265689e-04 3 
   11.416847 3.447363e+21 6.596160e-04 3 
   11.478790 2.724613e+21 5.157142e-04 3 
   11.540724 2.166576e+21 4.056993e-04 3 
   11.602658 2.057385e+21 3.811509e-04 3 
   11.664602 1.667570e+21 3.056615e-04 3 
   11.726536 1.964330e+21 3.562635e-04 3 
   11.788479 2.118345e+21 3.801697e-04 3 
   11.850412 1.975454e+21 3.508299e-04 3 
   11.912357 1.848077e+21 3.248037e-04 3 
   11.974291 1.963214e+21 3.414794e-04 3 
   12.036224 1.997788e+21 3.439263e-04 3 
   12.098169 1.588907e+21 2.707420e-04 3 
   12.160103 1.831013e+21 3.088256e-04 3 
   12.222046 1.882496e+21 3.142988e-04 3 
   12.283979 1.984850e+21 3.280546e-04 3 
   12.345914 2.182734e+21 3.571502e-04 3 
   12.407857 2.180101e+21 3.531664e-04 3 
   12.469791 1.860925e+21 2.984743e-04 3 
   12.531735 2.050339e+21 3.256115e-04 3 
   12.593669 2.348146e+21 3.692470e-04 3 
   12.655612 2.682832e+21 4.177569e-04 3 
   12.717547 2.974141e+21 4.586183e-04 3 
   12.779480 3.694951e+21 5.642594e-04 3 
   12.841424 3.941630e+21 5.961368e-04 3 
   12.903358 2.470892e+21 3.701218e-04 3 
   12.965302 1.676350e+21 2.487115e-04 3 
   13.027235 1.342120e+21 1.972346e-04 3 
   13.089169 1.546150e+21 2.250733e-04 3 
   13.151112 1.563387e+21 2.254437e-04 3 
   13.213047 1.392236e+21 1.988857e-04 3 
   13.274991 1.325246e+21 1.875532e-04 3 
   13.336923 1.574716e+21 2.207941e-04 3 
   13.398867 1.612637e+21 2.240252e-04 3 
   13.460802 1.593112e+21 2.192810e-04 3 
   13.522736 1.508853e+21 2.057852e-04 3 
   13.584680 1.484513e+21 2.006234e-04 3 
   13.646612 1.484721e+21 1.988345e-04 3 
   13.708556 1.197492e+21 1.589226e-04 3 
   13.770491 1.434832e+21 1.887117e-04 3 
   13.832434 1.280659e+21 1.669294e-04 3 
   13.894369 1.074679e+21 1.388346e-04 3 
   13.956302 1.043291e+21 1.335861e-04 3 
   14.018245 1.198837e+21 1.521491e-04 3 
   14.080180 1.066968e+21 1.342244e-04 3 
   14.142123 1.434800e+21 1.789198e-04 3 
   14.204056 1.387213e+21 1.714805e-04 3 
   14.266002 1.274192e+21 1.561446e-04 3 
   14.327934 1.226282e+21 1.489771e-04 3 
   14.389869 1.182369e+21 1.424085e-04 3 
   14.451813 1.092918e+21 1.305086e-04 3 
   14.505109 1.062134e+21 1.259023e-04 3 
   14.596567 9.335500e+20 1.092780e-04 3 
   14.688036 1.061552e+21 1.227185e-04 3 
   14.779495 1.189839e+21 1.358518e-04 3 
   14.870955 1.333607e+21 1.503996e-04 3 
   14.962416 1.172359e+21 1.306032e-04 3 
   15.053884 1.129808e+21 1.243380e-04 3 
   15.145344 5.651750e+20 6.144989e-05 3 
   15.236802 1.014563e+21 1.089903e-04 3 
   15.328272 1.098426e+21 1.165952e-04 3 
   15.419731 1.322280e+21 1.386967e-04 3 
   15.511191 2.651353e+21 2.748361e-04 3 
   15.602650 2.941564e+21 3.013547e-04 3 
   15.694119 1.562774e+21 1.582409e-04 3 
   15.785580 1.197149e+21 1.198184e-04 3 
   15.877038 1.288804e+21 1.275100e-04 3 
   15.968506 1.439223e+21 1.407654e-04 3 
   16.059967 1.370140e+21 1.324867e-04 3 
   16.151425 1.382534e+21 1.321754e-04 3 
   16.242895 1.283858e+21 1.213630e-04 3 
   16.334355 1.824781e+21 1.705702e-04 3 
   16.425812 2.178835e+21 2.014036e-04 3 
   16.517273 1.991182e+21 1.820249e-04 3 
   16.608744 1.964354e+21 1.775998e-04 3 
   16.700202 1.942820e+21 1.737343e-04 3 
   16.791661 2.187655e+21 1.935031e-04 3 
   16.883120 2.220243e+21 1.942636e-04 3 
   16.974591 2.308509e+21 1.998156e-04 3 
   17.066050 2.745799e+21 2.351252e-04 3 
   17.157509 2.423412e+21 2.053124e-04 3 
   17.248980 2.147532e+21 1.800153e-04 3 
   17.340438 2.143810e+21 1.778126e-04 3 
   17.431898 2.366012e+21 1.941887e-04 3 
   17.523367 2.072505e+21 1.683282e-04 3 
   17.614825 2.108166e+21 1.694512e-04 3 
   17.706284 1.743362e+21 1.386849e-04 3 
   17.797744 2.353913e+21 1.853348e-04 3 
   17.889212 1.857587e+21 1.447648e-04 3 
   17.980673 1.914122e+21 1.476571e-04 3 
   18.072131 1.958619e+21 1.495642e-04 3 
   18.163602 2.035311e+21 1.538592e-04 3 
   18.255061 1.816983e+21 1.359818e-04 3 
   18.346519 1.930533e+21 1.430429e-04 3 
   18.437988 2.277202e+21 1.670594e-04 3 
   18.529448 2.652934e+21 1.927072e-04 3 
   18.620908 2.936994e+21 2.112505e-04 3 
   18.712367 4.317207e+21 3.074977e-04 3 
   18.803836 3.111403e+21 2.194622e-04 3 
   18.895295 2.024567e+21 1.414234e-04 3 
   18.986755 2.273747e+21 1.573030e-04 3 
   19.078225 2.150045e+21 1.473221e-04 3 
   19.169684 1.796809e+21 1.219462e-04 3 
   19.261142 2.287012e+21 1.537449e-04 3 
   19.352602 2.235646e+21 1.488746e-04 3 
   19.444073 2.338006e+21 1.542296e-04 3 
   19.535531 1.942863e+21 1.269662e-04 3 
   19.626991 2.491511e+21 1.613065e-04 3 
   19.718461 2.528057e+21 1.621576e-04 3 
   19.809919 1.752730e+21 1.113900e-04 3 
   19.901380 2.248094e+21 1.415613e-04 3 
   19.992839 2.408497e+21 1.502774e-04 3 
   20.084308 2.624648e+21 1.622758e-04 3 
   20.175767 2.951907e+21 1.808585e-04 3 
   20.267227 1.941279e+21 1.178680e-04 3 
   20.358695 2.145603e+21 1.291059e-04 3 
   20.503531 2.804437e+21 1.663738e-04 3 
   20.678588 2.481835e+21 1.447530e-04 3 
   20.853745 2.634334e+21 1.510773e-04 3 
   21.029005 3.071316e+21 1.732142e-04 3 
   21.204352 3.042832e+21 1.687813e-04 3 
   21.379791 3.250971e+21 1.773792e-04 3 
   21.555327 3.197910e+21 1.716538e-04 3 
   21.730955 3.440191e+21 1.816860e-04 3 
   21.906681 3.674766e+21 1.909734e-04 3 
   22.082508 3.587146e+21 1.834631e-04 3 
   22.258423 3.301678e+21 1.662043e-04 3 
   22.434441 3.820958e+21 1.893382e-04 3 
   22.610547 3.868176e+21 1.887038e-04 3 
   22.786752 4.205326e+21 2.019906e-04 3 
   22.963056 4.544243e+21 2.149308e-04 3 
   23.139452 4.517888e+21 2.104388e-04 3 
   23.315947 4.769503e+21 2.188081e-04 3 
   23.492542 4.564391e+21 2.062620e-04 3 
   23.669227 4.772891e+21 2.124760e-04 3 
   23.846020 4.885335e+21 2.142688e-04 3 
   24.022895 4.745905e+21 2.050996e-04 3 
   24.199877 4.599117e+21 1.958595e-04 3 
   24.376963 4.876882e+21 2.046819e-04 3 
   24.554134 5.264849e+21 2.177876e-04 3 
   24.731406 5.699759e+21 2.324103e-04 3 
   24.908780 5.716032e+21 2.297662e-04 3 
   25.086242 5.478903e+21 2.171295e-04 3 
   25.263814 5.517717e+21 2.156046e-04 3 
   25.441477 5.436165e+21 2.094616e-04 3 
   25.619248 5.774654e+21 2.194268e-04 3 
   25.797108 6.527607e+21 2.446293e-04 3 
   25.975072 6.527371e+21 2.412800e-04 3 
   26.153131 6.272873e+21 2.287260e-04 3 
   26.331291 6.160794e+21 2.216097e-04 3 
   26.509553 6.422142e+21 2.279143e-04 3 
   26.687916 6.483533e+21 2.270277e-04 3 
   26.866375 6.560953e+21 2.266967e-04 3 
   27.044934 6.406237e+21 2.184377e-04 3 
   27.223591 6.980721e+21 2.349124e-04 3 
   27.402350 7.336186e+21 2.436639e-04 3 
   27.581222 7.327108e+21 2.402161e-04 3 
   27.760178 7.064907e+21 2.286433e-04 3 
   27.939238 7.194820e+21 2.298726e-04 3 
   28.118403 7.666765e+21 2.418395e-04 3 
   28.297675 7.942715e+21 2.473796e-04 3 
   28.477031 8.191062e+21 2.519111e-04 3 
   28.656497 7.923433e+21 2.406377e-04 3 
   28.836066 7.894955e+21 2.367959e-04 3 
   29.015744 8.687731e+21 2.573567e-04 3 
   29.195519 8.717745e+21 2.550752e-04 3 
   29.375388 8.501562e+21 2.457129e-04 3 
   29.555372 8.316926e+21 2.374578e-04 3 
   29.735447 8.637070e+21 2.436206e-04 3 
   29.915631 9.113930e+21 2.539837e-04 3 
   30.095916 8.739845e+21 2.406495e-04 3 
   30.276303 9.121977e+21 2.481874e-04 3 
   30.456797 9.327939e+21 2.507920e-04 3 
   30.637391 9.087860e+21 2.414652e-04 3 
   30.818088 9.242941e+21 2.427142e-04 3 
   30.998891 9.680101e+21 2.512373e-04 3 
   31.179806 1.038785e+22 2.664864e-04 3 
   31.360816 1.024185e+22 2.597170e-04 3 
   31.541931 1.028426e+22 2.578059e-04 3 
   31.723144 1.054618e+22 2.613601e-04 3 
   31.904478 1.094145e+22 2.680823e-04 3 
   32.085900 1.127802e+22 2.732127e-04 3 
   32.267441 1.122916e+22 2.689768e-04 3 
   32.449072 1.110839e+22 2.631135e-04 3 
   32.630825 1.131494e+22 2.650285e-04 3 
   32.812678 1.227833e+22 2.844150e-04 3 
   32.994625 1.135984e+22 2.602449e-04 3 
   33.176687 1.138660e+22 2.580028e-04 3 
   33.358859 1.730957e+22 3.879362e-04 3 
   33.541138 1.690790e+22 3.748266e-04 3 
   33.723522 1.327061e+22 2.910191e-04 3 
   33.906009 1.298143e+22 2.816213e-04 3 
   34.088597 1.267383e+22 2.720108e-04 3 
   34.271300 1.467407e+22 3.115917e-04 3 
   34.454119 1.388897e+22 2.917993e-04 3 
   34.637028 1.977939e+22 4.111764e-04 3 
   34.820056 2.484112e+22 5.109857e-04 3 
