# NGC 4725  
# 
# An Atlas of Galaxy Spectral Energy Distributions from the Ultraviolet to the Mid-Infrared
# Brown et al. (2014)
# http://dx.doi.org/10.5072/03/529D3551F0117
# http://dx.doi.org/10.17909/t9-5bxk-dh29
# 
# The Spectral Energy Distributions of Active Galactic Nuclei
# Brown et al. (2019)
# http://dx.doi.org/10.17909/t9-3dbt-8734
# 
# Column 1: Observed wavelength (um)
# Column 2: L_nu (W/Hz)
# Column 3: f_lam (erg/s/cm2/A)
# Column 4: Source (0 = model, 1 = Optical Spectrun, 2 = Akari, 3 = Spitzer IRS)
# 
  1.0006e-02 7.827437e+12 1.949822e-06 0 
  1.0192e-02 1.070685e+13 2.570629e-06 0 
  1.0405e-02 1.347835e+13 3.104911e-06 0 
  1.0599e-02 1.720349e+13 3.819296e-06 0 
  1.0796e-02 2.241932e+13 4.797260e-06 0 
  1.0997e-02 3.285940e+13 6.776534e-06 0 
  1.1409e-02 4.961730e+13 9.506802e-06 0 
  1.1810e-02 7.041521e+13 1.259108e-05 0 
  1.2113e-02 2.701770e+14 4.592419e-05 0 
  1.2510e-02 3.545076e+14 5.649465e-05 0 
  1.2713e-02 3.950170e+14 6.095596e-05 0 
  1.2801e-02 4.223357e+14 6.427861e-05 0 
  1.3100e-02 4.871101e+14 7.079148e-05 0 
  1.3190e-02 5.815871e+14 8.337228e-05 0 
  1.3405e-02 6.363132e+14 8.831484e-05 0 
  1.3685e-02 8.348709e+14 1.111799e-04 0 
  1.4004e-02 9.475780e+14 1.205056e-04 0 
  1.4297e-02 2.777452e+15 3.388857e-04 0 
  1.4698e-02 7.355969e+15 8.492193e-04 0 
  1.5110e-02 8.254127e+15 9.016514e-04 0 
  1.5497e-02 9.325278e+15 9.684183e-04 0 
  1.5895e-02 1.055980e+16 1.042392e-03 0 
  1.6190e-02 1.152438e+16 1.096529e-03 0 
  1.6606e-02 1.311047e+16 1.185727e-03 0 
  1.6992e-02 1.454292e+16 1.256201e-03 0 
  1.7308e-02 1.583602e+16 1.318405e-03 0 
  1.7712e-02 1.752494e+16 1.393214e-03 0 
  1.7999e-02 1.882132e+16 1.448938e-03 0 
  1.8208e-02 1.979999e+16 1.489488e-03 0 
  1.8589e-02 2.171040e+16 1.566940e-03 0 
  1.9110e-02 2.441582e+16 1.667425e-03 0 
  1.9420e-02 2.634059e+16 1.741901e-03 0 
  1.9781e-02 2.848626e+16 1.815663e-03 0 
  2.0196e-02 3.116291e+16 1.905477e-03 0 
  2.0477e-02 3.308694e+16 1.967979e-03 0 
  2.1002e-02 3.504480e+16 1.981521e-03 0 
  2.1590e-02 4.098569e+16 2.192923e-03 0 
  2.1992e-02 4.442561e+16 2.290870e-03 0 
  2.2298e-02 4.630704e+16 2.322799e-03 0 
  2.2712e-02 5.030567e+16 2.432219e-03 0 
  2.2975e-02 7.791679e+16 3.681429e-03 0 
  2.3402e-02 1.369727e+17 6.237700e-03 0 
  2.4002e-02 1.748413e+17 7.569122e-03 0 
  2.4618e-02 1.732355e+17 7.128989e-03 0 
  2.5192e-02 1.903907e+17 7.481986e-03 0 
  2.5719e-02 1.673632e+17 6.310273e-03 0 
  2.6017e-02 1.952800e+17 7.195148e-03 0 
  2.6379e-02 2.087589e+17 7.482123e-03 0 
  2.6869e-02 2.150952e+17 7.430604e-03 0 
  2.7369e-02 2.206194e+17 7.345517e-03 0 
  2.7878e-02 2.262808e+17 7.261410e-03 0 
  2.8396e-02 2.331513e+17 7.211405e-03 0 
  2.8991e-02 2.288984e+17 6.792238e-03 0 
  2.9598e-02 2.402429e+17 6.839466e-03 0 
  3.0079e-02 2.435895e+17 6.714725e-03 0 
  3.0779e-02 2.544765e+17 6.699388e-03 0 
  3.1787e-02 2.707918e+17 6.683945e-03 0 
  3.2829e-02 2.822566e+17 6.531686e-03 0 
  3.3826e-02 2.908428e+17 6.339478e-03 0 
  3.4774e-02 2.976059e+17 6.138027e-03 0 
  3.5666e-02 3.059483e+17 5.998404e-03 0 
  3.6581e-02 3.152406e+17 5.875264e-03 0 
  3.7519e-02 3.218366e+17 5.702028e-03 0 
  3.8482e-02 3.188977e+17 5.370721e-03 0 
  3.9469e-02 3.346906e+17 5.358308e-03 0 
  4.0481e-02 3.440619e+17 5.236373e-03 0 
  4.1424e-02 3.488585e+17 5.070395e-03 0 
  4.2195e-02 3.504616e+17 4.909247e-03 0 
  4.2979e-02 3.537132e+17 4.775679e-03 0 
  4.4081e-02 3.611157e+17 4.634895e-03 0 
  4.5108e-02 3.627849e+17 4.446707e-03 0 
  4.6053e-02 3.661371e+17 4.305508e-03 0 
  4.7017e-02 3.695185e+17 4.168913e-03 0 
  4.8002e-02 3.746655e+17 4.055286e-03 0 
  4.9007e-02 3.729486e+17 3.872837e-03 0 
    0.050033 3.798709e+17 3.784595e-03 0 
    0.050612 3.790027e+17 3.690045e-03 0 
    0.051198 3.932258e+17 3.741385e-03 0 
    0.052030 3.959548e+17 3.647829e-03 0 
    0.052998 3.941387e+17 3.499666e-03 0 
    0.053983 3.887258e+17 3.326793e-03 0 
    0.054987 3.896295e+17 3.213869e-03 0 
    0.056009 4.005291e+17 3.184306e-03 0 
    0.057050 4.089356e+17 3.133574e-03 0 
    0.057977 4.042365e+17 2.999304e-03 0 
    0.059055 4.117724e+17 2.944695e-03 0 
    0.060015 4.042483e+17 2.799143e-03 0 
    0.060990 3.678170e+17 2.466102e-03 0 
    0.061981 4.165238e+17 2.704077e-03 0 
    0.062988 4.146113e+17 2.606285e-03 0 
    0.064011 4.203900e+17 2.558819e-03 0 
    0.065051 4.213452e+17 2.483285e-03 0 
    0.065805 4.165320e+17 2.398982e-03 0 
    0.066567 4.252446e+17 2.393411e-03 0 
    0.067493 4.272011e+17 2.338899e-03 0 
    0.068432 4.165234e+17 2.218285e-03 0 
    0.069543 4.321575e+17 2.228598e-03 0 
    0.070511 4.194286e+17 2.103976e-03 0 
    0.071657 4.381623e+17 2.128209e-03 0 
    0.072653 4.391999e+17 2.075160e-03 0 
    0.073495 4.411978e+17 2.037109e-03 0 
    0.074517 4.432344e+17 1.990761e-03 0 
    0.075554 4.452965e+17 1.945498e-03 0 
    0.076429 4.165107e+17 1.778305e-03 0 
    0.077492 4.504590e+17 1.870846e-03 0 
    0.078570 4.473505e+17 1.807303e-03 0 
    0.079480 4.546196e+17 1.794853e-03 0 
    0.080585 4.609358e+17 1.770225e-03 0 
    0.081519 4.630657e+17 1.737886e-03 0 
    0.082462 4.694955e+17 1.721948e-03 0 
    0.083417 4.361434e+17 1.563207e-03 0 
    0.084578 4.727651e+17 1.648265e-03 0 
    0.085557 4.738436e+17 1.614434e-03 0 
    0.086548 4.815400e+17 1.603300e-03 0 
    0.087550 4.905166e+17 1.596018e-03 0 
    0.088564 4.984868e+17 1.585023e-03 0 
    0.089589 5.054159e+17 1.570493e-03 0 
    0.090418 5.019398e+17 1.531223e-03 0 
    0.091465 6.436407e+17 1.918802e-03 0 
    0.092524 2.002828e+18 5.834871e-03 0 
    0.093596 3.905196e+18 1.111795e-02 0 
    0.094462 6.960619e+18 1.945495e-02 0 
    0.095556 9.764211e+18 2.666967e-02 0 
    0.096440 1.100629e+19 2.951365e-02 0 
    0.097557 2.347693e+18 6.152063e-03 0 
    0.098459 9.520351e+18 2.449281e-02 0 
    0.099599 1.024810e+19 2.576499e-02 0 
    0.100521 1.501874e+19 3.706948e-02 0 
    0.101451 1.467707e+19 3.556502e-02 0 
    0.102390 6.616609e+18 1.574044e-02 0 
    0.103575 1.070622e+19 2.488988e-02 0 
    0.104534 2.035370e+19 4.645416e-02 0 
    0.105501 2.021344e+19 4.529222e-02 0 
    0.106477 1.613027e+19 3.548350e-02 0 
    0.107462 1.943806e+19 4.197971e-02 0 
    0.108457 1.543964e+19 3.273547e-02 0 
    0.109460 2.092404e+19 4.355431e-02 0 
    0.110473 2.030713e+19 4.149853e-02 0 
    0.111495 1.970828e+19 3.953979e-02 0 
    0.112527 1.789166e+19 3.523981e-02 0 
    0.113568 2.310191e+19 4.467168e-02 0 
    0.114619 2.126412e+19 4.036739e-02 0 
    0.115413 2.278456e+19 4.266066e-02 0 
    0.116481 2.380374e+19 4.375538e-02 0 
    0.117559 1.662034e+19 2.999332e-02 0 
    0.118374 2.347661e+19 4.178489e-02 0 
    0.119469 1.635444e+19 2.857733e-02 0 
    0.120575 1.193009e+19 2.046565e-02 0 
    0.121411 8.159162e+18 1.380467e-02 0 
    0.122534 1.673586e+19 2.779914e-02 0 
    0.123383 2.556509e+19 4.188255e-02 0 
    0.124525 2.855217e+19 4.592218e-02 0 
    0.125388 2.745652e+19 4.355420e-02 0 
    0.126548 2.380309e+19 3.706971e-02 0 
    0.127426 3.123512e+19 4.797595e-02 0 
    0.128605 3.323882e+19 5.012176e-02 0 
    0.129496 2.634185e+19 3.917690e-02 0 
    0.130394 2.616028e+19 3.837281e-02 0 
    0.131600 3.346921e+19 4.819812e-02 0 
    0.132512 3.225784e+19 4.581644e-02 0 
    0.133431 2.868459e+19 4.018200e-02 0 
    0.134356 3.472500e+19 4.797605e-02 0 
    0.135599 3.401280e+19 4.613451e-02 0 
    0.136539 3.052390e+19 4.083410e-02 0 
    0.137485 3.248156e+19 4.285709e-02 0 
    0.138438 3.308598e+19 4.305562e-02 0 
    0.139398 2.894944e+19 3.715553e-02 0 
    0.140364 3.038400e+19 3.846183e-02 0 
    0.141663 3.152439e+19 3.917692e-02 0 
    0.142645 3.270722e+19 4.008916e-02 0 
    0.143634 3.278327e+19 3.963093e-02 0 
    0.144297 3.488478e+19 4.178475e-02 0 
    0.144629 3.553432e+19 4.236758e-02 0 
    0.145632 3.488529e+19 4.102279e-02 0 
    0.146641 3.233255e+19 3.749950e-02 0 
    0.147658 3.255664e+19 3.724107e-02 0 
    0.148339 3.339180e+19 3.784649e-02 0 
    0.149368 3.432785e+19 3.837319e-02 0 
    0.150403 3.270752e+19 3.606044e-02 0 
    0.151097 2.921778e+19 3.191773e-02 0 
    0.151795 3.159696e+19 3.420005e-02 0 
    0.152495 3.073546e+19 3.296287e-02 0 
    0.153552 2.689269e+19 2.844590e-02 0 
    0.154617 3.003659e+19 3.133520e-02 0 
    0.155330 2.842086e+19 2.937805e-02 0 
    0.156407 2.921810e+19 2.978764e-02 0 
    0.157491 3.152439e+19 3.169798e-02 0 
    0.158583 3.346864e+19 3.319107e-02 0 
    0.159682 3.448608e+19 3.373093e-02 0 
    0.160419 3.401267e+19 3.296291e-02 0 
    0.161531 3.440648e+19 3.288705e-02 0 
    0.162651 3.278319e+19 3.090538e-02 0 
    0.163402 3.512692e+19 3.281117e-02 0 
    0.164534 3.611136e+19 3.326818e-02 0 
    0.165675 3.346828e+19 3.040996e-02 0 
    0.166439 3.695256e+19 3.326831e-02 0 
    0.167208 3.293340e+19 2.937778e-02 0 
    0.167593 3.755329e+19 3.334515e-02 0 
    0.168367 3.950404e+19 3.475553e-02 0 
    0.169534 3.729473e+19 3.236163e-02 0 
    0.170316 3.594633e+19 3.090581e-02 0 
    0.171497 3.448665e+19 2.924384e-02 0 
    0.172686 3.464529e+19 2.897520e-02 0 
    0.173483 3.720914e+19 3.083417e-02 0 
    0.174685 3.669781e+19 2.999338e-02 0 
    0.175492 3.950379e+19 3.199047e-02 0 
    0.176302 3.619522e+19 2.904244e-02 0 
    0.177524 3.764039e+19 2.978766e-02 0 
    0.178343 3.851677e+19 3.020189e-02 0 
    0.179579 4.184541e+19 3.236184e-02 0 
    0.180408 4.155621e+19 3.184350e-02 0 
    0.181659 3.878356e+19 2.931098e-02 0 
    0.182497 3.977878e+19 2.978767e-02 0 
    0.183340 3.833836e+19 2.844563e-02 0 
    0.184610 3.545196e+19 2.594336e-02 0 
    0.185463 3.594555e+19 2.606315e-02 0 
    0.186319 3.746623e+19 2.691672e-02 0 
    0.187610 4.089278e+19 2.897551e-02 0 
    0.188476 3.798709e+19 2.666984e-02 0 
    0.189346 3.686739e+19 2.564641e-02 0 
    0.190659 3.932376e+19 2.697969e-02 0 
    0.191539 3.816280e+19 2.594312e-02 0 
    0.192423 3.755383e+19 2.529512e-02 0 
    0.193311 3.842761e+19 2.564642e-02 0 
    0.194651 4.127180e+19 2.716668e-02 0 
    0.195549 3.896137e+19 2.541087e-02 0 
    0.196905 4.331615e+19 2.786331e-02 0 
    0.197814 4.453022e+19 2.838162e-02 0 
    0.198270 4.252573e+19 2.697952e-02 0 
    0.199644 4.174849e+19 2.612310e-02 0 
    0.200566 4.311559e+19 2.673106e-02 0 
    0.201491 4.194149e+19 2.576493e-02 0 
    0.202421 4.371578e+19 2.660870e-02 0 
    0.203356 4.233071e+19 2.552925e-02 0 
    0.204294 4.452829e+19 2.660855e-02 0 
    0.205710 4.301627e+19 2.535236e-02 0 
    0.206660 4.331637e+19 2.529505e-02 0 
    0.207614 4.695186e+19 2.716664e-02 0 
    0.208572 5.183849e+19 2.971918e-02 0 
    0.209535 4.905128e+19 2.786337e-02 0 
    0.210502 4.927684e+19 2.773491e-02 0 
    0.211474 5.100734e+19 2.844560e-02 0 
    0.212450 5.100908e+19 2.818581e-02 0 
    0.213430 4.771351e+19 2.612323e-02 0 
    0.214416 5.148126e+19 2.792745e-02 0 
    0.215405 5.329103e+19 2.864435e-02 0 
    0.216399 5.089174e+19 2.710399e-02 0 
    0.217398 5.089198e+19 2.685559e-02 0 
    0.218402 5.329074e+19 2.786345e-02 0 
    0.219410 5.541781e+19 2.870998e-02 0 
    0.220423 5.428101e+19 2.786317e-02 0 
    0.221440 4.961895e+19 2.523666e-02 0 
    0.222462 5.030742e+19 2.535226e-02 0 
    0.223489 5.749727e+19 2.870988e-02 0 
    0.224521 5.516129e+19 2.729084e-02 0 
    0.225557 5.030727e+19 2.466122e-02 0 
    0.226598 5.054089e+19 2.454862e-02 0 
    0.227644 5.328955e+19 2.564638e-02 0 
    0.228695 5.938093e+19 2.831589e-02 0 
    0.229750 5.429848e+19 2.565506e-02 0 
    0.230280 5.779407e+19 2.718111e-02 0 
    0.231343 5.347004e+19 2.491692e-02 0 
    0.232411 4.258990e+19 1.966481e-02 0 
    0.233484 4.715597e+19 2.157341e-02 0 
    0.234561 4.302894e+19 1.950498e-02 0 
    0.235644 5.296240e+19 2.378764e-02 0 
    0.236732 4.427798e+19 1.970472e-02 0 
    0.237277 4.800475e+19 2.126520e-02 0 
    0.238373 4.154405e+19 1.823439e-02 0 
    0.239473 4.589026e+19 1.995740e-02 0 
    0.240578 4.466510e+19 1.924655e-02 0 
    0.241689 4.744234e+19 2.025577e-02 0 
    0.242246 5.744936e+19 2.441566e-02 0 
    0.243364 5.668946e+19 2.387186e-02 0 
    0.244487 6.334881e+19 2.643159e-02 0 
    0.245616 6.485694e+19 2.681264e-02 0 
    0.246750 6.098205e+19 2.497952e-02 0 
    0.247318 5.718812e+19 2.331798e-02 0 
    0.248460 5.111339e+19 2.064991e-02 0 
    0.249607 5.209256e+19 2.085252e-02 0 
    0.250759 6.531250e+19 2.590477e-02 0 
    0.251337 4.798635e+19 1.894529e-02 0 
    0.251916 4.712182e+19 1.851855e-02 0 
    0.252497 4.637951e+19 1.814305e-02 0 
    0.253662 5.352659e+19 2.074699e-02 0 
    0.254247 5.416212e+19 2.089683e-02 0 
    0.255421 7.343939e+19 2.807452e-02 0 
    0.256600 6.340789e+19 2.401742e-02 0 
    0.257784 7.385765e+19 2.771916e-02 0 
    0.258379 6.958259e+19 2.599457e-02 0 
    0.259571 6.648910e+19 2.461130e-02 0 
    0.260769 6.194307e+19 2.271837e-02 0 
    0.261370 5.944503e+19 2.170204e-02 0 
    0.262577 6.955736e+19 2.516090e-02 0 
    0.263789 9.540569e+19 3.419459e-02 0 
    0.264397 1.184945e+20 4.227481e-02 0 
    0.265617 1.523869e+20 5.386819e-02 0 
    0.266230 1.066773e+20 3.753658e-02 0 
    0.267458 1.194849e+20 4.165800e-02 0 
    0.268693 1.335216e+20 4.612488e-02 0 
    0.269312 1.065797e+20 3.664878e-02 0 
    0.270556 1.255787e+20 4.278563e-02 0 
    0.271804 1.005012e+20 3.392782e-02 0 
    0.272431 8.735771e+19 2.935517e-02 0 
    0.273688 1.038840e+20 3.458864e-02 0 
    0.274319 7.189044e+19 2.382626e-02 0 
    0.275585 8.588411e+19 2.820318e-02 0 
    0.276221 1.030468e+20 3.368352e-02 0 
    0.277496 1.099726e+20 3.561784e-02 0 
    0.278777 8.119853e+19 2.605738e-02 0 
    0.279419 5.243959e+19 1.675112e-02 0 
    0.280709 5.914465e+19 1.871971e-02 0 
    0.281356 1.040049e+20 3.276709e-02 0 
    0.282655 1.371851e+20 4.282428e-02 0 
    0.283306 1.313540e+20 4.081579e-02 0 
    0.284614 1.056067e+20 3.251439e-02 0 
    0.285270 7.794975e+19 2.388906e-02 0 
    0.286587 1.364825e+20 4.144387e-02 0 
    0.287248 1.730633e+20 5.231032e-02 0 
    0.288573 1.604979e+20 4.806782e-02 0 
    0.289239 1.899324e+20 5.662157e-02 0 
    0.291244 2.506049e+20 7.368380e-02 0 
    0.293262 2.245888e+20 6.512879e-02 0 
    0.295295 2.127094e+20 6.083744e-02 0 
    0.297342 2.255215e+20 6.361682e-02 0 
    0.298715 2.303868e+20 6.439320e-02 0 
    0.300785 2.354251e+20 6.489884e-02 0 
    0.302870 2.525001e+20 6.865078e-02 0 
    0.304969 2.646517e+20 7.096753e-02 0 
    0.307083 2.904598e+20 7.681940e-02 0 
    0.309212 2.893995e+20 7.548862e-02 0 
    0.311355 3.348987e+20 8.615851e-02 0 
    0.312792 3.149129e+20 8.027415e-02 0 
    0.314961 3.203445e+20 8.053787e-02 0 
    0.317144 3.540305e+20 8.778577e-02 0 
    0.319342 3.122215e+20 7.635670e-02 0 
    0.320816 3.473363e+20 8.416558e-02 0 
    0.323040 2.993467e+20 7.154154e-02 0 
    0.325279 4.164928e+20 9.817296e-02 0 
    0.326781 4.862924e+20 1.135744e-01 0 
    0.329046 4.834349e+20 1.113579e-01 0 
    0.331327 4.621411e+20 1.049923e-01 0 
    0.332090 4.445511e+20 1.005325e-01 0 
    0.332856 4.853652e+20 1.092578e-01 0 
    0.333623 4.945582e+20 1.108158e-01 0 
    0.334392 4.659771e+20 1.039320e-01 0 
    0.335163 4.639936e+20 1.030140e-01 0 
    0.335936 5.160088e+20 1.140356e-01 0 
    0.336710 4.906946e+20 1.079433e-01 0 
    0.337486 3.580572e+20 7.840383e-02 0 
    0.338264 4.198610e+20 9.151461e-02 0 
    0.339044 5.108044e+20 1.108253e-01 0 
    0.339826 4.970539e+20 1.073462e-01 0 
    0.340609 5.158887e+20 1.109022e-01 0 
    0.341394 5.066503e+20 1.084159e-01 0 
    0.342181 5.418224e+20 1.154095e-01 0 
    0.342970 5.152364e+20 1.092423e-01 0 
    0.343761 5.274232e+20 1.113121e-01 0 
    0.344553 3.485891e+20 7.323154e-02 0 
    0.345347 5.590640e+20 1.169086e-01 0 
    0.346144 4.598464e+20 9.571845e-02 0 
    0.346942 5.009172e+20 1.037884e-01 0 
    0.347741 4.384489e+20 9.042816e-02 0 
    0.348543 5.035846e+20 1.033847e-01 0 
    0.349347 4.500167e+20 9.196256e-02 0 
    0.350152 5.180617e+20 1.053816e-01 0 
    0.350959 5.721835e+20 1.158561e-01 0 
    0.351768 4.793880e+20 9.662087e-02 0 
    0.352579 4.907296e+20 9.845229e-02 0 
    0.353392 5.915577e+20 1.181354e-01 0 
    0.354206 6.458802e+20 1.283916e-01 0 
    0.355023 6.343174e+20 1.255134e-01 0 
    0.355841 5.894752e+20 1.161048e-01 0 
    0.356662 6.118101e+20 1.199498e-01 0 
    0.357484 4.516210e+20 8.813681e-02 0 
    0.358308 4.404842e+20 8.556846e-02 0 
    0.359134 4.227555e+20 8.174716e-02 0 
    0.359962 6.580305e+20 1.266570e-01 0 
    0.360792 5.462698e+20 1.046622e-01 0 
    0.361623 5.936960e+20 1.132266e-01 0 
    0.362457 5.884652e+20 1.117131e-01 0 
    0.363292 7.259039e+20 1.371715e-01 0 
    0.364130 7.328905e+20 1.378550e-01 0 
    0.364969 6.084069e+20 1.139144e-01 0 
    0.365811 7.968421e+20 1.485098e-01 0 
    0.366654 8.025992e+20 1.488958e-01 0 
    0.367499 7.992706e+20 1.475971e-01 0 
    0.368346 6.742776e+20 1.239434e-01 0 
    0.369195 6.516289e+20 1.192299e-01 0 
    0.370046 8.112491e+20 1.477540e-01 0 
    0.370900 5.825369e+20 1.056103e-01 0 
    0.371755 8.943027e+20 1.613866e-01 0 
    0.372612 5.292293e+20 9.506631e-02 0 
    0.373470 6.695846e+20 1.197265e-01 0 
    0.374332 7.481168e+20 1.331533e-01 0 
    0.375194 4.437414e+20 7.861666e-02 0 
    0.376059 6.907093e+20 1.218091e-01 0 
    0.376926 6.799202e+20 1.193554e-01 0 
    0.377795 8.234397e+20 1.438851e-01 0 
    0.378666 9.633198e+20 1.675538e-01 0 
    0.379539 7.344311e+20 1.271554e-01 0 
    0.380414 6.654465e+20 1.146824e-01 0 
    0.381291 8.775291e+20 1.505376e-01 0 
    0.382170 6.846123e+20 1.169036e-01 0 
    0.383051 5.183375e+20 8.810405e-02 0 
    0.383934 4.674963e+20 7.909727e-02 0 
    0.384819 7.584819e+20 1.277405e-01 0 
    0.385706 7.945309e+20 1.331970e-01 0 
    0.386595 7.985033e+20 1.332480e-01 0 
    0.387486 6.598499e+20 1.096048e-01 0 
    0.388380 7.138629e+20 1.180314e-01 0 
    0.389275 6.573257e+20 1.081842e-01 0 
    0.390172 9.140053e+20 1.497383e-01 0 
    0.391072 9.335436e+20 1.522361e-01 0 
    0.391973 1.021576e+21 1.658269e-01 0 
    0.392877 8.559666e+20 1.383057e-01 0 
    0.393782 3.300879e+20 5.309020e-02 0 
    0.394690 7.884865e+20 1.262346e-01 0 
    0.395600 1.039855e+21 1.657130e-01 0 
    0.396512 7.927489e+20 1.257533e-01 0 
    0.397655 8.977255e+20 1.415882e-01 1 
    0.397929 6.099706e+20 9.607140e-02 1 
    0.398203 8.062695e+20 1.268141e-01 1 
    0.398477 8.436344e+20 1.325086e-01 1 
    0.398751 1.324244e+21 2.077116e-01 1 
    0.399025 9.953222e+20 1.559050e-01 1 
    0.399299 1.174014e+21 1.836426e-01 1 
    0.399573 1.207886e+21 1.886818e-01 1 
    0.399846 1.160857e+21 1.810879e-01 1 
    0.400120 1.258394e+21 1.960345e-01 1 
    0.400394 1.217539e+21 1.894105e-01 1 
    0.400668 1.796278e+21 2.790620e-01 1 
    0.400942 1.091866e+21 1.693958e-01 1 
    0.401216 1.542827e+21 2.390326e-01 1 
    0.401490 1.189149e+21 1.839854e-01 1 
    0.401764 8.657212e+20 1.337619e-01 1 
    0.402038 1.070733e+21 1.652126e-01 1 
    0.402312 1.400159e+21 2.157485e-01 1 
    0.402585 1.604680e+21 2.469277e-01 1 
    0.402859 1.164668e+21 1.789750e-01 1 
    0.403133 1.651563e+21 2.534514e-01 1 
    0.403407 1.744257e+21 2.673130e-01 1 
    0.403681 1.685903e+21 2.580194e-01 1 
    0.403955 1.732372e+21 2.647717e-01 1 
    0.404229 1.776624e+21 2.711671e-01 1 
    0.404503 1.250052e+21 1.905378e-01 1 
    0.404777 1.306235e+21 1.988319e-01 1 
    0.405050 1.204043e+21 1.830295e-01 1 
    0.405324 1.132133e+21 1.718658e-01 1 
    0.405598 1.300055e+21 1.970909e-01 1 
    0.405872 1.316427e+21 1.993035e-01 1 
    0.406146 1.194608e+21 1.806165e-01 1 
    0.406420 1.504729e+21 2.271981e-01 1 
    0.406694 1.570001e+21 2.367342e-01 1 
    0.406968 1.290173e+21 1.942781e-01 1 
    0.407242 1.955190e+21 2.940224e-01 1 
    0.407516 1.861812e+21 2.796037e-01 1 
    0.407789 1.397332e+21 2.095681e-01 1 
    0.408063 1.305993e+21 1.956063e-01 1 
    0.408337 1.515810e+21 2.267273e-01 1 
    0.408611 1.334063e+21 1.992750e-01 1 
    0.408885 1.725153e+21 2.573485e-01 1 
    0.409159 1.234341e+21 1.838855e-01 1 
    0.409433 1.405355e+21 2.090821e-01 1 
    0.409707 1.295011e+21 1.924080e-01 1 
    0.409981 1.366689e+21 2.027863e-01 1 
    0.410255 1.054542e+21 1.562617e-01 1 
    0.410528 1.344586e+21 1.989755e-01 1 
    0.410802 1.264176e+21 1.868267e-01 1 
    0.411076 1.387061e+21 2.047141e-01 1 
    0.411350 1.469688e+21 2.166200e-01 1 
    0.411624 1.697814e+21 2.499108e-01 1 
    0.411898 1.444276e+21 2.123085e-01 1 
    0.412172 1.420525e+21 2.085396e-01 1 
    0.412446 1.569057e+21 2.300387e-01 1 
    0.412720 1.265376e+21 1.852700e-01 1 
    0.412994 1.242551e+21 1.816867e-01 1 
    0.413267 1.316640e+21 1.922658e-01 1 
    0.413541 1.231264e+21 1.795603e-01 1 
    0.413815 1.562830e+21 2.276124e-01 1 
    0.414089 1.557931e+21 2.265986e-01 1 
    0.414363 1.359797e+21 1.975189e-01 1 
    0.414637 1.710556e+21 2.481405e-01 1 
    0.414911 1.593978e+21 2.309239e-01 1 
    0.415185 1.589275e+21 2.299387e-01 1 
    0.415459 1.616863e+21 2.336218e-01 1 
    0.415732 1.886998e+21 2.722958e-01 1 
    0.416006 1.676505e+21 2.416028e-01 1 
    0.416280 1.158752e+21 1.667693e-01 1 
    0.416554 1.267645e+21 1.822012e-01 1 
    0.416828 1.551260e+21 2.226729e-01 1 
    0.417102 1.723188e+21 2.470271e-01 1 
    0.417376 1.475469e+21 2.112378e-01 1 
    0.417650 1.852623e+21 2.648858e-01 1 
    0.417924 1.892845e+21 2.702818e-01 1 
    0.418198 1.754777e+21 2.502387e-01 1 
    0.418471 1.631578e+21 2.323665e-01 1 
    0.418745 1.986714e+21 2.825741e-01 1 
    0.419019 1.966701e+21 2.793620e-01 1 
    0.419293 1.640507e+21 2.327230e-01 1 
    0.419567 1.374418e+21 1.947210e-01 1 
    0.419841 1.811980e+21 2.563777e-01 1 
    0.420115 2.028118e+21 2.865850e-01 1 
    0.420389 1.572615e+21 2.219301e-01 1 
    0.420663 1.058792e+21 1.492239e-01 1 
    0.420937 1.321740e+21 1.860408e-01 1 
    0.421210 1.711907e+21 2.406464e-01 1 
    0.421484 1.673765e+21 2.349788e-01 1 
    0.421758 1.605482e+21 2.250999e-01 1 
    0.422032 1.724404e+21 2.414598e-01 1 
    0.422306 1.898960e+21 2.655571e-01 1 
    0.422580 1.843672e+21 2.574912e-01 1 
    0.422854 1.421214e+21 1.982325e-01 1 
    0.423128 1.282041e+21 1.785891e-01 1 
    0.423402 1.514686e+21 2.107236e-01 1 
    0.423676 1.492090e+21 2.073116e-01 1 
    0.423949 1.470048e+21 2.039862e-01 1 
    0.424223 1.563630e+21 2.166915e-01 1 
    0.424497 1.808764e+21 2.503393e-01 1 
    0.424771 1.696253e+21 2.344646e-01 1 
    0.425045 1.611058e+21 2.224015e-01 1 
    0.425319 1.680854e+21 2.317377e-01 1 
    0.425593 1.241451e+21 1.709374e-01 1 
    0.425867 1.696502e+21 2.332936e-01 1 
    0.426141 1.862607e+21 2.558062e-01 1 
    0.426415 1.726473e+21 2.368052e-01 1 
    0.426688 1.623540e+21 2.224019e-01 1 
    0.426962 1.673938e+21 2.290115e-01 1 
    0.427236 1.763641e+21 2.409745e-01 1 
    0.427510 1.607516e+21 2.193609e-01 1 
    0.427784 1.593235e+21 2.171338e-01 1 
    0.428058 1.702257e+21 2.316949e-01 1 
    0.428332 1.529897e+21 2.079686e-01 1 
    0.428606 1.558353e+21 2.115659e-01 1 
    0.428880 1.469377e+21 1.992316e-01 1 
    0.429153 1.237853e+21 1.676260e-01 1 
    0.429427 1.464372e+21 1.980475e-01 1 
    0.429701 1.739451e+21 2.349502e-01 1 
    0.429975 1.347576e+21 1.817872e-01 1 
    0.430249 1.310406e+21 1.765479e-01 1 
    0.430523 1.357484e+21 1.826579e-01 1 
    0.430797 1.462680e+21 1.965623e-01 1 
    0.431071 1.566757e+21 2.102812e-01 1 
    0.431345 1.766200e+21 2.367482e-01 1 
    0.431619 1.755008e+21 2.349494e-01 1 
    0.431892 1.839236e+21 2.459142e-01 1 
    0.432166 1.922391e+21 2.567065e-01 1 
    0.432440 2.171239e+21 2.895692e-01 1 
    0.432714 1.970888e+21 2.625165e-01 1 
    0.432988 1.834092e+21 2.439865e-01 1 
    0.433262 1.994578e+21 2.650002e-01 1 
    0.433536 2.058316e+21 2.731230e-01 1 
    0.433810 2.032372e+21 2.693398e-01 1 
    0.434084 1.676206e+21 2.218587e-01 1 
    0.434358 1.613526e+21 2.132931e-01 1 
    0.434631 1.362864e+21 1.799316e-01 1 
    0.434905 1.681259e+21 2.216881e-01 1 
    0.435179 1.672212e+21 2.202176e-01 1 
    0.435453 1.698305e+21 2.233724e-01 1 
    0.435727 1.752932e+21 2.302675e-01 1 
    0.436001 2.186032e+21 2.867993e-01 1 
    0.436275 1.988641e+21 2.605746e-01 1 
    0.436549 1.849436e+21 2.420303e-01 1 
    0.436823 1.713045e+21 2.239001e-01 1 
    0.437097 2.362055e+21 3.083407e-01 1 
    0.437370 1.965573e+21 2.562640e-01 1 
    0.437644 1.698556e+21 2.211741e-01 1 
    0.437918 2.032850e+21 2.643724e-01 1 
    0.438192 1.622468e+21 2.107384e-01 1 
    0.438466 1.745877e+21 2.264844e-01 1 
    0.438740 2.005447e+21 2.598324e-01 1 
    0.439014 1.844236e+21 2.386471e-01 1 
    0.439288 1.920214e+21 2.481689e-01 1 
    0.439562 1.670560e+21 2.156344e-01 1 
    0.439836 2.260863e+21 2.914668e-01 1 
    0.440109 1.920530e+21 2.472846e-01 1 
    0.440383 2.062905e+21 2.652862e-01 1 
    0.440657 1.797271e+21 2.308387e-01 1 
    0.440931 2.473903e+21 3.173495e-01 1 
    0.441205 2.015009e+21 2.581622e-01 1 
    0.441479 2.097057e+21 2.683407e-01 1 
    0.441753 2.181425e+21 2.787904e-01 1 
    0.442027 1.532549e+21 1.956200e-01 1 
    0.442301 1.517092e+21 1.934072e-01 1 
    0.442575 2.129341e+21 2.711240e-01 1 
    0.442848 1.696983e+21 2.158065e-01 1 
    0.443122 2.297589e+21 2.918247e-01 1 
    0.443396 2.056455e+21 2.608748e-01 1 
    0.443670 2.146431e+21 2.719526e-01 1 
    0.443944 2.081169e+21 2.633585e-01 1 
    0.444218 1.872066e+21 2.366057e-01 1 
    0.444492 2.441754e+21 3.082269e-01 1 
    0.444766 2.276617e+21 2.870273e-01 1 
    0.445040 2.326584e+21 2.929659e-01 1 
    0.445313 1.795157e+21 2.257711e-01 1 
    0.445587 2.003186e+21 2.516243e-01 1 
    0.445861 1.756678e+21 2.203889e-01 1 
    0.446135 2.036710e+21 2.552073e-01 1 
    0.446409 1.715598e+21 2.147070e-01 1 
    0.446683 2.205948e+21 2.757356e-01 1 
    0.446957 1.958229e+21 2.444717e-01 1 
    0.447231 1.996809e+21 2.489827e-01 1 
    0.447505 2.301648e+21 2.866418e-01 1 
    0.447779 2.319846e+21 2.885546e-01 1 
    0.448052 2.226619e+21 2.766212e-01 1 
    0.448326 2.181366e+21 2.706682e-01 1 
    0.448600 2.545158e+21 3.154225e-01 1 
    0.448874 2.011395e+21 2.489688e-01 1 
    0.449148 2.860614e+21 3.536526e-01 1 
    0.449422 2.217591e+21 2.738226e-01 1 
    0.449696 2.502737e+21 3.086553e-01 1 
    0.449970 2.255220e+21 2.777910e-01 1 
    0.450244 2.430629e+21 2.990331e-01 1 
    0.450518 2.700565e+21 3.318385e-01 1 
    0.450791 2.559614e+21 3.141379e-01 1 
    0.451065 3.062576e+21 3.754093e-01 1 
    0.451339 2.458564e+21 3.010039e-01 1 
    0.451613 2.704727e+21 3.307402e-01 1 
    0.451887 2.925650e+21 3.573214e-01 1 
    0.452161 2.144060e+21 2.615455e-01 1 
    0.452435 2.748557e+21 3.348796e-01 1 
    0.452709 2.438900e+21 2.967920e-01 1 
    0.452983 1.578923e+21 1.919082e-01 1 
    0.453257 2.332502e+21 2.831584e-01 1 
    0.453530 2.605176e+21 3.158796e-01 1 
    0.453804 2.193505e+21 2.656431e-01 1 
    0.454078 2.329518e+21 2.817745e-01 1 
    0.454352 2.556960e+21 3.089125e-01 1 
    0.454626 2.096399e+21 2.529659e-01 1 
    0.454900 2.040886e+21 2.459706e-01 1 
    0.455174 2.738769e+21 3.296833e-01 1 
    0.455448 2.081662e+21 2.502817e-01 1 
    0.455722 1.929031e+21 2.316518e-01 1 
    0.455996 2.478013e+21 2.972199e-01 1 
    0.456269 3.007457e+21 3.602914e-01 1 
    0.456543 2.850004e+21 3.410189e-01 1 
    0.456817 2.716415e+21 3.246445e-01 1 
    0.457091 3.281763e+21 3.917403e-01 1 
    0.457365 3.023353e+21 3.604620e-01 1 
    0.457639 2.559682e+21 3.048151e-01 1 
    0.457913 2.442724e+21 2.905393e-01 1 
    0.458187 1.932892e+21 2.296247e-01 1 
    0.458461 2.120002e+21 2.515521e-01 1 
    0.458734 2.018704e+21 2.392474e-01 1 
    0.459008 2.418247e+21 2.862573e-01 1 
    0.459282 2.467861e+21 2.917819e-01 1 
    0.459556 2.130026e+21 2.515384e-01 1 
    0.459830 2.182188e+21 2.573914e-01 1 
    0.460104 2.655554e+21 3.128525e-01 1 
    0.460378 2.370704e+21 2.789618e-01 1 
    0.460652 2.922664e+21 3.435021e-01 1 
    0.460926 2.531157e+21 2.971345e-01 1 
    0.461200 2.231366e+21 2.616307e-01 1 
    0.461473 2.699545e+21 3.161509e-01 1 
    0.461747 2.648441e+21 3.097979e-01 1 
    0.462021 2.971470e+21 3.471717e-01 1 
    0.462295 2.359908e+21 2.753932e-01 1 
    0.462569 2.615008e+21 3.048010e-01 1 
    0.462843 2.704432e+21 3.148510e-01 1 
    0.463117 2.464677e+21 2.865993e-01 1 
    0.463391 2.608820e+21 3.030019e-01 1 
    0.463665 3.060205e+21 3.550082e-01 1 
    0.463939 2.566080e+21 2.973342e-01 1 
    0.464212 2.478696e+21 2.868712e-01 1 
    0.464486 2.795545e+21 3.231601e-01 1 
    0.464760 2.634401e+21 3.041732e-01 1 
    0.465034 2.681946e+21 3.092980e-01 1 
    0.465308 2.421380e+21 2.789191e-01 1 
    0.465582 2.876619e+21 3.309683e-01 1 
    0.465856 2.850439e+21 3.275705e-01 1 
    0.466130 2.295371e+21 2.634725e-01 1 
    0.466404 2.714576e+21 3.112246e-01 1 
    0.466678 2.677125e+21 3.065706e-01 1 
    0.466951 2.375610e+21 2.717247e-01 1 
    0.467225 2.603318e+21 2.974209e-01 1 
    0.467499 2.493404e+21 2.845297e-01 1 
    0.467773 2.485179e+21 2.832591e-01 1 
    0.468047 2.118927e+21 2.412312e-01 1 
    0.468321 2.403877e+21 2.733515e-01 1 
    0.468595 2.545199e+21 2.890832e-01 1 
    0.468869 2.684078e+21 3.045008e-01 1 
    0.469143 2.367344e+21 2.682547e-01 1 
    0.469417 2.729832e+21 3.089688e-01 1 
    0.469690 2.699176e+21 3.051441e-01 1 
    0.469964 3.139248e+21 3.544809e-01 1 
    0.470238 2.305382e+21 2.600183e-01 1 
    0.470512 2.342029e+21 2.638440e-01 1 
    0.470786 2.784858e+21 3.133664e-01 1 
    0.471060 2.909779e+21 3.270424e-01 1 
    0.471334 3.025576e+21 3.396621e-01 1 
    0.471608 3.137816e+21 3.518533e-01 1 
    0.471882 3.174091e+21 3.555078e-01 1 
    0.472155 2.944768e+21 3.294416e-01 1 
    0.472429 2.759493e+21 3.083562e-01 1 
    0.472703 2.922315e+21 3.261721e-01 1 
    0.472977 2.820318e+21 3.144231e-01 1 
    0.473251 2.800124e+21 3.118105e-01 1 
    0.473525 2.615081e+21 2.908678e-01 1 
    0.473799 2.499505e+21 2.776912e-01 1 
    0.474073 2.360244e+21 2.619165e-01 1 
    0.474347 2.731192e+21 3.027306e-01 1 
    0.474621 2.265255e+21 2.507955e-01 1 
    0.474894 2.412581e+21 2.667995e-01 1 
    0.475168 2.546673e+21 2.813036e-01 1 
    0.475442 2.518686e+21 2.778916e-01 1 
    0.475716 2.832091e+21 3.121104e-01 1 
    0.475990 3.005763e+21 3.308686e-01 1 
    0.476264 2.970142e+21 3.265714e-01 1 
    0.476538 2.703708e+21 2.969349e-01 1 
    0.476812 2.911260e+21 3.193619e-01 1 
    0.477086 3.062740e+21 3.355932e-01 1 
    0.477360 2.960605e+21 3.240298e-01 1 
    0.477633 2.933316e+21 3.206762e-01 1 
    0.477907 2.892755e+21 3.158794e-01 1 
    0.478181 2.836781e+21 3.094123e-01 1 
    0.478455 2.699563e+21 2.941087e-01 1 
    0.478729 2.763524e+21 3.007324e-01 1 
    0.479003 2.751059e+21 2.990336e-01 1 
    0.479277 2.977204e+21 3.232450e-01 1 
    0.479551 2.975605e+21 3.227024e-01 1 
    0.479825 3.106705e+21 3.365354e-01 1 
    0.480099 2.988344e+21 3.233445e-01 1 
    0.480372 2.827308e+21 3.055724e-01 1 
    0.480646 2.985118e+21 3.222606e-01 1 
    0.480920 3.200739e+21 3.451445e-01 1 
    0.481194 3.075823e+21 3.312969e-01 1 
    0.481468 3.127226e+21 3.364503e-01 1 
    0.481742 3.153102e+21 3.388485e-01 1 
    0.482016 3.008935e+21 3.229880e-01 1 
    0.482290 2.848058e+21 3.053716e-01 1 
    0.482564 2.715600e+21 2.908388e-01 1 
    0.482838 2.946876e+21 3.152502e-01 1 
    0.483111 3.065246e+21 3.275428e-01 1 
    0.483385 3.054145e+21 3.259866e-01 1 
    0.483659 2.850731e+21 3.039304e-01 1 
    0.483933 2.812673e+21 2.995334e-01 1 
    0.484207 2.764726e+21 2.940942e-01 1 
    0.484481 2.670850e+21 2.837870e-01 1 
    0.484755 2.887603e+21 3.064710e-01 1 
    0.485029 3.020006e+21 3.201613e-01 1 
    0.485303 2.917456e+21 3.089405e-01 1 
    0.485577 2.718169e+21 2.875125e-01 1 
    0.485850 2.670973e+21 2.822030e-01 1 
    0.486124 2.888115e+21 3.048013e-01 1 
    0.486398 2.999302e+21 3.161790e-01 1 
    0.486672 3.023965e+21 3.184201e-01 1 
    0.486946 2.816180e+21 2.962070e-01 1 
    0.487220 2.743121e+21 2.881981e-01 1 
    0.487494 2.398509e+21 2.517093e-01 1 
    0.487768 2.705033e+21 2.835583e-01 1 
    0.488042 2.854362e+21 2.988761e-01 1 
    0.488315 2.862208e+21 2.993625e-01 1 
    0.488589 2.925269e+21 3.056152e-01 1 
    0.488863 2.682452e+21 2.799330e-01 1 
    0.489137 2.677789e+21 2.791334e-01 1 
    0.489411 3.014500e+21 3.138804e-01 1 
    0.489685 3.075523e+21 3.198761e-01 1 
    0.489959 3.017817e+21 3.135233e-01 1 
    0.490233 3.231803e+21 3.353793e-01 1 
    0.490507 2.982702e+21 3.091832e-01 1 
    0.490781 2.926749e+21 3.030445e-01 1 
    0.491054 3.006345e+21 3.109401e-01 1 
    0.491328 2.877600e+21 2.972924e-01 1 
    0.491602 3.057738e+21 3.155509e-01 1 
    0.491876 2.983178e+21 3.075136e-01 1 
    0.492150 2.733755e+21 2.814888e-01 1 
    0.492424 2.863243e+21 2.944938e-01 1 
    0.492698 3.177958e+21 3.264999e-01 1 
    0.492972 3.126685e+21 3.208751e-01 1 
    0.493246 2.958870e+21 3.033159e-01 1 
    0.493520 3.177274e+21 3.253431e-01 1 
    0.493793 3.252960e+21 3.327249e-01 1 
    0.494067 2.897476e+21 2.960361e-01 1 
    0.494341 2.745283e+21 2.801756e-01 1 
    0.494615 2.901385e+21 2.957789e-01 1 
    0.494889 3.077453e+21 3.133807e-01 1 
    0.495163 3.434531e+21 3.493554e-01 1 
    0.495437 3.558038e+21 3.615182e-01 1 
    0.495711 3.385591e+21 3.436163e-01 1 
    0.495985 2.954507e+21 2.995328e-01 1 
    0.496259 3.008801e+21 3.047005e-01 1 
    0.496532 3.231710e+21 3.269147e-01 1 
    0.496806 3.237254e+21 3.271144e-01 1 
    0.497080 3.224560e+21 3.254725e-01 1 
    0.497354 3.354413e+21 3.382063e-01 1 
    0.497628 3.125220e+21 3.147512e-01 1 
    0.497902 3.081833e+21 3.100401e-01 1 
    0.498176 3.234670e+21 3.250580e-01 1 
    0.498450 3.300234e+21 3.312821e-01 1 
    0.498724 3.030651e+21 3.038868e-01 1 
    0.498998 3.035122e+21 3.040009e-01 1 
    0.499271 3.021047e+21 3.022604e-01 1 
    0.499545 2.935801e+21 2.934093e-01 1 
    0.499819 3.031541e+21 3.026456e-01 1 
    0.500093 3.029997e+21 3.021601e-01 1 
    0.500367 2.941168e+21 2.929807e-01 1 
    0.500641 3.043382e+21 3.028308e-01 1 
    0.500915 3.090231e+21 3.071562e-01 1 
    0.501189 3.345517e+21 3.321671e-01 1 
    0.501463 3.248706e+21 3.222026e-01 1 
    0.501736 3.028330e+21 3.000192e-01 1 
    0.502010 2.983312e+21 2.952367e-01 1 
    0.502284 2.716519e+21 2.685410e-01 1 
    0.502558 2.640837e+21 2.607748e-01 1 
    0.502832 2.963272e+21 2.922956e-01 1 
    0.503106 3.079076e+21 3.033877e-01 1 
    0.503380 2.984091e+21 2.937086e-01 1 
    0.503654 3.024075e+21 2.973202e-01 1 
    0.503928 3.043355e+21 2.988905e-01 1 
    0.504202 3.068346e+21 3.010174e-01 1 
    0.504475 2.942613e+21 2.883702e-01 1 
    0.504749 2.752144e+21 2.694118e-01 1 
    0.505023 2.980833e+21 2.914821e-01 1 
    0.505297 3.133724e+21 3.061002e-01 1 
    0.505571 3.007786e+21 2.934804e-01 1 
    0.505845 3.017637e+21 2.941227e-01 1 
    0.506119 3.244655e+21 3.159074e-01 1 
    0.506393 2.903227e+21 2.823592e-01 1 
    0.506667 2.756194e+21 2.677694e-01 1 
    0.506941 3.034253e+21 2.944648e-01 1 
    0.507214 2.985403e+21 2.894123e-01 1 
    0.507488 3.055704e+21 2.959076e-01 1 
    0.507762 3.077155e+21 2.976634e-01 1 
    0.508036 2.811150e+21 2.716386e-01 1 
    0.508310 2.823795e+21 2.725664e-01 1 
    0.508584 3.117030e+21 3.005468e-01 1 
    0.508858 3.179378e+21 3.062284e-01 1 
    0.509132 3.003564e+21 2.889832e-01 1 
    0.509406 3.024621e+21 2.906961e-01 1 
    0.509680 3.198427e+21 3.070703e-01 1 
    0.509953 3.218091e+21 3.086274e-01 1 
    0.510227 3.131991e+21 3.000476e-01 1 
    0.510501 2.654415e+21 2.540225e-01 1 
    0.510775 2.635910e+21 2.519809e-01 1 
    0.511049 3.256152e+21 3.109395e-01 1 
    0.511323 3.313968e+21 3.161215e-01 1 
    0.511597 3.219989e+21 3.068279e-01 1 
    0.511871 3.458300e+21 3.291835e-01 1 
    0.512145 3.212025e+21 3.054144e-01 1 
    0.512419 3.228537e+21 3.066562e-01 1 
    0.512692 3.179480e+21 3.016751e-01 1 
    0.512966 3.151248e+21 2.986770e-01 1 
    0.513240 3.264683e+21 3.090982e-01 1 
    0.513514 3.435864e+21 3.249584e-01 1 
    0.513788 3.338292e+21 3.153936e-01 1 
    0.514062 3.050973e+21 2.879412e-01 1 
    0.514336 3.000924e+21 2.829161e-01 1 
    0.514610 2.851323e+21 2.685260e-01 1 
    0.514884 3.126441e+21 2.941223e-01 1 
    0.515158 3.198735e+21 3.006033e-01 1 
    0.515431 3.330788e+21 3.126816e-01 1 
    0.515705 3.138712e+21 2.943372e-01 1 
    0.515979 2.860119e+21 2.679270e-01 1 
    0.516253 2.915025e+21 2.727806e-01 1 
    0.516527 3.079235e+21 2.878414e-01 1 
    0.516801 2.944146e+21 2.749218e-01 1 
    0.517075 2.546453e+21 2.375336e-01 1 
    0.517349 2.276756e+21 2.121513e-01 1 
    0.517623 2.011544e+21 1.872401e-01 1 
    0.517896 2.115923e+21 1.967484e-01 1 
    0.518170 2.532050e+21 2.351929e-01 1 
    0.518444 2.579499e+21 2.393470e-01 1 
    0.518718 2.216130e+21 2.054135e-01 1 
    0.518992 2.538853e+21 2.350784e-01 1 
    0.519266 2.659759e+21 2.460135e-01 1 
    0.519540 2.764229e+21 2.554068e-01 1 
    0.519814 2.808750e+21 2.592469e-01 1 
    0.520088 2.644185e+21 2.438005e-01 1 
    0.520362 3.206185e+21 2.953071e-01 1 
    0.520635 3.272245e+21 3.010755e-01 1 
    0.520909 3.256584e+21 2.993195e-01 1 
    0.521183 3.358897e+21 3.083987e-01 1 
    0.521457 3.093316e+21 2.837159e-01 1 
    0.521731 3.109498e+21 2.849007e-01 1 
    0.522005 3.172970e+21 2.904110e-01 1 
    0.522279 3.316824e+21 3.032590e-01 1 
    0.522553 3.378917e+21 3.086123e-01 1 
    0.522827 3.187974e+21 2.908675e-01 1 
    0.523101 3.150122e+21 2.871129e-01 1 
    0.523374 3.069851e+21 2.795049e-01 1 
    0.523648 3.519608e+21 3.201193e-01 1 
    0.523922 3.757716e+21 3.414185e-01 1 
    0.524196 3.804113e+21 3.452728e-01 1 
    0.524470 3.823204e+21 3.466431e-01 1 
    0.524744 3.644208e+21 3.300689e-01 1 
    0.525018 3.443847e+21 3.115960e-01 1 
    0.525292 3.603331e+21 3.256860e-01 1 
    0.525566 3.411826e+21 3.080554e-01 1 
    0.525840 3.443239e+21 3.105678e-01 1 
    0.526113 3.733759e+21 3.364223e-01 1 
    0.526387 3.523692e+21 3.171641e-01 1 
    0.526661 3.309212e+21 2.975492e-01 1 
    0.526935 3.275305e+21 2.941942e-01 1 
    0.527209 2.780095e+21 2.494540e-01 1 
    0.527483 3.157574e+21 2.830304e-01 1 
    0.527757 3.478757e+21 3.114961e-01 1 
    0.528031 3.950462e+21 3.533666e-01 1 
    0.528305 3.528799e+21 3.153217e-01 1 
    0.528579 3.288411e+21 2.935369e-01 1 
    0.528852 3.622250e+21 3.230030e-01 1 
    0.529126 3.562381e+21 3.173354e-01 1 
    0.529400 4.016861e+21 3.574501e-01 1 
    0.529674 3.660173e+21 3.253724e-01 1 
    0.529948 3.617018e+21 3.212038e-01 1 
    0.530222 3.795037e+21 3.366642e-01 1 
    0.530496 3.255284e+21 2.884836e-01 1 
    0.530770 3.264774e+21 2.890259e-01 1 
    0.531044 3.602610e+21 3.186051e-01 1 
    0.531317 3.920455e+21 3.463583e-01 1 
    0.531591 4.036756e+21 3.562655e-01 1 
    0.531865 4.063262e+21 3.582354e-01 1 
    0.532139 3.664821e+21 3.227743e-01 1 
    0.532413 3.343921e+21 2.942085e-01 1 
    0.532687 3.444978e+21 3.027881e-01 1 
    0.532961 3.367715e+21 2.956929e-01 1 
    0.533235 3.291264e+21 2.886834e-01 1 
    0.533509 3.478098e+21 3.047578e-01 1 
    0.533783 3.540220e+21 3.098826e-01 1 
    0.534056 3.379779e+21 2.955365e-01 1 
    0.534330 3.759454e+21 3.283992e-01 1 
    0.534604 3.903672e+21 3.406476e-01 1 
    0.534878 3.716237e+21 3.239592e-01 1 
    0.535152 3.806270e+21 3.314681e-01 1 
    0.535426 3.711053e+21 3.228455e-01 1 
    0.535700 3.866467e+21 3.360218e-01 1 
    0.535974 3.913997e+21 3.398047e-01 1 
    0.536248 4.017746e+21 3.484557e-01 1 
    0.536522 4.098139e+21 3.550652e-01 1 
    0.536795 3.970210e+21 3.436315e-01 1 
    0.537069 3.856707e+21 3.334671e-01 1 
    0.537343 3.970550e+21 3.429603e-01 1 
    0.537617 3.478766e+21 3.001758e-01 1 
    0.537891 3.706218e+21 3.194764e-01 1 
    0.538165 3.846762e+21 3.312538e-01 1 
    0.538439 3.897643e+21 3.352937e-01 1 
    0.538713 4.061746e+21 3.490554e-01 1 
    0.538987 4.060058e+21 3.485556e-01 1 
    0.539261 4.127272e+21 3.539660e-01 1 
    0.539534 4.071981e+21 3.488707e-01 1 
    0.539808 3.992552e+21 3.417184e-01 1 
    0.540082 3.551146e+21 3.036306e-01 1 
    0.540356 3.453634e+21 2.949937e-01 1 
    0.540630 3.485075e+21 2.973776e-01 1 
    0.540904 3.739480e+21 3.187625e-01 1 
    0.541178 3.926333e+21 3.343515e-01 1 
    0.541452 3.819385e+21 3.249151e-01 1 
    0.541726 4.031378e+21 3.426026e-01 1 
    0.542000 4.169472e+21 3.539802e-01 1 
    0.542273 3.952682e+21 3.352373e-01 1 
    0.542547 4.162066e+21 3.526393e-01 1 
    0.542821 3.632963e+21 3.074993e-01 1 
    0.543095 3.635280e+21 3.073850e-01 1 
    0.543369 3.778036e+21 3.191338e-01 1 
    0.543643 3.622316e+21 3.056717e-01 1 
    0.543917 3.679988e+21 3.102255e-01 1 
    0.544191 3.758959e+21 3.165638e-01 1 
    0.544465 4.717895e+21 3.969216e-01 1 
    0.544738 4.418263e+21 3.713408e-01 1 
    0.545012 3.828808e+21 3.214755e-01 1 
    0.545286 3.994344e+21 3.350373e-01 1 
    0.545560 4.147088e+21 3.474999e-01 1 
    0.545834 3.732751e+21 3.124672e-01 1 
    0.546108 3.679311e+21 3.076846e-01 1 
    0.546382 4.177533e+21 3.489985e-01 1 
    0.546656 4.030341e+21 3.363643e-01 1 
    0.546930 3.752032e+21 3.128236e-01 1 
    0.547204 3.724083e+21 3.101824e-01 1 
    0.547477 3.919280e+21 3.261152e-01 1 
    0.547751 3.890229e+21 3.233742e-01 1 
    0.548025 4.102820e+21 3.407048e-01 1 
    0.548299 4.044112e+21 3.354940e-01 1 
    0.548573 3.985970e+21 3.303403e-01 1 
    0.548847 4.078234e+21 3.376494e-01 1 
    0.549121 4.098529e+21 3.389912e-01 1 
    0.549395 3.764333e+21 3.110392e-01 1 
    0.549669 3.635959e+21 3.001324e-01 1 
    0.549943 4.073931e+21 3.359501e-01 1 
    0.550216 4.279871e+21 3.525824e-01 1 
    0.550490 4.108244e+21 3.381067e-01 1 
    0.550764 4.052255e+21 3.331671e-01 1 
    0.551038 3.800618e+21 3.121674e-01 1 
    0.551312 3.936099e+21 3.229740e-01 1 
    0.551586 3.332047e+21 2.731374e-01 1 
    0.551860 3.400032e+21 2.784335e-01 1 
    0.552134 3.964942e+21 3.243727e-01 1 
    0.552408 3.828616e+21 3.129092e-01 1 
    0.552682 3.813880e+21 3.113959e-01 1 
    0.552955 4.466451e+21 3.643171e-01 1 
    0.553229 3.217385e+21 2.621740e-01 1 
    0.553503 3.898707e+21 3.173782e-01 1 
    0.553777 4.401446e+21 3.579497e-01 1 
    0.554051 4.230264e+21 3.436881e-01 1 
    0.554325 4.439179e+21 3.603049e-01 1 
    0.554599 3.584044e+21 2.906107e-01 1 
    0.554873 4.507348e+21 3.651156e-01 1 
    0.555147 4.555900e+21 3.686843e-01 1 
    0.555421 4.281222e+21 3.461143e-01 1 
    0.555694 3.916379e+21 3.163077e-01 1 
    0.555968 4.286663e+21 3.458726e-01 1 
    0.556242 4.199148e+21 3.384777e-01 1 
    0.556516 4.020687e+21 3.237735e-01 1 
    0.556790 4.015063e+21 3.230025e-01 1 
    0.557064 3.943877e+21 3.169638e-01 1 
    0.557338 3.153689e+21 2.532083e-01 1 
    0.557612 4.279472e+21 3.432594e-01 1 
    0.557886 4.015380e+21 3.217601e-01 1 
    0.558160 3.780008e+21 3.026020e-01 1 
    0.558433 4.103239e+21 3.281565e-01 1 
    0.558707 4.026860e+21 3.217324e-01 1 
    0.558981 4.048694e+21 3.231598e-01 1 
    0.559255 3.572867e+21 2.849007e-01 1 
    0.559529 3.496442e+21 2.785336e-01 1 
    0.559803 3.352596e+21 2.668132e-01 1 
    0.560077 4.030644e+21 3.204612e-01 1 
    0.560351 3.870853e+21 3.074560e-01 1 
    0.560625 4.146476e+21 3.290264e-01 1 
    0.560898 3.672051e+21 2.910968e-01 1 
    0.561172 3.955399e+21 3.132526e-01 1 
    0.561446 3.779188e+21 2.990053e-01 1 
    0.561720 4.333556e+21 3.425319e-01 1 
    0.561994 4.061542e+21 3.207185e-01 1 
    0.562268 3.635173e+21 2.867707e-01 1 
    0.562542 4.099170e+21 3.230595e-01 1 
    0.562816 4.095910e+21 3.224883e-01 1 
    0.563090 3.441083e+21 2.706674e-01 1 
    0.563364 4.180370e+21 3.284982e-01 1 
    0.563637 3.864025e+21 3.033454e-01 1 
    0.563911 4.010850e+21 3.145660e-01 1 
    0.564185 3.993794e+21 3.129241e-01 1 
    0.564459 3.837183e+21 3.003614e-01 1 
    0.564733 3.426148e+21 2.679268e-01 1 
    0.565007 4.287754e+21 3.349798e-01 1 
    0.565281 4.574320e+21 3.570214e-01 1 
    0.565555 4.534447e+21 3.535665e-01 1 
    0.565829 4.376471e+21 3.409181e-01 1 
    0.566103 4.717870e+21 3.671568e-01 1 
    0.566376 4.665515e+21 3.627325e-01 1 
    0.566650 4.275423e+21 3.320823e-01 1 
    0.566924 4.594149e+21 3.564937e-01 1 
    0.567198 3.980767e+21 3.085985e-01 1 
    0.567472 4.023874e+21 3.116391e-01 1 
    0.567746 3.989751e+21 3.086982e-01 1 
    0.568020 4.140240e+21 3.200330e-01 1 
    0.568294 3.811853e+21 2.943652e-01 1 
    0.568568 4.370278e+21 3.371636e-01 1 
    0.568842 4.375601e+21 3.372492e-01 1 
    0.569115 4.647714e+21 3.578787e-01 1 
    0.569389 4.399435e+21 3.384350e-01 1 
    0.569663 4.240020e+21 3.258579e-01 1 
    0.569937 4.336692e+21 3.329671e-01 1 
    0.570211 4.171873e+21 3.200047e-01 1 
    0.570485 4.448983e+21 3.409327e-01 1 
    0.570759 4.194250e+21 3.211037e-01 1 
    0.571033 4.397804e+21 3.363643e-01 1 
    0.571307 4.641349e+21 3.546513e-01 1 
    0.571581 3.988099e+21 3.044435e-01 1 
    0.571854 4.717080e+21 3.597488e-01 1 
    0.572128 4.443549e+21 3.385634e-01 1 
    0.572402 4.456620e+21 3.392343e-01 1 
    0.572676 5.260214e+21 4.000202e-01 1 
    0.572950 5.539586e+21 4.208626e-01 1 
    0.573224 5.238684e+21 3.976216e-01 1 
    0.573498 5.470549e+21 4.148237e-01 1 
    0.573772 4.871439e+21 3.690413e-01 1 
    0.574046 5.022651e+21 3.801334e-01 1 
    0.574319 4.683258e+21 3.541099e-01 1 
    0.574593 4.333193e+21 3.273285e-01 1 
    0.574867 4.051310e+21 3.057435e-01 1 
    0.575141 5.358423e+21 4.040032e-01 1 
    0.575415 4.732414e+21 3.564650e-01 1 
    0.575689 4.366996e+21 3.286271e-01 1 
    0.575963 4.146519e+21 3.117389e-01 1 
    0.576237 4.245686e+21 3.188909e-01 1 
    0.576511 4.226133e+21 3.171206e-01 1 
    0.576785 4.518647e+21 3.387482e-01 1 
    0.577058 4.526561e+21 3.390205e-01 1 
    0.577332 4.383379e+21 3.279852e-01 1 
    0.577606 5.024998e+21 3.756375e-01 1 
    0.577880 4.680149e+21 3.495271e-01 1 
    0.578154 4.249496e+21 3.170639e-01 1 
    0.578428 4.377241e+21 3.262859e-01 1 
    0.578702 3.919019e+21 2.918528e-01 1 
    0.578976 3.291647e+21 2.448999e-01 1 
    0.579250 4.159408e+21 3.091690e-01 1 
    0.579524 4.567623e+21 3.391906e-01 1 
    0.579797 4.728381e+21 3.507979e-01 1 
    0.580071 4.608235e+21 3.415614e-01 1 
    0.580345 5.130024e+21 3.798773e-01 1 
    0.580619 5.213984e+21 3.857302e-01 1 
    0.580893 4.634627e+21 3.425460e-01 1 
    0.581167 4.104243e+21 3.030593e-01 1 
    0.581441 5.265714e+21 3.884565e-01 1 
    0.581715 5.050056e+21 3.721963e-01 1 
    0.581989 4.217255e+21 3.105251e-01 1 
    0.582263 4.526873e+21 3.330093e-01 1 
    0.582536 5.867921e+21 4.312560e-01 1 
    0.582810 5.508306e+21 4.044460e-01 1 
    0.583084 4.110933e+21 3.015606e-01 1 
    0.583358 4.596713e+21 3.368786e-01 1 
    0.583632 4.707097e+21 3.446446e-01 1 
    0.583906 4.870766e+21 3.562934e-01 1 
    0.584180 5.079469e+21 3.712115e-01 1 
    0.584454 4.357662e+21 3.181627e-01 1 
    0.584728 4.810897e+21 3.509254e-01 1 
    0.585002 5.244017e+21 3.821605e-01 1 
    0.585275 4.555214e+21 3.316541e-01 1 
    0.585549 4.301595e+21 3.128956e-01 1 
    0.585823 4.655484e+21 3.383206e-01 1 
    0.586097 4.527312e+21 3.286986e-01 1 
    0.586371 4.537646e+21 3.291411e-01 1 
    0.586645 2.182099e+21 1.581321e-01 1 
    0.586919 3.963468e+21 2.869561e-01 1 
    0.587193 5.203245e+21 3.763648e-01 1 
    0.587467 4.335540e+21 3.133089e-01 1 
    0.587741 4.240521e+21 3.061567e-01 1 
    0.588014 5.018320e+21 3.619757e-01 1 
    0.588288 5.401168e+21 3.892281e-01 1 
    0.588562 4.949154e+21 3.563223e-01 1 
    0.588836 4.511575e+21 3.245158e-01 1 
    0.589110 4.183228e+21 3.006182e-01 1 
    0.589384 4.209985e+21 3.022598e-01 1 
    0.589658 4.290523e+21 3.077558e-01 1 
    0.589932 3.566607e+21 2.555923e-01 1 
    0.590206 3.467033e+21 2.482259e-01 1 
    0.590479 3.742275e+21 2.676845e-01 1 
    0.590753 4.274919e+21 3.055009e-01 1 
    0.591027 4.583005e+21 3.272142e-01 1 
    0.591301 4.829415e+21 3.444877e-01 1 
    0.591575 4.599317e+21 3.277707e-01 1 
    0.591849 4.255501e+21 3.029879e-01 1 
    0.592123 4.844251e+21 3.445873e-01 1 
    0.592397 5.136186e+21 3.650157e-01 1 
    0.592671 4.619585e+21 3.279987e-01 1 
    0.592945 4.301659e+21 3.051431e-01 1 
    0.593218 4.207738e+21 2.982060e-01 1 
    0.593492 4.256585e+21 3.013894e-01 1 
    0.593766 4.250627e+21 3.006898e-01 1 
    0.594040 4.404629e+21 3.112966e-01 1 
    0.594314 4.005346e+21 2.828164e-01 1 
    0.594588 4.744633e+21 3.347085e-01 1 
    0.594862 5.703222e+21 4.019613e-01 1 
    0.595136 5.345170e+21 3.763792e-01 1 
    0.595410 5.229351e+21 3.678849e-01 1 
    0.595684 4.574054e+21 3.214888e-01 1 
    0.595957 4.429244e+21 3.110257e-01 1 
    0.596231 4.683195e+21 3.285562e-01 1 
    0.596505 4.484031e+21 3.142946e-01 1 
    0.596779 4.726053e+21 3.309542e-01 1 
    0.597053 4.433913e+21 3.102115e-01 1 
    0.597327 4.766185e+21 3.331525e-01 1 
    0.597601 5.171630e+21 3.611614e-01 1 
    0.597875 4.931456e+21 3.440732e-01 1 
    0.598149 4.084437e+21 2.847147e-01 1 
    0.598423 4.278198e+21 2.979482e-01 1 
    0.598696 5.117569e+21 3.560799e-01 1 
    0.598970 5.047297e+21 3.508691e-01 1 
    0.599244 5.238755e+21 3.638456e-01 1 
    0.599518 4.977942e+21 3.454155e-01 1 
    0.599792 4.817549e+21 3.339806e-01 1 
    0.600066 4.816178e+21 3.335807e-01 1 
    0.600340 4.547643e+21 3.146938e-01 1 
    0.600614 5.284408e+21 3.653439e-01 1 
    0.600888 5.347305e+21 3.693553e-01 1 
    0.601162 4.286420e+21 2.958068e-01 1 
    0.601435 4.922871e+21 3.394201e-01 1 
    0.601709 4.709960e+21 3.244447e-01 1 
    0.601983 4.724413e+21 3.251441e-01 1 
    0.602257 5.379596e+21 3.698984e-01 1 
    0.602531 4.536222e+21 3.116248e-01 1 
    0.602805 4.536395e+21 3.113535e-01 1 
    0.603079 4.994987e+21 3.425172e-01 1 
    0.603353 5.190187e+21 3.555794e-01 1 
    0.603627 5.296054e+21 3.625029e-01 1 
    0.603900 4.750798e+21 3.248874e-01 1 
    0.604174 4.947962e+21 3.380638e-01 1 
    0.604448 4.891173e+21 3.338809e-01 1 
    0.604722 4.357442e+21 2.971779e-01 1 
    0.604996 4.553512e+21 3.102687e-01 1 
    0.605270 4.828360e+21 3.286985e-01 1 
    0.605544 4.257840e+21 2.895972e-01 1 
    0.605818 4.848868e+21 3.294977e-01 1 
    0.606092 4.736132e+21 3.215461e-01 1 
    0.606366 4.694534e+21 3.184338e-01 1 
    0.606639 5.167685e+21 3.502126e-01 1 
    0.606913 4.675399e+21 3.165646e-01 1 
    0.607187 4.828398e+21 3.266288e-01 1 
    0.607461 4.549717e+21 3.074993e-01 1 
    0.607735 4.771153e+21 3.221746e-01 1 
    0.608009 5.457662e+21 3.681994e-01 1 
    0.608283 4.753495e+21 3.204042e-01 1 
    0.608557 5.031873e+21 3.388626e-01 1 
    0.608831 4.811498e+21 3.237302e-01 1 
    0.609105 6.047976e+21 4.065577e-01 1 
    0.609378 4.443296e+21 2.984202e-01 1 
    0.609652 4.722375e+21 3.168786e-01 1 
    0.609926 4.498561e+21 3.015892e-01 1 
    0.610200 4.190366e+21 2.806751e-01 1 
    0.610474 4.707808e+21 3.150510e-01 1 
    0.610748 4.915298e+21 3.286414e-01 1 
    0.611022 4.360442e+21 2.912817e-01 1 
    0.611296 5.151920e+21 3.438448e-01 1 
    0.611570 4.815495e+21 3.211035e-01 1 
    0.611844 4.656527e+21 3.102253e-01 1 
    0.612117 5.986994e+21 3.985074e-01 1 
    0.612391 5.125968e+21 3.408903e-01 1 
    0.612665 4.491142e+21 2.984057e-01 1 
    0.612939 4.967405e+21 3.297550e-01 1 
    0.613213 4.631980e+21 3.072136e-01 1 
    0.613487 5.277463e+21 3.497123e-01 1 
    0.613761 5.410905e+21 3.582348e-01 1 
    0.614035 5.906074e+21 3.906691e-01 1 
    0.614309 5.638522e+21 3.726388e-01 1 
    0.614583 5.673172e+21 3.745944e-01 1 
    0.614856 5.200427e+21 3.430746e-01 1 
    0.615130 4.758023e+21 3.136095e-01 1 
    0.615404 4.264096e+21 2.808037e-01 1 
    0.615678 4.123387e+21 2.712960e-01 1 
    0.615952 4.861084e+21 3.195478e-01 1 
    0.616226 4.686738e+21 3.078131e-01 1 
    0.616500 4.356306e+21 2.858569e-01 1 
    0.616774 4.752994e+21 3.116102e-01 1 
    0.617048 4.542327e+21 2.975342e-01 1 
    0.617321 5.403848e+21 3.536531e-01 1 
    0.617595 5.091631e+21 3.329246e-01 1 
    0.617869 5.056814e+21 3.303548e-01 1 
    0.618143 4.766470e+21 3.111110e-01 1 
    0.618417 4.820388e+21 3.143516e-01 1 
    0.618691 4.791574e+21 3.121958e-01 1 
    0.618965 4.656564e+21 3.031306e-01 1 
    0.619239 4.676708e+21 3.041726e-01 1 
    0.619513 4.759494e+21 3.092832e-01 1 
    0.619787 5.092864e+21 3.306539e-01 1 
    0.620060 5.010877e+21 3.250445e-01 1 
    0.620334 5.116188e+21 3.315826e-01 1 
    0.620608 4.605043e+21 2.981916e-01 1 
    0.620882 5.050866e+21 3.267715e-01 1 
    0.621156 4.910003e+21 3.173780e-01 1 
    0.621430 3.546711e+21 2.290540e-01 1 
    0.621704 3.631919e+21 2.343502e-01 1 
    0.621978 4.111654e+21 2.650714e-01 1 
    0.622252 4.771752e+21 3.073560e-01 1 
    0.622526 5.285270e+21 3.401329e-01 1 
    0.622799 4.771276e+21 3.067857e-01 1 
    0.623073 4.762141e+21 3.059291e-01 1 
    0.623347 4.656901e+21 2.989053e-01 1 
    0.623621 4.018321e+21 2.576912e-01 1 
    0.623895 4.179820e+21 2.678126e-01 1 
    0.624169 4.259534e+21 2.726805e-01 1 
    0.624443 4.302779e+21 2.752072e-01 1 
    0.624717 5.206154e+21 3.326954e-01 1 
    0.624991 5.326987e+21 3.401187e-01 1 
    0.625265 3.280899e+21 2.092961e-01 1 
    0.625538 4.270407e+21 2.721813e-01 1 
    0.625812 4.210481e+21 2.681269e-01 1 
    0.626086 4.514378e+21 2.872278e-01 1 
    0.626360 5.950630e+21 3.782783e-01 1 
    0.626634 4.972712e+21 3.158362e-01 1 
    0.626908 4.757947e+21 3.019315e-01 1 
    0.627182 5.359902e+21 3.398335e-01 1 
    0.627456 4.434317e+21 2.809032e-01 1 
    0.627730 4.928540e+21 3.119385e-01 1 
    0.628004 4.365760e+21 2.760778e-01 1 
    0.628277 4.762263e+21 3.008898e-01 1 
    0.628551 4.517433e+21 2.851722e-01 1 
    0.628825 5.275309e+21 3.327245e-01 1 
    0.629099 5.194501e+21 3.273424e-01 1 
    0.629373 4.945536e+21 3.113821e-01 1 
    0.629647 4.763757e+21 2.996759e-01 1 
    0.629921 4.667966e+21 2.933945e-01 1 
    0.630195 4.922086e+21 3.090977e-01 1 
    0.630469 5.037852e+21 3.160926e-01 1 
    0.630743 4.606826e+21 2.887974e-01 1 
    0.631016 5.798748e+21 3.632034e-01 1 
    0.631290 5.832754e+21 3.650163e-01 1 
    0.631564 5.257665e+21 3.287416e-01 1 
    0.631838 4.394786e+21 2.745508e-01 1 
    0.632112 4.322207e+21 2.697826e-01 1 
    0.632386 4.767294e+21 2.973062e-01 1 
    0.632660 4.165431e+21 2.595468e-01 1 
    0.632934 4.662278e+21 2.902537e-01 1 
    0.633208 5.529945e+21 3.439731e-01 1 
    0.633481 5.037650e+21 3.130814e-01 1 
    0.633755 5.727578e+21 3.556516e-01 1 
    0.634029 4.961919e+21 3.078420e-01 1 
    0.634303 5.315804e+21 3.295125e-01 1 
    0.634577 4.917943e+21 3.045869e-01 1 
    0.634851 5.126588e+21 3.172351e-01 1 
    0.635125 5.570411e+21 3.444017e-01 1 
    0.635399 4.602760e+21 2.843294e-01 1 
    0.635673 4.905101e+21 3.027449e-01 1 
    0.635947 5.111657e+21 3.152218e-01 1 
    0.636220 5.019907e+21 3.092982e-01 1 
    0.636494 4.818076e+21 2.966070e-01 1 
    0.636768 5.703718e+21 3.508262e-01 1 
    0.637042 5.260763e+21 3.233025e-01 1 
    0.637316 4.588731e+21 2.817600e-01 1 
    0.637590 5.314258e+21 3.260289e-01 1 
    0.637864 5.847727e+21 3.584490e-01 1 
    0.638138 5.262790e+21 3.223171e-01 1 
    0.638412 5.744395e+21 3.515108e-01 1 
    0.638686 5.587280e+21 3.416033e-01 1 
    0.638959 4.636497e+21 2.832308e-01 1 
    0.639233 4.916235e+21 3.000618e-01 1 
    0.639507 5.910672e+21 3.604481e-01 1 
    0.639781 5.542971e+21 3.377352e-01 1 
    0.640055 4.973905e+21 3.028024e-01 1 
    0.640329 5.465160e+21 3.324245e-01 1 
    0.640603 4.951181e+21 3.009036e-01 1 
    0.640877 4.523774e+21 2.746932e-01 1 
    0.641151 4.882239e+21 2.962067e-01 1 
    0.641425 5.381434e+21 3.262141e-01 1 
    0.641698 5.491862e+21 3.326248e-01 1 
    0.641972 5.429790e+21 3.285846e-01 1 
    0.642246 4.571461e+21 2.764068e-01 1 
    0.642520 5.324924e+21 3.216893e-01 1 
    0.642794 5.326390e+21 3.215036e-01 1 
    0.643068 5.273411e+21 3.180345e-01 1 
    0.643342 4.937699e+21 2.975345e-01 1 
    0.643616 5.107172e+21 3.074845e-01 1 
    0.643890 5.575944e+21 3.354220e-01 1 
    0.644164 5.814169e+21 3.494549e-01 1 
    0.644437 5.689082e+21 3.416471e-01 1 
    0.644711 5.039399e+21 3.023744e-01 1 
    0.644985 4.781508e+21 2.866567e-01 1 
    0.645259 5.207882e+21 3.119532e-01 1 
    0.645533 4.979502e+21 2.980200e-01 1 
    0.645807 5.115746e+21 3.059144e-01 1 
    0.646081 4.951639e+21 2.958499e-01 1 
    0.646355 5.227017e+21 3.120385e-01 1 
    0.646629 5.111061e+21 3.048577e-01 1 
    0.646902 5.645495e+21 3.364508e-01 1 
    0.647176 5.280593e+21 3.144375e-01 1 
    0.647450 5.590755e+21 3.326247e-01 1 
    0.647724 5.205724e+21 3.094550e-01 1 
    0.647998 5.029382e+21 2.987196e-01 1 
    0.648272 5.776231e+21 3.427886e-01 1 
    0.648546 5.458014e+21 3.236305e-01 1 
    0.648820 6.199971e+21 3.673141e-01 1 
    0.649094 6.186155e+21 3.661863e-01 1 
    0.649368 5.194278e+21 3.072132e-01 1 
    0.649641 4.889446e+21 2.889410e-01 1 
    0.649915 4.871085e+21 2.876134e-01 1 
    0.650189 4.811308e+21 2.838444e-01 1 
    0.650463 5.293436e+21 3.120247e-01 1 
    0.650737 5.133313e+21 3.023313e-01 1 
    0.651011 5.299202e+21 3.118389e-01 1 
    0.651285 5.834416e+21 3.430455e-01 1 
    0.651559 5.759863e+21 3.383772e-01 1 
    0.651833 5.320370e+21 3.122954e-01 1 
    0.652107 5.432186e+21 3.185909e-01 1 
    0.652380 6.360537e+21 3.727254e-01 1 
    0.652654 6.262743e+21 3.666866e-01 1 
    0.652928 5.865850e+21 3.431601e-01 1 
    0.653202 5.336888e+21 3.119533e-01 1 
    0.653476 5.355052e+21 3.127526e-01 1 
    0.653750 6.866762e+21 4.007052e-01 1 
    0.654024 6.009688e+21 3.503975e-01 1 
    0.654298 5.553785e+21 3.235447e-01 1 
    0.654572 5.189084e+21 3.020454e-01 1 
    0.654846 5.395931e+21 3.138228e-01 1 
    0.655119 6.041631e+21 3.510834e-01 1 
    0.655393 5.452169e+21 3.165645e-01 1 
    0.655667 5.673029e+21 3.291128e-01 1 
    0.655941 5.616937e+21 3.255865e-01 1 
    0.656215 6.760399e+21 3.915403e-01 1 
    0.656489 7.235993e+21 4.187354e-01 1 
    0.656763 5.154257e+21 2.980199e-01 1 
    0.657037 6.125231e+21 3.538663e-01 1 
    0.657311 5.548169e+21 3.202612e-01 1 
    0.657585 6.189655e+21 3.569925e-01 1 
    0.657858 6.100430e+21 3.515544e-01 1 
    0.658132 6.112205e+21 3.519398e-01 1 
    0.658406 6.529695e+21 3.756659e-01 1 
    0.658680 6.999778e+21 4.023757e-01 1 
    0.658954 7.072211e+21 4.062014e-01 1 
    0.659228 7.054210e+21 4.048308e-01 1 
    0.659502 4.793272e+21 2.748504e-01 1 
    0.659776 5.719429e+21 3.276847e-01 1 
    0.660050 4.143384e+21 2.371909e-01 1 
    0.660323 5.305388e+21 3.034595e-01 1 
    0.660597 5.444927e+21 3.111826e-01 1 
    0.660871 6.720180e+21 3.837461e-01 1 
    0.661145 6.120506e+21 3.492129e-01 1 
    0.661419 5.743200e+21 3.274138e-01 1 
    0.661693 6.078273e+21 3.462291e-01 1 
    0.661967 6.294001e+21 3.582206e-01 1 
    0.662241 6.260300e+21 3.560078e-01 1 
    0.662515 6.106192e+21 3.469569e-01 1 
    0.662789 6.035304e+21 3.426455e-01 1 
    0.663062 5.674634e+21 3.219037e-01 1 
    0.663336 5.147635e+21 2.917676e-01 1 
    0.663610 5.394886e+21 3.055293e-01 1 
    0.663884 5.707629e+21 3.229742e-01 1 
    0.664158 5.992856e+21 3.388344e-01 1 
    0.664432 5.179310e+21 2.925952e-01 1 
    0.664706 5.633502e+21 3.179916e-01 1 
    0.664980 6.346362e+21 3.579350e-01 1 
    0.665254 5.816064e+21 3.277560e-01 1 
    0.665528 5.140626e+21 2.894542e-01 1 
    0.665801 5.492992e+21 3.090413e-01 1 
    0.666075 5.960717e+21 3.350802e-01 1 
    0.666349 6.221813e+21 3.494700e-01 1 
    0.666623 6.301204e+21 3.536384e-01 1 
    0.666897 5.023569e+21 2.817029e-01 1 
    0.667171 5.053430e+21 2.831447e-01 1 
    0.667445 5.695324e+21 3.188481e-01 1 
    0.667719 5.776305e+21 3.231165e-01 1 
    0.667993 4.822220e+21 2.695253e-01 1 
    0.668267 4.678936e+21 2.613025e-01 1 
    0.668540 5.376848e+21 3.000333e-01 1 
    0.668814 5.436816e+21 3.031310e-01 1 
    0.669088 5.491240e+21 3.059147e-01 1 
    0.669362 5.622172e+21 3.129525e-01 1 
    0.669636 6.818761e+21 3.792489e-01 1 
    0.669910 5.165650e+21 2.870705e-01 1 
    0.670184 5.257287e+21 2.919241e-01 1 
    0.670458 5.532010e+21 3.069278e-01 1 
    0.670732 5.194039e+21 2.879411e-01 1 
    0.671006 5.774035e+21 3.198328e-01 1 
    0.671279 6.346979e+21 3.512832e-01 1 
    0.671553 7.319426e+21 4.047743e-01 1 
    0.671827 6.325047e+21 3.494985e-01 1 
    0.672101 4.922315e+21 2.717671e-01 1 
    0.672375 5.066326e+21 2.794901e-01 1 
    0.672649 5.322190e+21 2.933660e-01 1 
    0.672923 5.973225e+21 3.289838e-01 1 
    0.673197 4.903096e+21 2.698252e-01 1 
    0.673471 5.657910e+21 3.111105e-01 1 
    0.673745 5.014752e+21 2.755210e-01 1 
    0.674018 7.148582e+21 3.924401e-01 1 
    0.674292 6.659650e+21 3.653018e-01 1 
    0.674566 5.789375e+21 3.173067e-01 1 
    0.674840 6.061533e+21 3.319535e-01 1 
    0.675114 4.864277e+21 2.661709e-01 1 
    0.675388 5.285725e+21 2.889977e-01 1 
    0.675662 5.452288e+21 2.978628e-01 1 
    0.675936 6.154719e+21 3.359646e-01 1 
    0.676210 5.271897e+21 2.875413e-01 1 
    0.676483 6.508113e+21 3.546809e-01 1 
    0.676757 5.145954e+21 2.802185e-01 1 
    0.677031 5.189738e+21 2.823741e-01 1 
    0.677305 6.067034e+21 3.298408e-01 1 
    0.677579 5.991000e+21 3.254437e-01 1 
    0.677853 5.838039e+21 3.168782e-01 1 
    0.678127 5.726150e+21 3.105540e-01 1 
    0.678401 5.227088e+21 2.832587e-01 1 
    0.678675 6.077093e+21 3.290551e-01 1 
    0.678949 5.157693e+21 2.790472e-01 1 
    0.679222 6.203628e+21 3.353657e-01 1 
    0.679496 6.121682e+21 3.306690e-01 1 
    0.679770 6.275003e+21 3.386775e-01 1 
    0.680044 5.294268e+21 2.855146e-01 1 
    0.681171 5.959617e+21 3.203336e-01 0 
    0.682742 6.000722e+21 3.210604e-01 0 
    0.684315 6.083903e+21 3.240161e-01 0 
    0.685893 5.972766e+21 3.166352e-01 0 
    0.687474 6.000073e+21 3.166215e-01 0 
    0.689059 5.849751e+21 3.072706e-01 0 
    0.690647 6.041120e+21 3.158651e-01 0 
    0.692239 6.096974e+21 3.173209e-01 0 
    0.693835 6.296510e+21 3.262000e-01 0 
    0.695435 6.267183e+21 3.231884e-01 0 
    0.697038 6.398166e+21 3.284272e-01 0 
    0.698645 5.998546e+21 3.064992e-01 0 
    0.700255 6.457081e+21 3.284129e-01 0 
    0.701870 6.412448e+21 3.246436e-01 0 
    0.703487 6.397297e+21 3.223895e-01 0 
    0.705109 6.744990e+21 3.383493e-01 0 
    0.706735 6.165726e+21 3.078700e-01 0 
    0.708364 6.441200e+21 3.201476e-01 0 
    0.709997 6.080519e+21 3.008320e-01 0 
    0.711634 6.108291e+21 3.008173e-01 0 
    0.713274 6.108237e+21 2.994329e-01 0 
    0.714918 6.164519e+21 3.008037e-01 0 
    0.716566 6.249997e+21 3.035735e-01 0 
    0.718218 6.149822e+21 2.973352e-01 0 
    0.719874 5.927254e+21 2.852575e-01 0 
    0.721533 6.009442e+21 2.878845e-01 0 
    0.723197 6.438941e+21 3.070419e-01 0 
    0.724864 6.468664e+21 3.070421e-01 0 
    0.726535 6.757447e+21 3.192758e-01 0 
    0.728210 6.527906e+21 3.070132e-01 0 
    0.729888 6.219564e+21 2.911682e-01 0 
    0.731571 6.664287e+21 3.105540e-01 0 
    0.733257 6.725511e+21 3.119675e-01 0 
    0.734948 7.107474e+21 3.281697e-01 0 
    0.736642 7.074430e+21 3.251434e-01 0 
    0.738340 7.239079e+21 3.311822e-01 0 
    0.740042 7.189109e+21 3.273850e-01 0 
    0.741748 7.139154e+21 3.236163e-01 0 
    0.743458 7.597015e+21 3.427887e-01 0 
    0.745172 7.288179e+21 3.273425e-01 0 
    0.746889 7.171409e+21 3.206187e-01 0 
    0.748611 7.596196e+21 3.380494e-01 0 
    0.750337 7.304165e+21 3.235596e-01 0 
    0.752067 7.701118e+21 3.395761e-01 0 
    0.753800 7.647879e+21 3.356798e-01 0 
    0.755538 7.771735e+21 3.395485e-01 0 
    0.757280 7.717979e+21 3.356503e-01 0 
    0.759025 7.771087e+21 3.364078e-01 0 
    0.760775 7.559153e+21 3.257295e-01 0 
    0.762529 7.455261e+21 3.197765e-01 0 
    0.764287 7.699299e+21 3.287265e-01 0 
    0.766048 7.523555e+21 3.197478e-01 0 
    0.767815 7.318371e+21 3.095977e-01 0 
    0.769585 7.488432e+21 3.153364e-01 0 
    0.771358 7.470885e+21 3.131529e-01 0 
    0.773137 7.453357e+21 3.109821e-01 0 
    0.774919 7.419025e+21 3.081276e-01 0 
    0.776705 7.401461e+21 3.059861e-01 0 
    0.778496 7.486973e+21 3.080987e-01 0 
    0.780291 7.573462e+21 3.102256e-01 0 
    0.782089 7.696299e+21 3.138095e-01 0 
    0.783892 7.469076e+21 3.031453e-01 0 
    0.785699 7.731108e+21 3.123387e-01 0 
    0.787510 7.856615e+21 3.159510e-01 0 
    0.789326 7.856132e+21 3.144795e-01 0 
    0.791146 7.783839e+21 3.101537e-01 0 
    0.792969 7.676875e+21 3.044868e-01 0 
    0.794797 7.518873e+21 2.968498e-01 0 
    0.796630 7.711585e+21 3.030587e-01 0 
    0.798466 7.945706e+21 3.108251e-01 0 
    0.800306 7.728681e+21 3.009468e-01 0 
    0.802151 8.130082e+21 3.151223e-01 0 
    0.804001 8.242730e+21 3.180199e-01 0 
    0.805854 8.167032e+21 3.136520e-01 0 
    0.807711 8.035934e+21 3.071997e-01 0 
    0.809574 8.241859e+21 3.136234e-01 0 
    0.811440 8.222598e+21 3.114531e-01 0 
    0.813310 8.433205e+21 3.179632e-01 0 
    0.815185 8.202836e+21 3.078563e-01 0 
    0.817065 7.584962e+21 2.833588e-01 0 
    0.818948 8.108288e+21 3.015178e-01 0 
    0.820836 7.996838e+21 2.960069e-01 0 
    0.822728 8.568432e+21 3.157077e-01 0 
    0.824625 8.627439e+21 3.164210e-01 0 
    0.826525 8.314948e+21 3.035596e-01 0 
    0.828431 8.162801e+21 2.966354e-01 0 
    0.830341 8.295187e+21 3.000611e-01 0 
    0.832255 8.527356e+21 3.070422e-01 0 
    0.834174 8.199475e+21 2.938794e-01 0 
    0.836096 8.705093e+21 3.105686e-01 0 
    0.838024 8.644774e+21 3.069991e-01 0 
    0.839956 8.370493e+21 2.958929e-01 0 
    0.841892 8.744244e+21 3.076847e-01 0 
    0.843833 8.865701e+21 3.105250e-01 0 
    0.845778 8.466041e+21 2.951644e-01 0 
    0.847728 7.992171e+21 2.773628e-01 0 
    0.849682 8.642738e+21 2.985623e-01 0 
    0.851640 8.662296e+21 2.978635e-01 0 
    0.853604 8.425756e+21 2.883981e-01 0 
    0.855572 7.406257e+21 2.523377e-01 0 
    0.857544 8.761333e+21 2.971350e-01 0 
    0.859521 8.761181e+21 2.957646e-01 0 
    0.861502 8.740438e+21 2.937089e-01 0 
    0.863488 8.902845e+21 2.977917e-01 0 
    0.865478 8.841024e+21 2.943655e-01 0 
    0.867474 7.353586e+21 2.437152e-01 0 
    0.869473 8.738922e+21 2.882983e-01 0 
    0.871478 8.921860e+21 2.929807e-01 0 
    0.873487 9.192325e+21 3.004754e-01 0 
    0.875500 9.192203e+21 2.990913e-01 0 
    0.877518 9.023936e+21 2.922674e-01 0 
    0.879542 9.405221e+21 3.032161e-01 0 
    0.881569 8.042020e+21 2.580768e-01 0 
    0.883601 9.190582e+21 2.935804e-01 0 
    0.885638 9.382508e+21 2.983341e-01 0 
    0.887680 8.595907e+21 2.720667e-01 0 
    0.889726 9.042477e+21 2.848861e-01 0 
    0.891777 9.167534e+21 2.874991e-01 0 
    0.893833 8.999941e+21 2.809463e-01 0 
    0.895893 8.896769e+21 2.764499e-01 0 
    0.897959 8.773974e+21 2.713812e-01 0 
    0.900029 7.765650e+21 2.390899e-01 0 
    0.902103 8.534222e+21 2.615460e-01 0 
    0.904183 9.663956e+21 2.948076e-01 0 
    0.906268 9.911191e+21 3.009602e-01 0 
    0.908357 9.574390e+21 2.893973e-01 0 
    0.910450 9.551673e+21 2.873847e-01 0 
    0.912549 9.551428e+21 2.860568e-01 0 
    0.914653 8.791037e+21 2.620739e-01 0 
    0.916761 9.354546e+21 2.775920e-01 0 
    0.918875 9.528197e+21 2.814455e-01 0 
    0.920993 9.660064e+21 2.840297e-01 0 
    0.923116 9.749047e+21 2.853291e-01 0 
    0.925244 9.417699e+21 2.743650e-01 0 
    0.927377 9.816116e+21 2.846581e-01 0 
    0.929515 9.202669e+21 2.656424e-01 0 
    0.931658 1.002072e+22 2.879270e-01 0 
    0.933805 1.011289e+22 2.892406e-01 0 
    0.935958 1.011243e+22 2.878983e-01 0 
    0.938116 1.015862e+22 2.878843e-01 0 
    0.940278 1.001876e+22 2.826167e-01 0 
    0.942446 1.032276e+22 2.898540e-01 0 
    0.944618 1.020389e+22 2.852003e-01 0 
    0.946796 1.048961e+22 2.918387e-01 0 
    0.948979 1.056173e+22 2.924949e-01 0 
    0.951166 1.036813e+22 2.858145e-01 0 
    0.953359 1.051223e+22 2.884551e-01 0 
    0.955557 1.036737e+22 2.831731e-01 0 
    0.957759 1.053546e+22 2.864424e-01 0 
    0.959967 1.078032e+22 2.917530e-01 0 
    0.962180 1.073045e+22 2.890692e-01 0 
    0.964398 1.058247e+22 2.837730e-01 0 
    0.966621 1.063078e+22 2.837587e-01 0 
    0.968849 1.082814e+22 2.876988e-01 0 
    0.971083 1.070325e+22 2.830735e-01 0 
    0.973322 1.062954e+22 2.798324e-01 0 
    0.975565 1.065301e+22 2.791619e-01 0 
    0.977814 1.075144e+22 2.804468e-01 0 
    0.980068 1.062787e+22 2.759499e-01 0 
    0.982327 1.087466e+22 2.810605e-01 0 
    0.984592 1.097480e+22 2.823453e-01 0 
    0.986862 1.092400e+22 2.797470e-01 0 
    0.989137 1.097386e+22 2.797326e-01 0 
    0.991417 1.087260e+22 2.758781e-01 0 
    0.993703 1.102340e+22 2.784190e-01 0 
    0.995993 1.112482e+22 2.796901e-01 0 
    0.998289 1.112426e+22 2.783908e-01 0 
    1.002896 1.125194e+22 2.790049e-01 0 
    1.007526 1.119919e+22 2.751507e-01 0 
    1.012177 1.143241e+22 2.783053e-01 0 
    1.016848 1.140501e+22 2.750933e-01 0 
    1.021543 1.153624e+22 2.757067e-01 0 
    1.028623 1.172154e+22 2.762923e-01 0 
    1.030994 1.172089e+22 2.750077e-01 0 
    1.050162 1.177062e+22 2.661848e-01 0 
    1.069686 1.173951e+22 2.558784e-01 0 
    1.089573 1.176621e+22 2.471839e-01 0 
    1.109829 1.165855e+22 2.360634e-01 0 
    1.130463 1.184809e+22 2.312235e-01 0 
    1.148831 1.212370e+22 2.290969e-01 0 
    1.170190 1.223617e+22 2.228584e-01 0 
    1.189204 1.217966e+22 2.147925e-01 0 
    1.211313 1.237807e+22 2.103956e-01 0 
    1.230995 1.255026e+22 2.065553e-01 0 
    1.250997 1.260759e+22 2.009166e-01 0 
    1.271324 1.272458e+22 1.963484e-01 0 
    1.289010 1.275391e+22 1.914376e-01 0 
    1.309955 1.290163e+22 1.875116e-01 0 
    1.331240 1.293171e+22 1.819868e-01 0 
    1.349759 1.302079e+22 1.782467e-01 0 
    1.368536 1.317226e+22 1.754059e-01 0 
    1.390773 1.305131e+22 1.682822e-01 0 
    1.410121 1.284219e+22 1.610730e-01 0 
    1.429738 1.299137e+22 1.585034e-01 0 
    1.449628 1.344795e+22 1.596024e-01 0 
    1.469794 1.332392e+22 1.538209e-01 0 
    1.490241 1.382432e+22 1.552484e-01 0 
    1.510973 1.427697e+22 1.559621e-01 0 
    1.528467 1.481278e+22 1.581324e-01 0 
    1.549731 1.508892e+22 1.566902e-01 0 
    1.571290 1.526293e+22 1.541778e-01 0 
    1.589485 1.508916e+22 1.489528e-01 0 
    1.611597 1.554759e+22 1.492954e-01 0 
    1.630259 1.576370e+22 1.479250e-01 0 
    1.649135 1.587246e+22 1.455554e-01 0 
    1.668231 1.605580e+22 1.438851e-01 0 
    1.691439 1.620479e+22 1.412626e-01 0 
    1.711026 1.616750e+22 1.377293e-01 0 
    1.730837 1.590907e+22 1.324430e-01 0 
    1.750879 1.572691e+22 1.279462e-01 0 
    1.771154 1.540443e+22 1.224700e-01 0 
    1.791664 1.519310e+22 1.180401e-01 0 
    1.808240 1.474506e+22 1.124685e-01 0 
    1.829179 1.464343e+22 1.091508e-01 0 
    1.850361 1.447596e+22 1.054462e-01 0 
    1.871787 1.414634e+22 1.006996e-01 0 
    1.889106 1.398442e+22 9.773009e-02 0 
    1.910981 1.404889e+22 9.594572e-02 0 
    1.928664 1.379248e+22 9.247528e-02 0 
    1.950995 1.354070e+22 8.872079e-02 0 
    1.969048 1.332441e+22 8.571005e-02 0 
    1.991849 1.317171e+22 8.279916e-02 0 
    2.010278 1.317185e+22 8.128889e-02 0 
    2.028880 1.293136e+22 7.834800e-02 0 
    2.047654 1.296131e+22 7.709607e-02 0 
    2.071363 1.290168e+22 7.499465e-02 0 
    2.090530 1.278332e+22 7.295036e-02 0 
    2.109874 1.278325e+22 7.161844e-02 0 
    2.129395 1.269543e+22 6.982831e-02 0 
    2.149099 1.263696e+22 6.823797e-02 0 
    2.168983 1.243483e+22 6.592102e-02 0 
    2.189053 1.240626e+22 6.456913e-02 0 
    2.209309 1.226449e+22 6.266615e-02 0 
    2.229750 1.212396e+22 6.081748e-02 0 
    2.250383 1.206818e+22 5.943268e-02 0 
    2.271204 1.193024e+22 5.768106e-02 0 
    2.292220 1.085549e+22 5.152681e-02 0 
    2.308108 1.088024e+22 5.093576e-02 0 
    2.329466 9.652490e+21 4.436322e-02 0 
    2.351021 9.260562e+21 4.178503e-02 0 
    2.367316 9.520263e+21 4.236751e-02 0 
    2.389222 8.884641e+21 3.881712e-02 0 
    2.411327 8.762909e+21 3.758656e-02 0 
    2.428043 8.762664e+21 3.706977e-02 0 
    2.450508 8.310978e+21 3.451726e-02 0 
    2.467496 8.272565e+21 3.388627e-02 0 
    2.490325 7.073494e+21 2.844581e-02 0 
    2.507589 7.041251e+21 2.792759e-02 0 
    2.530793 7.238523e+21 2.818598e-02 0 
    2.548334 7.271932e+21 2.792760e-02 0 
    2.571915 7.527536e+21 2.838155e-02 0 
    2.589741 7.492892e+21 2.786335e-02 0 
    2.607694 7.579622e+21 2.779910e-02 0 
    2.631821 7.510000e+21 2.704105e-02 0 
    2.650065 7.527253e+21 2.673129e-02 0 
    2.668433 7.492974e+21 2.624449e-02 0 
    2.686931 7.475727e+21 2.582479e-02 0 
    2.711791 7.475371e+21 2.535226e-02 0 
    2.730590 7.406948e+21 2.477552e-02 0 
    2.749516 7.406994e+21 2.443577e-02 0 
    2.768574 7.322245e+21 2.382475e-02 0 
    2.787766 7.322242e+21 2.349784e-02 0 
    2.807089 7.271650e+21 2.301532e-02 0 
    2.833064 7.271773e+21 2.259561e-02 0 
    2.852700 7.222006e+21 2.213309e-02 0 
    2.872476 7.172291e+21 2.167911e-02 0 
    2.892385 7.138933e+21 2.128225e-02 0 
    2.912436 7.090169e+21 2.084684e-02 0 
    2.932623 7.041113e+21 2.041857e-02 0 
    2.952952 6.992826e+21 2.000029e-02 0 
    2.973420 6.976738e+21 1.968051e-02 0 
    2.987147 6.880925e+21 1.923225e-02 0 
    3.007851 6.865302e+21 1.892533e-02 0 
    3.028699 6.833737e+21 1.857986e-02 0 
    3.049695 6.833516e+21 1.832432e-02 0 
    3.070833 6.817918e+21 1.803167e-02 0 
    3.092121 6.802219e+21 1.774329e-02 0 
    3.113553 6.786419e+21 1.745921e-02 0 
    3.127927 6.755135e+21 1.721937e-02 0 
    3.149607 6.724182e+21 1.690531e-02 0 
    3.171437 6.708906e+21 1.663551e-02 0 
    3.193423 6.708847e+21 1.640709e-02 0 
    3.208162 6.662517e+21 1.614441e-02 0 
    3.230401 6.647092e+21 1.588603e-02 0 
    3.252792 6.647500e+21 1.566903e-02 0 
    3.267805 6.631990e+21 1.548916e-02 0 
    3.290458 6.693269e+21 1.541779e-02 0 
    3.313265 6.677666e+21 1.517081e-02 0 
    3.328561 6.525746e+21 1.468972e-02 0 
    3.351632 6.480844e+21 1.438849e-02 0 
    3.367101 6.406864e+21 1.409385e-02 0 
    3.390443 6.362758e+21 1.380476e-02 0 
    3.406091 6.289945e+21 1.352168e-02 0 
    3.429703 6.275447e+21 1.330540e-02 0 
    3.453475 6.246615e+21 1.306257e-02 0 
    3.469414 6.175089e+21 1.279462e-02 0 
    3.493465 6.146714e+21 1.256107e-02 0 
    3.509589 6.090353e+21 1.233180e-02 0 
    3.533919 6.048488e+21 1.207897e-02 0 
    3.550229 5.992983e+21 1.185842e-02 0 
    3.566615 5.938046e+21 1.164200e-02 0 
    3.591340 5.897220e+21 1.140331e-02 0 
    3.607915 5.856558e+21 1.122087e-02 0 
    3.632923 5.816245e+21 1.099073e-02 0 
    3.649694 5.749679e+21 1.076532e-02 0 
    3.666539 5.696989e+21 1.056889e-02 0 
    3.691952 5.644772e+21 1.032835e-02 0 
    3.708997 5.592991e+21 1.013976e-02 0 
    3.726115 5.554457e+21 9.977589e-03 0 
    3.751946 5.490885e+21 9.728047e-03 0 
    3.769263 5.465653e+21 9.594573e-03 0 
    3.786660 5.415595e+21 9.419546e-03 0 
    3.812910 5.390664e+21 9.247525e-03 0 
    3.830508 5.341266e+21 9.078789e-03 0 
    3.848187 5.292274e+21 8.913051e-03 0 
    3.865953 5.231748e+21 8.730319e-03 0 
    3.892748 5.207722e+21 8.571003e-03 0 
    3.910715 5.171865e+21 8.433956e-03 0 
    3.928769 5.124397e+21 8.279921e-03 0 
    3.946902 5.054106e+21 8.091482e-03 0 
    3.974259 5.030928e+21 7.943871e-03 0 
    3.992606 4.961877e+21 7.762999e-03 0 
    4.011034 4.939086e+21 7.656502e-03 0 
    4.029547 4.905038e+21 7.534014e-03 0 
    4.048149 4.848937e+21 7.379553e-03 0 
    4.066834 4.804433e+21 7.244788e-03 0 
    4.085604 4.771394e+21 7.129009e-03 0 
    4.113926 4.760374e+21 7.014949e-03 0 
    4.132914 4.727667e+21 6.902884e-03 0 
    4.151989 4.684277e+21 6.776830e-03 0 
    4.171157 4.641382e+21 6.653201e-03 0 
    4.190409 4.598791e+21 6.531715e-03 0 
    4.209750 4.556636e+21 6.412512e-03 0 
    4.229179 4.546170e+21 6.339135e-03 0 
    4.248704 4.504445e+21 6.223358e-03 0 
    4.268313 4.473436e+21 6.123860e-03 0 
    4.288014 4.331588e+21 5.875315e-03 0 
    4.307810 4.174845e+21 5.610786e-03 0 
    4.327692 4.203823e+21 5.597938e-03 0 
    4.347666 4.061056e+21 5.358251e-03 0 
    4.367738 4.005383e+21 5.236334e-03 0 
    4.387897 3.968712e+21 5.140829e-03 0 
    4.408149 3.878298e+21 4.977659e-03 0 
    4.428494 3.842786e+21 4.886866e-03 0 
    4.448939 3.816263e+21 4.808635e-03 0 
    4.469473 3.746718e+21 4.677727e-03 0 
    4.490101 3.746647e+21 4.634757e-03 0 
    4.510830 3.720871e+21 4.560665e-03 0 
    4.531650 3.678304e+21 4.467158e-03 0 
    4.552565 3.678288e+21 4.426189e-03 0 
    4.573583 3.661322e+21 4.365373e-03 0 
    4.594692 3.586320e+21 4.236748e-03 0 
    4.605283 3.594497e+21 4.226900e-03 0 
    4.626538 3.569801e+21 4.159376e-03 0 
    4.647897 3.553374e+21 4.102271e-03 0 
    4.669349 3.569777e+21 4.083428e-03 0 
    4.690900 3.537058e+21 4.008910e-03 0 
    4.712556 3.512714e+21 3.944811e-03 0 
    4.734307 3.537132e+21 3.935817e-03 0 
    4.745220 3.472516e+21 3.846166e-03 0 
    4.767121 3.472513e+21 3.810904e-03 0 
    4.789129 3.464476e+21 3.767220e-03 0 
    4.811233 3.417030e+21 3.681565e-03 0 
    4.833439 3.456536e+21 3.689989e-03 0 
    4.844580 3.393496e+21 3.606048e-03 0 
    4.866945 3.370124e+21 3.548374e-03 0 
    4.889408 3.354643e+21 3.499695e-03 0 
    4.911975 3.331542e+21 3.443733e-03 0 
    4.934652 3.339236e+21 3.420035e-03 0 
    4.946026 3.293455e+21 3.357650e-03 0 
    4.968855 3.308665e+21 3.342232e-03 0 
    4.991788 3.272668e+21 3.275565e-03 0 
    5.014833 3.268839e+21 3.241732e-03 0 
    5.026392 3.240831e+21 3.199191e-03 0 
    5.049592 3.222213e+21 3.151650e-03 0 
    5.072898 3.218588e+21 3.119245e-03 0 
    5.084597 3.220427e+21 3.106683e-03 0 
    5.096317 3.207491e+21 3.079988e-03 0 
    5.108065 3.194664e+21 3.053577e-03 0 
    5.119839 3.189153e+21 3.034305e-03 0 
    5.131641 3.190910e+21 3.022027e-03 0 
    5.143470 3.178229e+21 2.996189e-03 0 
    5.155331 3.165369e+21 2.970350e-03 0 
    5.167215 3.167293e+21 2.958500e-03 0 
    5.179125 3.169168e+21 2.946653e-03 0 
    5.191064 3.149244e+21 2.914674e-03 0 
    5.203029 3.143789e+21 2.896259e-03 0 
    5.215023 3.138374e+21 2.877986e-03 0 
    5.227043 3.125802e+21 2.853289e-03 0 
    5.239098 3.120597e+21 2.835444e-03 0 
    5.251175 3.122373e+21 2.824023e-03 0 
    5.263279 3.131552e+21 2.819313e-03 0 
    5.275411 3.133420e+21 2.808035e-03 0 
    5.287571 3.113635e+21 2.777485e-03 0 
    5.299760 3.101156e+21 2.753643e-03 0 
    5.311982 3.095934e+21 2.736371e-03 0 
    5.324226 3.097729e+21 2.725379e-03 0 
    5.336499 3.092465e+21 2.708248e-03 0 
    5.348800 3.087250e+21 2.691259e-03 0 
    5.361129 3.089160e+21 2.680553e-03 0 
    5.373487 3.083916e+21 2.663708e-03 0 
    5.385873 3.078723e+21 2.647005e-03 0 
    5.398294 3.073422e+21 2.630302e-03 0 
    5.410738 3.075375e+21 2.619881e-03 0 
    5.423210 3.063137e+21 2.597467e-03 0 
    5.435711 3.050892e+21 2.575198e-03 0 
    5.448240 3.052740e+21 2.564920e-03 0 
    5.460799 3.047541e+21 2.548788e-03 0 
    5.473386 3.035370e+21 2.526946e-03 0 
    5.486009 3.030264e+21 2.511099e-03 0 
    5.498655 3.025214e+21 2.495396e-03 0 
    5.511329 3.013097e+21 2.473984e-03 0 
    5.524033 3.021938e+21 2.469844e-03 0 
    5.536767 3.030796e+21 2.465702e-03 0 
    5.549529 3.011820e+21 2.439008e-03 0 
    5.562327 2.999871e+21 2.418166e-03 0 
    5.575149 3.008557e+21 2.414025e-03 0 
    5.588000 3.003676e+21 2.399036e-03 0 
    5.600881 2.991682e+21 2.378478e-03 0 
    5.613791 2.993585e+21 2.369057e-03 0 
    5.626732 2.988554e+21 2.354209e-03 0 
    5.639702 2.976677e+21 2.334080e-03 0 
    5.652708 2.985483e+21 2.330226e-03 0 
    5.665738 2.980338e+21 2.315522e-03 0 
    5.678798 2.975449e+21 2.301103e-03 0 
    5.691887 2.963591e+21 2.281404e-03 0 
    5.705008 2.965532e+21 2.272410e-03 0 
    5.718158 2.974166e+21 2.268555e-03 0 
    5.731345 2.969285e+21 2.254422e-03 0 
    5.744556 2.971090e+21 2.245429e-03 0 
    5.757798 2.966206e+21 2.231439e-03 0 
    5.771070 2.961214e+21 2.217448e-03 0 
    5.784373 2.963198e+21 2.208739e-03 0 
    5.797706 2.965138e+21 2.200032e-03 0 
    5.811071 2.960074e+21 2.186184e-03 0 
    5.824472 2.962092e+21 2.177619e-03 0 
    5.837897 2.963863e+21 2.168911e-03 0 
    5.851354 2.972643e+21 2.165342e-03 0 
    5.864842 2.967856e+21 2.151922e-03 0 
    5.878361 2.969686e+21 2.143357e-03 0 
    5.891911 2.978425e+21 2.139788e-03 0 
    5.900757 2.825340e+21 2.023726e-03 3 
    5.931618 3.070463e+21 2.176477e-03 3 
    5.962479 3.606759e+21 2.530229e-03 3 
    5.993340 3.095014e+21 2.148925e-03 3 
    6.024202 3.804173e+21 2.614313e-03 3 
    6.055062 3.465282e+21 2.357208e-03 3 
    6.085923 4.291914e+21 2.889978e-03 3 
    6.116786 3.413787e+21 2.275550e-03 3 
    6.147646 3.496996e+21 2.307671e-03 3 
    6.178507 3.736062e+21 2.440863e-03 3 
    6.209369 3.598024e+21 2.327371e-03 3 
    6.240230 3.532683e+21 2.262559e-03 3 
    6.271091 4.118096e+21 2.611600e-03 3 
    6.301952 4.246704e+21 2.666848e-03 3 
    6.332813 3.509963e+21 2.182758e-03 3 
    6.363675 3.739898e+21 2.303245e-03 3 
    6.394536 3.499839e+21 2.134649e-03 3 
    6.425396 2.429612e+21 1.467687e-03 3 
    6.456259 2.493091e+21 1.491670e-03 3 
    6.487119 3.441972e+21 2.039858e-03 3 
    6.517980 4.160323e+21 2.442291e-03 3 
    6.548842 2.978018e+21 1.731788e-03 3 
    6.579703 3.112213e+21 1.792888e-03 3 
    6.610564 3.161737e+21 1.804451e-03 3 
    6.641426 2.861592e+21 1.618011e-03 3 
    6.672286 2.222783e+21 1.245214e-03 3 
    6.703147 2.877733e+21 1.597311e-03 3 
    6.734009 2.899880e+21 1.594884e-03 3 
    6.764870 2.759919e+21 1.504090e-03 3 
    6.795732 2.811064e+21 1.518080e-03 3 
    6.826593 4.212300e+21 2.254279e-03 3 
    6.857454 3.484680e+21 1.848135e-03 3 
    6.888316 3.525352e+21 1.852989e-03 3 
    6.919176 2.573681e+21 1.340733e-03 3 
    6.950038 2.205737e+21 1.138874e-03 3 
    6.980899 2.797855e+21 1.431855e-03 3 
    7.011760 2.520571e+21 1.278619e-03 3 
    7.042621 2.645325e+21 1.330169e-03 3 
    7.073482 2.960771e+21 1.475824e-03 3 
    7.104343 2.961239e+21 1.463262e-03 3 
    7.135205 3.133605e+21 1.535069e-03 3 
    7.166065 3.165473e+21 1.537353e-03 3 
    7.196928 3.092290e+21 1.488958e-03 3 
    7.227788 3.523751e+21 1.682251e-03 3 
    7.258649 3.394668e+21 1.606875e-03 3 
    7.289512 3.011403e+21 1.413411e-03 3 
    7.320372 4.201701e+21 1.955489e-03 3 
    7.351233 3.625967e+21 1.673400e-03 3 
    7.382095 2.875864e+21 1.316150e-03 3 
    7.412956 2.478845e+21 1.125027e-03 3 
    7.443817 3.486023e+21 1.569045e-03 3 
    7.474678 2.624871e+21 1.171708e-03 3 
    7.503520 2.651259e+21 1.174406e-03 3 
    7.565364 4.395586e+21 1.915374e-03 3 
    7.627209 3.341236e+21 1.432426e-03 3 
    7.689054 2.554920e+21 1.077775e-03 3 
    7.750900 2.272698e+21 9.434826e-04 3 
    7.812745 4.203497e+21 1.717512e-03 3 
    7.874592 2.727590e+21 1.097032e-03 3 
    7.936437 2.260330e+21 8.949880e-04 3 
    7.998282 4.567003e+21 1.780468e-03 3 
    8.060128 4.030647e+21 1.547346e-03 3 
    8.121973 3.311459e+21 1.251967e-03 3 
    8.183818 3.095795e+21 1.152807e-03 3 
    8.245664 2.481814e+21 9.103627e-04 3 
    8.307509 2.608186e+21 9.425259e-04 3 
    8.369355 2.496850e+21 8.890065e-04 3 
    8.431200 2.863104e+21 1.004511e-03 3 
    8.493046 2.739035e+21 9.470372e-04 3 
    8.554891 3.473932e+21 1.183829e-03 3 
    8.616737 2.872820e+21 9.649819e-04 3 
    8.678581 2.590865e+21 8.579139e-04 3 
    8.740427 2.758890e+21 9.006697e-04 3 
    8.802273 2.884775e+21 9.285788e-04 3 
    8.864118 2.788235e+21 8.850235e-04 3 
    8.925963 2.511418e+21 7.861498e-04 3 
    8.987808 2.274547e+21 7.022371e-04 3 
    9.049653 2.700292e+21 8.223245e-04 3 
    9.111500 3.127327e+21 9.394853e-04 3 
    9.173345 2.967716e+21 8.795558e-04 3 
    9.235191 3.558064e+21 1.040443e-03 3 
    9.297036 2.761627e+21 7.968424e-04 3 
    9.358881 3.125327e+21 8.899057e-04 3 
    9.420726 3.409393e+21 9.580866e-04 3 
    9.482571 3.141058e+21 8.712047e-04 3 
    9.544418 3.247552e+21 8.891063e-04 3 
    9.606263 4.122982e+21 1.114292e-03 3 
    9.668108 4.264414e+21 1.137818e-03 3 
    9.729954 3.975416e+21 1.047267e-03 3 
    9.791800 3.473840e+21 9.036104e-04 3 
    9.853645 3.098309e+21 7.958429e-04 3 
    9.915490 3.329959e+21 8.447088e-04 3 
    9.977332 3.243362e+21 8.125741e-04 3 
   10.039182 3.307871e+21 8.185558e-04 3 
   10.101023 2.853669e+21 6.975405e-04 3 
   10.162875 3.385096e+21 8.173993e-04 3 
   10.224716 2.610356e+21 6.227214e-04 3 
   10.286566 2.792907e+21 6.582823e-04 3 
   10.348409 2.962917e+21 6.900313e-04 3 
   10.410250 2.979453e+21 6.856629e-04 3 
   10.472100 3.303967e+21 7.513885e-04 3 
   10.533941 3.249037e+21 7.302464e-04 3 
   10.595793 3.026905e+21 6.724009e-04 3 
   10.657634 2.974893e+21 6.532000e-04 3 
   10.719476 3.011556e+21 6.536426e-04 3 
   10.781327 2.781935e+21 5.968965e-04 3 
   10.843169 3.061470e+21 6.494026e-04 3 
   10.905019 2.746481e+21 5.759969e-04 3 
   10.966860 3.183141e+21 6.600666e-04 3 
   11.028711 3.452105e+21 7.078332e-04 3 
   11.090553 3.391656e+21 6.877044e-04 3 
   11.152394 4.535000e+21 9.093637e-04 3 
   11.214245 5.524414e+21 1.095576e-03 3 
   11.276086 5.546354e+21 1.087896e-03 3 
   11.337937 5.081331e+21 9.858387e-04 3 
   11.399779 4.398998e+21 8.442234e-04 3 
   11.461630 4.074643e+21 7.735586e-04 3 
   11.523471 3.430084e+21 6.442205e-04 3 
   11.585312 3.673127e+21 6.825225e-04 3 
   11.647164 3.537583e+21 6.503734e-04 3 
   11.709005 3.306701e+21 6.015219e-04 3 
   11.770855 3.078583e+21 5.541551e-04 3 
   11.832696 3.436560e+21 6.121431e-04 3 
   11.894548 3.520199e+21 6.205372e-04 3 
   11.956389 3.495527e+21 6.098304e-04 3 
   12.018230 3.407434e+21 5.883598e-04 3 
   12.080082 3.723758e+21 6.364117e-04 3 
   12.141923 3.717679e+21 6.289171e-04 3 
   12.203774 3.473562e+21 5.816787e-04 3 
   12.265615 3.635185e+21 6.026212e-04 3 
   12.327457 4.033621e+21 6.619796e-04 3 
   12.389308 3.685151e+21 5.987667e-04 3 
   12.451149 3.233871e+21 5.202359e-04 3 
   12.513000 3.533607e+21 5.628489e-04 3 
   12.574842 3.633880e+21 5.731417e-04 3 
   12.636692 3.296967e+21 5.149254e-04 3 
   12.698534 3.772271e+21 5.834345e-04 3 
   12.760375 4.341010e+21 6.649062e-04 3 
   12.822226 4.178226e+21 6.338136e-04 3 
   12.884067 3.197179e+21 4.803495e-04 3 
   12.945919 3.361200e+21 5.001785e-04 3 
   13.007760 2.875717e+21 4.238747e-04 3 
   13.069601 3.105617e+21 4.534398e-04 3 
   13.131452 2.818937e+21 4.077147e-04 3 
   13.193294 3.156210e+21 4.522263e-04 3 
   13.255145 3.046080e+21 4.323831e-04 3 
   13.316984 2.101990e+21 2.956074e-04 3 
   13.378836 2.763859e+21 3.851020e-04 3 
   13.440678 2.964018e+21 4.091993e-04 3 
   13.502520 2.956813e+21 4.044741e-04 3 
   13.564370 2.585126e+21 3.504120e-04 3 
   13.626211 2.732674e+21 3.670575e-04 3 
   13.688063 2.813950e+21 3.745665e-04 3 
   13.749905 3.046023e+21 4.018188e-04 3 
   13.811756 3.140097e+21 4.105269e-04 3 
   13.873595 2.954210e+21 3.827893e-04 3 
   13.935438 3.027959e+21 3.888707e-04 3 
   13.997289 2.939498e+21 3.741810e-04 3 
   14.059131 2.974694e+21 3.753373e-04 3 
   14.120980 3.242098e+21 4.055020e-04 3 
   14.182822 2.553695e+21 3.166213e-04 3 
   14.209445 2.766583e+21 3.417323e-04 3 
   14.300769 2.675245e+21 3.262431e-04 3 
   14.392102 2.728614e+21 3.285414e-04 3 
   14.483423 2.659130e+21 3.161502e-04 3 
   14.574745 2.542967e+21 2.985625e-04 3 
   14.666078 2.674296e+21 3.100830e-04 3 
   14.757402 2.672052e+21 3.060001e-04 3 
   14.848723 2.695129e+21 3.048581e-04 3 
   14.940045 2.727487e+21 3.047582e-04 3 
   15.031380 2.677002e+21 2.954932e-04 3 
   15.122702 2.689862e+21 2.933376e-04 3 
   15.214023 2.812542e+21 3.030451e-04 3 
   15.305356 2.760059e+21 2.938515e-04 3 
   15.396680 2.914946e+21 3.066711e-04 3 
   15.488002 3.550757e+21 3.691702e-04 3 
   15.579323 3.872144e+21 3.978787e-04 3 
   15.670656 3.332928e+21 3.384917e-04 3 
   15.761980 3.123024e+21 3.135092e-04 3 
   15.853302 3.288072e+21 3.262860e-04 3 
   15.944634 3.362448e+21 3.298549e-04 3 
   16.035958 3.315555e+21 3.215606e-04 3 
   16.127280 3.322013e+21 3.185485e-04 3 
   16.218613 3.643715e+21 3.454725e-04 3 
   16.309934 3.696741e+21 3.465860e-04 3 
   16.401256 3.986312e+21 3.695843e-04 3 
   16.492580 4.046397e+21 3.710118e-04 3 
   16.583914 3.990585e+21 3.618753e-04 3 
   16.675234 4.006642e+21 3.593628e-04 3 
   16.766558 4.080417e+21 3.620038e-04 3 
   16.857881 4.266185e+21 3.743951e-04 3 
   16.949213 5.730810e+21 4.975233e-04 3 
   17.040537 7.622585e+21 6.546846e-04 3 
   17.131859 5.794339e+21 4.923697e-04 3 
   17.223192 4.361056e+21 3.666577e-04 3 
   17.314514 4.094767e+21 3.406473e-04 3 
   17.405838 4.094027e+21 3.370213e-04 3 
   17.497170 3.962213e+21 3.227741e-04 3 
   17.588491 3.949141e+21 3.183772e-04 3 
   17.679816 3.587868e+21 2.862711e-04 3 
   17.771136 3.567001e+21 2.816886e-04 3 
   17.862469 3.607047e+21 2.819456e-04 3 
   17.953792 3.512285e+21 2.717527e-04 3 
   18.045114 3.434782e+21 2.630730e-04 3 
   18.136445 3.457401e+21 2.621452e-04 3 
   18.227770 3.389989e+21 2.544648e-04 3 
   18.319091 3.492427e+21 2.595469e-04 3 
   18.410423 3.398902e+21 2.500964e-04 3 
   18.501747 3.313376e+21 2.414025e-04 3 
   18.593070 3.447679e+21 2.487260e-04 3 
   18.684392 3.785770e+21 2.704536e-04 3 
   18.775725 3.677988e+21 2.602036e-04 3 
   18.867048 3.396199e+21 2.379477e-04 3 
   18.958370 3.406936e+21 2.364060e-04 3 
   19.049705 3.326842e+21 2.286400e-04 3 
   19.141027 3.367205e+21 2.292110e-04 3 
   19.232347 3.339281e+21 2.251567e-04 3 
   19.323670 3.070768e+21 2.050993e-04 3 
   19.415005 3.097923e+21 2.049708e-04 3 
   19.506327 3.019761e+21 1.979329e-04 3 
   19.597648 2.960165e+21 1.922226e-04 3 
   19.688981 3.260309e+21 2.097532e-04 3 
   19.780305 3.019633e+21 1.924796e-04 3 
   19.871627 2.862234e+21 1.807735e-04 3 
   19.962950 3.007677e+21 1.882254e-04 3 
   20.054283 2.931438e+21 1.817870e-04 3 
   20.145605 2.907554e+21 1.786749e-04 3 
   20.236927 2.779493e+21 1.692673e-04 3 
   20.328259 2.868268e+21 1.731074e-04 3 
   20.419581 2.910564e+21 1.740924e-04 3 
   20.437830 2.763703e+21 1.650131e-04 3 
   20.613653 2.835782e+21 1.664406e-04 3 
   20.789584 2.735461e+21 1.578467e-04 3 
   20.965605 2.795314e+21 1.586033e-04 3 
   21.141736 2.792587e+21 1.558195e-04 3 
   21.317969 2.757396e+21 1.513227e-04 3 
   21.494308 2.570457e+21 1.387586e-04 3 
   21.670738 2.516647e+21 1.336508e-04 3 
   21.847277 2.778544e+21 1.451841e-04 3 
   22.023919 2.561309e+21 1.316950e-04 3 
   22.200666 2.491401e+21 1.260689e-04 3 
   22.377516 2.345772e+21 1.168311e-04 3 
   22.554462 2.511079e+21 1.231096e-04 3 
   22.731520 2.583045e+21 1.246727e-04 3 
   22.908677 2.500390e+21 1.188240e-04 3 
   23.085934 2.672243e+21 1.250482e-04 3 
   23.263302 2.606714e+21 1.201288e-04 3 
   23.440769 2.529699e+21 1.148211e-04 3 
   23.618344 2.338115e+21 1.045354e-04 3 
   23.796028 2.383961e+21 1.049994e-04 3 
   23.973813 2.506865e+21 1.087810e-04 3 
   24.151697 2.458396e+21 1.051122e-04 3 
   24.329692 2.484669e+21 1.046867e-04 3 
   24.507784 2.411057e+21 1.001142e-04 3 
   24.685998 2.348196e+21 9.610132e-05 3 
   24.864302 2.289063e+21 9.234253e-05 3 
   25.042713 2.429364e+21 9.661095e-05 3 
   25.221234 2.341237e+21 9.179291e-05 3 
   25.399866 2.334229e+21 9.023542e-05 3 
   25.578597 2.399440e+21 9.146457e-05 3 
   25.757438 2.603128e+21 9.785581e-05 3 
   25.936388 3.158129e+21 1.170866e-04 3 
   26.115447 2.682513e+21 9.809421e-05 3 
   26.294606 2.243580e+21 8.092909e-05 3 
   26.473875 2.237287e+21 7.961284e-05 3 
   26.653256 2.289382e+21 8.037375e-05 3 
   26.832731 2.247825e+21 7.786265e-05 3 
   27.012328 2.294472e+21 7.842512e-05 3 
   27.192025 2.313885e+21 7.804681e-05 3 
   27.371834 2.241191e+21 7.460492e-05 3 
   27.551750 2.173812e+21 7.142002e-05 3 
   27.731775 2.262092e+21 7.335866e-05 3 
   27.911909 2.386517e+21 7.639797e-05 3 
   28.092153 2.442735e+21 7.719740e-05 3 
   28.272509 2.829985e+21 8.829821e-05 3 
   28.452975 2.309962e+21 7.116162e-05 3 
   28.633547 2.179577e+21 6.630074e-05 3 
   28.814231 2.059418e+21 6.186242e-05 3 
   28.995022 2.139095e+21 6.345701e-05 3 
   29.175925 2.237155e+21 6.554556e-05 3 
   29.356938 2.237868e+21 6.476040e-05 3 
   29.538059 2.122883e+21 6.068182e-05 3 
   29.719300 2.242291e+21 6.331568e-05 3 
   29.900650 2.285502e+21 6.375538e-05 3 
   30.082097 2.291155e+21 6.314439e-05 3 
   30.263669 2.258974e+21 6.151266e-05 3 
   30.445347 2.096817e+21 5.641766e-05 3 
   30.627147 2.306152e+21 6.131566e-05 3 
   30.809047 2.260985e+21 5.940700e-05 3 
   30.991063 2.110261e+21 5.479737e-05 3 
   31.173200 2.179693e+21 5.594085e-05 3 
   31.355438 2.201144e+21 5.583664e-05 3 
   31.537794 2.341257e+21 5.870606e-05 3 
   31.720266 2.386858e+21 5.916289e-05 3 
   31.902841 2.254377e+21 5.524134e-05 3 
   32.085538 2.416865e+21 5.855046e-05 3 
   32.268356 2.435069e+21 5.832490e-05 3 
   32.451278 2.504166e+21 5.930563e-05 3 
   32.634309 2.321935e+21 5.437481e-05 3 
   32.817466 2.340058e+21 5.418922e-05 3 
   33.000737 2.644728e+21 6.056619e-05 3 
   33.184119 2.596232e+21 5.880028e-05 3 
   33.367612 3.245064e+21 7.268912e-05 3 
   33.551222 3.622958e+21 8.026812e-05 3 
   33.734956 2.937715e+21 6.437923e-05 3 
   33.918803 2.547170e+21 5.521707e-05 3 
   34.102763 2.614950e+21 5.607648e-05 3 
   34.286838 2.167171e+21 4.597639e-05 3 
   34.471031 2.405585e+21 5.049038e-05 3 
   34.655344 3.446538e+21 7.157134e-05 3 
   34.839772 5.398572e+21 1.109238e-04 3 
