# UGC 09618 N    
# 
# An Atlas of Galaxy Spectral Energy Distributions from the Ultraviolet to the Mid-Infrared
# Brown et al. (2014)
# http://dx.doi.org/10.5072/03/529D3551F0117
# http://dx.doi.org/10.17909/t9-5bxk-dh29
# 
# The Spectral Energy Distributions of Active Galactic Nuclei
# Brown et al. (2019)
# http://dx.doi.org/10.17909/t9-3dbt-8734
# 
# Column 1: Observed wavelength (um)
# Column 2: L_nu (W/Hz)
# Column 3: f_lam (erg/s/cm2/A)
# Column 4: Source (0 = model, 1 = Optical Spectrun, 2 = Akari, 3 = Spitzer IRS)
# 
  1.0200e-02 2.447026e+06 5.865901e-13 0 
  1.0390e-02 3.957225e+06 9.142313e-13 0 
  1.0607e-02 6.502898e+06 1.441512e-12 0 
  1.0805e-02 1.076094e+07 2.298779e-12 0 
  1.1005e-02 1.979414e+07 4.076176e-12 0 
  1.1392e-02 4.624114e+07 8.886384e-12 0 
  1.1792e-02 9.919978e+07 1.779231e-11 0 
  1.2095e-02 5.141940e+08 8.766206e-11 0 
  1.2491e-02 9.807308e+08 1.567660e-10 0 
  1.2694e-02 1.304041e+09 2.018323e-10 0 
  1.2812e-02 1.531460e+09 2.326850e-10 0 
  1.3110e-02 2.278999e+09 3.307007e-10 0 
  1.3201e-02 2.962248e+09 4.239399e-10 0 
  1.3385e-02 3.787739e+09 5.272780e-10 0 
  1.3696e-02 6.323352e+09 8.407294e-10 0 
  1.4015e-02 9.026855e+09 1.146164e-09 0 
  1.4309e-02 3.297002e+10 4.016031e-09 0 
  1.4710e-02 1.192757e+11 1.374748e-08 0 
  1.5087e-02 1.738202e+11 1.904544e-08 0 
  1.5510e-02 2.549568e+11 2.643258e-08 0 
  1.5908e-02 3.698103e+11 3.644553e-08 0 
  1.6203e-02 4.814485e+11 4.573571e-08 0 
  1.6619e-02 6.886348e+11 6.218357e-08 0 
  1.7006e-02 9.494380e+11 8.187640e-08 0 
  1.7282e-02 1.205347e+12 1.006516e-07 0 
  1.7685e-02 1.631375e+12 1.300889e-07 0 
  1.8014e-02 2.037588e+12 1.566003e-07 0 
  1.8180e-02 2.348955e+12 1.772488e-07 0 
  1.8604e-02 3.113943e+12 2.243854e-07 0 
  1.9081e-02 4.351665e+12 2.980915e-07 0 
  1.9391e-02 5.336414e+12 3.539530e-07 0 
  1.9797e-02 6.849405e+12 4.358635e-07 0 
  2.0212e-02 8.792593e+12 5.367782e-07 0 
  2.0493e-02 1.048956e+13 6.229348e-07 0 
  2.1019e-02 1.339710e+13 7.562807e-07 0 
  2.1608e-02 1.946325e+13 1.039639e-06 0 
  2.2009e-02 2.419145e+13 1.245540e-06 0 
  2.2315e-02 2.793961e+13 1.399339e-06 0 
  2.2678e-02 3.441349e+13 1.668844e-06 0 
  2.2994e-02 5.974547e+13 2.818204e-06 0 
  2.3421e-02 1.160672e+14 5.277097e-06 0 
  2.4022e-02 1.777805e+14 7.683554e-06 0 
  2.4581e-02 2.075544e+14 8.567013e-06 0 
  2.5212e-02 2.711878e+14 1.064025e-05 0 
  2.5681e-02 2.701501e+14 1.021593e-05 0 
  2.5978e-02 3.413375e+14 1.261447e-05 0 
  2.6400e-02 4.060885e+14 1.453146e-05 0 
  2.6891e-02 4.719884e+14 1.627848e-05 0 
  2.7391e-02 5.448034e+14 1.811008e-05 0 
  2.7900e-02 6.288195e+14 2.014717e-05 0 
  2.8419e-02 7.224371e+14 2.230894e-05 0 
  2.9014e-02 8.072232e+14 2.391524e-05 0 
  2.9621e-02 9.596984e+14 2.727921e-05 0 
  3.0103e-02 1.075114e+15 2.958907e-05 0 
  3.0804e-02 1.286717e+15 3.381934e-05 0 
  3.1813e-02 1.648432e+15 4.062170e-05 0 
  3.2780e-02 2.040339e+15 4.735665e-05 0 
  3.3776e-02 2.485002e+15 5.432586e-05 0 
  3.4802e-02 2.991400e+15 6.159743e-05 0 
  3.5695e-02 3.520654e+15 6.891361e-05 0 
  3.6610e-02 4.142912e+15 7.709083e-05 0 
  3.7463e-02 4.776476e+15 8.487873e-05 0 
  3.8513e-02 5.415339e+15 9.105574e-05 0 
  3.9501e-02 6.474503e+15 1.034872e-04 0 
  4.0514e-02 7.546615e+15 1.146670e-04 0 
  4.1362e-02 8.463319e+15 1.233770e-04 0 
  4.2228e-02 9.317724e+15 1.303183e-04 0 
  4.3014e-02 1.023704e+16 1.379912e-04 0 
  4.4117e-02 1.176494e+16 1.507558e-04 0 
  4.5145e-02 1.309495e+16 1.602436e-04 0 
  4.5984e-02 1.428544e+16 1.684910e-04 0 
  4.6947e-02 1.583045e+16 1.791324e-04 0 
  4.8040e-02 1.769699e+16 1.912449e-04 0 
  4.9046e-02 1.911762e+16 1.982089e-04 0 
  4.9958e-02 2.128662e+16 2.127125e-04 0 
    0.050653 2.213530e+16 2.151649e-04 0 
    0.051240 2.450295e+16 2.327536e-04 0 
    0.051952 2.613221e+16 2.414727e-04 0 
    0.053040 2.822243e+16 2.501980e-04 0 
    0.054026 2.972605e+16 2.539966e-04 0 
    0.055031 3.233236e+16 2.662680e-04 0 
    0.056054 3.598647e+16 2.856423e-04 0 
    0.056965 3.969762e+16 3.051018e-04 0 
    0.058024 4.199357e+16 3.110741e-04 0 
    0.058967 4.600243e+16 3.299584e-04 0 
    0.060063 4.821131e+16 3.332969e-04 0 
    0.061039 4.738885e+16 3.172180e-04 0 
    0.062031 5.769929e+16 3.739808e-04 0 
    0.063038 6.146873e+16 3.857854e-04 0 
    0.064063 6.608491e+16 4.015912e-04 0 
    0.064954 7.091990e+16 4.192304e-04 0 
    0.065858 7.453796e+16 4.286046e-04 0 
    0.066467 7.951901e+16 4.489059e-04 0 
    0.067547 8.429385e+16 4.607658e-04 0 
    0.068487 8.617597e+16 4.582119e-04 0 
    0.069439 9.952098e+16 5.147593e-04 0 
    0.070568 1.007353e+17 5.045016e-04 0 
    0.071549 1.149907e+17 5.602115e-04 0 
    0.072545 1.224920e+17 5.804826e-04 0 
    0.073554 1.301863e+17 6.001355e-04 0 
    0.074577 1.428775e+17 6.406937e-04 0 
    0.075441 1.533289e+17 6.719017e-04 0 
    0.076490 1.566707e+17 6.678439e-04 0 
    0.077554 1.796042e+17 7.447396e-04 0 
    0.078452 1.913802e+17 7.755064e-04 0 
    0.079544 2.071005e+17 8.163245e-04 0 
    0.080465 2.216771e+17 8.538924e-04 0 
    0.081584 2.371137e+17 8.884706e-04 0 
    0.082529 2.614893e+17 9.574965e-04 0 
    0.083484 2.322441e+17 8.310642e-04 0 
    0.084451 2.906658e+17 1.016438e-03 0 
    0.085429 3.060783e+17 1.045968e-03 0 
    0.086418 3.359296e+17 1.121854e-03 0 
    0.087419 3.678203e+17 1.200385e-03 0 
    0.088431 4.083175e+17 1.302223e-03 0 
    0.089455 4.419185e+17 1.377303e-03 0 
    0.090491 4.515105e+17 1.375161e-03 0 
    0.091539 7.277144e+17 2.165933e-03 0 
    0.092599 5.084228e+18 1.478798e-02 0 
    0.093456 1.150310e+19 3.284710e-02 0 
    0.094538 2.344535e+19 6.542449e-02 0 
    0.095413 3.644288e+19 9.983759e-02 0 
    0.096517 3.852936e+19 1.031527e-01 0 
    0.097410 5.499364e+18 1.445446e-02 0 
    0.098538 2.860448e+19 7.347220e-02 0 
    0.099450 3.621781e+19 9.132907e-02 0 
    0.100602 6.426899e+19 1.583743e-01 0 
    0.101533 6.705674e+19 1.622275e-01 0 
    0.102472 3.068035e+19 7.286960e-02 0 
    0.103420 4.408259e+19 1.027909e-01 0 
    0.104618 1.026238e+20 2.338470e-01 0 
    0.105586 1.046184e+20 2.340411e-01 0 
    0.106563 7.672815e+19 1.685149e-01 0 
    0.107549 1.007556e+20 2.172465e-01 0 
    0.108544 7.422928e+19 1.571304e-01 0 
    0.109548 1.155713e+20 2.401804e-01 0 
    0.110562 1.143170e+20 2.332360e-01 0 
    0.111585 1.089790e+20 2.182869e-01 0 
    0.112617 9.807645e+19 1.928649e-01 0 
    0.113398 1.426310e+20 2.766301e-01 0 
    0.114447 1.301312e+20 2.477815e-01 0 
    0.115506 1.481003e+20 2.768491e-01 0 
    0.116575 1.569213e+20 2.879834e-01 0 
    0.117383 1.007521e+20 1.823644e-01 0 
    0.118469 1.604443e+20 2.851093e-01 0 
    0.119565 9.736619e+19 1.698621e-01 0 
    0.120394 6.279605e+19 1.080486e-01 0 
    0.121508 5.482257e+19 9.260749e-02 0 
    0.122632 1.204907e+20 1.998216e-01 0 
    0.123482 2.062763e+20 3.373949e-01 0 
    0.124625 2.346300e+20 3.767643e-01 0 
    0.125489 2.222489e+20 3.519855e-01 0 
    0.126359 1.863147e+20 2.910256e-01 0 
    0.127528 2.704897e+20 4.147975e-01 0 
    0.128412 2.954967e+20 4.469283e-01 0 
    0.129600 2.129962e+20 3.162702e-01 0 
    0.130499 2.141605e+20 3.136328e-01 0 
    0.131403 3.027439e+20 4.372816e-01 0 
    0.132619 2.936657e+20 4.164264e-01 0 
    0.133538 2.483979e+20 3.474038e-01 0 
    0.134464 3.337565e+20 4.603775e-01 0 
    0.135396 3.278718e+20 4.460554e-01 0 
    0.136649 2.860101e+20 3.820014e-01 0 
    0.137596 3.159373e+20 4.161844e-01 0 
    0.138550 3.256961e+20 4.231515e-01 0 
    0.139510 2.857744e+20 3.661922e-01 0 
    0.140477 3.035118e+20 3.835850e-01 0 
    0.141451 3.114107e+20 3.881664e-01 0 
    0.142431 3.360936e+20 4.131879e-01 0 
    0.143419 3.369734e+20 4.085816e-01 0 
    0.144081 3.675487e+20 4.415683e-01 0 
    0.144746 3.819842e+20 4.547040e-01 0 
    0.145414 3.713450e+20 4.379873e-01 0 
    0.146422 3.394822e+20 3.949125e-01 0 
    0.147437 3.474320e+20 3.986146e-01 0 
    0.148459 3.671888e+20 4.155018e-01 0 
    0.149488 3.844964e+20 4.291174e-01 0 
    0.150524 3.629567e+20 3.995211e-01 0 
    0.151219 3.144208e+20 3.429217e-01 0 
    0.151567 3.498029e+20 3.797611e-01 0 
    0.152618 3.378765e+20 3.617786e-01 0 
    0.153676 2.861937e+20 3.022348e-01 0 
    0.154385 3.382733e+20 3.539599e-01 0 
    0.155455 3.222032e+20 3.325193e-01 0 
    0.156533 3.303482e+20 3.362456e-01 0 
    0.157618 3.620790e+20 3.634864e-01 0 
    0.158345 3.947731e+20 3.926768e-01 0 
    0.159443 4.103450e+20 4.025637e-01 0 
    0.160548 4.110705e+20 3.977434e-01 0 
    0.161661 4.232975e+20 4.039537e-01 0 
    0.162407 3.972973e+20 3.756666e-01 0 
    0.163533 4.393488e+20 4.097275e-01 0 
    0.164667 4.544683e+20 4.180102e-01 0 
    0.165427 4.168097e+20 3.798582e-01 0 
    0.166573 4.726709e+20 4.248603e-01 0 
    0.167342 4.073409e+20 3.627810e-01 0 
    0.167728 4.821291e+20 4.274139e-01 0 
    0.168502 5.230409e+20 4.594328e-01 0 
    0.169670 4.910271e+20 4.253945e-01 0 
    0.170453 4.714756e+20 4.047122e-01 0 
    0.171635 4.435852e+20 3.755448e-01 0 
    0.172427 4.480095e+20 3.758142e-01 0 
    0.173622 4.951726e+20 4.096788e-01 0 
    0.174424 4.887015e+20 4.006154e-01 0 
    0.175633 5.413356e+20 4.376741e-01 0 
    0.176443 4.883463e+20 3.912150e-01 0 
    0.177666 5.105875e+20 4.034205e-01 0 
    0.178487 5.300341e+20 4.149417e-01 0 
    0.179310 5.868233e+20 4.551922e-01 0 
    0.180553 5.912939e+20 4.523664e-01 0 
    0.181387 5.370118e+20 4.070690e-01 0 
    0.182644 5.613324e+20 4.196679e-01 0 
    0.183487 5.399545e+20 3.999843e-01 0 
    0.184334 4.914389e+20 3.607075e-01 0 
    0.185612 4.950120e+20 3.583439e-01 0 
    0.186469 5.232696e+20 3.753260e-01 0 
    0.187329 5.926254e+20 4.211790e-01 0 
    0.188628 5.405622e+20 3.789045e-01 0 
    0.189498 5.234636e+20 3.635579e-01 0 
    0.190373 5.673986e+20 3.904577e-01 0 
    0.191693 5.456043e+20 3.703068e-01 0 
    0.192577 5.443091e+20 3.660439e-01 0 
    0.193466 5.699322e+20 3.797610e-01 0 
    0.194359 6.035835e+20 3.984965e-01 0 
    0.195707 5.670453e+20 3.692339e-01 0 
    0.196610 6.449487e+20 4.161122e-01 0 
    0.197517 6.720298e+20 4.296116e-01 0 
    0.198429 6.342417e+20 4.017362e-01 0 
    0.199345 6.195757e+20 3.888482e-01 0 
    0.200727 6.513366e+20 4.031720e-01 0 
    0.201653 6.245921e+20 3.830748e-01 0 
    0.202584 6.720264e+20 4.083875e-01 0 
    0.203519 6.326045e+20 3.809069e-01 0 
    0.204459 6.758649e+20 4.032217e-01 0 
    0.205402 6.465050e+20 3.821721e-01 0 
    0.206350 6.505317e+20 3.810272e-01 0 
    0.207303 7.144045e+20 4.146001e-01 0 
    0.207781 6.819795e+20 3.939636e-01 0 
    0.208740 7.234465e+20 4.140870e-01 0 
    0.209703 6.823697e+20 3.869963e-01 0 
    0.210671 6.896402e+20 3.875337e-01 0 
    0.211644 7.050344e+20 3.925499e-01 0 
    0.212621 7.223792e+20 3.985193e-01 0 
    0.213602 6.626542e+20 3.622203e-01 0 
    0.214588 6.978895e+20 3.779830e-01 0 
    0.215579 7.366731e+20 3.953287e-01 0 
    0.216574 7.140687e+20 3.796853e-01 0 
    0.217573 7.115172e+20 3.748624e-01 0 
    0.218578 7.056447e+20 3.683576e-01 0 
    0.219586 7.498518e+20 3.878489e-01 0 
    0.220600 7.300268e+20 3.741315e-01 0 
    0.221618 6.881326e+20 3.494287e-01 0 
    0.222641 6.683967e+20 3.362950e-01 0 
    0.223669 7.356270e+20 3.667267e-01 0 
    0.224701 7.066227e+20 3.490391e-01 0 
    0.225738 6.720414e+20 3.289146e-01 0 
    0.226259 6.990989e+20 3.405833e-01 0 
    0.227303 7.357975e+20 3.551767e-01 0 
    0.228352 7.762294e+20 3.712589e-01 0 
    0.229406 7.348758e+20 3.482578e-01 0 
    0.230465 7.455178e+20 3.500617e-01 0 
    0.231529 7.058111e+20 3.283781e-01 0 
    0.232598 5.222929e+20 2.407679e-01 0 
    0.233671 6.548675e+20 2.991164e-01 0 
    0.234750 6.388013e+20 2.891020e-01 0 
    0.235291 7.185996e+20 3.237225e-01 0 
    0.236377 6.482335e+20 2.893460e-01 0 
    0.237468 6.838701e+20 3.024544e-01 0 
    0.238564 6.312634e+20 2.766287e-01 0 
    0.239666 6.973118e+20 3.027685e-01 0 
    0.240772 6.709201e+20 2.886392e-01 0 
    0.241327 7.027496e+20 3.009437e-01 0 
    0.242441 7.763159e+20 3.293994e-01 0 
    0.243560 7.538293e+20 3.169257e-01 0 
    0.244684 8.213384e+20 3.421428e-01 0 
    0.245248 8.177842e+20 3.390972e-01 0 
    0.246380 8.163364e+20 3.353935e-01 0 
    0.247517 7.890601e+20 3.212155e-01 0 
    0.248660 8.153883e+20 3.288887e-01 0 
    0.249233 7.770958e+20 3.120038e-01 0 
    0.250383 9.009541e+20 3.584177e-01 0 
    0.251539 7.761532e+20 3.059379e-01 0 
    0.252700 7.712317e+20 3.012110e-01 0 
    0.253283 8.023028e+20 3.119052e-01 0 
    0.254452 7.953717e+20 3.063761e-01 0 
    0.255626 9.053142e+20 3.455300e-01 0 
    0.256216 8.648576e+20 3.285705e-01 0 
    0.257398 9.487770e+20 3.571497e-01 0 
    0.258586 9.384880e+20 3.500380e-01 0 
    0.259780 9.304208e+20 3.438464e-01 0 
    0.260379 8.949171e+20 3.292057e-01 0 
    0.261581 8.892917e+20 3.241367e-01 0 
    0.262788 9.644422e+20 3.483065e-01 0 
    0.263394 1.048120e+21 3.767868e-01 0 
    0.264610 1.195785e+21 4.259287e-01 0 
    0.265220 1.284584e+21 4.554559e-01 0 
    0.266444 1.096532e+21 3.852173e-01 0 
    0.267674 1.189268e+21 4.139653e-01 0 
    0.268291 1.208893e+21 4.188632e-01 0 
    0.269529 1.139317e+21 3.911378e-01 0 
    0.270773 1.218689e+21 4.145518e-01 0 
    0.271397 1.122065e+21 3.799306e-01 0 
    0.272650 1.114946e+21 3.740583e-01 0 
    0.273279 1.206110e+21 4.027827e-01 0 
    0.274540 9.946100e+20 3.291077e-01 0 
    0.275807 1.051671e+21 3.447987e-01 0 
    0.276443 1.127222e+21 3.678703e-01 0 
    0.277719 1.208553e+21 3.907968e-01 0 
    0.278359 1.107631e+21 3.565178e-01 0 
    0.279644 8.602773e+20 2.743620e-01 0 
    0.280289 9.436022e+20 2.995528e-01 0 
    0.281582 1.233198e+21 3.878996e-01 0 
    0.282231 1.374521e+21 4.303665e-01 0 
    0.283534 1.337835e+21 4.150389e-01 0 
    0.284188 1.280975e+21 3.955721e-01 0 
    0.285500 1.193374e+21 3.651410e-01 0 
    0.286817 1.458927e+21 4.423033e-01 0 
    0.287479 1.531707e+21 4.622320e-01 0 
    0.288805 1.501140e+21 4.488571e-01 0 
    0.289471 1.540083e+21 4.583851e-01 0 
    0.290807 1.789787e+21 5.278226e-01 0 
    0.292823 1.714745e+21 4.987531e-01 0 
    0.294853 1.708363e+21 4.900782e-01 0 
    0.296897 1.807049e+21 5.112752e-01 0 
    0.298955 1.850792e+21 5.164668e-01 0 
    0.301027 1.930803e+21 5.314025e-01 0 
    0.303114 1.982078e+21 5.380285e-01 0 
    0.305215 2.030038e+21 5.434867e-01 0 
    0.307330 2.108092e+21 5.566422e-01 0 
    0.308749 2.168488e+21 5.673386e-01 0 
    0.310889 2.251903e+21 5.810794e-01 0 
    0.313044 2.248676e+21 5.722853e-01 0 
    0.315214 2.292576e+21 5.754522e-01 0 
    0.316669 2.369138e+21 5.892177e-01 0 
    0.318864 2.228375e+21 5.466053e-01 0 
    0.321074 2.417475e+21 5.848549e-01 0 
    0.323300 2.253021e+21 5.375889e-01 0 
    0.324792 2.600347e+21 6.147764e-01 0 
    0.327044 2.834103e+21 6.608451e-01 0 
    0.329310 2.843224e+21 6.538795e-01 0 
    0.330830 2.864610e+21 6.527579e-01 0 
    0.332358 2.879578e+21 6.501491e-01 0 
    0.333124 2.961167e+21 6.654991e-01 0 
    0.333892 2.739051e+21 6.127518e-01 0 
    0.334661 3.060003e+21 6.814094e-01 0 
    0.335433 2.943447e+21 6.524408e-01 0 
    0.336206 2.703938e+21 5.965986e-01 0 
    0.336981 2.965683e+21 6.513438e-01 0 
    0.337758 2.899019e+21 6.337767e-01 0 
    0.338536 2.988088e+21 6.502496e-01 0 
    0.339317 3.202768e+21 6.937624e-01 0 
    0.340099 3.488617e+21 7.522099e-01 0 
    0.340883 3.131713e+21 6.721524e-01 0 
    0.341669 3.089713e+21 6.600905e-01 0 
    0.342457 3.412272e+21 7.256513e-01 0 
    0.343246 3.565907e+21 7.548409e-01 0 
    0.344037 3.375279e+21 7.112066e-01 0 
    0.344830 3.030297e+21 6.355820e-01 0 
    0.345625 3.204282e+21 6.689858e-01 0 
    0.346422 2.999010e+21 6.232517e-01 0 
    0.347221 3.453231e+21 7.143485e-01 0 
    0.348021 3.107929e+21 6.399657e-01 0 
    0.348823 3.339695e+21 6.845309e-01 0 
    0.349627 3.288234e+21 6.708867e-01 0 
    0.350433 3.590970e+21 7.292865e-01 0 
    0.351241 3.455085e+21 6.984653e-01 0 
    0.352051 3.721299e+21 7.488242e-01 0 
    0.352863 3.154626e+21 6.318763e-01 0 
    0.353676 3.657612e+21 7.292609e-01 0 
    0.354491 3.876544e+21 7.693621e-01 0 
    0.355308 3.959931e+21 7.823013e-01 0 
    0.356059 4.072913e+21 8.012307e-01 1 
    0.356325 4.596845e+21 9.029501e-01 1 
    0.356591 4.190184e+21 8.218430e-01 1 
    0.356857 4.098283e+21 8.026199e-01 1 
    0.357123 5.493708e+21 1.074302e+00 1 
    0.357389 5.035357e+21 9.832056e-01 1 
    0.357655 4.309827e+21 8.402870e-01 1 
    0.357921 3.974836e+21 7.738224e-01 1 
    0.358187 2.937463e+21 5.710172e-01 1 
    0.358453 3.830640e+21 7.435383e-01 1 
    0.358719 2.399245e+21 4.650100e-01 1 
    0.358985 2.906883e+21 5.625633e-01 1 
    0.359251 3.720376e+21 7.189312e-01 1 
    0.359517 3.657199e+21 7.056773e-01 1 
    0.359783 4.769212e+21 9.188864e-01 1 
    0.360049 4.484867e+21 8.628251e-01 1 
    0.360315 4.374181e+21 8.402886e-01 1 
    0.360581 2.939015e+21 5.637578e-01 1 
    0.360847 3.972935e+21 7.609598e-01 1 
    0.361113 3.937648e+21 7.530905e-01 1 
    0.361380 3.463630e+21 6.614540e-01 1 
    0.361646 4.602147e+21 8.775858e-01 1 
    0.361912 3.801400e+21 7.238257e-01 1 
    0.362178 2.679079e+21 5.093752e-01 1 
    0.362444 3.636643e+21 6.904231e-01 1 
    0.362710 4.040780e+21 7.660243e-01 1 
    0.362976 3.881706e+21 7.347900e-01 1 
    0.363242 3.464230e+21 6.548035e-01 1 
    0.363508 3.525458e+21 6.654019e-01 1 
    0.363774 3.690404e+21 6.955159e-01 1 
    0.364040 4.753005e+21 8.944716e-01 1 
    0.364306 3.424009e+21 6.434261e-01 1 
    0.364572 4.290646e+21 8.051051e-01 1 
    0.364838 3.210623e+21 6.015692e-01 1 
    0.365104 3.695044e+21 6.913259e-01 1 
    0.365370 4.090101e+21 7.641255e-01 1 
    0.365636 4.885676e+21 9.114297e-01 1 
    0.365902 3.612468e+21 6.729315e-01 1 
    0.366168 3.753551e+21 6.981971e-01 1 
    0.366434 4.504591e+21 8.366817e-01 1 
    0.366700 3.670674e+21 6.808015e-01 1 
    0.366966 3.848864e+21 7.128159e-01 1 
    0.367232 4.198958e+21 7.765276e-01 1 
    0.367498 3.857658e+21 7.123776e-01 1 
    0.367764 4.287371e+21 7.905860e-01 1 
    0.368030 4.371247e+21 8.048878e-01 1 
    0.368296 4.726730e+21 8.690870e-01 1 
    0.368562 5.213804e+21 9.572603e-01 1 
    0.368828 5.583465e+21 1.023652e+00 1 
    0.369095 5.602701e+21 1.025694e+00 1 
    0.369361 4.704505e+21 8.600195e-01 1 
    0.369627 3.833199e+21 6.997299e-01 1 
    0.369893 4.332860e+21 7.898033e-01 1 
    0.370159 3.439205e+21 6.260051e-01 1 
    0.370425 3.255683e+21 5.917496e-01 1 
    0.370691 4.202977e+21 7.628329e-01 1 
    0.370957 3.887724e+21 7.046034e-01 1 
    0.371223 4.861377e+21 8.798041e-01 1 
    0.371489 4.511893e+21 8.153862e-01 1 
    0.371755 6.843219e+21 1.234932e+00 1 
    0.372021 7.072315e+21 1.274451e+00 1 
    0.372287 1.171298e+22 2.107697e+00 1 
    0.372553 1.479826e+22 2.659076e+00 1 
    0.372819 1.523218e+22 2.733143e+00 1 
    0.373085 1.345658e+22 2.411102e+00 1 
    0.373351 1.021638e+22 1.827927e+00 1 
    0.373617 7.442957e+21 1.329807e+00 1 
    0.373883 5.860729e+21 1.045627e+00 1 
    0.374149 4.609431e+21 8.212107e-01 1 
    0.374415 4.932750e+21 8.775647e-01 1 
    0.374681 4.487053e+21 7.971394e-01 1 
    0.374947 5.179430e+21 9.188374e-01 1 
    0.375213 5.439432e+21 9.635944e-01 1 
    0.375479 4.799688e+21 8.490595e-01 1 
    0.375745 5.135852e+21 9.072407e-01 1 
    0.376011 5.783998e+21 1.020290e+00 1 
    0.376277 6.209480e+21 1.093796e+00 1 
    0.376543 5.649542e+21 9.937577e-01 1 
    0.376810 6.349253e+21 1.115255e+00 1 
    0.377076 6.227515e+21 1.092329e+00 1 
    0.377342 6.031136e+21 1.056392e+00 1 
    0.377608 5.519799e+21 9.654668e-01 1 
    0.377874 5.062518e+21 8.842377e-01 1 
    0.378140 5.948977e+21 1.037609e+00 1 
    0.378406 7.325130e+21 1.275839e+00 1 
    0.378672 6.868827e+21 1.194683e+00 1 
    0.378938 5.871012e+21 1.019702e+00 1 
    0.379204 4.938504e+21 8.565369e-01 1 
    0.379470 5.589850e+21 9.681480e-01 1 
    0.379736 5.522749e+21 9.551865e-01 1 
    0.380002 5.172465e+21 8.933512e-01 1 
    0.380268 5.951008e+21 1.026378e+00 1 
    0.380534 6.915474e+21 1.191054e+00 1 
    0.380800 6.523827e+21 1.122031e+00 1 
    0.381066 6.850847e+21 1.176631e+00 1 
    0.381332 6.901470e+21 1.183672e+00 1 
    0.381598 6.695020e+21 1.146664e+00 1 
    0.381864 6.847950e+21 1.171223e+00 1 
    0.382130 6.318561e+21 1.079176e+00 1 
    0.382396 5.193425e+21 8.857755e-01 1 
    0.382662 4.471109e+21 7.615194e-01 1 
    0.382928 4.704517e+21 8.001608e-01 1 
    0.383194 4.259919e+21 7.235364e-01 1 
    0.383460 4.506872e+21 7.644191e-01 1 
    0.383726 4.898632e+21 8.297148e-01 1 
    0.383992 5.099310e+21 8.625089e-01 1 
    0.384258 5.847937e+21 9.877641e-01 1 
    0.384525 6.959586e+21 1.173899e+00 1 
    0.384791 6.649412e+21 1.120031e+00 1 
    0.385057 7.393113e+21 1.243580e+00 1 
    0.385323 8.202524e+21 1.377825e+00 1 
    0.385589 8.545302e+21 1.433424e+00 1 
    0.385855 8.058077e+21 1.349832e+00 1 
    0.386121 7.891359e+21 1.320084e+00 1 
    0.386387 8.577942e+21 1.432961e+00 1 
    0.386653 8.911062e+21 1.486562e+00 1 
    0.386919 9.092831e+21 1.514801e+00 1 
    0.387185 8.606533e+21 1.431817e+00 1 
    0.387451 7.362448e+21 1.223165e+00 1 
    0.387717 6.603203e+21 1.095523e+00 1 
    0.387983 6.522859e+21 1.080710e+00 1 
    0.388249 6.589091e+21 1.090188e+00 1 
    0.388515 5.837538e+21 9.645186e-01 1 
    0.388781 5.410680e+21 8.927671e-01 1 
    0.389047 5.593154e+21 9.216141e-01 1 
    0.389313 6.602754e+21 1.086485e+00 1 
    0.389579 6.712750e+21 1.103077e+00 1 
    0.389845 6.965558e+21 1.143058e+00 1 
    0.390111 7.333961e+21 1.201873e+00 1 
    0.390377 7.000217e+21 1.145617e+00 1 
    0.390643 7.020047e+21 1.147298e+00 1 
    0.390909 7.987096e+21 1.303569e+00 1 
    0.391175 8.807425e+21 1.435500e+00 1 
    0.391441 8.184137e+21 1.332100e+00 1 
    0.391707 6.942630e+21 1.128490e+00 1 
    0.391974 6.827635e+21 1.108287e+00 1 
    0.392240 7.080689e+21 1.147805e+00 1 
    0.392506 7.414479e+21 1.200285e+00 1 
    0.392772 6.928107e+21 1.120031e+00 1 
    0.393038 5.755265e+21 9.291648e-01 1 
    0.393304 4.818290e+21 7.768420e-01 1 
    0.393570 4.799540e+21 7.727733e-01 1 
    0.393836 5.304847e+21 8.529793e-01 1 
    0.394102 6.479719e+21 1.040484e+00 1 
    0.394368 7.286729e+21 1.168492e+00 1 
    0.394634 7.512752e+21 1.203113e+00 1 
    0.394900 7.963767e+21 1.273623e+00 1 
    0.395166 7.691522e+21 1.228428e+00 1 
    0.395432 7.456406e+21 1.189275e+00 1 
    0.395698 7.184384e+21 1.144348e+00 1 
    0.395964 7.842705e+21 1.247530e+00 1 
    0.396230 8.304006e+21 1.319135e+00 1 
    0.396496 7.089303e+21 1.124663e+00 1 
    0.396762 6.352967e+21 1.006498e+00 1 
    0.397028 5.645897e+21 8.932790e-01 1 
    0.397294 5.887999e+21 9.303367e-01 1 
    0.397560 6.574181e+21 1.037368e+00 1 
    0.397826 6.736046e+21 1.061488e+00 1 
    0.398092 7.032398e+21 1.106708e+00 1 
    0.398358 7.757080e+21 1.219123e+00 1 
    0.398624 8.351578e+21 1.310805e+00 1 
    0.398890 8.590291e+21 1.346474e+00 1 
    0.399156 8.984796e+21 1.406434e+00 1 
    0.399422 9.345421e+21 1.460937e+00 1 
    0.399689 9.707606e+21 1.515529e+00 1 
    0.399955 9.507383e+21 1.482297e+00 1 
    0.400221 9.036679e+21 1.407037e+00 1 
    0.400487 8.783429e+21 1.365789e+00 1 
    0.400753 9.285550e+21 1.441951e+00 1 
    0.401019 9.880884e+21 1.532366e+00 1 
    0.401285 9.987441e+21 1.546838e+00 1 
    0.401551 8.995720e+21 1.391397e+00 1 
    0.401817 9.013164e+21 1.392250e+00 1 
    0.402083 1.018451e+22 1.571105e+00 1 
    0.402349 9.526983e+21 1.467729e+00 1 
    0.402615 8.842668e+21 1.360504e+00 1 
    0.402881 9.552514e+21 1.467779e+00 1 
    0.403147 9.277755e+21 1.423680e+00 1 
    0.403413 9.794457e+21 1.500987e+00 1 
    0.403679 9.173951e+21 1.404043e+00 1 
    0.403945 9.918820e+21 1.516045e+00 1 
    0.404211 9.937955e+21 1.516971e+00 1 
    0.404477 9.714982e+21 1.480985e+00 1 
    0.404743 9.033063e+21 1.375222e+00 1 
    0.405009 1.004518e+22 1.527302e+00 1 
    0.405275 9.548941e+21 1.449947e+00 1 
    0.405541 9.846661e+21 1.493193e+00 1 
    0.405807 9.974932e+21 1.510662e+00 1 
    0.406073 9.008286e+21 1.362481e+00 1 
    0.406339 8.796212e+21 1.328664e+00 1 
    0.406605 8.904154e+21 1.343209e+00 1 
    0.406871 9.282915e+21 1.398516e+00 1 
    0.407137 9.831377e+21 1.479209e+00 1 
    0.407404 9.970539e+21 1.498182e+00 1 
    0.407670 9.448928e+21 1.417952e+00 1 
    0.407936 9.651144e+21 1.446409e+00 1 
    0.408202 9.559068e+21 1.430743e+00 1 
    0.408468 9.699155e+21 1.449821e+00 1 
    0.408734 1.024384e+22 1.529247e+00 1 
    0.409000 9.405123e+21 1.402214e+00 1 
    0.409266 9.011071e+21 1.341719e+00 1 
    0.409532 8.572224e+21 1.274718e+00 1 
    0.409798 7.688771e+21 1.141862e+00 1 
    0.410064 7.173428e+21 1.063947e+00 1 
    0.410330 7.686710e+21 1.138598e+00 1 
    0.410596 8.474864e+21 1.253718e+00 1 
    0.410862 7.922192e+21 1.170442e+00 1 
    0.411128 8.993858e+21 1.327054e+00 1 
    0.411394 8.612168e+21 1.269092e+00 1 
    0.411660 8.598809e+21 1.265486e+00 1 
    0.411926 9.167389e+21 1.347422e+00 1 
    0.412192 9.973439e+21 1.464004e+00 1 
    0.412458 9.761791e+21 1.431088e+00 1 
    0.412724 1.000403e+22 1.464711e+00 1 
    0.412990 1.013956e+22 1.482643e+00 1 
    0.413256 1.044242e+22 1.524963e+00 1 
    0.413522 1.007065e+22 1.468780e+00 1 
    0.413788 1.051048e+22 1.530957e+00 1 
    0.414054 1.018736e+22 1.481986e+00 1 
    0.414320 9.905478e+21 1.439130e+00 1 
    0.414586 9.758182e+21 1.415912e+00 1 
    0.414852 1.043145e+22 1.511662e+00 1 
    0.415119 9.946874e+21 1.439587e+00 1 
    0.415385 1.051199e+22 1.519427e+00 1 
    0.415651 1.125592e+22 1.624875e+00 1 
    0.415917 1.081490e+22 1.559214e+00 1 
    0.416183 1.014159e+22 1.460273e+00 1 
    0.416449 1.071654e+22 1.541088e+00 1 
    0.416715 1.118453e+22 1.606335e+00 1 
    0.416981 1.016983e+22 1.458739e+00 1 
    0.417247 1.066071e+22 1.527201e+00 1 
    0.417513 1.012240e+22 1.448238e+00 1 
    0.417779 1.073276e+22 1.533610e+00 1 
    0.418045 1.052774e+22 1.502399e+00 1 
    0.418311 1.016439e+22 1.448702e+00 1 
    0.418577 1.017407e+22 1.448239e+00 1 
    0.418843 1.070611e+22 1.522038e+00 1 
    0.419109 1.097882e+22 1.558827e+00 1 
    0.419375 1.165853e+22 1.653238e+00 1 
    0.419641 1.117857e+22 1.583167e+00 1 
    0.419907 1.059177e+22 1.498162e+00 1 
    0.420173 1.079715e+22 1.525279e+00 1 
    0.420439 1.012907e+22 1.429091e+00 1 
    0.420705 1.118139e+22 1.575567e+00 1 
    0.420971 1.178935e+22 1.659136e+00 1 
    0.421237 1.059363e+22 1.488978e+00 1 
    0.421503 1.116311e+22 1.567040e+00 1 
    0.421769 1.051614e+22 1.474360e+00 1 
    0.422035 9.321334e+21 1.305201e+00 1 
    0.422301 1.022875e+22 1.430457e+00 1 
    0.422567 1.072536e+22 1.498018e+00 1 
    0.422834 1.033628e+22 1.441853e+00 1 
    0.423100 1.064414e+22 1.482931e+00 1 
    0.423366 1.051535e+22 1.463147e+00 1 
    0.423632 1.117339e+22 1.552758e+00 1 
    0.423898 1.131943e+22 1.571080e+00 1 
    0.424164 1.049615e+22 1.454986e+00 1 
    0.424430 1.095279e+22 1.516383e+00 1 
    0.424696 1.003266e+22 1.387255e+00 1 
    0.424962 1.048911e+22 1.448555e+00 1 
    0.425228 1.052097e+22 1.451138e+00 1 
    0.425494 1.080138e+22 1.487952e+00 1 
    0.425760 1.085155e+22 1.492995e+00 1 
    0.426026 1.078621e+22 1.482154e+00 1 
    0.426292 1.114373e+22 1.529371e+00 1 
    0.426558 1.134891e+22 1.555587e+00 1 
    0.426824 1.083396e+22 1.483153e+00 1 
    0.427090 1.126890e+22 1.540774e+00 1 
    0.427356 1.106563e+22 1.511099e+00 1 
    0.427622 1.070356e+22 1.459838e+00 1 
    0.427888 1.078556e+22 1.469194e+00 1 
    0.428154 1.047699e+22 1.425387e+00 1 
    0.428420 1.023648e+22 1.390937e+00 1 
    0.428686 1.026392e+22 1.392935e+00 1 
    0.428952 9.730039e+21 1.318845e+00 1 
    0.429218 9.648346e+21 1.306151e+00 1 
    0.429484 1.010954e+22 1.366891e+00 1 
    0.429750 1.064546e+22 1.437571e+00 1 
    0.430016 1.011780e+22 1.364625e+00 1 
    0.430282 9.846728e+21 1.326423e+00 1 
    0.430549 9.790998e+21 1.317280e+00 1 
    0.430815 9.700660e+21 1.303515e+00 1 
    0.431081 9.970792e+21 1.338161e+00 1 
    0.431347 9.979648e+21 1.337698e+00 1 
    0.431613 1.030243e+22 1.379263e+00 1 
    0.431879 1.088819e+22 1.455888e+00 1 
    0.432145 1.122817e+22 1.499499e+00 1 
    0.432411 1.136182e+22 1.515482e+00 1 
    0.432677 1.076149e+22 1.433644e+00 1 
    0.432943 1.111165e+22 1.478474e+00 1 
    0.433209 1.078908e+22 1.433791e+00 1 
    0.433475 1.050515e+22 1.394346e+00 1 
    0.433741 1.063273e+22 1.409549e+00 1 
    0.434007 1.136931e+22 1.505348e+00 1 
    0.434273 1.156177e+22 1.528957e+00 1 
    0.434539 1.106351e+22 1.461274e+00 1 
    0.434805 1.039464e+22 1.371250e+00 1 
    0.435071 1.034763e+22 1.363381e+00 1 
    0.435337 1.097533e+22 1.444318e+00 1 
    0.435603 1.156431e+22 1.519968e+00 1 
    0.435869 1.178185e+22 1.546671e+00 1 
    0.436135 1.204951e+22 1.579879e+00 1 
    0.436401 1.224803e+22 1.603951e+00 1 
    0.436667 1.243061e+22 1.625879e+00 1 
    0.436933 1.209850e+22 1.580514e+00 1 
    0.437199 1.179617e+22 1.539144e+00 1 
    0.437465 1.108571e+22 1.444685e+00 1 
    0.437731 1.083733e+22 1.410600e+00 1 
    0.437997 1.135201e+22 1.475798e+00 1 
    0.438264 1.164520e+22 1.512070e+00 1 
    0.438530 1.139858e+22 1.478253e+00 1 
    0.438796 1.175606e+22 1.522766e+00 1 
    0.439062 1.129010e+22 1.460638e+00 1 
    0.439328 1.162715e+22 1.502423e+00 1 
    0.439594 1.178452e+22 1.520915e+00 1 
    0.439860 1.228378e+22 1.583433e+00 1 
    0.440126 1.173661e+22 1.511072e+00 1 
    0.440392 1.093857e+22 1.406625e+00 1 
    0.440658 1.134863e+22 1.457594e+00 1 
    0.440924 1.191197e+22 1.528103e+00 1 
    0.441190 1.185847e+22 1.519406e+00 1 
    0.441456 1.167897e+22 1.494604e+00 1 
    0.441722 1.185240e+22 1.514972e+00 1 
    0.441988 1.189378e+22 1.518432e+00 1 
    0.442254 1.249622e+22 1.593424e+00 1 
    0.442520 1.270887e+22 1.618592e+00 1 
    0.442786 1.295629e+22 1.648122e+00 1 
    0.443052 1.245372e+22 1.582291e+00 1 
    0.443318 1.230818e+22 1.561923e+00 1 
    0.443584 1.271855e+22 1.612064e+00 1 
    0.443850 1.269763e+22 1.607484e+00 1 
    0.444116 1.224194e+22 1.547938e+00 1 
    0.444382 1.271709e+22 1.606096e+00 1 
    0.444648 1.290731e+22 1.628169e+00 1 
    0.444914 1.272184e+22 1.602855e+00 1 
    0.445180 1.331247e+22 1.675266e+00 1 
    0.445446 1.304518e+22 1.639670e+00 1 
    0.445712 1.303418e+22 1.636332e+00 1 
    0.445979 1.282960e+22 1.608721e+00 1 
    0.446245 1.282351e+22 1.606041e+00 1 
    0.446511 1.261112e+22 1.577560e+00 1 
    0.446777 1.316747e+22 1.645195e+00 1 
    0.447043 1.360662e+22 1.698040e+00 1 
    0.447309 1.329268e+22 1.656890e+00 1 
    0.447575 1.347288e+22 1.677356e+00 1 
    0.447841 1.326965e+22 1.650093e+00 1 
    0.448107 1.370129e+22 1.701745e+00 1 
    0.448373 1.388999e+22 1.723136e+00 1 
    0.448639 1.292610e+22 1.601658e+00 1 
    0.448905 1.346843e+22 1.666881e+00 1 
    0.449171 1.377117e+22 1.702330e+00 1 
    0.449437 1.383346e+22 1.708007e+00 1 
    0.449703 1.369357e+22 1.688736e+00 1 
    0.449969 1.384211e+22 1.705036e+00 1 
    0.450235 1.431375e+22 1.761048e+00 1 
    0.450501 1.418752e+22 1.743458e+00 1 
    0.450767 1.398395e+22 1.716414e+00 1 
    0.451033 1.415170e+22 1.734955e+00 1 
    0.451299 1.348853e+22 1.651704e+00 1 
    0.451565 1.305464e+22 1.596691e+00 1 
    0.451831 1.321043e+22 1.613843e+00 1 
    0.452097 1.330985e+22 1.624076e+00 1 
    0.452363 1.363757e+22 1.662109e+00 1 
    0.452629 1.299415e+22 1.581829e+00 1 
    0.452895 1.387947e+22 1.687618e+00 1 
    0.453161 1.387291e+22 1.684841e+00 1 
    0.453428 1.289822e+22 1.564623e+00 1 
    0.453694 1.354235e+22 1.640833e+00 1 
    0.453960 1.337221e+22 1.618321e+00 1 
    0.454226 1.390327e+22 1.680620e+00 1 
    0.454492 1.389050e+22 1.677111e+00 1 
    0.454758 1.319563e+22 1.591351e+00 1 
    0.455024 1.266759e+22 1.525885e+00 1 
    0.455290 1.289301e+22 1.551224e+00 1 
    0.455556 1.382080e+22 1.660910e+00 1 
    0.455822 1.378925e+22 1.655185e+00 1 
    0.456088 1.404697e+22 1.684154e+00 1 
    0.456354 1.455774e+22 1.743358e+00 1 
    0.456620 1.464092e+22 1.751277e+00 1 
    0.456886 1.483927e+22 1.772937e+00 1 
    0.457152 1.460238e+22 1.742604e+00 1 
    0.457418 1.403010e+22 1.672363e+00 1 
    0.457684 1.471476e+22 1.751936e+00 1 
    0.457950 1.495478e+22 1.778444e+00 1 
    0.458216 1.474284e+22 1.751205e+00 1 
    0.458482 1.419525e+22 1.684205e+00 1 
    0.458748 1.426374e+22 1.690369e+00 1 
    0.459014 1.444084e+22 1.709373e+00 1 
    0.459280 1.512050e+22 1.787753e+00 1 
    0.459546 1.431713e+22 1.690809e+00 1 
    0.459812 1.384978e+22 1.633724e+00 1 
    0.460078 1.403909e+22 1.654142e+00 1 
    0.460344 1.344649e+22 1.582487e+00 1 
    0.460610 1.378950e+22 1.620982e+00 1 
    0.460876 1.439121e+22 1.689762e+00 1 
    0.461143 1.469825e+22 1.723816e+00 1 
    0.461409 1.517173e+22 1.777295e+00 1 
    0.461675 1.564607e+22 1.830749e+00 1 
    0.461941 1.520341e+22 1.776905e+00 1 
    0.462207 1.450425e+22 1.693240e+00 1 
    0.462473 1.495366e+22 1.743698e+00 1 
    0.462739 1.381076e+22 1.608576e+00 1 
    0.463005 1.491123e+22 1.734757e+00 1 
    0.463271 1.563494e+22 1.816864e+00 1 
    0.463537 1.514451e+22 1.757855e+00 1 
    0.463803 1.504842e+22 1.744698e+00 1 
    0.464069 1.430936e+22 1.657110e+00 1 
    0.464335 1.455009e+22 1.683058e+00 1 
    0.464601 1.490605e+22 1.722260e+00 1 
    0.464867 1.518131e+22 1.752057e+00 1 
    0.465133 1.531113e+22 1.765019e+00 1 
    0.465399 1.465663e+22 1.687640e+00 1 
    0.465665 1.512968e+22 1.740120e+00 1 
    0.465931 1.407556e+22 1.617034e+00 1 
    0.466197 1.547724e+22 1.776033e+00 1 
    0.466463 1.541605e+22 1.766994e+00 1 
    0.466729 1.416170e+22 1.621371e+00 1 
    0.466995 1.419703e+22 1.623564e+00 1 
    0.467261 1.533319e+22 1.751499e+00 1 
    0.467527 1.451809e+22 1.656505e+00 1 
    0.467793 1.483797e+22 1.691077e+00 1 
    0.468059 1.521526e+22 1.732106e+00 1 
    0.468325 1.565316e+22 1.779933e+00 1 
    0.468591 1.518895e+22 1.725187e+00 1 
    0.468858 1.519718e+22 1.724157e+00 1 
    0.469124 1.562120e+22 1.770254e+00 1 
    0.469390 1.637051e+22 1.853067e+00 1 
    0.469656 1.562843e+22 1.767063e+00 1 
    0.469922 1.559695e+22 1.761508e+00 1 
    0.470188 1.590639e+22 1.794424e+00 1 
    0.470454 1.539662e+22 1.734952e+00 1 
    0.470720 1.457028e+22 1.639982e+00 1 
    0.470986 1.562433e+22 1.756636e+00 1 
    0.471252 1.530289e+22 1.718556e+00 1 
    0.471518 1.674366e+22 1.878237e+00 1 
    0.471784 1.638400e+22 1.835820e+00 1 
    0.472050 1.565670e+22 1.752349e+00 1 
    0.472316 1.604745e+22 1.794060e+00 1 
    0.472582 1.560191e+22 1.742288e+00 1 
    0.472848 1.562057e+22 1.742410e+00 1 
    0.473114 1.451486e+22 1.617252e+00 1 
    0.473380 1.538561e+22 1.712345e+00 1 
    0.473646 1.496415e+22 1.663569e+00 1 
    0.473912 1.489978e+22 1.654554e+00 1 
    0.474178 1.544807e+22 1.713515e+00 1 
    0.474444 1.557448e+22 1.725600e+00 1 
    0.474710 1.653351e+22 1.829805e+00 1 
    0.474976 1.625386e+22 1.796841e+00 1 
    0.475242 1.643953e+22 1.815333e+00 1 
    0.475508 1.605218e+22 1.770577e+00 1 
    0.475774 1.531807e+22 1.687715e+00 1 
    0.476040 1.554419e+22 1.710715e+00 1 
    0.476306 1.556778e+22 1.711397e+00 1 
    0.476573 1.518225e+22 1.667146e+00 1 
    0.476839 1.485402e+22 1.629284e+00 1 
    0.477105 1.532446e+22 1.679012e+00 1 
    0.477371 1.592593e+22 1.742967e+00 1 
    0.477637 1.487058e+22 1.625655e+00 1 
    0.477903 1.501923e+22 1.640079e+00 1 
    0.478169 1.564909e+22 1.706958e+00 1 
    0.478435 1.569267e+22 1.709809e+00 1 
    0.478701 1.471081e+22 1.601049e+00 1 
    0.478967 1.506558e+22 1.637838e+00 1 
    0.479233 1.542783e+22 1.675359e+00 1 
    0.479499 1.519744e+22 1.648510e+00 1 
    0.479765 1.627339e+22 1.763264e+00 1 
    0.480031 1.553036e+22 1.680890e+00 1 
    0.480297 1.534137e+22 1.658597e+00 1 
    0.480563 1.456965e+22 1.573421e+00 1 
    0.480829 1.595516e+22 1.721140e+00 1 
    0.481095 1.594953e+22 1.718631e+00 1 
    0.481361 1.674561e+22 1.802419e+00 1 
    0.481627 1.673988e+22 1.799812e+00 1 
    0.481893 1.660457e+22 1.783293e+00 1 
    0.482159 1.529160e+22 1.640472e+00 1 
    0.482425 1.514456e+22 1.622906e+00 1 
    0.482691 1.588870e+22 1.700773e+00 1 
    0.482957 1.584402e+22 1.694123e+00 1 
    0.483223 1.532450e+22 1.636770e+00 1 
    0.483489 1.515435e+22 1.616816e+00 1 
    0.483755 1.579012e+22 1.682794e+00 1 
    0.484021 1.561547e+22 1.662353e+00 1 
    0.484288 1.573895e+22 1.673651e+00 1 
    0.484554 1.583056e+22 1.681545e+00 1 
    0.484820 1.566632e+22 1.662273e+00 1 
    0.485086 1.470036e+22 1.558070e+00 1 
    0.485352 1.531895e+22 1.621854e+00 1 
    0.485618 1.622155e+22 1.715534e+00 1 
    0.485884 1.820591e+22 1.923285e+00 1 
    0.486150 1.799520e+22 1.898945e+00 1 
    0.486416 1.946989e+22 2.052316e+00 1 
    0.486682 1.869036e+22 1.967994e+00 1 
    0.486948 1.738582e+22 1.828632e+00 1 
    0.487214 1.612175e+22 1.693827e+00 1 
    0.487480 1.578649e+22 1.656794e+00 1 
    0.487746 1.647909e+22 1.727596e+00 1 
    0.488012 1.615669e+22 1.691952e+00 1 
    0.488278 1.476126e+22 1.544136e+00 1 
    0.488544 1.618192e+22 1.690904e+00 1 
    0.488810 1.637344e+22 1.709056e+00 1 
    0.489076 1.534186e+22 1.599638e+00 1 
    0.489342 1.544206e+22 1.608336e+00 1 
    0.489608 1.558227e+22 1.621176e+00 1 
    0.489874 1.633228e+22 1.697362e+00 1 
    0.490140 1.688582e+22 1.752985e+00 1 
    0.490406 1.687807e+22 1.750281e+00 1 
    0.490672 1.620844e+22 1.679017e+00 1 
    0.490938 1.630560e+22 1.687252e+00 1 
    0.491204 1.535946e+22 1.587628e+00 1 
    0.491470 1.666353e+22 1.720558e+00 1 
    0.491736 1.590890e+22 1.640864e+00 1 
    0.492003 1.620421e+22 1.669509e+00 1 
    0.492269 1.565382e+22 1.611061e+00 1 
    0.492535 1.505506e+22 1.547763e+00 1 
    0.492801 1.634508e+22 1.678574e+00 1 
    0.493067 1.735002e+22 1.779854e+00 1 
    0.493333 1.677102e+22 1.718604e+00 1 
    0.493599 1.632357e+22 1.670948e+00 1 
    0.493865 1.677267e+22 1.715071e+00 1 
    0.494131 1.685777e+22 1.721918e+00 1 
    0.494397 1.758225e+22 1.793986e+00 1 
    0.494663 1.802547e+22 1.837233e+00 1 
    0.494929 1.788740e+22 1.821201e+00 1 
    0.495195 1.806283e+22 1.837087e+00 1 
    0.495461 1.889185e+22 1.919340e+00 1 
    0.495727 1.966091e+22 1.995331e+00 1 
    0.495993 1.966928e+22 1.994040e+00 1 
    0.496259 1.887240e+22 1.911203e+00 1 
    0.496525 1.864795e+22 1.886450e+00 1 
    0.496791 1.827759e+22 1.847004e+00 1 
    0.497057 1.728660e+22 1.744993e+00 1 
    0.497323 1.743365e+22 1.757955e+00 1 
    0.497589 1.697654e+22 1.710031e+00 1 
    0.497855 1.658186e+22 1.668491e+00 1 
    0.498121 1.720290e+22 1.729133e+00 1 
    0.498387 1.668259e+22 1.675045e+00 1 
    0.498653 1.680267e+22 1.685303e+00 1 
    0.498919 1.734561e+22 1.737905e+00 1 
    0.499185 1.723315e+22 1.724797e+00 1 
    0.499451 1.801841e+22 1.801471e+00 1 
    0.499718 1.882874e+22 1.880476e+00 1 
    0.499984 2.051186e+22 2.046394e+00 1 
    0.500250 2.202300e+22 2.194819e+00 1 
    0.500516 2.488896e+22 2.477806e+00 1 
    0.500782 2.572634e+22 2.558451e+00 1 
    0.501048 2.524356e+22 2.507774e+00 1 
    0.501314 2.238514e+22 2.221450e+00 1 
    0.501580 1.929130e+22 1.912395e+00 1 
    0.501846 1.833551e+22 1.815719e+00 1 
    0.502112 1.728408e+22 1.709785e+00 1 
    0.502378 1.691063e+22 1.671071e+00 1 
    0.502644 1.712698e+22 1.690660e+00 1 
    0.502910 1.672014e+22 1.648754e+00 1 
    0.503176 1.684296e+22 1.659109e+00 1 
    0.503442 1.687414e+22 1.660425e+00 1 
    0.503708 1.644409e+22 1.616399e+00 1 
    0.503974 1.727060e+22 1.695850e+00 1 
    0.504240 1.744060e+22 1.710737e+00 1 
    0.504506 1.655169e+22 1.621833e+00 1 
    0.504772 1.703088e+22 1.667028e+00 1 
    0.505038 1.736653e+22 1.698093e+00 1 
    0.505304 1.831597e+22 1.789044e+00 1 
    0.505570 1.785634e+22 1.742314e+00 1 
    0.505836 1.741496e+22 1.697460e+00 1 
    0.506102 1.725988e+22 1.680576e+00 1 
    0.506368 1.761819e+22 1.713662e+00 1 
    0.506634 1.790752e+22 1.739976e+00 1 
    0.506900 1.774460e+22 1.722337e+00 1 
    0.507166 1.828638e+22 1.773062e+00 1 
    0.507433 1.777734e+22 1.721892e+00 1 
    0.507699 1.750238e+22 1.693484e+00 1 
    0.507965 1.734252e+22 1.676259e+00 1 
    0.508231 1.726127e+22 1.666659e+00 1 
    0.508497 1.779793e+22 1.716679e+00 1 
    0.508763 1.869019e+22 1.800856e+00 1 
    0.509029 1.764358e+22 1.698236e+00 1 
    0.509295 1.760628e+22 1.692876e+00 1 
    0.509561 1.765359e+22 1.695654e+00 1 
    0.509827 1.756818e+22 1.685689e+00 1 
    0.510093 1.724820e+22 1.653261e+00 1 
    0.510359 1.712446e+22 1.639691e+00 1 
    0.510625 1.689295e+22 1.615838e+00 1 
    0.510891 1.755643e+22 1.677552e+00 1 
    0.511157 1.695804e+22 1.618690e+00 1 
    0.511423 1.764080e+22 1.682109e+00 1 
    0.511689 1.770647e+22 1.686616e+00 1 
    0.511955 1.865151e+22 1.774790e+00 1 
    0.512221 1.712945e+22 1.628265e+00 1 
    0.512487 1.722576e+22 1.635721e+00 1 
    0.512753 1.717096e+22 1.628826e+00 1 
    0.513019 1.714971e+22 1.625123e+00 1 
    0.513285 1.777233e+22 1.682379e+00 1 
    0.513551 1.732030e+22 1.637890e+00 1 
    0.513817 1.707957e+22 1.613453e+00 1 
    0.514083 1.729064e+22 1.631702e+00 1 
    0.514349 1.768276e+22 1.666981e+00 1 
    0.514615 1.743355e+22 1.641789e+00 1 
    0.514882 1.773076e+22 1.668048e+00 1 
    0.515148 1.805837e+22 1.697114e+00 1 
    0.515414 1.835626e+22 1.723329e+00 1 
    0.515680 1.895349e+22 1.777564e+00 1 
    0.515946 1.868180e+22 1.750276e+00 1 
    0.516212 1.866723e+22 1.747109e+00 1 
    0.516478 1.739422e+22 1.626289e+00 1 
    0.516744 1.547790e+22 1.445631e+00 1 
    0.517010 1.633283e+22 1.523912e+00 1 
    0.517276 1.593716e+22 1.485467e+00 1 
    0.517542 1.682987e+22 1.567061e+00 1 
    0.517808 1.701743e+22 1.582898e+00 1 
    0.518074 1.613033e+22 1.498843e+00 1 
    0.518340 1.866320e+22 1.732420e+00 1 
    0.518606 1.694697e+22 1.571496e+00 1 
    0.518872 1.763267e+22 1.633405e+00 1 
    0.519138 1.858566e+22 1.719922e+00 1 
    0.519404 1.994591e+22 1.843910e+00 1 
    0.519670 1.815708e+22 1.676822e+00 1 
    0.519936 1.975096e+22 1.822154e+00 1 
    0.520202 1.950629e+22 1.797741e+00 1 
    0.520468 1.880619e+22 1.731447e+00 1 
    0.520734 1.741800e+22 1.602002e+00 1 
    0.521000 1.813321e+22 1.666079e+00 1 
    0.521266 1.816049e+22 1.666883e+00 1 
    0.521532 1.901284e+22 1.743338e+00 1 
    0.521798 1.829972e+22 1.676239e+00 1 
    0.522064 1.812455e+22 1.658503e+00 1 
    0.522330 1.877150e+22 1.715953e+00 1 
    0.522597 1.914600e+22 1.748400e+00 1 
    0.522863 1.814369e+22 1.655184e+00 1 
    0.523129 1.807527e+22 1.647265e+00 1 
    0.523395 1.916599e+22 1.744892e+00 1 
    0.523661 1.849379e+22 1.681985e+00 1 
    0.523927 1.964824e+22 1.785166e+00 1 
    0.524193 1.829142e+22 1.660204e+00 1 
    0.524459 1.991898e+22 1.806095e+00 1 
    0.524725 1.845095e+22 1.671290e+00 1 
    0.524991 1.881404e+22 1.702451e+00 1 
    0.525257 1.839541e+22 1.662885e+00 1 
    0.525523 1.838464e+22 1.660229e+00 1 
    0.525789 1.787446e+22 1.612525e+00 1 
    0.526055 1.814532e+22 1.635305e+00 1 
    0.526321 1.803054e+22 1.623318e+00 1 
    0.526587 1.761318e+22 1.584141e+00 1 
    0.526853 1.735548e+22 1.559388e+00 1 
    0.527119 1.738170e+22 1.560168e+00 1 
    0.527385 1.736121e+22 1.556757e+00 1 
    0.527651 1.735452e+22 1.554589e+00 1 
    0.527917 1.912864e+22 1.711785e+00 1 
    0.528183 2.043646e+22 1.826978e+00 1 
    0.528449 1.985224e+22 1.772963e+00 1 
    0.528715 1.917232e+22 1.710519e+00 1 
    0.528981 1.969432e+22 1.755324e+00 1 
    0.529247 2.066337e+22 1.839843e+00 1 
    0.529513 2.063430e+22 1.835409e+00 1 
    0.529779 2.062405e+22 1.832656e+00 1 
    0.530045 1.916022e+22 1.700872e+00 1 
    0.530312 2.097732e+22 1.860303e+00 1 
    0.530578 2.031058e+22 1.799369e+00 1 
    0.530844 2.143980e+22 1.897507e+00 1 
    0.531110 2.095123e+22 1.852409e+00 1 
    0.531376 1.969344e+22 1.739459e+00 1 
    0.531642 2.073948e+22 1.830020e+00 1 
    0.531908 2.052614e+22 1.809384e+00 1 
    0.532174 2.083911e+22 1.835136e+00 1 
    0.532440 2.007925e+22 1.766455e+00 1 
    0.532706 2.005968e+22 1.762971e+00 1 
    0.532972 2.031337e+22 1.783486e+00 1 
    0.533238 1.915450e+22 1.680061e+00 1 
    0.533504 1.948559e+22 1.707398e+00 1 
    0.533770 2.073358e+22 1.814940e+00 1 
    0.534036 2.021793e+22 1.768040e+00 1 
    0.534302 1.991123e+22 1.739486e+00 1 
    0.534568 2.076855e+22 1.812578e+00 1 
    0.534834 2.074423e+22 1.808655e+00 1 
    0.535100 2.022894e+22 1.761975e+00 1 
    0.535366 1.974674e+22 1.718266e+00 1 
    0.535632 1.924562e+22 1.672998e+00 1 
    0.535898 2.065769e+22 1.793965e+00 1 
    0.536164 2.121038e+22 1.840135e+00 1 
    0.536430 2.093908e+22 1.814797e+00 1 
    0.536696 1.956810e+22 1.694293e+00 1 
    0.536962 2.191747e+22 1.895831e+00 1 
    0.537228 2.094166e+22 1.809632e+00 1 
    0.537494 2.112582e+22 1.823739e+00 1 
    0.537760 2.020825e+22 1.742802e+00 1 
    0.538027 2.042450e+22 1.759704e+00 1 
    0.538293 2.011946e+22 1.731710e+00 1 
    0.538559 2.046973e+22 1.760119e+00 1 
    0.538825 2.104558e+22 1.807848e+00 1 
    0.539091 2.010450e+22 1.725304e+00 1 
    0.539357 2.083794e+22 1.786482e+00 1 
    0.539623 2.097342e+22 1.796325e+00 1 
    0.539889 2.065241e+22 1.767088e+00 1 
    0.540155 2.058156e+22 1.759292e+00 1 
    0.540421 1.950968e+22 1.666027e+00 1 
    0.540687 2.109364e+22 1.799517e+00 1 
    0.540953 2.038371e+22 1.737244e+00 1 
    0.541219 2.082241e+22 1.772888e+00 1 
    0.541485 2.139111e+22 1.819521e+00 1 
    0.541751 2.062568e+22 1.752691e+00 1 
    0.542017 2.191676e+22 1.860574e+00 1 
    0.542283 2.101325e+22 1.782123e+00 1 
    0.542549 2.062094e+22 1.747137e+00 1 
    0.542815 2.131846e+22 1.804465e+00 1 
    0.543081 2.146181e+22 1.814820e+00 1 
    0.543347 2.198323e+22 1.857092e+00 1 
    0.543613 2.171694e+22 1.832801e+00 1 
    0.543879 2.138478e+22 1.803004e+00 1 
    0.544145 2.192637e+22 1.846859e+00 1 
    0.544411 2.114464e+22 1.779274e+00 1 
    0.544677 2.101982e+22 1.767044e+00 1 
    0.544943 2.169686e+22 1.822179e+00 1 
    0.545209 2.135100e+22 1.791384e+00 1 
    0.545475 2.182296e+22 1.829197e+00 1 
    0.545742 2.122161e+22 1.777052e+00 1 
    0.546008 2.219815e+22 1.857014e+00 1 
    0.546274 2.159360e+22 1.804680e+00 1 
    0.546540 2.180898e+22 1.820907e+00 1 
    0.546806 2.139704e+22 1.784776e+00 1 
    0.547072 2.124771e+22 1.770596e+00 1 
    0.547338 2.061751e+22 1.716411e+00 1 
    0.547604 2.147332e+22 1.785922e+00 1 
    0.547870 2.210821e+22 1.836940e+00 1 
    0.548136 2.229522e+22 1.850681e+00 1 
    0.548402 2.168755e+22 1.798494e+00 1 
    0.548668 2.222678e+22 1.841423e+00 1 
    0.548934 2.239169e+22 1.853289e+00 1 
    0.549200 2.303984e+22 1.905087e+00 1 
    0.549466 2.233484e+22 1.845006e+00 1 
    0.549732 2.281732e+22 1.883038e+00 1 
    0.549998 2.274603e+22 1.875339e+00 1 
    0.550264 2.248201e+22 1.851780e+00 1 
    0.550530 2.148759e+22 1.768163e+00 1 
    0.550796 2.116843e+22 1.740218e+00 1 
    0.551062 2.207766e+22 1.813212e+00 1 
    0.551328 2.184094e+22 1.792040e+00 1 
    0.551594 2.142124e+22 1.755909e+00 1 
    0.551860 2.252337e+22 1.844472e+00 1 
    0.552126 2.268000e+22 1.855509e+00 1 
    0.552392 2.297640e+22 1.877948e+00 1 
    0.552658 2.297914e+22 1.876365e+00 1 
    0.552924 2.255089e+22 1.839624e+00 1 
    0.553190 2.193852e+22 1.787949e+00 1 
    0.553457 2.089942e+22 1.701621e+00 1 
    0.553723 2.165815e+22 1.761703e+00 1 
    0.553989 2.281946e+22 1.854383e+00 1 
    0.554255 2.243834e+22 1.821663e+00 1 
    0.554521 2.252357e+22 1.826828e+00 1 
    0.554787 2.321540e+22 1.881135e+00 1 
    0.555053 2.264627e+22 1.833261e+00 1 
    0.555319 2.337804e+22 1.890686e+00 1 
    0.555585 2.369385e+22 1.914393e+00 1 
    0.555851 2.390157e+22 1.929328e+00 1 
    0.556117 2.338819e+22 1.886083e+00 1 
    0.556383 2.249366e+22 1.812211e+00 1 
    0.556649 2.326860e+22 1.872853e+00 1 
    0.556915 2.180831e+22 1.753641e+00 1 
    0.557181 2.239204e+22 1.798861e+00 1 
    0.557447 2.263503e+22 1.816646e+00 1 
    0.557713 2.323792e+22 1.863255e+00 1 
    0.557979 2.308369e+22 1.849124e+00 1 
    0.558245 2.276931e+22 1.822202e+00 1 
    0.558511 2.308233e+22 1.845494e+00 1 
    0.558777 2.303936e+22 1.840305e+00 1 
    0.559043 2.258288e+22 1.802127e+00 1 
    0.559309 2.195926e+22 1.750695e+00 1 
    0.559575 2.127721e+22 1.694707e+00 1 
    0.559841 2.240705e+22 1.783002e+00 1 
    0.560107 2.380687e+22 1.892591e+00 1 
    0.560373 2.326474e+22 1.847737e+00 1 
    0.560639 2.306790e+22 1.830366e+00 1 
    0.560905 2.292906e+22 1.817624e+00 1 
    0.561172 2.340889e+22 1.853895e+00 1 
    0.561438 2.384587e+22 1.886714e+00 1 
    0.561704 2.342956e+22 1.852020e+00 1 
    0.561970 2.352858e+22 1.858087e+00 1 
    0.562236 2.340511e+22 1.846587e+00 1 
    0.562502 2.412861e+22 1.901869e+00 1 
    0.562768 2.410843e+22 1.898483e+00 1 
    0.563034 2.349049e+22 1.848074e+00 1 
    0.563300 2.383880e+22 1.873705e+00 1 
    0.563566 2.330252e+22 1.829826e+00 1 
    0.563832 2.272483e+22 1.782780e+00 1 
    0.564098 2.337483e+22 1.832044e+00 1 
    0.564364 2.362900e+22 1.850219e+00 1 
    0.564630 2.307418e+22 1.805073e+00 1 
    0.564896 2.317635e+22 1.811359e+00 1 
    0.565162 2.298227e+22 1.794500e+00 1 
    0.565428 2.397180e+22 1.870004e+00 1 
    0.565694 2.440358e+22 1.901896e+00 1 
    0.565960 2.305692e+22 1.795255e+00 1 
    0.566226 2.298495e+22 1.787971e+00 1 
    0.566492 2.297583e+22 1.785584e+00 1 
    0.566758 2.347784e+22 1.822885e+00 1 
    0.567024 2.434604e+22 1.888521e+00 1 
    0.567290 2.542837e+22 1.970628e+00 1 
    0.567556 2.584904e+22 2.001351e+00 1 
    0.567822 2.457842e+22 1.901191e+00 1 
    0.568088 2.382809e+22 1.841427e+00 1 
    0.568354 2.435185e+22 1.880141e+00 1 
    0.568620 2.578718e+22 1.989097e+00 1 
    0.568887 2.521315e+22 1.942994e+00 1 
    0.569153 2.462503e+22 1.895899e+00 1 
    0.569419 2.553400e+22 1.964045e+00 1 
    0.569685 2.187667e+22 1.681156e+00 1 
    0.569951 1.956656e+22 1.502228e+00 1 
    0.570217 1.964296e+22 1.506687e+00 1 
    0.570483 2.219903e+22 1.701159e+00 1 
    0.570749 2.117149e+22 1.620905e+00 1 
    0.571015 2.201781e+22 1.684130e+00 1 
    0.571281 2.360694e+22 1.804000e+00 1 
    0.571547 2.334300e+22 1.782170e+00 1 
    0.571813 2.422078e+22 1.847466e+00 1 
    0.572079 2.432548e+22 1.853728e+00 1 
    0.572345 2.366745e+22 1.801906e+00 1 
    0.572611 2.409721e+22 1.832921e+00 1 
    0.572877 2.512343e+22 1.909205e+00 1 
    0.573143 2.553057e+22 1.938344e+00 1 
    0.573409 2.385029e+22 1.809094e+00 1 
    0.573675 2.381199e+22 1.804514e+00 1 
    0.573941 2.448765e+22 1.853997e+00 1 
    0.574207 2.474710e+22 1.871905e+00 1 
    0.574473 2.503311e+22 1.891786e+00 1 
    0.574739 2.495078e+22 1.883819e+00 1 
    0.575005 2.513183e+22 1.895734e+00 1 
    0.575271 2.427412e+22 1.829342e+00 1 
    0.575537 2.443992e+22 1.840135e+00 1 
    0.575803 2.664101e+22 2.004008e+00 1 
    0.576069 2.519738e+22 1.893663e+00 1 
    0.576336 2.599684e+22 1.951936e+00 1 
    0.576602 2.466192e+22 1.849997e+00 1 
    0.576868 2.467818e+22 1.849510e+00 1 
    0.577134 2.330113e+22 1.744697e+00 1 
    0.577400 2.285655e+22 1.709833e+00 1 
    0.577666 2.333694e+22 1.744161e+00 1 
    0.577932 2.261646e+22 1.688758e+00 1 
    0.578198 2.382934e+22 1.777687e+00 1 
    0.578464 2.280129e+22 1.699430e+00 1 
    0.578730 2.359314e+22 1.756832e+00 1 
    0.578996 2.345076e+22 1.744625e+00 1 
    0.579262 2.502606e+22 1.860111e+00 1 
    0.579528 2.319498e+22 1.722430e+00 1 
    0.579794 2.384451e+22 1.769039e+00 1 
    0.580060 2.549082e+22 1.889445e+00 1 
    0.580326 2.535595e+22 1.877727e+00 1 
    0.580592 2.520073e+22 1.864522e+00 1 
    0.580858 2.567571e+22 1.897925e+00 1 
    0.581124 2.413087e+22 1.782099e+00 1 
    0.581390 2.663976e+22 1.965584e+00 1 
    0.581656 2.592644e+22 1.911204e+00 1 
    0.581922 2.527068e+22 1.861160e+00 1 
    0.582188 2.524081e+22 1.857262e+00 1 
    0.582454 2.645433e+22 1.944778e+00 1 
    0.582720 2.562101e+22 1.881797e+00 1 
    0.582986 2.670157e+22 1.959373e+00 1 
    0.583252 2.600679e+22 1.906649e+00 1 
    0.583518 2.576375e+22 1.887109e+00 1 
    0.583784 2.607157e+22 1.907916e+00 1 
    0.584051 2.828903e+22 2.068297e+00 1 
    0.584317 2.544504e+22 1.858671e+00 1 
    0.584583 2.534035e+22 1.849340e+00 1 
    0.584849 2.602336e+22 1.897459e+00 1 
    0.585115 2.582597e+22 1.881354e+00 1 
    0.585381 2.441604e+22 1.777028e+00 1 
    0.585647 2.395240e+22 1.741701e+00 1 
    0.585913 2.426526e+22 1.762849e+00 1 
    0.586179 2.453368e+22 1.780733e+00 1 
    0.586445 2.504345e+22 1.816085e+00 1 
    0.586711 2.520136e+22 1.825879e+00 1 
    0.586977 2.571900e+22 1.861694e+00 1 
    0.587243 2.645888e+22 1.913517e+00 1 
    0.587509 2.747151e+22 1.984952e+00 1 
    0.587775 2.780082e+22 2.006928e+00 1 
    0.588041 2.740745e+22 1.976742e+00 1 
    0.588307 2.649738e+22 1.909376e+00 1 
    0.588573 2.494365e+22 1.795791e+00 1 
    0.588839 2.339081e+22 1.682475e+00 1 
    0.589105 2.227960e+22 1.601100e+00 1 
    0.589371 2.201366e+22 1.580561e+00 1 
    0.589637 2.221151e+22 1.593328e+00 1 
    0.589903 2.421481e+22 1.735467e+00 1 
    0.590169 2.371199e+22 1.697898e+00 1 
    0.590435 2.528599e+22 1.808974e+00 1 
    0.590701 2.670361e+22 1.908671e+00 1 
    0.590967 2.554891e+22 1.824494e+00 1 
    0.591233 2.650724e+22 1.891227e+00 1 
    0.591499 2.681718e+22 1.911620e+00 1 
    0.591766 2.449965e+22 1.744843e+00 1 
    0.592032 2.450696e+22 1.743795e+00 1 
    0.592298 2.590395e+22 1.841543e+00 1 
    0.592564 2.553173e+22 1.813452e+00 1 
    0.592830 2.537887e+22 1.800978e+00 1 
    0.593096 2.556248e+22 1.812381e+00 1 
    0.593362 2.670530e+22 1.891710e+00 1 
    0.593628 2.682599e+22 1.898556e+00 1 
    0.593894 2.520441e+22 1.782194e+00 1 
    0.594160 2.441275e+22 1.724671e+00 1 
    0.594426 2.530102e+22 1.785825e+00 1 
    0.594692 2.587715e+22 1.824856e+00 1 
    0.594958 2.687926e+22 1.893830e+00 1 
    0.595224 2.593074e+22 1.825368e+00 1 
    0.595490 2.556628e+22 1.798105e+00 1 
    0.595756 2.701972e+22 1.898631e+00 1 
    0.596022 2.558770e+22 1.796400e+00 1 
    0.596288 2.647439e+22 1.856993e+00 1 
    0.596554 2.624145e+22 1.839013e+00 1 
    0.596820 2.523105e+22 1.766628e+00 1 
    0.597086 2.565337e+22 1.794598e+00 1 
    0.597352 2.628348e+22 1.837040e+00 1 
    0.597618 2.579332e+22 1.801177e+00 1 
    0.597884 2.537454e+22 1.770357e+00 1 
    0.598150 2.607240e+22 1.817428e+00 1 
    0.598416 2.693799e+22 1.876096e+00 1 
    0.598682 2.625605e+22 1.826979e+00 1 
    0.598948 2.532301e+22 1.760490e+00 1 
    0.599214 2.652899e+22 1.842694e+00 1 
    0.599481 2.647918e+22 1.837596e+00 1 
    0.599747 2.686566e+22 1.862764e+00 1 
    0.600013 2.664367e+22 1.845734e+00 1 
    0.600279 2.705557e+22 1.872608e+00 1 
    0.600545 2.714333e+22 1.877018e+00 1 
    0.600811 2.549836e+22 1.761704e+00 1 
    0.601077 2.643719e+22 1.824952e+00 1 
    0.601343 2.668810e+22 1.840643e+00 1 
    0.601609 2.643522e+22 1.821591e+00 1 
    0.601875 2.506572e+22 1.725695e+00 1 
    0.602141 2.490369e+22 1.713025e+00 1 
    0.602407 2.613388e+22 1.796058e+00 1 
    0.602673 2.661718e+22 1.827658e+00 1 
    0.602939 2.794901e+22 1.917415e+00 1 
    0.603205 2.850686e+22 1.953961e+00 1 
    0.603471 2.766643e+22 1.894684e+00 1 
    0.603737 2.723433e+22 1.863449e+00 1 
    0.604003 2.720239e+22 1.859625e+00 1 
    0.604269 2.719818e+22 1.857700e+00 1 
    0.604535 2.652201e+22 1.809923e+00 1 
    0.604801 2.711459e+22 1.848735e+00 1 
    0.605067 2.809696e+22 1.914030e+00 1 
    0.605333 2.802430e+22 1.907403e+00 1 
    0.605599 2.818652e+22 1.916759e+00 1 
    0.605865 2.784122e+22 1.891616e+00 1 
    0.606131 2.687509e+22 1.824372e+00 1 
    0.606397 2.734735e+22 1.854802e+00 1 
    0.606663 2.748569e+22 1.862551e+00 1 
    0.606929 2.867681e+22 1.941563e+00 1 
    0.607196 2.764810e+22 1.870268e+00 1 
    0.607462 2.964491e+22 2.003587e+00 1 
    0.607728 3.053175e+22 2.061720e+00 1 
    0.607994 2.926821e+22 1.974668e+00 1 
    0.608260 2.766991e+22 1.865201e+00 1 
    0.608526 2.484136e+22 1.673068e+00 1 
    0.608792 2.685843e+22 1.807338e+00 1 
    0.609058 2.847386e+22 1.914368e+00 1 
    0.609324 2.610928e+22 1.753859e+00 1 
    0.609590 2.504049e+22 1.680597e+00 1 
    0.609856 2.585297e+22 1.733613e+00 1 
    0.610122 2.711994e+22 1.816987e+00 1 
    0.610388 2.739181e+22 1.833603e+00 1 
    0.610654 2.552652e+22 1.707252e+00 1 
    0.610920 2.642053e+22 1.765506e+00 1 
    0.611186 2.870677e+22 1.916611e+00 1 
    0.611452 2.894763e+22 1.931011e+00 1 
    0.611718 2.968968e+22 1.978788e+00 1 
    0.611984 3.013114e+22 2.006466e+00 1 
    0.612250 3.236181e+22 2.153137e+00 1 
    0.612516 2.722765e+22 1.809972e+00 1 
    0.612782 2.743692e+22 1.822300e+00 1 
    0.613048 2.858092e+22 1.896635e+00 1 
    0.613314 2.926386e+22 1.940270e+00 1 
    0.613580 2.822562e+22 1.869810e+00 1 
    0.613846 3.044842e+22 2.015312e+00 1 
    0.614112 2.831365e+22 1.872393e+00 1 
    0.614378 2.876445e+22 1.900558e+00 1 
    0.614644 3.127056e+22 2.064357e+00 1 
    0.614911 2.844158e+22 1.875969e+00 1 
    0.615177 2.801590e+22 1.846294e+00 1 
    0.615443 2.823810e+22 1.859329e+00 1 
    0.615709 2.882099e+22 1.896070e+00 1 
    0.615975 2.920952e+22 1.919971e+00 1 
    0.616241 2.777681e+22 1.824221e+00 1 
    0.616507 3.115995e+22 2.044642e+00 1 
    0.616773 3.059895e+22 2.006098e+00 1 
    0.617039 2.881994e+22 1.887836e+00 1 
    0.617305 2.931683e+22 1.918730e+00 1 
    0.617571 3.212717e+22 2.100850e+00 1 
    0.617837 3.145491e+22 2.055119e+00 1 
    0.618103 3.077474e+22 2.008950e+00 1 
    0.618369 3.014230e+22 1.965972e+00 1 
    0.618635 2.804429e+22 1.827561e+00 1 
    0.618901 2.801304e+22 1.823956e+00 1 
    0.619167 2.695216e+22 1.753374e+00 1 
    0.619433 2.727107e+22 1.772597e+00 1 
    0.619699 2.763026e+22 1.794402e+00 1 
    0.619965 2.795250e+22 1.813772e+00 1 
    0.620231 2.812982e+22 1.823713e+00 1 
    0.620497 2.823859e+22 1.829195e+00 1 
    0.620763 2.896073e+22 1.874366e+00 1 
    0.621029 2.743365e+22 1.774011e+00 1 
    0.621295 2.631344e+22 1.700115e+00 1 
    0.621561 2.749200e+22 1.774742e+00 1 
    0.621827 2.808517e+22 1.811483e+00 1 
    0.622093 2.962183e+22 1.908964e+00 1 
    0.622359 2.830466e+22 1.822521e+00 1 
    0.622626 2.702649e+22 1.738728e+00 1 
    0.622892 2.714018e+22 1.744551e+00 1 
    0.623158 2.799378e+22 1.797884e+00 1 
    0.623424 2.805565e+22 1.800320e+00 1 
    0.623690 2.717367e+22 1.742237e+00 1 
    0.623956 2.684239e+22 1.719530e+00 1 
    0.624222 2.768673e+22 1.772107e+00 1 
    0.624488 2.763490e+22 1.767283e+00 1 
    0.624754 2.634030e+22 1.683058e+00 1 
    0.625020 2.756600e+22 1.759877e+00 1 
    0.625286 2.668310e+22 1.702062e+00 1 
    0.625552 2.809347e+22 1.790503e+00 1 
    0.625818 2.769498e+22 1.763606e+00 1 
    0.626084 2.582534e+22 1.643151e+00 1 
    0.626350 2.723007e+22 1.731056e+00 1 
    0.626616 2.924282e+22 1.857431e+00 1 
    0.626882 2.835858e+22 1.799738e+00 1 
    0.627148 2.821090e+22 1.788848e+00 1 
    0.627414 2.770223e+22 1.755104e+00 1 
    0.627680 2.740166e+22 1.734590e+00 1 
    0.627946 2.656202e+22 1.680014e+00 1 
    0.628212 2.659070e+22 1.680404e+00 1 
    0.628478 3.037229e+22 1.917758e+00 1 
    0.628744 2.991527e+22 1.887303e+00 1 
    0.629010 3.021115e+22 1.904358e+00 1 
    0.629276 2.912841e+22 1.834556e+00 1 
    0.629542 3.112412e+22 1.958593e+00 1 
    0.629808 3.018944e+22 1.898170e+00 1 
    0.630074 3.399119e+22 2.135402e+00 1 
    0.630341 3.229884e+22 2.027366e+00 1 
    0.630607 3.310540e+22 2.076241e+00 1 
    0.630873 3.004543e+22 1.882743e+00 1 
    0.631139 2.997038e+22 1.876457e+00 1 
    0.631405 2.860294e+22 1.789332e+00 1 
    0.631671 3.123085e+22 1.952083e+00 1 
    0.631937 2.979187e+22 1.860573e+00 1 
    0.632203 3.123585e+22 1.949111e+00 1 
    0.632469 3.036648e+22 1.893269e+00 1 
    0.632735 3.092589e+22 1.926526e+00 1 
    0.633001 2.632045e+22 1.638253e+00 1 
    0.633267 2.936464e+22 1.826196e+00 1 
    0.633533 2.921758e+22 1.815525e+00 1 
    0.633799 2.929314e+22 1.818692e+00 1 
    0.634065 2.869326e+22 1.779954e+00 1 
    0.634331 2.887890e+22 1.789968e+00 1 
    0.634597 2.902981e+22 1.797813e+00 1 
    0.634863 2.742210e+22 1.696825e+00 1 
    0.635129 2.855715e+22 1.765580e+00 1 
    0.635395 3.050891e+22 1.884671e+00 1 
    0.635661 2.972882e+22 1.834945e+00 1 
    0.635927 2.866689e+22 1.767920e+00 1 
    0.636193 2.837852e+22 1.748672e+00 1 
    0.636459 2.989612e+22 1.840647e+00 1 
    0.636725 2.923752e+22 1.798594e+00 1 
    0.636991 3.080707e+22 1.893565e+00 1 
    0.637257 3.144574e+22 1.931208e+00 1 
    0.637523 3.105907e+22 1.905870e+00 1 
    0.637790 3.096260e+22 1.898360e+00 1 
    0.638056 2.980962e+22 1.826145e+00 1 
    0.638322 2.898347e+22 1.774055e+00 1 
    0.638588 3.022945e+22 1.848780e+00 1 
    0.638854 3.150897e+22 1.925429e+00 1 
    0.639120 3.091631e+22 1.887641e+00 1 
    0.639386 2.990249e+22 1.824222e+00 1 
    0.639652 3.091385e+22 1.884352e+00 1 
    0.639918 3.222809e+22 1.962828e+00 1 
    0.640184 3.258479e+22 1.982904e+00 1 
    0.640450 3.187579e+22 1.938148e+00 1 
    0.640716 3.119124e+22 1.894951e+00 1 
    0.640982 3.096308e+22 1.879529e+00 1 
    0.641248 3.118603e+22 1.891492e+00 1 
    0.641514 3.111421e+22 1.885571e+00 1 
    0.641780 3.015423e+22 1.825880e+00 1 
    0.642046 3.029480e+22 1.832873e+00 1 
    0.642312 3.071932e+22 1.857018e+00 1 
    0.642578 3.054148e+22 1.844739e+00 1 
    0.642844 3.114286e+22 1.879506e+00 1 
    0.643110 3.104136e+22 1.871831e+00 1 
    0.643376 3.163156e+22 1.905844e+00 1 
    0.643642 3.192685e+22 1.922046e+00 1 
    0.643908 3.171549e+22 1.907745e+00 1 
    0.644174 3.178670e+22 1.910449e+00 1 
    0.644440 3.168353e+22 1.902677e+00 1 
    0.644706 3.055572e+22 1.833435e+00 1 
    0.644972 3.097107e+22 1.856825e+00 1 
    0.645238 3.210127e+22 1.922998e+00 1 
    0.645505 3.056222e+22 1.829288e+00 1 
    0.645771 3.113413e+22 1.861985e+00 1 
    0.646037 3.095144e+22 1.849535e+00 1 
    0.646303 3.111282e+22 1.857648e+00 1 
    0.646569 3.197769e+22 1.907716e+00 1 
    0.646835 3.093273e+22 1.843859e+00 1 
    0.647101 3.132798e+22 1.865884e+00 1 
    0.647367 3.000680e+22 1.785727e+00 1 
    0.647633 2.967582e+22 1.764579e+00 1 
    0.647899 3.116786e+22 1.851778e+00 1 
    0.648165 3.239680e+22 1.923213e+00 1 
    0.648431 3.049123e+22 1.808605e+00 1 
    0.648697 2.998430e+22 1.777079e+00 1 
    0.648963 3.123289e+22 1.849562e+00 1 
    0.649229 3.107939e+22 1.838963e+00 1 
    0.649495 3.211575e+22 1.898728e+00 1 
    0.649761 3.131636e+22 1.849952e+00 1 
    0.650027 3.127926e+22 1.846249e+00 1 
    0.650293 3.007297e+22 1.773596e+00 1 
    0.650559 3.137225e+22 1.848710e+00 1 
    0.650825 2.987476e+22 1.759026e+00 1 
    0.651091 3.216529e+22 1.892346e+00 1 
    0.651357 3.276976e+22 1.926334e+00 1 
    0.651623 3.239750e+22 1.902896e+00 1 
    0.651889 3.104734e+22 1.822106e+00 1 
    0.652155 3.206776e+22 1.880457e+00 1 
    0.652421 3.276299e+22 1.919659e+00 1 
    0.652687 3.357293e+22 1.965512e+00 1 
    0.652953 3.051445e+22 1.785000e+00 1 
    0.653220 3.059101e+22 1.788016e+00 1 
    0.653486 3.185454e+22 1.860352e+00 1 
    0.653752 3.297605e+22 1.924283e+00 1 
    0.654018 3.380226e+22 1.970892e+00 1 
    0.654284 3.815770e+22 2.223034e+00 1 
    0.654550 3.998427e+22 2.327555e+00 1 
    0.654816 4.226071e+22 2.458072e+00 1 
    0.655082 4.453370e+22 2.588176e+00 1 
    0.655348 4.884938e+22 2.836688e+00 1 
    0.655614 5.669921e+22 3.289857e+00 1 
    0.655880 6.404903e+22 3.713302e+00 1 
    0.656146 6.741098e+22 3.905046e+00 1 
    0.656412 7.024375e+22 4.065848e+00 1 
    0.656678 7.372559e+22 4.263927e+00 1 
    0.656944 6.805571e+22 3.932822e+00 1 
    0.657210 5.640600e+22 3.256967e+00 1 
    0.657476 4.991886e+22 2.880058e+00 1 
    0.657742 5.126519e+22 2.955343e+00 1 
    0.658008 5.859451e+22 3.375134e+00 1 
    0.658274 6.132571e+22 3.529601e+00 1 
    0.658540 6.354866e+22 3.654589e+00 1 
    0.658806 6.320569e+22 3.631930e+00 1 
    0.659072 5.701891e+22 3.273781e+00 1 
    0.659338 4.567914e+22 2.620584e+00 1 
    0.659604 3.651925e+22 2.093398e+00 1 
    0.659870 3.307812e+22 1.894613e+00 1 
    0.660136 3.359309e+22 1.922558e+00 1 
    0.660402 3.351834e+22 1.916735e+00 1 
    0.660668 3.163039e+22 1.807317e+00 1 
    0.661615 3.238780e+22 1.845301e+00 0 
    0.663140 3.307080e+22 1.875559e+00 0 
    0.664669 3.345908e+22 1.888859e+00 0 
    0.666201 3.346395e+22 1.880455e+00 0 
    0.667737 3.385671e+22 1.893784e+00 0 
    0.669276 3.362877e+22 1.872393e+00 0 
    0.670819 3.386710e+22 1.876998e+00 0 
    0.672366 3.205149e+22 1.768207e+00 0 
    0.673915 3.379973e+22 1.856092e+00 0 
    0.675469 3.326453e+22 1.818306e+00 0 
    0.677026 3.435970e+22 1.869541e+00 0 
    0.678587 3.508462e+22 1.900212e+00 0 
    0.680151 3.389849e+22 1.827537e+00 0 
    0.681719 3.469376e+22 1.861817e+00 0 
    0.683291 3.518189e+22 1.879335e+00 0 
    0.684866 3.360353e+22 1.786776e+00 0 
    0.686445 3.399800e+22 1.799444e+00 0 
    0.688027 3.455590e+22 1.820571e+00 0 
    0.689613 3.520362e+22 1.846175e+00 0 
    0.691203 3.545337e+22 1.850729e+00 0 
    0.692796 3.521471e+22 1.829826e+00 0 
    0.694393 3.662647e+22 1.894440e+00 0 
    0.695994 3.638008e+22 1.873049e+00 0 
    0.697598 3.792577e+22 1.943660e+00 0 
    0.699206 3.810700e+22 1.943976e+00 0 
    0.700818 3.724555e+22 1.891299e+00 0 
    0.702434 3.648717e+22 1.844275e+00 0 
    0.704053 3.838918e+22 1.931500e+00 0 
    0.705676 4.029767e+22 2.018207e+00 0 
    0.707303 3.667317e+22 1.828243e+00 0 
    0.708934 3.762021e+22 1.866835e+00 0 
    0.710568 3.676985e+22 1.816256e+00 0 
    0.712206 3.677553e+22 1.808190e+00 0 
    0.713848 3.480419e+22 1.703400e+00 0 
    0.715493 3.553895e+22 1.731372e+00 0 
    0.717142 3.538146e+22 1.715781e+00 0 
    0.718796 3.587942e+22 1.731931e+00 0 
    0.720453 3.672096e+22 1.764408e+00 0 
    0.722113 3.819353e+22 1.826737e+00 0 
    0.723778 3.908938e+22 1.860992e+00 0 
    0.725447 4.009848e+22 1.900260e+00 0 
    0.727119 3.910240e+22 1.844543e+00 0 
    0.728795 3.956156e+22 1.857629e+00 0 
    0.730475 4.143300e+22 1.936565e+00 0 
    0.732159 4.163109e+22 1.936883e+00 0 
    0.733847 4.163810e+22 1.928307e+00 0 
    0.735539 4.281167e+22 1.973546e+00 0 
    0.737234 4.184439e+22 1.920096e+00 0 
    0.738934 4.352204e+22 1.987900e+00 0 
    0.740637 4.373046e+22 1.988244e+00 0 
    0.742344 4.225256e+22 1.912226e+00 0 
    0.744056 4.394678e+22 1.979759e+00 0 
    0.745771 4.477186e+22 2.007662e+00 0 
    0.747490 4.550687e+22 2.031246e+00 0 
    0.749213 4.520144e+22 2.008344e+00 0 
    0.750941 4.615539e+22 2.041302e+00 0 
    0.752672 4.680571e+22 2.060553e+00 0 
    0.754407 4.724686e+22 2.070418e+00 0 
    0.756145 4.682152e+22 2.042358e+00 0 
    0.757889 4.586940e+22 1.991628e+00 0 
    0.759636 4.556138e+22 1.969166e+00 0 
    0.761387 4.525518e+22 1.946945e+00 0 
    0.763142 4.568193e+22 1.956276e+00 0 
    0.764901 4.611289e+22 1.965660e+00 0 
    0.766665 4.394389e+22 1.864591e+00 0 
    0.768432 4.518276e+22 1.908351e+00 0 
    0.770204 4.467329e+22 1.878161e+00 0 
    0.771979 4.468104e+22 1.869859e+00 0 
    0.773759 4.562473e+22 1.900576e+00 0 
    0.775542 4.337871e+22 1.798715e+00 0 
    0.777330 4.585153e+22 1.892515e+00 0 
    0.779122 4.607083e+22 1.892830e+00 0 
    0.780918 4.607920e+22 1.884476e+00 0 
    0.782718 4.770675e+22 1.942073e+00 0 
    0.784522 4.684467e+22 1.898219e+00 0 
    0.786331 4.772419e+22 1.924971e+00 0 
    0.788144 4.751293e+22 1.907643e+00 0 
    0.789961 4.851681e+22 1.938998e+00 0 
    0.791782 4.698619e+22 1.869199e+00 0 
    0.793607 4.753842e+22 1.882479e+00 0 
    0.795436 4.614520e+22 1.818916e+00 0 
    0.797270 4.821729e+22 1.891857e+00 0 
    0.799108 4.957710e+22 1.936273e+00 0 
    0.800950 4.879316e+22 1.896901e+00 0 
    0.802796 5.110176e+22 1.977524e+00 0 
    0.804647 5.242237e+22 2.019307e+00 0 
    0.806502 5.231100e+22 2.005758e+00 0 
    0.808361 5.077786e+22 1.938028e+00 0 
    0.810225 4.906329e+22 1.863983e+00 0 
    0.812093 5.233971e+22 1.979321e+00 0 
    0.813964 5.198907e+22 1.957033e+00 0 
    0.815841 5.164064e+22 1.934982e+00 0 
    0.817722 5.224871e+22 1.948770e+00 0 
    0.819607 4.990620e+22 1.852847e+00 0 
    0.821496 5.360825e+22 1.981149e+00 0 
    0.823390 5.276095e+22 1.940876e+00 0 
    0.825288 5.449956e+22 1.995622e+00 0 
    0.827190 5.577990e+22 2.033123e+00 0 
    0.829097 5.352517e+22 1.941976e+00 0 
    0.831009 5.415479e+22 1.955788e+00 0 
    0.832924 5.281070e+22 1.898487e+00 0 
    0.834845 5.294213e+22 1.894463e+00 0 
    0.836769 5.519265e+22 1.965923e+00 0 
    0.838698 5.357558e+22 1.899556e+00 0 
    0.840631 5.433088e+22 1.917487e+00 0 
    0.842569 5.599240e+22 1.967046e+00 0 
    0.844511 5.131097e+22 1.794304e+00 0 
    0.846458 5.448694e+22 1.896610e+00 0 
    0.848410 5.615322e+22 1.945627e+00 0 
    0.850365 5.450795e+22 1.879947e+00 0 
    0.852325 5.254673e+22 1.803980e+00 0 
    0.854290 5.465435e+22 1.867714e+00 0 
    0.856260 5.619662e+22 1.911593e+00 0 
    0.858233 5.659698e+22 1.916370e+00 0 
    0.860212 5.621847e+22 1.894805e+00 0 
    0.862195 5.558548e+22 1.864862e+00 0 
    0.864183 5.728578e+22 1.913074e+00 0 
    0.866174 5.612182e+22 1.865597e+00 0 
    0.868172 5.510778e+22 1.823467e+00 0 
    0.870173 5.601460e+22 1.844958e+00 0 
    0.872179 5.693520e+22 1.866663e+00 0 
    0.874190 5.935638e+22 1.937100e+00 0 
    0.876205 5.643608e+22 1.833335e+00 0 
    0.878224 5.749589e+22 1.859185e+00 0 
    0.880249 5.898300e+22 1.898507e+00 0 
    0.882278 6.106743e+22 1.956569e+00 0 
    0.884312 6.107957e+22 1.947966e+00 0 
    0.886350 6.109209e+22 1.939416e+00 0 
    0.888394 5.768567e+22 1.822859e+00 0 
    0.890442 5.986281e+22 1.882965e+00 0 
    0.892494 6.070706e+22 1.900750e+00 0 
    0.894552 6.184878e+22 1.927598e+00 0 
    0.896614 5.962355e+22 1.849709e+00 0 
    0.898681 5.991053e+22 1.850071e+00 0 
    0.900753 5.964735e+22 1.833480e+00 0 
    0.902829 5.619288e+22 1.719360e+00 0 
    0.904910 6.542854e+22 1.992751e+00 0 
    0.906996 6.278437e+22 1.903431e+00 0 
    0.909087 5.955812e+22 1.797325e+00 0 
    0.911183 6.295496e+22 1.891103e+00 0 
    0.913283 6.578367e+22 1.966997e+00 0 
    0.915389 6.254691e+22 1.861620e+00 0 
    0.917499 6.328458e+22 1.874922e+00 0 
    0.919614 6.329753e+22 1.866690e+00 0 
    0.921734 6.272981e+22 1.841447e+00 0 
    0.923859 6.117340e+22 1.787507e+00 0 
    0.925988 6.392258e+22 1.859260e+00 0 
    0.928123 6.633493e+22 1.920559e+00 0 
    0.930263 6.394929e+22 1.842980e+00 0 
    0.932407 6.790838e+22 1.948089e+00 0 
    0.934556 6.823635e+22 1.948505e+00 0 
    0.936711 6.731359e+22 1.913321e+00 0 
    0.938870 6.889613e+22 1.949308e+00 0 
    0.941034 6.780920e+22 1.909741e+00 0 
    0.943204 7.053052e+22 1.977253e+00 0 
    0.945378 6.989907e+22 1.950549e+00 0 
    0.947557 7.237071e+22 2.010243e+00 0 
    0.949742 7.288718e+22 2.015284e+00 0 
    0.951931 7.107952e+22 1.956276e+00 0 
    0.954125 6.963602e+22 1.907743e+00 0 
    0.956325 7.226523e+22 1.970674e+00 0 
    0.958530 7.413454e+22 2.012360e+00 0 
    0.960739 7.347041e+22 1.985172e+00 0 
    0.962954 7.433759e+22 1.999373e+00 0 
    0.965174 7.350227e+22 1.967823e+00 0 
    0.967399 7.402805e+22 1.972793e+00 0 
    0.969629 7.559403e+22 2.005269e+00 0 
    0.971864 7.440104e+22 1.964556e+00 0 
    0.974104 7.373501e+22 1.938026e+00 0 
    0.976350 7.460536e+22 1.951890e+00 0 
    0.978601 7.410779e+22 1.929963e+00 0 
    0.980857 7.655234e+22 1.984465e+00 0 
    0.983118 7.604170e+22 1.962172e+00 0 
    0.985384 7.711633e+22 1.980760e+00 0 
    0.987655 7.713302e+22 1.972088e+00 0 
    0.989933 7.750652e+22 1.972527e+00 0 
    0.992215 7.824113e+22 1.982074e+00 0 
    0.994502 7.916469e+22 1.996258e+00 0 
    0.996794 7.973091e+22 2.001300e+00 0 
    0.999092 7.993214e+22 1.997133e+00 0 
    1.001395 8.124841e+22 2.020694e+00 0 
    1.008337 8.149083e+22 1.998913e+00 0 
    1.012991 8.536947e+22 2.074855e+00 0 
    1.017666 8.580219e+22 2.066257e+00 0 
    1.022364 8.844842e+22 2.110452e+00 0 
    1.027083 9.054983e+22 2.140785e+00 0 
    1.029450 9.140874e+22 2.151165e+00 0 
    1.051006 9.209240e+22 2.079265e+00 0 
    1.070547 9.041192e+22 1.967482e+00 0 
    1.090449 9.337405e+22 1.958447e+00 0 
    1.110722 9.041103e+22 1.827709e+00 0 
    1.128770 9.489014e+22 1.857405e+00 0 
    1.149755 1.007448e+23 1.900678e+00 0 
    1.171132 1.030922e+23 1.874607e+00 0 
    1.190161 9.913414e+22 1.745453e+00 0 
    1.209499 1.042854e+23 1.777907e+00 0 
    1.229152 1.079499e+23 1.782000e+00 0 
    1.249124 1.074548e+23 1.717557e+00 0 
    1.269421 1.091995e+23 1.690074e+00 0 
    1.290047 1.117430e+23 1.674579e+00 0 
    1.311008 1.146096e+23 1.663056e+00 0 
    1.329246 1.135589e+23 1.602902e+00 0 
    1.350845 1.140830e+23 1.559216e+00 0 
    1.369637 1.156703e+23 1.537826e+00 0 
    1.388691 1.130369e+23 1.461859e+00 0 
    1.411255 1.097046e+23 1.373758e+00 0 
    1.430888 1.122602e+23 1.367449e+00 0 
    1.450794 1.178213e+23 1.396075e+00 0 
    1.470976 1.164719e+23 1.342476e+00 0 
    1.491440 1.236595e+23 1.386476e+00 0 
    1.508708 1.291880e+23 1.415495e+00 0 
    1.529697 1.374754e+23 1.465246e+00 0 
    1.550977 1.403540e+23 1.455159e+00 0 
    1.568937 1.406775e+23 1.425313e+00 0 
    1.590763 1.390666e+23 1.370592e+00 0 
    1.609184 1.419795e+23 1.367448e+00 0 
    1.631570 1.466309e+23 1.373759e+00 0 
    1.650461 1.497002e+23 1.370593e+00 0 
    1.669573 1.553195e+23 1.389669e+00 0 
    1.688907 1.600381e+23 1.399292e+00 0 
    1.708463 1.630132e+23 1.392861e+00 0 
    1.728245 1.615198e+23 1.348689e+00 0 
    1.748258 1.600391e+23 1.305905e+00 0 
    1.768502 1.553190e+23 1.238540e+00 0 
    1.788981 1.503922e+23 1.171953e+00 0 
    1.809695 1.446168e+23 1.101297e+00 0 
    1.830650 1.442859e+23 1.073766e+00 0 
    1.851849 1.419785e+23 1.032542e+00 0 
    1.868983 1.368444e+23 9.770407e-01 0 
    1.890625 1.374759e+23 9.592070e-01 0 
    1.908119 1.400319e+23 9.592075e-01 0 
    1.930215 1.403529e+23 9.395209e-01 0 
    1.948074 1.381092e+23 9.076286e-01 0 
    1.970632 1.359012e+23 8.727880e-01 0 
    1.988867 1.343474e+23 8.470602e-01 0 
    2.011895 1.365275e+23 8.412129e-01 0 
    2.030512 1.355899e+23 8.201865e-01 0 
    2.049301 1.384267e+23 8.220623e-01 0 
    2.068261 1.393870e+23 8.126586e-01 0 
    2.092211 1.416503e+23 8.070548e-01 0 
    2.111571 1.436218e+23 8.033512e-01 0 
    2.131108 1.446191e+23 7.941657e-01 0 
    2.150828 1.456223e+23 7.850783e-01 0 
    2.170728 1.446192e+23 7.654406e-01 0 
    2.190814 1.456199e+23 7.566696e-01 0 
    2.211086 1.446165e+23 7.377395e-01 0 
    2.231544 1.445320e+23 7.238518e-01 0 
    2.252193 1.463669e+23 7.196612e-01 0 
    2.267803 1.463932e+23 7.099156e-01 0 
    2.288788 1.355074e+23 6.451318e-01 0 
    2.309964 1.381621e+23 6.457654e-01 0 
    2.331339 1.252533e+23 5.747446e-01 0 
    2.347501 1.201804e+23 5.438996e-01 0 
    2.369220 1.256609e+23 5.583235e-01 0 
    2.391143 1.195520e+23 5.214853e-01 0 
    2.407717 1.168317e+23 5.026274e-01 0 
    2.429996 1.171925e+23 4.949772e-01 0 
    2.452479 1.104577e+23 4.580173e-01 0 
    2.465464 8.718918e+22 3.577352e-01 2 
    2.474828 8.697921e+22 3.541782e-01 2 
    2.484183 8.686635e+22 3.510596e-01 2 
    2.493547 8.749819e+22 3.509622e-01 2 
    2.502912 9.033527e+22 3.596356e-01 2 
    2.512267 9.125844e+22 3.606101e-01 2 
    2.521631 8.959198e+22 3.514006e-01 2 
    2.530995 9.194830e+22 3.579790e-01 2 
    2.540350 9.083252e+22 3.510352e-01 2 
    2.549714 9.468521e+22 3.632416e-01 2 
    2.559069 9.755006e+22 3.715010e-01 2 
    2.568434 9.592595e+22 3.626567e-01 2 
    2.577798 9.419237e+22 3.535203e-01 2 
    2.587153 9.858473e+22 3.673347e-01 2 
    2.596517 9.672449e+22 3.578084e-01 2 
    2.605882 9.829247e+22 3.610000e-01 2 
    2.615237 9.616649e+22 3.506696e-01 2 
    2.624601 1.026639e+23 3.716958e-01 2 
    2.633956 9.968976e+22 3.583686e-01 2 
    2.643320 1.003112e+23 3.580521e-01 2 
    2.652684 9.986140e+22 3.539347e-01 2 
    2.662039 1.030730e+23 3.627543e-01 2 
    2.671404 1.028583e+23 3.594650e-01 2 
    2.680768 1.046478e+23 3.631684e-01 2 
    2.690123 1.017739e+23 3.507428e-01 2 
    2.699487 1.055947e+23 3.613899e-01 2 
    2.708842 1.021702e+23 3.472588e-01 2 
    2.718206 9.913167e+22 3.346140e-01 2 
    2.727571 1.011459e+23 3.390725e-01 2 
    2.736926 1.002456e+23 3.337611e-01 2 
    2.746290 1.006454e+23 3.328110e-01 2 
    2.755655 9.792057e+22 3.216034e-01 2 
    2.765009 9.659987e+22 3.151229e-01 2 
    2.774374 9.686428e+22 3.138557e-01 2 
    2.783728 9.610300e+22 3.092999e-01 2 
    2.793093 9.698691e+22 3.100550e-01 2 
    2.802457 9.634171e+22 3.059376e-01 2 
    2.811812 9.569611e+22 3.018688e-01 2 
    2.821176 9.092307e+22 2.849116e-01 2 
    2.830541 9.222428e+22 2.870799e-01 2 
    2.839896 9.399303e+22 2.906613e-01 2 
    2.849260 9.402705e+22 2.888585e-01 2 
    2.858615 9.209894e+22 2.810863e-01 2 
    2.867979 9.195606e+22 2.788206e-01 2 
    2.877343 9.314794e+22 2.805992e-01 2 
    2.886698 9.290801e+22 2.780654e-01 2 
    2.896063 9.134049e+22 2.716088e-01 2 
    2.905427 9.268259e+22 2.738260e-01 2 
    2.914782 9.000199e+22 2.642022e-01 2 
    2.924146 9.323752e+22 2.719500e-01 2 
    2.933501 8.793357e+22 2.548465e-01 2 
    2.942865 8.638923e+22 2.487799e-01 2 
    2.952230 8.600331e+22 2.460998e-01 2 
    2.961584 8.977094e+22 2.552608e-01 2 
    2.970949 8.891679e+22 2.512406e-01 2 
    2.980313 8.855844e+22 2.486581e-01 2 
    2.989668 8.615347e+22 2.403938e-01 2 
    2.999033 9.057061e+22 2.511431e-01 2 
    3.008387 8.521812e+22 2.348340e-01 2 
    3.017752 8.364902e+22 2.290816e-01 2 
    3.027116 8.683660e+22 2.363421e-01 2 
    3.036471 8.888104e+22 2.404182e-01 2 
    3.045835 8.787944e+22 2.362496e-01 2 
    3.055200 8.706288e+22 2.326217e-01 2 
    3.064555 8.965654e+22 2.380913e-01 2 
    3.073919 8.430320e+22 2.225131e-01 2 
    3.083274 8.620550e+22 2.261555e-01 2 
    3.092638 9.187819e+22 2.395801e-01 2 
    3.102003 9.014463e+22 2.336425e-01 2 
    3.111357 9.293895e+22 2.394388e-01 2 
    3.120722 8.974883e+22 2.298344e-01 2 
    3.130086 9.481349e+22 2.413538e-01 2 
    3.139441 9.370285e+22 2.371071e-01 2 
    3.148805 9.612721e+22 2.417972e-01 2 
    3.158160 9.253579e+22 2.313865e-01 2 
    3.167525 1.006511e+23 2.501929e-01 2 
    3.176889 9.953158e+22 2.459536e-01 2 
    3.186244 1.083205e+23 2.661025e-01 2 
    3.195608 1.079705e+23 2.636906e-01 2 
    3.204973 1.134309e+23 2.754095e-01 2 
    3.214327 1.128021e+23 2.722911e-01 2 
    3.223692 1.233383e+23 2.959971e-01 2 
    3.233046 1.258115e+23 3.001878e-01 2 
    3.242411 1.288522e+23 3.056696e-01 2 
    3.251775 1.315602e+23 3.102988e-01 2 
    3.261130 1.395284e+23 3.272073e-01 2 
    3.270494 1.344585e+23 3.135149e-01 2 
    3.279859 1.417557e+23 3.286447e-01 2 
    3.289213 1.369851e+23 3.157808e-01 2 
    3.298578 1.324515e+23 3.035986e-01 2 
    3.307933 1.289280e+23 2.938531e-01 2 
    3.317297 1.271004e+23 2.880545e-01 2 
    3.326661 1.165431e+23 2.626430e-01 2 
    3.336016 1.184932e+23 2.655422e-01 2 
    3.345381 1.125012e+23 2.507046e-01 2 
    3.354745 1.125711e+23 2.494621e-01 2 
    3.364100 1.096863e+23 2.417192e-01 2 
    3.373464 1.111216e+23 2.435246e-01 2 
    3.382819 1.077836e+23 2.349046e-01 2 
    3.392183 1.165029e+23 2.525076e-01 2 
    3.401548 1.089058e+23 2.347438e-01 2 
    3.410903 1.064744e+23 2.282459e-01 2 
    3.420267 1.068507e+23 2.278001e-01 2 
    3.429631 1.056004e+23 2.239069e-01 2 
    3.438986 1.001221e+23 2.111377e-01 2 
    3.448350 1.081236e+23 2.267745e-01 2 
    3.457705 1.026517e+23 2.141344e-01 2 
    3.467070 1.046927e+23 2.172140e-01 2 
    3.476434 1.025353e+23 2.115932e-01 2 
    3.485789 1.064447e+23 2.184833e-01 2 
    3.495154 1.047834e+23 2.139223e-01 2 
    3.504518 1.029664e+23 2.090910e-01 2 
    3.513872 9.799843e+22 1.979446e-01 2 
    3.523237 9.518911e+22 1.912493e-01 2 
    3.532592 1.000377e+23 1.999277e-01 2 
    3.541956 9.915812e+22 1.971235e-01 2 
    3.551320 9.886875e+22 1.955131e-01 2 
    3.560675 9.897415e+22 1.946944e-01 2 
    3.570040 9.994117e+22 1.955666e-01 2 
    3.579404 1.046015e+23 2.036165e-01 2 
    3.588759 9.687778e+22 1.875997e-01 2 
    3.598123 9.820104e+22 1.891736e-01 2 
    3.607478 9.709138e+22 1.860672e-01 2 
    3.616842 9.451628e+22 1.801955e-01 2 
    3.626207 9.322979e+22 1.768259e-01 2 
    3.635562 9.835200e+22 1.855823e-01 2 
    3.644926 9.439468e+22 1.772011e-01 2 
    3.654291 9.810123e+22 1.832165e-01 2 
    3.663645 9.867889e+22 1.833555e-01 2 
    3.673009 1.000657e+23 1.849855e-01 2 
    3.682364 9.855065e+22 1.812602e-01 2 
    3.691729 1.009378e+23 1.847101e-01 2 
    3.701093 9.476368e+22 1.725355e-01 2 
    3.710448 9.750686e+22 1.766359e-01 2 
    3.719812 9.183168e+22 1.655187e-01 2 
    3.729177 9.674253e+22 1.734954e-01 2 
    3.738531 9.533472e+22 1.701162e-01 2 
    3.747896 9.347739e+22 1.659694e-01 2 
    3.757251 9.837009e+22 1.737877e-01 2 
    3.766615 9.960946e+22 1.751034e-01 2 
    3.775980 9.216881e+22 1.612208e-01 2 
    3.785334 9.733212e+22 1.694120e-01 2 
    3.794699 9.524142e+22 1.649558e-01 2 
    3.804063 9.573186e+22 1.649900e-01 2 
    3.813418 9.192720e+22 1.576564e-01 2 
    3.822782 1.031748e+23 1.760804e-01 2 
    3.832137 9.607126e+22 1.631578e-01 2 
    3.841501 9.130393e+22 1.543064e-01 2 
    3.850866 9.278104e+22 1.560411e-01 2 
    3.860220 9.268795e+22 1.551299e-01 2 
    3.869585 9.211716e+22 1.534293e-01 2 
    3.878949 9.602362e+22 1.591646e-01 2 
    3.888304 9.197371e+22 1.517189e-01 2 
    3.897668 9.426644e+22 1.547547e-01 2 
    3.907024 9.597658e+22 1.568085e-01 2 
    3.916388 9.211289e+22 1.497771e-01 2 
    3.925752 9.422056e+22 1.524742e-01 2 
    3.935107 9.621615e+22 1.549642e-01 2 
    3.944472 9.224400e+22 1.478621e-01 2 
    3.953836 9.748393e+22 1.555221e-01 2 
    3.963190 9.135395e+22 1.450554e-01 2 
    3.972555 1.002946e+23 1.585018e-01 2 
    3.981910 9.737382e+22 1.531637e-01 2 
    3.991274 9.876921e+22 1.546304e-01 2 
    4.000638 9.523995e+22 1.484079e-01 2 
    4.009993 9.872549e+22 1.531223e-01 2 
    4.019357 9.721278e+22 1.500744e-01 2 
    4.028712 1.011382e+23 1.554101e-01 2 
    4.038077 1.025758e+23 1.568890e-01 2 
    4.047441 1.024904e+23 1.560338e-01 2 
    4.056796 9.133753e+22 1.384138e-01 2 
    4.066160 9.748225e+22 1.470459e-01 2 
    4.075525 8.908686e+22 1.337651e-01 2 
    4.084879 9.320147e+22 1.393031e-01 2 
    4.094244 9.058997e+22 1.347811e-01 2 
    4.103608 9.187673e+22 1.360725e-01 2 
    4.112963 8.811674e+22 1.299108e-01 2 
    4.122328 8.891356e+22 1.304906e-01 2 
    4.131682 8.536189e+22 1.247116e-01 2 
    4.141047 8.657013e+22 1.259054e-01 2 
    4.150411 8.631759e+22 1.249722e-01 2 
    4.159766 9.289568e+22 1.338919e-01 2 
    4.169130 9.404455e+22 1.349395e-01 2 
    4.178485 9.001534e+22 1.285805e-01 2 
    4.187850 8.680077e+22 1.234348e-01 2 
    4.197214 8.523093e+22 1.206623e-01 2 
    4.206569 8.765626e+22 1.235445e-01 2 
    4.215933 8.350815e+22 1.171758e-01 2 
    4.225298 8.113609e+22 1.133433e-01 2 
    4.234652 7.877522e+22 1.095596e-01 2 
    4.244017 7.680314e+22 1.063460e-01 2 
    4.253381 7.667940e+22 1.057077e-01 2 
    4.262736 7.824367e+22 1.073912e-01 2 
    4.272100 7.924393e+22 1.082878e-01 2 
    4.281455 7.878195e+22 1.071866e-01 2 
    4.290819 8.249389e+22 1.117475e-01 2 
    4.300184 8.736326e+22 1.178287e-01 2 
    4.309538 8.238429e+22 1.106317e-01 2 
    4.318903 8.294680e+22 1.109045e-01 2 
    4.328258 8.571494e+22 1.141108e-01 2 
    4.337622 8.174295e+22 1.083536e-01 2 
    4.346987 8.096101e+22 1.068552e-01 2 
    4.356341 7.804692e+22 1.025672e-01 2 
    4.365705 7.586366e+22 9.927078e-02 2 
    4.375070 8.142333e+22 1.060902e-01 2 
    4.384425 7.646304e+22 9.920253e-02 2 
    4.393789 7.745010e+22 1.000553e-01 2 
    4.403154 7.823325e+22 1.006376e-01 2 
    4.412509 8.009147e+22 1.025915e-01 2 
    4.421873 7.211506e+22 9.198348e-02 2 
    4.431228 6.797792e+22 8.634080e-02 2 
    4.440592 8.396902e+22 1.062023e-01 2 
    4.449956 8.146441e+22 1.026013e-01 2 
    4.459311 7.559674e+22 9.481215e-02 2 
    4.468676 7.440467e+22 9.292635e-02 2 
    4.478031 7.137258e+22 8.876744e-02 2 
    4.487395 7.379790e+22 9.140119e-02 2 
    4.496759 7.632655e+22 9.413971e-02 2 
    4.506114 7.906842e+22 9.711697e-02 2 
    4.515479 7.541169e+22 9.224174e-02 2 
    4.524843 7.580081e+22 9.233434e-02 2 
    4.534197 8.020768e+22 9.729973e-02 2 
    4.543562 6.267733e+22 7.572059e-02 2 
    4.552926 7.620396e+22 9.168383e-02 2 
    4.562281 7.430717e+22 8.903549e-02 2 
    4.571645 7.416947e+22 8.850680e-02 2 
    4.581000 7.206242e+22 8.564158e-02 2 
    4.590365 7.084436e+22 8.385083e-02 2 
    4.599729 7.248130e+22 8.543935e-02 2 
    4.609084 7.614878e+22 8.939849e-02 2 
    4.618448 7.048237e+22 8.241093e-02 2 
    4.627813 6.947550e+22 8.090522e-02 2 
    4.637167 7.314293e+22 8.483270e-02 2 
    4.646532 7.618265e+22 8.800243e-02 2 
    4.655886 7.421323e+22 8.538334e-02 2 
    4.665251 7.376577e+22 8.452814e-02 2 
    4.674615 7.620761e+22 8.697674e-02 2 
    4.683970 8.192041e+22 9.312374e-02 2 
    4.693335 7.805864e+22 8.838006e-02 2 
    4.702699 8.532278e+22 9.622040e-02 2 
    4.712054 7.418175e+22 8.332456e-02 2 
    4.721418 7.590763e+22 8.492528e-02 2 
    4.730773 7.613659e+22 8.484488e-02 2 
    4.740137 7.708363e+22 8.556119e-02 2 
    4.749502 6.899031e+22 7.627609e-02 2 
    4.758857 6.818493e+22 7.508955e-02 2 
    4.768221 7.281128e+22 7.986976e-02 2 
    4.777576 7.198460e+22 7.865399e-02 2 
    4.787037 7.371838e+22 8.023034e-02 2 
    4.834907 7.752256e+22 8.270815e-02 0 
    4.883256 8.147322e+22 8.521035e-02 0 
    4.932089 8.557748e+22 8.773929e-02 0 
    4.981409 8.983806e+22 9.029265e-02 0 
    5.031224 9.426257e+22 9.287278e-02 0 
    5.081536 9.885387e+22 9.547730e-02 0 
    5.132351 1.036199e+23 9.810857e-02 0 
    5.161820 1.064427e+23 9.963376e-02 3 
    5.191794 1.234423e+23 1.142156e-01 3 
    5.221770 1.403772e+23 1.283978e-01 3 
    5.251745 1.415274e+23 1.279763e-01 3 
    5.281720 1.283905e+23 1.147832e-01 3 
    5.311695 1.337134e+23 1.181967e-01 3 
    5.341671 1.362331e+23 1.190762e-01 3 
    5.371645 1.143139e+23 9.880542e-02 3 
    5.401621 1.096075e+23 9.368897e-02 3 
    5.431596 1.091932e+23 9.230754e-02 3 
    5.461572 1.096237e+23 9.165702e-02 3 
    5.491547 1.179068e+23 9.750924e-02 3 
    5.521523 1.260267e+23 1.030959e-01 3 
    5.551498 1.239484e+23 1.003037e-01 3 
    5.581472 1.371747e+23 1.098179e-01 3 
    5.611447 1.654757e+23 1.310632e-01 3 
    5.641423 1.829614e+23 1.433767e-01 3 
    5.671399 1.872236e+23 1.451699e-01 3 
    5.701373 2.013636e+23 1.544965e-01 3 
    5.731349 2.042984e+23 1.551128e-01 3 
    5.761324 1.909964e+23 1.435083e-01 3 
    5.791299 1.818196e+23 1.352026e-01 3 
    5.821274 1.792938e+23 1.319550e-01 3 
    5.851250 1.833759e+23 1.335800e-01 3 
    5.881225 1.920276e+23 1.384601e-01 3 
    5.911200 1.950346e+23 1.392056e-01 3 
    5.941176 1.978073e+23 1.397635e-01 3 
    5.971150 2.227132e+23 1.557853e-01 3 
    6.001125 2.703145e+23 1.871977e-01 3 
    6.031101 2.873632e+23 1.970309e-01 3 
    6.061076 3.005804e+23 2.040599e-01 3 
    6.091051 3.249519e+23 2.184395e-01 3 
    6.121026 4.059108e+23 2.701958e-01 3 
    6.151001 5.719694e+23 3.770315e-01 3 
    6.180977 7.812985e+23 5.100341e-01 3 
    6.210952 8.846143e+23 5.719184e-01 3 
    6.240926 8.337402e+23 5.338621e-01 3 
    6.270903 7.159181e+23 4.540457e-01 3 
    6.300877 6.084434e+23 3.822211e-01 3 
    6.330852 5.315140e+23 3.307401e-01 3 
    6.360828 4.664015e+23 2.874942e-01 3 
    6.390803 4.109590e+23 2.509482e-01 3 
    6.420778 3.784073e+23 2.289184e-01 3 
    6.450754 3.452695e+23 2.069349e-01 3 
    6.480728 3.285944e+23 1.951232e-01 3 
    6.510703 3.152055e+23 1.854532e-01 3 
    6.540679 3.112648e+23 1.814600e-01 3 
    6.570654 3.126735e+23 1.806219e-01 3 
    6.600630 3.207509e+23 1.836088e-01 3 
    6.630605 3.269607e+23 1.854751e-01 3 
    6.660580 3.243241e+23 1.823273e-01 3 
    6.690556 3.418688e+23 1.904721e-01 3 
    6.720530 3.342745e+23 1.845834e-01 3 
    6.750506 3.215798e+23 1.760000e-01 3 
    6.780481 3.266069e+23 1.771743e-01 3 
    6.810456 3.322423e+23 1.786483e-01 3 
    6.840431 3.450926e+23 1.839353e-01 3 
    6.870406 3.772158e+23 1.993065e-01 3 
    6.900381 4.033071e+23 2.112449e-01 3 
    6.930357 4.143494e+23 2.151552e-01 3 
    6.960331 4.754960e+23 2.447842e-01 3 
    6.990308 5.390790e+23 2.751416e-01 3 
    7.020282 4.978771e+23 2.519472e-01 3 
    7.050257 4.744452e+23 2.380524e-01 3 
    7.080234 4.708538e+23 2.342541e-01 3 
    7.110208 4.652726e+23 2.295299e-01 3 
    7.140183 4.803152e+23 2.349655e-01 3 
    7.170159 4.916742e+23 2.385153e-01 3 
    7.200134 4.967357e+23 2.389685e-01 3 
    7.230109 5.206278e+23 2.483900e-01 3 
    7.260084 5.616154e+23 2.657370e-01 3 
    7.288097 5.750386e+23 2.700009e-01 3 
    7.290059 5.853683e+23 2.747031e-01 3 
    7.320035 6.309167e+23 2.936582e-01 3 
    7.348166 6.927962e+23 3.199956e-01 3 
    7.350009 6.722977e+23 3.103718e-01 3 
    7.408236 8.490351e+23 3.858269e-01 3 
    7.468306 1.074543e+24 4.804806e-01 3 
    7.528376 1.284521e+24 5.652427e-01 3 
    7.588445 1.455863e+24 6.305379e-01 3 
    7.648516 1.519407e+24 6.477634e-01 3 
    7.708586 1.470515e+24 6.171864e-01 3 
    7.768655 1.444646e+24 5.969891e-01 3 
    7.828726 1.404267e+24 5.714311e-01 3 
    7.888795 1.299748e+24 5.208759e-01 3 
    7.948865 1.128332e+24 4.453721e-01 3 
    8.008935 9.879822e+23 3.841457e-01 3 
    8.069004 8.646447e+23 3.312030e-01 3 
    8.129075 7.664666e+23 2.892727e-01 3 
    8.189145 7.159262e+23 2.662487e-01 3 
    8.249215 6.979490e+23 2.557967e-01 3 
    8.309284 7.127372e+23 2.574534e-01 3 
    8.369355 6.953664e+23 2.475861e-01 3 
    8.429424 7.034402e+23 2.469038e-01 3 
    8.489494 7.343420e+23 2.541156e-01 3 
    8.549564 7.746904e+23 2.643241e-01 3 
    8.609633 7.678008e+23 2.583305e-01 3 
    8.669703 7.019012e+23 2.328970e-01 3 
    8.729773 5.598681e+23 1.832214e-01 3 
    8.789842 4.489880e+23 1.449336e-01 3 
    8.849913 3.635152e+23 1.157553e-01 3 
    8.909983 2.910602e+23 9.143775e-02 3 
    8.970053 2.537313e+23 7.864669e-02 3 
    9.030123 2.219873e+23 6.789491e-02 3 
    9.090193 1.994985e+23 6.021296e-02 3 
    9.150262 1.849428e+23 5.508923e-02 3 
    9.210331 1.706722e+23 5.017748e-02 3 
    9.270402 1.687248e+23 4.896415e-02 3 
    9.330472 1.588588e+23 4.550935e-02 3 
    9.390541 1.562159e+23 4.418152e-02 3 
    9.450612 1.543296e+23 4.309489e-02 3 
    9.510682 1.496351e+23 4.125785e-02 3 
    9.570752 1.552627e+23 4.227381e-02 3 
    9.630822 1.740078e+23 4.678844e-02 3 
    9.690887 1.822678e+23 4.840378e-02 3 
    9.750962 1.502415e+23 3.940863e-02 3 
    9.811028 1.385668e+23 3.590265e-02 3 
    9.871104 1.424488e+23 3.646059e-02 3 
    9.931170 1.371156e+23 3.467227e-02 3 
    9.991244 1.406128e+23 3.513032e-02 3 
   10.051311 1.422691e+23 3.512058e-02 3 
   10.111377 1.426262e+23 3.479166e-02 3 
   10.171452 1.399801e+23 3.374401e-02 3 
   10.231517 1.423029e+23 3.390239e-02 3 
   10.291594 1.460794e+23 3.439696e-02 3 
   10.351659 1.530969e+23 3.563222e-02 3 
   10.411725 1.711556e+23 3.937695e-02 3 
   10.471800 1.952793e+23 4.441298e-02 3 
   10.531867 2.276928e+23 5.119588e-02 3 
   10.591941 2.422110e+23 5.384424e-02 3 
   10.652007 2.425052e+23 5.330336e-02 3 
   10.712083 2.447326e+23 5.319128e-02 3 
   10.772149 2.491966e+23 5.355918e-02 3 
   10.832215 2.587808e+23 5.500396e-02 3 
   10.892290 2.821274e+23 5.930663e-02 3 
   10.952356 3.402064e+23 7.073329e-02 3 
   11.012431 4.267255e+23 8.775636e-02 3 
   11.072497 4.990982e+23 1.015293e-01 3 
   11.132572 7.512722e+23 1.511829e-01 3 
   11.192638 1.162929e+24 2.315180e-01 3 
   11.252703 1.393711e+24 2.745082e-01 3 
   11.312780 1.251228e+24 2.438340e-01 3 
   11.372845 1.015999e+24 1.959078e-01 3 
   11.432920 8.291191e+23 1.581973e-01 3 
   11.492986 7.076293e+23 1.336092e-01 3 
   11.553062 6.348826e+23 1.186303e-01 3 
   11.613127 5.756398e+23 1.064508e-01 3 
   11.673193 5.379080e+23 9.845212e-02 3 
   11.733269 5.321348e+23 9.640068e-02 3 
   11.793335 5.274476e+23 9.458069e-02 3 
   11.853410 5.628807e+23 9.991396e-02 3 
   11.913475 6.120256e+23 1.075447e-01 3 
   11.973542 6.396971e+23 1.112822e-01 3 
   12.033617 6.409547e+23 1.103904e-01 3 
   12.093683 6.337530e+23 1.080685e-01 3 
   12.153758 6.256060e+23 1.056273e-01 3 
   12.213825 6.441046e+23 1.076836e-01 3 
   12.273899 7.101628e+23 1.175680e-01 3 
   12.333966 7.505091e+23 1.230402e-01 3 
   12.394031 7.654300e+23 1.242730e-01 3 
   12.454107 8.207037e+23 1.319647e-01 3 
   12.514172 8.856729e+23 1.410476e-01 3 
   12.574248 9.616492e+23 1.516873e-01 3 
   12.634313 1.021507e+24 1.596006e-01 3 
   12.694379 1.085980e+24 1.680720e-01 3 
   12.754455 1.307088e+24 2.003907e-01 3 
   12.814521 1.533764e+24 2.329433e-01 3 
   12.874596 1.163571e+24 1.750742e-01 3 
   12.934661 7.193195e+23 1.072280e-01 3 
   12.994737 6.154590e+23 9.089931e-02 3 
   13.054803 5.900613e+23 8.634813e-02 3 
   13.114870 5.856237e+23 8.491552e-02 3 
   13.174945 5.808439e+23 8.345613e-02 3 
   13.235009 5.808132e+23 8.269598e-02 3 
   13.295084 5.805895e+23 8.191878e-02 3 
   13.355152 5.711068e+23 7.985758e-02 3 
   13.415227 5.677999e+23 7.868569e-02 3 
   13.475292 5.738005e+23 7.880993e-02 3 
   13.535358 5.744709e+23 7.820328e-02 3 
   13.595434 5.753383e+23 7.763072e-02 3 
   13.655500 5.591930e+23 7.478990e-02 3 
   13.715573 5.290785e+23 7.014370e-02 3 
   13.775641 5.149433e+23 6.767563e-02 3 
   13.835716 5.000707e+23 6.515153e-02 3 
   13.895781 4.909538e+23 6.341196e-02 3 
   13.955847 4.829351e+23 6.184048e-02 3 
   14.015923 4.788307e+23 6.079040e-02 3 
   14.067613 5.023202e+23 6.330474e-02 3 
   14.156313 5.308556e+23 6.606517e-02 3 
   14.245022 5.640929e+23 6.932995e-02 3 
   14.333723 5.540594e+23 6.725657e-02 3 
   14.422423 5.032489e+23 6.033966e-02 3 
   14.511125 4.612606e+23 5.463119e-02 3 
   14.599836 4.463858e+23 5.222890e-02 3 
   14.688538 4.159745e+23 4.808461e-02 3 
   14.777238 4.377808e+23 4.999961e-02 3 
   14.865947 5.057260e+23 5.707246e-02 3 
   14.954648 4.210025e+23 4.694925e-02 3 
   15.043348 4.146482e+23 4.569695e-02 3 
   15.132050 4.141392e+23 4.510734e-02 3 
   15.220759 4.117669e+23 4.432770e-02 3 
   15.309463 4.183661e+23 4.451773e-02 3 
   15.398163 4.276984e+23 4.498796e-02 3 
   15.486872 5.455278e+23 5.672649e-02 3 
   15.575573 6.650545e+23 6.837000e-02 3 
   15.664273 5.275593e+23 5.362252e-02 3 
   15.752984 4.639759e+23 4.663008e-02 3 
   15.841684 4.574969e+23 4.546550e-02 3 
   15.930384 4.654359e+23 4.574081e-02 3 
   16.019086 4.415040e+23 4.290972e-02 3 
   16.107798 4.610834e+23 4.432039e-02 3 
   16.196497 5.246811e+23 4.988267e-02 3 
   16.285198 5.375166e+23 5.054780e-02 3 
   16.373900 7.017923e+23 6.528310e-02 3 
   16.462609 7.711056e+23 7.095989e-02 3 
   16.551311 7.796516e+23 7.097938e-02 3 
   16.640013 6.634679e+23 5.975979e-02 3 
   16.728723 6.866633e+23 6.119483e-02 3 
   16.817423 6.876097e+23 6.063446e-02 3 
   16.906125 6.873993e+23 5.998150e-02 3 
   16.994834 8.999265e+23 7.770870e-02 3 
   17.083534 9.537928e+23 8.150702e-02 3 
   17.172236 7.419636e+23 6.275168e-02 3 
   17.260936 7.200769e+23 6.027631e-02 3 
   17.349647 7.458172e+23 6.179418e-02 3 
   17.438348 7.041488e+23 5.774976e-02 3 
   17.527048 5.899994e+23 4.789944e-02 3 
   17.615758 5.440881e+23 4.372834e-02 3 
   17.704459 5.486320e+23 4.365281e-02 3 
   17.793159 5.448337e+23 4.291946e-02 3 
   17.881870 5.293820e+23 4.128951e-02 3 
   17.970570 5.064113e+23 3.910895e-02 3 
   18.059273 4.846921e+23 3.706481e-02 3 
   18.147973 4.644656e+23 3.517173e-02 3 
   18.236683 4.758079e+23 3.568095e-02 3 
   18.325384 4.639461e+23 3.445544e-02 3 
   18.414084 5.468210e+23 4.021994e-02 3 
   18.502795 4.729727e+23 3.445544e-02 3 
   18.591498 5.119259e+23 3.693812e-02 3 
   18.680195 7.524109e+23 5.377603e-02 3 
   18.768898 1.103329e+24 7.811312e-02 3 
   18.857609 6.808945e+23 4.775326e-02 3 
   18.946309 7.593429e+23 5.275761e-02 3 
   19.035011 5.036527e+23 3.466741e-02 3 
   19.123720 5.183973e+23 3.535204e-02 3 
   19.212420 5.354053e+23 3.617554e-02 3 
   19.301122 5.103728e+23 3.416795e-02 3 
   19.389823 5.703871e+23 3.783715e-02 3 
   19.478534 5.358475e+23 3.522290e-02 3 
   19.567234 6.841803e+23 4.456646e-02 3 
   19.655936 5.403684e+23 3.488180e-02 3 
   19.744645 5.656323e+23 3.618528e-02 3 
   19.885113 5.086973e+23 3.208483e-02 3 
   20.054889 6.646434e+23 4.121399e-02 3 
   20.224764 6.303574e+23 3.843407e-02 3 
   20.394738 5.875638e+23 3.523021e-02 3 
   20.564795 6.625145e+23 3.906997e-02 3 
   20.734942 6.675165e+23 3.872156e-02 3 
   20.905184 6.310479e+23 3.601229e-02 3 
   21.075516 6.841573e+23 3.841457e-02 3 
   21.245941 7.495054e+23 4.141134e-02 3 
   21.416466 7.211690e+23 3.921371e-02 3 
   21.587075 6.885469e+23 3.685042e-02 3 
   21.757783 7.607104e+23 4.007620e-02 3 
   21.928577 7.991003e+23 4.144545e-02 3 
   22.099467 7.915651e+23 4.042215e-02 3 
   22.270455 7.603035e+23 3.823184e-02 3 
   22.441530 8.081903e+23 4.002259e-02 3 
   22.612702 8.539344e+23 4.165010e-02 3 
   22.783970 8.787854e+23 4.222022e-02 3 
   22.955327 8.538573e+23 4.041241e-02 3 
   23.126788 8.749681e+23 4.079980e-02 3 
   23.298328 9.360920e+23 4.300961e-02 3 
   23.469970 9.950297e+23 4.505131e-02 3 
   23.641716 1.002219e+24 4.471995e-02 3 
   23.813544 1.040718e+24 4.577004e-02 3 
   23.985469 1.058946e+24 4.590648e-02 3 
   24.157494 1.090153e+24 4.658866e-02 3 
   24.329602 1.165881e+24 4.912251e-02 3 
   24.501819 1.153004e+24 4.789944e-02 3 
   24.674123 1.145904e+24 4.694194e-02 3 
   24.846533 1.197676e+24 4.838429e-02 3 
   25.019028 1.273373e+24 5.073540e-02 3 
   25.191623 1.297512e+24 5.099122e-02 3 
   25.364313 1.370292e+24 5.312063e-02 3 
   25.537100 1.355705e+24 5.184640e-02 3 
   25.709983 1.480992e+24 5.587862e-02 3 
   25.882966 1.754916e+24 6.533183e-02 3 
   26.056044 1.620615e+24 5.953320e-02 3 
   26.229216 1.493631e+24 5.414635e-02 3 
   26.402488 1.514315e+24 5.417802e-02 3 
   26.575853 1.519848e+24 5.366882e-02 3 
   26.749328 1.541502e+24 5.372973e-02 3 
   26.922888 1.571200e+24 5.406108e-02 3 
   27.096547 1.624816e+24 5.519155e-02 3 
   27.270309 1.670059e+24 5.600775e-02 3 
   27.444172 1.666700e+24 5.518913e-02 3 
   27.618119 1.721575e+24 5.629037e-02 3 
   27.792172 1.745983e+24 5.637566e-02 3 
   27.966325 1.815228e+24 5.788378e-02 3 
   28.140584 1.923867e+24 6.059060e-02 3 
   28.314938 1.978091e+24 6.153349e-02 3 
   28.489381 2.033859e+24 6.249586e-02 3 
   28.663934 1.968882e+24 5.976467e-02 3 
   28.838581 2.190617e+24 6.569240e-02 3 
   29.013328 2.057385e+24 6.095606e-02 3 
   29.188178 2.052462e+24 6.008383e-02 3 
   29.363122 2.195985e+24 6.352158e-02 3 
   29.538172 2.159598e+24 6.173084e-02 3 
   29.713319 2.273863e+24 6.423302e-02 3 
   29.888566 2.267950e+24 6.331693e-02 3 
   30.063916 2.373135e+24 6.548288e-02 3 
   30.239375 2.373581e+24 6.473734e-02 3 
   30.414925 2.373025e+24 6.397720e-02 3 
   30.590578 2.518349e+24 6.711769e-02 3 
   30.766325 2.651768e+24 6.986838e-02 3 
   30.942188 3.007843e+24 7.835190e-02 3 
   31.118141 2.636043e+24 6.789247e-02 3 
   31.294203 2.734552e+24 6.963936e-02 3 
   31.470359 3.180194e+24 8.008416e-02 3 
   31.646628 2.834450e+24 7.058467e-02 3 
   31.822997 2.778479e+24 6.842603e-02 3 
   31.999456 2.802876e+24 6.826767e-02 3 
   32.176028 2.953034e+24 7.113774e-02 3 
   32.352703 3.467160e+24 8.261315e-02 3 
   32.529484 3.222120e+24 7.594230e-02 3 
   32.706366 3.043764e+24 7.096477e-02 3 
   32.883350 3.244117e+24 7.482400e-02 3 
   33.060431 3.384324e+24 7.722384e-02 3 
   33.237622 3.503907e+24 7.910231e-02 3 
   33.414928 4.479231e+24 1.000504e-01 3 
   33.592319 4.253305e+24 9.400327e-02 3 
   33.769828 3.616904e+24 7.909987e-02 3 
