# UGC 06850      
# 
# An Atlas of Galaxy Spectral Energy Distributions from the Ultraviolet to the Mid-Infrared
# Brown et al. (2014)
# http://dx.doi.org/10.5072/03/529D3551F0117
# http://dx.doi.org/10.17909/t9-5bxk-dh29
# 
# The Spectral Energy Distributions of Active Galactic Nuclei
# Brown et al. (2019)
# http://dx.doi.org/10.17909/t9-3dbt-8734
# 
# Column 1: Observed wavelength (um)
# Column 2: L_nu (W/Hz)
# Column 3: f_lam (erg/s/cm2/A)
# Column 4: Source (0 = model, 1 = Optical Spectrun, 2 = Akari, 3 = Spitzer IRS)
# 
  1.0011e-02 2.845287e+10 7.080559e-09 0 
  1.0197e-02 3.891758e+10 9.334637e-09 0 
  1.0410e-02 4.831979e+10 1.112039e-08 0 
  1.0604e-02 6.110931e+10 1.355390e-08 0 
  1.0801e-02 7.927163e+10 1.694675e-08 0 
  1.1002e-02 1.169889e+11 2.410449e-08 0 
  1.1389e-02 1.722478e+11 3.311913e-08 0 
  1.1789e-02 2.388378e+11 4.285935e-08 0 
  1.2091e-02 9.866155e+11 1.683139e-07 0 
  1.2487e-02 1.276765e+12 2.042167e-07 0 
  1.2690e-02 1.403215e+12 2.173188e-07 0 
  1.2808e-02 1.503679e+12 2.286067e-07 0 
  1.3106e-02 1.702606e+12 2.472124e-07 0 
  1.3197e-02 2.037632e+12 2.917909e-07 0 
  1.3411e-02 2.193593e+12 3.041796e-07 0 
  1.3692e-02 2.871580e+12 3.820178e-07 0 
  1.4011e-02 3.221957e+12 4.093341e-07 0 
  1.4304e-02 9.039543e+12 1.101864e-06 0 
  1.4705e-02 2.119056e+13 2.444043e-06 0 
  1.5117e-02 2.383296e+13 2.601017e-06 0 
  1.5505e-02 2.698662e+13 2.799635e-06 0 
  1.5903e-02 3.077226e+13 3.034574e-06 0 
  1.6198e-02 3.358325e+13 3.192247e-06 0 
  1.6614e-02 3.838036e+13 3.467824e-06 0 
  1.7001e-02 4.287064e+13 3.699197e-06 0 
  1.7317e-02 4.657462e+13 3.873472e-06 0 
  1.7720e-02 5.274167e+13 4.189121e-06 0 
  1.8008e-02 5.729870e+13 4.406667e-06 0 
  1.8217e-02 6.069377e+13 4.561281e-06 0 
  1.8598e-02 6.778813e+13 4.887847e-06 0 
  1.9119e-02 7.855056e+13 5.359391e-06 0 
  1.9385e-02 8.613086e+13 5.716413e-06 0 
  1.9791e-02 9.641546e+13 6.139141e-06 0 
  2.0206e-02 1.091823e+14 6.669417e-06 0 
  2.0487e-02 1.194375e+14 7.097091e-06 0 
  2.1012e-02 1.336999e+14 7.552536e-06 0 
  2.1601e-02 1.667786e+14 8.914337e-06 0 
  2.2002e-02 1.901671e+14 9.797323e-06 0 
  2.2309e-02 2.066024e+14 1.035313e-05 0 
  2.2723e-02 2.366614e+14 1.143122e-05 0 
  2.2986e-02 3.420779e+14 1.614710e-05 0 
  2.3414e-02 5.716595e+14 2.600655e-05 0 
  2.4014e-02 7.818919e+14 3.381537e-05 0 
  2.4574e-02 8.612332e+14 3.556850e-05 0 
  2.5204e-02 1.066951e+15 4.188919e-05 0 
  2.5673e-02 1.091775e+15 4.131203e-05 0 
  2.6030e-02 1.294663e+15 4.765461e-05 0 
  2.6392e-02 1.702709e+15 6.096664e-05 0 
  2.6883e-02 2.000464e+15 6.903538e-05 0 
  2.7382e-02 2.328848e+15 7.746529e-05 0 
  2.7891e-02 2.405155e+15 7.711011e-05 0 
  2.8410e-02 3.163272e+15 9.774408e-05 0 
  2.9005e-02 3.811849e+15 1.130021e-04 0 
  2.9612e-02 4.199077e+15 1.194304e-04 0 
  3.0093e-02 4.572493e+15 1.259269e-04 0 
  3.0794e-02 5.890336e+15 1.549189e-04 0 
  3.1803e-02 7.432650e+15 1.832753e-04 0 
  3.2770e-02 9.663462e+15 2.244276e-04 0 
  3.3765e-02 1.148459e+16 2.512341e-04 0 
  3.4791e-02 1.349412e+16 2.780400e-04 0 
  3.5684e-02 2.168443e+16 4.247148e-04 0 
  3.6599e-02 3.945841e+16 7.346790e-04 0 
  3.7538e-02 4.561769e+16 8.073976e-04 0 
  3.8501e-02 4.306709e+16 7.245993e-04 0 
  3.9489e-02 7.623294e+16 1.219233e-03 0 
  4.0501e-02 1.109520e+17 1.686941e-03 0 
  4.1445e-02 1.262271e+17 1.832757e-03 0 
  4.2215e-02 1.276832e+17 1.786886e-03 0 
  4.3000e-02 1.358801e+17 1.832801e-03 0 
  4.4103e-02 1.837150e+17 2.355617e-03 0 
  4.5131e-02 2.114251e+17 2.588828e-03 0 
  4.5970e-02 2.056611e+17 2.427166e-03 0 
  4.7040e-02 2.355806e+17 2.655225e-03 0 
  4.8025e-02 2.958937e+17 3.199613e-03 0 
  4.9031e-02 2.774200e+17 2.878013e-03 0 
  4.9943e-02 3.777016e+17 3.776556e-03 0 
    0.050637 3.444580e+17 3.350401e-03 0 
    0.051224 5.782831e+17 5.496547e-03 0 
    0.052056 5.917638e+17 5.446321e-03 0 
    0.053024 5.944980e+17 5.273535e-03 0 
    0.054010 5.273977e+17 4.509063e-03 0 
    0.055014 5.535391e+17 4.561401e-03 0 
    0.056036 7.873008e+17 6.253209e-03 0 
    0.056947 9.509189e+17 7.313045e-03 0 
    0.058006 9.980072e+17 7.397488e-03 0 
    0.058948 1.084275e+18 7.782119e-03 0 
    0.060044 9.708176e+17 6.715755e-03 0 
    0.061020 9.980307e+17 6.684915e-03 0 
    0.062011 1.346301e+18 8.731745e-03 0 
    0.063019 1.340094e+18 8.415672e-03 0 
    0.064043 1.567271e+18 9.530092e-03 0 
    0.064934 1.585404e+18 9.377605e-03 0 
    0.065837 1.517532e+18 8.731610e-03 0 
    0.066446 1.774770e+18 1.002538e-02 0 
    0.067526 1.963979e+18 1.074215e-02 0 
    0.068465 1.754453e+18 9.334714e-03 0 
    0.069578 2.153450e+18 1.109398e-02 0 
    0.070546 1.807787e+18 9.059387e-03 0 
    0.071527 2.427365e+18 1.183291e-02 0 
    0.072522 2.565305e+18 1.216455e-02 0 
    0.073531 2.673838e+18 1.233362e-02 0 
    0.074554 2.692401e+18 1.208076e-02 0 
    0.075417 2.774185e+18 1.216448e-02 0 
    0.076466 2.583083e+18 1.101788e-02 0 
    0.077530 3.007083e+18 1.247677e-02 0 
    0.078428 2.845435e+18 1.153727e-02 0 
    0.079519 3.185187e+18 1.256289e-02 0 
    0.080440 3.381772e+18 1.303457e-02 0 
    0.081559 3.516707e+18 1.318526e-02 0 
    0.082503 3.690937e+18 1.352364e-02 0 
    0.083459 3.014014e+18 1.079184e-02 0 
    0.084425 3.847203e+18 1.346168e-02 0 
    0.085403 3.891754e+18 1.330747e-02 0 
    0.086591 4.179682e+18 1.390254e-02 0 
    0.087593 4.326532e+18 1.406363e-02 0 
    0.088404 4.437576e+18 1.416115e-02 0 
    0.089427 4.582895e+18 1.429220e-02 0 
    0.090463 4.614683e+18 1.406359e-02 0 
    0.091511 4.604052e+18 1.371166e-02 0 
    0.092570 1.109538e+19 3.229223e-02 0 
    0.093427 1.832913e+19 5.237133e-02 0 
    0.094509 2.631155e+19 7.346771e-02 0 
    0.095603 3.259453e+19 8.894019e-02 0 
    0.096487 3.582122e+19 9.596199e-02 0 
    0.097605 1.282750e+19 3.358106e-02 0 
    0.098508 2.952177e+19 7.587449e-02 0 
    0.099419 3.007080e+19 7.587570e-02 0 
    0.100571 4.037759e+19 9.956146e-02 0 
    0.101501 4.170060e+19 1.009481e-01 0 
    0.102440 2.711123e+19 6.443273e-02 0 
    0.103388 3.582142e+19 8.357934e-02 0 
    0.104585 5.459308e+19 1.244788e-01 0 
    0.105553 5.371998e+19 1.202517e-01 0 
    0.106530 4.488870e+19 9.864829e-02 0 
    0.107515 5.142097e+19 1.109427e-01 0 
    0.108510 4.427286e+19 9.377661e-02 0 
    0.109514 5.509876e+19 1.145774e-01 0 
    0.110528 5.359782e+19 1.094206e-01 0 
    0.111550 5.286163e+19 1.059492e-01 0 
    0.112583 4.743982e+19 9.334561e-02 0 
    0.113624 5.890333e+19 1.137879e-01 0 
    0.114412 5.560787e+19 1.059472e-01 0 
    0.115470 5.782856e+19 1.081684e-01 0 
    0.116539 5.863265e+19 1.076697e-01 0 
    0.117617 4.065730e+19 7.329844e-02 0 
    0.118433 5.782866e+19 1.028239e-01 0 
    0.119528 4.668112e+19 8.148888e-02 0 
    0.120634 3.891760e+19 6.669651e-02 0 
    0.121471 3.156006e+19 5.334444e-02 0 
    0.122594 4.821101e+19 8.000264e-02 0 
    0.123444 6.311661e+19 1.033000e-01 0 
    0.124586 6.747484e+19 1.084176e-01 0 
    0.125450 6.593880e+19 1.044952e-01 0 
    0.126611 6.182172e+19 9.618219e-02 0 
    0.127489 7.398384e+19 1.135241e-01 0 
    0.128372 7.711508e+19 1.167065e-01 0 
    0.129560 6.503395e+19 9.662616e-02 0 
    0.130458 6.548430e+19 9.596044e-02 0 
    0.131362 7.854886e+19 1.135264e-01 0 
    0.132578 7.623203e+19 1.081660e-01 0 
    0.133497 7.049254e+19 9.864989e-02 0 
    0.134422 8.037775e+19 1.109409e-01 0 
    0.135354 7.891081e+19 1.074214e-01 0 
    0.136606 7.296985e+19 9.752149e-02 0 
    0.137553 7.535935e+19 9.933297e-02 0 
    0.138507 7.605735e+19 9.887676e-02 0 
    0.139467 6.139607e+19 7.872162e-02 0 
    0.140434 6.196405e+19 7.835951e-02 0 
    0.141407 7.313771e+19 9.122125e-02 0 
    0.142387 7.364438e+19 9.059315e-02 0 
    0.143374 7.588270e+19 9.206582e-02 0 
    0.144036 7.891183e+19 9.486291e-02 0 
    0.144701 8.019441e+19 9.552070e-02 0 
    0.145369 7.800805e+19 9.206452e-02 0 
    0.146376 7.364571e+19 8.572434e-02 0 
    0.147391 7.501340e+19 8.611788e-02 0 
    0.148413 7.693826e+19 8.711539e-02 0 
    0.149441 7.800922e+19 8.711698e-02 0 
    0.150477 7.466913e+19 8.224268e-02 0 
    0.151172 6.841376e+19 7.466158e-02 0 
    0.151870 7.246653e+19 7.835919e-02 0 
    0.152571 7.130793e+19 7.639947e-02 0 
    0.153628 6.225079e+19 6.578102e-02 0 
    0.154337 6.168028e+19 6.458069e-02 0 
    0.155407 6.083223e+19 6.281871e-02 0 
    0.156484 6.609065e+19 6.731264e-02 0 
    0.157569 7.114384e+19 7.146481e-02 0 
    0.158661 7.449723e+19 7.380677e-02 0 
    0.159394 7.570795e+19 7.431800e-02 0 
    0.160498 7.501497e+19 7.262818e-02 0 
    0.161611 7.535931e+19 7.196007e-02 0 
    0.162357 7.330660e+19 6.935815e-02 0 
    0.163482 7.818828e+19 7.296225e-02 0 
    0.164616 7.945851e+19 7.312953e-02 0 
    0.165375 7.640858e+19 6.967851e-02 0 
    0.166522 8.149644e+19 7.329796e-02 0 
    0.167290 7.449657e+19 6.638848e-02 0 
    0.167676 8.416694e+19 7.466141e-02 0 
    0.168450 8.592949e+19 7.552603e-02 0 
    0.169618 8.243981e+19 7.146436e-02 0 
    0.170401 8.037960e+19 6.903955e-02 0 
    0.171582 7.676065e+19 6.502669e-02 0 
    0.172374 7.640896e+19 6.413531e-02 0 
    0.173568 8.168558e+19 6.762425e-02 0 
    0.174370 8.056529e+19 6.608470e-02 0 
    0.175578 8.475069e+19 6.856453e-02 0 
    0.176389 8.056473e+19 6.458005e-02 0 
    0.177611 8.093526e+19 6.398741e-02 0 
    0.178431 8.320341e+19 6.517739e-02 0 
    0.179668 8.752758e+19 6.762385e-02 0 
    0.180497 8.793091e+19 6.731286e-02 0 
    0.181331 8.187338e+19 6.210049e-02 0 
    0.182587 8.436090e+19 6.310997e-02 0 
    0.183430 8.263129e+19 6.124917e-02 0 
    0.184702 7.747068e+19 5.663575e-02 0 
    0.185554 7.818788e+19 5.663635e-02 0 
    0.186411 8.019341e+19 5.755619e-02 0 
    0.187703 8.592807e+19 6.082598e-02 0 
    0.188569 7.982585e+19 5.598858e-02 0 
    0.189440 7.693754e+19 5.346769e-02 0 
    0.190314 8.225015e+19 5.663588e-02 0 
    0.191633 7.964268e+19 5.408810e-02 0 
    0.192518 7.782956e+19 5.237190e-02 0 
    0.193406 8.225214e+19 5.484080e-02 0 
    0.194299 8.455633e+19 5.586007e-02 0 
    0.195646 7.927459e+19 5.165216e-02 0 
    0.196549 8.632439e+19 5.572990e-02 0 
    0.197456 8.956620e+19 5.729278e-02 0 
    0.198368 8.533855e+19 5.408769e-02 0 
    0.199283 8.378143e+19 5.261429e-02 0 
    0.200665 8.752771e+19 5.421242e-02 0 
    0.201591 8.573319e+19 5.261422e-02 0 
    0.202521 8.956601e+19 5.446275e-02 0 
    0.203456 8.455685e+19 5.094531e-02 0 
    0.204395 8.732605e+19 5.213145e-02 0 
    0.205339 8.037803e+19 4.754348e-02 0 
    0.206287 8.320438e+19 4.876395e-02 0 
    0.207239 9.123048e+19 5.297775e-02 0 
    0.207716 8.592927e+19 4.967041e-02 0 
    0.208675 8.956590e+19 5.129775e-02 0 
    0.209638 8.573295e+19 4.865240e-02 0 
    0.210606 8.752639e+19 4.921460e-02 0 
    0.211578 8.894927e+19 4.955618e-02 0 
    0.212555 9.018504e+19 4.978383e-02 0 
    0.213536 8.672511e+19 4.743501e-02 0 
    0.214522 8.692352e+19 4.710750e-02 0 
    0.215512 9.060406e+19 4.865205e-02 0 
    0.216506 8.894745e+19 4.732494e-02 0 
    0.217506 8.894731e+19 4.689070e-02 0 
    0.218510 8.732655e+19 4.561420e-02 0 
    0.219518 9.102054e+19 4.710810e-02 0 
    0.220532 8.977092e+19 4.603508e-02 0 
    0.221550 8.732409e+19 4.436975e-02 0 
    0.222572 8.553493e+19 4.306247e-02 0 
    0.223600 8.894740e+19 4.436966e-02 0 
    0.224632 8.712538e+19 4.306236e-02 0 
    0.225668 8.494385e+19 4.159953e-02 0 
    0.226710 8.712417e+19 4.227598e-02 0 
    0.227757 8.874639e+19 4.266814e-02 0 
    0.228282 8.936017e+19 4.276585e-02 0 
    0.229335 8.515278e+19 4.037891e-02 0 
    0.230394 8.641464e+19 4.060144e-02 0 
    0.231457 8.413756e+19 3.916929e-02 0 
    0.232526 7.167677e+19 3.306220e-02 0 
    0.233599 8.161835e+19 3.730287e-02 0 
    0.234677 8.150698e+19 3.691052e-02 0 
    0.235760 8.444954e+19 3.789252e-02 0 
    0.236304 8.105747e+19 3.620323e-02 0 
    0.237395 8.188133e+19 3.623583e-02 0 
    0.238490 7.899349e+19 3.463757e-02 0 
    0.239591 8.279569e+19 3.597189e-02 0 
    0.240697 8.098683e+19 3.486338e-02 0 
    0.241252 8.196426e+19 3.512199e-02 0 
    0.242366 8.434083e+19 3.580890e-02 0 
    0.243484 8.212103e+19 3.454697e-02 0 
    0.244608 8.547969e+19 3.563018e-02 0 
    0.245737 8.497456e+19 3.509492e-02 0 
    0.246304 8.462305e+19 3.478902e-02 0 
    0.247441 8.315977e+19 3.387400e-02 0 
    0.248583 8.498275e+19 3.429923e-02 0 
    0.249730 7.616404e+19 3.045825e-02 0 
    0.250306 8.609216e+19 3.427027e-02 0 
    0.251461 8.116651e+19 3.201342e-02 0 
    0.252041 8.464123e+19 3.323044e-02 0 
    0.252622 8.256549e+19 3.226656e-02 0 
    0.253788 8.341343e+19 3.229909e-02 0 
    0.254373 8.174341e+19 3.150701e-02 0 
    0.255547 8.489556e+19 3.242201e-02 0 
    0.256727 8.458692e+19 3.200785e-02 0 
    0.257318 8.720026e+19 3.284535e-02 0 
    0.258506 8.708654e+19 3.250171e-02 0 
    0.259699 8.697270e+19 3.216169e-02 0 
    0.260298 8.542882e+19 3.144555e-02 0 
    0.261499 8.512368e+19 3.104608e-02 0 
    0.262707 8.699204e+19 3.143639e-02 0 
    0.263312 8.743899e+19 3.145287e-02 0 
    0.264528 9.081054e+19 3.236603e-02 0 
    0.265749 9.111290e+19 3.217608e-02 0 
    0.266361 8.705802e+19 3.060299e-02 0 
    0.267591 8.938428e+19 3.113254e-02 0 
    0.268208 8.902032e+19 3.086328e-02 0 
    0.269445 8.748015e+19 3.005147e-02 0 
    0.270689 8.838517e+19 3.008394e-02 0 
    0.271313 8.681282e+19 2.941299e-02 0 
    0.272566 8.770783e+19 2.944364e-02 0 
    0.273194 8.938407e+19 2.986856e-02 0 
    0.274455 8.466782e+19 2.803319e-02 0 
    0.275722 8.534634e+19 2.799874e-02 0 
    0.276357 8.637721e+19 2.820686e-02 0 
    0.277633 8.930577e+19 2.889574e-02 0 
    0.278273 8.792110e+19 2.831701e-02 0 
    0.279557 7.935059e+19 2.532246e-02 0 
    0.280202 8.294487e+19 2.634775e-02 0 
    0.281495 8.979692e+19 2.826289e-02 0 
    0.282795 9.072063e+19 2.829170e-02 0 
    0.283446 8.769058e+19 2.722129e-02 0 
    0.284755 8.778474e+19 2.700056e-02 0 
    0.285411 8.742814e+19 2.676740e-02 0 
    0.286729 9.018042e+19 2.735681e-02 0 
    0.287390 8.919514e+19 2.693360e-02 0 
    0.288716 8.991153e+19 2.690111e-02 0 
    0.289382 8.893004e+19 2.648512e-02 0 
    0.290717 9.152429e+19 2.700797e-02 0 
    0.292732 9.083390e+19 2.643650e-02 0 
    0.294762 9.035861e+19 2.593719e-02 0 
    0.296805 9.113694e+19 2.580171e-02 0 
    0.298862 9.129045e+19 2.549062e-02 0 
    0.300934 9.165432e+19 2.524102e-02 0 
    0.303020 9.201764e+19 2.499338e-02 0 
    0.305120 9.217667e+19 2.469313e-02 0 
    0.307235 9.211781e+19 2.433877e-02 0 
    0.308653 9.201684e+19 2.408922e-02 0 
    0.310793 9.195918e+19 2.374374e-02 0 
    0.312947 9.169756e+19 2.335139e-02 0 
    0.315116 9.228206e+19 2.317783e-02 0 
    0.317301 9.201821e+19 2.279436e-02 0 
    0.318765 9.023215e+19 2.214708e-02 0 
    0.320975 9.165154e+19 2.218676e-02 0 
    0.323200 9.118465e+19 2.177085e-02 0 
    0.324692 9.171491e+19 2.169668e-02 0 
    0.326942 9.230065e+19 2.153574e-02 0 
    0.329208 9.246923e+19 2.127908e-02 0 
    0.330728 9.236467e+19 2.106010e-02 0 
    0.332255 9.528447e+19 2.152660e-02 0 
    0.333020 9.490427e+19 2.134232e-02 0 
    0.333788 9.301605e+19 2.082154e-02 0 
    0.334558 9.264183e+19 2.064243e-02 0 
    0.335329 9.270259e+19 2.056109e-02 0 
    0.336102 9.318742e+19 2.057366e-02 0 
    0.336877 9.259744e+19 2.034945e-02 0 
    0.337653 9.033801e+19 1.976177e-02 0 
    0.338432 9.335433e+19 2.032769e-02 0 
    0.339212 9.492831e+19 2.057547e-02 0 
    0.339994 9.697591e+19 2.092270e-02 0 
    0.340777 9.266574e+19 1.990101e-02 0 
    0.341563 9.380439e+19 2.005294e-02 0 
    0.342350 9.626837e+19 2.048516e-02 0 
    0.343140 9.677250e+19 2.049773e-02 0 
    0.343931 9.705633e+19 2.046339e-02 0 
    0.344724 9.424693e+19 1.977974e-02 0 
    0.345518 9.258744e+19 1.934226e-02 0 
    0.346315 9.200587e+19 1.913240e-02 0 
    0.347113 9.355746e+19 1.936570e-02 0 
    0.347913 9.297119e+19 1.915594e-02 0 
    0.348715 9.325052e+19 1.912522e-02 0 
    0.349519 9.525782e+19 1.944713e-02 0 
    0.350325 9.357929e+19 1.901665e-02 0 
    0.351132 9.299239e+19 1.881062e-02 0 
    0.351942 9.391544e+19 1.890999e-02 0 
    0.352753 9.440297e+19 1.892085e-02 0 
    0.353566 9.644305e+19 1.924095e-02 0 
    0.354382 9.695200e+19 1.925351e-02 0 
    0.355198 9.791190e+19 1.935490e-02 0 
    0.356017 9.751849e+19 1.918854e-02 0 
    0.356838 9.579861e+19 1.876348e-02 0 
    0.357661 9.218402e+19 1.797252e-02 0 
    0.358485 9.181913e+19 1.781918e-02 0 
    0.359311 9.145603e+19 1.766720e-02 0 
    0.360140 9.473041e+19 1.821559e-02 0 
    0.360970 9.478968e+19 1.814326e-02 0 
    0.361802 9.551193e+19 1.819752e-02 0 
    0.362636 9.938546e+19 1.884853e-02 0 
    0.363028 8.371562e+19 1.584246e-02 1 
    0.363302 1.299161e+20 2.454843e-02 1 
    0.363576 1.024891e+20 1.933676e-02 1 
    0.363850 9.230056e+19 1.738826e-02 1 
    0.364124 6.930930e+19 1.303735e-02 1 
    0.364398 1.052253e+20 1.976354e-02 1 
    0.364672 7.650029e+19 1.434679e-02 1 
    0.364946 8.855819e+19 1.658319e-02 1 
    0.365220 1.183607e+20 2.213069e-02 1 
    0.365494 9.647834e+19 1.801216e-02 1 
    0.365768 1.170380e+20 2.181786e-02 1 
    0.366042 8.352612e+19 1.554737e-02 1 
    0.366316 7.790389e+19 1.447918e-02 1 
    0.366590 6.065035e+19 1.125560e-02 1 
    0.366864 7.696710e+19 1.426236e-02 1 
    0.367138 1.146717e+20 2.121750e-02 1 
    0.367412 9.446627e+19 1.745286e-02 1 
    0.367686 9.868317e+19 1.820477e-02 1 
    0.367960 4.823709e+19 8.885386e-03 1 
    0.368234 9.068045e+19 1.667871e-02 1 
    0.368508 8.731798e+19 1.603638e-02 1 
    0.368782 8.938365e+19 1.639136e-02 1 
    0.369056 1.162385e+20 2.128443e-02 1 
    0.369330 1.158574e+20 2.118317e-02 1 
    0.369604 8.249435e+19 1.506078e-02 1 
    0.369878 1.015201e+20 1.850680e-02 1 
    0.370152 1.328651e+20 2.418507e-02 1 
    0.370427 9.395224e+19 1.707648e-02 1 
    0.370701 9.389599e+19 1.704104e-02 1 
    0.370975 9.151524e+19 1.658443e-02 1 
    0.371249 1.206017e+20 2.182324e-02 1 
    0.371523 1.183078e+20 2.137658e-02 1 
    0.371797 1.463364e+20 2.640201e-02 1 
    0.372071 2.210428e+20 3.982183e-02 1 
    0.372345 4.448984e+20 8.003247e-02 1 
    0.372619 7.994734e+20 1.436053e-01 1 
    0.372893 9.701420e+20 1.740056e-01 1 
    0.373167 7.653059e+20 1.370645e-01 1 
    0.373441 3.982263e+20 7.121679e-02 1 
    0.373715 1.766406e+20 3.154321e-02 1 
    0.373989 1.122674e+20 2.001854e-02 1 
    0.374263 1.226697e+20 2.184137e-02 1 
    0.374537 1.112235e+20 1.977441e-02 1 
    0.374811 1.111215e+20 1.972740e-02 1 
    0.375085 1.233520e+20 2.186669e-02 1 
    0.375359 1.009436e+20 1.786823e-02 1 
    0.375633 1.165408e+20 2.059904e-02 1 
    0.375907 1.160757e+20 2.048693e-02 1 
    0.376181 1.176507e+20 2.073468e-02 1 
    0.376455 1.191580e+20 2.096977e-02 1 
    0.376729 8.732320e+19 1.534504e-02 1 
    0.377003 1.221950e+20 2.144176e-02 1 
    0.377277 1.108239e+20 1.941820e-02 1 
    0.377551 9.445397e+19 1.652591e-02 1 
    0.377825 9.143209e+19 1.597400e-02 1 
    0.378099 1.131732e+20 1.974372e-02 1 
    0.378373 1.237077e+20 2.155028e-02 1 
    0.378648 1.084076e+20 1.885753e-02 1 
    0.378922 1.079087e+20 1.874360e-02 1 
    0.379196 9.564856e+19 1.659004e-02 1 
    0.379470 1.009061e+20 1.747668e-02 1 
    0.379744 1.100190e+20 1.902753e-02 1 
    0.380018 1.052145e+20 1.817037e-02 1 
    0.380292 1.104836e+20 1.905285e-02 1 
    0.380566 1.137303e+20 1.958451e-02 1 
    0.380840 1.008400e+20 1.733980e-02 1 
    0.381114 8.423345e+19 1.446343e-02 1 
    0.381388 1.405682e+20 2.410180e-02 1 
    0.381662 1.051352e+20 1.800058e-02 1 
    0.381936 1.029613e+20 1.760311e-02 1 
    0.382210 8.132913e+19 1.388476e-02 1 
    0.382484 1.112519e+20 1.896608e-02 1 
    0.382758 1.183481e+20 2.014694e-02 1 
    0.383032 1.057148e+20 1.797058e-02 1 
    0.383306 9.856122e+19 1.673059e-02 1 
    0.383580 8.944306e+19 1.516112e-02 1 
    0.383854 1.107791e+20 1.875090e-02 1 
    0.384128 1.208873e+20 2.043268e-02 1 
    0.384402 9.233400e+19 1.558428e-02 1 
    0.384676 1.344298e+20 2.265697e-02 1 
    0.384950 9.582736e+19 1.612788e-02 1 
    0.385224 1.181458e+20 1.985582e-02 1 
    0.385498 1.189712e+20 1.996614e-02 1 
    0.385772 1.037874e+20 1.739320e-02 1 
    0.386046 1.136906e+20 1.902579e-02 1 
    0.386320 1.653836e+20 2.763723e-02 1 
    0.386594 2.338683e+20 3.902631e-02 1 
    0.386869 2.734847e+20 4.557237e-02 1 
    0.387143 2.317389e+20 3.856138e-02 1 
    0.387417 1.730599e+20 2.875648e-02 1 
    0.387691 1.296462e+20 2.151221e-02 1 
    0.387965 1.094209e+20 1.813058e-02 1 
    0.388239 1.166358e+20 1.929879e-02 1 
    0.388513 1.586963e+20 2.622118e-02 1 
    0.388787 1.601478e+20 2.642372e-02 1 
    0.389061 1.636114e+20 2.695719e-02 1 
    0.389335 1.498835e+20 2.466058e-02 1 
    0.389609 1.280157e+20 2.103302e-02 1 
    0.389883 1.005848e+20 1.650290e-02 1 
    0.390157 9.600337e+19 1.572911e-02 1 
    0.390431 9.659918e+19 1.580452e-02 1 
    0.390705 1.058951e+20 1.730112e-02 1 
    0.390979 1.245838e+20 2.032597e-02 1 
    0.391253 1.202299e+20 1.958816e-02 1 
    0.391527 1.278788e+20 2.080519e-02 1 
    0.391801 1.148904e+20 1.866590e-02 1 
    0.392075 1.247483e+20 2.023918e-02 1 
    0.392349 1.179578e+20 1.911076e-02 1 
    0.392623 1.200116e+20 1.941638e-02 1 
    0.392897 1.263577e+20 2.041460e-02 1 
    0.393171 9.631788e+19 1.553962e-02 1 
    0.393445 1.059434e+20 1.706877e-02 1 
    0.393719 1.019604e+20 1.640421e-02 1 
    0.393993 1.168775e+20 1.877805e-02 1 
    0.394267 1.204553e+20 1.932598e-02 1 
    0.394541 1.133767e+20 1.816502e-02 1 
    0.394815 1.154330e+20 1.846883e-02 1 
    0.395090 1.286885e+20 2.056100e-02 1 
    0.395364 1.227128e+20 1.957907e-02 1 
    0.395638 9.951509e+19 1.585585e-02 1 
    0.395912 9.879606e+19 1.571950e-02 1 
    0.396186 1.198093e+20 1.903657e-02 1 
    0.396460 1.522055e+20 2.415061e-02 1 
    0.396734 1.919608e+20 3.041657e-02 1 
    0.397008 1.948432e+20 3.083069e-02 1 
    0.397282 1.787356e+20 2.824293e-02 1 
    0.397556 1.199289e+20 1.892447e-02 1 
    0.397830 1.092898e+20 1.722190e-02 1 
    0.398104 1.271203e+20 2.000407e-02 1 
    0.398378 1.066924e+20 1.676638e-02 1 
    0.398652 9.125287e+19 1.432040e-02 1 
    0.398926 9.700024e+19 1.520143e-02 1 
    0.399200 1.251868e+20 1.959177e-02 1 
    0.399474 1.225470e+20 1.915234e-02 1 
    0.399748 1.209656e+20 1.887929e-02 1 
    0.400022 9.536550e+19 1.486346e-02 1 
    0.400296 1.117726e+20 1.739680e-02 1 
    0.400570 1.259661e+20 1.957913e-02 1 
    0.400844 1.166085e+20 1.809990e-02 1 
    0.401118 1.282243e+20 1.987571e-02 1 
    0.401392 1.255725e+20 1.943809e-02 1 
    0.401666 1.183040e+20 1.828797e-02 1 
    0.401940 1.195666e+20 1.845796e-02 1 
    0.402214 9.918312e+19 1.529044e-02 1 
    0.402488 1.213376e+20 1.868040e-02 1 
    0.402762 1.257608e+20 1.933503e-02 1 
    0.403036 1.001449e+20 1.537580e-02 1 
    0.403311 1.101387e+20 1.688715e-02 1 
    0.403585 1.365142e+20 2.090278e-02 1 
    0.403859 1.287051e+20 1.968034e-02 1 
    0.404133 1.295548e+20 1.978342e-02 1 
    0.404407 1.128881e+20 1.721501e-02 1 
    0.404681 1.010135e+20 1.538333e-02 1 
    0.404955 1.166021e+20 1.773330e-02 1 
    0.405229 1.393909e+20 2.117044e-02 1 
    0.405503 1.286225e+20 1.950856e-02 1 
    0.405777 1.247969e+20 1.890277e-02 1 
    0.406051 1.409015e+20 2.131331e-02 1 
    0.406325 1.282228e+20 1.936933e-02 1 
    0.406599 1.175473e+20 1.773277e-02 1 
    0.406873 1.309456e+20 1.972739e-02 1 
    0.407147 1.356414e+20 2.040734e-02 1 
    0.407421 1.318041e+20 1.980335e-02 1 
    0.407695 1.243164e+20 1.865324e-02 1 
    0.407969 1.086441e+20 1.627977e-02 1 
    0.408243 1.229228e+20 1.839465e-02 1 
    0.408517 1.084267e+20 1.620364e-02 1 
    0.408791 1.266822e+20 1.890642e-02 1 
    0.409065 1.140928e+20 1.700475e-02 1 
    0.409339 1.051386e+20 1.564920e-02 1 
    0.409613 1.363530e+20 2.026813e-02 1 
    0.409887 1.901727e+20 2.823035e-02 1 
    0.410161 2.333771e+20 3.459760e-02 1 
    0.410435 1.935886e+20 2.866075e-02 1 
    0.410709 1.423919e+20 2.105297e-02 1 
    0.410983 1.045324e+20 1.543475e-02 1 
    0.411258 9.218017e+19 1.359268e-02 1 
    0.411532 1.116869e+20 1.644718e-02 1 
    0.411806 1.000571e+20 1.471495e-02 1 
    0.412080 1.150553e+20 1.689819e-02 1 
    0.412354 1.064967e+20 1.562040e-02 1 
    0.412628 1.236021e+20 1.810527e-02 1 
    0.412902 1.241866e+20 1.816676e-02 1 
    0.413176 1.121342e+20 1.638191e-02 1 
    0.413450 1.027007e+20 1.498387e-02 1 
    0.413724 1.005347e+20 1.464842e-02 1 
    0.413998 1.174102e+20 1.708465e-02 1 
    0.414272 1.212292e+20 1.761703e-02 1 
    0.414546 1.438559e+20 2.087750e-02 1 
    0.414820 1.023545e+20 1.483487e-02 1 
    0.415094 1.518575e+20 2.198061e-02 1 
    0.415368 1.283017e+20 1.854654e-02 1 
    0.415642 1.144903e+20 1.652823e-02 1 
    0.415916 1.221094e+20 1.760493e-02 1 
    0.416190 1.200775e+20 1.728919e-02 1 
    0.416464 1.220202e+20 1.754580e-02 1 
    0.416738 9.794640e+19 1.406562e-02 1 
    0.417012 1.156612e+20 1.658774e-02 1 
    0.417286 1.297041e+20 1.857730e-02 1 
    0.417560 1.357532e+20 1.941819e-02 1 
    0.417834 1.161367e+20 1.659046e-02 1 
    0.418108 1.145677e+20 1.634488e-02 1 
    0.418382 1.263745e+20 1.800569e-02 1 
    0.418656 1.311038e+20 1.865508e-02 1 
    0.418930 1.090900e+20 1.550238e-02 1 
    0.419204 1.216129e+20 1.725939e-02 1 
    0.419479 1.140619e+20 1.616652e-02 1 
    0.419753 1.176833e+20 1.665803e-02 1 
    0.420027 1.162904e+20 1.643940e-02 1 
    0.420301 1.422161e+20 2.007818e-02 1 
    0.420575 1.309356e+20 1.846151e-02 1 
    0.420849 1.275965e+20 1.796729e-02 1 
    0.421123 1.086145e+20 1.527447e-02 1 
    0.421397 1.170105e+20 1.643381e-02 1 
    0.421671 1.336818e+20 1.875086e-02 1 
    0.421945 1.165573e+20 1.632766e-02 1 
    0.422219 1.140240e+20 1.595207e-02 1 
    0.422493 1.131081e+20 1.580343e-02 1 
    0.422767 1.220350e+20 1.702859e-02 1 
    0.423041 1.216651e+20 1.695499e-02 1 
    0.423315 1.243279e+20 1.730365e-02 1 
    0.423589 1.136321e+20 1.579458e-02 1 
    0.423863 1.177263e+20 1.634251e-02 1 
    0.424137 1.327066e+20 1.839826e-02 1 
    0.424411 1.318464e+20 1.825540e-02 1 
    0.424685 1.232653e+20 1.704525e-02 1 
    0.424959 1.272715e+20 1.757655e-02 1 
    0.425233 1.224128e+20 1.688377e-02 1 
    0.425507 1.209703e+20 1.666333e-02 1 
    0.425781 1.298637e+20 1.786535e-02 1 
    0.426055 1.252807e+20 1.721272e-02 1 
    0.426329 1.202271e+20 1.649715e-02 1 
    0.426603 1.090412e+20 1.494305e-02 1 
    0.426877 1.275061e+20 1.745107e-02 1 
    0.427151 1.136675e+20 1.553710e-02 1 
    0.427425 1.198698e+20 1.636388e-02 1 
    0.427700 1.180433e+20 1.609382e-02 1 
    0.427974 1.287010e+20 1.752441e-02 1 
    0.428248 1.129232e+20 1.535638e-02 1 
    0.428522 1.130451e+20 1.535331e-02 1 
    0.428796 1.223647e+20 1.659782e-02 1 
    0.429070 1.227134e+20 1.662386e-02 1 
    0.429344 1.060625e+20 1.434986e-02 1 
    0.429618 1.166795e+20 1.576616e-02 1 
    0.429892 1.100801e+20 1.485548e-02 1 
    0.430166 1.052441e+20 1.418476e-02 1 
    0.430440 1.382921e+20 1.861524e-02 1 
    0.430714 1.333124e+20 1.792210e-02 1 
    0.430988 1.293701e+20 1.737001e-02 1 
    0.431262 1.216213e+20 1.630887e-02 1 
    0.431536 1.179425e+20 1.579548e-02 1 
    0.431810 1.124478e+20 1.504049e-02 1 
    0.432084 1.152019e+20 1.538933e-02 1 
    0.432358 1.108589e+20 1.479040e-02 1 
    0.432632 9.374879e+19 1.249180e-02 1 
    0.432906 1.064384e+20 1.416471e-02 1 
    0.433180 1.322298e+20 1.757474e-02 1 
    0.433454 1.892653e+20 2.512357e-02 1 
    0.433728 3.161139e+20 4.190879e-02 1 
    0.434002 3.699554e+20 4.898491e-02 1 
    0.434276 3.077375e+20 4.069539e-02 1 
    0.434550 1.951802e+20 2.577821e-02 1 
    0.434824 1.205914e+20 1.590690e-02 1 
    0.435098 1.150510e+20 1.515698e-02 1 
    0.435372 1.117668e+20 1.470579e-02 1 
    0.435646 1.213381e+20 1.594507e-02 1 
    0.435921 1.542782e+20 2.024816e-02 1 
    0.436195 1.613150e+20 2.114510e-02 1 
    0.436469 1.545283e+20 2.023008e-02 1 
    0.436743 1.475582e+20 1.929335e-02 1 
    0.437017 1.416365e+20 1.849588e-02 1 
    0.437291 1.249207e+20 1.629257e-02 1 
    0.437565 1.210735e+20 1.577105e-02 1 
    0.437839 1.285534e+20 1.672442e-02 1 
    0.438113 1.179324e+20 1.532348e-02 1 
    0.438387 1.183922e+20 1.536399e-02 1 
    0.438661 1.136151e+20 1.472565e-02 1 
    0.438935 1.384919e+20 1.792753e-02 1 
    0.439209 1.280947e+20 1.656095e-02 1 
    0.439483 1.235589e+20 1.595461e-02 1 
    0.439757 1.161397e+20 1.497792e-02 1 
    0.440031 1.138359e+20 1.466254e-02 1 
    0.440305 1.311823e+20 1.687580e-02 1 
    0.440579 1.319029e+20 1.694741e-02 1 
    0.440853 1.189713e+20 1.526691e-02 1 
    0.441127 1.242975e+20 1.593057e-02 1 
    0.441401 1.222425e+20 1.564775e-02 1 
    0.441675 1.156204e+20 1.478173e-02 1 
    0.441949 1.226808e+20 1.566493e-02 1 
    0.442223 1.269139e+20 1.618538e-02 1 
    0.442497 1.146173e+20 1.459909e-02 1 
    0.442771 1.164437e+20 1.481338e-02 1 
    0.443045 1.124049e+20 1.428191e-02 1 
    0.443319 1.224465e+20 1.553854e-02 1 
    0.443593 1.239520e+20 1.571016e-02 1 
    0.443867 1.315550e+20 1.665322e-02 1 
    0.444142 1.153147e+20 1.457933e-02 1 
    0.444416 1.173316e+20 1.481604e-02 1 
    0.444690 1.200157e+20 1.513631e-02 1 
    0.444964 1.280509e+20 1.612982e-02 1 
    0.445238 1.260857e+20 1.586273e-02 1 
    0.445512 1.148947e+20 1.443702e-02 1 
    0.445786 1.093070e+20 1.371802e-02 1 
    0.446060 1.183486e+20 1.483450e-02 1 
    0.446334 1.190415e+20 1.490304e-02 1 
    0.446608 1.260342e+20 1.575912e-02 1 
    0.446882 1.485666e+20 1.855376e-02 1 
    0.447156 1.345438e+20 1.678193e-02 1 
    0.447430 1.266003e+20 1.577179e-02 1 
    0.447704 1.327970e+20 1.652352e-02 1 
    0.447978 1.260506e+20 1.566492e-02 1 
    0.448252 1.038122e+20 1.288547e-02 1 
    0.448526 1.219467e+20 1.511789e-02 1 
    0.448800 1.189616e+20 1.472982e-02 1 
    0.449074 1.215269e+20 1.502910e-02 1 
    0.449348 1.140652e+20 1.408912e-02 1 
    0.449622 1.176666e+20 1.451626e-02 1 
    0.449896 1.249060e+20 1.539060e-02 1 
    0.450170 1.170808e+20 1.440884e-02 1 
    0.450444 1.266994e+20 1.557361e-02 1 
    0.450718 1.262894e+20 1.550435e-02 1 
    0.450992 1.196060e+20 1.466600e-02 1 
    0.451266 1.240482e+20 1.519224e-02 1 
    0.451540 1.346510e+20 1.647075e-02 1 
    0.451814 1.283225e+20 1.567761e-02 1 
    0.452088 1.150887e+20 1.404375e-02 1 
    0.452363 1.220431e+20 1.487427e-02 1 
    0.452637 1.360082e+20 1.655623e-02 1 
    0.452911 1.310192e+20 1.592963e-02 1 
    0.453185 1.250544e+20 1.518604e-02 1 
    0.453459 1.152864e+20 1.398294e-02 1 
    0.453733 1.163931e+20 1.410012e-02 1 
    0.454007 1.189459e+20 1.439199e-02 1 
    0.454281 1.210184e+20 1.462509e-02 1 
    0.454555 1.278028e+20 1.542638e-02 1 
    0.454829 1.217051e+20 1.467266e-02 1 
    0.455103 1.273813e+20 1.533850e-02 1 
    0.455377 1.124718e+20 1.352688e-02 1 
    0.455651 1.142165e+20 1.372020e-02 1 
    0.455925 1.239081e+20 1.486652e-02 1 
    0.456199 1.288830e+20 1.544484e-02 1 
    0.456473 1.175766e+20 1.407302e-02 1 
    0.456747 1.118805e+20 1.337517e-02 1 
    0.457021 1.199567e+20 1.432348e-02 1 
    0.457295 1.225372e+20 1.461408e-02 1 
    0.457569 1.186506e+20 1.413361e-02 1 
    0.457843 1.178473e+20 1.402113e-02 1 
    0.458117 1.147958e+20 1.364174e-02 1 
    0.458391 1.221991e+20 1.450415e-02 1 
    0.458665 1.202478e+20 1.425550e-02 1 
    0.458939 1.287148e+20 1.524106e-02 1 
    0.459213 1.183504e+20 1.399709e-02 1 
    0.459487 1.335324e+20 1.577381e-02 1 
    0.459761 1.339293e+20 1.580184e-02 1 
    0.460035 1.289575e+20 1.519712e-02 1 
    0.460309 1.219903e+20 1.435895e-02 1 
    0.460584 1.219110e+20 1.433249e-02 1 
    0.460858 1.218728e+20 1.431097e-02 1 
    0.461132 1.154295e+20 1.353826e-02 1 
    0.461406 1.194507e+20 1.399325e-02 1 
    0.461680 1.385976e+20 1.621699e-02 1 
    0.461954 1.353611e+20 1.581951e-02 1 
    0.462228 1.228279e+20 1.433775e-02 1 
    0.462502 1.249620e+20 1.456958e-02 1 
    0.462776 1.371804e+20 1.597522e-02 1 
    0.463050 1.330146e+20 1.547177e-02 1 
    0.463324 1.187835e+20 1.380013e-02 1 
    0.463598 1.322466e+20 1.534610e-02 1 
    0.463872 1.325107e+20 1.535857e-02 1 
    0.464146 1.311583e+20 1.518389e-02 1 
    0.464420 1.301794e+20 1.505279e-02 1 
    0.464694 1.343492e+20 1.551663e-02 1 
    0.464968 1.167829e+20 1.347192e-02 1 
    0.465242 1.220637e+20 1.406452e-02 1 
    0.465516 1.222656e+20 1.407122e-02 1 
    0.465790 1.283420e+20 1.475315e-02 1 
    0.466064 1.213095e+20 1.392836e-02 1 
    0.466338 1.267362e+20 1.453434e-02 1 
    0.466612 1.267178e+20 1.451518e-02 1 
    0.466886 1.159498e+20 1.326614e-02 1 
    0.467160 1.228286e+20 1.403669e-02 1 
    0.467434 1.222234e+20 1.395116e-02 1 
    0.467708 1.339788e+20 1.527506e-02 1 
    0.467982 1.247143e+20 1.420216e-02 1 
    0.468256 1.326713e+20 1.509061e-02 1 
    0.468531 1.358111e+20 1.542962e-02 1 
    0.468805 1.362808e+20 1.546488e-02 1 
    0.469079 1.372602e+20 1.555783e-02 1 
    0.469353 1.399012e+20 1.583867e-02 1 
    0.469627 1.401270e+20 1.584573e-02 1 
    0.469901 1.365762e+20 1.542619e-02 1 
    0.470175 1.348826e+20 1.521715e-02 1 
    0.470449 1.283576e+20 1.446415e-02 1 
    0.470723 1.391833e+20 1.566580e-02 1 
    0.470997 1.374747e+20 1.545549e-02 1 
    0.471271 1.324702e+20 1.487556e-02 1 
    0.471545 1.257061e+20 1.409959e-02 1 
    0.471819 1.356452e+20 1.519673e-02 1 
    0.472093 1.394437e+20 1.560415e-02 1 
    0.472367 1.202153e+20 1.343683e-02 1 
    0.472641 1.250343e+20 1.395927e-02 1 
    0.472915 1.170241e+20 1.304985e-02 1 
    0.473189 1.137244e+20 1.266720e-02 1 
    0.473463 1.280881e+20 1.425060e-02 1 
    0.473737 1.266157e+20 1.407049e-02 1 
    0.474011 1.174157e+20 1.303304e-02 1 
    0.474285 1.273867e+20 1.412348e-02 1 
    0.474559 1.248119e+20 1.382203e-02 1 
    0.474833 1.183890e+20 1.309561e-02 1 
    0.475107 1.243016e+20 1.373379e-02 1 
    0.475381 1.208155e+20 1.333324e-02 1 
    0.475655 1.140812e+20 1.257554e-02 1 
    0.475929 1.227826e+20 1.351914e-02 1 
    0.476203 1.220526e+20 1.342330e-02 1 
    0.476477 1.268402e+20 1.393380e-02 1 
    0.476752 1.150872e+20 1.262811e-02 1 
    0.477026 1.130878e+20 1.239448e-02 1 
    0.477300 1.264491e+20 1.384297e-02 1 
    0.477574 1.198189e+20 1.310209e-02 1 
    0.477848 1.353672e+20 1.478531e-02 1 
    0.478122 1.353501e+20 1.476650e-02 1 
    0.478396 1.255354e+20 1.368004e-02 1 
    0.478670 1.183577e+20 1.288310e-02 1 
    0.478944 1.243778e+20 1.352290e-02 1 
    0.479218 1.336452e+20 1.451388e-02 1 
    0.479492 1.230456e+20 1.334750e-02 1 
    0.479766 1.284335e+20 1.391604e-02 1 
    0.480040 1.349546e+20 1.460594e-02 1 
    0.480314 1.429675e+20 1.545550e-02 1 
    0.480588 1.175648e+20 1.269486e-02 1 
    0.480862 1.214311e+20 1.309741e-02 1 
    0.481136 1.357546e+20 1.462566e-02 1 
    0.481410 1.330711e+20 1.432022e-02 1 
    0.481684 1.235155e+20 1.327680e-02 1 
    0.481958 1.183018e+20 1.270193e-02 1 
    0.482232 1.390650e+20 1.491428e-02 1 
    0.482506 1.244760e+20 1.333449e-02 1 
    0.482780 1.293900e+20 1.384518e-02 1 
    0.483054 1.350915e+20 1.443887e-02 1 
    0.483328 1.266604e+20 1.352239e-02 1 
    0.483602 1.303787e+20 1.390359e-02 1 
    0.483876 1.319051e+20 1.405044e-02 1 
    0.484150 1.226404e+20 1.304878e-02 1 
    0.484424 1.265362e+20 1.344807e-02 1 
    0.484698 1.235876e+20 1.311986e-02 1 
    0.484973 1.241828e+20 1.316809e-02 1 
    0.485247 1.560450e+20 1.652801e-02 1 
    0.485521 2.869476e+20 3.035869e-02 1 
    0.485795 6.136264e+20 6.484767e-02 1 
    0.486069 8.787878e+20 9.276510e-02 1 
    0.486343 8.109203e+20 8.550455e-02 1 
    0.486617 4.594609e+20 4.839165e-02 1 
    0.486891 2.189539e+20 2.303486e-02 1 
    0.487165 1.480747e+20 1.556056e-02 1 
    0.487439 1.244360e+20 1.306177e-02 1 
    0.487713 1.303055e+20 1.366251e-02 1 
    0.487987 1.474060e+20 1.543814e-02 1 
    0.488261 1.327852e+20 1.389127e-02 1 
    0.488535 1.358225e+20 1.419309e-02 1 
    0.488809 1.335200e+20 1.393685e-02 1 
    0.489083 1.339612e+20 1.396723e-02 1 
    0.489357 1.351288e+20 1.407320e-02 1 
    0.489631 1.247756e+20 1.298041e-02 1 
    0.489905 1.354491e+20 1.407501e-02 1 
    0.490179 1.293514e+20 1.342636e-02 1 
    0.490453 1.233724e+20 1.279144e-02 1 
    0.490727 1.319998e+20 1.367067e-02 1 
    0.491001 1.333185e+20 1.379183e-02 1 
    0.491275 1.211928e+20 1.252345e-02 1 
    0.491549 1.322392e+20 1.364970e-02 1 
    0.491823 1.351140e+20 1.393090e-02 1 
    0.492097 1.248014e+20 1.285330e-02 1 
    0.492371 1.224444e+20 1.259651e-02 1 
    0.492645 1.231773e+20 1.265782e-02 1 
    0.492919 1.325405e+20 1.360486e-02 1 
    0.493194 1.254762e+20 1.286537e-02 1 
    0.493468 1.252184e+20 1.282468e-02 1 
    0.493742 1.209049e+20 1.236916e-02 1 
    0.494016 1.287828e+20 1.316050e-02 1 
    0.494290 1.350305e+20 1.378366e-02 1 
    0.494564 1.362656e+20 1.389433e-02 1 
    0.494838 1.582479e+20 1.611789e-02 1 
    0.495112 2.254327e+20 2.293540e-02 1 
    0.495386 5.023802e+20 5.105538e-02 1 
    0.495660 1.009043e+21 1.024326e-01 1 
    0.495934 1.223483e+21 1.240643e-01 1 
    0.496208 9.386312e+20 9.507446e-02 1 
    0.496482 5.732200e+20 5.799770e-02 1 
    0.496756 2.130119e+20 2.152852e-02 1 
    0.497030 1.424286e+20 1.437899e-02 1 
    0.497304 1.317421e+20 1.328548e-02 1 
    0.497578 1.516668e+20 1.527793e-02 1 
    0.497852 1.243929e+20 1.251675e-02 1 
    0.498126 1.365392e+20 1.372383e-02 1 
    0.498400 1.338185e+20 1.343558e-02 1 
    0.498674 1.212645e+20 1.216177e-02 1 
    0.498948 1.587019e+20 1.589893e-02 1 
    0.499222 1.548374e+20 1.549476e-02 1 
    0.499496 1.584483e+20 1.583872e-02 1 
    0.499770 2.356713e+20 2.353221e-02 1 
    0.500044 6.878824e+20 6.861107e-02 1 
    0.500318 2.061318e+21 2.053757e-01 1 
    0.500592 3.371459e+21 3.355417e-01 1 
    0.500866 3.243092e+21 3.224130e-01 1 
    0.501140 1.792582e+21 1.780153e-01 1 
    0.501415 6.138160e+20 6.088917e-02 1 
    0.501689 2.696947e+20 2.672389e-02 1 
    0.501963 1.791325e+20 1.773076e-02 1 
    0.502237 1.452746e+20 1.436378e-02 1 
    0.502511 1.335612e+20 1.319124e-02 1 
    0.502785 1.396439e+20 1.377697e-02 1 
    0.503059 1.251881e+20 1.233734e-02 1 
    0.503333 1.263587e+20 1.243915e-02 1 
    0.503607 1.246059e+20 1.225326e-02 1 
    0.503881 1.501983e+20 1.475385e-02 1 
    0.504155 1.293169e+20 1.268889e-02 1 
    0.504429 1.345589e+20 1.318890e-02 1 
    0.504703 1.467788e+20 1.437103e-02 1 
    0.504977 1.417666e+20 1.386523e-02 1 
    0.505251 1.403620e+20 1.371297e-02 1 
    0.505525 1.184136e+20 1.155614e-02 1 
    0.505799 1.309873e+20 1.276937e-02 1 
    0.506073 1.323530e+20 1.288855e-02 1 
    0.506347 1.411111e+20 1.372654e-02 1 
    0.506621 1.351094e+20 1.312852e-02 1 
    0.506895 1.323567e+20 1.284714e-02 1 
    0.507169 1.366608e+20 1.325059e-02 1 
    0.507443 1.204735e+20 1.166845e-02 1 
    0.507717 1.249866e+20 1.209252e-02 1 
    0.507991 1.231195e+20 1.189902e-02 1 
    0.508265 1.284204e+20 1.239795e-02 1 
    0.508539 1.295415e+20 1.249271e-02 1 
    0.508813 1.494985e+20 1.440180e-02 1 
    0.509087 1.198742e+20 1.153555e-02 1 
    0.509361 1.199864e+20 1.153392e-02 1 
    0.509636 1.170044e+20 1.123514e-02 1 
    0.509910 1.344785e+20 1.289919e-02 1 
    0.510184 1.278402e+20 1.224927e-02 1 
    0.510458 1.333602e+20 1.276447e-02 1 
    0.510732 1.168425e+20 1.117149e-02 1 
    0.511006 1.281938e+20 1.224367e-02 1 
    0.511280 1.260871e+20 1.202956e-02 1 
    0.511554 1.313550e+20 1.251872e-02 1 
    0.511828 1.311120e+20 1.248219e-02 1 
    0.512102 1.237243e+20 1.176627e-02 1 
    0.512376 1.366906e+20 1.298546e-02 1 
    0.512650 1.232919e+20 1.170008e-02 1 
    0.512924 1.318554e+20 1.249938e-02 1 
    0.513198 1.229235e+20 1.164023e-02 1 
    0.513472 1.121084e+20 1.060476e-02 1 
    0.513746 1.295246e+20 1.223916e-02 1 
    0.514020 1.232200e+20 1.163101e-02 1 
    0.514294 1.149110e+20 1.083515e-02 1 
    0.514568 1.214363e+20 1.143824e-02 1 
    0.514842 1.311253e+20 1.233772e-02 1 
    0.515116 1.244406e+20 1.169630e-02 1 
    0.515390 1.170519e+20 1.099014e-02 1 
    0.515664 1.396153e+20 1.309471e-02 1 
    0.515938 1.359672e+20 1.273900e-02 1 
    0.516212 1.328579e+20 1.243448e-02 1 
    0.516486 1.332659e+20 1.245944e-02 1 
    0.516760 1.162500e+20 1.085705e-02 1 
    0.517034 1.058366e+20 9.874023e-03 1 
    0.517308 1.178356e+20 1.098183e-02 1 
    0.517582 1.172826e+20 1.091872e-02 1 
    0.517857 1.275221e+20 1.185938e-02 1 
    0.518131 1.180800e+20 1.096967e-02 1 
    0.518405 1.209778e+20 1.122700e-02 1 
    0.518679 1.206259e+20 1.118252e-02 1 
    0.518953 1.318078e+20 1.220623e-02 1 
    0.519227 1.324553e+20 1.225325e-02 1 
    0.519501 1.414030e+20 1.306719e-02 1 
    0.519775 1.322160e+20 1.220533e-02 1 
    0.520049 1.442940e+20 1.330626e-02 1 
    0.520323 1.349782e+20 1.243409e-02 1 
    0.520597 1.286728e+20 1.184077e-02 1 
    0.520871 1.212307e+20 1.114419e-02 1 
    0.521145 1.140149e+20 1.046986e-02 1 
    0.521419 1.270333e+20 1.165307e-02 1 
    0.521693 1.279542e+20 1.172522e-02 1 
    0.521967 1.203962e+20 1.102105e-02 1 
    0.522241 1.138009e+20 1.040639e-02 1 
    0.522515 1.173352e+20 1.071833e-02 1 
    0.522789 1.370674e+20 1.250771e-02 1 
    0.523063 1.438608e+20 1.311387e-02 1 
    0.523337 1.409911e+20 1.283882e-02 1 
    0.523611 1.327913e+20 1.207949e-02 1 
    0.523885 1.314199e+20 1.194224e-02 1 
    0.524159 1.277027e+20 1.159232e-02 1 
    0.524433 1.301755e+20 1.180445e-02 1 
    0.524707 1.064360e+20 9.641646e-03 1 
    0.524981 1.287431e+20 1.165019e-02 1 
    0.525255 1.267110e+20 1.145435e-02 1 
    0.525529 1.291943e+20 1.166665e-02 1 
    0.525803 1.327550e+20 1.197571e-02 1 
    0.526078 1.278505e+20 1.152122e-02 1 
    0.526352 1.267744e+20 1.141236e-02 1 
    0.526626 1.415137e+20 1.272595e-02 1 
    0.526900 1.307022e+20 1.174148e-02 1 
    0.527174 1.360271e+20 1.220714e-02 1 
    0.527448 1.364852e+20 1.223553e-02 1 
    0.527722 1.303148e+20 1.167024e-02 1 
    0.527996 1.272139e+20 1.138072e-02 1 
    0.528270 1.315164e+20 1.175342e-02 1 
    0.528544 1.186243e+20 1.059029e-02 1 
    0.528818 1.311669e+20 1.169791e-02 1 
    0.529092 1.283942e+20 1.143878e-02 1 
    0.529366 1.270541e+20 1.130767e-02 1 
    0.529640 1.207501e+20 1.073551e-02 1 
    0.529914 1.160618e+20 1.030801e-02 1 
    0.530188 1.178124e+20 1.045268e-02 1 
    0.530462 1.210518e+20 1.072900e-02 1 
    0.530736 1.326125e+20 1.174150e-02 1 
    0.531010 1.272292e+20 1.125325e-02 1 
    0.531284 1.251973e+20 1.106211e-02 1 
    0.531558 1.332592e+20 1.176230e-02 1 
    0.531832 1.212678e+20 1.069284e-02 1 
    0.532106 1.276092e+20 1.124041e-02 1 
    0.532380 1.354905e+20 1.192235e-02 1 
    0.532654 1.226079e+20 1.077766e-02 1 
    0.532928 1.204605e+20 1.057802e-02 1 
    0.533202 1.279851e+20 1.122722e-02 1 
    0.533476 1.383911e+20 1.212760e-02 1 
    0.533750 1.246251e+20 1.091004e-02 1 
    0.534025 1.309834e+20 1.145485e-02 1 
    0.534299 1.221509e+20 1.067147e-02 1 
    0.534573 1.322677e+20 1.154347e-02 1 
    0.534847 1.206116e+20 1.051541e-02 1 
    0.535121 1.292979e+20 1.126118e-02 1 
    0.535395 1.317104e+20 1.145956e-02 1 
    0.535669 1.342504e+20 1.166861e-02 1 
    0.535943 1.357936e+20 1.179067e-02 1 
    0.536217 1.288441e+20 1.117583e-02 1 
    0.536491 1.257453e+20 1.089590e-02 1 
    0.536765 1.326048e+20 1.147856e-02 1 
    0.537039 1.316570e+20 1.138488e-02 1 
    0.537313 1.451511e+20 1.253898e-02 1 
    0.537587 1.343335e+20 1.159267e-02 1 
    0.537861 1.283371e+20 1.106391e-02 1 
    0.538135 1.318758e+20 1.135740e-02 1 
    0.538409 1.255594e+20 1.080242e-02 1 
    0.538683 1.304655e+20 1.121310e-02 1 
    0.538957 1.211647e+20 1.040314e-02 1 
    0.539231 1.212711e+20 1.040169e-02 1 
    0.539505 1.269449e+20 1.087729e-02 1 
    0.539779 1.202332e+20 1.029175e-02 1 
    0.540053 1.132519e+20 9.684319e-03 1 
    0.540327 1.176324e+20 1.004870e-02 1 
    0.540601 1.135179e+20 9.687396e-03 1 
    0.540875 1.249327e+20 1.065071e-02 1 
    0.541149 1.294716e+20 1.102649e-02 1 
    0.541423 1.242911e+20 1.057458e-02 1 
    0.541697 1.349106e+20 1.146647e-02 1 
    0.541971 1.294968e+20 1.099521e-02 1 
    0.542246 1.243704e+20 1.054923e-02 1 
    0.542520 1.196367e+20 1.013747e-02 1 
    0.542794 1.369162e+20 1.158994e-02 1 
    0.543068 1.423129e+20 1.203462e-02 1 
    0.543342 1.303601e+20 1.101272e-02 1 
    0.543616 1.274017e+20 1.075195e-02 1 
    0.543890 1.328732e+20 1.120242e-02 1 
    0.544164 1.360538e+20 1.145902e-02 1 
    0.544438 1.401928e+20 1.179574e-02 1 
    0.544712 1.399596e+20 1.176428e-02 1 
    0.544986 1.396783e+20 1.172883e-02 1 
    0.545260 1.299520e+20 1.090115e-02 1 
    0.545534 1.516466e+20 1.270824e-02 1 
    0.545808 1.265888e+20 1.059771e-02 1 
    0.546082 1.376937e+20 1.151581e-02 1 
    0.546356 1.389054e+20 1.160551e-02 1 
    0.546630 1.216667e+20 1.015503e-02 1 
    0.546904 1.482475e+20 1.236123e-02 1 
    0.547178 1.318080e+20 1.097946e-02 1 
    0.547452 1.309405e+20 1.089628e-02 1 
    0.547726 1.205671e+20 1.002302e-02 1 
    0.548000 1.322436e+20 1.098272e-02 1 
    0.548274 1.406737e+20 1.167116e-02 1 
    0.548548 1.329970e+20 1.102323e-02 1 
    0.548822 1.425909e+20 1.180661e-02 1 
    0.549096 1.293168e+20 1.069682e-02 1 
    0.549370 1.317437e+20 1.088670e-02 1 
    0.549644 1.211020e+20 9.997351e-03 1 
    0.549918 1.198283e+20 9.882340e-03 1 
    0.550192 1.247217e+20 1.027566e-02 1 
    0.550467 1.195773e+20 9.841981e-03 1 
    0.550741 1.225158e+20 1.007381e-02 1 
    0.551015 1.292466e+20 1.061668e-02 1 
    0.551289 1.310632e+20 1.075520e-02 1 
    0.551563 1.369950e+20 1.123080e-02 1 
    0.551837 1.444994e+20 1.183425e-02 1 
    0.552111 1.337862e+20 1.094599e-02 1 
    0.552385 1.347532e+20 1.101417e-02 1 
    0.552659 1.342934e+20 1.096571e-02 1 
    0.552933 1.341384e+20 1.094220e-02 1 
    0.553207 1.131506e+20 9.221003e-03 1 
    0.553481 1.218589e+20 9.920837e-03 1 
    0.553755 1.291324e+20 1.050259e-02 1 
    0.554029 1.308182e+20 1.062917e-02 1 
    0.554303 1.368157e+20 1.110550e-02 1 
    0.554577 1.426599e+20 1.156844e-02 1 
    0.554851 1.465355e+20 1.187098e-02 1 
    0.555125 1.321765e+20 1.069717e-02 1 
    0.555399 1.326492e+20 1.072484e-02 1 
    0.555673 1.332011e+20 1.075884e-02 1 
    0.555947 1.343432e+20 1.084040e-02 1 
    0.556221 1.258458e+20 1.014473e-02 1 
    0.556495 1.380573e+20 1.111817e-02 1 
    0.556769 1.247767e+20 1.003876e-02 1 
    0.557043 1.363179e+20 1.095650e-02 1 
    0.557317 1.443953e+20 1.159431e-02 1 
    0.557591 1.379998e+20 1.106989e-02 1 
    0.557865 1.396090e+20 1.118798e-02 1 
    0.558139 1.190580e+20 9.531698e-03 1 
    0.558413 1.423027e+20 1.138147e-02 1 
    0.558688 1.236237e+20 9.877787e-03 1 
    0.558962 1.277073e+20 1.019407e-02 1 
    0.559236 1.159137e+20 9.243598e-03 1 
    0.559510 1.130425e+20 9.005800e-03 1 
    0.559784 1.148505e+20 9.140886e-03 1 
    0.560058 1.264142e+20 1.005139e-02 1 
    0.560332 1.226564e+20 9.743072e-03 1 
    0.560606 1.195497e+20 9.487009e-03 1 
    0.560880 1.392126e+20 1.103659e-02 1 
    0.561154 1.382230e+20 1.094744e-02 1 
    0.561428 1.429175e+20 1.130821e-02 1 
    0.561702 1.284547e+20 1.015394e-02 1 
    0.561976 1.265305e+20 9.992090e-03 1 
    0.562250 1.319352e+20 1.040874e-02 1 
    0.562524 1.266513e+20 9.982144e-03 1 
    0.562798 1.252359e+20 9.860986e-03 1 
    0.563072 1.352684e+20 1.064057e-02 1 
    0.563346 1.398113e+20 1.098724e-02 1 
    0.563620 1.297804e+20 1.018903e-02 1 
    0.563894 1.346654e+20 1.056227e-02 1 
    0.564168 1.296567e+20 1.015955e-02 1 
    0.564442 1.284059e+20 1.005178e-02 1 
    0.564716 1.337518e+20 1.046010e-02 1 
    0.564990 1.369901e+20 1.070297e-02 1 
    0.565264 1.394631e+20 1.088561e-02 1 
    0.565538 1.429331e+20 1.114566e-02 1 
    0.565812 1.444389e+20 1.125217e-02 1 
    0.566086 1.317505e+20 1.025378e-02 1 
    0.566360 1.261868e+20 9.811272e-03 1 
    0.566634 1.320756e+20 1.025921e-02 1 
    0.566909 1.329188e+20 1.031469e-02 1 
    0.567183 1.246314e+20 9.662232e-03 1 
    0.567457 1.355831e+20 1.050113e-02 1 
    0.567731 1.335125e+20 1.033078e-02 1 
    0.568005 1.289207e+20 9.965860e-03 1 
    0.568279 1.314499e+20 1.015158e-02 1 
    0.568553 1.406873e+20 1.085449e-02 1 
    0.568827 1.414470e+20 1.090259e-02 1 
    0.569101 1.349985e+20 1.039553e-02 1 
    0.569375 1.277146e+20 9.825174e-03 1 
    0.569649 1.200071e+20 9.223353e-03 1 
    0.569923 1.248047e+20 9.582856e-03 1 
    0.570197 1.338287e+20 1.026587e-02 1 
    0.570471 1.301677e+20 9.975454e-03 1 
    0.570745 1.215252e+20 9.304191e-03 1 
    0.571019 1.237036e+20 9.461882e-03 1 
    0.571293 1.486422e+20 1.135849e-02 1 
    0.571567 1.504642e+20 1.148671e-02 1 
    0.571841 1.372904e+20 1.047095e-02 1 
    0.572115 1.360526e+20 1.036661e-02 1 
    0.572389 1.371689e+20 1.044166e-02 1 
    0.572663 1.289611e+20 9.807466e-03 1 
    0.572937 1.238934e+20 9.413063e-03 1 
    0.573211 1.448415e+20 1.099412e-02 1 
    0.573485 1.360278e+20 1.031526e-02 1 
    0.573759 1.260610e+20 9.550322e-03 1 
    0.574033 1.471806e+20 1.113969e-02 1 
    0.574307 1.487943e+20 1.125109e-02 1 
    0.574581 1.260299e+20 9.520667e-03 1 
    0.574855 1.234521e+20 9.317047e-03 1 
    0.575130 1.275607e+20 9.617927e-03 1 
    0.575404 1.221584e+20 9.201824e-03 1 
    0.575678 1.470397e+20 1.106552e-02 1 
    0.575952 1.334842e+20 1.003584e-02 1 
    0.576226 1.331827e+20 1.000365e-02 1 
    0.576500 1.391292e+20 1.044037e-02 1 
    0.576774 1.424696e+20 1.068089e-02 1 
    0.577048 1.285869e+20 9.630955e-03 1 
    0.577322 1.380400e+20 1.032916e-02 1 
    0.577596 1.264220e+20 9.450845e-03 1 
    0.577870 1.228713e+20 9.176697e-03 1 
    0.578144 1.337656e+20 9.980877e-03 1 
    0.578418 1.398674e+20 1.042628e-02 1 
    0.578692 1.461117e+20 1.088144e-02 1 
    0.578966 1.366521e+20 1.016732e-02 1 
    0.579240 1.257439e+20 9.346870e-03 1 
    0.579514 1.327639e+20 9.859360e-03 1 
    0.579788 1.253214e+20 9.297866e-03 1 
    0.580062 1.326370e+20 9.831333e-03 1 
    0.580336 1.400127e+20 1.036824e-02 1 
    0.580610 1.246920e+20 9.224991e-03 1 
    0.580884 1.374343e+20 1.015811e-02 1 
    0.581158 1.316155e+20 9.718857e-03 1 
    0.581432 1.505089e+20 1.110352e-02 1 
    0.581706 1.376298e+20 1.014382e-02 1 
    0.581980 1.444664e+20 1.063769e-02 1 
    0.582254 1.236219e+20 9.094253e-03 1 
    0.582528 1.380806e+20 1.014835e-02 1 
    0.582802 1.398877e+20 1.027150e-02 1 
    0.583076 1.526949e+20 1.120136e-02 1 
    0.583351 1.388604e+20 1.017689e-02 1 
    0.583625 1.236932e+20 9.056794e-03 1 
    0.583899 1.442263e+20 1.055032e-02 1 
    0.584173 1.310692e+20 9.578870e-03 1 
    0.584447 1.423771e+20 1.039552e-02 1 
    0.584721 1.263200e+20 9.214487e-03 1 
    0.584995 1.413168e+20 1.029878e-02 1 
    0.585269 1.600297e+20 1.165162e-02 1 
    0.585543 1.436724e+20 1.045086e-02 1 
    0.585817 1.379742e+20 1.002699e-02 1 
    0.586091 1.238492e+20 8.992064e-03 1 
    0.586365 1.557908e+20 1.130062e-02 1 
    0.586639 1.785692e+20 1.294080e-02 1 
    0.586913 1.389431e+20 1.005972e-02 1 
    0.587187 2.273331e+20 1.644396e-02 1 
    0.587461 2.412707e+20 1.743584e-02 1 
    0.587735 2.179394e+20 1.573508e-02 1 
    0.588009 1.695041e+20 1.222669e-02 1 
    0.588283 1.616598e+20 1.165000e-02 1 
    0.588557 1.457759e+20 1.049555e-02 1 
    0.588831 1.239793e+20 8.917932e-03 1 
    0.589105 1.439790e+20 1.034690e-02 1 
    0.589379 1.273233e+20 9.141448e-03 1 
    0.589653 1.379570e+20 9.895717e-03 1 
    0.589927 1.233184e+20 8.837465e-03 1 
    0.590201 1.188336e+20 8.508163e-03 1 
    0.590475 1.498271e+20 1.071726e-02 1 
    0.590749 1.368712e+20 9.781432e-03 1 
    0.591023 1.288857e+20 9.202215e-03 1 
    0.591298 1.263890e+20 9.015562e-03 1 
    0.591572 1.276379e+20 9.096216e-03 1 
    0.591846 1.373999e+20 9.782851e-03 1 
    0.592120 1.426573e+20 1.014778e-02 1 
    0.592394 1.335374e+20 9.490261e-03 1 
    0.592668 1.234327e+20 8.764024e-03 1 
    0.592942 1.375116e+20 9.754645e-03 1 
    0.593216 1.294787e+20 9.176332e-03 1 
    0.593490 1.342849e+20 9.508168e-03 1 
    0.593764 1.164329e+20 8.236531e-03 1 
    0.594038 1.357561e+20 9.594609e-03 1 
    0.594312 1.415438e+20 9.994438e-03 1 
    0.594586 1.350608e+20 9.527883e-03 1 
    0.594860 1.161576e+20 8.186805e-03 1 
    0.595134 1.236634e+20 8.707794e-03 1 
    0.595408 1.329823e+20 9.355368e-03 1 
    0.595682 1.227695e+20 8.628952e-03 1 
    0.595956 1.460030e+20 1.025250e-02 1 
    0.596230 1.277796e+20 8.964586e-03 1 
    0.596504 1.277139e+20 8.951746e-03 1 
    0.596778 1.386177e+20 9.707101e-03 1 
    0.597052 1.294555e+20 9.057176e-03 1 
    0.597326 1.287750e+20 9.001300e-03 1 
    0.597600 1.231705e+20 8.601652e-03 1 
    0.597874 1.322875e+20 9.229877e-03 1 
    0.598148 1.368942e+20 9.542545e-03 1 
    0.598422 1.326288e+20 9.236751e-03 1 
    0.598696 1.266038e+20 8.809075e-03 1 
    0.598970 1.274715e+20 8.861337e-03 1 
    0.599244 1.354748e+20 9.409092e-03 1 
    0.599519 1.463985e+20 1.015844e-02 1 
    0.599793 1.504086e+20 1.042717e-02 1 
    0.600067 1.264215e+20 8.756246e-03 1 
    0.600341 1.375232e+20 9.516481e-03 1 
    0.600615 1.300895e+20 8.993867e-03 1 
    0.600889 1.497493e+20 1.034362e-02 1 
    0.601163 1.528916e+20 1.055105e-02 1 
    0.601437 1.411444e+20 9.731498e-03 1 
    0.601711 1.273673e+20 8.773613e-03 1 
    0.601985 1.170386e+20 8.054790e-03 1 
    0.602259 1.338483e+20 9.203281e-03 1 
    0.602533 1.259756e+20 8.654082e-03 1 
    0.602807 1.345241e+20 9.232940e-03 1 
    0.603081 1.271358e+20 8.717920e-03 1 
    0.603355 1.190739e+20 8.157692e-03 1 
    0.603629 1.325029e+20 9.069467e-03 1 
    0.603903 1.266285e+20 8.659513e-03 1 
    0.604177 1.419465e+20 9.698236e-03 1 
    0.604451 1.313965e+20 8.969288e-03 1 
    0.604725 1.201456e+20 8.193862e-03 1 
    0.604999 1.334741e+20 9.094607e-03 1 
    0.605273 1.382251e+20 9.409807e-03 1 
    0.605547 1.345615e+20 9.152115e-03 1 
    0.605821 1.304946e+20 8.867481e-03 1 
    0.606095 1.319738e+20 8.959889e-03 1 
    0.606369 1.470975e+20 9.977636e-03 1 
    0.606643 1.421311e+20 9.632059e-03 1 
    0.606917 1.332802e+20 9.024090e-03 1 
    0.607191 1.460103e+20 9.877095e-03 1 
    0.607465 1.412376e+20 9.545623e-03 1 
    0.607740 1.353876e+20 9.141968e-03 1 
    0.608014 1.425058e+20 9.613950e-03 1 
    0.608288 1.459450e+20 9.837102e-03 1 
    0.608562 1.350425e+20 9.094048e-03 1 
    0.608836 1.253942e+20 8.436712e-03 1 
    0.609110 1.274064e+20 8.564383e-03 1 
    0.609384 1.077386e+20 7.235784e-03 1 
    0.609658 1.211030e+20 8.126039e-03 1 
    0.609932 1.498074e+20 1.004308e-02 1 
    0.610206 1.313994e+20 8.801101e-03 1 
    0.610480 1.250590e+20 8.368904e-03 1 
    0.610754 1.294367e+20 8.654084e-03 1 
    0.611028 1.331181e+20 8.892245e-03 1 
    0.611302 1.425151e+20 9.511428e-03 1 
    0.611576 1.416747e+20 9.446871e-03 1 
    0.611850 1.299071e+20 8.654448e-03 1 
    0.612124 1.315993e+20 8.759333e-03 1 
    0.612398 1.455719e+20 9.680695e-03 1 
    0.612672 1.462683e+20 9.718309e-03 1 
    0.612946 1.342876e+20 8.914314e-03 1 
    0.613220 1.378378e+20 9.141806e-03 1 
    0.613494 1.273396e+20 8.437993e-03 1 
    0.613768 1.268005e+20 8.394774e-03 1 
    0.614042 1.232941e+20 8.155349e-03 1 
    0.614316 1.234206e+20 8.156434e-03 1 
    0.614590 1.438608e+20 9.498782e-03 1 
    0.614864 1.462671e+20 9.649058e-03 1 
    0.615138 1.326160e+20 8.740719e-03 1 
    0.615412 1.545192e+20 1.017529e-02 1 
    0.615686 1.507868e+20 9.920677e-03 1 
    0.615961 1.382554e+20 9.088079e-03 1 
    0.616235 1.366272e+20 8.973067e-03 1 
    0.616509 1.394110e+20 9.147758e-03 1 
    0.616783 1.366911e+20 8.961316e-03 1 
    0.617057 1.350208e+20 8.843955e-03 1 
    0.617331 1.241982e+20 8.127845e-03 1 
    0.617605 1.431375e+20 9.358978e-03 1 
    0.617879 1.226278e+20 8.010847e-03 1 
    0.618153 1.062928e+20 6.937587e-03 1 
    0.618427 1.514998e+20 9.879426e-03 1 
    0.618701 1.171034e+20 7.629648e-03 1 
    0.618975 1.340864e+20 8.728407e-03 1 
    0.619249 1.382813e+20 8.993513e-03 1 
    0.619523 1.478156e+20 9.605101e-03 1 
    0.619797 1.326685e+20 8.613217e-03 1 
    0.620071 1.160782e+20 7.529468e-03 1 
    0.620345 1.217838e+20 7.892587e-03 1 
    0.620619 1.297559e+20 8.401822e-03 1 
    0.620893 1.368727e+20 8.854817e-03 1 
    0.621167 1.485090e+20 9.599141e-03 1 
    0.621441 1.168158e+20 7.543939e-03 1 
    0.621715 1.212770e+20 7.825140e-03 1 
    0.621989 1.318359e+20 8.498936e-03 1 
    0.622263 1.507855e+20 9.711987e-03 1 
    0.622537 1.402400e+20 9.024809e-03 1 
    0.622811 1.537063e+20 9.882698e-03 1 
    0.623085 1.425279e+20 9.155917e-03 1 
    0.623359 1.454032e+20 9.332414e-03 1 
    0.623633 1.164457e+20 7.467270e-03 1 
    0.623907 1.342619e+20 8.602201e-03 1 
    0.624182 1.433689e+20 9.177593e-03 1 
    0.624456 1.214012e+20 7.764543e-03 1 
    0.624730 1.458818e+20 9.322083e-03 1 
    0.625004 1.309925e+20 8.363292e-03 1 
    0.625278 1.243292e+20 7.930915e-03 1 
    0.625552 1.275252e+20 8.127665e-03 1 
    0.625826 1.333536e+20 8.491688e-03 1 
    0.626100 1.555042e+20 9.893529e-03 1 
    0.626374 1.283898e+20 8.161302e-03 1 
    0.626648 1.341598e+20 8.520625e-03 1 
    0.626922 1.396832e+20 8.863671e-03 1 
    0.627196 1.319444e+20 8.365289e-03 1 
    0.627470 1.231756e+20 7.802527e-03 1 
    0.627744 1.118113e+20 7.076473e-03 1 
    0.628018 1.122778e+20 7.099801e-03 1 
    0.628292 1.386658e+20 8.760780e-03 1 
    0.628566 9.673193e+19 6.106108e-03 1 
    0.628840 1.297526e+20 8.183373e-03 1 
    0.629114 1.393590e+20 8.781579e-03 1 
    0.629388 1.590118e+20 1.001127e-02 1 
    0.629662 1.814528e+20 1.141419e-02 1 
    0.629936 2.113158e+20 1.328115e-02 1 
    0.630210 2.074911e+20 1.302942e-02 1 
    0.630484 2.006243e+20 1.258728e-02 1 
    0.630758 1.782483e+20 1.117368e-02 1 
    0.631032 1.567139e+20 9.815246e-03 1 
    0.631306 1.606703e+20 1.005431e-02 1 
    0.631580 1.410987e+20 8.821914e-03 1 
    0.631854 1.329304e+20 8.303999e-03 1 
    0.632128 1.356186e+20 8.464585e-03 1 
    0.632403 1.476778e+20 9.209240e-03 1 
    0.632677 1.285254e+20 8.007949e-03 1 
    0.632951 1.419847e+20 8.838890e-03 1 
    0.633225 1.367319e+20 8.504526e-03 1 
    0.633499 1.288480e+20 8.007227e-03 1 
    0.633773 1.481291e+20 9.197489e-03 1 
    0.634047 1.622315e+20 1.006442e-02 1 
    0.634321 1.383143e+20 8.573247e-03 1 
    0.634595 1.621441e+20 1.004163e-02 1 
    0.634869 1.363264e+20 8.435451e-03 1 
    0.635143 1.460470e+20 9.029136e-03 1 
    0.635417 1.278232e+20 7.895658e-03 1 
    0.635691 1.209217e+20 7.462918e-03 1 
    0.635965 1.357301e+20 8.369631e-03 1 
    0.636239 1.139803e+20 7.022403e-03 1 
    0.636513 1.601794e+20 9.860264e-03 1 
    0.636787 1.237795e+20 7.613015e-03 1 
    0.637061 1.352214e+20 8.309596e-03 1 
    0.637335 1.293324e+20 7.940872e-03 1 
    0.637609 1.349914e+20 8.281207e-03 1 
    0.637883 1.277316e+20 7.829117e-03 1 
    0.638157 1.423931e+20 8.720279e-03 1 
    0.638431 1.475574e+20 9.028786e-03 1 
    0.638705 1.389729e+20 8.496225e-03 1 
    0.638979 1.377008e+20 8.411233e-03 1 
    0.639253 1.283876e+20 7.835632e-03 1 
    0.639527 1.358523e+20 8.284106e-03 1 
    0.639801 1.445406e+20 8.806363e-03 1 
    0.640075 1.225985e+20 7.463111e-03 1 
    0.640349 1.341741e+20 8.160778e-03 1 
    0.640624 1.423204e+20 8.648829e-03 1 
    0.640898 1.364410e+20 8.284446e-03 1 
    0.641172 1.405937e+20 8.529298e-03 1 
    0.641446 1.364477e+20 8.270705e-03 1 
    0.641720 1.219840e+20 7.387684e-03 1 
    0.641994 1.288960e+20 7.799629e-03 1 
    0.642268 1.399802e+20 8.463117e-03 1 
    0.642542 1.436769e+20 8.679216e-03 1 
    0.642816 1.525572e+20 9.207800e-03 1 
    0.643090 1.614375e+20 9.735481e-03 1 
    0.643364 1.461727e+20 8.807431e-03 1 
    0.643638 1.254449e+20 7.552070e-03 1 
    0.643912 1.060945e+20 6.381700e-03 1 
    0.644186 1.381216e+20 8.301095e-03 1 
    0.644460 1.271809e+20 7.637065e-03 1 
    0.644734 1.276809e+20 7.660574e-03 1 
    0.645008 1.420128e+20 8.513216e-03 1 
    0.645282 1.110723e+20 6.652777e-03 1 
    0.645556 1.367789e+20 8.185544e-03 1 
    0.645830 1.396471e+20 8.350107e-03 1 
    0.646104 1.113827e+20 6.654407e-03 1 
    0.646378 1.128556e+20 6.736688e-03 1 
    0.646652 1.368465e+20 8.161857e-03 1 
    0.646926 1.509125e+20 8.993163e-03 1 
    0.647200 1.442949e+20 8.591527e-03 1 
    0.647474 1.196373e+20 7.117350e-03 1 
    0.647748 1.206026e+20 7.168709e-03 1 
    0.648022 1.180526e+20 7.011201e-03 1 
    0.648296 1.371746e+20 8.139981e-03 1 
    0.648570 1.150437e+20 6.820962e-03 1 
    0.648845 1.239843e+20 7.344823e-03 1 
    0.649119 1.370033e+20 8.109217e-03 1 
    0.649393 1.408220e+20 8.328209e-03 1 
    0.649667 1.276100e+20 7.540490e-03 1 
    0.649941 1.421226e+20 8.390961e-03 1 
    0.650215 1.458383e+20 8.603083e-03 1 
    0.650489 1.715430e+20 1.011089e-02 1 
    0.650763 1.598255e+20 9.412325e-03 1 
    0.651037 1.516501e+20 8.923346e-03 1 
    0.651311 1.516486e+20 8.915752e-03 1 
    0.651585 1.315509e+20 7.727660e-03 1 
    0.651859 1.448145e+20 8.499650e-03 1 
    0.652133 1.490159e+20 8.738896e-03 1 
    0.652407 1.532674e+20 8.980675e-03 1 
    0.652681 1.626101e+20 9.520110e-03 1 
    0.652955 1.549563e+20 9.064405e-03 1 
    0.653229 1.394618e+20 8.151183e-03 1 
    0.653503 1.532162e+20 8.947587e-03 1 
    0.653777 1.440130e+20 8.403089e-03 1 
    0.654051 1.502629e+20 8.760423e-03 1 
    0.654325 1.814203e+20 1.056806e-02 1 
    0.654599 2.045609e+20 1.190607e-02 1 
    0.654873 1.983171e+20 1.153301e-02 1 
    0.655147 2.558408e+20 1.486581e-02 1 
    0.655421 4.612389e+20 2.677822e-02 1 
    0.655695 1.347871e+21 7.818813e-02 1 
    0.655969 3.120943e+21 1.808905e-01 1 
    0.656243 4.318575e+21 2.500965e-01 1 
    0.656517 3.512750e+21 2.032599e-01 1 
    0.656792 1.693878e+21 9.793158e-02 1 
    0.657066 5.208431e+20 3.008745e-02 1 
    0.657340 2.253355e+20 1.300607e-02 1 
    0.657614 1.953552e+20 1.126625e-02 1 
    0.657888 2.190740e+20 1.262360e-02 1 
    0.658162 2.572237e+20 1.480955e-02 1 
    0.658436 2.630899e+20 1.513469e-02 1 
    0.658710 2.259078e+20 1.298492e-02 1 
    0.658984 1.435325e+20 8.243222e-03 1 
    0.659258 1.374941e+20 7.889868e-03 1 
    0.659532 1.594971e+20 9.144872e-03 1 
    0.659806 1.569213e+20 8.989715e-03 1 
    0.660080 1.285933e+20 7.360745e-03 1 
    0.660354 1.467796e+20 8.394766e-03 1 
    0.660628 1.605246e+20 9.173267e-03 1 
    0.660902 1.278655e+20 7.300891e-03 1 
    0.661176 1.300826e+20 7.421329e-03 1 
    0.661450 1.287090e+20 7.336879e-03 1 
    0.661724 1.421189e+20 8.094582e-03 1 
    0.661998 1.356653e+20 7.720615e-03 1 
    0.662272 1.330681e+20 7.566543e-03 1 
    0.662546 1.553502e+20 8.826248e-03 1 
    0.662820 1.226838e+20 6.964540e-03 1 
    0.663094 1.232571e+20 6.991306e-03 1 
    0.663368 1.360456e+20 7.710310e-03 1 
    0.663642 1.417720e+20 8.028222e-03 1 
    0.663916 1.443629e+20 8.168190e-03 1 
    0.664190 1.233355e+20 6.972682e-03 1 
    0.664464 1.690116e+20 9.547067e-03 1 
    0.664738 1.306616e+20 7.374683e-03 1 
    0.665013 1.533472e+20 8.647925e-03 1 
    0.665287 1.565641e+20 8.822070e-03 1 
    0.665561 1.345502e+20 7.575391e-03 1 
    0.665835 1.444043e+20 8.123503e-03 1 
    0.666109 1.211599e+20 6.810276e-03 1 
    0.666383 1.160756e+20 6.519131e-03 1 
    0.666657 1.577704e+20 8.853541e-03 1 
    0.666931 1.360433e+20 7.628017e-03 1 
    0.667205 1.771643e+20 9.925538e-03 1 
    0.667479 1.950806e+20 1.092032e-02 1 
    0.667753 1.716844e+20 9.602748e-03 1 
    0.668027 1.705181e+20 9.529690e-03 1 
    0.668301 1.527528e+20 8.529850e-03 1 
    0.668575 1.321223e+20 7.371777e-03 1 
    0.668849 1.301351e+20 7.254957e-03 1 
    0.669123 1.399258e+20 7.794392e-03 1 
    0.669397 1.280124e+20 7.124938e-03 1 
    0.669671 1.329331e+20 7.392758e-03 1 
    0.669945 1.340475e+20 7.448636e-03 1 
    0.670219 1.408992e+20 7.822968e-03 1 
    0.670493 1.400333e+20 7.768536e-03 1 
    0.670767 1.654050e+20 9.168571e-03 1 
    0.671041 2.485273e+20 1.376488e-02 1 
    0.671315 3.725172e+20 2.061532e-02 1 
    0.671589 5.004309e+20 2.767154e-02 1 
    0.671863 4.620867e+20 2.553045e-02 1 
    0.672137 3.048893e+20 1.683151e-02 1 
    0.672411 2.228836e+20 1.229433e-02 1 
    0.672685 3.003700e+20 1.655501e-02 1 
    0.672959 3.988735e+20 2.196618e-02 1 
    0.673234 3.864144e+20 2.126266e-02 1 
    0.673508 2.905401e+20 1.597412e-02 1 
    0.673782 1.863623e+20 1.023802e-02 1 
    0.674056 1.528054e+20 8.387705e-03 1 
    0.674330 1.406941e+20 7.716625e-03 1 
    0.674604 1.373569e+20 7.527471e-03 1 
    0.674878 1.548329e+20 8.478307e-03 1 
    0.675152 1.481831e+20 8.107594e-03 1 
    0.675426 1.403415e+20 7.672323e-03 1 
    0.675700 1.393861e+20 7.613914e-03 1 
    0.675974 1.234831e+20 6.739754e-03 1 
    0.676248 1.317138e+20 7.183164e-03 1 
    0.676522 1.362376e+20 7.423857e-03 1 
    0.676796 1.415956e+20 7.709580e-03 1 
    0.677070 1.292920e+20 7.033976e-03 1 
    0.677344 1.354445e+20 7.362738e-03 1 
    0.677618 1.506560e+20 8.183009e-03 1 
    0.677892 1.421179e+20 7.713018e-03 1 
    0.678166 1.507331e+20 8.173969e-03 1 
    0.678440 1.406591e+20 7.621517e-03 1 
    0.678714 1.329068e+20 7.195648e-03 1 
    0.678988 1.178310e+20 6.374292e-03 1 
    0.679262 1.058053e+20 5.719122e-03 1 
    0.679536 1.470135e+20 7.940153e-03 1 
    0.679810 1.278777e+20 6.901068e-03 1 
    0.680084 1.506111e+20 8.121353e-03 1 
    0.680358 1.334407e+20 7.189685e-03 1 
    0.681508 1.414998e+20 7.598193e-03 0 
    0.683079 1.434315e+20 7.666536e-03 0 
    0.684653 1.398110e+20 7.438694e-03 0 
    0.686232 1.397769e+20 7.402695e-03 0 
    0.687814 1.384635e+20 7.299445e-03 0 
    0.689399 1.390681e+20 7.297646e-03 0 
    0.690989 1.393535e+20 7.279007e-03 0 
    0.692582 1.399618e+20 7.277187e-03 0 
    0.694178 1.431863e+20 7.410651e-03 0 
    0.695779 1.448095e+20 7.460207e-03 0 
    0.697382 1.451074e+20 7.441227e-03 0 
    0.698990 1.450721e+20 7.405226e-03 0 
    0.700601 1.420581e+20 7.218069e-03 0 
    0.702216 1.391099e+20 7.035791e-03 0 
    0.703835 1.452946e+20 7.314827e-03 0 
    0.705457 1.489854e+20 7.466193e-03 0 
    0.707084 1.393269e+20 6.950071e-03 0 
    0.708714 1.451853e+20 7.209034e-03 0 
    0.710348 1.395768e+20 6.898703e-03 0 
    0.711985 1.385817e+20 6.818055e-03 0 
    0.713626 1.353921e+20 6.630533e-03 0 
    0.715271 1.391517e+20 6.783342e-03 0 
    0.716921 1.394364e+20 6.765968e-03 0 
    0.718573 1.362276e+20 6.579908e-03 0 
    0.720229 1.361906e+20 6.547903e-03 0 
    0.721890 1.422452e+20 6.807568e-03 0 
    0.723554 1.422071e+20 6.774478e-03 0 
    0.725222 1.386152e+20 6.573028e-03 0 
    0.726894 1.395383e+20 6.586395e-03 0 
    0.728570 1.411178e+20 6.630339e-03 0 
    0.730249 1.463784e+20 6.845914e-03 0 
    0.731932 1.430063e+20 6.657486e-03 0 
    0.733620 1.469755e+20 6.810816e-03 0 
    0.735311 1.462621e+20 6.746621e-03 0 
    0.737006 1.438849e+20 6.606473e-03 0 
    0.738705 1.509747e+20 6.900151e-03 0 
    0.740408 1.502406e+20 6.835049e-03 0 
    0.742114 1.464417e+20 6.631626e-03 0 
    0.743825 1.484416e+20 6.691302e-03 0 
    0.745540 1.494292e+20 6.704864e-03 0 
    0.747259 1.504263e+20 6.718589e-03 0 
    0.748981 1.490057e+20 6.624571e-03 0 
    0.750708 1.513854e+20 6.699435e-03 0 
    0.752438 1.538039e+20 6.775204e-03 0 
    0.754173 1.541181e+20 6.757842e-03 0 
    0.755912 1.519625e+20 6.632700e-03 0 
    0.757654 1.512235e+20 6.570128e-03 0 
    0.759401 1.504874e+20 6.508099e-03 0 
    0.761151 1.487246e+20 6.402324e-03 0 
    0.762906 1.497108e+20 6.415161e-03 0 
    0.764665 1.482986e+20 6.325445e-03 0 
    0.766427 1.469004e+20 6.237030e-03 0 
    0.768194 1.448446e+20 6.121488e-03 0 
    0.769965 1.464803e+20 6.162172e-03 0 
    0.771740 1.467764e+20 6.146255e-03 0 
    0.773519 1.453887e+20 6.060173e-03 0 
    0.775302 1.440158e+20 5.975371e-03 0 
    0.777089 1.473294e+20 6.084772e-03 0 
    0.778880 1.436064e+20 5.903765e-03 0 
    0.780676 1.452282e+20 5.943002e-03 0 
    0.782476 1.506355e+20 6.135949e-03 0 
    0.784279 1.458138e+20 5.912264e-03 0 
    0.786088 1.495155e+20 6.034489e-03 0 
    0.787900 1.501608e+20 6.032689e-03 0 
    0.789716 1.518576e+20 6.072828e-03 0 
    0.791537 1.476750e+20 5.878424e-03 0 
    0.793361 1.466177e+20 5.809534e-03 0 
    0.795190 1.422514e+20 5.610623e-03 0 
    0.797023 1.465327e+20 5.752933e-03 0 
    0.798861 1.478477e+20 5.777882e-03 0 
    0.800702 1.464475e+20 5.696874e-03 0 
    0.802548 1.515507e+20 5.868299e-03 0 
    0.804398 1.525553e+20 5.880061e-03 0 
    0.806252 1.518125e+20 5.824551e-03 0 
    0.808111 1.476313e+20 5.638101e-03 0 
    0.809974 1.429043e+20 5.432496e-03 0 
    0.811841 1.509805e+20 5.713146e-03 0 
    0.813712 1.516341e+20 5.711524e-03 0 
    0.815588 1.474581e+20 5.528704e-03 0 
    0.817468 1.484343e+20 5.539739e-03 0 
    0.819353 1.470312e+20 5.462152e-03 0 
    0.821241 1.511035e+20 5.587657e-03 0 
    0.823135 1.472812e+20 5.421280e-03 0 
    0.825032 1.524128e+20 5.584397e-03 0 
    0.826934 1.559129e+20 5.686393e-03 0 
    0.828841 1.512729e+20 5.491803e-03 0 
    0.830751 1.512253e+20 5.464862e-03 0 
    0.832666 1.515263e+20 5.450580e-03 0 
    0.834586 1.497458e+20 5.361779e-03 0 
    0.836510 1.524869e+20 5.434839e-03 0 
    0.838438 1.503465e+20 5.333936e-03 0 
    0.840371 1.527458e+20 5.394156e-03 0 
    0.842308 1.512953e+20 5.318388e-03 0 
    0.844250 1.495179e+20 5.231756e-03 0 
    0.846196 1.536607e+20 5.352015e-03 0 
    0.848147 1.518560e+20 5.264854e-03 0 
    0.850102 1.539193e+20 5.311872e-03 0 
    0.852061 1.528138e+20 5.249497e-03 0 
    0.854026 1.534715e+20 5.247859e-03 0 
    0.855994 1.482137e+20 5.044791e-03 0 
    0.857968 1.562260e+20 5.293069e-03 0 
    0.859946 1.508720e+20 5.088182e-03 0 
    0.861928 1.501353e+20 5.040079e-03 0 
    0.863915 1.571600e+20 5.251657e-03 0 
    0.865906 1.500401e+20 4.990710e-03 0 
    0.867903 1.429118e+20 4.731752e-03 0 
    0.869903 1.475437e+20 4.862677e-03 0 
    0.871908 1.562398e+20 5.125624e-03 0 
    0.873919 1.558312e+20 5.088720e-03 0 
    0.875933 1.404450e+20 4.565211e-03 0 
    0.877952 1.560883e+20 5.050393e-03 0 
    0.879976 1.574825e+20 5.072092e-03 0 
    0.882005 1.588864e+20 5.093790e-03 0 
    0.884038 1.595686e+20 5.092160e-03 0 
    0.886076 1.533940e+20 4.872623e-03 0 
    0.888119 1.477996e+20 4.673339e-03 0 
    0.890166 1.543536e+20 4.858152e-03 0 
    0.892218 1.557358e+20 4.879138e-03 0 
    0.894275 1.567620e+20 4.888719e-03 0 
    0.896336 1.520913e+20 4.721272e-03 0 
    0.898402 1.509906e+20 4.665572e-03 0 
    0.900474 1.591487e+20 4.895049e-03 0 
    0.902549 1.278404e+20 3.914020e-03 0 
    0.904630 1.631249e+20 4.971355e-03 0 
    0.906715 1.668705e+20 5.062141e-03 0 
    0.908806 1.528369e+20 4.615113e-03 0 
    0.910900 1.520862e+20 4.571355e-03 0 
    0.913000 1.562937e+20 4.676236e-03 0 
    0.915105 1.551635e+20 4.621087e-03 0 
    0.917214 1.579964e+20 4.683843e-03 0 
    0.919329 1.546992e+20 4.565019e-03 0 
    0.921448 1.567985e+20 4.605712e-03 0 
    0.923572 1.423014e+20 4.160679e-03 0 
    0.925701 1.517252e+20 4.415835e-03 0 
    0.927836 1.643981e+20 4.762672e-03 0 
    0.929974 1.565844e+20 4.515474e-03 0 
    0.932118 1.594430e+20 4.576782e-03 0 
    0.934267 1.597548e+20 4.564660e-03 0 
    0.936421 1.582350e+20 4.500458e-03 0 
    0.938579 1.600132e+20 4.530128e-03 0 
    0.940743 1.574020e+20 4.435726e-03 0 
    0.942912 1.613775e+20 4.526861e-03 0 
    0.945085 1.598426e+20 4.463210e-03 0 
    0.947264 1.623829e+20 4.513304e-03 0 
    0.949448 1.627009e+20 4.501362e-03 0 
    0.951636 1.596764e+20 4.397393e-03 0 
    0.953830 1.577943e+20 4.325596e-03 0 
    0.956029 1.485687e+20 4.053981e-03 0 
    0.958233 1.628495e+20 4.423242e-03 0 
    0.960441 1.620428e+20 4.381117e-03 0 
    0.962655 1.627304e+20 4.379492e-03 0 
    0.964875 1.623002e+20 4.347839e-03 0 
    0.967099 1.618693e+20 4.316374e-03 0 
    0.969328 1.640607e+20 4.354712e-03 0 
    0.971563 1.628675e+20 4.303176e-03 0 
    0.973803 1.620652e+20 4.262299e-03 0 
    0.976047 1.616321e+20 4.231385e-03 0 
    0.978298 1.608307e+20 4.191051e-03 0 
    0.980553 1.637620e+20 4.247834e-03 0 
    0.982813 1.629490e+20 4.207327e-03 0 
    0.985078 1.640178e+20 4.215473e-03 0 
    0.987350 1.635804e+20 4.184903e-03 0 
    0.989626 1.635188e+20 4.164107e-03 0 
    0.991907 1.634601e+20 4.143490e-03 0 
    0.994194 1.645301e+20 4.151447e-03 0 
    0.996485 1.648504e+20 4.140424e-03 0 
    0.998782 1.644105e+20 4.110404e-03 0 
    1.003392 1.624056e+20 4.023058e-03 0 
    1.008024 1.600555e+20 3.928486e-03 0 
    1.012677 1.667043e+20 4.054164e-03 0 
    1.017351 1.665730e+20 4.013834e-03 0 
    1.022048 1.679932e+20 4.010935e-03 0 
    1.026765 1.690202e+20 3.998461e-03 0 
    1.029131 1.689555e+20 3.978575e-03 0 
    1.050681 1.679726e+20 3.794838e-03 0 
    1.070215 1.652495e+20 3.598277e-03 0 
    1.090112 1.603786e+20 3.365895e-03 0 
    1.110378 1.589057e+20 3.214358e-03 0 
    1.131021 1.607415e+20 3.133886e-03 0 
    1.149399 1.641112e+20 3.098083e-03 0 
    1.170769 1.648735e+20 2.999887e-03 0 
    1.189792 1.629871e+20 2.871493e-03 0 
    1.209125 1.641078e+20 2.799519e-03 0 
    1.228771 1.656306e+20 2.735868e-03 0 
    1.248737 1.648721e+20 2.636949e-03 0 
    1.269027 1.652525e+20 2.559192e-03 0 
    1.289647 1.652517e+20 2.477997e-03 0 
    1.310602 1.667798e+20 2.421577e-03 0 
    1.328835 1.652553e+20 2.334047e-03 0 
    1.350426 1.660148e+20 2.270396e-03 0 
    1.369213 1.660170e+20 2.208549e-03 0 
    1.391461 1.648717e+20 2.123735e-03 0 
    1.410818 1.611203e+20 2.018853e-03 0 
    1.430444 1.611241e+20 1.963881e-03 0 
    1.450344 1.644941e+20 1.950315e-03 0 
    1.470521 1.633641e+20 1.884129e-03 0 
    1.490978 1.683278e+20 1.888468e-03 0 
    1.511719 1.722484e+20 1.879790e-03 0 
    1.529223 1.770743e+20 1.888471e-03 0 
    1.550497 1.803617e+20 1.871109e-03 0 
    1.568451 1.787124e+20 1.811796e-03 0 
    1.590271 1.750421e+20 1.726222e-03 0 
    1.608685 1.791195e+20 1.726224e-03 0 
    1.631065 1.824499e+20 1.710399e-03 0 
    1.649950 1.828702e+20 1.675320e-03 0 
    1.669056 1.858411e+20 1.663782e-03 0 
    1.688383 1.862696e+20 1.629658e-03 0 
    1.711871 1.879928e+20 1.599910e-03 0 
    1.731692 1.841372e+20 1.531428e-03 0 
    1.751745 1.828683e+20 1.486254e-03 0 
    1.772030 1.791180e+20 1.422635e-03 0 
    1.788427 1.750408e+20 1.364876e-03 0 
    1.809134 1.694899e+20 1.291513e-03 0 
    1.830083 1.683211e+20 1.253411e-03 0 
    1.851275 1.660120e+20 1.208076e-03 0 
    1.868404 1.600086e+20 1.143137e-03 0 
    1.890039 1.596406e+20 1.114546e-03 0 
    1.911925 1.607458e+20 1.096717e-03 0 
    1.929617 1.585400e+20 1.061923e-03 0 
    1.951959 1.552900e+20 1.016479e-03 0 
    1.970021 1.531598e+20 9.842366e-04 0 
    1.988251 1.510571e+20 9.530052e-04 0 
    2.011272 1.514048e+20 9.334573e-04 0 
    2.029883 1.486417e+20 8.996947e-04 0 
    2.048666 1.493269e+20 8.873444e-04 0 
    2.067621 1.479584e+20 8.631659e-04 0 
    2.091563 1.476176e+20 8.415745e-04 0 
    2.110917 1.476190e+20 8.262213e-04 0 
    2.130448 1.466017e+20 8.055517e-04 0 
    2.150161 1.459282e+20 7.872155e-04 0 
    2.170055 1.432665e+20 7.587517e-04 0 
    2.190135 1.432660e+20 7.448999e-04 0 
    2.210401 1.416253e+20 7.229280e-04 0 
    2.230852 1.400037e+20 7.016080e-04 0 
    2.251495 1.387215e+20 6.824931e-04 0 
    2.272327 1.374478e+20 6.638848e-04 0 
    2.288079 1.250680e+20 5.958003e-04 0 
    2.309249 1.265153e+20 5.916949e-04 0 
    2.330617 1.130151e+20 5.189087e-04 0 
    2.352183 1.071851e+20 4.831575e-04 0 
    2.368486 1.104455e+20 4.910241e-04 0 
    2.390403 1.030733e+20 4.498838e-04 0 
    2.412519 1.009591e+20 4.326139e-04 0 
    2.429243 1.014223e+20 4.286355e-04 0 
    2.451719 9.575027e+19 3.972785e-04 0 
    2.468715 9.575228e+19 3.918354e-04 0 
    2.491556 8.494693e+19 3.412737e-04 0 
    2.508829 8.573171e+19 3.397002e-04 0 
    2.532044 8.793000e+19 3.420512e-04 0 
    2.549594 8.833773e+19 3.389227e-04 0 
    2.567265 9.039329e+19 3.420513e-04 0 
    2.591021 8.935765e+19 3.319604e-04 0 
    2.608982 8.997898e+19 3.296821e-04 0 
    2.627066 8.874356e+19 3.206944e-04 0 
    2.651375 8.935878e+19 3.170234e-04 0 
    2.669752 8.833819e+19 3.091029e-04 0 
    2.688259 8.813146e+19 3.041482e-04 0 
    2.706892 8.792820e+19 2.992835e-04 0 
    2.731940 8.732795e+19 2.918149e-04 0 
    2.750875 8.692412e+19 2.864805e-04 0 
    2.769942 8.572993e+19 2.786683e-04 0 
    2.789144 8.592987e+19 2.754855e-04 0 
    2.808476 8.494624e+19 2.685958e-04 0 
    2.827945 8.474798e+19 2.642919e-04 0 
    2.847546 8.397491e+19 2.582881e-04 0 
    2.867286 8.320581e+19 2.524109e-04 0 
    2.887160 8.300937e+19 2.483601e-04 0 
    2.907175 8.263219e+19 2.438391e-04 0 
    2.927325 8.187412e+19 2.382875e-04 0 
    2.947618 8.112326e+19 2.328624e-04 0 
    2.968048 8.093587e+19 2.291372e-04 0 
    2.988623 8.019672e+19 2.239292e-04 0 
    3.009338 7.982827e+19 2.198423e-04 0 
    3.030196 7.891476e+19 2.143449e-04 0 
    3.051202 7.891235e+19 2.113973e-04 0 
    3.072351 7.873015e+19 2.080156e-04 0 
    3.086534 7.800817e+19 2.042182e-04 0 
    3.107928 7.782558e+19 2.009449e-04 0 
    3.129473 7.765143e+19 1.977441e-04 0 
    3.151164 7.729161e+19 1.941274e-04 0 
    3.173005 7.693594e+19 1.905830e-04 0 
    3.187653 7.658699e+19 1.879790e-04 0 
    3.209747 7.640482e+19 1.849590e-04 0 
    3.231998 7.640743e+19 1.824273e-04 0 
    3.246915 7.605719e+19 1.799264e-04 0 
    3.269420 7.676101e+19 1.791000e-04 0 
    3.292085 7.836880e+19 1.803423e-04 0 
    3.307279 7.818816e+19 1.782772e-04 0 
    3.330206 7.570800e+19 1.702535e-04 0 
    3.353288 7.466898e+19 1.656132e-04 0 
    3.368765 7.364417e+19 1.618428e-04 0 
    3.392118 7.313777e+19 1.585244e-04 0 
    3.407775 7.230050e+19 1.552730e-04 0 
    3.431398 7.213419e+19 1.527902e-04 0 
    3.447236 7.147291e+19 1.500016e-04 0 
    3.471129 7.114445e+19 1.472638e-04 0 
    3.487154 7.049262e+19 1.445766e-04 0 
    3.511324 7.016796e+19 1.419363e-04 0 
    3.527530 6.952513e+19 1.393467e-04 0 
    3.551984 6.920530e+19 1.368024e-04 0 
    3.568378 6.857150e+19 1.343069e-04 0 
    3.593115 6.825611e+19 1.318547e-04 0 
    3.609699 6.778601e+19 1.297462e-04 0 
    3.626359 6.716501e+19 1.273790e-04 0 
    3.651498 6.670246e+19 1.247660e-04 0 
    3.668351 6.624335e+19 1.227713e-04 0 
    3.693777 6.563538e+19 1.199756e-04 0 
    3.710830 6.503367e+19 1.177857e-04 0 
    3.727957 6.458634e+19 1.159032e-04 0 
    3.753800 6.384711e+19 1.130044e-04 0 
    3.771126 6.384699e+19 1.119682e-04 0 
    3.788531 6.326168e+19 1.099248e-04 0 
    3.806017 6.268218e+19 1.079193e-04 0 
    3.832401 6.268205e+19 1.064383e-04 0 
    3.850089 6.210660e+19 1.044943e-04 0 
    3.867864 6.153802e+19 1.025882e-04 0 
    3.885716 6.097319e+19 1.007148e-04 0 
    3.912648 6.083342e+19 9.910535e-05 0 
    3.930711 6.041503e+19 9.752125e-05 0 
    3.948853 5.972349e+19 9.552118e-05 0 
    3.967079 5.931183e+19 9.399313e-05 0 
    3.994580 5.890367e+19 9.206541e-05 0 
    4.013017 5.863244e+19 9.080136e-05 0 
    4.031539 5.822974e+19 8.935103e-05 0 
    4.050150 5.756257e+19 8.751739e-05 0 
    4.068844 5.743013e+19 8.651555e-05 0 
    4.087623 5.703465e+19 8.513214e-05 0 
    4.106489 5.677248e+19 8.396397e-05 0 
    4.125447 5.651179e+19 8.281205e-05 0 
    4.154041 5.638201e+19 8.148833e-05 0 
    4.173219 5.586578e+19 8.000183e-05 0 
    4.192480 5.560905e+19 7.890417e-05 0 
    4.211830 5.535310e+19 7.782098e-05 0 
    4.231270 5.522521e+19 7.692940e-05 0 
    4.250804 5.484538e+19 7.569974e-05 0 
    4.270423 5.459383e+19 7.466176e-05 0 
    4.290133 5.310514e+19 7.196006e-05 0 
    4.309939 5.165843e+19 6.935781e-05 0 
    4.329831 5.213638e+19 6.935782e-05 0 
    4.349815 5.083252e+19 6.700336e-05 0 
    4.369896 5.025064e+19 6.562900e-05 0 
    4.390065 5.001964e+19 6.472844e-05 0 
    4.410328 4.876885e+19 6.253125e-05 0 
    4.430683 4.888129e+19 6.210089e-05 0 
    4.451138 4.854499e+19 6.110809e-05 0 
    4.471682 4.776900e+19 5.958004e-05 0 
    4.492320 4.832216e+19 5.971747e-05 0 
    4.513060 4.787883e+19 5.862701e-05 0 
    4.533889 4.733063e+19 5.742446e-05 0 
    4.554816 4.765874e+19 5.729244e-05 0 
    4.565315 4.743893e+19 5.676621e-05 0 
    4.586391 4.678896e+19 5.547505e-05 0 
    4.607559 4.733116e+19 5.560345e-05 0 
    4.628825 4.711347e+19 5.484032e-05 0 
    4.650194 4.700539e+19 5.421281e-05 0 
    4.671657 4.722192e+19 5.396326e-05 0 
    4.693219 4.732983e+19 5.359074e-05 0 
    4.714885 4.722142e+19 5.297771e-05 0 
    4.725753 4.743936e+19 5.297772e-05 0 
    4.747565 4.733080e+19 5.237192e-05 0 
    4.769477 4.743882e+19 5.201023e-05 0 
    4.791496 4.754823e+19 5.165217e-05 0 
    4.813611 4.733125e+19 5.094510e-05 0 
    4.824706 4.776912e+19 5.118021e-05 0 
    4.846975 4.765918e+19 5.059428e-05 0 
    4.869351 4.765839e+19 5.012953e-05 0 
    4.891825 4.787899e+19 4.989989e-05 0 
    4.914403 4.787892e+19 4.944236e-05 0 
    4.925731 4.787823e+19 4.921451e-05 0 
    4.948471 4.798929e+19 4.887634e-05 0 
    4.971311 4.832221e+19 4.876423e-05 0 
    4.994256 4.816884e+19 4.816384e-05 0 
    5.005773 4.802064e+19 4.779496e-05 0 
    5.028877 4.761226e+19 4.695407e-05 0 
    5.052088 4.709042e+19 4.601370e-05 0 
    5.075405 4.688919e+19 4.539706e-05 0 
    5.087110 4.673042e+19 4.503538e-05 0 
    5.098836 4.657287e+19 4.467734e-05 0 
    5.110589 4.630490e+19 4.421620e-05 0 
    5.122369 4.614382e+19 4.385996e-05 0 
    5.134177 4.587324e+19 4.340244e-05 0 
    5.146012 4.581424e+19 4.314746e-05 0 
    5.157879 4.564770e+19 4.279303e-05 0 
    5.169769 4.568978e+19 4.263568e-05 0 
    5.181685 4.551908e+19 4.228126e-05 0 
    5.193629 4.534583e+19 4.192682e-05 0 
    5.205601 4.506784e+19 4.147834e-05 0 
    5.217600 4.499556e+19 4.122157e-05 0 
    5.229627 4.481852e+19 4.087074e-05 0 
    5.241688 4.463899e+19 4.051991e-05 0 
    5.253770 4.456082e+19 4.026313e-05 0 
    5.265880 4.458353e+19 4.009857e-05 0 
    5.278018 4.449843e+19 3.983817e-05 0 
    5.290185 4.410722e+19 3.930650e-05 0 
    5.302379 4.391938e+19 3.895930e-05 0 
    5.314607 4.372898e+19 3.861211e-05 0 
    5.326858 4.363660e+19 3.835351e-05 0 
    5.339136 4.354242e+19 3.809492e-05 0 
    5.351444 4.344437e+19 3.783449e-05 0 
    5.363779 4.324644e+19 3.748911e-05 0 
    5.376143 4.314427e+19 3.722871e-05 0 
    5.388535 4.304022e+19 3.696830e-05 0 
    5.400962 4.293227e+19 3.670608e-05 0 
    5.413412 4.272459e+19 3.636069e-05 0 
    5.425890 4.261224e+19 3.609848e-05 0 
    5.438397 4.240147e+19 3.575490e-05 0 
    5.450933 4.238173e+19 3.557406e-05 0 
    5.463498 4.216394e+19 3.522866e-05 0 
    5.476092 4.204109e+19 3.496463e-05 0 
    5.488721 4.191630e+19 3.470061e-05 0 
    5.501372 4.178938e+19 3.443660e-05 0 
    5.514053 4.156338e+19 3.409302e-05 0 
    5.526764 4.162011e+19 3.398270e-05 0 
    5.539503 4.157857e+19 3.379282e-05 0 
    5.552272 4.124967e+19 3.337148e-05 0 
    5.565077 4.120211e+19 3.317978e-05 0 
    5.577904 4.115089e+19 3.298630e-05 0 
    5.590762 4.090795e+19 3.264090e-05 0 
    5.603649 4.075522e+19 3.236964e-05 0 
    5.616566 4.069402e+19 3.217253e-05 0 
    5.629513 4.053485e+19 3.189946e-05 0 
    5.642489 4.037566e+19 3.162821e-05 0 
    5.655501 4.030235e+19 3.142567e-05 0 
    5.668538 4.022743e+19 3.122314e-05 0 
    5.681604 4.005498e+19 3.094646e-05 0 
    5.694701 3.978838e+19 3.059925e-05 0 
    5.707827 3.979485e+19 3.046363e-05 0 
    5.720984 3.970323e+19 3.025386e-05 0 
    5.734178 3.960762e+19 3.004227e-05 0 
    5.747396 3.941919e+19 2.976199e-05 0 
    5.760644 3.931720e+19 2.954860e-05 0 
    5.773922 3.920858e+19 2.933160e-05 0 
    5.787232 3.909813e+19 2.911459e-05 0 
    5.800572 3.898339e+19 2.889578e-05 0 
    5.813943 3.886430e+19 2.867515e-05 0 
    5.827350 3.873845e+19 2.845093e-05 0 
    5.840783 3.869955e+19 2.829178e-05 0 
    5.854246 3.856507e+19 2.806394e-05 0 
    5.867741 3.842850e+19 2.783608e-05 0 
    5.881266 3.837262e+19 2.766790e-05 0 
    5.894823 3.831289e+19 2.749792e-05 0 
    5.922163 3.258112e+19 2.316870e-05 3 
    5.952306 5.491172e+19 3.865370e-05 3 
    5.982440 4.090571e+19 2.850518e-05 3 
    6.012574 1.715297e+19 1.183355e-05 3 
    6.042708 4.376738e+19 2.989399e-05 3 
    6.072841 4.859581e+19 3.286332e-05 3 
    6.102985 3.441475e+19 2.304393e-05 3 
    6.133118 4.505688e+19 2.987411e-05 3 
    6.163252 6.078974e+19 3.991231e-05 3 
    6.193386 6.398056e+19 4.159951e-05 3 
    6.223520 5.430060e+19 3.496463e-05 3 
    6.253664 6.544468e+19 4.173512e-05 3 
    6.283797 5.025842e+19 3.174395e-05 3 
    6.313931 5.445312e+19 3.406588e-05 3 
    6.344064 6.102951e+19 3.781823e-05 3 
    6.374198 6.349908e+19 3.897739e-05 3 
    6.404342 6.474345e+19 3.936799e-05 3 
    6.434476 4.809548e+19 2.897173e-05 3 
    6.464609 3.137784e+19 1.872557e-05 3 
    6.494743 6.269063e+19 3.706595e-05 3 
    6.524877 7.038301e+19 4.123060e-05 3 
    6.555020 3.734313e+19 2.167500e-05 3 
    6.585154 5.816905e+19 3.345466e-05 3 
    6.615287 6.710506e+19 3.824321e-05 3 
    6.645422 5.985026e+19 3.380005e-05 3 
    6.675555 3.539774e+19 1.981059e-05 3 
    6.705699 4.099354e+19 2.273650e-05 3 
    6.735833 2.482294e+19 1.364480e-05 3 
    6.765967 6.880933e+19 3.748729e-05 3 
    6.796100 5.672443e+19 3.063000e-05 3 
    6.826234 6.749646e+19 3.612560e-05 3 
    6.856378 8.277138e+19 4.391239e-05 3 
    6.886511 5.867010e+19 3.085424e-05 3 
    6.916645 4.551413e+19 2.372749e-05 3 
    6.946779 8.664100e+19 4.477679e-05 3 
    6.976913 6.443834e+19 3.301522e-05 3 
    7.007056 8.174653e+19 4.152356e-05 3 
    7.037190 1.258168e+20 6.336312e-05 3 
    7.067324 7.326823e+19 3.658492e-05 3 
    7.097457 5.908699e+19 2.925383e-05 3 
    7.127591 7.737427e+19 3.798460e-05 3 
    7.157734 7.409610e+19 3.606954e-05 3 
    7.187869 6.939799e+19 3.349986e-05 3 
    7.218002 8.261734e+19 3.954883e-05 3 
    7.248136 7.125609e+19 3.382718e-05 3 
    7.278269 8.535093e+19 4.018357e-05 3 
    7.308413 8.467288e+19 3.953617e-05 3 
    7.338547 8.045630e+19 3.725944e-05 3 
    7.368681 9.234287e+19 4.241508e-05 3 
    7.398815 1.206822e+20 5.498136e-05 3 
    7.428948 8.513187e+19 3.847105e-05 3 
    7.459092 1.273041e+20 5.706460e-05 3 
    7.489225 1.045556e+20 4.649112e-05 3 
    7.519359 1.398688e+20 6.169581e-05 3 
    7.549492 8.928494e+19 3.906962e-05 3 
    7.609760 9.664913e+19 4.162483e-05 3 
    7.670038 1.149374e+20 4.872624e-05 3 
    7.730305 1.392777e+20 5.812793e-05 3 
    7.790573 1.220153e+20 5.013859e-05 3 
    7.850850 1.097571e+20 4.441151e-05 3 
    7.911118 1.122700e+20 4.473882e-05 3 
    7.971395 1.124669e+20 4.414206e-05 3 
    8.031662 1.166202e+20 4.508784e-05 3 
    8.091930 1.198535e+20 4.565024e-05 3 
    8.152207 8.034864e+19 3.015259e-05 3 
    8.212474 1.141301e+20 4.220350e-05 3 
    8.272742 1.209871e+20 4.408962e-05 3 
    8.333019 1.351928e+20 4.855627e-05 3 
    8.393287 1.113293e+20 3.941320e-05 3 
    8.453554 1.224732e+20 4.274240e-05 3 
    8.513832 1.297761e+20 4.465201e-05 3 
    8.574099 1.301007e+20 4.413663e-05 3 
    8.634377 1.298823e+20 4.344945e-05 3 
    8.694644 1.295311e+20 4.273335e-05 3 
    8.754912 1.424261e+20 4.634284e-05 3 
    8.815189 1.305615e+20 4.190331e-05 3 
    8.875456 1.038340e+20 3.287417e-05 3 
    8.935724 1.419029e+20 4.432290e-05 3 
    8.996001 1.677944e+20 5.171004e-05 3 
    9.056269 1.433845e+20 4.360136e-05 3 
    9.116536 1.294261e+20 3.883814e-05 3 
    9.176813 1.126841e+20 3.337147e-05 3 
    9.237081 1.308236e+20 3.823958e-05 3 
    9.297358 1.088823e+20 3.141483e-05 3 
    9.357625 1.321334e+20 3.763378e-05 3 
    9.417893 1.393461e+20 3.918173e-05 3 
    9.478170 1.290523e+20 3.582722e-05 3 
    9.538438 1.153542e+20 3.162097e-05 3 
    9.598706 1.327229e+20 3.592668e-05 3 
    9.658983 1.510567e+20 4.038068e-05 3 
    9.719250 1.443721e+20 3.811661e-05 3 
    9.779517 1.308010e+20 3.410928e-05 3 
    9.839795 1.430823e+20 3.685618e-05 3 
    9.900063 1.493531e+20 3.800448e-05 3 
    9.960340 1.293812e+20 3.252516e-05 3 
   10.020607 1.553859e+20 3.859401e-05 3 
   10.080875 1.509899e+20 3.705510e-05 3 
   10.141152 1.561492e+20 3.786705e-05 3 
   10.201420 1.765358e+20 4.230657e-05 3 
   10.261687 1.786354e+20 4.230838e-05 3 
   10.321964 1.723815e+20 4.035175e-05 3 
   10.382232 1.773000e+20 4.102264e-05 3 
   10.442499 2.623455e+20 6.000138e-05 3 
   10.502776 5.959039e+20 1.347301e-04 3 
   10.563044 6.476881e+20 1.447719e-04 3 
   10.623322 2.290403e+20 5.061599e-05 3 
   10.683589 2.335665e+20 5.103553e-05 3 
   10.743856 2.317313e+20 5.006806e-05 3 
   10.804134 2.078893e+20 4.441693e-05 3 
   10.864402 2.371317e+20 5.010422e-05 3 
   10.924669 2.404015e+20 5.023623e-05 3 
   10.984946 2.439454e+20 5.041887e-05 3 
   11.045214 2.413220e+20 4.933386e-05 3 
   11.105482 2.673297e+20 5.405910e-05 3 
   11.165758 2.797586e+20 5.596331e-05 3 
   11.226026 2.903528e+20 5.746063e-05 3 
   11.286303 2.989194e+20 5.852576e-05 3 
   11.346570 3.240110e+20 6.276636e-05 3 
   11.406838 3.210750e+20 6.154210e-05 3 
   11.467116 3.107476e+20 5.893806e-05 3 
   11.527383 2.993774e+20 5.618936e-05 3 
   11.587651 3.011725e+20 5.593980e-05 3 
   11.647927 3.155287e+20 5.800133e-05 3 
   11.708195 3.293879e+20 5.992723e-05 3 
   11.768462 3.249247e+20 5.851130e-05 3 
   11.828739 3.292965e+20 5.869575e-05 3 
   11.889007 3.220837e+20 5.682952e-05 3 
   11.949285 3.439314e+20 6.007370e-05 3 
   12.009552 3.388445e+20 5.859267e-05 3 
   12.069820 3.202510e+20 5.482585e-05 3 
   12.130098 3.484121e+20 5.905560e-05 3 
   12.190365 3.803614e+20 6.383510e-05 3 
   12.250633 3.640872e+20 6.050410e-05 3 
   12.310909 3.938223e+20 6.480619e-05 3 
   12.371177 4.337866e+20 7.068878e-05 3 
   12.431445 4.342023e+20 7.007213e-05 3 
   12.491721 4.078968e+20 6.519318e-05 3 
   12.551989 4.032857e+20 6.383872e-05 3 
   12.612267 4.568677e+20 7.163093e-05 3 
   12.672534 4.681844e+20 7.270871e-05 3 
   12.732802 4.828048e+20 7.427114e-05 3 
   12.793079 5.322320e+20 8.110493e-05 3 
   12.853346 5.235065e+20 7.902894e-05 3 
   12.913614 4.541970e+20 6.792741e-05 3 
   12.973892 4.544317e+20 6.733247e-05 3 
   13.034158 4.656479e+20 6.835781e-05 3 
   13.094425 4.686337e+20 6.816431e-05 3 
   13.154703 4.827576e+20 6.957664e-05 3 
   13.214970 4.899389e+20 6.996906e-05 3 
   13.275238 4.776144e+20 6.759106e-05 3 
   13.335516 5.291043e+20 7.420242e-05 3 
   13.395783 5.121033e+20 7.117342e-05 3 
   13.456061 5.145693e+20 7.087685e-05 3 
   13.516328 5.376283e+20 7.339409e-05 3 
   13.576595 5.803900e+20 7.852982e-05 3 
   13.636873 5.695227e+20 7.637969e-05 3 
   13.697141 5.263708e+20 6.997267e-05 3 
   13.757406 5.553446e+20 7.317891e-05 3 
   13.817684 5.966175e+20 7.793309e-05 3 
   13.877952 5.690854e+20 7.369248e-05 3 
   13.938220 6.305820e+20 8.095121e-05 3 
   13.998498 6.450703e+20 8.209952e-05 3 
   14.058766 6.202402e+20 7.826399e-05 3 
   14.119044 5.915303e+20 7.400531e-05 3 
   14.179309 6.181955e+20 7.668531e-05 3 
   14.239577 5.692842e+20 7.002150e-05 3 
   14.299855 5.488342e+20 6.693825e-05 3 
   14.360122 5.483714e+20 6.632160e-05 3 
   14.420389 5.367449e+20 6.437399e-05 3 
   14.526177 6.860818e+20 8.109045e-05 3 
   14.610559 6.822816e+20 7.971249e-05 3 
   14.694941 6.122419e+20 7.071049e-05 3 
   14.779323 6.547069e+20 7.475397e-05 3 
   14.863695 6.872095e+20 7.757683e-05 3 
   14.948078 6.843251e+20 7.638151e-05 3 
   15.032459 7.394586e+20 8.161129e-05 3 
   15.116833 7.103851e+20 7.752981e-05 3 
   15.201216 7.374722e+20 7.959495e-05 3 
   15.285597 7.488844e+20 7.993674e-05 3 
   15.369970 7.276783e+20 7.682274e-05 3 
   15.454352 9.630715e+20 1.005665e-04 3 
   15.538736 1.872408e+21 1.934041e-04 3 
   15.623108 1.688244e+21 1.725031e-04 3 
   15.707491 8.416010e+20 8.507248e-05 3 
   15.791872 8.354965e+20 8.355527e-05 3 
   15.876244 8.467508e+20 8.378312e-05 3 
   15.960627 8.623883e+20 8.443051e-05 3 
   16.045009 8.439043e+20 8.175413e-05 3 
   16.129391 8.142281e+20 7.805606e-05 3 
   16.213764 8.792860e+20 8.341783e-05 3 
   16.298148 8.881348e+20 8.338708e-05 3 
   16.382528 9.333175e+20 8.672894e-05 3 
   16.466902 9.338134e+20 8.588806e-05 3 
   16.551283 9.298216e+20 8.465113e-05 3 
   16.635666 9.244977e+20 8.331475e-05 3 
   16.720039 9.563184e+20 8.531480e-05 3 
   16.804420 9.626577e+20 8.502003e-05 3 
   16.888805 9.487315e+20 8.295488e-05 3 
   16.973175 1.070909e+21 9.270918e-05 3 
   17.057558 1.057174e+21 9.061692e-05 3 
   17.141941 1.050955e+21 8.919915e-05 3 
   17.226313 1.042886e+21 8.764937e-05 3 
   17.310695 1.075313e+21 8.949573e-05 3 
   17.395077 1.073579e+21 8.848667e-05 3 
   17.479459 1.134641e+21 9.261876e-05 3 
   17.563831 1.106723e+21 8.947403e-05 3 
   17.648216 1.118829e+21 8.958976e-05 3 
   17.732595 1.150825e+21 9.127698e-05 3 
   17.816970 1.226482e+21 9.635844e-05 3 
   17.901353 1.256948e+21 9.782322e-05 3 
   17.985734 1.226934e+21 9.459350e-05 3 
   18.070106 1.266505e+21 9.673460e-05 3 
   18.154488 1.321544e+21 1.000023e-04 3 
   18.238872 1.317022e+21 9.874006e-05 3 
   18.323244 1.319911e+21 9.804746e-05 3 
   18.407627 1.421723e+21 1.046444e-04 3 
   18.492008 1.435308e+21 1.046823e-04 3 
   18.576380 1.484091e+21 1.072592e-04 3 
   18.660763 2.146710e+21 1.537486e-04 3 
   18.745147 2.486148e+21 1.764598e-04 3 
   18.829530 1.879379e+21 1.322001e-04 3 
   18.913900 1.501158e+21 1.046552e-04 3 
   18.998284 1.560434e+21 1.078234e-04 3 
   19.082664 1.600123e+21 1.095902e-04 3 
   19.167037 1.563479e+21 1.061399e-04 3 
   19.251420 1.553708e+21 1.045539e-04 3 
   19.335803 1.489014e+21 9.932777e-05 3 
   19.420175 1.446333e+21 9.564415e-05 3 
   19.504559 1.491341e+21 9.776897e-05 3 
   19.588939 1.531372e+21 9.953032e-05 3 
   19.673313 1.464022e+21 9.433851e-05 3 
   19.757694 1.552465e+21 9.918493e-05 3 
   19.842077 1.640404e+21 1.039138e-04 3 
   19.926452 1.612581e+21 1.012880e-04 3 
   20.010831 1.670139e+21 1.040205e-04 3 
   20.095216 1.717487e+21 1.060729e-04 3 
   20.179597 1.680743e+21 1.029373e-04 3 
   20.263969 1.713018e+21 1.040422e-04 3 
   20.348352 1.890397e+21 1.138652e-04 3 
   20.517106 1.735816e+21 1.028414e-04 3 
   20.685870 1.966722e+21 1.146283e-04 3 
   20.854627 1.938080e+21 1.111382e-04 3 
   21.023380 1.971463e+21 1.112449e-04 3 
   21.192144 2.003632e+21 1.112666e-04 3 
   21.360898 2.039739e+21 1.114890e-04 3 
   21.529666 2.100262e+21 1.130044e-04 3 
   21.698420 2.123996e+21 1.125107e-04 3 
   21.867173 2.229522e+21 1.162848e-04 3 
   22.035941 2.272307e+21 1.167079e-04 3 
   22.204695 2.343173e+21 1.185253e-04 3 
   22.373448 2.431661e+21 1.211529e-04 3 
   22.542213 2.376776e+21 1.166519e-04 3 
   22.710969 2.366794e+21 1.144420e-04 3 
   22.879733 2.436678e+21 1.160895e-04 3 
   23.048488 2.594283e+21 1.217948e-04 3 
   23.217242 2.550294e+21 1.179955e-04 3 
   23.386008 2.531115e+21 1.154240e-04 3 
   23.554763 2.613477e+21 1.174783e-04 3 
   23.723519 2.687215e+21 1.190805e-04 3 
   23.892280 2.700873e+21 1.180009e-04 3 
   24.061038 2.748354e+21 1.183969e-04 3 
   24.229802 2.802410e+21 1.190497e-04 3 
   24.398556 2.875682e+21 1.204784e-04 3 
   24.567309 2.879363e+21 1.189810e-04 3 
   24.736077 2.989734e+21 1.218618e-04 3 
   24.904831 2.995947e+21 1.204657e-04 3 
   25.073586 3.065040e+21 1.215905e-04 3 
   25.242352 3.003781e+21 1.175723e-04 3 
   25.411106 3.158086e+21 1.219757e-04 3 
   25.579869 3.275894e+21 1.248618e-04 3 
   25.748623 3.280128e+21 1.233898e-04 3 
   25.917378 3.476441e+21 1.290771e-04 3 
   26.086144 3.441980e+21 1.261494e-04 3 
   26.254900 3.412885e+21 1.234802e-04 3 
   26.423653 3.561492e+21 1.272163e-04 3 
   26.592419 3.571855e+21 1.259722e-04 3 
   26.761172 3.623252e+21 1.261783e-04 3 
   26.929938 3.780048e+21 1.299939e-04 3 
   27.098691 3.781408e+21 1.284261e-04 3 
   27.267450 3.794742e+21 1.272886e-04 3 
   27.436212 3.894366e+21 1.290283e-04 3 
   27.604966 3.855616e+21 1.261873e-04 3 
   27.773719 4.003409e+21 1.294370e-04 3 
   27.942488 4.078989e+21 1.302923e-04 3 
   28.111241 4.167141e+21 1.315148e-04 3 
   28.280006 4.179690e+21 1.303411e-04 3 
   28.448763 4.235238e+21 1.305111e-04 3 
   28.617516 4.257189e+21 1.296449e-04 3 
   28.786281 4.276124e+21 1.286991e-04 3 
   28.955034 4.360450e+21 1.297118e-04 3 
   29.123791 4.335226e+21 1.274713e-04 3 
   29.292553 4.481862e+21 1.302688e-04 3 
   29.461309 4.522574e+21 1.299505e-04 3 
   29.630072 4.676071e+21 1.328349e-04 3 
   29.798831 4.775652e+21 1.341315e-04 3 
   29.967588 4.662676e+21 1.294876e-04 3 
   30.136350 4.698285e+21 1.290192e-04 3 
   30.305106 4.760372e+21 1.292724e-04 3 
   30.473859 4.857844e+21 1.304623e-04 3 
   30.642622 4.950606e+21 1.314931e-04 3 
   30.811378 4.964533e+21 1.304225e-04 3 
   30.980141 5.028392e+21 1.306649e-04 3 
   31.148897 5.143262e+21 1.322056e-04 3 
   31.317653 5.176385e+21 1.316269e-04 3 
   31.486416 5.270135e+21 1.325781e-04 3 
   31.655175 5.226295e+21 1.300771e-04 3 
   31.823928 5.261973e+21 1.295798e-04 3 
   31.992694 5.283642e+21 1.287444e-04 3 
   32.161444 5.300678e+21 1.278076e-04 3 
   32.330213 5.482264e+21 1.308095e-04 3 
   32.498966 5.721299e+21 1.350990e-04 3 
   32.667722 5.855928e+21 1.368530e-04 3 
   32.836488 5.978821e+21 1.382925e-04 3 
   33.005241 5.913421e+21 1.353847e-04 3 
   33.173994 6.092465e+21 1.380683e-04 3 
   33.342762 7.088806e+21 1.590254e-04 3 
   33.511516 7.620000e+21 1.692245e-04 3 
   33.680278 6.676785e+21 1.467954e-04 3 
   33.849034 6.593158e+21 1.435150e-04 3 
   34.017791 6.567605e+21 1.415439e-04 3 
   34.186553 6.961645e+21 1.485586e-04 3 
   34.355306 6.749667e+21 1.426235e-04 3 
   34.524062 6.777508e+21 1.418152e-04 3 
   34.692828 8.051495e+21 1.668375e-04 3 
   34.861581 8.355517e+21 1.714651e-04 3 
